area_id	subtotal_type	RSReg	RSCst	RSRej	RSOvr	RSUnd	RSTot	032:Yes	033:No
ALLPCTS	TO	481991	253583	-56	70	18374	235195	153812	81383
ALLPCTS	ED	481991	89756	-87	16	7037	82790	55974	26816
ALLPCTS	MV	481991	163827	31	54	11337	152405	97838	54567
PCT1101	ED	544	83	-1	0	5	79	49	30
PCT1101	MV	544	198	1	0	12	185	83	102
PCT1102	ED	964	188	1	0	16	171	102	69
PCT1102	MV	964	337	-2	0	22	317	155	162
PCT1103	ED	914	163	0	0	9	154	110	44
PCT1103	MV	914	348	0	0	19	329	173	156
PCT1104	ED	953	167	0	0	16	151	88	63
PCT1104	MV	953	292	1	0	14	277	157	120
PCT1106	ED	740	113	0	0	10	103	53	50
PCT1106	MV	740	231	-1	1	10	221	117	104
PCT1107	ED	721	101	0	0	7	94	49	45
PCT1107	MV	721	240	1	0	19	220	94	126
PCT1108	ED	882	156	0	0	20	136	85	51
PCT1108	MV	882	328	1	0	24	303	166	137
PCT1109	ED	758	124	-3	0	8	119	71	48
PCT1109	MV	758	265	3	0	22	240	101	139
PCT1111	ED	938	132	-2	0	14	120	79	41
PCT1111	MV	938	330	5	0	21	304	148	156
PCT1112	ED	702	96	2	0	11	83	48	35
PCT1112	MV	702	221	0	0	15	206	101	105
PCT1113	ED	701	82	-1	0	10	73	46	27
PCT1113	MV	701	272	0	0	35	237	112	125
PCT1114	ED	915	139	0	0	11	128	69	59
PCT1114	MV	915	280	1	1	18	260	148	112
PCT1115	ED	835	97	0	0	8	89	57	32
PCT1115	MV	835	279	-1	0	23	257	128	129
PCT1116	ED	842	141	-1	0	21	121	67	54
PCT1116	MV	842	275	0	0	27	248	113	135
PCT1117	ED	827	138	-1	0	13	126	65	61
PCT1117	MV	827	240	0	1	10	229	113	116
PCT1118	ED	974	158	2	0	15	141	84	57
PCT1118	MV	974	335	2	0	29	304	149	155
PCT1119	ED	745	97	-1	0	8	90	62	28
PCT1119	MV	745	274	-1	0	19	256	143	113
PCT1121	ED	653	104	0	0	5	99	46	53
PCT1121	MV	653	221	1	0	18	202	91	111
PCT1122	ED	607	69	0	0	10	59	33	26
PCT1122	MV	607	213	-1	0	14	200	88	112
PCT1123	ED	876	118	-1	0	8	111	54	57
PCT1123	MV	876	254	-2	1	8	247	101	146
PCT1124	ED	773	109	0	0	11	98	58	40
PCT1124	MV	773	200	-1	1	18	182	90	92
PCT1125	ED	987	80	-2	0	3	79	46	33
PCT1125	MV	987	329	-4	0	26	307	113	194
PCT1126	ED	900	92	-1	0	9	84	43	41
PCT1126	MV	900	292	-1	0	19	274	133	141
PCT1127	ED	875	141	-1	0	11	131	75	56
PCT1127	MV	875	277	-1	0	20	258	118	140
PCT1128	ED	813	104	0	0	6	98	50	48
PCT1128	MV	813	246	-1	0	22	225	98	127
PCT1129	ED	924	120	0	0	8	112	49	63
PCT1129	MV	924	274	2	0	20	252	122	130
PCT1131	ED	783	85	0	0	4	81	49	32
PCT1131	MV	783	288	0	0	17	271	133	138
PCT1132	ED	910	112	0	0	14	98	45	53
PCT1132	MV	910	324	-3	0	28	299	140	159
PCT1133	ED	826	99	0	0	11	88	43	45
PCT1133	MV	826	292	-2	0	21	273	142	131
PCT1134	ED	727	126	0	0	12	114	62	52
PCT1134	MV	727	241	-1	0	19	223	106	117
PCT1135	ED	511	71	-1	0	2	70	45	25
PCT1135	MV	511	217	2	0	23	192	82	110
PCT1136	ED	807	97	0	0	7	90	43	47
PCT1136	MV	807	287	1	0	23	263	136	127
PCT1141	ED	998	149	1	0	12	136	69	67
PCT1141	MV	998	368	0	0	22	346	201	145
PCT1142	ED	822	120	0	0	14	106	64	42
PCT1142	MV	822	266	0	0	18	248	137	111
PCT1143	ED	989	147	1	0	7	139	91	48
PCT1143	MV	989	311	2	0	20	289	140	149
PCT1144	ED	870	148	-2	0	7	143	75	68
PCT1144	MV	870	264	-1	0	18	247	122	125
PCT1145	ED	879	136	1	0	13	122	75	47
PCT1145	MV	879	370	-2	1	15	356	188	168
PCT1146	ED	971	124	0	0	5	119	67	52
PCT1146	MV	971	326	-1	0	27	300	154	146
PCT1147	ED	853	166	2	0	10	154	100	54
PCT1147	MV	853	279	1	0	23	255	147	108
PCT1148	ED	918	121	0	0	10	111	62	49
PCT1148	MV	918	314	0	0	19	295	124	171
PCT1149	ED	873	148	-2	0	11	139	76	63
PCT1149	MV	873	285	1	0	27	257	117	140
PCT1152	ED	838	125	-2	0	9	118	73	45
PCT1152	MV	838	286	0	0	18	268	128	140
PCT1153	ED	909	139	0	0	13	126	62	64
PCT1153	MV	909	306	2	0	14	290	161	129
PCT7001	ED	735	119	-1	0	6	114	78	36
PCT7001	MV	735	266	2	0	19	245	178	67
PCT7002	ED	641	132	0	0	12	120	99	21
PCT7002	MV	641	173	1	0	9	163	115	48
PCT7003	ED	864	188	0	0	14	174	127	47
PCT7003	MV	864	340	0	0	15	325	227	98
PCT7004	ED	835	175	0	0	11	164	115	49
PCT7004	MV	835	306	-1	0	11	296	215	81
PCT7005	ED	812	180	1	0	11	168	129	39
PCT7005	MV	812	295	1	0	15	279	213	66
PCT7006	ED	884	213	1	0	10	202	147	55
PCT7006	MV	884	290	-2	0	18	274	194	80
PCT7007	ED	916	233	-2	0	14	221	169	52
PCT7007	MV	916	323	-1	0	22	302	227	75
PCT7008	ED	861	187	0	0	14	173	130	43
PCT7008	MV	861	345	1	0	17	327	238	89
PCT7009	ED	864	133	-1	0	9	125	84	41
PCT7009	MV	864	312	-1	0	18	295	205	90
PCT7011	ED	976	141	0	0	16	125	80	45
PCT7011	MV	976	205	0	0	8	197	116	81
PCT7012	ED	1061	224	0	1	15	208	141	67
PCT7012	MV	1061	383	1	0	20	362	277	85
PCT7013	ED	805	132	0	0	6	126	100	26
PCT7013	MV	805	251	-2	0	8	245	194	51
PCT7014	ED	1213	188	-3	0	8	183	136	47
PCT7014	MV	1213	434	-1	0	15	420	323	97
PCT7015	MV	93	34	1	0	2	31	19	12
PCT7016	ED	891	112	0	0	14	98	50	48
PCT7016	MV	891	221	-1	0	19	203	78	125
PCT7017	ED	734	79	0	0	21	58	28	30
PCT7017	MV	734	167	-1	0	15	153	85	68
PCT7018	ED	908	88	-2	0	9	81	43	38
PCT7018	MV	908	343	2	0	24	317	133	184
PCT7019	ED	864	111	2	0	10	99	58	41
PCT7019	MV	864	349	-1	0	34	316	159	157
PCT7021	ED	927	129	1	0	16	112	60	52
PCT7021	MV	927	220	-3	0	23	200	103	97
PCT7022	ED	923	164	0	0	18	146	81	65
PCT7022	MV	923	270	3	0	17	250	136	114
PCT7023	ED	906	131	1	0	20	110	63	47
PCT7023	MV	906	301	-4	2	22	281	143	138
PCT7024	ED	386	30	0	0	7	23	10	13
PCT7024	MV	386	47	0	0	4	43	20	23
PCT7025	ED	448	66	2	0	4	60	23	37
PCT7025	MV	448	78	1	0	4	73	52	21
PCT7026	ED	971	90	0	0	9	81	36	45
PCT7026	MV	971	350	4	0	28	318	129	189
PCT7027	ED	845	136	-1	0	21	116	61	55
PCT7027	MV	845	271	2	0	27	242	115	127
PCT7028	ED	835	157	0	0	10	147	76	71
PCT7028	MV	835	180	-2	0	7	175	96	79
PCT7029	ED	855	115	0	0	11	104	45	59
PCT7029	MV	855	166	1	0	13	152	76	76
PCT7030	ED	729	94	-2	0	7	89	30	59
PCT7030	MV	729	277	3	0	7	267	103	164
PCT7031	ED	611	50	0	1	5	44	20	24
PCT7031	MV	611	224	3	0	25	196	110	86
PCT7032	ED	867	126	-1	0	16	111	52	59
PCT7032	MV	867	238	1	0	26	211	85	126
PCT7033	ED	765	135	0	0	16	119	54	65
PCT7033	MV	765	181	-1	0	21	161	76	85
PCT7034	ED	914	97	0	0	14	83	41	42
PCT7034	MV	914	154	1	0	15	138	49	89
PCT7035	ED	553	73	0	0	7	66	35	31
PCT7035	MV	553	170	0	0	4	166	91	75
PCT7036	ED	898	52	0	0	1	51	20	31
PCT7036	MV	898	265	0	0	21	244	110	134
PCT7037	ED	730	73	-1	0	12	62	27	35
PCT7037	MV	730	64	3	0	6	55	22	33
PCT7038	ED	880	84	0	0	13	71	26	45
PCT7038	MV	880	255	-1	0	17	239	92	147
PCT7039	ED	768	111	-1	0	7	105	49	56
PCT7039	MV	768	225	1	0	20	204	96	108
PCT7041	MV	60	24	0	0	1	23	11	12
PCT7042	ED	632	75	0	0	7	68	26	42
PCT7042	MV	632	191	2	0	20	169	76	93
PCT7043	ED	915	97	1	0	13	83	38	45
PCT7043	MV	915	282	2	1	25	254	118	136
PCT7044	ED	805	86	-1	0	12	75	38	37
PCT7044	MV	805	125	-1	0	10	116	44	72
PCT7045	ED	763	87	-1	0	16	72	37	35
PCT7045	MV	763	282	1	0	19	262	96	166
PCT7046	ED	385	54	0	0	6	48	27	21
PCT7046	MV	385	136	0	0	10	126	55	71
PCT7047	ED	781	68	-1	0	2	67	36	31
PCT7047	MV	781	298	1	1	19	277	127	150
PCT7048	ED	815	94	0	0	11	83	31	52
PCT7048	MV	815	248	-1	0	30	219	98	121
PCT7049	ED	751	108	0	0	10	98	50	48
PCT7049	MV	751	241	0	0	18	223	83	140
PCT7051	ED	839	70	-2	0	13	59	33	26
PCT7051	MV	839	302	2	0	10	290	107	183
PCT7052	ED	806	120	-1	0	14	107	53	54
PCT7052	MV	806	278	2	0	24	252	104	148
PCT7053	ED	548	44	0	0	2	42	24	18
PCT7053	MV	548	205	1	0	19	185	104	81
PCT7054	ED	1024	141	3	1	7	130	66	64
PCT7054	MV	1024	275	1	0	23	251	115	136
PCT7055	ED	699	83	-3	0	9	77	54	23
PCT7055	MV	699	256	-1	0	20	237	143	94
PCT7101	MV	141	83	0	0	5	78	63	15
PCT7201	ED	900	147	2	0	15	130	90	40
PCT7201	MV	900	333	-1	0	24	310	199	111
PCT7202	ED	830	138	0	0	13	125	86	39
PCT7202	MV	830	271	0	0	24	247	169	78
PCT7203	ED	867	174	-1	0	12	163	118	45
PCT7203	MV	867	243	3	0	20	220	151	69
PCT7204	ED	888	157	0	0	14	143	104	39
PCT7204	MV	888	340	-4	0	22	322	221	101
PCT7205	ED	847	183	0	0	11	172	122	50
PCT7205	MV	847	309	3	1	12	293	215	78
PCT7206	ED	375	88	0	0	4	84	59	25
PCT7206	MV	375	124	0	0	8	116	82	34
PCT7207	ED	744	119	-1	0	13	107	77	30
PCT7207	MV	744	231	0	0	16	215	138	77
PCT7208	ED	567	76	0	0	7	69	52	17
PCT7208	MV	567	206	0	0	15	191	128	63
PCT7209	ED	586	69	0	0	5	64	51	13
PCT7209	MV	586	326	1	0	16	309	247	62
PCT7301	ED	1002	150	0	0	13	137	94	43
PCT7301	MV	1002	299	2	0	24	273	154	119
PCT7302	ED	806	121	0	0	13	108	82	26
PCT7302	MV	806	352	3	0	33	316	201	115
PCT7303	ED	986	167	-2	0	18	151	119	32
PCT7303	MV	986	318	4	0	35	279	184	95
PCT7304	ED	972	203	0	0	14	189	141	48
PCT7304	MV	972	330	2	0	20	308	207	101
PCT7305	ED	851	171	-1	0	9	163	116	47
PCT7305	MV	851	306	1	0	19	286	193	93
PCT7306	ED	1014	179	0	0	23	156	102	54
PCT7306	MV	1014	302	2	0	32	268	178	90
PCT7307	ED	726	143	0	0	14	129	96	33
PCT7307	MV	726	226	5	0	22	199	133	66
PCT7308	ED	598	133	0	0	8	125	91	34
PCT7308	MV	598	204	1	0	3	200	154	46
PCT7309	ED	826	160	1	0	14	145	98	47
PCT7309	MV	826	209	2	0	11	196	126	70
PCT7311	ED	901	175	0	0	8	167	118	49
PCT7311	MV	901	266	1	0	14	251	181	70
PCT7312	ED	810	128	-1	0	11	118	78	40
PCT7312	MV	810	332	4	0	26	302	216	86
PCT7313	ED	925	135	1	0	18	116	77	39
PCT7313	MV	925	315	-1	0	21	295	194	101
PCT7314	ED	760	92	0	0	18	74	45	29
PCT7314	MV	760	213	0	0	41	172	80	92
PCT7315	ED	725	119	0	0	15	104	75	29
PCT7315	MV	725	178	2	0	8	168	105	63
PCT7316	ED	824	122	0	0	16	106	78	28
PCT7316	MV	824	266	0	0	26	240	136	104
PCT7317	ED	886	117	0	0	7	110	74	36
PCT7317	MV	886	340	2	0	27	311	189	122
PCT7318	ED	709	123	0	0	16	107	79	28
PCT7318	MV	709	243	-3	0	24	222	147	75
PCT7319	ED	1035	182	0	0	13	169	115	54
PCT7319	MV	1035	296	0	0	28	268	194	74
PCT7321	ED	644	100	0	1	14	85	42	43
PCT7321	MV	644	211	3	0	19	189	102	87
PCT7322	ED	859	60	0	0	15	45	29	16
PCT7322	MV	859	304	-4	1	67	240	101	139
PCT7323	ED	881	146	2	0	18	126	91	35
PCT7323	MV	881	273	0	0	25	248	166	82
PCT7324	ED	687	125	0	0	16	109	72	37
PCT7324	MV	687	198	-3	0	20	181	116	65
PCT7325	ED	870	150	0	0	11	139	96	43
PCT7325	MV	870	276	-1	0	31	246	156	90
PCT7326	ED	853	150	0	0	12	138	83	55
PCT7326	MV	853	256	1	0	23	232	146	86
PCT7327	ED	684	62	0	0	10	52	30	22
PCT7327	MV	684	277	-3	0	53	227	116	111
PCT7328	ED	950	70	0	0	14	56	38	18
PCT7328	MV	950	391	-1	0	95	297	173	124
PCT7329	ED	610	71	-1	0	1	71	45	26
PCT7329	MV	610	205	-1	0	26	180	120	60
PCT7331	ED	860	130	0	0	12	118	75	43
PCT7331	MV	860	357	-3	0	33	327	234	93
PCT7332	ED	799	154	0	0	18	136	103	33
PCT7332	MV	799	209	0	0	15	194	136	58
PCT7333	ED	974	174	0	0	9	165	117	48
PCT7333	MV	974	323	3	0	23	297	198	99
PCT7334	ED	854	113	0	0	12	101	76	25
PCT7334	MV	854	275	0	0	25	250	183	67
PCT7335	ED	936	144	0	0	11	133	99	34
PCT7335	MV	936	354	-2	2	24	330	228	102
PCT7336	ED	920	155	0	0	14	141	102	39
PCT7336	MV	920	324	0	0	16	308	204	104
PCT7337	ED	825	115	-1	0	10	106	76	30
PCT7337	MV	825	305	2	0	25	278	200	78
PCT7338	ED	884	100	1	0	14	85	53	32
PCT7338	MV	884	364	-7	0	75	296	153	143
PCT7339	ED	618	111	-1	0	9	103	76	27
PCT7339	MV	618	181	-1	0	15	167	114	53
PCT7341	ED	877	124	-1	0	14	111	73	38
PCT7341	MV	877	246	-1	0	22	225	157	68
PCT7342	ED	911	234	2	1	20	211	153	58
PCT7342	MV	911	251	0	0	13	238	181	57
PCT7343	ED	707	144	0	0	5	139	112	27
PCT7343	MV	707	186	1	0	16	169	141	28
PCT7344	ED	1039	179	-1	0	14	166	109	57
PCT7344	MV	1039	334	-2	0	15	321	236	85
PCT7345	ED	1077	183	0	0	12	171	126	45
PCT7345	MV	1077	283	2	0	20	261	190	71
PCT7346	ED	877	168	1	0	14	153	109	44
PCT7346	MV	877	221	-1	0	8	214	148	66
PCT7347	ED	968	137	0	0	7	130	97	33
PCT7347	MV	968	279	-1	0	11	269	215	54
PCT7348	ED	832	139	-1	0	9	131	88	43
PCT7348	MV	832	202	3	1	18	180	121	59
PCT7349	ED	921	147	-1	0	6	142	110	32
PCT7349	MV	921	282	3	0	22	257	179	78
PCT7501	ED	554	118	-1	0	5	114	86	28
PCT7501	MV	554	168	0	0	12	156	109	47
PCT7502	ED	741	113	1	0	3	109	77	32
PCT7502	MV	741	349	-8	0	31	326	211	115
PCT7503	ED	727	132	0	0	19	113	75	38
PCT7503	MV	727	226	-1	0	10	217	160	57
PCT7504	ED	484	76	0	0	14	62	39	23
PCT7504	MV	484	158	4	0	18	136	90	46
PCT7505	ED	871	131	0	0	15	116	87	29
PCT7505	MV	871	417	1	0	39	377	292	85
PCT7506	ED	920	133	-1	0	7	127	84	43
PCT7506	MV	920	252	0	0	23	229	148	81
PCT7507	ED	919	158	-2	0	27	133	74	59
PCT7507	MV	919	255	4	1	22	228	154	74
PCT7508	ED	702	106	0	0	8	98	61	37
PCT7508	MV	702	340	-1	0	42	299	208	91
PCT7509	ED	909	171	-2	0	11	162	117	45
PCT7509	MV	909	319	1	0	20	298	196	102
PCT7512	ED	604	96	-1	0	13	84	61	23
PCT7512	MV	604	196	3	0	16	177	123	54
PCT7513	ED	790	142	-2	0	17	127	86	41
PCT7513	MV	790	208	2	0	22	184	124	60
PCT7514	ED	863	95	-3	0	19	79	45	34
PCT7514	MV	863	235	1	0	37	197	102	95
PCT7515	ED	845	150	0	0	16	134	88	46
PCT7515	MV	845	289	3	0	35	251	150	101
PCT7516	ED	886	145	0	0	12	133	103	30
PCT7516	MV	886	378	-3	0	23	358	241	117
PCT7517	ED	863	228	-1	0	18	211	152	59
PCT7517	MV	863	251	-2	0	12	241	170	71
PCT7518	ED	939	235	0	0	9	226	177	49
PCT7518	MV	939	298	-1	0	13	286	193	93
PCT7519	ED	726	179	0	0	8	171	124	47
PCT7519	MV	726	185	0	0	20	165	116	49
PCT7521	ED	802	211	1	0	19	191	146	45
PCT7521	MV	802	215	-1	0	15	201	162	39
PCT7522	ED	743	175	-1	0	10	166	132	34
PCT7522	MV	743	240	0	0	15	225	167	58
PCT7523	ED	737	208	0	0	13	195	151	44
PCT7523	MV	737	223	-3	0	16	210	154	56
PCT7524	ED	646	143	3	0	11	129	94	35
PCT7524	MV	646	165	2	0	10	153	108	45
PCT7525	ED	779	145	-1	0	17	129	90	39
PCT7525	MV	779	214	1	0	20	193	141	52
PCT7526	ED	947	197	1	0	11	185	144	41
PCT7526	MV	947	313	3	0	18	292	234	58
PCT7527	ED	729	162	-2	0	16	148	124	24
PCT7527	MV	729	237	1	0	17	219	167	52
PCT7529	ED	925	214	0	0	18	196	155	41
PCT7529	MV	925	300	1	0	16	283	214	69
PCT7531	ED	847	179	-1	0	8	172	140	32
PCT7531	MV	847	263	2	0	19	242	194	48
PCT7532	ED	823	172	1	0	11	160	114	46
PCT7532	MV	823	226	1	1	9	215	154	61
PCT7533	ED	951	268	-1	0	16	253	199	54
PCT7533	MV	951	297	1	0	9	287	210	77
PCT7534	ED	883	241	0	0	10	231	177	54
PCT7534	MV	883	240	0	0	15	225	168	57
PCT7535	ED	743	201	0	0	16	185	141	44
PCT7535	MV	743	251	-1	0	12	240	192	48
PCT7536	ED	856	206	-1	0	15	192	158	34
PCT7536	MV	856	279	-2	0	15	266	203	63
PCT7537	ED	734	187	0	0	7	180	136	44
PCT7537	MV	734	225	2	0	10	213	171	42
PCT7538	ED	757	223	0	0	13	210	155	55
PCT7538	MV	757	256	-2	0	14	244	193	51
PCT7539	ED	884	250	2	0	17	231	185	46
PCT7539	MV	884	286	-3	0	19	270	210	60
PCT7541	ED	791	215	0	0	24	191	145	46
PCT7541	MV	791	245	0	0	7	238	188	50
PCT7542	ED	787	183	-1	0	8	176	131	45
PCT7542	MV	787	247	-3	0	12	238	192	46
PCT7543	ED	910	187	2	0	17	168	123	45
PCT7543	MV	910	332	1	0	15	316	244	72
PCT7544	ED	877	186	0	0	14	172	125	47
PCT7544	MV	877	331	-2	0	23	310	239	71
PCT7545	ED	877	179	0	0	9	170	118	52
PCT7545	MV	877	291	-1	0	22	270	201	69
PCT7546	ED	913	219	0	0	19	200	149	51
PCT7546	MV	913	310	2	0	12	296	240	56
PCT7547	ED	987	244	-2	0	24	222	173	49
PCT7547	MV	987	322	6	0	13	303	234	69
PCT7548	ED	1054	236	-1	0	10	227	173	54
PCT7548	MV	1054	345	2	0	15	328	246	82
PCT7549	ED	785	165	-1	0	13	153	119	34
PCT7549	MV	785	281	3	0	27	251	190	61
PCT7551	ED	705	199	0	0	20	179	136	43
PCT7551	MV	705	240	-2	0	14	228	172	56
PCT7552	ED	718	191	0	0	15	176	141	35
PCT7552	MV	718	232	-2	0	21	213	174	39
PCT7553	MV	171	87	0	0	4	83	71	12
PCT7554	ED	785	179	-1	0	14	166	119	47
PCT7554	MV	785	323	0	0	21	302	230	72
PCT7555	ED	847	242	0	0	20	222	179	43
PCT7555	MV	847	304	2	0	22	280	202	78
PCT7556	ED	961	223	-1	0	17	207	162	45
PCT7556	MV	961	422	0	0	25	397	310	87
PCT7601	ED	744	128	-4	0	16	116	82	34
PCT7601	MV	744	185	6	0	14	165	107	58
PCT7602	ED	880	147	0	0	16	131	95	36
PCT7602	MV	880	243	-1	0	17	227	162	65
PCT7603	ED	826	152	-1	1	12	140	103	37
PCT7603	MV	826	215	-1	0	18	198	148	50
PCT7604	ED	906	133	0	1	10	122	82	40
PCT7604	MV	906	233	0	0	13	220	169	51
PCT7605	ED	651	77	0	0	11	66	45	21
PCT7605	MV	651	155	1	0	18	136	91	45
PCT7606	ED	895	127	2	0	12	113	82	31
PCT7606	MV	895	212	1	0	17	194	133	61
PCT7607	ED	955	120	0	0	10	110	84	26
PCT7607	MV	955	265	-3	0	16	252	183	69
PCT7608	ED	388	46	0	0	10	36	29	7
PCT7608	MV	388	119	0	0	19	100	57	43
PCT7609	ED	916	101	1	0	19	81	62	19
PCT7609	MV	916	297	1	0	51	245	160	85
PCT7611	ED	756	76	0	0	12	64	47	17
PCT7611	MV	756	204	2	0	26	176	126	50
PCT7612	ED	574	76	2	0	10	64	39	25
PCT7612	MV	574	210	1	0	25	184	129	55
PCT7613	ED	887	140	-1	0	18	123	86	37
PCT7613	MV	887	215	0	0	24	191	125	66
PCT7614	ED	1015	123	-3	0	17	109	77	32
PCT7614	MV	1015	238	1	0	17	220	158	62
PCT7615	ED	832	108	0	0	18	90	59	31
PCT7615	MV	832	170	0	0	24	146	90	56
PCT7616	ED	951	129	1	0	8	120	88	32
PCT7616	MV	951	331	-1	0	22	310	254	56
PCT7617	ED	751	84	0	0	13	71	45	26
PCT7617	MV	751	223	-2	0	27	198	137	61
PCT7618	ED	866	123	0	0	7	116	78	38
PCT7618	MV	866	272	2	2	17	251	177	74
PCT7619	ED	993	154	-1	0	13	142	109	33
PCT7619	MV	993	308	-3	0	28	283	209	74
PCT7621	ED	1132	163	-1	0	9	155	109	46
PCT7621	MV	1132	346	3	0	20	323	236	87
PCT7622	ED	964	99	1	0	7	91	67	24
PCT7622	MV	964	193	-2	0	30	165	117	48
PCT7623	ED	712	122	0	0	9	113	77	36
PCT7623	MV	712	196	1	0	11	184	131	53
PCT7624	ED	905	104	-1	0	12	93	67	26
PCT7624	MV	905	195	2	0	14	179	132	47
PCT7625	ED	821	73	0	0	17	56	43	13
PCT7625	MV	821	415	1	0	65	349	229	120
PCT7626	ED	1081	128	1	0	6	121	89	32
PCT7626	MV	1081	361	0	0	18	343	261	82
PCT7627	ED	1075	116	0	0	4	112	81	31
PCT7627	MV	1075	319	-3	1	28	293	218	75
PCT7628	ED	906	156	0	0	15	141	101	40
PCT7628	MV	906	267	1	0	18	248	179	69
PCT7629	ED	805	108	0	0	10	98	73	25
PCT7629	MV	805	206	1	0	18	187	143	44
PCT7631	ED	1085	146	0	0	8	138	93	45
PCT7631	MV	1085	339	3	0	21	315	234	81
PCT7632	ED	965	167	0	0	14	153	117	36
PCT7632	MV	965	286	0	1	12	273	205	68
PCT7633	ED	702	90	0	0	10	80	53	27
PCT7633	MV	702	253	-1	0	27	227	162	65
PCT7634	ED	859	120	1	0	14	105	74	31
PCT7634	MV	859	291	0	0	28	263	198	65
PCT7635	ED	782	89	1	0	4	84	58	26
PCT7635	MV	782	242	1	0	14	227	160	67
PCT7636	ED	920	134	-1	0	8	127	91	36
PCT7636	MV	920	251	-2	0	12	241	170	71
PCT7637	ED	732	89	-1	0	6	84	50	34
PCT7637	MV	732	249	0	0	6	243	153	90
PCT7638	ED	1365	129	-2	0	8	123	79	44
PCT7638	MV	1365	492	0	0	24	468	347	121
PCT7639	ED	962	110	0	0	8	102	73	29
PCT7639	MV	962	319	-1	0	11	309	218	91
PCT7641	ED	931	114	0	0	5	109	76	33
PCT7641	MV	931	374	0	0	21	353	234	119
PCT7642	ED	909	84	0	0	7	77	56	21
PCT7642	MV	909	268	-1	0	38	231	147	84
PCT7643	ED	871	99	3	0	12	84	59	25
PCT7643	MV	871	355	2	0	18	335	202	133
PCT7644	ED	1082	156	-3	0	8	151	111	40
PCT7644	MV	1082	291	1	0	21	269	184	85
PCT7645	ED	631	63	0	0	5	58	41	17
PCT7645	MV	631	241	-1	0	13	229	168	61
PCT7646	ED	1035	110	0	0	4	106	87	19
PCT7646	MV	1035	326	1	0	16	309	211	98
PCT7647	ED	1027	107	0	0	13	94	54	40
PCT7647	MV	1027	185	-1	0	11	175	91	84
PCT7648	MV	2	0	0	0	0	0	0	0
PCT7649	ED	877	97	1	0	6	90	66	24
PCT7649	MV	877	234	1	0	19	214	150	64
PCT7651	ED	555	48	0	0	4	44	33	11
PCT7651	MV	555	155	0	0	2	153	114	39
PCT7652	ED	580	68	-1	0	2	67	44	23
PCT7652	MV	580	163	-1	0	15	149	117	32
PCT7653	ED	1092	137	2	0	12	123	95	28
PCT7653	MV	1092	321	2	0	14	305	238	67
PCT7701	ED	1012	225	0	0	16	209	147	62
PCT7701	MV	1012	383	0	0	20	363	238	125
PCT7702	ED	704	117	0	0	9	108	66	42
PCT7702	MV	704	302	-1	0	26	277	181	96
PCT7703	MV	172	66	-2	1	8	59	36	23
PCT7704	ED	977	208	0	0	12	196	114	82
PCT7704	MV	977	396	6	0	21	369	213	156
PCT7705	ED	547	123	0	0	7	116	70	46
PCT7705	MV	547	227	-1	0	13	215	125	90
PCT7706	ED	821	189	0	0	11	178	115	63
PCT7706	MV	821	341	0	0	25	316	198	118
PCT7707	ED	839	200	2	0	20	178	116	62
PCT7707	MV	839	379	9	0	23	347	223	124
PCT7708	ED	860	181	0	1	13	167	111	56
PCT7708	MV	860	400	0	0	25	375	244	131
PCT7709	ED	383	85	1	0	9	75	46	29
PCT7709	MV	383	174	2	0	6	166	102	64
PCT7711	ED	772	162	0	0	14	148	108	40
PCT7711	MV	772	344	-3	0	11	336	218	118
PCT7712	ED	524	131	1	0	4	126	95	31
PCT7712	MV	524	230	-1	0	8	223	144	79
PCT7801	ED	970	230	0	0	17	213	170	43
PCT7801	MV	970	424	0	0	28	396	284	112
PCT7802	ED	762	205	-2	0	16	191	143	48
PCT7802	MV	762	313	-2	0	19	296	222	74
PCT7803	ED	823	143	1	0	10	132	102	30
PCT7803	MV	823	412	-1	0	24	389	294	95
PCT7804	ED	891	236	0	0	20	216	165	51
PCT7804	MV	891	394	-1	0	23	372	289	83
PCT7805	ED	785	176	1	0	9	166	140	26
PCT7805	MV	785	348	-1	0	25	324	246	78
PCT7806	ED	699	163	-1	0	11	153	115	38
PCT7806	MV	699	283	1	0	17	265	229	36
PCT7807	ED	796	228	2	0	15	211	168	43
PCT7807	MV	796	273	1	0	14	258	210	48
PCT7808	ED	655	178	0	0	16	162	136	26
PCT7808	MV	655	243	-2	0	18	227	190	37
PCT7809	ED	742	160	-1	0	15	146	123	23
PCT7809	MV	742	267	2	0	20	245	202	43
PCT7811	ED	726	186	0	0	12	174	134	40
PCT7811	MV	726	243	0	1	13	229	187	42
PCT7812	ED	843	207	0	0	14	193	145	48
PCT7812	MV	843	292	-2	0	16	278	211	67
PCT7813	ED	988	251	-2	0	18	235	188	47
PCT7813	MV	988	362	1	0	24	337	263	74
PCT7814	ED	892	173	0	0	11	162	110	52
PCT7814	MV	892	223	1	1	17	204	139	65
PCT7815	ED	914	178	-2	0	16	164	127	37
PCT7815	MV	914	407	3	1	21	382	298	84
PCT7816	ED	858	202	1	0	12	189	145	44
PCT7816	MV	858	390	0	0	23	367	285	82
PCT7817	ED	795	215	-1	0	11	205	160	45
PCT7817	MV	795	309	3	0	6	300	234	66
PCT7818	ED	823	172	-1	0	15	158	120	38
PCT7818	MV	823	335	-2	0	18	319	258	61
PCT7819	ED	760	169	0	0	16	153	111	42
PCT7819	MV	760	297	2	0	26	269	198	71
PCT7821	ED	947	229	0	0	12	217	173	44
PCT7821	MV	947	439	3	0	19	417	316	101
PCT7822	ED	927	244	0	0	11	233	166	67
PCT7822	MV	927	343	2	0	16	325	255	70
PCT7823	ED	857	237	-1	0	15	223	172	51
PCT7823	MV	857	347	0	0	22	325	255	70
PCT7824	ED	756	170	1	0	7	162	110	52
PCT7824	MV	756	274	1	0	13	260	215	45
PCT7825	ED	580	160	0	0	12	148	118	30
PCT7825	MV	580	215	-1	0	12	204	172	32
PCT7826	ED	665	214	0	0	14	200	160	40
PCT7826	MV	665	194	-1	0	8	187	155	32
PCT7827	ED	828	199	0	0	14	185	145	40
PCT7827	MV	828	252	0	0	15	237	187	50
PCT7828	ED	976	205	-2	0	19	188	139	49
PCT7828	MV	976	397	-1	0	25	373	256	117
PCT7829	ED	882	199	0	0	13	186	133	53
PCT7829	MV	882	391	0	0	13	378	286	92
PCT7831	ED	828	202	0	0	11	191	156	35
PCT7831	MV	828	369	1	0	21	347	279	68
PCT7832	ED	781	162	-1	0	9	154	127	27
PCT7832	MV	781	343	-1	0	8	336	256	80
PCT7833	ED	745	182	0	0	10	172	138	34
PCT7833	MV	745	271	2	1	16	252	202	50
PCT7834	ED	836	225	-1	0	22	204	172	32
PCT7834	MV	836	288	0	0	20	268	213	55
PCT7835	ED	808	175	0	0	10	165	98	67
PCT7835	MV	808	338	1	0	15	322	196	126
PCT7836	ED	979	199	0	0	15	184	111	73
PCT7836	MV	979	421	2	0	23	396	255	141
PCT7837	ED	883	237	-1	0	18	220	153	67
PCT7837	MV	883	339	2	0	27	310	228	82
PCT7838	ED	891	210	2	0	12	196	139	57
PCT7838	MV	891	413	1	0	24	388	283	105
PCT7839	ED	830	172	2	0	15	155	121	34
PCT7839	MV	830	389	-1	0	27	363	294	69
PCT7841	ED	898	240	0	0	8	232	175	57
PCT7841	MV	898	353	0	0	17	336	264	72
PCT7842	ED	873	214	0	0	12	202	154	48
PCT7842	MV	873	308	1	0	16	291	224	67
PCT7843	ED	751	182	-1	0	15	168	136	32
PCT7843	MV	751	267	-1	0	14	254	204	50
PCT7844	ED	635	160	1	1	10	148	108	40
PCT7844	MV	635	245	-2	0	19	228	183	45
PCT7845	ED	803	202	0	0	12	190	140	50
PCT7845	MV	803	314	0	0	21	293	224	69
PCT7846	ED	871	221	0	0	16	205	152	53
PCT7846	MV	871	330	1	0	23	306	221	85
PCT7847	ED	878	207	-1	0	20	188	133	55
PCT7847	MV	878	358	1	0	29	328	244	84
PCT7848	ED	838	209	-3	0	20	192	157	35
PCT7848	MV	838	346	0	0	19	327	242	85
PCT7849	ED	904	237	0	0	21	216	168	48
PCT7849	MV	904	353	-2	0	24	331	253	78
PCT7851	ED	493	118	0	0	9	109	84	25
PCT7851	MV	493	204	0	1	15	188	138	50
PCT7852	ED	634	104	-1	0	6	99	63	36
PCT7852	MV	634	303	0	0	18	285	169	116
PCT7853	ED	837	180	0	0	23	157	103	54
PCT7853	MV	837	333	0	0	14	319	216	103
PCT7854	ED	874	216	-1	0	17	200	137	63
PCT7854	MV	874	346	2	0	33	311	239	72
PCT7855	ED	949	259	0	0	11	248	194	54
PCT7855	MV	949	359	-6	0	26	339	254	85
PCT7856	ED	790	204	1	0	17	186	145	41
PCT7856	MV	790	312	-1	0	20	293	220	73
PCT7857	ED	913	226	0	0	13	213	161	52
PCT7857	MV	913	350	-1	0	20	331	246	85
PCT7858	ED	743	192	2	0	13	177	128	49
PCT7858	MV	743	252	0	0	13	239	199	40
PCT7859	ED	879	219	-1	0	12	208	158	50
PCT7859	MV	879	352	0	0	26	326	247	79
PCT7861	ED	835	184	0	0	13	171	122	49
PCT7861	MV	835	367	-1	0	18	350	251	99
PCT7862	ED	850	237	0	0	20	217	157	60
PCT7862	MV	850	323	-2	0	23	302	236	66
PCT7863	ED	870	237	0	0	13	224	168	56
PCT7863	MV	870	302	-2	0	21	283	210	73
PCT7864	ED	773	188	0	0	11	177	127	50
PCT7864	MV	773	284	-2	0	14	272	178	94
PCT7865	ED	808	178	1	0	10	167	110	57
PCT7865	MV	808	310	-1	0	26	285	196	89
PCT7866	ED	816	184	-1	0	7	178	120	58
PCT7866	MV	816	389	-2	0	32	359	221	138
PCT7867	ED	932	209	0	0	17	192	128	64
PCT7867	MV	932	385	1	0	26	358	240	118
PCT7868	ED	860	218	-1	0	17	202	142	60
PCT7868	MV	860	324	2	0	16	306	222	84
PCT7869	ED	842	219	0	0	22	197	148	49
PCT7869	MV	842	376	-1	1	22	354	280	74
PCT7871	ED	882	240	-3	0	20	223	152	71
PCT7871	MV	882	364	1	0	23	340	254	86
PCT7872	ED	864	242	-1	0	14	229	174	55
PCT7872	MV	864	369	0	0	20	349	259	90
PCT7873	ED	841	231	0	0	13	218	178	40
PCT7873	MV	841	387	0	0	21	366	287	79
PCT7874	ED	453	85	0	0	6	79	50	29
PCT7874	MV	453	174	1	0	13	160	113	47
PCT7875	ED	615	127	0	0	10	117	87	30
PCT7875	MV	615	203	-3	0	13	193	118	75
PCT7876	ED	491	101	0	0	9	92	73	19
PCT7876	MV	491	148	-1	0	10	139	113	26
PCT7901	ED	466	87	-2	0	9	80	59	21
PCT7901	MV	466	133	0	0	8	125	95	30
PCT7902	ED	921	188	0	0	6	182	132	50
PCT7902	MV	921	259	-1	0	14	246	180	66
PCT7903	ED	819	144	0	1	18	125	95	30
PCT7903	MV	819	244	0	0	15	229	148	81
PCT7904	ED	846	137	1	0	11	125	100	25
PCT7904	MV	846	248	-3	0	12	239	169	70
PCT7905	ED	821	199	-1	0	12	188	137	51
PCT7905	MV	821	275	2	0	10	263	193	70
PCT7906	ED	769	164	0	0	14	150	116	34
PCT7906	MV	769	214	-3	0	10	207	165	42
PCT7907	ED	926	201	2	0	11	188	154	34
PCT7907	MV	926	286	2	0	9	275	212	63
PCT7908	ED	936	191	0	0	11	180	126	54
PCT7908	MV	936	267	-1	0	19	249	168	81
PCT7909	ED	726	190	0	0	7	183	139	44
PCT7909	MV	726	221	-4	0	12	213	160	53
PCT7911	ED	849	192	1	0	16	175	119	56
PCT7911	MV	849	250	-4	1	16	237	152	85
PCT7912	ED	1036	215	0	0	15	200	155	45
PCT7912	MV	1036	314	2	0	16	296	246	50
PCT7913	ED	887	240	-7	0	18	229	164	65
PCT7913	MV	887	244	1	0	14	229	167	62
PCT7914	ED	833	208	0	0	17	191	134	57
PCT7914	MV	833	253	-1	0	5	249	184	65
PCT7915	ED	802	213	0	0	24	189	134	55
PCT7915	MV	802	222	-1	0	12	211	144	67
PCT7916	ED	887	215	0	0	10	205	151	54
PCT7916	MV	887	289	0	0	15	274	209	65
PCT7917	ED	983	254	-1	0	11	244	177	67
PCT7917	MV	983	287	0	0	12	275	200	75
PCT7918	ED	790	191	0	0	16	175	130	45
PCT7918	MV	790	234	1	0	14	219	168	51
PCT7919	ED	857	217	0	0	10	207	155	52
PCT7919	MV	857	241	0	0	9	232	162	70
PCT7921	ED	883	151	-3	0	9	145	106	39
PCT7921	MV	883	210	0	0	10	200	131	69
PCT7922	ED	797	182	1	0	11	170	124	46
PCT7922	MV	797	241	-1	0	10	232	158	74
PCT7923	ED	863	202	1	0	10	191	144	47
PCT7923	MV	863	241	-1	0	12	230	163	67
PCT7924	ED	806	172	1	0	13	158	115	43
PCT7924	MV	806	247	0	0	13	234	153	81
PCT7925	ED	570	114	1	1	9	103	75	28
PCT7925	MV	570	191	0	0	9	182	138	44
PCT7926	ED	768	177	0	0	10	167	129	38
PCT7926	MV	768	296	2	0	15	279	208	71
PCT7927	ED	733	187	0	0	11	176	127	49
PCT7927	MV	733	289	-1	0	18	272	199	73
PCT7928	ED	899	253	0	0	9	244	187	57
PCT7928	MV	899	297	-1	0	17	281	218	63
PCT7929	ED	840	200	0	0	15	185	141	44
PCT7929	MV	840	367	-1	0	12	356	274	82
PCT7931	ED	732	189	0	0	12	177	139	38
PCT7931	MV	732	317	-1	0	16	302	230	72
PCT7932	ED	551	112	-1	1	4	108	80	28
PCT7932	MV	551	225	1	0	11	213	150	63
PCT7933	MV	8	4	0	0	0	4	1	3
PCT7934	ED	885	195	-4	0	16	183	131	52
PCT7934	MV	885	328	1	0	21	306	236	70
PCT7935	ED	938	283	1	0	22	260	215	45
PCT7935	MV	938	370	1	0	24	345	260	85
PCT7936	ED	832	246	0	0	22	224	167	57
PCT7936	MV	832	326	2	0	19	305	237	68
PCT7937	ED	874	223	0	0	17	206	157	49
PCT7937	MV	874	309	-1	1	21	288	195	93
PCT7938	ED	774	162	0	0	9	153	111	42
PCT7938	MV	774	247	0	0	11	236	182	54
PCT7939	ED	667	186	1	0	15	170	133	37
PCT7939	MV	667	230	-2	0	19	213	159	54
PCT7941	ED	728	167	0	0	14	153	109	44
PCT7941	MV	728	236	1	0	22	213	145	68
PCT7942	ED	893	166	1	1	19	145	99	46
PCT7942	MV	893	286	0	0	17	269	166	103
PCT7943	ED	887	192	-3	0	17	178	121	57
PCT7943	MV	887	319	0	0	14	305	204	101
PCT7944	ED	769	201	-2	0	12	191	149	42
PCT7944	MV	769	235	-1	0	16	220	152	68
PCT7945	ED	897	118	-2	0	10	110	77	33
PCT7945	MV	897	294	-1	0	22	273	179	94
PCT7946	ED	909	134	1	0	8	125	70	55
PCT7946	MV	909	348	4	0	27	317	139	178
PCT7947	ED	894	128	-1	0	11	118	63	55
PCT7947	MV	894	327	-2	0	34	295	135	160
PCT7948	ED	900	165	0	0	10	155	88	67
PCT7948	MV	900	313	-2	0	16	299	152	147
PCT7949	ED	552	78	3	0	4	71	29	42
PCT7949	MV	552	224	0	0	17	207	95	112
PCT7951	ED	830	97	0	0	9	88	42	46
PCT7951	MV	830	341	-3	1	18	325	137	188
PCT7952	ED	823	100	0	0	10	90	41	49
PCT7952	MV	823	288	-4	0	12	280	127	153
PCT7953	ED	795	103	-4	0	6	101	59	42
PCT7953	MV	795	294	-2	0	17	279	128	151
PCT7955	ED	854	116	1	0	11	104	60	44
PCT7955	MV	854	320	-1	0	24	297	138	159
PCT7956	ED	779	101	2	0	12	87	45	42
PCT7956	MV	779	247	6	0	11	230	92	138
PCT7957	ED	623	97	1	0	6	90	46	44
PCT7957	MV	623	217	0	0	15	202	102	100
PCT7958	MV	263	104	-3	0	5	102	51	51
PCT7959	ED	695	110	-2	0	7	105	76	29
PCT7959	MV	695	190	2	0	9	179	135	44
PCT9001	MV	257	101	1	0	5	95	53	42
PCT9101	ED	833	190	-1	0	15	176	105	71
PCT9101	MV	833	323	-2	0	23	302	174	128
PCT9102	ED	950	182	-1	0	16	167	108	59
PCT9102	MV	950	335	1	1	25	308	186	122
PCT9103	ED	924	174	0	0	11	163	102	61
PCT9103	MV	924	302	-1	0	14	289	167	122
PCT9104	ED	937	176	0	0	17	159	103	56
PCT9104	MV	937	332	-2	0	27	307	188	119
PCT9105	ED	888	191	0	0	11	180	135	45
PCT9105	MV	888	339	-1	0	16	324	183	141
PCT9106	ED	907	213	1	0	16	196	127	69
PCT9106	MV	907	334	5	0	29	300	183	117
PCT9107	ED	806	164	0	0	10	154	110	44
PCT9107	MV	806	246	3	0	17	226	127	99
PCT9108	ED	761	185	1	0	16	168	108	60
PCT9108	MV	761	220	0	0	12	208	137	71
PCT9109	ED	848	205	-1	0	17	189	113	76
PCT9109	MV	848	285	1	0	18	266	164	102
PCT9111	ED	756	150	0	0	9	141	74	67
PCT9111	MV	756	226	-2	0	17	211	124	87
PCT9112	ED	918	211	0	0	9	202	138	64
PCT9112	MV	918	295	-1	0	14	282	173	109
PCT9113	ED	959	231	1	0	24	206	139	67
PCT9113	MV	959	351	0	0	24	327	212	115
PCT9114	ED	820	170	0	0	11	159	98	61
PCT9114	MV	820	273	0	1	23	249	152	97
PCT9115	ED	873	172	0	0	14	158	108	50
PCT9115	MV	873	287	0	0	16	271	185	86
PCT9116	ED	903	193	2	0	16	175	115	60
PCT9116	MV	903	314	1	1	17	295	184	111
PCT9117	ED	756	180	0	0	10	170	118	52
PCT9117	MV	756	285	1	0	21	263	179	84
PCT9118	ED	923	184	0	0	16	168	93	75
PCT9118	MV	923	268	-2	0	23	247	132	115
PCT9119	ED	856	152	-3	0	21	134	79	55
PCT9119	MV	856	323	-1	0	13	311	171	140
PCT9121	ED	890	188	0	0	12	176	96	80
PCT9121	MV	890	274	-1	0	17	258	152	106
PCT9122	ED	913	131	0	0	13	118	71	47
PCT9122	MV	913	292	-2	0	24	270	141	129
PCT9123	ED	829	175	0	0	8	167	105	62
PCT9123	MV	829	270	1	0	15	254	140	114
PCT9124	ED	832	150	0	0	10	140	88	52
PCT9124	MV	832	290	-1	0	22	269	145	124
PCT9125	ED	822	159	-2	0	13	148	100	48
PCT9125	MV	822	299	-5	1	24	279	152	127
PCT9126	ED	945	186	0	0	9	177	112	65
PCT9126	MV	945	350	1	0	24	325	161	164
PCT9127	ED	908	209	0	0	13	196	124	72
PCT9127	MV	908	315	-3	0	35	283	191	92
PCT9128	ED	805	188	0	0	12	176	121	55
PCT9128	MV	805	296	-2	0	28	270	159	111
PCT9129	ED	713	173	0	0	10	163	105	58
PCT9129	MV	713	225	0	0	16	209	117	92
PCT9131	ED	740	151	0	0	5	146	90	56
PCT9131	MV	740	274	-1	0	8	267	157	110
PCT9132	ED	827	167	0	0	13	154	110	44
PCT9132	MV	827	251	-1	0	17	235	147	88
PCT9133	ED	1007	188	0	0	16	172	108	64
PCT9133	MV	1007	388	1	1	31	355	230	125
PCT9134	ED	893	132	-2	0	12	122	93	29
PCT9134	MV	893	297	4	0	19	274	170	104
PCT9135	ED	778	149	0	0	7	142	79	63
PCT9135	MV	778	269	2	0	18	249	142	107
PCT9136	ED	894	191	0	0	14	177	119	58
PCT9136	MV	894	289	2	0	23	264	169	95
PCT9137	ED	946	201	-1	0	13	189	114	75
PCT9137	MV	946	323	2	0	26	295	184	111
PCT9138	ED	892	155	0	0	14	141	87	54
PCT9138	MV	892	323	-3	0	16	310	177	133
PCT9139	ED	912	163	-1	0	13	151	93	58
PCT9139	MV	912	356	1	0	23	332	168	164
PCT9141	ED	904	168	-1	0	18	151	90	61
PCT9141	MV	904	328	-1	0	21	308	170	138
PCT9142	ED	921	219	1	0	10	208	126	82
PCT9142	MV	921	288	0	0	30	258	153	105
PCT9143	ED	887	196	1	0	19	176	115	61
PCT9143	MV	887	315	-1	0	24	292	179	113
PCT9144	ED	931	221	1	0	15	205	129	76
PCT9144	MV	931	322	-2	0	25	299	186	113
PCT9145	ED	837	197	1	0	17	179	135	44
PCT9145	MV	837	282	0	0	22	260	183	77
PCT9146	ED	866	206	1	0	19	186	104	82
PCT9146	MV	866	297	2	0	19	276	186	90
PCT9147	ED	920	227	1	0	12	214	155	59
PCT9147	MV	920	318	-4	0	18	304	207	97
PCT9148	ED	946	226	-1	0	14	213	146	67
PCT9148	MV	946	322	3	0	18	301	195	106
PCT9149	ED	884	196	0	0	19	177	118	59
PCT9149	MV	884	296	3	0	22	271	196	75
PCT9151	ED	806	152	-1	0	10	143	108	35
PCT9151	MV	806	267	-1	0	30	238	159	79
PCT9152	ED	712	67	1	0	4	62	40	22
PCT9152	MV	712	138	2	0	11	125	92	33
PCT9201	ED	953	201	0	0	6	195	136	59
PCT9201	MV	953	229	3	0	14	212	136	76
PCT9202	ED	908	184	-1	0	12	173	125	48
PCT9202	MV	908	218	0	0	15	203	144	59
PCT9203	ED	968	145	0	0	13	132	79	53
PCT9203	MV	968	300	1	0	31	268	177	91
PCT9204	ED	809	147	1	0	13	133	81	52
PCT9204	MV	809	223	-2	0	12	213	143	70
PCT9205	ED	694	113	0	0	14	99	69	30
PCT9205	MV	694	201	1	0	19	181	124	57
PCT9206	ED	887	135	-2	0	17	120	67	53
PCT9206	MV	887	294	0	2	26	266	162	104
PCT9207	ED	913	148	0	0	12	136	77	59
PCT9207	MV	913	249	-2	0	21	230	136	94
PCT9208	ED	936	147	0	0	12	135	92	43
PCT9208	MV	936	240	-2	0	10	232	139	93
PCT9209	ED	675	121	-1	0	6	116	70	46
PCT9209	MV	675	188	-3	0	14	177	109	68
PCT9211	ED	834	130	0	0	5	125	85	40
PCT9211	MV	834	212	-1	1	16	196	125	71
PCT9212	ED	764	121	0	0	5	116	76	40
PCT9212	MV	764	205	0	0	21	184	119	65
PCT9213	ED	890	140	0	0	7	133	84	49
PCT9213	MV	890	260	1	0	12	247	152	95
PCT9214	ED	581	92	0	0	10	82	53	29
PCT9214	MV	581	203	2	0	8	193	119	74
PCT9215	ED	626	130	0	0	13	117	68	49
PCT9215	MV	626	170	2	0	8	160	100	60
PCT9216	ED	798	134	0	0	13	121	79	42
PCT9216	MV	798	206	2	0	14	190	135	55
PCT9217	ED	684	123	0	0	10	113	73	40
PCT9217	MV	684	187	0	0	10	177	109	68
PCT9218	ED	797	119	0	0	12	107	59	48
PCT9218	MV	797	225	-1	0	24	202	128	74
PCT9219	ED	733	146	0	0	12	134	91	43
PCT9219	MV	733	187	1	0	12	174	110	64
PCT9221	ED	641	121	0	0	9	112	79	33
PCT9221	MV	641	278	0	0	25	253	169	84
PCT9222	ED	842	139	0	0	12	127	83	44
PCT9222	MV	842	268	1	0	12	255	167	88
PCT9223	ED	606	88	2	0	4	82	54	28
PCT9223	MV	606	202	3	0	12	187	131	56
PCT9224	ED	912	171	2	0	19	150	97	53
PCT9224	MV	912	308	-1	0	23	286	180	106
PCT9225	ED	898	161	0	0	8	153	107	46
PCT9225	MV	898	243	0	1	12	230	149	81
PCT9226	ED	905	143	-1	0	15	129	86	43
PCT9226	MV	905	312	-2	0	27	287	203	84
PCT9227	ED	729	140	0	0	12	128	75	53
PCT9227	MV	729	304	2	0	21	281	176	105
PCT9228	ED	726	175	0	0	9	166	109	57
PCT9228	MV	726	277	1	0	26	250	151	99
PCT9229	ED	596	130	-1	0	11	120	86	34
PCT9229	MV	596	219	0	0	5	214	158	56
PCT9231	ED	919	221	0	0	15	206	155	51
PCT9231	MV	919	294	0	0	19	275	206	69
PCT9232	ED	701	151	2	0	16	133	96	37
PCT9232	MV	701	274	0	0	23	251	175	76
PCT9233	ED	774	139	0	0	20	119	83	36
PCT9233	MV	774	308	0	0	28	280	177	103
PCT9234	ED	731	131	-1	0	8	124	83	41
PCT9234	MV	731	281	-1	0	24	258	168	90
PCT9235	ED	842	174	1	0	17	156	112	44
PCT9235	MV	842	298	0	0	24	274	178	96
PCT9236	ED	658	130	0	0	14	116	79	37
PCT9236	MV	658	207	0	1	13	193	151	42
PCT9237	ED	880	145	0	0	10	135	93	42
PCT9237	MV	880	331	-1	1	22	309	217	92
PCT9238	ED	792	130	-2	0	14	118	80	38
PCT9238	MV	792	271	-1	0	13	259	182	77
PCT9239	ED	835	117	0	0	11	106	71	35
PCT9239	MV	835	318	-4	0	19	303	218	85
PCT9241	ED	961	158	1	0	12	145	106	39
PCT9241	MV	961	322	3	0	13	306	210	96
PCT9242	ED	940	154	1	0	17	136	88	48
PCT9242	MV	940	300	0	0	17	283	204	79
PCT9243	ED	572	135	0	0	9	126	87	39
PCT9243	MV	572	188	2	0	6	180	132	48
PCT9244	ED	880	149	1	0	12	136	106	30
PCT9244	MV	880	269	-2	0	29	242	193	49
PCT9245	ED	706	128	0	0	7	121	89	32
PCT9245	MV	706	226	2	0	19	205	132	73
PCT9246	ED	910	139	0	0	9	130	83	47
PCT9246	MV	910	299	0	0	27	272	177	95
PCT9247	ED	936	151	-1	0	5	147	94	53
PCT9247	MV	936	303	1	0	23	279	204	75
PCT9248	ED	898	181	0	0	12	169	116	53
PCT9248	MV	898	282	0	0	22	260	192	68
PCT9249	ED	910	187	1	0	14	172	110	62
PCT9249	MV	910	314	0	0	20	294	209	85
PCT9251	ED	946	204	-1	0	13	192	141	51
PCT9251	MV	946	342	0	0	22	320	227	93
PCT9252	ED	913	140	-1	0	10	131	91	40
PCT9252	MV	913	352	2	0	18	332	214	118
PCT9253	ED	751	138	2	0	14	122	89	33
PCT9253	MV	751	272	-1	1	20	252	167	85
PCT9254	ED	889	168	0	0	13	155	109	46
PCT9254	MV	889	318	-1	0	12	307	217	90
PCT9255	ED	545	126	0	0	11	115	72	43
PCT9255	MV	545	128	1	0	2	125	83	42
PCT9256	ED	433	77	0	0	3	74	57	17
PCT9256	MV	433	103	-2	0	8	97	71	26
PCT9257	MV	312	150	0	0	8	142	105	37
PCT9258	ED	699	127	0	0	6	121	83	38
PCT9258	MV	699	244	1	0	19	224	143	81
PCT9401	ED	970	194	0	0	22	172	115	57
PCT9401	MV	970	293	-1	0	17	277	165	112
PCT9402	ED	931	197	0	0	10	187	120	67
PCT9402	MV	931	307	0	0	31	276	154	122
PCT9403	ED	853	167	-1	0	8	160	98	62
PCT9403	MV	853	286	2	0	17	267	147	120
PCT9404	ED	889	153	0	0	13	140	92	48
PCT9404	MV	889	320	0	0	22	298	152	146
PCT9405	ED	757	160	-1	0	11	150	93	57
PCT9405	MV	757	245	0	0	16	229	109	120
PCT9406	ED	815	179	0	0	11	168	83	85
PCT9406	MV	815	277	2	0	20	255	156	99
PCT9407	ED	861	191	0	0	17	174	107	67
PCT9407	MV	861	284	-2	0	16	270	160	110
PCT9408	ED	837	187	1	0	13	173	113	60
PCT9408	MV	837	246	-4	0	16	234	143	91
PCT9409	ED	565	140	0	0	9	131	95	36
PCT9409	MV	565	170	0	0	12	158	93	65
PCT9411	ED	936	175	-1	0	13	163	112	51
PCT9411	MV	936	261	1	0	12	248	149	99
PCT9412	ED	843	164	0	0	5	159	94	65
PCT9412	MV	843	285	-1	0	27	259	130	129
PCT9413	ED	858	172	-1	0	18	155	92	63
PCT9413	MV	858	310	1	0	30	279	144	135
PCT9414	ED	862	159	1	0	15	143	86	57
PCT9414	MV	862	307	-2	0	19	290	173	117
PCT9415	ED	755	121	-3	0	8	116	70	46
PCT9415	MV	755	284	-3	0	18	269	144	125
PCT9416	ED	962	198	0	0	16	182	124	58
PCT9416	MV	962	316	-2	0	26	292	155	137
PCT9417	ED	714	117	1	0	7	109	59	50
PCT9417	MV	714	286	-3	0	22	267	136	131
PCT9418	ED	753	157	0	0	14	143	75	68
PCT9418	MV	753	269	-3	0	25	247	138	109
PCT9419	ED	893	167	-1	0	16	152	83	69
PCT9419	MV	893	326	2	0	23	301	160	141
PCT9421	ED	878	150	-1	0	20	131	80	51
PCT9421	MV	878	316	-1	0	14	303	157	146
PCT9422	ED	1010	200	1	0	17	182	115	67
PCT9422	MV	1010	358	-1	0	26	333	201	132
PCT9423	ED	853	147	0	0	10	137	85	52
PCT9423	MV	853	292	-3	0	26	269	153	116
PCT9424	ED	910	146	1	0	12	133	68	65
PCT9424	MV	910	331	0	0	12	319	137	182
PCT9425	ED	903	136	2	0	17	117	68	49
PCT9425	MV	903	313	0	0	33	280	123	157
PCT9426	ED	801	143	-1	0	16	128	69	59
PCT9426	MV	801	283	7	0	20	256	120	136
PCT9427	ED	889	129	0	0	15	114	53	61
PCT9427	MV	889	333	1	0	17	315	143	172
PCT9428	ED	892	122	-1	0	6	117	75	42
PCT9428	MV	892	346	-2	0	18	330	169	161
PCT9429	ED	866	173	0	0	14	159	69	90
PCT9429	MV	866	308	-1	0	18	291	138	153
PCT9431	ED	954	152	-1	0	13	140	64	76
PCT9431	MV	954	352	1	0	32	319	148	171
PCT9432	ED	901	155	0	0	12	143	83	60
PCT9432	MV	901	307	1	0	16	290	141	149
PCT9433	ED	912	155	0	0	14	141	85	56
PCT9433	MV	912	317	0	0	22	295	146	149
PCT9434	ED	963	188	-1	0	22	167	92	75
PCT9434	MV	963	349	-3	0	24	328	173	155
PCT9435	ED	934	195	0	0	14	181	93	88
PCT9435	MV	934	320	-4	0	35	289	147	142
PCT9436	ED	941	161	0	0	15	146	82	64
PCT9436	MV	941	337	-4	0	27	314	152	162
PCT9437	ED	873	170	0	0	14	156	86	70
PCT9437	MV	873	324	1	0	24	299	144	155
PCT9438	ED	918	129	1	0	5	123	69	54
PCT9438	MV	918	336	-1	0	29	308	134	174
PCT9439	ED	827	126	0	0	10	116	75	41
PCT9439	MV	827	314	-2	0	28	288	151	137
PCT9441	ED	939	205	-1	0	22	184	117	67
PCT9441	MV	939	337	-1	0	20	318	170	148
PCT9442	ED	970	200	2	0	12	186	111	75
PCT9442	MV	970	325	-2	0	27	300	143	157
PCT9443	ED	886	138	0	0	10	128	74	54
PCT9443	MV	886	304	0	0	25	279	140	139
PCT9444	ED	901	118	-3	0	8	113	62	51
PCT9444	MV	901	312	-1	0	22	291	120	171
PCT9445	ED	945	154	0	0	9	145	76	69
PCT9445	MV	945	342	-1	1	30	312	170	142
PCT9446	ED	1043	164	1	0	11	152	93	59
PCT9446	MV	1043	417	1	1	27	388	209	179
PCT9447	ED	891	171	1	0	8	162	104	58
PCT9447	MV	891	327	0	0	20	307	168	139
PCT9448	ED	877	159	0	0	16	143	85	58
PCT9448	MV	877	307	-4	0	26	285	148	137
PCT9449	ED	784	97	-1	0	7	91	46	45
PCT9449	MV	784	302	0	0	28	274	121	153
PCT9451	ED	414	57	0	0	6	51	30	21
PCT9451	MV	414	154	4	0	14	136	58	78
PCT9452	ED	799	175	0	0	15	160	92	68
PCT9452	MV	799	281	0	0	29	252	131	121
PCT9453	ED	488	90	0	0	4	86	52	34
PCT9453	MV	488	175	0	0	12	163	91	72
PCT9501	MV	149	71	-2	0	8	65	47	18
PCT9502	MV	233	116	-1	0	3	114	87	27
PCT9503	ED	725	128	0	0	11	117	84	33
PCT9503	MV	725	184	2	0	21	161	112	49
PCT9505	ED	756	147	0	0	15	132	91	41
PCT9505	MV	756	274	0	0	28	246	150	96
PCT9506	ED	771	134	0	0	12	122	84	38
PCT9506	MV	771	217	2	0	8	207	142	65
PCT9507	ED	733	170	0	0	11	159	121	38
PCT9507	MV	733	218	-1	0	10	209	147	62
PCT9508	ED	784	180	0	0	8	172	131	41
PCT9508	MV	784	258	-1	0	14	245	197	48
PCT9509	ED	719	165	-1	0	16	150	112	38
PCT9509	MV	719	239	-1	0	11	229	162	67
PCT9511	ED	600	147	-2	0	15	134	88	46
PCT9511	MV	600	177	0	0	12	165	116	49
PCT9512	ED	771	161	-1	0	10	152	114	38
PCT9512	MV	771	251	-4	0	14	241	175	66
PCT9513	ED	864	200	1	0	18	181	132	49
PCT9513	MV	864	261	3	0	16	242	173	69
PCT9514	ED	869	229	1	0	16	212	142	70
PCT9514	MV	869	257	-1	0	11	247	194	53
PCT9515	ED	685	159	0	0	12	147	93	54
PCT9515	MV	685	243	-2	0	16	229	145	84
PCT9516	ED	864	206	0	0	15	191	127	64
PCT9516	MV	864	269	1	0	19	249	169	80
PCT9517	ED	768	197	0	1	18	178	137	41
PCT9517	MV	768	235	1	1	17	216	157	59
PCT9518	ED	783	180	0	0	8	172	131	41
PCT9518	MV	783	242	-1	0	10	233	171	62
PCT9519	ED	850	217	0	0	18	199	150	49
PCT9519	MV	850	294	0	0	22	272	202	70
PCT9521	ED	893	254	0	0	9	245	171	74
PCT9521	MV	893	290	-2	0	21	271	212	59
PCT9701	ED	665	156	0	0	9	147	106	41
PCT9701	MV	665	235	-1	0	21	215	139	76
PCT9702	ED	710	194	0	0	9	185	134	51
PCT9702	MV	710	231	1	1	17	212	147	65
PCT9703	ED	931	182	-1	0	9	174	114	60
PCT9703	MV	931	373	3	0	37	333	197	136
PCT9704	ED	942	191	1	0	8	182	125	57
PCT9704	MV	942	354	-1	0	29	326	216	110
PCT9705	ED	879	208	0	0	13	195	147	48
PCT9705	MV	879	309	-1	0	19	291	208	83
PCT9706	MV	51	32	0	0	0	32	27	5
PCT9707	ED	799	121	0	0	12	109	59	50
PCT9707	MV	799	355	0	1	27	327	186	141
PCT9708	ED	919	193	1	0	15	177	128	49
PCT9708	MV	919	324	6	0	22	296	200	96
PCT9709	ED	998	196	0	1	30	165	101	64
PCT9709	MV	998	355	-3	1	29	328	218	110
PCT9711	ED	625	167	0	1	12	154	88	66
PCT9711	MV	625	254	-1	0	13	242	148	94
PCT9712	ED	651	134	-1	0	4	131	93	38
PCT9712	MV	651	288	1	0	8	279	183	96
PCT9713	ED	930	161	6	0	20	135	70	65
PCT9713	MV	930	362	0	0	32	330	174	156
PCT9714	ED	911	154	0	0	12	142	80	62
PCT9714	MV	911	367	-1	0	23	345	211	134
PCT9715	ED	566	162	0	0	5	157	114	43
PCT9715	MV	566	218	4	0	14	200	121	79
PCT9716	ED	928	198	-1	0	11	188	117	71
PCT9716	MV	928	368	5	0	19	344	179	165
PCT9717	ED	967	206	0	0	17	189	104	85
PCT9717	MV	967	371	-2	0	23	350	211	139
PCT9718	ED	843	183	-1	0	8	176	121	55
PCT9718	MV	843	385	2	0	21	362	229	133
PCT9719	ED	863	186	1	0	19	166	94	72
PCT9719	MV	863	389	2	1	17	369	246	123
PCT9721	ED	653	182	-1	0	16	167	101	66
PCT9721	MV	653	250	-1	0	16	235	141	94
PCT9722	ED	593	86	-1	0	7	80	49	31
PCT9722	MV	593	269	-3	0	21	251	163	88
PCT9723	ED	458	74	0	0	8	66	36	30
PCT9723	MV	458	198	1	0	13	184	96	88
PCT9724	ED	950	144	0	0	10	134	58	76
PCT9724	MV	950	386	-4	1	32	357	163	194
PCT9725	ED	941	118	-2	0	10	110	50	60
PCT9725	MV	941	350	-3	0	26	327	162	165
PCT9726	ED	685	83	0	0	9	74	48	26
PCT9726	MV	685	137	-5	0	13	129	87	42
PCT9727	ED	435	60	-1	0	3	58	31	27
PCT9727	MV	435	205	3	0	14	188	91	97
PCT9728	ED	906	204	-2	0	18	188	98	90
PCT9728	MV	906	378	-1	2	26	351	187	164
PCT9729	ED	782	161	1	0	8	152	82	70
PCT9729	MV	782	304	1	0	18	285	152	133
PCT9731	ED	529	138	0	0	7	131	77	54
PCT9731	MV	529	189	0	0	8	181	94	87
PCT9732	MV	73	43	0	0	3	40	22	18
PCT9733	MV	224	146	0	0	3	143	115	28
PCT9734	ED	577	122	-1	0	6	117	75	42
PCT9734	MV	577	261	-2	0	10	253	148	105
PCT9735	ED	782	167	1	0	13	153	102	51
PCT9735	MV	782	344	6	0	16	322	184	138
PCT9736	ED	699	145	0	0	10	135	71	64
PCT9736	MV	699	305	5	0	15	285	181	104
PCT9737	ED	792	175	0	0	13	162	101	61
PCT9737	MV	792	343	0	0	21	322	198	124
PCT9738	ED	830	99	0	0	11	88	45	43
PCT9738	MV	830	263	1	0	18	244	143	101
PCT9739	ED	826	126	0	0	8	118	73	45
PCT9739	MV	826	193	-2	1	18	176	94	82
PCT9741	ED	1022	19	0	0	1	18	12	6
PCT9741	MV	1022	24	0	0	3	21	12	9
PCT9742	ED	647	134	0	0	10	124	71	53
PCT9742	MV	647	187	3	0	12	172	99	73
PCT9743	ED	1093	172	0	0	10	162	98	64
PCT9743	MV	1093	317	1	0	19	297	189	108
PCT9744	ED	902	141	1	0	13	127	77	50
PCT9744	MV	902	234	2	0	19	213	122	91
PCT9745	ED	934	141	0	0	13	128	66	62
PCT9745	MV	934	205	2	0	12	191	109	82
PCT9746	ED	867	192	0	0	16	176	94	82
PCT9746	MV	867	334	0	0	16	318	190	128
PCT9747	ED	940	198	0	0	19	179	114	65
PCT9747	MV	940	323	-1	0	21	303	166	137
PCT9748	ED	913	164	1	0	10	153	88	65
PCT9748	MV	913	342	-3	0	25	320	188	132
PCT9749	ED	893	143	-2	0	20	125	54	71
PCT9749	MV	893	266	4	0	18	244	123	121
PCT9751	ED	977	157	-1	0	14	144	99	45
PCT9751	MV	977	384	-2	0	30	356	209	147
PCT9752	ED	692	143	0	0	10	133	84	49
PCT9752	MV	692	305	0	0	11	294	169	125
PCT9753	ED	735	148	-1	0	7	142	85	57
PCT9753	MV	735	266	-1	0	14	253	153	100
PCT9754	ED	701	169	0	0	11	158	114	44
PCT9754	MV	701	296	-2	0	24	274	179	95
PCT9755	ED	553	120	-1	0	3	118	85	33
PCT9755	MV	553	201	1	0	9	191	126	65
PCT9756	ED	908	126	0	0	11	115	66	49
PCT9756	MV	908	297	4	0	15	278	138	140
PCT9801	ED	399	76	-1	0	6	71	46	25
PCT9801	MV	399	148	2	0	7	139	69	70
CONG12	TO	426647	225360	-47	60	16389	208958	139310	69648
CONG14	TO	55344	28223	-9	10	1985	26237	14502	11735
ASSM17	TO	280269	147301	-16	39	10702	136576	94286	42290
ASSM19	TO	201722	106282	-40	31	7672	98619	59526	39093
BART7	TO	36166	15261	3	6	1146	14106	8324	5782
BART8	TO	215670	112119	-2	32	8562	103527	61784	41743
BART9	TO	230155	126203	-57	32	8666	117562	83704	33858
SUPV1	TO	40919	22431	-7	5	1603	20830	12948	7882
SUPV2	TO	48242	24389	9	8	1754	22618	15331	7287
SUPV3	TO	38273	18567	11	6	1738	16812	11344	5468
SUPV4	TO	41216	21994	-34	2	1670	20356	11018	9338
SUPV5	TO	52114	28694	-14	4	2046	26658	19611	7047
SUPV6	TO	41151	17498	7	6	1437	16048	11373	4675
SUPV7	TO	46301	26230	27	12	1750	24441	14847	9594
SUPV8	TO	56415	36015	-19	7	2304	33723	25287	8436
SUPV9	TO	41665	22565	-32	7	1396	21194	14528	6666
SUPV10	TO	39848	17900	7	7	1386	16500	9273	7227
SUPV11	TO	35847	17300	-11	6	1290	16015	8252	7763
NEIG1	TO	19131	7881	16	5	721	7139	3429	3710
NEIG2	TO	16742	8038	5	4	819	7210	4686	2524
NEIG3	TO	27631	12231	-9	4	1200	11036	7764	3272
NEIG4	TO	6857	4487	-5	1	293	4198	2896	1302
NEIG5	TO	26541	12895	-7	2	930	11970	6175	5795
NEIG6	TO	14552	8410	-3	0	524	7889	6042	1847
NEIG7	TO	11506	5461	3	4	437	5017	2573	2444
NEIG8	TO	9393	5438	-2	3	369	5068	3647	1421
NEIG9	TO	8641	3424	-8	2	266	3164	1740	1424
NEIG10	TO	9744	5037	6	1	349	4681	3240	1441
NEIG11	TO	38757	19070	-5	7	1374	17694	11980	5714
NEIG12	TO	30096	16088	-15	8	967	15128	11258	3870
NEIG13	TO	16415	10584	-10	0	700	9894	7187	2707
NEIG14	TO	8622	5494	-1	3	330	5162	3893	1269
NEIG15	TO	6827	3580	17	0	279	3284	2228	1056
NEIG26	TO	8914	4445	-2	1	315	4131	1957	2174
NEIG16	TO	15511	7917	-4	1	450	7470	5385	2085
NEIG17	TO	35688	19724	-18	5	1399	18338	11279	7059
NEIG18	TO	7813	4593	8	0	350	4235	2816	1419
NEIG19	TO	9230	5452	-12	2	371	5091	3680	1411
NEIG20	TO	23278	10026	-5	2	748	9281	6597	2684
NEIG21	TO	40651	21684	-34	2	1649	20067	10830	9237
NEIG22	TO	18424	12111	-2	1	718	11394	8836	2558
NEIG23	TO	7867	3226	0	1	267	2958	1278	1680
NEIG24	TO	33960	20797	29	9	1352	19407	11961	7446
NEIG25	TO	29200	15490	2	2	1197	14289	10455	3834
