area_id	subtotal_type	RSReg	RSCst	RSRej	RSOvr	RSUnd	RSTot	028:Yes	029:No
ALLPCTS	TO	481991	253583	-56	234	27780	225625	190743	34882
ALLPCTS	ED	481991	89756	-87	83	10528	79232	66495	12737
ALLPCTS	MV	481991	163827	31	151	17252	146393	124248	22145
PCT1101	ED	544	83	-1	0	12	72	61	11
PCT1101	MV	544	198	1	0	12	185	148	37
PCT1102	ED	964	188	1	0	18	169	137	32
PCT1102	MV	964	337	-2	0	27	312	246	66
PCT1103	ED	914	163	0	0	14	149	124	25
PCT1103	MV	914	348	0	0	27	321	259	62
PCT1104	ED	953	167	0	0	22	145	113	32
PCT1104	MV	953	292	1	1	30	260	223	37
PCT1106	ED	740	113	0	0	10	103	87	16
PCT1106	MV	740	231	-1	1	20	211	167	44
PCT1107	ED	721	101	0	0	9	92	72	20
PCT1107	MV	721	240	1	0	31	208	163	45
PCT1108	ED	882	156	0	0	29	127	110	17
PCT1108	MV	882	328	1	0	41	286	235	51
PCT1109	ED	758	124	-3	0	16	111	92	19
PCT1109	MV	758	265	3	0	34	228	185	43
PCT1111	ED	938	132	-2	0	16	118	101	17
PCT1111	MV	938	330	5	1	31	293	254	39
PCT1112	ED	702	96	2	0	12	82	69	13
PCT1112	MV	702	221	0	0	28	193	160	33
PCT1113	ED	701	82	-1	1	13	69	56	13
PCT1113	MV	701	272	0	0	41	231	190	41
PCT1114	ED	915	139	0	0	17	122	106	16
PCT1114	MV	915	280	1	0	22	257	217	40
PCT1115	ED	835	97	0	0	15	82	73	9
PCT1115	MV	835	279	-1	0	36	244	197	47
PCT1116	ED	842	141	-1	0	35	107	89	18
PCT1116	MV	842	275	0	0	37	238	199	39
PCT1117	ED	827	138	-1	0	19	120	94	26
PCT1117	MV	827	240	0	0	23	217	179	38
PCT1118	ED	974	158	2	0	19	137	112	25
PCT1118	MV	974	335	2	0	42	291	243	48
PCT1119	ED	745	97	-1	0	8	90	69	21
PCT1119	MV	745	274	-1	0	27	248	198	50
PCT1121	ED	653	104	0	0	12	92	73	19
PCT1121	MV	653	221	1	0	28	192	149	43
PCT1122	ED	607	69	0	0	16	53	44	9
PCT1122	MV	607	213	-1	0	32	182	142	40
PCT1123	ED	876	118	-1	0	17	102	77	25
PCT1123	MV	876	254	-2	0	20	236	192	44
PCT1124	ED	773	109	0	0	19	90	72	18
PCT1124	MV	773	200	-1	0	24	177	139	38
PCT1125	ED	987	80	-2	0	11	71	55	16
PCT1125	MV	987	329	-4	0	49	284	233	51
PCT1126	ED	900	92	-1	0	12	81	64	17
PCT1126	MV	900	292	-1	0	33	260	211	49
PCT1127	ED	875	141	-1	0	13	129	103	26
PCT1127	MV	875	277	-1	0	28	250	215	35
PCT1128	ED	813	104	0	0	12	92	74	18
PCT1128	MV	813	246	-1	0	37	210	165	45
PCT1129	ED	924	120	0	0	15	105	81	24
PCT1129	MV	924	274	2	0	31	241	195	46
PCT1131	ED	783	85	0	0	7	78	66	12
PCT1131	MV	783	288	0	0	41	247	194	53
PCT1132	ED	910	112	0	1	16	95	85	10
PCT1132	MV	910	324	-3	1	46	280	240	40
PCT1133	ED	826	99	0	0	13	86	75	11
PCT1133	MV	826	292	-2	0	33	261	222	39
PCT1134	ED	727	126	0	0	13	113	96	17
PCT1134	MV	727	241	-1	1	27	214	165	49
PCT1135	ED	511	71	-1	0	7	65	58	7
PCT1135	MV	511	217	2	0	31	184	139	45
PCT1136	ED	807	97	0	0	13	84	66	18
PCT1136	MV	807	287	1	0	32	254	217	37
PCT1141	ED	998	149	1	0	17	131	103	28
PCT1141	MV	998	368	0	0	34	334	278	56
PCT1142	ED	822	120	0	0	11	109	87	22
PCT1142	MV	822	266	0	0	28	238	203	35
PCT1143	ED	989	147	1	0	12	134	116	18
PCT1143	MV	989	311	2	0	38	271	223	48
PCT1144	ED	870	148	-2	0	8	142	114	28
PCT1144	MV	870	264	-1	0	35	230	197	33
PCT1145	ED	879	136	1	0	23	112	97	15
PCT1145	MV	879	370	-2	0	25	347	280	67
PCT1146	ED	971	124	0	0	15	109	90	19
PCT1146	MV	971	326	-1	0	40	287	241	46
PCT1147	ED	853	166	2	1	19	144	121	23
PCT1147	MV	853	279	1	0	30	248	204	44
PCT1148	ED	918	121	0	0	15	106	85	21
PCT1148	MV	918	314	0	0	38	276	228	48
PCT1149	ED	873	148	-2	0	15	135	110	25
PCT1149	MV	873	285	1	0	33	251	205	46
PCT1152	ED	838	125	-2	0	10	117	97	20
PCT1152	MV	838	286	0	2	27	257	203	54
PCT1153	ED	909	139	0	0	27	112	91	21
PCT1153	MV	909	306	2	0	32	272	226	46
PCT7001	ED	735	119	-1	0	7	113	96	17
PCT7001	MV	735	266	2	0	33	231	191	40
PCT7002	ED	641	132	0	0	14	118	108	10
PCT7002	MV	641	173	1	0	12	160	137	23
PCT7003	ED	864	188	0	1	14	173	150	23
PCT7003	MV	864	340	0	0	29	311	269	42
PCT7004	ED	835	175	0	0	20	155	129	26
PCT7004	MV	835	306	-1	0	27	280	246	34
PCT7005	ED	812	180	1	0	14	165	152	13
PCT7005	MV	812	295	1	0	21	273	244	29
PCT7006	ED	884	213	1	0	20	192	171	21
PCT7006	MV	884	290	-2	0	26	266	227	39
PCT7007	ED	916	233	-2	0	22	213	179	34
PCT7007	MV	916	323	-1	0	24	300	265	35
PCT7008	ED	861	187	0	0	25	162	133	29
PCT7008	MV	861	345	1	0	35	309	263	46
PCT7009	ED	864	133	-1	0	16	118	101	17
PCT7009	MV	864	312	-1	0	23	290	241	49
PCT7011	ED	976	141	0	0	19	122	105	17
PCT7011	MV	976	205	0	0	16	189	154	35
PCT7012	ED	1061	224	0	1	20	203	170	33
PCT7012	MV	1061	383	1	2	42	338	294	44
PCT7013	ED	805	132	0	0	14	118	110	8
PCT7013	MV	805	251	-2	0	17	236	205	31
PCT7014	ED	1213	188	-3	0	14	177	155	22
PCT7014	MV	1213	434	-1	0	34	401	356	45
PCT7015	MV	93	34	1	0	2	31	29	2
PCT7016	ED	891	112	0	0	20	92	72	20
PCT7016	MV	891	221	-1	0	37	185	161	24
PCT7017	ED	734	79	0	0	28	51	38	13
PCT7017	MV	734	167	-1	0	26	142	110	32
PCT7018	ED	908	88	-2	0	10	80	68	12
PCT7018	MV	908	343	2	0	45	296	239	57
PCT7019	ED	864	111	2	0	14	95	79	16
PCT7019	MV	864	349	-1	1	46	303	255	48
PCT7021	ED	927	129	1	0	18	110	87	23
PCT7021	MV	927	220	-3	0	27	196	174	22
PCT7022	ED	923	164	0	1	23	140	102	38
PCT7022	MV	923	270	3	1	30	236	179	57
PCT7023	ED	906	131	1	0	28	102	87	15
PCT7023	MV	906	301	-4	0	31	274	221	53
PCT7024	ED	386	30	0	0	10	20	13	7
PCT7024	MV	386	47	0	0	4	43	37	6
PCT7025	ED	448	66	2	0	9	55	37	18
PCT7025	MV	448	78	1	0	6	71	58	13
PCT7026	ED	971	90	0	0	14	76	64	12
PCT7026	MV	971	350	4	0	46	300	225	75
PCT7027	ED	845	136	-1	2	30	105	80	25
PCT7027	MV	845	271	2	0	34	235	193	42
PCT7028	ED	835	157	0	0	20	137	110	27
PCT7028	MV	835	180	-2	0	21	161	136	25
PCT7029	ED	855	115	0	0	13	102	75	27
PCT7029	MV	855	166	1	0	22	143	124	19
PCT7030	ED	729	94	-2	0	5	91	74	17
PCT7030	MV	729	277	3	0	23	251	195	56
PCT7031	ED	611	50	0	0	12	38	26	12
PCT7031	MV	611	224	3	0	33	188	165	23
PCT7032	ED	867	126	-1	0	23	104	83	21
PCT7032	MV	867	238	1	0	38	199	169	30
PCT7033	ED	765	135	0	0	21	114	92	22
PCT7033	MV	765	181	-1	0	23	159	128	31
PCT7034	ED	914	97	0	0	20	77	48	29
PCT7034	MV	914	154	1	1	22	130	105	25
PCT7035	ED	553	73	0	0	12	61	54	7
PCT7035	MV	553	170	0	0	19	151	125	26
PCT7036	ED	898	52	0	0	3	49	37	12
PCT7036	MV	898	265	0	1	33	231	188	43
PCT7037	ED	730	73	-1	0	15	59	47	12
PCT7037	MV	730	64	3	0	10	51	35	16
PCT7038	ED	880	84	0	0	12	72	49	23
PCT7038	MV	880	255	-1	0	34	222	175	47
PCT7039	ED	768	111	-1	0	12	100	72	28
PCT7039	MV	768	225	1	0	36	188	158	30
PCT7041	MV	60	24	0	0	1	23	17	6
PCT7042	ED	632	75	0	0	7	68	60	8
PCT7042	MV	632	191	2	0	30	159	127	32
PCT7043	ED	915	97	1	1	18	77	58	19
PCT7043	MV	915	282	2	1	36	243	204	39
PCT7044	ED	805	86	-1	0	16	71	54	17
PCT7044	MV	805	125	-1	1	19	106	84	22
PCT7045	ED	763	87	-1	0	17	71	57	14
PCT7045	MV	763	282	1	1	41	239	175	64
PCT7046	ED	385	54	0	0	7	47	35	12
PCT7046	MV	385	136	0	0	15	121	90	31
PCT7047	ED	781	68	-1	1	5	63	44	19
PCT7047	MV	781	298	1	0	32	265	209	56
PCT7048	ED	815	94	0	0	12	82	57	25
PCT7048	MV	815	248	-1	1	40	208	175	33
PCT7049	ED	751	108	0	0	21	87	74	13
PCT7049	MV	751	241	0	0	39	202	148	54
PCT7051	ED	839	70	-2	0	15	57	44	13
PCT7051	MV	839	302	2	0	31	269	215	54
PCT7052	ED	806	120	-1	0	12	109	91	18
PCT7052	MV	806	278	2	0	33	243	216	27
PCT7053	ED	548	44	0	0	9	35	31	4
PCT7053	MV	548	205	1	0	27	177	144	33
PCT7054	ED	1024	141	3	0	16	122	93	29
PCT7054	MV	1024	275	1	0	34	240	200	40
PCT7055	ED	699	83	-3	0	12	74	58	16
PCT7055	MV	699	256	-1	0	27	230	200	30
PCT7101	MV	141	83	0	0	10	73	68	5
PCT7201	ED	900	147	2	0	18	127	108	19
PCT7201	MV	900	333	-1	3	35	296	264	32
PCT7202	ED	830	138	0	0	16	122	105	17
PCT7202	MV	830	271	0	0	36	235	200	35
PCT7203	ED	867	174	-1	0	19	156	136	20
PCT7203	MV	867	243	3	1	22	217	192	25
PCT7204	ED	888	157	0	0	22	135	116	19
PCT7204	MV	888	340	-4	0	30	314	273	41
PCT7205	ED	847	183	0	0	12	171	141	30
PCT7205	MV	847	309	3	0	19	287	248	39
PCT7206	ED	375	88	0	0	14	74	63	11
PCT7206	MV	375	124	0	0	21	103	86	17
PCT7207	ED	744	119	-1	0	19	101	87	14
PCT7207	MV	744	231	0	0	24	207	186	21
PCT7208	ED	567	76	0	0	12	64	51	13
PCT7208	MV	567	206	0	0	28	178	149	29
PCT7209	ED	586	69	0	0	6	63	51	12
PCT7209	MV	586	326	1	0	34	291	255	36
PCT7301	ED	1002	150	0	0	21	129	109	20
PCT7301	MV	1002	299	2	0	39	258	218	40
PCT7302	ED	806	121	0	0	19	102	85	17
PCT7302	MV	806	352	3	0	35	314	274	40
PCT7303	ED	986	167	-2	0	27	142	124	18
PCT7303	MV	986	318	4	1	41	272	240	32
PCT7304	ED	972	203	0	0	22	181	159	22
PCT7304	MV	972	330	2	0	32	296	252	44
PCT7305	ED	851	171	-1	0	16	156	124	32
PCT7305	MV	851	306	1	0	29	276	222	54
PCT7306	ED	1014	179	0	0	28	151	126	25
PCT7306	MV	1014	302	2	0	40	260	209	51
PCT7307	ED	726	143	0	0	21	122	101	21
PCT7307	MV	726	226	5	1	37	183	156	27
PCT7308	ED	598	133	0	1	11	121	101	20
PCT7308	MV	598	204	1	0	17	186	159	27
PCT7309	ED	826	160	1	0	18	141	116	25
PCT7309	MV	826	209	2	0	21	186	162	24
PCT7311	ED	901	175	0	1	17	157	143	14
PCT7311	MV	901	266	1	0	20	245	216	29
PCT7312	ED	810	128	-1	0	16	113	96	17
PCT7312	MV	810	332	4	0	34	294	242	52
PCT7313	ED	925	135	1	0	22	112	97	15
PCT7313	MV	925	315	-1	0	37	279	238	41
PCT7314	ED	760	92	0	0	23	69	58	11
PCT7314	MV	760	213	0	0	52	161	133	28
PCT7315	ED	725	119	0	0	17	102	91	11
PCT7315	MV	725	178	2	0	11	165	142	23
PCT7316	ED	824	122	0	0	19	103	85	18
PCT7316	MV	824	266	0	0	38	228	183	45
PCT7317	ED	886	117	0	0	14	103	86	17
PCT7317	MV	886	340	2	0	31	307	257	50
PCT7318	ED	709	123	0	1	29	93	76	17
PCT7318	MV	709	243	-3	0	32	214	177	37
PCT7319	ED	1035	182	0	0	21	161	132	29
PCT7319	MV	1035	296	0	0	42	254	212	42
PCT7321	ED	644	100	0	0	23	77	62	15
PCT7321	MV	644	211	3	0	22	186	163	23
PCT7322	ED	859	60	0	0	15	45	36	9
PCT7322	MV	859	304	-4	0	74	234	189	45
PCT7323	ED	881	146	2	0	22	122	102	20
PCT7323	MV	881	273	0	0	31	242	215	27
PCT7324	ED	687	125	0	0	19	106	88	18
PCT7324	MV	687	198	-3	0	37	164	152	12
PCT7325	ED	870	150	0	0	24	126	112	14
PCT7325	MV	870	276	-1	0	47	230	187	43
PCT7326	ED	853	150	0	0	21	129	103	26
PCT7326	MV	853	256	1	0	32	223	189	34
PCT7327	ED	684	62	0	0	17	45	37	8
PCT7327	MV	684	277	-3	0	54	226	203	23
PCT7328	ED	950	70	0	0	17	53	46	7
PCT7328	MV	950	391	-1	2	109	281	241	40
PCT7329	ED	610	71	-1	0	6	66	48	18
PCT7329	MV	610	205	-1	1	32	173	146	27
PCT7331	ED	860	130	0	0	19	111	89	22
PCT7331	MV	860	357	-3	0	27	333	276	57
PCT7332	ED	799	154	0	1	21	132	118	14
PCT7332	MV	799	209	0	0	18	191	163	28
PCT7333	ED	974	174	0	2	20	152	129	23
PCT7333	MV	974	323	3	0	40	280	236	44
PCT7334	ED	854	113	0	0	10	103	89	14
PCT7334	MV	854	275	0	0	31	244	209	35
PCT7335	ED	936	144	0	0	22	122	103	19
PCT7335	MV	936	354	-2	0	28	328	285	43
PCT7336	ED	920	155	0	0	20	135	111	24
PCT7336	MV	920	324	0	1	28	295	245	50
PCT7337	ED	825	115	-1	0	19	97	72	25
PCT7337	MV	825	305	2	0	26	277	242	35
PCT7338	ED	884	100	1	0	16	83	72	11
PCT7338	MV	884	364	-7	0	88	283	222	61
PCT7339	ED	618	111	-1	0	10	102	85	17
PCT7339	MV	618	181	-1	0	24	158	142	16
PCT7341	ED	877	124	-1	0	20	105	83	22
PCT7341	MV	877	246	-1	0	27	220	188	32
PCT7342	ED	911	234	2	0	26	206	179	27
PCT7342	MV	911	251	0	0	22	229	198	31
PCT7343	ED	707	144	0	0	16	128	112	16
PCT7343	MV	707	186	1	0	19	166	147	19
PCT7344	ED	1039	179	-1	0	19	161	144	17
PCT7344	MV	1039	334	-2	0	30	306	257	49
PCT7345	ED	1077	183	0	0	17	166	141	25
PCT7345	MV	1077	283	2	0	31	250	214	36
PCT7346	ED	877	168	1	1	23	143	120	23
PCT7346	MV	877	221	-1	0	21	201	181	20
PCT7347	ED	968	137	0	0	14	123	104	19
PCT7347	MV	968	279	-1	0	20	260	230	30
PCT7348	ED	832	139	-1	0	11	129	114	15
PCT7348	MV	832	202	3	0	21	178	159	19
PCT7349	ED	921	147	-1	0	15	133	117	16
PCT7349	MV	921	282	3	0	31	248	210	38
PCT7501	ED	554	118	-1	0	10	109	90	19
PCT7501	MV	554	168	0	0	25	143	120	23
PCT7502	ED	741	113	1	0	9	103	86	17
PCT7502	MV	741	349	-8	0	41	316	272	44
PCT7503	ED	727	132	0	0	18	114	97	17
PCT7503	MV	727	226	-1	0	23	204	191	13
PCT7504	ED	484	76	0	0	14	62	52	10
PCT7504	MV	484	158	4	0	20	134	117	17
PCT7505	ED	871	131	0	0	16	115	100	15
PCT7505	MV	871	417	1	1	49	366	325	41
PCT7506	ED	920	133	-1	0	11	123	107	16
PCT7506	MV	920	252	0	1	32	219	181	38
PCT7507	ED	919	158	-2	1	32	127	96	31
PCT7507	MV	919	255	4	0	27	224	200	24
PCT7508	ED	702	106	0	0	10	96	77	19
PCT7508	MV	702	340	-1	0	59	282	247	35
PCT7509	ED	909	171	-2	1	15	157	135	22
PCT7509	MV	909	319	1	0	31	287	254	33
PCT7512	ED	604	96	-1	0	14	83	72	11
PCT7512	MV	604	196	3	0	22	171	143	28
PCT7513	ED	790	142	-2	1	24	119	98	21
PCT7513	MV	790	208	2	0	31	175	150	25
PCT7514	ED	863	95	-3	0	24	74	61	13
PCT7514	MV	863	235	1	0	41	193	160	33
PCT7515	ED	845	150	0	0	19	131	118	13
PCT7515	MV	845	289	3	0	44	242	209	33
PCT7516	ED	886	145	0	1	21	123	95	28
PCT7516	MV	886	378	-3	0	43	338	290	48
PCT7517	ED	863	228	-1	0	30	199	179	20
PCT7517	MV	863	251	-2	2	25	226	197	29
PCT7518	ED	939	235	0	0	17	218	196	22
PCT7518	MV	939	298	-1	0	28	271	237	34
PCT7519	ED	726	179	0	0	13	166	147	19
PCT7519	MV	726	185	0	0	18	167	146	21
PCT7521	ED	802	211	1	0	30	180	161	19
PCT7521	MV	802	215	-1	0	18	198	168	30
PCT7522	ED	743	175	-1	0	17	159	141	18
PCT7522	MV	743	240	0	0	26	214	193	21
PCT7523	ED	737	208	0	0	15	193	164	29
PCT7523	MV	737	223	-3	0	18	208	182	26
PCT7524	ED	646	143	3	0	16	124	109	15
PCT7524	MV	646	165	2	0	12	151	129	22
PCT7525	ED	779	145	-1	0	26	120	101	19
PCT7525	MV	779	214	1	0	21	192	163	29
PCT7526	ED	947	197	1	0	14	182	159	23
PCT7526	MV	947	313	3	0	25	285	249	36
PCT7527	ED	729	162	-2	0	23	141	121	20
PCT7527	MV	729	237	1	0	27	209	180	29
PCT7529	ED	925	214	0	0	15	199	182	17
PCT7529	MV	925	300	1	0	25	274	241	33
PCT7531	ED	847	179	-1	0	18	162	141	21
PCT7531	MV	847	263	2	0	26	235	216	19
PCT7532	ED	823	172	1	0	22	149	130	19
PCT7532	MV	823	226	1	0	18	207	178	29
PCT7533	ED	951	268	-1	0	18	251	224	27
PCT7533	MV	951	297	1	1	17	278	248	30
PCT7534	ED	883	241	0	0	22	219	192	27
PCT7534	MV	883	240	0	0	14	226	197	29
PCT7535	ED	743	201	0	0	19	182	161	21
PCT7535	MV	743	251	-1	1	21	230	206	24
PCT7536	ED	856	206	-1	0	20	187	168	19
PCT7536	MV	856	279	-2	0	18	263	241	22
PCT7537	ED	734	187	0	0	11	176	157	19
PCT7537	MV	734	225	2	0	19	204	178	26
PCT7538	ED	757	223	0	0	20	203	178	25
PCT7538	MV	757	256	-2	0	21	237	215	22
PCT7539	ED	884	250	2	0	31	217	197	20
PCT7539	MV	884	286	-3	1	32	256	228	28
PCT7541	ED	791	215	0	0	31	184	159	25
PCT7541	MV	791	245	0	0	13	232	213	19
PCT7542	ED	787	183	-1	1	15	168	155	13
PCT7542	MV	787	247	-3	0	13	237	210	27
PCT7543	ED	910	187	2	0	31	154	141	13
PCT7543	MV	910	332	1	0	27	304	266	38
PCT7544	ED	877	186	0	0	18	168	149	19
PCT7544	MV	877	331	-2	0	29	304	272	32
PCT7545	ED	877	179	0	0	17	162	147	15
PCT7545	MV	877	291	-1	0	27	265	234	31
PCT7546	ED	913	219	0	0	20	199	166	33
PCT7546	MV	913	310	2	0	25	283	253	30
PCT7547	ED	987	244	-2	1	42	203	181	22
PCT7547	MV	987	322	6	1	31	284	258	26
PCT7548	ED	1054	236	-1	0	24	213	188	25
PCT7548	MV	1054	345	2	0	21	322	301	21
PCT7549	ED	785	165	-1	0	21	145	126	19
PCT7549	MV	785	281	3	0	36	242	223	19
PCT7551	ED	705	199	0	1	25	173	140	33
PCT7551	MV	705	240	-2	1	17	224	202	22
PCT7552	ED	718	191	0	1	18	172	155	17
PCT7552	MV	718	232	-2	0	23	211	186	25
PCT7553	MV	171	87	0	0	5	82	71	11
PCT7554	ED	785	179	-1	0	24	156	134	22
PCT7554	MV	785	323	0	0	37	286	250	36
PCT7555	ED	847	242	0	1	25	216	181	35
PCT7555	MV	847	304	2	0	36	266	237	29
PCT7556	ED	961	223	-1	1	24	199	170	29
PCT7556	MV	961	422	0	1	40	381	345	36
PCT7601	ED	744	128	-4	0	12	120	101	19
PCT7601	MV	744	185	6	0	17	162	140	22
PCT7602	ED	880	147	0	0	21	126	107	19
PCT7602	MV	880	243	-1	0	21	223	191	32
PCT7603	ED	826	152	-1	1	21	131	114	17
PCT7603	MV	826	215	-1	1	21	194	152	42
PCT7604	ED	906	133	0	0	11	122	99	23
PCT7604	MV	906	233	0	0	19	214	178	36
PCT7605	ED	651	77	0	0	16	61	51	10
PCT7605	MV	651	155	1	0	21	133	119	14
PCT7606	ED	895	127	2	0	16	109	96	13
PCT7606	MV	895	212	1	2	15	194	168	26
PCT7607	ED	955	120	0	0	19	101	89	12
PCT7607	MV	955	265	-3	1	18	249	227	22
PCT7608	ED	388	46	0	0	11	35	29	6
PCT7608	MV	388	119	0	0	26	93	79	14
PCT7609	ED	916	101	1	0	22	78	65	13
PCT7609	MV	916	297	1	0	62	234	188	46
PCT7611	ED	756	76	0	0	10	66	48	18
PCT7611	MV	756	204	2	0	33	169	149	20
PCT7612	ED	574	76	2	0	15	59	48	11
PCT7612	MV	574	210	1	0	35	174	143	31
PCT7613	ED	887	140	-1	0	17	124	103	21
PCT7613	MV	887	215	0	0	20	195	167	28
PCT7614	ED	1015	123	-3	0	19	107	93	14
PCT7614	MV	1015	238	1	0	19	218	196	22
PCT7615	ED	832	108	0	0	17	91	64	27
PCT7615	MV	832	170	0	0	29	141	122	19
PCT7616	ED	951	129	1	0	10	118	104	14
PCT7616	MV	951	331	-1	0	22	310	262	48
PCT7617	ED	751	84	0	0	22	62	53	9
PCT7617	MV	751	223	-2	0	41	184	160	24
PCT7618	ED	866	123	0	0	16	107	100	7
PCT7618	MV	866	272	2	1	25	244	211	33
PCT7619	ED	993	154	-1	0	23	132	114	18
PCT7619	MV	993	308	-3	0	37	274	243	31
PCT7621	ED	1132	163	-1	0	15	149	127	22
PCT7621	MV	1132	346	3	0	22	321	283	38
PCT7622	ED	964	99	1	0	10	88	73	15
PCT7622	MV	964	193	-2	0	28	167	142	25
PCT7623	ED	712	122	0	0	11	111	97	14
PCT7623	MV	712	196	1	0	18	177	151	26
PCT7624	ED	905	104	-1	0	15	90	71	19
PCT7624	MV	905	195	2	0	18	175	156	19
PCT7625	ED	821	73	0	0	16	57	49	8
PCT7625	MV	821	415	1	0	83	331	290	41
PCT7626	ED	1081	128	1	0	14	113	101	12
PCT7626	MV	1081	361	0	1	32	328	281	47
PCT7627	ED	1075	116	0	0	17	99	85	14
PCT7627	MV	1075	319	-3	0	36	286	243	43
PCT7628	ED	906	156	0	0	11	145	126	19
PCT7628	MV	906	267	1	1	26	239	213	26
PCT7629	ED	805	108	0	1	8	99	86	13
PCT7629	MV	805	206	1	0	15	190	166	24
PCT7631	ED	1085	146	0	0	15	131	112	19
PCT7631	MV	1085	339	3	0	33	303	257	46
PCT7632	ED	965	167	0	0	19	148	130	18
PCT7632	MV	965	286	0	1	10	275	242	33
PCT7633	ED	702	90	0	0	7	83	63	20
PCT7633	MV	702	253	-1	0	34	220	188	32
PCT7634	ED	859	120	1	0	19	100	83	17
PCT7634	MV	859	291	0	0	34	257	225	32
PCT7635	ED	782	89	1	0	11	77	67	10
PCT7635	MV	782	242	1	2	18	221	185	36
PCT7636	ED	920	134	-1	1	14	120	97	23
PCT7636	MV	920	251	-2	0	21	232	193	39
PCT7637	ED	732	89	-1	1	10	79	59	20
PCT7637	MV	732	249	0	0	18	231	195	36
PCT7638	ED	1365	129	-2	0	11	120	99	21
PCT7638	MV	1365	492	0	0	44	448	378	70
PCT7639	ED	962	110	0	0	20	90	78	12
PCT7639	MV	962	319	-1	0	39	281	241	40
PCT7641	ED	931	114	0	0	14	100	82	18
PCT7641	MV	931	374	0	0	31	343	287	56
PCT7642	ED	909	84	0	0	12	72	63	9
PCT7642	MV	909	268	-1	0	53	216	182	34
PCT7643	ED	871	99	3	0	21	75	62	13
PCT7643	MV	871	355	2	0	34	319	265	54
PCT7644	ED	1082	156	-3	0	21	138	116	22
PCT7644	MV	1082	291	1	0	37	253	224	29
PCT7645	ED	631	63	0	0	10	53	42	11
PCT7645	MV	631	241	-1	0	16	226	195	31
PCT7646	ED	1035	110	0	0	14	96	82	14
PCT7646	MV	1035	326	1	0	29	296	258	38
PCT7647	ED	1027	107	0	0	12	95	77	18
PCT7647	MV	1027	185	-1	0	13	173	142	31
PCT7648	MV	2	0	0	0	0	0	0	0
PCT7649	ED	877	97	1	0	8	88	68	20
PCT7649	MV	877	234	1	0	30	203	176	27
PCT7651	ED	555	48	0	0	6	42	34	8
PCT7651	MV	555	155	0	0	9	146	129	17
PCT7652	ED	580	68	-1	0	2	67	57	10
PCT7652	MV	580	163	-1	0	19	145	131	14
PCT7653	ED	1092	137	2	0	10	125	106	19
PCT7653	MV	1092	321	2	1	26	292	264	28
PCT7701	ED	1012	225	0	0	23	202	164	38
PCT7701	MV	1012	383	0	0	42	341	281	60
PCT7702	ED	704	117	0	1	11	105	91	14
PCT7702	MV	704	302	-1	0	29	274	228	46
PCT7703	MV	172	66	-2	1	15	52	41	11
PCT7704	ED	977	208	0	0	23	185	136	49
PCT7704	MV	977	396	6	0	37	353	278	75
PCT7705	ED	547	123	0	0	12	111	86	25
PCT7705	MV	547	227	-1	1	23	204	167	37
PCT7706	ED	821	189	0	0	16	173	137	36
PCT7706	MV	821	341	0	0	33	308	259	49
PCT7707	ED	839	200	2	0	27	171	137	34
PCT7707	MV	839	379	9	0	32	338	279	59
PCT7708	ED	860	181	0	0	21	160	139	21
PCT7708	MV	860	400	0	0	50	350	285	65
PCT7709	ED	383	85	1	0	9	75	59	16
PCT7709	MV	383	174	2	0	11	161	140	21
PCT7711	ED	772	162	0	0	21	141	124	17
PCT7711	MV	772	344	-3	0	33	314	276	38
PCT7712	ED	524	131	1	1	11	118	104	14
PCT7712	MV	524	230	-1	0	15	216	184	32
PCT7801	ED	970	230	0	0	23	207	188	19
PCT7801	MV	970	424	0	2	34	388	331	57
PCT7802	ED	762	205	-2	0	17	190	160	30
PCT7802	MV	762	313	-2	0	35	280	237	43
PCT7803	ED	823	143	1	0	20	122	108	14
PCT7803	MV	823	412	-1	1	33	379	323	56
PCT7804	ED	891	236	0	0	30	206	168	38
PCT7804	MV	891	394	-1	0	37	358	323	35
PCT7805	ED	785	176	1	0	14	161	142	19
PCT7805	MV	785	348	-1	1	30	318	266	52
PCT7806	ED	699	163	-1	1	19	144	130	14
PCT7806	MV	699	283	1	0	22	260	241	19
PCT7807	ED	796	228	2	0	19	207	190	17
PCT7807	MV	796	273	1	0	29	243	217	26
PCT7808	ED	655	178	0	0	18	160	139	21
PCT7808	MV	655	243	-2	1	24	220	198	22
PCT7809	ED	742	160	-1	1	21	139	119	20
PCT7809	MV	742	267	2	0	22	243	215	28
PCT7811	ED	726	186	0	0	13	173	154	19
PCT7811	MV	726	243	0	0	18	225	198	27
PCT7812	ED	843	207	0	1	20	186	160	26
PCT7812	MV	843	292	-2	0	29	265	238	27
PCT7813	ED	988	251	-2	2	32	219	196	23
PCT7813	MV	988	362	1	0	29	332	307	25
PCT7814	ED	892	173	0	0	18	155	131	24
PCT7814	MV	892	223	1	1	17	204	173	31
PCT7815	ED	914	178	-2	0	18	162	134	28
PCT7815	MV	914	407	3	1	27	376	321	55
PCT7816	ED	858	202	1	0	20	181	158	23
PCT7816	MV	858	390	0	0	36	354	301	53
PCT7817	ED	795	215	-1	0	17	199	170	29
PCT7817	MV	795	309	3	0	11	295	270	25
PCT7818	ED	823	172	-1	1	17	155	136	19
PCT7818	MV	823	335	-2	1	32	304	269	35
PCT7819	ED	760	169	0	0	15	154	137	17
PCT7819	MV	760	297	2	0	37	258	219	39
PCT7821	ED	947	229	0	0	17	212	181	31
PCT7821	MV	947	439	3	1	29	406	351	55
PCT7822	ED	927	244	0	1	25	218	189	29
PCT7822	MV	927	343	2	0	21	320	280	40
PCT7823	ED	857	237	-1	0	17	221	197	24
PCT7823	MV	857	347	0	0	33	314	280	34
PCT7824	ED	756	170	1	0	17	152	140	12
PCT7824	MV	756	274	1	0	17	256	222	34
PCT7825	ED	580	160	0	0	17	143	126	17
PCT7825	MV	580	215	-1	0	17	199	174	25
PCT7826	ED	665	214	0	0	19	195	180	15
PCT7826	MV	665	194	-1	0	18	177	159	18
PCT7827	ED	828	199	0	0	20	179	160	19
PCT7827	MV	828	252	0	0	20	232	202	30
PCT7828	ED	976	205	-2	0	24	183	152	31
PCT7828	MV	976	397	-1	0	39	359	298	61
PCT7829	ED	882	199	0	1	12	186	145	41
PCT7829	MV	882	391	0	0	30	361	315	46
PCT7831	ED	828	202	0	1	18	183	162	21
PCT7831	MV	828	369	1	1	34	333	295	38
PCT7832	ED	781	162	-1	0	19	144	120	24
PCT7832	MV	781	343	-1	1	25	318	281	37
PCT7833	ED	745	182	0	0	26	156	136	20
PCT7833	MV	745	271	2	1	25	243	208	35
PCT7834	ED	836	225	-1	0	28	198	172	26
PCT7834	MV	836	288	0	0	26	262	244	18
PCT7835	ED	808	175	0	0	15	160	130	30
PCT7835	MV	808	338	1	1	18	318	273	45
PCT7836	ED	979	199	0	0	19	180	143	37
PCT7836	MV	979	421	2	0	28	391	337	54
PCT7837	ED	883	237	-1	0	23	215	192	23
PCT7837	MV	883	339	2	0	34	303	253	50
PCT7838	ED	891	210	2	1	19	188	168	20
PCT7838	MV	891	413	1	1	37	374	325	49
PCT7839	ED	830	172	2	0	21	149	122	27
PCT7839	MV	830	389	-1	0	34	356	316	40
PCT7841	ED	898	240	0	0	21	219	193	26
PCT7841	MV	898	353	0	0	27	326	293	33
PCT7842	ED	873	214	0	0	14	200	179	21
PCT7842	MV	873	308	1	0	24	283	250	33
PCT7843	ED	751	182	-1	0	19	164	144	20
PCT7843	MV	751	267	-1	0	21	247	223	24
PCT7844	ED	635	160	1	0	22	137	120	17
PCT7844	MV	635	245	-2	2	30	215	187	28
PCT7845	ED	803	202	0	0	23	179	156	23
PCT7845	MV	803	314	0	0	35	279	257	22
PCT7846	ED	871	221	0	0	26	195	161	34
PCT7846	MV	871	330	1	1	40	288	241	47
PCT7847	ED	878	207	-1	0	22	186	155	31
PCT7847	MV	878	358	1	1	44	312	271	41
PCT7848	ED	838	209	-3	0	31	181	162	19
PCT7848	MV	838	346	0	0	29	317	275	42
PCT7849	ED	904	237	0	0	31	206	178	28
PCT7849	MV	904	353	-2	1	33	321	274	47
PCT7851	ED	493	118	0	0	17	101	88	13
PCT7851	MV	493	204	0	0	24	180	147	33
PCT7852	ED	634	104	-1	0	7	98	77	21
PCT7852	MV	634	303	0	0	23	280	244	36
PCT7853	ED	837	180	0	0	27	153	129	24
PCT7853	MV	837	333	0	1	27	305	261	44
PCT7854	ED	874	216	-1	1	32	184	156	28
PCT7854	MV	874	346	2	0	33	311	274	37
PCT7855	ED	949	259	0	0	24	235	208	27
PCT7855	MV	949	359	-6	1	44	320	282	38
PCT7856	ED	790	204	1	0	19	184	160	24
PCT7856	MV	790	312	-1	1	32	280	247	33
PCT7857	ED	913	226	0	0	28	198	177	21
PCT7857	MV	913	350	-1	2	33	316	270	46
PCT7858	ED	743	192	2	0	20	170	157	13
PCT7858	MV	743	252	0	0	18	234	202	32
PCT7859	ED	879	219	-1	1	24	195	168	27
PCT7859	MV	879	352	0	0	40	312	269	43
PCT7861	ED	835	184	0	1	22	161	137	24
PCT7861	MV	835	367	-1	1	24	343	303	40
PCT7862	ED	850	237	0	0	20	217	186	31
PCT7862	MV	850	323	-2	0	29	296	249	47
PCT7863	ED	870	237	0	0	17	220	189	31
PCT7863	MV	870	302	-2	0	29	275	231	44
PCT7864	ED	773	188	0	0	14	174	150	24
PCT7864	MV	773	284	-2	1	24	261	236	25
PCT7865	ED	808	178	1	0	14	163	134	29
PCT7865	MV	808	310	-1	0	35	276	235	41
PCT7866	ED	816	184	-1	1	22	162	141	21
PCT7866	MV	816	389	-2	1	37	353	299	54
PCT7867	ED	932	209	0	0	34	175	144	31
PCT7867	MV	932	385	1	2	36	346	297	49
PCT7868	ED	860	218	-1	0	30	189	156	33
PCT7868	MV	860	324	2	1	24	297	255	42
PCT7869	ED	842	219	0	0	29	190	160	30
PCT7869	MV	842	376	-1	1	39	337	292	45
PCT7871	ED	882	240	-3	0	31	212	166	46
PCT7871	MV	882	364	1	1	32	330	290	40
PCT7872	ED	864	242	-1	0	29	214	173	41
PCT7872	MV	864	369	0	1	31	337	274	63
PCT7873	ED	841	231	0	0	26	205	184	21
PCT7873	MV	841	387	0	1	43	343	303	40
PCT7874	ED	453	85	0	0	8	77	63	14
PCT7874	MV	453	174	1	0	18	155	133	22
PCT7875	ED	615	127	0	0	18	109	89	20
PCT7875	MV	615	203	-3	0	27	179	136	43
PCT7876	ED	491	101	0	0	17	84	70	14
PCT7876	MV	491	148	-1	0	14	135	125	10
PCT7901	ED	466	87	-2	0	15	74	67	7
PCT7901	MV	466	133	0	0	14	119	101	18
PCT7902	ED	921	188	0	0	12	176	153	23
PCT7902	MV	921	259	-1	0	25	235	208	27
PCT7903	ED	819	144	0	0	21	123	104	19
PCT7903	MV	819	244	0	1	25	218	186	32
PCT7904	ED	846	137	1	0	13	123	113	10
PCT7904	MV	846	248	-3	0	18	233	196	37
PCT7905	ED	821	199	-1	0	17	183	167	16
PCT7905	MV	821	275	2	1	12	260	224	36
PCT7906	ED	769	164	0	0	19	145	129	16
PCT7906	MV	769	214	-3	0	16	201	180	21
PCT7907	ED	926	201	2	0	17	182	161	21
PCT7907	MV	926	286	2	0	18	266	236	30
PCT7908	ED	936	191	0	0	20	171	147	24
PCT7908	MV	936	267	-1	0	25	243	208	35
PCT7909	ED	726	190	0	1	12	177	161	16
PCT7909	MV	726	221	-4	0	22	203	189	14
PCT7911	ED	849	192	1	0	23	168	141	27
PCT7911	MV	849	250	-4	0	25	229	201	28
PCT7912	ED	1036	215	0	0	21	194	173	21
PCT7912	MV	1036	314	2	1	30	281	249	32
PCT7913	ED	887	240	-7	0	28	219	184	35
PCT7913	MV	887	244	1	2	20	221	201	20
PCT7914	ED	833	208	0	0	21	187	168	19
PCT7914	MV	833	253	-1	1	15	238	201	37
PCT7915	ED	802	213	0	0	20	193	173	20
PCT7915	MV	802	222	-1	0	17	206	191	15
PCT7916	ED	887	215	0	2	17	196	176	20
PCT7916	MV	887	289	0	1	17	271	239	32
PCT7917	ED	983	254	-1	0	23	232	203	29
PCT7917	MV	983	287	0	1	17	269	236	33
PCT7918	ED	790	191	0	0	16	175	156	19
PCT7918	MV	790	234	1	0	20	213	195	18
PCT7919	ED	857	217	0	0	22	195	174	21
PCT7919	MV	857	241	0	0	15	226	209	17
PCT7921	ED	883	151	-3	0	14	140	118	22
PCT7921	MV	883	210	0	0	16	194	155	39
PCT7922	ED	797	182	1	0	13	168	150	18
PCT7922	MV	797	241	-1	0	11	231	202	29
PCT7923	ED	863	202	1	1	17	183	157	26
PCT7923	MV	863	241	-1	0	9	233	208	25
PCT7924	ED	806	172	1	0	12	159	140	19
PCT7924	MV	806	247	0	0	16	231	205	26
PCT7925	ED	570	114	1	0	15	98	87	11
PCT7925	MV	570	191	0	0	8	183	163	20
PCT7926	ED	768	177	0	0	21	156	139	17
PCT7926	MV	768	296	2	0	20	274	233	41
PCT7927	ED	733	187	0	0	15	172	147	25
PCT7927	MV	733	289	-1	1	27	262	231	31
PCT7928	ED	899	253	0	0	21	232	204	28
PCT7928	MV	899	297	-1	2	22	274	244	30
PCT7929	ED	840	200	0	0	19	181	161	20
PCT7929	MV	840	367	-1	1	20	347	303	44
PCT7931	ED	732	189	0	1	17	171	149	22
PCT7931	MV	732	317	-1	0	27	291	262	29
PCT7932	ED	551	112	-1	0	12	101	86	15
PCT7932	MV	551	225	1	0	19	205	186	19
PCT7933	MV	8	4	0	0	1	3	3	0
PCT7934	ED	885	195	-4	0	19	180	161	19
PCT7934	MV	885	328	1	1	37	289	263	26
PCT7935	ED	938	283	1	0	30	252	228	24
PCT7935	MV	938	370	1	2	36	331	290	41
PCT7936	ED	832	246	0	1	28	217	190	27
PCT7936	MV	832	326	2	1	24	299	275	24
PCT7937	ED	874	223	0	0	21	202	186	16
PCT7937	MV	874	309	-1	0	21	289	263	26
PCT7938	ED	774	162	0	0	17	145	124	21
PCT7938	MV	774	247	0	0	14	233	202	31
PCT7939	ED	667	186	1	0	20	165	149	16
PCT7939	MV	667	230	-2	0	21	211	193	18
PCT7941	ED	728	167	0	0	16	151	134	17
PCT7941	MV	728	236	1	1	29	205	179	26
PCT7942	ED	893	166	1	0	21	144	111	33
PCT7942	MV	893	286	0	0	29	257	226	31
PCT7943	ED	887	192	-3	0	14	181	149	32
PCT7943	MV	887	319	0	2	25	292	254	38
PCT7944	ED	769	201	-2	0	19	184	166	18
PCT7944	MV	769	235	-1	0	14	222	196	26
PCT7945	ED	897	118	-2	0	11	109	97	12
PCT7945	MV	897	294	-1	0	29	266	237	29
PCT7946	ED	909	134	1	0	14	119	102	17
PCT7946	MV	909	348	4	0	45	299	254	45
PCT7947	ED	894	128	-1	0	15	114	86	28
PCT7947	MV	894	327	-2	0	46	283	225	58
PCT7948	ED	900	165	0	0	16	149	123	26
PCT7948	MV	900	313	-2	0	44	271	227	44
PCT7949	ED	552	78	3	0	10	65	47	18
PCT7949	MV	552	224	0	0	27	197	168	29
PCT7951	ED	830	97	0	1	15	81	69	12
PCT7951	MV	830	341	-3	0	40	304	255	49
PCT7952	ED	823	100	0	0	17	83	64	19
PCT7952	MV	823	288	-4	0	21	271	221	50
PCT7953	ED	795	103	-4	0	12	95	76	19
PCT7953	MV	795	294	-2	0	34	262	205	57
PCT7955	ED	854	116	1	0	9	106	86	20
PCT7955	MV	854	320	-1	0	40	281	221	60
PCT7956	ED	779	101	2	0	17	82	69	13
PCT7956	MV	779	247	6	0	22	219	174	45
PCT7957	ED	623	97	1	0	11	85	66	19
PCT7957	MV	623	217	0	1	26	190	156	34
PCT7958	MV	263	104	-3	0	7	100	79	21
PCT7959	ED	695	110	-2	0	13	99	81	18
PCT7959	MV	695	190	2	0	12	176	162	14
PCT9001	MV	257	101	1	0	7	93	81	12
PCT9101	ED	833	190	-1	0	27	164	127	37
PCT9101	MV	833	323	-2	1	36	288	231	57
PCT9102	ED	950	182	-1	0	29	154	129	25
PCT9102	MV	950	335	1	1	38	295	237	58
PCT9103	ED	924	174	0	0	21	153	121	32
PCT9103	MV	924	302	-1	0	26	277	231	46
PCT9104	ED	937	176	0	1	25	150	121	29
PCT9104	MV	937	332	-2	0	36	298	245	53
PCT9105	ED	888	191	0	0	27	164	140	24
PCT9105	MV	888	339	-1	0	30	310	266	44
PCT9106	ED	907	213	1	0	24	188	156	32
PCT9106	MV	907	334	5	0	41	288	237	51
PCT9107	ED	806	164	0	0	25	139	117	22
PCT9107	MV	806	246	3	0	26	217	187	30
PCT9108	ED	761	185	1	0	18	166	144	22
PCT9108	MV	761	220	0	0	22	198	172	26
PCT9109	ED	848	205	-1	1	23	182	139	43
PCT9109	MV	848	285	1	0	31	253	212	41
PCT9111	ED	756	150	0	0	12	138	111	27
PCT9111	MV	756	226	-2	0	26	202	167	35
PCT9112	ED	918	211	0	0	17	194	170	24
PCT9112	MV	918	295	-1	0	26	270	241	29
PCT9113	ED	959	231	1	0	35	195	164	31
PCT9113	MV	959	351	0	0	34	317	268	49
PCT9114	ED	820	170	0	0	28	142	126	16
PCT9114	MV	820	273	0	0	27	246	220	26
PCT9115	ED	873	172	0	0	25	147	119	28
PCT9115	MV	873	287	0	0	32	255	226	29
PCT9116	ED	903	193	2	0	18	173	141	32
PCT9116	MV	903	314	1	0	28	285	234	51
PCT9117	ED	756	180	0	0	18	162	136	26
PCT9117	MV	756	285	1	1	29	254	219	35
PCT9118	ED	923	184	0	0	22	162	133	29
PCT9118	MV	923	268	-2	0	35	235	193	42
PCT9119	ED	856	152	-3	0	25	130	109	21
PCT9119	MV	856	323	-1	0	27	297	241	56
PCT9121	ED	890	188	0	0	23	165	140	25
PCT9121	MV	890	274	-1	0	33	242	198	44
PCT9122	ED	913	131	0	0	22	109	86	23
PCT9122	MV	913	292	-2	1	33	260	216	44
PCT9123	ED	829	175	0	1	16	158	130	28
PCT9123	MV	829	270	1	0	33	236	203	33
PCT9124	ED	832	150	0	1	16	133	110	23
PCT9124	MV	832	290	-1	0	45	246	199	47
PCT9125	ED	822	159	-2	0	19	142	114	28
PCT9125	MV	822	299	-5	0	33	271	238	33
PCT9126	ED	945	186	0	0	24	162	142	20
PCT9126	MV	945	350	1	0	48	301	247	54
PCT9127	ED	908	209	0	1	24	184	145	39
PCT9127	MV	908	315	-3	3	41	274	231	43
PCT9128	ED	805	188	0	0	23	165	135	30
PCT9128	MV	805	296	-2	0	40	258	202	56
PCT9129	ED	713	173	0	0	9	164	137	27
PCT9129	MV	713	225	0	0	33	192	159	33
PCT9131	ED	740	151	0	0	16	135	110	25
PCT9131	MV	740	274	-1	0	21	254	228	26
PCT9132	ED	827	167	0	0	22	145	119	26
PCT9132	MV	827	251	-1	0	31	221	186	35
PCT9133	ED	1007	188	0	0	22	166	149	17
PCT9133	MV	1007	388	1	0	45	342	292	50
PCT9134	ED	893	132	-2	1	14	119	101	18
PCT9134	MV	893	297	4	0	25	268	225	43
PCT9135	ED	778	149	0	0	14	135	100	35
PCT9135	MV	778	269	2	0	28	239	189	50
PCT9136	ED	894	191	0	0	20	171	154	17
PCT9136	MV	894	289	2	0	34	253	209	44
PCT9137	ED	946	201	-1	0	22	180	142	38
PCT9137	MV	946	323	2	1	39	281	243	38
PCT9138	ED	892	155	0	1	19	135	116	19
PCT9138	MV	892	323	-3	0	28	298	259	39
PCT9139	ED	912	163	-1	0	16	148	125	23
PCT9139	MV	912	356	1	0	35	320	257	63
PCT9141	ED	904	168	-1	0	19	150	118	32
PCT9141	MV	904	328	-1	0	39	290	245	45
PCT9142	ED	921	219	1	0	18	200	167	33
PCT9142	MV	921	288	0	0	33	255	222	33
PCT9143	ED	887	196	1	0	31	164	136	28
PCT9143	MV	887	315	-1	1	36	279	239	40
PCT9144	ED	931	221	1	0	13	207	176	31
PCT9144	MV	931	322	-2	0	34	290	240	50
PCT9145	ED	837	197	1	0	25	171	140	31
PCT9145	MV	837	282	0	0	23	259	221	38
PCT9146	ED	866	206	1	0	23	182	159	23
PCT9146	MV	866	297	2	0	39	256	223	33
PCT9147	ED	920	227	1	0	24	202	176	26
PCT9147	MV	920	318	-4	0	33	289	252	37
PCT9148	ED	946	226	-1	1	22	204	181	23
PCT9148	MV	946	322	3	0	27	292	246	46
PCT9149	ED	884	196	0	0	24	172	143	29
PCT9149	MV	884	296	3	0	31	262	225	37
PCT9151	ED	806	152	-1	0	16	137	120	17
PCT9151	MV	806	267	-1	0	33	235	194	41
PCT9152	ED	712	67	1	0	3	63	53	10
PCT9152	MV	712	138	2	0	12	124	98	26
PCT9201	ED	953	201	0	0	14	187	166	21
PCT9201	MV	953	229	3	0	24	202	168	34
PCT9202	ED	908	184	-1	0	16	169	138	31
PCT9202	MV	908	218	0	0	18	200	171	29
PCT9203	ED	968	145	0	0	19	126	97	29
PCT9203	MV	968	300	1	0	32	267	212	55
PCT9204	ED	809	147	1	0	23	123	98	25
PCT9204	MV	809	223	-2	1	13	211	170	41
PCT9205	ED	694	113	0	1	14	98	79	19
PCT9205	MV	694	201	1	0	27	173	146	27
PCT9206	ED	887	135	-2	0	23	114	90	24
PCT9206	MV	887	294	0	0	28	266	212	54
PCT9207	ED	913	148	0	0	18	130	107	23
PCT9207	MV	913	249	-2	0	19	232	194	38
PCT9208	ED	936	147	0	0	18	129	106	23
PCT9208	MV	936	240	-2	0	20	222	187	35
PCT9209	ED	675	121	-1	0	10	112	89	23
PCT9209	MV	675	188	-3	0	21	170	144	26
PCT9211	ED	834	130	0	2	14	114	93	21
PCT9211	MV	834	212	-1	0	27	186	151	35
PCT9212	ED	764	121	0	0	17	104	77	27
PCT9212	MV	764	205	0	0	32	173	140	33
PCT9213	ED	890	140	0	0	12	128	99	29
PCT9213	MV	890	260	1	0	29	230	185	45
PCT9214	ED	581	92	0	0	16	76	58	18
PCT9214	MV	581	203	2	0	12	189	163	26
PCT9215	ED	626	130	0	0	23	107	82	25
PCT9215	MV	626	170	2	0	13	155	134	21
PCT9216	ED	798	134	0	0	23	111	92	19
PCT9216	MV	798	206	2	0	24	180	153	27
PCT9217	ED	684	123	0	0	12	111	88	23
PCT9217	MV	684	187	0	0	17	170	131	39
PCT9218	ED	797	119	0	0	19	100	81	19
PCT9218	MV	797	225	-1	0	32	194	156	38
PCT9219	ED	733	146	0	0	21	125	108	17
PCT9219	MV	733	187	1	0	20	166	137	29
PCT9221	ED	641	121	0	0	15	106	78	28
PCT9221	MV	641	278	0	0	24	254	216	38
PCT9222	ED	842	139	0	0	17	122	105	17
PCT9222	MV	842	268	1	0	25	242	205	37
PCT9223	ED	606	88	2	0	11	75	60	15
PCT9223	MV	606	202	3	0	29	170	144	26
PCT9224	ED	912	171	2	0	16	153	127	26
PCT9224	MV	912	308	-1	0	32	277	227	50
PCT9225	ED	898	161	0	0	10	151	120	31
PCT9225	MV	898	243	0	0	18	225	187	38
PCT9226	ED	905	143	-1	0	20	124	106	18
PCT9226	MV	905	312	-2	0	39	275	220	55
PCT9227	ED	729	140	0	0	18	122	97	25
PCT9227	MV	729	304	2	1	39	262	218	44
PCT9228	ED	726	175	0	0	23	152	131	21
PCT9228	MV	726	277	1	2	29	245	200	45
PCT9229	ED	596	130	-1	0	21	110	91	19
PCT9229	MV	596	219	0	1	13	205	184	21
PCT9231	ED	919	221	0	0	26	195	162	33
PCT9231	MV	919	294	0	0	38	256	222	34
PCT9232	ED	701	151	2	0	24	125	104	21
PCT9232	MV	701	274	0	0	29	245	210	35
PCT9233	ED	774	139	0	0	21	118	95	23
PCT9233	MV	774	308	0	0	38	270	223	47
PCT9234	ED	731	131	-1	0	25	107	90	17
PCT9234	MV	731	281	-1	0	41	241	209	32
PCT9235	ED	842	174	1	0	26	147	123	24
PCT9235	MV	842	298	0	0	37	261	207	54
PCT9236	ED	658	130	0	0	22	108	93	15
PCT9236	MV	658	207	0	0	28	179	151	28
PCT9237	ED	880	145	0	0	14	131	109	22
PCT9237	MV	880	331	-1	1	35	296	246	50
PCT9238	ED	792	130	-2	1	22	109	91	18
PCT9238	MV	792	271	-1	0	29	243	210	33
PCT9239	ED	835	117	0	0	14	103	88	15
PCT9239	MV	835	318	-4	1	32	289	253	36
PCT9241	ED	961	158	1	1	16	140	122	18
PCT9241	MV	961	322	3	0	20	299	249	50
PCT9242	ED	940	154	1	0	23	130	108	22
PCT9242	MV	940	300	0	0	33	267	228	39
PCT9243	ED	572	135	0	0	22	113	96	17
PCT9243	MV	572	188	2	0	17	169	139	30
PCT9244	ED	880	149	1	0	20	128	108	20
PCT9244	MV	880	269	-2	0	36	235	205	30
PCT9245	ED	706	128	0	0	18	110	100	10
PCT9245	MV	706	226	2	0	21	203	168	35
PCT9246	ED	910	139	0	0	13	126	106	20
PCT9246	MV	910	299	0	0	37	262	220	42
PCT9247	ED	936	151	-1	0	11	141	122	19
PCT9247	MV	936	303	1	0	26	276	231	45
PCT9248	ED	898	181	0	0	20	161	135	26
PCT9248	MV	898	282	0	1	29	252	224	28
PCT9249	ED	910	187	1	0	31	155	132	23
PCT9249	MV	910	314	0	1	27	286	257	29
PCT9251	ED	946	204	-1	0	23	182	153	29
PCT9251	MV	946	342	0	0	32	310	270	40
PCT9252	ED	913	140	-1	0	17	124	106	18
PCT9252	MV	913	352	2	0	33	317	256	61
PCT9253	ED	751	138	2	0	23	113	95	18
PCT9253	MV	751	272	-1	0	30	243	203	40
PCT9254	ED	889	168	0	0	19	149	129	20
PCT9254	MV	889	318	-1	1	27	291	251	40
PCT9255	ED	545	126	0	0	15	111	97	14
PCT9255	MV	545	128	1	0	9	118	103	15
PCT9256	ED	433	77	0	0	10	67	62	5
PCT9256	MV	433	103	-2	0	11	94	81	13
PCT9257	MV	312	150	0	0	15	135	121	14
PCT9258	ED	699	127	0	0	9	118	96	22
PCT9258	MV	699	244	1	0	22	221	185	36
PCT9401	ED	970	194	0	0	25	169	148	21
PCT9401	MV	970	293	-1	0	36	258	213	45
PCT9402	ED	931	197	0	1	20	176	148	28
PCT9402	MV	931	307	0	1	37	269	226	43
PCT9403	ED	853	167	-1	0	21	147	119	28
PCT9403	MV	853	286	2	1	24	259	220	39
PCT9404	ED	889	153	0	0	15	138	123	15
PCT9404	MV	889	320	0	0	46	274	216	58
PCT9405	ED	757	160	-1	0	19	142	104	38
PCT9405	MV	757	245	0	0	32	213	169	44
PCT9406	ED	815	179	0	1	19	159	130	29
PCT9406	MV	815	277	2	0	29	246	207	39
PCT9407	ED	861	191	0	0	23	168	141	27
PCT9407	MV	861	284	-2	1	34	251	205	46
PCT9408	ED	837	187	1	0	23	163	138	25
PCT9408	MV	837	246	-4	0	26	224	203	21
PCT9409	ED	565	140	0	0	10	130	108	22
PCT9409	MV	565	170	0	0	26	144	123	21
PCT9411	ED	936	175	-1	0	22	154	124	30
PCT9411	MV	936	261	1	0	22	238	205	33
PCT9412	ED	843	164	0	0	14	150	122	28
PCT9412	MV	843	285	-1	0	40	246	206	40
PCT9413	ED	858	172	-1	0	31	142	113	29
PCT9413	MV	858	310	1	1	49	259	215	44
PCT9414	ED	862	159	1	0	27	131	101	30
PCT9414	MV	862	307	-2	0	34	275	228	47
PCT9415	ED	755	121	-3	0	11	113	94	19
PCT9415	MV	755	284	-3	0	30	257	218	39
PCT9416	ED	962	198	0	1	20	177	142	35
PCT9416	MV	962	316	-2	0	47	271	227	44
PCT9417	ED	714	117	1	0	13	103	85	18
PCT9417	MV	714	286	-3	1	44	244	193	51
PCT9418	ED	753	157	0	0	23	134	104	30
PCT9418	MV	753	269	-3	0	39	233	198	35
PCT9419	ED	893	167	-1	0	27	141	119	22
PCT9419	MV	893	326	2	1	30	293	243	50
PCT9421	ED	878	150	-1	0	27	124	102	22
PCT9421	MV	878	316	-1	0	37	280	226	54
PCT9422	ED	1010	200	1	0	25	174	143	31
PCT9422	MV	1010	358	-1	1	40	318	259	59
PCT9423	ED	853	147	0	0	16	131	109	22
PCT9423	MV	853	292	-3	0	42	253	206	47
PCT9424	ED	910	146	1	0	24	121	94	27
PCT9424	MV	910	331	0	1	24	306	239	67
PCT9425	ED	903	136	2	0	18	116	95	21
PCT9425	MV	903	313	0	0	42	271	221	50
PCT9426	ED	801	143	-1	0	19	125	96	29
PCT9426	MV	801	283	7	0	44	232	192	40
PCT9427	ED	889	129	0	0	21	108	85	23
PCT9427	MV	889	333	1	1	33	298	233	65
PCT9428	ED	892	122	-1	0	18	105	89	16
PCT9428	MV	892	346	-2	1	41	306	258	48
PCT9429	ED	866	173	0	1	24	148	105	43
PCT9429	MV	866	308	-1	0	39	270	216	54
PCT9431	ED	954	152	-1	0	14	139	112	27
PCT9431	MV	954	352	1	1	45	305	229	76
PCT9432	ED	901	155	0	0	21	134	101	33
PCT9432	MV	901	307	1	0	41	265	225	40
PCT9433	ED	912	155	0	0	20	135	108	27
PCT9433	MV	912	317	0	0	37	280	233	47
PCT9434	ED	963	188	-1	1	28	160	133	27
PCT9434	MV	963	349	-3	0	44	308	239	69
PCT9435	ED	934	195	0	0	23	172	133	39
PCT9435	MV	934	320	-4	0	55	269	228	41
PCT9436	ED	941	161	0	0	20	141	110	31
PCT9436	MV	941	337	-4	0	48	293	245	48
PCT9437	ED	873	170	0	1	24	145	111	34
PCT9437	MV	873	324	1	2	41	280	233	47
PCT9438	ED	918	129	1	0	15	113	90	23
PCT9438	MV	918	336	-1	0	40	297	245	52
PCT9439	ED	827	126	0	0	11	115	90	25
PCT9439	MV	827	314	-2	0	40	276	219	57
PCT9441	ED	939	205	-1	0	30	176	150	26
PCT9441	MV	939	337	-1	1	39	298	252	46
PCT9442	ED	970	200	2	0	18	180	156	24
PCT9442	MV	970	325	-2	0	49	278	217	61
PCT9443	ED	886	138	0	0	14	124	95	29
PCT9443	MV	886	304	0	0	30	274	232	42
PCT9444	ED	901	118	-3	0	17	104	77	27
PCT9444	MV	901	312	-1	0	42	271	222	49
PCT9445	ED	945	154	0	1	13	140	109	31
PCT9445	MV	945	342	-1	0	50	293	253	40
PCT9446	ED	1043	164	1	0	27	136	107	29
PCT9446	MV	1043	417	1	0	48	368	309	59
PCT9447	ED	891	171	1	0	21	149	123	26
PCT9447	MV	891	327	0	0	36	291	244	47
PCT9448	ED	877	159	0	1	18	140	109	31
PCT9448	MV	877	307	-4	0	45	266	215	51
PCT9449	ED	784	97	-1	0	11	87	62	25
PCT9449	MV	784	302	0	0	42	260	204	56
PCT9451	ED	414	57	0	0	9	48	31	17
PCT9451	MV	414	154	4	0	13	137	102	35
PCT9452	ED	799	175	0	0	19	156	120	36
PCT9452	MV	799	281	0	0	44	237	184	53
PCT9453	ED	488	90	0	0	8	82	66	16
PCT9453	MV	488	175	0	1	19	155	124	31
PCT9501	MV	149	71	-2	0	9	64	55	9
PCT9502	MV	233	116	-1	0	9	108	93	15
PCT9503	ED	725	128	0	1	19	108	83	25
PCT9503	MV	725	184	2	1	23	158	138	20
PCT9505	ED	756	147	0	0	23	124	101	23
PCT9505	MV	756	274	0	0	31	243	209	34
PCT9506	ED	771	134	0	0	18	116	97	19
PCT9506	MV	771	217	2	0	25	190	161	29
PCT9507	ED	733	170	0	0	20	150	131	19
PCT9507	MV	733	218	-1	0	19	200	178	22
PCT9508	ED	784	180	0	0	17	163	142	21
PCT9508	MV	784	258	-1	0	17	242	218	24
PCT9509	ED	719	165	-1	1	25	140	121	19
PCT9509	MV	719	239	-1	0	24	216	195	21
PCT9511	ED	600	147	-2	0	21	128	111	17
PCT9511	MV	600	177	0	0	17	160	129	31
PCT9512	ED	771	161	-1	0	16	146	122	24
PCT9512	MV	771	251	-4	0	26	229	198	31
PCT9513	ED	864	200	1	0	22	177	148	29
PCT9513	MV	864	261	3	1	20	237	210	27
PCT9514	ED	869	229	1	0	25	203	173	30
PCT9514	MV	869	257	-1	0	24	234	209	25
PCT9515	ED	685	159	0	0	13	146	124	22
PCT9515	MV	685	243	-2	0	27	218	198	20
PCT9516	ED	864	206	0	1	23	182	149	33
PCT9516	MV	864	269	1	0	32	236	206	30
PCT9517	ED	768	197	0	0	20	177	154	23
PCT9517	MV	768	235	1	1	20	213	184	29
PCT9518	ED	783	180	0	0	12	168	144	24
PCT9518	MV	783	242	-1	0	22	221	188	33
PCT9519	ED	850	217	0	0	29	188	157	31
PCT9519	MV	850	294	0	0	28	266	249	17
PCT9521	ED	893	254	0	0	23	231	193	38
PCT9521	MV	893	290	-2	0	19	273	245	28
PCT9701	ED	665	156	0	0	15	141	125	16
PCT9701	MV	665	235	-1	0	35	201	175	26
PCT9702	ED	710	194	0	0	12	182	155	27
PCT9702	MV	710	231	1	0	22	208	174	34
PCT9703	ED	931	182	-1	0	21	162	132	30
PCT9703	MV	931	373	3	0	35	335	286	49
PCT9704	ED	942	191	1	0	10	180	152	28
PCT9704	MV	942	354	-1	1	48	306	258	48
PCT9705	ED	879	208	0	0	17	191	165	26
PCT9705	MV	879	309	-1	0	28	282	243	39
PCT9706	MV	51	32	0	0	2	30	25	5
PCT9707	ED	799	121	0	0	9	112	91	21
PCT9707	MV	799	355	0	0	42	313	255	58
PCT9708	ED	919	193	1	1	22	169	144	25
PCT9708	MV	919	324	6	0	36	282	230	52
PCT9709	ED	998	196	0	1	32	163	133	30
PCT9709	MV	998	355	-3	1	43	314	272	42
PCT9711	ED	625	167	0	0	25	142	113	29
PCT9711	MV	625	254	-1	0	17	238	196	42
PCT9712	ED	651	134	-1	0	6	129	101	28
PCT9712	MV	651	288	1	0	32	255	202	53
PCT9713	ED	930	161	6	0	32	123	90	33
PCT9713	MV	930	362	0	0	38	324	258	66
PCT9714	ED	911	154	0	0	21	133	98	35
PCT9714	MV	911	367	-1	0	46	322	256	66
PCT9715	ED	566	162	0	0	15	147	124	23
PCT9715	MV	566	218	4	0	20	194	154	40
PCT9716	ED	928	198	-1	0	19	180	139	41
PCT9716	MV	928	368	5	0	42	321	273	48
PCT9717	ED	967	206	0	0	18	188	139	49
PCT9717	MV	967	371	-2	0	34	339	276	63
PCT9718	ED	843	183	-1	0	15	169	137	32
PCT9718	MV	843	385	2	0	40	343	288	55
PCT9719	ED	863	186	1	0	24	161	132	29
PCT9719	MV	863	389	2	1	37	349	295	54
PCT9721	ED	653	182	-1	0	21	162	123	39
PCT9721	MV	653	250	-1	0	27	224	182	42
PCT9722	ED	593	86	-1	0	10	77	58	19
PCT9722	MV	593	269	-3	0	33	239	209	30
PCT9723	ED	458	74	0	0	16	58	44	14
PCT9723	MV	458	198	1	0	19	178	129	49
PCT9724	ED	950	144	0	0	13	131	96	35
PCT9724	MV	950	386	-4	0	47	343	270	73
PCT9725	ED	941	118	-2	0	20	100	72	28
PCT9725	MV	941	350	-3	0	46	307	245	62
PCT9726	ED	685	83	0	0	9	74	56	18
PCT9726	MV	685	137	-5	2	14	126	90	36
PCT9727	ED	435	60	-1	1	6	54	45	9
PCT9727	MV	435	205	3	0	19	183	147	36
PCT9728	ED	906	204	-2	0	22	184	137	47
PCT9728	MV	906	378	-1	0	37	342	260	82
PCT9729	ED	782	161	1	0	9	151	122	29
PCT9729	MV	782	304	1	0	22	281	229	52
PCT9731	ED	529	138	0	0	8	130	100	30
PCT9731	MV	529	189	0	1	8	180	147	33
PCT9732	MV	73	43	0	0	4	39	33	6
PCT9733	MV	224	146	0	0	11	135	108	27
PCT9734	ED	577	122	-1	0	13	110	89	21
PCT9734	MV	577	261	-2	0	19	244	207	37
PCT9735	ED	782	167	1	0	25	141	114	27
PCT9735	MV	782	344	6	0	27	311	254	57
PCT9736	ED	699	145	0	0	16	129	99	30
PCT9736	MV	699	305	5	0	31	269	227	42
PCT9737	ED	792	175	0	0	12	163	135	28
PCT9737	MV	792	343	0	0	32	311	263	48
PCT9738	ED	830	99	0	0	16	83	70	13
PCT9738	MV	830	263	1	1	28	233	193	40
PCT9739	ED	826	126	0	0	12	114	97	17
PCT9739	MV	826	193	-2	1	17	177	149	28
PCT9741	ED	1022	19	0	0	2	17	16	1
PCT9741	MV	1022	24	0	0	2	22	19	3
PCT9742	ED	647	134	0	1	15	118	100	18
PCT9742	MV	647	187	3	0	21	163	125	38
PCT9743	ED	1093	172	0	0	23	149	125	24
PCT9743	MV	1093	317	1	0	36	280	224	56
PCT9744	ED	902	141	1	0	15	125	97	28
PCT9744	MV	902	234	2	0	29	203	145	58
PCT9745	ED	934	141	0	0	17	124	100	24
PCT9745	MV	934	205	2	0	24	179	154	25
PCT9746	ED	867	192	0	0	28	164	119	45
PCT9746	MV	867	334	0	0	29	305	260	45
PCT9747	ED	940	198	0	0	24	174	142	32
PCT9747	MV	940	323	-1	1	37	286	239	47
PCT9748	ED	913	164	1	0	21	142	109	33
PCT9748	MV	913	342	-3	1	41	303	244	59
PCT9749	ED	893	143	-2	0	17	128	102	26
PCT9749	MV	893	266	4	0	25	237	201	36
PCT9751	ED	977	157	-1	1	16	141	117	24
PCT9751	MV	977	384	-2	0	45	341	282	59
PCT9752	ED	692	143	0	0	18	125	96	29
PCT9752	MV	692	305	0	0	28	277	231	46
PCT9753	ED	735	148	-1	0	13	136	111	25
PCT9753	MV	735	266	-1	0	25	242	217	25
PCT9754	ED	701	169	0	0	16	153	135	18
PCT9754	MV	701	296	-2	0	30	268	239	29
PCT9755	ED	553	120	-1	0	8	113	92	21
PCT9755	MV	553	201	1	0	12	188	161	27
PCT9756	ED	908	126	0	0	24	102	87	15
PCT9756	MV	908	297	4	0	25	268	215	53
PCT9801	ED	399	76	-1	0	7	70	52	18
PCT9801	MV	399	148	2	0	18	128	108	20
CONG12	TO	426647	225360	-47	215	24652	200540	170310	30230
CONG14	TO	55344	28223	-9	19	3128	25085	20433	4652
ASSM17	TO	280269	147301	-16	151	15719	131447	112739	18708
ASSM19	TO	201722	106282	-40	83	12061	94178	78004	16174
BART7	TO	36166	15261	3	14	1834	13410	11131	2279
BART8	TO	215670	112119	-2	90	13211	98820	81638	17182
BART9	TO	230155	126203	-57	130	12735	113395	97974	15421
SUPV1	TO	40919	22431	-7	17	2503	19918	16710	3208
SUPV2	TO	48242	24389	9	19	2723	21638	18179	3459
SUPV3	TO	38273	18567	11	13	2401	16142	13706	2436
SUPV4	TO	41216	21994	-34	23	2751	19254	15693	3561
SUPV5	TO	52114	28694	-14	26	2989	25693	22482	3211
SUPV6	TO	41151	17498	7	15	1978	15498	13247	2251
SUPV7	TO	46301	26230	27	19	2740	23444	19192	4252
SUPV8	TO	56415	36015	-19	48	3456	32530	28190	4340
SUPV9	TO	41665	22565	-32	27	2069	20501	17833	2668
SUPV10	TO	39848	17900	7	17	2157	15719	12977	2742
SUPV11	TO	35847	17300	-11	10	2013	15288	12534	2754
NEIG1	TO	19131	7881	16	9	1086	6770	5495	1275
NEIG2	TO	16742	8038	5	4	1130	6899	5839	1060
NEIG3	TO	27631	12231	-9	11	1537	10692	9105	1587
NEIG4	TO	6857	4487	-5	9	461	4022	3419	603
NEIG5	TO	26541	12895	-7	8	1469	11425	9368	2057
NEIG6	TO	14552	8410	-3	12	789	7612	6737	875
NEIG7	TO	11506	5461	3	2	660	4796	3931	865
NEIG8	TO	9393	5438	-2	2	561	4877	4240	637
NEIG9	TO	8641	3424	-8	4	405	3023	2391	632
NEIG10	TO	9744	5037	6	3	530	4498	3836	662
NEIG11	TO	38757	19070	-5	14	2093	16968	14255	2713
NEIG12	TO	30096	16088	-15	18	1419	14666	12909	1757
NEIG13	TO	16415	10584	-10	14	1028	9552	8261	1291
NEIG14	TO	8622	5494	-1	10	479	5006	4451	555
NEIG15	TO	6827	3580	17	3	412	3148	2667	481
NEIG26	TO	8914	4445	-2	2	527	3918	3188	730
NEIG16	TO	15511	7917	-4	5	749	7167	6199	968
NEIG17	TO	35688	19724	-18	16	2213	17513	14682	2831
NEIG18	TO	7813	4593	8	4	570	4011	3365	646
NEIG19	TO	9230	5452	-12	6	547	4911	4224	687
NEIG20	TO	23278	10026	-5	8	1067	8956	7654	1302
NEIG21	TO	40651	21684	-34	23	2715	18980	15462	3518
NEIG22	TO	18424	12111	-2	16	1068	11029	9598	1431
NEIG23	TO	7867	3226	0	4	437	2785	2172	613
NEIG24	TO	33960	20797	29	14	2134	18620	15279	3341
NEIG25	TO	29200	15490	2	13	1694	13781	12016	1765
