area_id	subtotal_type	RSReg	RSCst	RSRej	RSOvr	RSUnd	RSTot	042:Yes	043:No
ALL	TO	481991	253583	-56	191	12411	241037	164844	76193
ALL	ED	481991	89756	-87	65	4706	85072	57177	27895
ALL	MV	481991	163827	31	126	7705	155965	107667	48298
PCT1101	ED	544	83	-1	0	2	82	52	30
PCT1101	MV	544	198	1	0	4	193	135	58
PCT1102	ED	964	188	1	0	12	175	114	61
PCT1102	MV	964	337	-2	1	23	315	201	114
PCT1103	ED	914	163	0	0	6	157	111	46
PCT1103	MV	914	348	0	0	14	334	233	101
PCT1104	ED	953	167	0	0	4	163	93	70
PCT1104	MV	953	292	1	0	13	278	190	88
PCT1106	ED	740	113	0	0	2	111	77	34
PCT1106	MV	740	231	-1	2	13	217	144	73
PCT1107	ED	721	101	0	0	4	97	62	35
PCT1107	MV	721	240	1	1	6	232	157	75
PCT1108	ED	882	156	0	0	15	141	94	47
PCT1108	MV	882	328	1	0	14	313	211	102
PCT1109	ED	758	124	-3	0	7	120	72	48
PCT1109	MV	758	265	3	0	12	250	181	69
PCT1111	ED	938	132	-2	0	16	118	81	37
PCT1111	MV	938	330	5	1	10	314	229	85
PCT1112	ED	702	96	2	0	4	90	62	28
PCT1112	MV	702	221	0	0	15	206	142	64
PCT1113	ED	701	82	-1	0	3	80	59	21
PCT1113	MV	701	272	0	0	17	255	178	77
PCT1114	ED	915	139	0	0	11	128	89	39
PCT1114	MV	915	280	1	0	13	266	172	94
PCT1115	ED	835	97	0	0	6	91	67	24
PCT1115	MV	835	279	-1	1	22	257	167	90
PCT1116	ED	842	141	-1	0	12	130	71	59
PCT1116	MV	842	275	0	0	12	263	184	79
PCT1117	ED	827	138	-1	0	13	126	76	50
PCT1117	MV	827	240	0	0	12	228	158	70
PCT1118	ED	974	158	2	0	13	143	89	54
PCT1118	MV	974	335	2	0	17	316	213	103
PCT1119	ED	745	97	-1	0	5	93	68	25
PCT1119	MV	745	274	-1	0	16	259	178	81
PCT1121	ED	653	104	0	0	7	97	62	35
PCT1121	MV	653	221	1	0	6	214	147	67
PCT1122	ED	607	69	0	0	6	63	39	24
PCT1122	MV	607	213	-1	0	10	204	147	57
PCT1123	ED	876	118	-1	0	7	112	64	48
PCT1123	MV	876	254	-2	1	9	246	169	77
PCT1124	ED	773	109	0	0	13	96	66	30
PCT1124	MV	773	200	-1	1	15	185	137	48
PCT1125	ED	987	80	-2	0	9	73	43	30
PCT1125	MV	987	329	-4	0	15	318	226	92
PCT1126	ED	900	92	-1	0	7	86	61	25
PCT1126	MV	900	292	-1	1	18	274	186	88
PCT1127	ED	875	141	-1	0	11	131	83	48
PCT1127	MV	875	277	-1	0	10	268	194	74
PCT1128	ED	813	104	0	0	4	100	67	33
PCT1128	MV	813	246	-1	0	8	239	178	61
PCT1129	ED	924	120	0	0	12	108	76	32
PCT1129	MV	924	274	2	0	14	258	193	65
PCT1131	ED	783	85	0	0	5	80	54	26
PCT1131	MV	783	288	0	0	18	270	168	102
PCT1132	ED	910	112	0	0	6	106	67	39
PCT1132	MV	910	324	-3	0	21	306	214	92
PCT1133	ED	826	99	0	0	5	94	52	42
PCT1133	MV	826	292	-2	0	8	286	194	92
PCT1134	ED	727	126	0	1	8	117	83	34
PCT1134	MV	727	241	-1	0	10	232	164	68
PCT1135	ED	511	71	-1	0	3	69	52	17
PCT1135	MV	511	217	2	0	8	207	144	63
PCT1136	ED	807	97	0	0	7	90	59	31
PCT1136	MV	807	287	1	0	16	270	183	87
PCT1141	ED	998	149	1	0	9	139	92	47
PCT1141	MV	998	368	0	0	14	354	248	106
PCT1142	ED	822	120	0	0	3	117	81	36
PCT1142	MV	822	266	0	0	10	256	179	77
PCT1143	ED	989	147	1	0	8	138	97	41
PCT1143	MV	989	311	2	0	21	288	211	77
PCT1144	ED	870	148	-2	0	6	144	94	50
PCT1144	MV	870	264	-1	0	10	255	175	80
PCT1145	ED	879	136	1	1	7	127	90	37
PCT1145	MV	879	370	-2	0	14	358	257	101
PCT1146	ED	971	124	0	0	6	118	76	42
PCT1146	MV	971	326	-1	0	13	314	239	75
PCT1147	ED	853	166	2	0	13	151	107	44
PCT1147	MV	853	279	1	1	16	261	188	73
PCT1148	ED	918	121	0	1	7	113	80	33
PCT1148	MV	918	314	0	1	20	293	193	100
PCT1149	ED	873	148	-2	0	6	144	100	44
PCT1149	MV	873	285	1	0	14	270	190	80
PCT1152	ED	838	125	-2	0	6	121	88	33
PCT1152	MV	838	286	0	0	19	267	196	71
PCT1153	ED	909	139	0	1	5	133	79	54
PCT1153	MV	909	306	2	0	10	294	210	84
PCT7001	ED	735	119	-1	0	3	117	77	40
PCT7001	MV	735	266	2	2	16	246	159	87
PCT7002	ED	641	132	0	0	6	126	86	40
PCT7002	MV	641	173	1	0	6	166	96	70
PCT7003	ED	864	188	0	0	9	179	126	53
PCT7003	MV	864	340	0	1	19	320	216	104
PCT7004	ED	835	175	0	0	5	170	124	46
PCT7004	MV	835	306	-1	1	6	300	211	89
PCT7005	ED	812	180	1	0	8	171	125	46
PCT7005	MV	812	295	1	0	7	287	210	77
PCT7006	ED	884	213	1	0	13	199	140	59
PCT7006	MV	884	290	-2	0	16	276	175	101
PCT7007	ED	916	233	-2	0	10	225	167	58
PCT7007	MV	916	323	-1	0	12	312	210	102
PCT7008	ED	861	187	0	0	11	176	134	42
PCT7008	MV	861	345	1	0	22	322	238	84
PCT7009	ED	864	133	-1	0	6	128	84	44
PCT7009	MV	864	312	-1	0	10	303	187	116
PCT7011	ED	976	141	0	0	12	129	91	38
PCT7011	MV	976	205	0	0	5	200	132	68
PCT7012	ED	1061	224	0	0	1	223	129	94
PCT7012	MV	1061	383	1	1	17	364	262	102
PCT7013	ED	805	132	0	0	2	130	88	42
PCT7013	MV	805	251	-2	0	12	241	162	79
PCT7014	ED	1213	188	-3	0	7	184	117	67
PCT7014	MV	1213	434	-1	0	13	422	285	137
PCT7015	MV	93	34	1	0	1	32	25	7
PCT7016	ED	891	112	0	0	20	92	53	39
PCT7016	MV	891	221	-1	0	12	210	128	82
PCT7017	ED	734	79	0	2	16	61	35	26
PCT7017	MV	734	167	-1	0	11	157	99	58
PCT7018	ED	908	88	-2	0	5	85	59	26
PCT7018	MV	908	343	2	1	16	324	224	100
PCT7019	ED	864	111	2	0	6	103	64	39
PCT7019	MV	864	349	-1	1	19	330	217	113
PCT7021	ED	927	129	1	0	12	116	61	55
PCT7021	MV	927	220	-3	0	16	207	149	58
PCT7022	ED	923	164	0	0	19	145	93	52
PCT7022	MV	923	270	3	0	18	249	162	87
PCT7023	ED	906	131	1	1	13	116	62	54
PCT7023	MV	906	301	-4	1	11	293	181	112
PCT7024	ED	386	30	0	0	3	27	11	16
PCT7024	MV	386	47	0	0	2	45	28	17
PCT7025	ED	448	66	2	0	7	57	24	33
PCT7025	MV	448	78	1	0	3	74	37	37
PCT7026	ED	971	90	0	0	11	79	47	32
PCT7026	MV	971	350	4	0	16	330	245	85
PCT7027	ED	845	136	-1	0	14	123	79	44
PCT7027	MV	845	271	2	0	16	253	180	73
PCT7028	ED	835	157	0	0	8	149	102	47
PCT7028	MV	835	180	-2	1	8	173	115	58
PCT7029	ED	855	115	0	0	12	103	58	45
PCT7029	MV	855	166	1	1	7	157	94	63
PCT7030	ED	729	94	-2	0	4	92	60	32
PCT7030	MV	729	277	3	1	17	256	195	61
PCT7031	ED	611	50	0	0	3	47	25	22
PCT7031	MV	611	224	3	0	12	209	133	76
PCT7032	ED	867	126	-1	0	21	106	54	52
PCT7032	MV	867	238	1	0	17	220	152	68
PCT7033	ED	765	135	0	0	12	123	69	54
PCT7033	MV	765	181	-1	0	15	167	94	73
PCT7034	ED	914	97	0	1	6	90	48	42
PCT7034	MV	914	154	1	0	11	142	77	65
PCT7035	ED	553	73	0	0	3	70	40	30
PCT7035	MV	553	170	0	0	6	164	111	53
PCT7036	ED	898	52	0	0	2	50	31	19
PCT7036	MV	898	265	0	0	14	251	188	63
PCT7037	ED	730	73	-1	0	13	61	36	25
PCT7037	MV	730	64	3	0	1	60	38	22
PCT7038	ED	880	84	0	1	6	77	49	28
PCT7038	MV	880	255	-1	0	18	238	173	65
PCT7039	ED	768	111	-1	0	7	105	60	45
PCT7039	MV	768	225	1	0	15	209	132	77
PCT7041	MV	60	24	0	0	0	24	15	9
PCT7042	ED	632	75	0	0	9	66	47	19
PCT7042	MV	632	191	2	0	14	175	115	60
PCT7043	ED	915	97	1	0	13	83	49	34
PCT7043	MV	915	282	2	0	13	267	188	79
PCT7044	ED	805	86	-1	0	14	73	41	32
PCT7044	MV	805	125	-1	0	8	118	75	43
PCT7045	ED	763	87	-1	0	9	79	52	27
PCT7045	MV	763	282	1	0	12	269	177	92
PCT7046	ED	385	54	0	0	5	49	30	19
PCT7046	MV	385	136	0	0	6	130	87	43
PCT7047	ED	781	68	-1	0	4	65	40	25
PCT7047	MV	781	298	1	0	14	283	191	92
PCT7048	ED	815	94	0	0	7	87	54	33
PCT7048	MV	815	248	-1	0	16	233	155	78
PCT7049	ED	751	108	0	0	11	97	69	28
PCT7049	MV	751	241	0	0	14	227	153	74
PCT7051	ED	839	70	-2	0	8	64	39	25
PCT7051	MV	839	302	2	1	14	285	182	103
PCT7052	ED	806	120	-1	0	9	112	68	44
PCT7052	MV	806	278	2	0	7	269	191	78
PCT7053	ED	548	44	0	0	3	41	32	9
PCT7053	MV	548	205	1	0	14	190	126	64
PCT7054	ED	1024	141	3	0	3	135	79	56
PCT7054	MV	1024	275	1	0	13	261	153	108
PCT7055	ED	699	83	-3	0	10	76	41	35
PCT7055	MV	699	256	-1	0	15	242	169	73
PCT7101	MV	141	83	0	0	6	77	58	19
PCT7201	ED	900	147	2	1	10	134	93	41
PCT7201	MV	900	333	-1	0	15	319	214	105
PCT7202	ED	830	138	0	0	5	133	90	43
PCT7202	MV	830	271	0	1	18	252	191	61
PCT7203	ED	867	174	-1	0	12	163	105	58
PCT7203	MV	867	243	3	1	10	229	141	88
PCT7204	ED	888	157	0	0	12	145	98	47
PCT7204	MV	888	340	-4	0	15	329	251	78
PCT7205	ED	847	183	0	0	3	180	119	61
PCT7205	MV	847	309	3	0	13	293	191	102
PCT7206	ED	375	88	0	0	3	85	52	33
PCT7206	MV	375	124	0	0	5	119	69	50
PCT7207	ED	744	119	-1	0	7	113	66	47
PCT7207	MV	744	231	0	1	17	213	132	81
PCT7208	ED	567	76	0	0	2	74	51	23
PCT7208	MV	567	206	0	0	14	192	117	75
PCT7209	ED	586	69	0	0	5	64	43	21
PCT7209	MV	586	326	1	0	14	311	226	85
PCT7301	ED	1002	150	0	0	15	135	78	57
PCT7301	MV	1002	299	2	0	22	275	172	103
PCT7302	ED	806	121	0	0	12	109	78	31
PCT7302	MV	806	352	3	0	17	332	240	92
PCT7303	ED	986	167	-2	0	8	161	107	54
PCT7303	MV	986	318	4	0	13	301	204	97
PCT7304	ED	972	203	0	0	5	198	128	70
PCT7304	MV	972	330	2	0	14	314	215	99
PCT7305	ED	851	171	-1	0	8	164	108	56
PCT7305	MV	851	306	1	0	10	295	185	110
PCT7306	ED	1014	179	0	0	10	169	112	57
PCT7306	MV	1014	302	2	0	20	280	202	78
PCT7307	ED	726	143	0	0	13	130	87	43
PCT7307	MV	726	226	5	0	8	213	151	62
PCT7308	ED	598	133	0	0	7	126	87	39
PCT7308	MV	598	204	1	0	8	195	139	56
PCT7309	ED	826	160	1	0	8	151	101	50
PCT7309	MV	826	209	2	0	9	198	130	68
PCT7311	ED	901	175	0	1	6	168	125	43
PCT7311	MV	901	266	1	0	12	253	171	82
PCT7312	ED	810	128	-1	1	5	123	79	44
PCT7312	MV	810	332	4	0	19	309	228	81
PCT7313	ED	925	135	1	0	8	126	85	41
PCT7313	MV	925	315	-1	0	18	298	225	73
PCT7314	ED	760	92	0	0	15	77	54	23
PCT7314	MV	760	213	0	3	35	175	113	62
PCT7315	ED	725	119	0	0	13	106	71	35
PCT7315	MV	725	178	2	0	6	170	124	46
PCT7316	ED	824	122	0	0	13	109	62	47
PCT7316	MV	824	266	0	0	21	245	145	100
PCT7317	ED	886	117	0	0	3	114	81	33
PCT7317	MV	886	340	2	0	13	325	223	102
PCT7318	ED	709	123	0	0	10	113	78	35
PCT7318	MV	709	243	-3	1	31	214	157	57
PCT7319	ED	1035	182	0	0	14	168	111	57
PCT7319	MV	1035	296	0	1	12	283	178	105
PCT7321	ED	644	100	0	0	10	90	54	36
PCT7321	MV	644	211	3	1	15	192	132	60
PCT7322	ED	859	60	0	0	11	49	26	23
PCT7322	MV	859	304	-4	1	64	243	184	59
PCT7323	ED	881	146	2	0	9	135	90	45
PCT7323	MV	881	273	0	0	12	261	173	88
PCT7324	ED	687	125	0	1	8	116	69	47
PCT7324	MV	687	198	-3	0	14	187	112	75
PCT7325	ED	870	150	0	0	8	142	88	54
PCT7325	MV	870	276	-1	0	16	261	167	94
PCT7326	ED	853	150	0	0	12	138	92	46
PCT7326	MV	853	256	1	1	23	231	163	68
PCT7327	ED	684	62	0	0	9	53	37	16
PCT7327	MV	684	277	-3	2	39	239	173	66
PCT7328	ED	950	70	0	1	16	53	31	22
PCT7328	MV	950	391	-1	1	80	311	202	109
PCT7329	ED	610	71	-1	0	5	67	39	28
PCT7329	MV	610	205	-1	0	23	183	127	56
PCT7331	ED	860	130	0	0	10	120	89	31
PCT7331	MV	860	357	-3	1	15	344	228	116
PCT7332	ED	799	154	0	0	9	145	85	60
PCT7332	MV	799	209	0	0	13	196	122	74
PCT7333	ED	974	174	0	1	12	161	98	63
PCT7333	MV	974	323	3	1	19	300	185	115
PCT7334	ED	854	113	0	0	7	106	70	36
PCT7334	MV	854	275	0	1	13	261	176	85
PCT7335	ED	936	144	0	0	6	138	83	55
PCT7335	MV	936	354	-2	0	20	336	216	120
PCT7336	ED	920	155	0	0	5	150	94	56
PCT7336	MV	920	324	0	0	19	305	194	111
PCT7337	ED	825	115	-1	0	6	110	73	37
PCT7337	MV	825	305	2	0	19	284	216	68
PCT7338	ED	884	100	1	1	12	86	66	20
PCT7338	MV	884	364	-7	1	60	310	207	103
PCT7339	ED	618	111	-1	1	6	105	58	47
PCT7339	MV	618	181	-1	0	9	173	95	78
PCT7341	ED	877	124	-1	0	7	118	77	41
PCT7341	MV	877	246	-1	0	8	239	152	87
PCT7342	ED	911	234	2	0	10	222	140	82
PCT7342	MV	911	251	0	1	6	244	151	93
PCT7343	ED	707	144	0	0	7	137	74	63
PCT7343	MV	707	186	1	0	5	180	108	72
PCT7344	ED	1039	179	-1	0	8	172	100	72
PCT7344	MV	1039	334	-2	1	12	323	185	138
PCT7345	ED	1077	183	0	0	10	173	112	61
PCT7345	MV	1077	283	2	0	18	263	170	93
PCT7346	ED	877	168	1	0	11	156	95	61
PCT7346	MV	877	221	-1	0	14	208	122	86
PCT7347	ED	968	137	0	0	7	130	87	43
PCT7347	MV	968	279	-1	1	9	270	175	95
PCT7348	ED	832	139	-1	0	5	135	79	56
PCT7348	MV	832	202	3	0	8	191	106	85
PCT7349	ED	921	147	-1	0	10	138	85	53
PCT7349	MV	921	282	3	0	18	261	159	102
PCT7501	ED	554	118	-1	0	5	114	75	39
PCT7501	MV	554	168	0	0	10	158	110	48
PCT7502	ED	741	113	1	0	6	106	74	32
PCT7502	MV	741	349	-8	0	24	333	218	115
PCT7503	ED	727	132	0	0	13	119	90	29
PCT7503	MV	727	226	-1	0	11	216	160	56
PCT7504	ED	484	76	0	0	9	67	40	27
PCT7504	MV	484	158	4	0	9	145	99	46
PCT7505	ED	871	131	0	0	9	122	81	41
PCT7505	MV	871	417	1	2	26	388	308	80
PCT7506	ED	920	133	-1	0	12	122	80	42
PCT7506	MV	920	252	0	0	16	236	127	109
PCT7507	ED	919	158	-2	0	20	140	89	51
PCT7507	MV	919	255	4	1	12	238	167	71
PCT7508	ED	702	106	0	0	7	99	62	37
PCT7508	MV	702	340	-1	0	21	320	232	88
PCT7509	ED	909	171	-2	0	4	169	100	69
PCT7509	MV	909	319	1	0	22	296	192	104
PCT7512	ED	604	96	-1	0	7	90	57	33
PCT7512	MV	604	196	3	0	16	177	114	63
PCT7513	ED	790	142	-2	0	18	126	77	49
PCT7513	MV	790	208	2	0	19	187	120	67
PCT7514	ED	863	95	-3	0	22	76	47	29
PCT7514	MV	863	235	1	1	30	203	132	71
PCT7515	ED	845	150	0	0	10	140	84	56
PCT7515	MV	845	289	3	0	20	266	174	92
PCT7516	ED	886	145	0	0	9	136	83	53
PCT7516	MV	886	378	-3	0	19	362	233	129
PCT7517	ED	863	228	-1	0	11	218	152	66
PCT7517	MV	863	251	-2	0	10	243	170	73
PCT7518	ED	939	235	0	0	7	228	166	62
PCT7518	MV	939	298	-1	0	10	289	206	83
PCT7519	ED	726	179	0	0	5	174	113	61
PCT7519	MV	726	185	0	0	10	175	111	64
PCT7521	ED	802	211	1	0	12	198	129	69
PCT7521	MV	802	215	-1	1	13	202	148	54
PCT7522	ED	743	175	-1	0	9	167	99	68
PCT7522	MV	743	240	0	0	17	223	162	61
PCT7523	ED	737	208	0	0	10	198	134	64
PCT7523	MV	737	223	-3	0	15	211	150	61
PCT7524	ED	646	143	3	1	12	127	78	49
PCT7524	MV	646	165	2	0	10	153	106	47
PCT7525	ED	779	145	-1	0	16	130	87	43
PCT7525	MV	779	214	1	0	12	201	128	73
PCT7526	ED	947	197	1	0	13	183	118	65
PCT7526	MV	947	313	3	0	11	299	200	99
PCT7527	ED	729	162	-2	1	18	145	97	48
PCT7527	MV	729	237	1	0	8	228	157	71
PCT7529	ED	925	214	0	0	12	202	134	68
PCT7529	MV	925	300	1	0	17	282	179	103
PCT7531	ED	847	179	-1	0	9	171	115	56
PCT7531	MV	847	263	2	0	14	247	172	75
PCT7532	ED	823	172	1	0	8	163	106	57
PCT7532	MV	823	226	1	0	11	214	143	71
PCT7533	ED	951	268	-1	0	12	257	171	86
PCT7533	MV	951	297	1	1	10	285	182	103
PCT7534	ED	883	241	0	0	8	233	166	67
PCT7534	MV	883	240	0	0	7	233	169	64
PCT7535	ED	743	201	0	0	11	190	138	52
PCT7535	MV	743	251	-1	0	6	246	176	70
PCT7536	ED	856	206	-1	1	9	197	130	67
PCT7536	MV	856	279	-2	1	4	276	198	78
PCT7537	ED	734	187	0	0	5	182	119	63
PCT7537	MV	734	225	2	0	9	214	151	63
PCT7538	ED	757	223	0	0	11	212	158	54
PCT7538	MV	757	256	-2	0	10	248	151	97
PCT7539	ED	884	250	2	0	15	233	164	69
PCT7539	MV	884	286	-3	0	11	278	195	83
PCT7541	ED	791	215	0	0	10	205	110	95
PCT7541	MV	791	245	0	0	15	230	154	76
PCT7542	ED	787	183	-1	1	5	178	105	73
PCT7542	MV	787	247	-3	0	12	238	162	76
PCT7543	ED	910	187	2	0	16	169	112	57
PCT7543	MV	910	332	1	0	12	319	204	115
PCT7544	ED	877	186	0	0	7	179	113	66
PCT7544	MV	877	331	-2	0	19	314	222	92
PCT7545	ED	877	179	0	0	5	174	109	65
PCT7545	MV	877	291	-1	0	12	280	186	94
PCT7546	ED	913	219	0	0	11	208	142	66
PCT7546	MV	913	310	2	0	13	295	237	58
PCT7547	ED	987	244	-2	0	10	236	167	69
PCT7547	MV	987	322	6	0	21	295	198	97
PCT7548	ED	1054	236	-1	0	7	230	153	77
PCT7548	MV	1054	345	2	0	16	327	226	101
PCT7549	ED	785	165	-1	0	11	155	113	42
PCT7549	MV	785	281	3	0	15	263	202	61
PCT7551	ED	705	199	0	0	10	189	138	51
PCT7551	MV	705	240	-2	0	10	232	182	50
PCT7552	ED	718	191	0	0	5	186	139	47
PCT7552	MV	718	232	-2	0	11	223	167	56
PCT7553	MV	171	87	0	0	4	83	66	17
PCT7554	ED	785	179	-1	0	6	174	128	46
PCT7554	MV	785	323	0	0	7	316	234	82
PCT7555	ED	847	242	0	0	11	231	177	54
PCT7555	MV	847	304	2	0	13	289	236	53
PCT7556	ED	961	223	-1	0	10	214	156	58
PCT7556	MV	961	422	0	0	15	407	325	82
PCT7601	ED	744	128	-4	0	12	120	58	62
PCT7601	MV	744	185	6	0	11	168	102	66
PCT7602	ED	880	147	0	0	12	135	67	68
PCT7602	MV	880	243	-1	0	19	225	115	110
PCT7603	ED	826	152	-1	1	6	146	77	69
PCT7603	MV	826	215	-1	0	9	207	119	88
PCT7604	ED	906	133	0	1	7	125	68	57
PCT7604	MV	906	233	0	0	13	220	114	106
PCT7605	ED	651	77	0	0	5	72	32	40
PCT7605	MV	651	155	1	0	17	137	77	60
PCT7606	ED	895	127	2	0	11	114	58	56
PCT7606	MV	895	212	1	0	10	201	102	99
PCT7607	ED	955	120	0	0	10	110	49	61
PCT7607	MV	955	265	-3	0	13	255	143	112
PCT7608	ED	388	46	0	0	3	43	23	20
PCT7608	MV	388	119	0	1	12	106	63	43
PCT7609	ED	916	101	1	0	14	86	50	36
PCT7609	MV	916	297	1	0	48	248	164	84
PCT7611	ED	756	76	0	0	6	70	31	39
PCT7611	MV	756	204	2	0	19	183	105	78
PCT7612	ED	574	76	2	0	5	69	45	24
PCT7612	MV	574	210	1	0	14	195	123	72
PCT7613	ED	887	140	-1	0	9	132	77	55
PCT7613	MV	887	215	0	1	15	199	123	76
PCT7614	ED	1015	123	-3	0	12	114	75	39
PCT7614	MV	1015	238	1	0	11	226	130	96
PCT7615	ED	832	108	0	0	19	89	47	42
PCT7615	MV	832	170	0	0	15	155	93	62
PCT7616	ED	951	129	1	0	6	122	73	49
PCT7616	MV	951	331	-1	0	19	313	209	104
PCT7617	ED	751	84	0	0	12	72	34	38
PCT7617	MV	751	223	-2	0	20	205	138	67
PCT7618	ED	866	123	0	0	8	115	74	41
PCT7618	MV	866	272	2	0	11	259	172	87
PCT7619	ED	993	154	-1	0	4	151	102	49
PCT7619	MV	993	308	-3	1	28	282	175	107
PCT7621	ED	1132	163	-1	0	7	157	102	55
PCT7621	MV	1132	346	3	1	15	327	203	124
PCT7622	ED	964	99	1	0	6	92	44	48
PCT7622	MV	964	193	-2	0	11	184	108	76
PCT7623	ED	712	122	0	0	9	113	66	47
PCT7623	MV	712	196	1	1	6	188	120	68
PCT7624	ED	905	104	-1	0	10	95	43	52
PCT7624	MV	905	195	2	1	9	183	122	61
PCT7625	ED	821	73	0	0	13	60	49	11
PCT7625	MV	821	415	1	0	49	365	274	91
PCT7626	ED	1081	128	1	0	7	120	82	38
PCT7626	MV	1081	361	0	0	15	346	222	124
PCT7627	ED	1075	116	0	1	5	110	69	41
PCT7627	MV	1075	319	-3	0	10	312	205	107
PCT7628	ED	906	156	0	0	11	145	83	62
PCT7628	MV	906	267	1	0	14	252	150	102
PCT7629	ED	805	108	0	0	6	102	63	39
PCT7629	MV	805	206	1	0	8	197	141	56
PCT7631	ED	1085	146	0	0	7	139	78	61
PCT7631	MV	1085	339	3	0	11	325	199	126
PCT7632	ED	965	167	0	0	10	157	80	77
PCT7632	MV	965	286	0	0	11	275	165	110
PCT7633	ED	702	90	0	0	4	86	48	38
PCT7633	MV	702	253	-1	0	22	232	169	63
PCT7634	ED	859	120	1	0	17	102	60	42
PCT7634	MV	859	291	0	1	22	268	176	92
PCT7635	ED	782	89	1	0	4	84	53	31
PCT7635	MV	782	242	1	0	10	231	120	111
PCT7636	ED	920	134	-1	0	9	126	68	58
PCT7636	MV	920	251	-2	0	9	244	152	92
PCT7637	ED	732	89	-1	1	6	83	53	30
PCT7637	MV	732	249	0	0	10	239	163	76
PCT7638	ED	1365	129	-2	0	6	125	78	47
PCT7638	MV	1365	492	0	0	14	478	317	161
PCT7639	ED	962	110	0	0	7	103	69	34
PCT7639	MV	962	319	-1	0	17	303	186	117
PCT7641	ED	931	114	0	0	4	110	80	30
PCT7641	MV	931	374	0	0	16	358	253	105
PCT7642	ED	909	84	0	0	7	77	51	26
PCT7642	MV	909	268	-1	0	46	223	120	103
PCT7643	ED	871	99	3	0	9	87	58	29
PCT7643	MV	871	355	2	1	17	335	232	103
PCT7644	ED	1082	156	-3	0	6	153	104	49
PCT7644	MV	1082	291	1	0	22	268	189	79
PCT7645	ED	631	63	0	0	1	62	38	24
PCT7645	MV	631	241	-1	0	10	232	175	57
PCT7646	ED	1035	110	0	0	10	100	74	26
PCT7646	MV	1035	326	1	1	14	310	210	100
PCT7647	ED	1027	107	0	0	9	98	48	50
PCT7647	MV	1027	185	-1	0	9	177	96	81
PCT7648	MV	2	0	0	0	0	0	0	0
PCT7649	ED	877	97	1	0	7	89	53	36
PCT7649	MV	877	234	1	0	15	218	137	81
PCT7651	ED	555	48	0	0	1	47	34	13
PCT7651	MV	555	155	0	0	6	149	95	54
PCT7652	ED	580	68	-1	0	3	66	36	30
PCT7652	MV	580	163	-1	0	11	153	98	55
PCT7653	ED	1092	137	2	0	4	131	75	56
PCT7653	MV	1092	321	2	0	8	311	211	100
PCT7701	ED	1012	225	0	0	9	216	145	71
PCT7701	MV	1012	383	0	0	14	369	272	97
PCT7702	ED	704	117	0	0	5	112	84	28
PCT7702	MV	704	302	-1	2	7	294	215	79
PCT7703	MV	172	66	-2	1	11	56	31	25
PCT7704	ED	977	208	0	0	11	197	148	49
PCT7704	MV	977	396	6	0	16	374	272	102
PCT7705	ED	547	123	0	0	4	119	77	42
PCT7705	MV	547	227	-1	0	5	223	161	62
PCT7706	ED	821	189	0	0	5	184	145	39
PCT7706	MV	821	341	0	0	9	332	240	92
PCT7707	ED	839	200	2	1	7	190	129	61
PCT7707	MV	839	379	9	0	12	358	264	94
PCT7708	ED	860	181	0	0	7	174	119	55
PCT7708	MV	860	400	0	0	17	383	268	115
PCT7709	ED	383	85	1	0	6	78	54	24
PCT7709	MV	383	174	2	0	7	165	127	38
PCT7711	ED	772	162	0	1	2	159	127	32
PCT7711	MV	772	344	-3	0	12	335	229	106
PCT7712	ED	524	131	1	0	5	125	86	39
PCT7712	MV	524	230	-1	1	7	223	161	62
PCT7801	ED	970	230	0	0	11	219	154	65
PCT7801	MV	970	424	0	0	14	410	271	139
PCT7802	ED	762	205	-2	0	7	200	155	45
PCT7802	MV	762	313	-2	0	12	303	217	86
PCT7803	ED	823	143	1	0	8	134	101	33
PCT7803	MV	823	412	-1	0	17	396	277	119
PCT7804	ED	891	236	0	0	6	230	160	70
PCT7804	MV	891	394	-1	0	12	383	277	106
PCT7805	ED	785	176	1	0	3	172	122	50
PCT7805	MV	785	348	-1	0	7	342	238	104
PCT7806	ED	699	163	-1	0	6	158	118	40
PCT7806	MV	699	283	1	0	9	273	205	68
PCT7807	ED	796	228	2	1	11	214	155	59
PCT7807	MV	796	273	1	0	16	256	166	90
PCT7808	ED	655	178	0	1	8	169	122	47
PCT7808	MV	655	243	-2	0	13	232	179	53
PCT7809	ED	742	160	-1	0	6	155	105	50
PCT7809	MV	742	267	2	0	10	255	169	86
PCT7811	ED	726	186	0	0	4	182	129	53
PCT7811	MV	726	243	0	0	6	237	154	83
PCT7812	ED	843	207	0	0	17	190	113	77
PCT7812	MV	843	292	-2	0	12	282	188	94
PCT7813	ED	988	251	-2	0	11	242	167	75
PCT7813	MV	988	362	1	0	15	346	265	81
PCT7814	ED	892	173	0	1	12	160	98	62
PCT7814	MV	892	223	1	1	9	212	139	73
PCT7815	ED	914	178	-2	0	12	168	113	55
PCT7815	MV	914	407	3	0	10	394	282	112
PCT7816	ED	858	202	1	0	8	193	137	56
PCT7816	MV	858	390	0	0	16	374	271	103
PCT7817	ED	795	215	-1	0	10	206	147	59
PCT7817	MV	795	309	3	0	8	298	220	78
PCT7818	ED	823	172	-1	0	4	169	116	53
PCT7818	MV	823	335	-2	1	18	318	226	92
PCT7819	ED	760	169	0	0	9	160	107	53
PCT7819	MV	760	297	2	0	16	279	187	92
PCT7821	ED	947	229	0	0	9	220	167	53
PCT7821	MV	947	439	3	0	16	420	310	110
PCT7822	ED	927	244	0	0	12	232	145	87
PCT7822	MV	927	343	2	0	16	325	227	98
PCT7823	ED	857	237	-1	1	13	224	157	67
PCT7823	MV	857	347	0	1	18	328	219	109
PCT7824	ED	756	170	1	0	5	164	111	53
PCT7824	MV	756	274	1	0	7	266	177	89
PCT7825	ED	580	160	0	0	9	151	106	45
PCT7825	MV	580	215	-1	0	6	210	142	68
PCT7826	ED	665	214	0	0	7	207	148	59
PCT7826	MV	665	194	-1	0	5	190	136	54
PCT7827	ED	828	199	0	0	9	190	131	59
PCT7827	MV	828	252	0	0	14	238	163	75
PCT7828	ED	976	205	-2	0	11	196	139	57
PCT7828	MV	976	397	-1	0	18	380	265	115
PCT7829	ED	882	199	0	0	7	192	126	66
PCT7829	MV	882	391	0	0	9	382	249	133
PCT7831	ED	828	202	0	0	9	193	151	42
PCT7831	MV	828	369	1	0	10	358	251	107
PCT7832	ED	781	162	-1	0	6	157	118	39
PCT7832	MV	781	343	-1	0	5	339	245	94
PCT7833	ED	745	182	0	0	7	175	135	40
PCT7833	MV	745	271	2	1	9	259	188	71
PCT7834	ED	836	225	-1	0	12	214	160	54
PCT7834	MV	836	288	0	0	10	278	202	76
PCT7835	ED	808	175	0	0	3	172	95	77
PCT7835	MV	808	338	1	0	13	324	200	124
PCT7836	ED	979	199	0	0	7	192	131	61
PCT7836	MV	979	421	2	0	14	405	264	141
PCT7837	ED	883	237	-1	0	10	228	172	56
PCT7837	MV	883	339	2	0	18	319	233	86
PCT7838	ED	891	210	2	0	1	207	137	70
PCT7838	MV	891	413	1	0	10	402	298	104
PCT7839	ED	830	172	2	0	10	160	117	43
PCT7839	MV	830	389	-1	0	9	381	290	91
PCT7841	ED	898	240	0	0	6	234	182	52
PCT7841	MV	898	353	0	0	18	335	252	83
PCT7842	ED	873	214	0	0	5	209	154	55
PCT7842	MV	873	308	1	0	7	300	207	93
PCT7843	ED	751	182	-1	0	13	170	128	42
PCT7843	MV	751	267	-1	0	13	255	190	65
PCT7844	ED	635	160	1	0	6	153	97	56
PCT7844	MV	635	245	-2	1	9	237	160	77
PCT7845	ED	803	202	0	0	9	193	136	57
PCT7845	MV	803	314	0	0	7	307	233	74
PCT7846	ED	871	221	0	0	6	215	153	62
PCT7846	MV	871	330	1	0	16	313	232	81
PCT7847	ED	878	207	-1	0	6	202	148	54
PCT7847	MV	878	358	1	1	16	340	254	86
PCT7848	ED	838	209	-3	0	11	201	155	46
PCT7848	MV	838	346	0	0	13	333	261	72
PCT7849	ED	904	237	0	0	8	229	155	74
PCT7849	MV	904	353	-2	1	18	336	240	96
PCT7851	ED	493	118	0	0	8	110	79	31
PCT7851	MV	493	204	0	0	9	195	159	36
PCT7852	ED	634	104	-1	0	6	99	65	34
PCT7852	MV	634	303	0	0	13	290	190	100
PCT7853	ED	837	180	0	0	13	167	122	45
PCT7853	MV	837	333	0	0	8	325	236	89
PCT7854	ED	874	216	-1	0	8	209	153	56
PCT7854	MV	874	346	2	0	20	324	232	92
PCT7855	ED	949	259	0	1	7	251	183	68
PCT7855	MV	949	359	-6	0	14	351	260	91
PCT7856	ED	790	204	1	0	6	197	143	54
PCT7856	MV	790	312	-1	0	12	301	219	82
PCT7857	ED	913	226	0	0	6	220	159	61
PCT7857	MV	913	350	-1	1	15	335	252	83
PCT7858	ED	743	192	2	0	13	177	122	55
PCT7858	MV	743	252	0	1	9	242	166	76
PCT7859	ED	879	219	-1	0	8	212	147	65
PCT7859	MV	879	352	0	0	13	339	250	89
PCT7861	ED	835	184	0	0	9	175	131	44
PCT7861	MV	835	367	-1	0	10	358	265	93
PCT7862	ED	850	237	0	0	6	231	168	63
PCT7862	MV	850	323	-2	0	10	315	232	83
PCT7863	ED	870	237	0	0	5	232	182	50
PCT7863	MV	870	302	-2	0	11	293	206	87
PCT7864	ED	773	188	0	0	15	173	122	51
PCT7864	MV	773	284	-2	1	8	277	203	74
PCT7865	ED	808	178	1	0	6	171	122	49
PCT7865	MV	808	310	-1	0	11	300	222	78
PCT7866	ED	816	184	-1	1	5	179	125	54
PCT7866	MV	816	389	-2	0	16	375	264	111
PCT7867	ED	932	209	0	0	8	201	143	58
PCT7867	MV	932	385	1	1	13	370	291	79
PCT7868	ED	860	218	-1	0	13	206	155	51
PCT7868	MV	860	324	2	0	10	312	231	81
PCT7869	ED	842	219	0	0	5	214	168	46
PCT7869	MV	842	376	-1	0	10	367	276	91
PCT7871	ED	882	240	-3	0	7	236	168	68
PCT7871	MV	882	364	1	0	14	349	254	95
PCT7872	ED	864	242	-1	0	5	238	177	61
PCT7872	MV	864	369	0	1	14	354	262	92
PCT7873	ED	841	231	0	0	7	224	176	48
PCT7873	MV	841	387	0	0	8	379	282	97
PCT7874	ED	453	85	0	0	5	80	51	29
PCT7874	MV	453	174	1	1	11	161	118	43
PCT7875	ED	615	127	0	0	3	124	76	48
PCT7875	MV	615	203	-3	2	12	192	140	52
PCT7876	ED	491	101	0	0	5	96	54	42
PCT7876	MV	491	148	-1	0	4	145	88	57
PCT7901	ED	466	87	-2	0	12	77	42	35
PCT7901	MV	466	133	0	0	6	127	91	36
PCT7902	ED	921	188	0	0	6	182	107	75
PCT7902	MV	921	259	-1	0	8	252	165	87
PCT7903	ED	819	144	0	0	11	133	91	42
PCT7903	MV	819	244	0	0	7	237	145	92
PCT7904	ED	846	137	1	0	8	128	81	47
PCT7904	MV	846	248	-3	1	8	242	160	82
PCT7905	ED	821	199	-1	0	15	185	131	54
PCT7905	MV	821	275	2	0	14	259	177	82
PCT7906	ED	769	164	0	0	11	153	101	52
PCT7906	MV	769	214	-3	0	6	211	147	64
PCT7907	ED	926	201	2	0	13	186	127	59
PCT7907	MV	926	286	2	0	14	270	201	69
PCT7908	ED	936	191	0	0	4	187	133	54
PCT7908	MV	936	267	-1	0	18	250	182	68
PCT7909	ED	726	190	0	0	10	180	125	55
PCT7909	MV	726	221	-4	0	12	213	153	60
PCT7911	ED	849	192	1	0	11	180	137	43
PCT7911	MV	849	250	-4	0	16	238	168	70
PCT7912	ED	1036	215	0	0	10	205	138	67
PCT7912	MV	1036	314	2	1	15	296	213	83
PCT7913	ED	887	240	-7	0	14	233	161	72
PCT7913	MV	887	244	1	0	9	234	160	74
PCT7914	ED	833	208	0	0	11	197	133	64
PCT7914	MV	833	253	-1	0	7	247	184	63
PCT7915	ED	802	213	0	0	7	206	146	60
PCT7915	MV	802	222	-1	0	11	212	151	61
PCT7916	ED	887	215	0	0	9	206	139	67
PCT7916	MV	887	289	0	2	12	275	205	70
PCT7917	ED	983	254	-1	0	8	247	165	82
PCT7917	MV	983	287	0	0	12	275	181	94
PCT7918	ED	790	191	0	0	4	187	113	74
PCT7918	MV	790	234	1	0	8	225	170	55
PCT7919	ED	857	217	0	0	10	207	150	57
PCT7919	MV	857	241	0	0	8	233	160	73
PCT7921	ED	883	151	-3	0	6	148	97	51
PCT7921	MV	883	210	0	0	10	200	135	65
PCT7922	ED	797	182	1	0	9	172	121	51
PCT7922	MV	797	241	-1	0	13	229	148	81
PCT7923	ED	863	202	1	0	6	195	143	52
PCT7923	MV	863	241	-1	0	8	234	159	75
PCT7924	ED	806	172	1	0	8	163	118	45
PCT7924	MV	806	247	0	0	8	239	147	92
PCT7925	ED	570	114	1	0	5	108	79	29
PCT7925	MV	570	191	0	0	6	185	123	62
PCT7926	ED	768	177	0	0	4	173	127	46
PCT7926	MV	768	296	2	0	8	286	191	95
PCT7927	ED	733	187	0	0	10	177	132	45
PCT7927	MV	733	289	-1	0	11	279	210	69
PCT7928	ED	899	253	0	0	8	245	186	59
PCT7928	MV	899	297	-1	0	7	291	217	74
PCT7929	ED	840	200	0	1	9	190	139	51
PCT7929	MV	840	367	-1	0	11	357	285	72
PCT7931	ED	732	189	0	0	11	178	141	37
PCT7931	MV	732	317	-1	0	10	308	242	66
PCT7932	ED	551	112	-1	0	5	108	85	23
PCT7932	MV	551	225	1	1	10	213	169	44
PCT7933	MV	8	4	0	0	1	3	2	1
PCT7934	ED	885	195	-4	0	7	192	144	48
PCT7934	MV	885	328	1	0	11	316	242	74
PCT7935	ED	938	283	1	0	15	267	210	57
PCT7935	MV	938	370	1	1	9	359	286	73
PCT7936	ED	832	246	0	1	13	232	190	42
PCT7936	MV	832	326	2	0	13	311	249	62
PCT7937	ED	874	223	0	0	12	211	156	55
PCT7937	MV	874	309	-1	0	10	300	215	85
PCT7938	ED	774	162	0	0	8	154	106	48
PCT7938	MV	774	247	0	0	6	241	170	71
PCT7939	ED	667	186	1	0	7	178	140	38
PCT7939	MV	667	230	-2	0	12	220	170	50
PCT7941	ED	728	167	0	0	6	161	114	47
PCT7941	MV	728	236	1	0	9	226	161	65
PCT7942	ED	893	166	1	1	11	153	108	45
PCT7942	MV	893	286	0	1	25	260	180	80
PCT7943	ED	887	192	-3	0	7	188	135	53
PCT7943	MV	887	319	0	1	10	308	229	79
PCT7944	ED	769	201	-2	0	8	195	151	44
PCT7944	MV	769	235	-1	0	5	231	176	55
PCT7945	ED	897	118	-2	0	5	115	77	38
PCT7945	MV	897	294	-1	0	8	287	207	80
PCT7946	ED	909	134	1	0	11	122	83	39
PCT7946	MV	909	348	4	0	18	326	224	102
PCT7947	ED	894	128	-1	1	12	116	76	40
PCT7947	MV	894	327	-2	0	23	306	212	94
PCT7948	ED	900	165	0	0	9	156	108	48
PCT7948	MV	900	313	-2	0	12	303	230	73
PCT7949	ED	552	78	3	0	4	71	43	28
PCT7949	MV	552	224	0	0	9	215	144	71
PCT7951	ED	830	97	0	0	5	92	57	35
PCT7951	MV	830	341	-3	1	15	328	234	94
PCT7952	ED	823	100	0	0	5	95	50	45
PCT7952	MV	823	288	-4	0	10	282	206	76
PCT7953	ED	795	103	-4	0	5	102	75	27
PCT7953	MV	795	294	-2	0	9	287	209	78
PCT7955	ED	854	116	1	0	7	108	75	33
PCT7955	MV	854	320	-1	0	16	305	198	107
PCT7956	ED	779	101	2	0	7	92	63	29
PCT7956	MV	779	247	6	0	9	232	153	79
PCT7957	ED	623	97	1	0	5	91	57	34
PCT7957	MV	623	217	0	0	12	205	155	50
PCT7958	MV	263	104	-3	0	9	98	67	31
PCT7959	ED	695	110	-2	0	5	107	66	41
PCT7959	MV	695	190	2	0	6	182	106	76
PCT9001	MV	257	101	1	0	2	98	69	29
PCT9101	ED	833	190	-1	0	8	183	114	69
PCT9101	MV	833	323	-2	1	11	313	199	114
PCT9102	ED	950	182	-1	0	7	176	123	53
PCT9102	MV	950	335	1	0	14	320	211	109
PCT9103	ED	924	174	0	1	9	164	108	56
PCT9103	MV	924	302	-1	1	15	287	185	102
PCT9104	ED	937	176	0	0	10	166	108	58
PCT9104	MV	937	332	-2	0	21	313	212	101
PCT9105	ED	888	191	0	0	10	181	134	47
PCT9105	MV	888	339	-1	0	11	329	233	96
PCT9106	ED	907	213	1	0	6	206	139	67
PCT9106	MV	907	334	5	0	17	312	214	98
PCT9107	ED	806	164	0	0	9	155	108	47
PCT9107	MV	806	246	3	0	9	234	158	76
PCT9108	ED	761	185	1	0	5	179	118	61
PCT9108	MV	761	220	0	0	14	206	159	47
PCT9109	ED	848	205	-1	0	12	194	139	55
PCT9109	MV	848	285	1	0	15	269	193	76
PCT9111	ED	756	150	0	0	11	139	84	55
PCT9111	MV	756	226	-2	0	10	218	136	82
PCT9112	ED	918	211	0	0	8	203	141	62
PCT9112	MV	918	295	-1	0	11	285	198	87
PCT9113	ED	959	231	1	0	10	220	157	63
PCT9113	MV	959	351	0	1	13	337	233	104
PCT9114	ED	820	170	0	0	12	158	102	56
PCT9114	MV	820	273	0	0	9	264	180	84
PCT9115	ED	873	172	0	0	12	160	98	62
PCT9115	MV	873	287	0	2	13	272	188	84
PCT9116	ED	903	193	2	0	13	178	120	58
PCT9116	MV	903	314	1	0	17	296	200	96
PCT9117	ED	756	180	0	0	4	176	140	36
PCT9117	MV	756	285	1	0	18	266	200	66
PCT9118	ED	923	184	0	0	7	177	99	78
PCT9118	MV	923	268	-2	0	16	254	169	85
PCT9119	ED	856	152	-3	0	7	148	100	48
PCT9119	MV	856	323	-1	0	8	316	234	82
PCT9121	ED	890	188	0	0	11	177	101	76
PCT9121	MV	890	274	-1	0	11	264	188	76
PCT9122	ED	913	131	0	0	8	123	92	31
PCT9122	MV	913	292	-2	0	8	286	186	100
PCT9123	ED	829	175	0	0	9	166	99	67
PCT9123	MV	829	270	1	0	11	258	176	82
PCT9124	ED	832	150	0	0	7	143	86	57
PCT9124	MV	832	290	-1	0	20	271	187	84
PCT9125	ED	822	159	-2	0	7	154	89	65
PCT9125	MV	822	299	-5	1	18	285	204	81
PCT9126	ED	945	186	0	0	8	178	132	46
PCT9126	MV	945	350	1	0	17	332	230	102
PCT9127	ED	908	209	0	0	5	204	131	73
PCT9127	MV	908	315	-3	0	22	296	202	94
PCT9128	ED	805	188	0	0	9	179	133	46
PCT9128	MV	805	296	-2	0	16	282	201	81
PCT9129	ED	713	173	0	0	3	170	125	45
PCT9129	MV	713	225	0	0	16	209	127	82
PCT9131	ED	740	151	0	0	4	147	96	51
PCT9131	MV	740	274	-1	0	10	265	188	77
PCT9132	ED	827	167	0	0	11	156	105	51
PCT9132	MV	827	251	-1	0	9	243	155	88
PCT9133	ED	1007	188	0	0	5	183	133	50
PCT9133	MV	1007	388	1	0	26	361	247	114
PCT9134	ED	893	132	-2	0	11	123	86	37
PCT9134	MV	893	297	4	0	15	278	181	97
PCT9135	ED	778	149	0	0	5	144	84	60
PCT9135	MV	778	269	2	0	13	254	160	94
PCT9136	ED	894	191	0	0	15	176	125	51
PCT9136	MV	894	289	2	0	12	275	200	75
PCT9137	ED	946	201	-1	0	8	194	123	71
PCT9137	MV	946	323	2	0	17	304	227	77
PCT9138	ED	892	155	0	0	3	152	94	58
PCT9138	MV	892	323	-3	0	9	317	232	85
PCT9139	ED	912	163	-1	0	6	158	101	57
PCT9139	MV	912	356	1	0	18	337	230	107
PCT9141	ED	904	168	-1	1	16	152	112	40
PCT9141	MV	904	328	-1	0	19	310	218	92
PCT9142	ED	921	219	1	0	6	212	136	76
PCT9142	MV	921	288	0	0	14	274	184	90
PCT9143	ED	887	196	1	0	10	185	127	58
PCT9143	MV	887	315	-1	0	17	299	221	78
PCT9144	ED	931	221	1	0	10	210	147	63
PCT9144	MV	931	322	-2	0	17	307	195	112
PCT9145	ED	837	197	1	0	9	187	142	45
PCT9145	MV	837	282	0	0	11	271	211	60
PCT9146	ED	866	206	1	0	5	200	144	56
PCT9146	MV	866	297	2	0	14	281	200	81
PCT9147	ED	920	227	1	0	4	222	163	59
PCT9147	MV	920	318	-4	1	13	308	216	92
PCT9148	ED	946	226	-1	0	16	211	136	75
PCT9148	MV	946	322	3	0	11	308	211	97
PCT9149	ED	884	196	0	0	13	183	118	65
PCT9149	MV	884	296	3	0	10	283	203	80
PCT9151	ED	806	152	-1	0	7	146	97	49
PCT9151	MV	806	267	-1	0	17	251	162	89
PCT9152	ED	712	67	1	0	4	62	38	24
PCT9152	MV	712	138	2	0	5	131	86	45
PCT9201	ED	953	201	0	0	5	196	136	60
PCT9201	MV	953	229	3	0	14	212	135	77
PCT9202	ED	908	184	-1	1	8	176	130	46
PCT9202	MV	908	218	0	0	11	207	147	60
PCT9203	ED	968	145	0	1	3	141	96	45
PCT9203	MV	968	300	1	0	11	288	174	114
PCT9204	ED	809	147	1	0	6	140	89	51
PCT9204	MV	809	223	-2	0	9	216	136	80
PCT9205	ED	694	113	0	0	8	105	73	32
PCT9205	MV	694	201	1	1	9	190	129	61
PCT9206	ED	887	135	-2	0	7	130	82	48
PCT9206	MV	887	294	0	0	17	277	182	95
PCT9207	ED	913	148	0	0	1	147	101	46
PCT9207	MV	913	249	-2	0	7	244	161	83
PCT9208	ED	936	147	0	1	8	138	82	56
PCT9208	MV	936	240	-2	0	8	234	150	84
PCT9209	ED	675	121	-1	0	4	118	70	48
PCT9209	MV	675	188	-3	1	16	174	120	54
PCT9211	ED	834	130	0	0	6	124	80	44
PCT9211	MV	834	212	-1	0	16	197	105	92
PCT9212	ED	764	121	0	0	5	116	66	50
PCT9212	MV	764	205	0	0	8	197	122	75
PCT9213	ED	890	140	0	0	6	134	76	58
PCT9213	MV	890	260	1	0	10	249	157	92
PCT9214	ED	581	92	0	0	5	87	57	30
PCT9214	MV	581	203	2	0	10	191	130	61
PCT9215	ED	626	130	0	0	4	126	75	51
PCT9215	MV	626	170	2	1	3	164	122	42
PCT9216	ED	798	134	0	0	5	129	82	47
PCT9216	MV	798	206	2	0	11	193	116	77
PCT9217	ED	684	123	0	0	2	121	83	38
PCT9217	MV	684	187	0	0	11	176	104	72
PCT9218	ED	797	119	0	0	3	116	64	52
PCT9218	MV	797	225	-1	0	12	214	130	84
PCT9219	ED	733	146	0	0	6	140	80	60
PCT9219	MV	733	187	1	0	5	181	118	63
PCT9221	ED	641	121	0	0	5	116	88	28
PCT9221	MV	641	278	0	1	14	263	187	76
PCT9222	ED	842	139	0	0	7	132	87	45
PCT9222	MV	842	268	1	0	7	260	188	72
PCT9223	ED	606	88	2	0	3	83	49	34
PCT9223	MV	606	202	3	0	12	187	132	55
PCT9224	ED	912	171	2	0	5	164	111	53
PCT9224	MV	912	308	-1	2	10	297	195	102
PCT9225	ED	898	161	0	1	9	151	90	61
PCT9225	MV	898	243	0	0	7	236	145	91
PCT9226	ED	905	143	-1	0	11	133	92	41
PCT9226	MV	905	312	-2	0	13	301	200	101
PCT9227	ED	729	140	0	0	5	135	88	47
PCT9227	MV	729	304	2	2	15	285	222	63
PCT9228	ED	726	175	0	0	10	165	130	35
PCT9228	MV	726	277	1	1	14	261	179	82
PCT9229	ED	596	130	-1	0	5	126	99	27
PCT9229	MV	596	219	0	1	6	212	166	46
PCT9231	ED	919	221	0	0	8	213	157	56
PCT9231	MV	919	294	0	1	12	281	203	78
PCT9232	ED	701	151	2	0	8	141	106	35
PCT9232	MV	701	274	0	0	18	256	182	74
PCT9233	ED	774	139	0	1	12	126	86	40
PCT9233	MV	774	308	0	2	18	288	196	92
PCT9234	ED	731	131	-1	0	4	128	92	36
PCT9234	MV	731	281	-1	0	9	273	201	72
PCT9235	ED	842	174	1	0	14	159	107	52
PCT9235	MV	842	298	0	0	9	289	201	88
PCT9236	ED	658	130	0	2	6	122	82	40
PCT9236	MV	658	207	0	0	13	194	141	53
PCT9237	ED	880	145	0	0	7	138	94	44
PCT9237	MV	880	331	-1	0	8	324	238	86
PCT9238	ED	792	130	-2	0	7	125	85	40
PCT9238	MV	792	271	-1	0	10	262	200	62
PCT9239	ED	835	117	0	0	10	107	76	31
PCT9239	MV	835	318	-4	0	12	310	219	91
PCT9241	ED	961	158	1	0	4	153	104	49
PCT9241	MV	961	322	3	0	18	301	183	118
PCT9242	ED	940	154	1	0	11	142	79	63
PCT9242	MV	940	300	0	0	6	294	188	106
PCT9243	ED	572	135	0	0	7	128	90	38
PCT9243	MV	572	188	2	0	8	178	132	46
PCT9244	ED	880	149	1	0	7	141	98	43
PCT9244	MV	880	269	-2	0	12	259	184	75
PCT9245	ED	706	128	0	0	8	120	81	39
PCT9245	MV	706	226	2	0	16	208	145	63
PCT9246	ED	910	139	0	0	6	133	93	40
PCT9246	MV	910	299	0	0	14	285	196	89
PCT9247	ED	936	151	-1	0	7	145	83	62
PCT9247	MV	936	303	1	0	11	291	188	103
PCT9248	ED	898	181	0	1	12	168	110	58
PCT9248	MV	898	282	0	0	20	262	182	80
PCT9249	ED	910	187	1	0	3	183	129	54
PCT9249	MV	910	314	0	0	13	301	212	89
PCT9251	ED	946	204	-1	0	8	197	149	48
PCT9251	MV	946	342	0	0	10	332	259	73
PCT9252	ED	913	140	-1	0	3	138	97	41
PCT9252	MV	913	352	2	0	10	340	249	91
PCT9253	ED	751	138	2	0	11	125	72	53
PCT9253	MV	751	272	-1	0	14	259	176	83
PCT9254	ED	889	168	0	0	10	158	105	53
PCT9254	MV	889	318	-1	0	12	307	214	93
PCT9255	ED	545	126	0	0	6	120	81	39
PCT9255	MV	545	128	1	0	3	124	77	47
PCT9256	ED	433	77	0	0	3	74	48	26
PCT9256	MV	433	103	-2	0	3	102	55	47
PCT9257	MV	312	150	0	0	2	148	93	55
PCT9258	ED	699	127	0	0	5	122	90	32
PCT9258	MV	699	244	1	0	7	236	155	81
PCT9401	ED	970	194	0	0	8	186	126	60
PCT9401	MV	970	293	-1	0	10	284	184	100
PCT9402	ED	931	197	0	0	12	185	113	72
PCT9402	MV	931	307	0	0	21	286	213	73
PCT9403	ED	853	167	-1	0	2	166	115	51
PCT9403	MV	853	286	2	0	10	274	183	91
PCT9404	ED	889	153	0	0	11	142	95	47
PCT9404	MV	889	320	0	0	25	295	203	92
PCT9405	ED	757	160	-1	0	7	154	111	43
PCT9405	MV	757	245	0	0	7	238	163	75
PCT9406	ED	815	179	0	0	10	169	97	72
PCT9406	MV	815	277	2	0	12	263	164	99
PCT9407	ED	861	191	0	0	10	181	120	61
PCT9407	MV	861	284	-2	0	12	274	184	90
PCT9408	ED	837	187	1	0	12	174	102	72
PCT9408	MV	837	246	-4	0	14	236	172	64
PCT9409	ED	565	140	0	0	10	130	77	53
PCT9409	MV	565	170	0	0	11	159	107	52
PCT9411	ED	936	175	-1	0	8	168	98	70
PCT9411	MV	936	261	1	0	11	249	172	77
PCT9412	ED	843	164	0	0	5	159	112	47
PCT9412	MV	843	285	-1	1	14	271	205	66
PCT9413	ED	858	172	-1	0	7	166	110	56
PCT9413	MV	858	310	1	0	22	287	208	79
PCT9414	ED	862	159	1	0	12	146	92	54
PCT9414	MV	862	307	-2	1	13	295	207	88
PCT9415	ED	755	121	-3	0	7	117	78	39
PCT9415	MV	755	284	-3	0	11	276	210	66
PCT9416	ED	962	198	0	0	9	189	132	57
PCT9416	MV	962	316	-2	1	14	303	213	90
PCT9417	ED	714	117	1	0	5	111	78	33
PCT9417	MV	714	286	-3	0	13	276	196	80
PCT9418	ED	753	157	0	0	9	148	98	50
PCT9418	MV	753	269	-3	3	18	251	175	76
PCT9419	ED	893	167	-1	1	11	156	103	53
PCT9419	MV	893	326	2	0	15	309	207	102
PCT9421	ED	878	150	-1	0	8	143	99	44
PCT9421	MV	878	316	-1	0	8	309	217	92
PCT9422	ED	1010	200	1	0	11	188	117	71
PCT9422	MV	1010	358	-1	0	13	346	227	119
PCT9423	ED	853	147	0	1	7	139	94	45
PCT9423	MV	853	292	-3	0	15	280	186	94
PCT9424	ED	910	146	1	0	10	135	90	45
PCT9424	MV	910	331	0	0	11	320	226	94
PCT9425	ED	903	136	2	0	9	125	84	41
PCT9425	MV	903	313	0	0	14	299	212	87
PCT9426	ED	801	143	-1	0	12	132	86	46
PCT9426	MV	801	283	7	0	14	262	196	66
PCT9427	ED	889	129	0	0	4	125	93	32
PCT9427	MV	889	333	1	0	15	317	225	92
PCT9428	ED	892	122	-1	0	7	116	71	45
PCT9428	MV	892	346	-2	0	11	337	243	94
PCT9429	ED	866	173	0	0	6	167	113	54
PCT9429	MV	866	308	-1	0	10	299	212	87
PCT9431	ED	954	152	-1	0	10	143	102	41
PCT9431	MV	954	352	1	0	17	334	231	103
PCT9432	ED	901	155	0	1	4	150	96	54
PCT9432	MV	901	307	1	0	17	289	198	91
PCT9433	ED	912	155	0	0	7	148	93	55
PCT9433	MV	912	317	0	0	11	306	211	95
PCT9434	ED	963	188	-1	1	10	178	116	62
PCT9434	MV	963	349	-3	1	12	339	230	109
PCT9435	ED	934	195	0	1	7	187	117	70
PCT9435	MV	934	320	-4	0	18	306	227	79
PCT9436	ED	941	161	0	0	9	152	91	61
PCT9436	MV	941	337	-4	0	20	321	232	89
PCT9437	ED	873	170	0	0	5	165	111	54
PCT9437	MV	873	324	1	0	10	313	205	108
PCT9438	ED	918	129	1	0	6	122	73	49
PCT9438	MV	918	336	-1	0	13	324	229	95
PCT9439	ED	827	126	0	0	5	121	83	38
PCT9439	MV	827	314	-2	0	17	299	212	87
PCT9441	ED	939	205	-1	0	15	191	132	59
PCT9441	MV	939	337	-1	0	18	320	240	80
PCT9442	ED	970	200	2	0	4	194	138	56
PCT9442	MV	970	325	-2	0	12	315	209	106
PCT9443	ED	886	138	0	0	6	132	79	53
PCT9443	MV	886	304	0	0	19	285	201	84
PCT9444	ED	901	118	-3	1	10	110	73	37
PCT9444	MV	901	312	-1	0	17	296	195	101
PCT9445	ED	945	154	0	0	5	149	97	52
PCT9445	MV	945	342	-1	0	16	327	237	90
PCT9446	ED	1043	164	1	0	5	158	100	58
PCT9446	MV	1043	417	1	0	22	394	276	118
PCT9447	ED	891	171	1	0	5	165	113	52
PCT9447	MV	891	327	0	0	21	306	226	80
PCT9448	ED	877	159	0	0	11	148	97	51
PCT9448	MV	877	307	-4	1	16	294	210	84
PCT9449	ED	784	97	-1	0	0	98	69	29
PCT9449	MV	784	302	0	1	14	287	197	90
PCT9451	ED	414	57	0	0	3	54	34	20
PCT9451	MV	414	154	4	0	3	147	96	51
PCT9452	ED	799	175	0	0	8	167	113	54
PCT9452	MV	799	281	0	0	10	271	191	80
PCT9453	ED	488	90	0	0	0	90	61	29
PCT9453	MV	488	175	0	0	10	165	123	42
PCT9501	MV	149	71	-2	0	3	70	43	27
PCT9502	MV	233	116	-1	0	2	115	70	45
PCT9503	ED	725	128	0	0	12	116	71	45
PCT9503	MV	725	184	2	0	8	174	116	58
PCT9505	ED	756	147	0	1	10	136	88	48
PCT9505	MV	756	274	0	0	14	260	157	103
PCT9506	ED	771	134	0	0	3	131	81	50
PCT9506	MV	771	217	2	0	10	205	138	67
PCT9507	ED	733	170	0	0	9	161	111	50
PCT9507	MV	733	218	-1	1	9	209	157	52
PCT9508	ED	784	180	0	0	11	169	114	55
PCT9508	MV	784	258	-1	0	12	247	167	80
PCT9509	ED	719	165	-1	0	9	157	106	51
PCT9509	MV	719	239	-1	0	10	230	169	61
PCT9511	ED	600	147	-2	0	11	138	80	58
PCT9511	MV	600	177	0	0	8	169	104	65
PCT9512	ED	771	161	-1	0	11	151	107	44
PCT9512	MV	771	251	-4	0	11	244	157	87
PCT9513	ED	864	200	1	0	13	186	115	71
PCT9513	MV	864	261	3	0	13	245	159	86
PCT9514	ED	869	229	1	0	9	219	151	68
PCT9514	MV	869	257	-1	0	8	250	174	76
PCT9515	ED	685	159	0	0	7	152	107	45
PCT9515	MV	685	243	-2	0	8	237	155	82
PCT9516	ED	864	206	0	0	8	198	134	64
PCT9516	MV	864	269	1	0	14	254	174	80
PCT9517	ED	768	197	0	0	11	186	129	57
PCT9517	MV	768	235	1	0	10	224	154	70
PCT9518	ED	783	180	0	0	6	174	126	48
PCT9518	MV	783	242	-1	0	8	235	171	64
PCT9519	ED	850	217	0	0	6	211	154	57
PCT9519	MV	850	294	0	1	16	277	213	64
PCT9521	ED	893	254	0	0	11	243	180	63
PCT9521	MV	893	290	-2	0	8	284	215	69
PCT9701	ED	665	156	0	0	5	151	106	45
PCT9701	MV	665	235	-1	0	7	229	157	72
PCT9702	ED	710	194	0	0	11	183	135	48
PCT9702	MV	710	231	1	0	9	221	173	48
PCT9703	ED	931	182	-1	0	8	175	109	66
PCT9703	MV	931	373	3	1	6	363	276	87
PCT9704	ED	942	191	1	0	6	184	138	46
PCT9704	MV	942	354	-1	0	14	341	262	79
PCT9705	ED	879	208	0	0	10	198	142	56
PCT9705	MV	879	309	-1	0	14	296	207	89
PCT9706	MV	51	32	0	0	0	32	20	12
PCT9707	ED	799	121	0	0	2	119	85	34
PCT9707	MV	799	355	0	0	16	339	248	91
PCT9708	ED	919	193	1	0	11	181	139	42
PCT9708	MV	919	324	6	0	8	310	228	82
PCT9709	ED	998	196	0	0	11	185	125	60
PCT9709	MV	998	355	-3	0	20	338	236	102
PCT9711	ED	625	167	0	1	8	158	115	43
PCT9711	MV	625	254	-1	0	9	246	165	81
PCT9712	ED	651	134	-1	0	3	132	98	34
PCT9712	MV	651	288	1	0	8	279	216	63
PCT9713	ED	930	161	6	0	9	146	100	46
PCT9713	MV	930	362	0	0	21	341	236	105
PCT9714	ED	911	154	0	0	5	149	104	45
PCT9714	MV	911	367	-1	0	13	355	250	105
PCT9715	ED	566	162	0	0	6	156	127	29
PCT9715	MV	566	218	4	0	8	206	148	58
PCT9716	ED	928	198	-1	0	10	189	124	65
PCT9716	MV	928	368	5	0	10	353	248	105
PCT9717	ED	967	206	0	1	11	194	131	63
PCT9717	MV	967	371	-2	0	11	362	274	88
PCT9718	ED	843	183	-1	0	6	178	131	47
PCT9718	MV	843	385	2	0	13	370	246	124
PCT9719	ED	863	186	1	0	9	176	121	55
PCT9719	MV	863	389	2	1	12	374	278	96
PCT9721	ED	653	182	-1	0	8	175	114	61
PCT9721	MV	653	250	-1	0	7	244	168	76
PCT9722	ED	593	86	-1	0	5	82	59	23
PCT9722	MV	593	269	-3	0	18	254	169	85
PCT9723	ED	458	74	0	0	2	72	53	19
PCT9723	MV	458	198	1	0	5	192	141	51
PCT9724	ED	950	144	0	0	4	140	93	47
PCT9724	MV	950	386	-4	0	14	376	262	114
PCT9725	ED	941	118	-2	2	9	109	68	41
PCT9725	MV	941	350	-3	0	8	345	217	128
PCT9726	ED	685	83	0	0	4	79	52	27
PCT9726	MV	685	137	-5	0	9	133	84	49
PCT9727	ED	435	60	-1	0	4	57	43	14
PCT9727	MV	435	205	3	0	9	193	124	69
PCT9728	ED	906	204	-2	0	10	196	135	61
PCT9728	MV	906	378	-1	1	12	366	241	125
PCT9729	ED	782	161	1	1	4	155	114	41
PCT9729	MV	782	304	1	0	10	293	211	82
PCT9731	ED	529	138	0	1	8	129	94	35
PCT9731	MV	529	189	0	0	1	188	125	63
PCT9732	MV	73	43	0	0	3	40	25	15
PCT9733	MV	224	146	0	0	4	142	106	36
PCT9734	ED	577	122	-1	1	2	120	90	30
PCT9734	MV	577	261	-2	0	16	247	172	75
PCT9735	ED	782	167	1	1	7	158	106	52
PCT9735	MV	782	344	6	0	7	331	232	99
PCT9736	ED	699	145	0	0	12	133	80	53
PCT9736	MV	699	305	5	0	5	295	214	81
PCT9737	ED	792	175	0	0	6	169	128	41
PCT9737	MV	792	343	0	0	12	331	229	102
PCT9738	ED	830	99	0	0	6	93	51	42
PCT9738	MV	830	263	1	0	13	249	153	96
PCT9739	ED	826	126	0	1	8	117	75	42
PCT9739	MV	826	193	-2	0	5	190	112	78
PCT9741	ED	1022	19	0	0	1	18	9	9
PCT9741	MV	1022	24	0	0	2	22	13	9
PCT9742	ED	647	134	0	0	6	128	88	40
PCT9742	MV	647	187	3	0	9	175	121	54
PCT9743	ED	1093	172	0	0	10	162	99	63
PCT9743	MV	1093	317	1	1	12	303	206	97
PCT9744	ED	902	141	1	0	12	128	75	53
PCT9744	MV	902	234	2	0	9	223	121	102
PCT9745	ED	934	141	0	1	9	131	77	54
PCT9745	MV	934	205	2	0	10	193	136	57
PCT9746	ED	867	192	0	0	14	178	105	73
PCT9746	MV	867	334	0	0	15	319	218	101
PCT9747	ED	940	198	0	0	12	186	125	61
PCT9747	MV	940	323	-1	0	26	298	214	84
PCT9748	ED	913	164	1	0	5	158	96	62
PCT9748	MV	913	342	-3	0	20	325	220	105
PCT9749	ED	893	143	-2	0	8	137	83	54
PCT9749	MV	893	266	4	0	13	249	176	73
PCT9751	ED	977	157	-1	1	9	148	112	36
PCT9751	MV	977	384	-2	0	19	367	258	109
PCT9752	ED	692	143	0	0	10	133	92	41
PCT9752	MV	692	305	0	1	11	293	218	75
PCT9753	ED	735	148	-1	0	6	143	112	31
PCT9753	MV	735	266	-1	0	12	255	177	78
PCT9754	ED	701	169	0	0	2	167	115	52
PCT9754	MV	701	296	-2	0	12	286	203	83
PCT9755	ED	553	120	-1	0	6	115	82	33
PCT9755	MV	553	201	1	1	7	192	124	68
PCT9756	ED	908	126	0	0	5	121	77	44
PCT9756	MV	908	297	4	1	13	279	172	107
PCT9801	ED	399	76	-1	0	6	71	48	23
PCT9801	MV	399	148	2	0	4	142	109	33
CONG12	TO	426647	225360	-47	166	11083	214158	146485	67673
CONG14	TO	55344	28223	-9	25	1328	26879	18359	8520
ASSM17	TO	280269	147301	-16	115	7513	139689	95500	44189
ASSM19	TO	201722	106282	-40	76	4898	101348	69344	32004
BART7	TO	36166	15261	3	14	909	14335	9247	5088
BART8	TO	215670	112119	-2	93	5584	106444	72828	33616
BART9	TO	230155	126203	-57	84	5918	120258	82769	37489
SUPV1	TO	40919	22431	-7	9	1059	21370	14617	6753
SUPV2	TO	48242	24389	9	25	1094	23261	15725	7536
SUPV3	TO	38273	18567	11	25	1268	17263	11325	5938
SUPV4	TO	41216	21994	-34	15	1041	20972	14378	6594
SUPV5	TO	52114	28694	-14	14	1475	27219	18671	8548
SUPV6	TO	41151	17498	7	13	1107	16371	10154	6217
SUPV7	TO	46301	26230	27	24	1071	25108	17521	7587
SUPV8	TO	56415	36015	-19	21	1378	34635	24738	9897
SUPV9	TO	41665	22565	-32	13	991	21593	15342	6251
SUPV10	TO	39848	17900	7	17	1026	16850	11121	5729
SUPV11	TO	35847	17300	-11	15	901	16395	11252	5143
NEIG1	TO	19131	7881	16	10	527	7328	4694	2634
NEIG2	TO	16742	8038	5	15	617	7401	4982	2419
NEIG3	TO	27631	12231	-9	14	889	11337	6844	4493
NEIG4	TO	6857	4487	-5	3	176	4313	3126	1187
NEIG5	TO	26541	12895	-7	9	639	12254	8439	3815
NEIG6	TO	14552	8410	-3	5	354	8054	5752	2302
NEIG7	TO	11506	5461	3	7	311	5140	3478	1662
NEIG8	TO	9393	5438	-2	1	227	5212	3738	1474
NEIG9	TO	8641	3424	-8	5	152	3275	2097	1178
NEIG10	TO	9744	5037	6	1	216	4814	3333	1481
NEIG11	TO	38757	19070	-5	17	898	18160	12063	6097
NEIG12	TO	30096	16088	-15	11	715	15377	10557	4820
NEIG13	TO	16415	10584	-10	5	389	10200	7385	2815
NEIG14	TO	8622	5494	-1	4	205	5286	4018	1268
NEIG15	TO	6827	3580	17	0	176	3387	2283	1104
NEIG26	TO	8914	4445	-2	2	237	4208	2902	1306
NEIG16	TO	15511	7917	-4	5	350	7566	5158	2408
NEIG17	TO	35688	19724	-18	9	927	18806	12866	5940
NEIG18	TO	7813	4593	8	8	211	4366	3135	1231
NEIG19	TO	9230	5452	-12	7	207	5250	3850	1400
NEIG20	TO	23278	10026	-5	7	584	9440	5971	3469
NEIG21	TO	40651	21684	-34	15	1020	20683	14194	6489
NEIG22	TO	18424	12111	-2	5	462	11646	8250	3396
NEIG23	TO	7867	3226	0	2	198	3026	2011	1015
NEIG24	TO	33960	20797	29	17	836	19915	14098	5817
NEIG25	TO	29200	15490	2	7	888	14593	9620	4973
