area_id	subtotal_type	RSReg	RSCst	RSRej	RSOvr	RSUnd	RSTot	046:Yes	047:No
ALL	TO	481991	253583	-56	143	15363	238133	144686	93447
ALL	ED	481991	89756	-87	52	6035	83756	55011	28745
ALL	MV	481991	163827	31	91	9328	154377	89675	64702
PCT1101	ED	544	83	-1	0	3	81	38	43
PCT1101	MV	544	198	1	0	8	189	91	98
PCT1102	ED	964	188	1	0	9	178	97	81
PCT1102	MV	964	337	-2	0	16	323	153	170
PCT1103	ED	914	163	0	0	5	158	98	60
PCT1103	MV	914	348	0	2	19	327	164	163
PCT1104	ED	953	167	0	0	10	157	84	73
PCT1104	MV	953	292	1	0	10	281	159	122
PCT1106	ED	740	113	0	1	3	109	54	55
PCT1106	MV	740	231	-1	0	14	218	104	114
PCT1107	ED	721	101	0	0	10	91	52	39
PCT1107	MV	721	240	1	1	12	226	90	136
PCT1108	ED	882	156	0	0	17	139	82	57
PCT1108	MV	882	328	1	0	18	309	151	158
PCT1109	ED	758	124	-3	0	10	117	70	47
PCT1109	MV	758	265	3	0	16	246	98	148
PCT1111	ED	938	132	-2	0	14	120	69	51
PCT1111	MV	938	330	5	0	12	313	135	178
PCT1112	ED	702	96	2	0	6	88	60	28
PCT1112	MV	702	221	0	0	9	212	95	117
PCT1113	ED	701	82	-1	0	5	78	48	30
PCT1113	MV	701	272	0	1	16	255	104	151
PCT1114	ED	915	139	0	1	14	124	71	53
PCT1114	MV	915	280	1	0	14	265	118	147
PCT1115	ED	835	97	0	0	7	90	50	40
PCT1115	MV	835	279	-1	0	26	254	109	145
PCT1116	ED	842	141	-1	1	15	126	81	45
PCT1116	MV	842	275	0	0	19	256	110	146
PCT1117	ED	827	138	-1	0	19	120	70	50
PCT1117	MV	827	240	0	0	12	228	110	118
PCT1118	ED	974	158	2	0	16	140	82	58
PCT1118	MV	974	335	2	0	25	308	147	161
PCT1119	ED	745	97	-1	0	8	90	55	35
PCT1119	MV	745	274	-1	0	8	267	127	140
PCT1121	ED	653	104	0	0	6	98	37	61
PCT1121	MV	653	221	1	0	15	205	80	125
PCT1122	ED	607	69	0	0	5	64	35	29
PCT1122	MV	607	213	-1	0	9	205	76	129
PCT1123	ED	876	118	-1	0	10	109	65	44
PCT1123	MV	876	254	-2	0	8	248	104	144
PCT1124	ED	773	109	0	0	15	94	59	35
PCT1124	MV	773	200	-1	0	12	189	91	98
PCT1125	ED	987	80	-2	0	9	73	42	31
PCT1125	MV	987	329	-4	0	25	308	109	199
PCT1126	ED	900	92	-1	0	8	85	44	41
PCT1126	MV	900	292	-1	2	21	270	133	137
PCT1127	ED	875	141	-1	0	11	131	72	59
PCT1127	MV	875	277	-1	0	15	263	100	163
PCT1128	ED	813	104	0	0	4	100	39	61
PCT1128	MV	813	246	-1	0	15	232	99	133
PCT1129	ED	924	120	0	0	10	110	58	52
PCT1129	MV	924	274	2	0	10	262	113	149
PCT1131	ED	783	85	0	0	7	78	49	29
PCT1131	MV	783	288	0	0	18	270	100	170
PCT1132	ED	910	112	0	0	12	100	53	47
PCT1132	MV	910	324	-3	0	9	318	126	192
PCT1133	ED	826	99	0	0	9	90	37	53
PCT1133	MV	826	292	-2	1	15	278	127	151
PCT1134	ED	727	126	0	1	11	114	70	44
PCT1134	MV	727	241	-1	0	14	228	77	151
PCT1135	ED	511	71	-1	0	4	68	46	22
PCT1135	MV	511	217	2	0	17	198	89	109
PCT1136	ED	807	97	0	0	11	86	44	42
PCT1136	MV	807	287	1	0	15	271	120	151
PCT1141	ED	998	149	1	0	16	132	64	68
PCT1141	MV	998	368	0	1	16	351	164	187
PCT1142	ED	822	120	0	0	5	115	63	52
PCT1142	MV	822	266	0	0	15	251	129	122
PCT1143	ED	989	147	1	0	6	140	91	49
PCT1143	MV	989	311	2	0	30	279	144	135
PCT1144	ED	870	148	-2	0	4	146	87	59
PCT1144	MV	870	264	-1	0	15	250	110	140
PCT1145	ED	879	136	1	1	11	123	79	44
PCT1145	MV	879	370	-2	1	21	350	181	169
PCT1146	ED	971	124	0	0	8	116	69	47
PCT1146	MV	971	326	-1	0	15	312	157	155
PCT1147	ED	853	166	2	0	7	157	103	54
PCT1147	MV	853	279	1	2	16	260	132	128
PCT1148	ED	918	121	0	0	7	114	54	60
PCT1148	MV	918	314	0	0	17	297	100	197
PCT1149	ED	873	148	-2	0	5	145	80	65
PCT1149	MV	873	285	1	1	17	266	119	147
PCT1152	ED	838	125	-2	0	6	121	71	50
PCT1152	MV	838	286	0	0	16	270	117	153
PCT1153	ED	909	139	0	0	5	134	55	79
PCT1153	MV	909	306	2	0	10	294	146	148
PCT7001	ED	735	119	-1	0	7	113	85	28
PCT7001	MV	735	266	2	0	19	245	154	91
PCT7002	ED	641	132	0	0	4	128	100	28
PCT7002	MV	641	173	1	0	5	167	116	51
PCT7003	ED	864	188	0	1	7	180	124	56
PCT7003	MV	864	340	0	0	15	325	210	115
PCT7004	ED	835	175	0	0	13	162	103	59
PCT7004	MV	835	306	-1	0	6	301	191	110
PCT7005	ED	812	180	1	1	11	167	128	39
PCT7005	MV	812	295	1	0	10	284	195	89
PCT7006	ED	884	213	1	0	13	199	152	47
PCT7006	MV	884	290	-2	0	17	275	184	91
PCT7007	ED	916	233	-2	0	11	224	160	64
PCT7007	MV	916	323	-1	0	12	312	204	108
PCT7008	ED	861	187	0	0	11	176	120	56
PCT7008	MV	861	345	1	0	17	327	207	120
PCT7009	ED	864	133	-1	0	11	123	81	42
PCT7009	MV	864	312	-1	0	11	302	188	114
PCT7011	ED	976	141	0	0	15	126	89	37
PCT7011	MV	976	205	0	0	11	194	118	76
PCT7012	ED	1061	224	0	0	8	216	142	74
PCT7012	MV	1061	383	1	0	17	365	247	118
PCT7013	ED	805	132	0	0	7	125	97	28
PCT7013	MV	805	251	-2	0	8	245	168	77
PCT7014	ED	1213	188	-3	0	7	184	120	64
PCT7014	MV	1213	434	-1	0	26	409	266	143
PCT7015	MV	93	34	1	0	1	32	25	7
PCT7016	ED	891	112	0	0	21	91	52	39
PCT7016	MV	891	221	-1	0	19	203	88	115
PCT7017	ED	734	79	0	1	18	60	35	25
PCT7017	MV	734	167	-1	1	14	153	97	56
PCT7018	ED	908	88	-2	0	7	83	46	37
PCT7018	MV	908	343	2	0	22	319	149	170
PCT7019	ED	864	111	2	0	9	100	53	47
PCT7019	MV	864	349	-1	0	26	324	142	182
PCT7021	ED	927	129	1	0	16	112	67	45
PCT7021	MV	927	220	-3	0	16	207	124	83
PCT7022	ED	923	164	0	0	23	141	78	63
PCT7022	MV	923	270	3	0	19	248	125	123
PCT7023	ED	906	131	1	0	21	109	63	46
PCT7023	MV	906	301	-4	4	16	285	163	122
PCT7024	ED	386	30	0	0	5	25	16	9
PCT7024	MV	386	47	0	0	4	43	27	16
PCT7025	ED	448	66	2	0	7	57	30	27
PCT7025	MV	448	78	1	0	4	73	36	37
PCT7026	ED	971	90	0	0	11	79	30	49
PCT7026	MV	971	350	4	0	19	327	102	225
PCT7027	ED	845	136	-1	0	19	118	65	53
PCT7027	MV	845	271	2	1	20	248	118	130
PCT7028	ED	835	157	0	0	13	144	81	63
PCT7028	MV	835	180	-2	0	18	164	81	83
PCT7029	ED	855	115	0	0	12	103	49	54
PCT7029	MV	855	166	1	0	7	158	107	51
PCT7030	ED	729	94	-2	0	6	90	37	53
PCT7030	MV	729	277	3	0	14	260	89	171
PCT7031	ED	611	50	0	0	5	45	24	21
PCT7031	MV	611	224	3	0	15	206	100	106
PCT7032	ED	867	126	-1	0	24	103	57	46
PCT7032	MV	867	238	1	1	21	215	110	105
PCT7033	ED	765	135	0	0	18	117	56	61
PCT7033	MV	765	181	-1	0	17	165	81	84
PCT7034	ED	914	97	0	0	11	86	48	38
PCT7034	MV	914	154	1	2	14	137	80	57
PCT7035	ED	553	73	0	0	5	68	38	30
PCT7035	MV	553	170	0	0	6	164	78	86
PCT7036	ED	898	52	0	0	1	51	24	27
PCT7036	MV	898	265	0	0	15	250	108	142
PCT7037	ED	730	73	-1	1	17	56	34	22
PCT7037	MV	730	64	3	0	4	57	34	23
PCT7038	ED	880	84	0	0	10	74	36	38
PCT7038	MV	880	255	-1	0	20	236	78	158
PCT7039	ED	768	111	-1	0	8	104	48	56
PCT7039	MV	768	225	1	0	12	212	75	137
PCT7041	MV	60	24	0	0	0	24	5	19
PCT7042	ED	632	75	0	0	6	69	41	28
PCT7042	MV	632	191	2	0	17	172	73	99
PCT7043	ED	915	97	1	0	15	81	43	38
PCT7043	MV	915	282	2	1	20	259	141	118
PCT7044	ED	805	86	-1	0	18	69	39	30
PCT7044	MV	805	125	-1	0	15	111	47	64
PCT7045	ED	763	87	-1	0	9	79	37	42
PCT7045	MV	763	282	1	0	22	259	105	154
PCT7046	ED	385	54	0	0	4	50	27	23
PCT7046	MV	385	136	0	0	9	127	45	82
PCT7047	ED	781	68	-1	0	2	67	35	32
PCT7047	MV	781	298	1	0	15	282	105	177
PCT7048	ED	815	94	0	0	9	85	45	40
PCT7048	MV	815	248	-1	0	30	219	106	113
PCT7049	ED	751	108	0	0	13	95	41	54
PCT7049	MV	751	241	0	0	19	222	72	150
PCT7051	ED	839	70	-2	0	11	61	32	29
PCT7051	MV	839	302	2	0	17	283	98	185
PCT7052	ED	806	120	-1	0	12	109	56	53
PCT7052	MV	806	278	2	0	10	266	118	148
PCT7053	ED	548	44	0	0	6	38	22	16
PCT7053	MV	548	205	1	0	15	189	83	106
PCT7054	ED	1024	141	3	0	8	130	74	56
PCT7054	MV	1024	275	1	0	18	256	121	135
PCT7055	ED	699	83	-3	0	15	71	50	21
PCT7055	MV	699	256	-1	0	9	248	116	132
PCT7101	MV	141	83	0	0	9	74	56	18
PCT7201	ED	900	147	2	0	15	130	78	52
PCT7201	MV	900	333	-1	1	19	314	199	115
PCT7202	ED	830	138	0	0	6	132	74	58
PCT7202	MV	830	271	0	0	18	253	132	121
PCT7203	ED	867	174	-1	0	19	156	100	56
PCT7203	MV	867	243	3	1	17	222	130	92
PCT7204	ED	888	157	0	0	11	146	98	48
PCT7204	MV	888	340	-4	0	20	324	192	132
PCT7205	ED	847	183	0	0	8	175	119	56
PCT7205	MV	847	309	3	0	14	292	182	110
PCT7206	ED	375	88	0	1	2	85	58	27
PCT7206	MV	375	124	0	0	9	115	63	52
PCT7207	ED	744	119	-1	0	16	104	66	38
PCT7207	MV	744	231	0	0	15	216	114	102
PCT7208	ED	567	76	0	0	5	71	50	21
PCT7208	MV	567	206	0	0	19	187	96	91
PCT7209	ED	586	69	0	0	7	62	36	26
PCT7209	MV	586	326	1	0	16	309	220	89
PCT7301	ED	1002	150	0	0	17	133	90	43
PCT7301	MV	1002	299	2	0	29	268	148	120
PCT7302	ED	806	121	0	0	17	104	69	35
PCT7302	MV	806	352	3	0	13	336	191	145
PCT7303	ED	986	167	-2	0	16	153	108	45
PCT7303	MV	986	318	4	0	22	292	175	117
PCT7304	ED	972	203	0	0	8	195	129	66
PCT7304	MV	972	330	2	0	20	308	176	132
PCT7305	ED	851	171	-1	0	9	163	104	59
PCT7305	MV	851	306	1	0	14	291	162	129
PCT7306	ED	1014	179	0	0	15	164	94	70
PCT7306	MV	1014	302	2	1	32	267	145	122
PCT7307	ED	726	143	0	0	15	128	84	44
PCT7307	MV	726	226	5	1	13	207	112	95
PCT7308	ED	598	133	0	0	5	128	79	49
PCT7308	MV	598	204	1	0	13	190	122	68
PCT7309	ED	826	160	1	0	11	148	106	42
PCT7309	MV	826	209	2	0	15	192	117	75
PCT7311	ED	901	175	0	0	9	166	112	54
PCT7311	MV	901	266	1	0	20	245	153	92
PCT7312	ED	810	128	-1	0	3	126	71	55
PCT7312	MV	810	332	4	0	23	305	176	129
PCT7313	ED	925	135	1	0	16	118	87	31
PCT7313	MV	925	315	-1	0	18	298	176	122
PCT7314	ED	760	92	0	0	16	76	41	35
PCT7314	MV	760	213	0	0	26	187	113	74
PCT7315	ED	725	119	0	0	12	107	77	30
PCT7315	MV	725	178	2	0	3	173	102	71
PCT7316	ED	824	122	0	0	11	111	82	29
PCT7316	MV	824	266	0	0	20	246	138	108
PCT7317	ED	886	117	0	0	2	115	69	46
PCT7317	MV	886	340	2	0	15	323	182	141
PCT7318	ED	709	123	0	0	15	108	68	40
PCT7318	MV	709	243	-3	0	20	226	135	91
PCT7319	ED	1035	182	0	0	13	169	98	71
PCT7319	MV	1035	296	0	0	23	273	165	108
PCT7321	ED	644	100	0	0	14	86	52	34
PCT7321	MV	644	211	3	1	18	189	90	99
PCT7322	ED	859	60	0	0	11	49	31	18
PCT7322	MV	859	304	-4	1	43	264	152	112
PCT7323	ED	881	146	2	0	9	135	81	54
PCT7323	MV	881	273	0	0	21	252	150	102
PCT7324	ED	687	125	0	0	13	112	72	40
PCT7324	MV	687	198	-3	0	18	183	117	66
PCT7325	ED	870	150	0	0	17	133	89	44
PCT7325	MV	870	276	-1	0	18	259	150	109
PCT7326	ED	853	150	0	0	19	131	85	46
PCT7326	MV	853	256	1	1	21	233	141	92
PCT7327	ED	684	62	0	0	12	50	30	20
PCT7327	MV	684	277	-3	0	32	248	139	109
PCT7328	ED	950	70	0	0	13	57	35	22
PCT7328	MV	950	391	-1	1	57	334	191	143
PCT7329	ED	610	71	-1	0	7	65	31	34
PCT7329	MV	610	205	-1	0	21	185	112	73
PCT7331	ED	860	130	0	0	11	119	71	48
PCT7331	MV	860	357	-3	0	18	342	201	141
PCT7332	ED	799	154	0	1	15	138	102	36
PCT7332	MV	799	209	0	0	18	191	131	60
PCT7333	ED	974	174	0	0	15	159	107	52
PCT7333	MV	974	323	3	0	24	296	173	123
PCT7334	ED	854	113	0	0	6	107	75	32
PCT7334	MV	854	275	0	0	16	259	167	92
PCT7335	ED	936	144	0	0	6	138	101	37
PCT7335	MV	936	354	-2	0	27	329	204	125
PCT7336	ED	920	155	0	0	11	144	88	56
PCT7336	MV	920	324	0	0	29	295	149	146
PCT7337	ED	825	115	-1	0	8	108	59	49
PCT7337	MV	825	305	2	0	17	286	168	118
PCT7338	ED	884	100	1	0	12	87	52	35
PCT7338	MV	884	364	-7	0	41	330	183	147
PCT7339	ED	618	111	-1	0	8	104	70	34
PCT7339	MV	618	181	-1	0	16	166	101	65
PCT7341	ED	877	124	-1	0	12	113	80	33
PCT7341	MV	877	246	-1	0	19	228	149	79
PCT7342	ED	911	234	2	0	17	215	140	75
PCT7342	MV	911	251	0	0	10	241	155	86
PCT7343	ED	707	144	0	0	11	133	98	35
PCT7343	MV	707	186	1	0	11	174	121	53
PCT7344	ED	1039	179	-1	0	11	169	105	64
PCT7344	MV	1039	334	-2	0	19	317	196	121
PCT7345	ED	1077	183	0	0	8	175	124	51
PCT7345	MV	1077	283	2	0	24	257	181	76
PCT7346	ED	877	168	1	0	13	154	109	45
PCT7346	MV	877	221	-1	0	17	205	132	73
PCT7347	ED	968	137	0	0	13	124	92	32
PCT7347	MV	968	279	-1	0	15	265	205	60
PCT7348	ED	832	139	-1	0	10	130	82	48
PCT7348	MV	832	202	3	0	12	187	126	61
PCT7349	ED	921	147	-1	0	8	140	103	37
PCT7349	MV	921	282	3	0	21	258	176	82
PCT7501	ED	554	118	-1	0	6	113	75	38
PCT7501	MV	554	168	0	0	16	152	75	77
PCT7502	ED	741	113	1	0	9	103	68	35
PCT7502	MV	741	349	-8	1	27	329	199	130
PCT7503	ED	727	132	0	0	20	112	78	34
PCT7503	MV	727	226	-1	0	16	211	148	63
PCT7504	ED	484	76	0	0	8	68	45	23
PCT7504	MV	484	158	4	0	7	147	89	58
PCT7505	ED	871	131	0	0	18	113	77	36
PCT7505	MV	871	417	1	0	30	386	281	105
PCT7506	ED	920	133	-1	0	12	122	89	33
PCT7506	MV	920	252	0	1	31	220	135	85
PCT7507	ED	919	158	-2	0	24	136	86	50
PCT7507	MV	919	255	4	0	17	234	161	73
PCT7508	ED	702	106	0	1	12	93	51	42
PCT7508	MV	702	340	-1	0	29	312	187	125
PCT7509	ED	909	171	-2	0	10	163	118	45
PCT7509	MV	909	319	1	0	24	294	195	99
PCT7512	ED	604	96	-1	0	10	87	54	33
PCT7512	MV	604	196	3	0	15	178	114	64
PCT7513	ED	790	142	-2	1	18	125	86	39
PCT7513	MV	790	208	2	0	21	185	131	54
PCT7514	ED	863	95	-3	0	21	77	54	23
PCT7514	MV	863	235	1	0	31	203	133	70
PCT7515	ED	845	150	0	0	14	136	95	41
PCT7515	MV	845	289	3	0	21	265	162	103
PCT7516	ED	886	145	0	0	13	132	86	46
PCT7516	MV	886	378	-3	0	30	351	215	136
PCT7517	ED	863	228	-1	1	15	213	161	52
PCT7517	MV	863	251	-2	0	12	241	180	61
PCT7518	ED	939	235	0	0	9	226	182	44
PCT7518	MV	939	298	-1	0	16	283	201	82
PCT7519	ED	726	179	0	1	4	174	142	32
PCT7519	MV	726	185	0	0	15	170	123	47
PCT7521	ED	802	211	1	0	11	199	162	37
PCT7521	MV	802	215	-1	0	13	203	168	35
PCT7522	ED	743	175	-1	0	10	166	134	32
PCT7522	MV	743	240	0	0	22	218	169	49
PCT7523	ED	737	208	0	0	13	195	161	34
PCT7523	MV	737	223	-3	0	14	212	158	54
PCT7524	ED	646	143	3	0	12	128	96	32
PCT7524	MV	646	165	2	0	14	149	116	33
PCT7525	ED	779	145	-1	0	15	131	92	39
PCT7525	MV	779	214	1	0	14	199	145	54
PCT7526	ED	947	197	1	0	15	181	143	38
PCT7526	MV	947	313	3	0	19	291	210	81
PCT7527	ED	729	162	-2	0	20	144	109	35
PCT7527	MV	729	237	1	0	12	224	163	61
PCT7529	ED	925	214	0	0	13	201	166	35
PCT7529	MV	925	300	1	0	20	279	216	63
PCT7531	ED	847	179	-1	0	10	170	131	39
PCT7531	MV	847	263	2	0	17	244	195	49
PCT7532	ED	823	172	1	1	10	160	124	36
PCT7532	MV	823	226	1	0	10	215	136	79
PCT7533	ED	951	268	-1	0	17	252	204	48
PCT7533	MV	951	297	1	0	11	285	214	71
PCT7534	ED	883	241	0	0	12	229	195	34
PCT7534	MV	883	240	0	0	8	232	175	57
PCT7535	ED	743	201	0	0	13	188	149	39
PCT7535	MV	743	251	-1	0	9	243	180	63
PCT7536	ED	856	206	-1	0	14	193	148	45
PCT7536	MV	856	279	-2	0	12	269	193	76
PCT7537	ED	734	187	0	0	8	179	141	38
PCT7537	MV	734	225	2	0	13	210	164	46
PCT7538	ED	757	223	0	0	11	212	171	41
PCT7538	MV	757	256	-2	0	14	244	181	63
PCT7539	ED	884	250	2	1	16	231	182	49
PCT7539	MV	884	286	-3	0	14	275	209	66
PCT7541	ED	791	215	0	0	16	199	155	44
PCT7541	MV	791	245	0	0	13	232	184	48
PCT7542	ED	787	183	-1	0	6	178	139	39
PCT7542	MV	787	247	-3	0	13	237	175	62
PCT7543	ED	910	187	2	0	17	168	132	36
PCT7543	MV	910	332	1	0	13	318	229	89
PCT7544	ED	877	186	0	0	9	177	132	45
PCT7544	MV	877	331	-2	0	17	316	224	92
PCT7545	ED	877	179	0	0	6	173	124	49
PCT7545	MV	877	291	-1	0	10	282	182	100
PCT7546	ED	913	219	0	0	17	202	143	59
PCT7546	MV	913	310	2	0	11	297	229	68
PCT7547	ED	987	244	-2	0	14	232	199	33
PCT7547	MV	987	322	6	1	16	299	238	61
PCT7548	ED	1054	236	-1	0	9	228	182	46
PCT7548	MV	1054	345	2	0	15	328	257	71
PCT7549	ED	785	165	-1	0	13	153	117	36
PCT7549	MV	785	281	3	0	24	254	170	84
PCT7551	ED	705	199	0	0	14	185	147	38
PCT7551	MV	705	240	-2	0	15	227	176	51
PCT7552	ED	718	191	0	0	5	186	149	37
PCT7552	MV	718	232	-2	0	15	219	160	59
PCT7553	MV	171	87	0	0	8	79	55	24
PCT7554	ED	785	179	-1	1	9	170	113	57
PCT7554	MV	785	323	0	0	15	308	222	86
PCT7555	ED	847	242	0	0	8	234	188	46
PCT7555	MV	847	304	2	0	15	287	190	97
PCT7556	ED	961	223	-1	0	8	216	147	69
PCT7556	MV	961	422	0	0	18	404	282	122
PCT7601	ED	744	128	-4	0	16	116	80	36
PCT7601	MV	744	185	6	0	12	167	107	60
PCT7602	ED	880	147	0	0	18	129	91	38
PCT7602	MV	880	243	-1	0	19	225	150	75
PCT7603	ED	826	152	-1	1	11	141	104	37
PCT7603	MV	826	215	-1	0	15	201	140	61
PCT7604	ED	906	133	0	0	8	125	78	47
PCT7604	MV	906	233	0	0	19	214	141	73
PCT7605	ED	651	77	0	0	11	66	44	22
PCT7605	MV	651	155	1	0	18	136	106	30
PCT7606	ED	895	127	2	0	16	109	76	33
PCT7606	MV	895	212	1	0	9	202	138	64
PCT7607	ED	955	120	0	0	11	109	69	40
PCT7607	MV	955	265	-3	0	14	254	172	82
PCT7608	ED	388	46	0	0	4	42	25	17
PCT7608	MV	388	119	0	0	12	107	65	42
PCT7609	ED	916	101	1	0	17	83	59	24
PCT7609	MV	916	297	1	1	48	247	156	91
PCT7611	ED	756	76	0	0	10	66	44	22
PCT7611	MV	756	204	2	1	25	176	114	62
PCT7612	ED	574	76	2	0	7	67	42	25
PCT7612	MV	574	210	1	1	22	186	120	66
PCT7613	ED	887	140	-1	0	12	129	91	38
PCT7613	MV	887	215	0	1	23	191	127	64
PCT7614	ED	1015	123	-3	0	11	115	81	34
PCT7614	MV	1015	238	1	0	17	220	144	76
PCT7615	ED	832	108	0	0	18	90	57	33
PCT7615	MV	832	170	0	0	19	151	101	50
PCT7616	ED	951	129	1	0	8	120	90	30
PCT7616	MV	951	331	-1	0	20	312	226	86
PCT7617	ED	751	84	0	0	16	68	40	28
PCT7617	MV	751	223	-2	1	23	201	130	71
PCT7618	ED	866	123	0	0	13	110	79	31
PCT7618	MV	866	272	2	0	18	252	129	123
PCT7619	ED	993	154	-1	0	12	143	100	43
PCT7619	MV	993	308	-3	0	25	286	181	105
PCT7621	ED	1132	163	-1	0	6	158	104	54
PCT7621	MV	1132	346	3	0	24	319	204	115
PCT7622	ED	964	99	1	0	7	91	66	25
PCT7622	MV	964	193	-2	0	16	179	125	54
PCT7623	ED	712	122	0	0	10	112	83	29
PCT7623	MV	712	196	1	0	8	187	123	64
PCT7624	ED	905	104	-1	0	15	90	59	31
PCT7624	MV	905	195	2	2	14	177	117	60
PCT7625	ED	821	73	0	0	13	60	40	20
PCT7625	MV	821	415	1	1	47	366	228	138
PCT7626	ED	1081	128	1	0	9	118	76	42
PCT7626	MV	1081	361	0	0	22	339	198	141
PCT7627	ED	1075	116	0	0	11	105	63	42
PCT7627	MV	1075	319	-3	0	22	300	159	141
PCT7628	ED	906	156	0	0	12	144	101	43
PCT7628	MV	906	267	1	0	14	252	165	87
PCT7629	ED	805	108	0	1	6	101	74	27
PCT7629	MV	805	206	1	0	13	192	130	62
PCT7631	ED	1085	146	0	0	10	136	89	47
PCT7631	MV	1085	339	3	0	15	321	184	137
PCT7632	ED	965	167	0	0	8	159	113	46
PCT7632	MV	965	286	0	0	10	276	182	94
PCT7633	ED	702	90	0	0	7	83	57	26
PCT7633	MV	702	253	-1	0	26	228	132	96
PCT7634	ED	859	120	1	0	14	105	64	41
PCT7634	MV	859	291	0	0	25	266	173	93
PCT7635	ED	782	89	1	0	11	77	41	36
PCT7635	MV	782	242	1	0	10	231	141	90
PCT7636	ED	920	134	-1	0	10	125	74	51
PCT7636	MV	920	251	-2	0	7	246	123	123
PCT7637	ED	732	89	-1	0	5	85	42	43
PCT7637	MV	732	249	0	0	16	233	117	116
PCT7638	ED	1365	129	-2	0	8	123	55	68
PCT7638	MV	1365	492	0	0	22	470	229	241
PCT7639	ED	962	110	0	0	15	95	57	38
PCT7639	MV	962	319	-1	0	16	304	156	148
PCT7641	ED	931	114	0	0	7	107	65	42
PCT7641	MV	931	374	0	0	21	353	165	188
PCT7642	ED	909	84	0	0	8	76	51	25
PCT7642	MV	909	268	-1	0	62	207	113	94
PCT7643	ED	871	99	3	0	12	84	53	31
PCT7643	MV	871	355	2	0	19	334	179	155
PCT7644	ED	1082	156	-3	0	9	150	101	49
PCT7644	MV	1082	291	1	0	25	265	154	111
PCT7645	ED	631	63	0	0	4	59	35	24
PCT7645	MV	631	241	-1	1	12	229	125	104
PCT7646	ED	1035	110	0	0	11	99	72	27
PCT7646	MV	1035	326	1	0	18	307	174	133
PCT7647	ED	1027	107	0	1	15	91	57	34
PCT7647	MV	1027	185	-1	0	16	170	108	62
PCT7648	MV	2	0	0	0	0	0	0	0
PCT7649	ED	877	97	1	0	6	90	58	32
PCT7649	MV	877	234	1	1	22	210	145	65
PCT7651	ED	555	48	0	0	0	48	25	23
PCT7651	MV	555	155	0	0	6	149	76	73
PCT7652	ED	580	68	-1	0	2	67	42	25
PCT7652	MV	580	163	-1	0	11	153	87	66
PCT7653	ED	1092	137	2	0	6	129	72	57
PCT7653	MV	1092	321	2	0	14	305	185	120
PCT7701	ED	1012	225	0	0	13	212	146	66
PCT7701	MV	1012	383	0	0	21	362	240	122
PCT7702	ED	704	117	0	0	3	114	67	47
PCT7702	MV	704	302	-1	0	18	285	160	125
PCT7703	MV	172	66	-2	1	15	52	33	19
PCT7704	ED	977	208	0	0	7	201	103	98
PCT7704	MV	977	396	6	0	16	374	182	192
PCT7705	ED	547	123	0	0	5	118	60	58
PCT7705	MV	547	227	-1	0	10	218	102	116
PCT7706	ED	821	189	0	0	6	183	102	81
PCT7706	MV	821	341	0	0	12	329	177	152
PCT7707	ED	839	200	2	0	9	189	110	79
PCT7707	MV	839	379	9	1	17	352	185	167
PCT7708	ED	860	181	0	0	10	171	106	65
PCT7708	MV	860	400	0	0	25	375	199	176
PCT7709	ED	383	85	1	0	5	79	55	24
PCT7709	MV	383	174	2	0	7	165	101	64
PCT7711	ED	772	162	0	0	13	149	105	44
PCT7711	MV	772	344	-3	1	16	330	205	125
PCT7712	ED	524	131	1	0	2	128	92	36
PCT7712	MV	524	230	-1	0	10	221	142	79
PCT7801	ED	970	230	0	0	10	220	168	52
PCT7801	MV	970	424	0	0	16	408	271	137
PCT7802	ED	762	205	-2	0	5	202	144	58
PCT7802	MV	762	313	-2	0	15	300	198	102
PCT7803	ED	823	143	1	0	11	131	98	33
PCT7803	MV	823	412	-1	0	18	395	235	160
PCT7804	ED	891	236	0	0	10	226	150	76
PCT7804	MV	891	394	-1	0	17	378	235	143
PCT7805	ED	785	176	1	0	5	170	146	24
PCT7805	MV	785	348	-1	0	18	331	207	124
PCT7806	ED	699	163	-1	0	11	153	118	35
PCT7806	MV	699	283	1	0	11	271	204	67
PCT7807	ED	796	228	2	0	10	216	161	55
PCT7807	MV	796	273	1	0	17	255	173	82
PCT7808	ED	655	178	0	0	5	173	137	36
PCT7808	MV	655	243	-2	0	11	234	191	43
PCT7809	ED	742	160	-1	1	9	151	127	24
PCT7809	MV	742	267	2	0	14	251	182	69
PCT7811	ED	726	186	0	0	2	184	145	39
PCT7811	MV	726	243	0	0	10	233	174	59
PCT7812	ED	843	207	0	0	14	193	137	56
PCT7812	MV	843	292	-2	0	17	277	185	92
PCT7813	ED	988	251	-2	0	15	238	192	46
PCT7813	MV	988	362	1	0	17	344	246	98
PCT7814	ED	892	173	0	0	13	160	112	48
PCT7814	MV	892	223	1	1	13	208	140	68
PCT7815	ED	914	178	-2	0	13	167	124	43
PCT7815	MV	914	407	3	0	16	388	264	124
PCT7816	ED	858	202	1	0	9	192	135	57
PCT7816	MV	858	390	0	1	19	370	231	139
PCT7817	ED	795	215	-1	0	7	209	161	48
PCT7817	MV	795	309	3	0	7	299	237	62
PCT7818	ED	823	172	-1	0	10	163	123	40
PCT7818	MV	823	335	-2	0	16	321	235	86
PCT7819	ED	760	169	0	0	12	157	115	42
PCT7819	MV	760	297	2	1	17	277	184	93
PCT7821	ED	947	229	0	0	7	222	160	62
PCT7821	MV	947	439	3	1	17	418	261	157
PCT7822	ED	927	244	0	0	9	235	166	69
PCT7822	MV	927	343	2	0	19	322	208	114
PCT7823	ED	857	237	-1	0	12	226	166	60
PCT7823	MV	857	347	0	0	21	326	220	106
PCT7824	ED	756	170	1	0	5	164	123	41
PCT7824	MV	756	274	1	0	8	265	182	83
PCT7825	ED	580	160	0	0	15	145	108	37
PCT7825	MV	580	215	-1	0	7	209	165	44
PCT7826	ED	665	214	0	0	16	198	146	52
PCT7826	MV	665	194	-1	0	12	183	135	48
PCT7827	ED	828	199	0	0	12	187	152	35
PCT7827	MV	828	252	0	0	8	244	179	65
PCT7828	ED	976	205	-2	0	17	190	121	69
PCT7828	MV	976	397	-1	0	21	377	245	132
PCT7829	ED	882	199	0	0	10	189	124	65
PCT7829	MV	882	391	0	0	16	375	233	142
PCT7831	ED	828	202	0	0	11	191	141	50
PCT7831	MV	828	369	1	0	15	353	222	131
PCT7832	ED	781	162	-1	1	5	157	105	52
PCT7832	MV	781	343	-1	0	11	333	220	113
PCT7833	ED	745	182	0	0	8	174	132	42
PCT7833	MV	745	271	2	0	7	262	200	62
PCT7834	ED	836	225	-1	0	15	211	174	37
PCT7834	MV	836	288	0	0	10	278	226	52
PCT7835	ED	808	175	0	0	7	168	96	72
PCT7835	MV	808	338	1	0	14	323	197	126
PCT7836	ED	979	199	0	0	13	186	131	55
PCT7836	MV	979	421	2	1	17	401	245	156
PCT7837	ED	883	237	-1	0	13	225	166	59
PCT7837	MV	883	339	2	0	16	321	208	113
PCT7838	ED	891	210	2	0	4	204	130	74
PCT7838	MV	891	413	1	0	18	394	234	160
PCT7839	ED	830	172	2	0	13	157	110	47
PCT7839	MV	830	389	-1	0	11	379	247	132
PCT7841	ED	898	240	0	0	10	230	171	59
PCT7841	MV	898	353	0	0	13	340	242	98
PCT7842	ED	873	214	0	0	7	207	168	39
PCT7842	MV	873	308	1	0	15	292	215	77
PCT7843	ED	751	182	-1	0	11	172	137	35
PCT7843	MV	751	267	-1	0	15	253	187	66
PCT7844	ED	635	160	1	0	9	150	119	31
PCT7844	MV	635	245	-2	0	9	238	176	62
PCT7845	ED	803	202	0	0	15	187	134	53
PCT7845	MV	803	314	0	0	13	301	220	81
PCT7846	ED	871	221	0	0	10	211	153	58
PCT7846	MV	871	330	1	0	14	315	212	103
PCT7847	ED	878	207	-1	0	9	199	143	56
PCT7847	MV	878	358	1	0	29	328	230	98
PCT7848	ED	838	209	-3	0	13	199	157	42
PCT7848	MV	838	346	0	0	13	333	239	94
PCT7849	ED	904	237	0	0	10	227	168	59
PCT7849	MV	904	353	-2	0	20	335	229	106
PCT7851	ED	493	118	0	0	11	107	57	50
PCT7851	MV	493	204	0	1	12	191	113	78
PCT7852	ED	634	104	-1	0	7	98	53	45
PCT7852	MV	634	303	0	0	15	288	137	151
PCT7853	ED	837	180	0	0	16	164	116	48
PCT7853	MV	837	333	0	0	12	321	199	122
PCT7854	ED	874	216	-1	0	11	206	151	55
PCT7854	MV	874	346	2	1	18	325	222	103
PCT7855	ED	949	259	0	0	12	247	183	64
PCT7855	MV	949	359	-6	0	21	344	227	117
PCT7856	ED	790	204	1	0	6	197	149	48
PCT7856	MV	790	312	-1	0	12	301	205	96
PCT7857	ED	913	226	0	0	20	206	161	45
PCT7857	MV	913	350	-1	0	13	338	230	108
PCT7858	ED	743	192	2	0	13	177	130	47
PCT7858	MV	743	252	0	0	13	239	189	50
PCT7859	ED	879	219	-1	0	6	214	152	62
PCT7859	MV	879	352	0	0	22	330	208	122
PCT7861	ED	835	184	0	1	9	174	121	53
PCT7861	MV	835	367	-1	1	8	359	246	113
PCT7862	ED	850	237	0	0	8	229	165	64
PCT7862	MV	850	323	-2	0	18	307	202	105
PCT7863	ED	870	237	0	0	5	232	170	62
PCT7863	MV	870	302	-2	0	12	292	211	81
PCT7864	ED	773	188	0	0	9	179	135	44
PCT7864	MV	773	284	-2	0	12	274	196	78
PCT7865	ED	808	178	1	0	9	168	118	50
PCT7865	MV	808	310	-1	0	15	296	187	109
PCT7866	ED	816	184	-1	0	7	178	106	72
PCT7866	MV	816	389	-2	0	27	364	175	189
PCT7867	ED	932	209	0	0	9	200	137	63
PCT7867	MV	932	385	1	0	13	371	230	141
PCT7868	ED	860	218	-1	0	13	206	137	69
PCT7868	MV	860	324	2	0	12	310	194	116
PCT7869	ED	842	219	0	0	11	208	142	66
PCT7869	MV	842	376	-1	0	13	364	227	137
PCT7871	ED	882	240	-3	0	15	228	143	85
PCT7871	MV	882	364	1	1	15	347	235	112
PCT7872	ED	864	242	-1	0	9	234	163	71
PCT7872	MV	864	369	0	0	9	360	229	131
PCT7873	ED	841	231	0	0	14	217	157	60
PCT7873	MV	841	387	0	0	13	374	251	123
PCT7874	ED	453	85	0	0	6	79	50	29
PCT7874	MV	453	174	1	0	7	166	108	58
PCT7875	ED	615	127	0	0	4	123	84	39
PCT7875	MV	615	203	-3	0	15	191	119	72
PCT7876	ED	491	101	0	0	13	88	64	24
PCT7876	MV	491	148	-1	0	8	141	99	42
PCT7901	ED	466	87	-2	0	12	77	52	25
PCT7901	MV	466	133	0	0	10	123	86	37
PCT7902	ED	921	188	0	0	7	181	137	44
PCT7902	MV	921	259	-1	0	14	246	171	75
PCT7903	ED	819	144	0	0	14	130	97	33
PCT7903	MV	819	244	0	0	12	232	165	67
PCT7904	ED	846	137	1	0	9	127	102	25
PCT7904	MV	846	248	-3	0	9	242	175	67
PCT7905	ED	821	199	-1	0	16	184	133	51
PCT7905	MV	821	275	2	0	13	260	187	73
PCT7906	ED	769	164	0	0	14	150	123	27
PCT7906	MV	769	214	-3	0	6	211	160	51
PCT7907	ED	926	201	2	0	9	190	140	50
PCT7907	MV	926	286	2	0	14	270	196	74
PCT7908	ED	936	191	0	0	6	185	138	47
PCT7908	MV	936	267	-1	0	14	254	183	71
PCT7909	ED	726	190	0	0	8	182	146	36
PCT7909	MV	726	221	-4	0	9	216	163	53
PCT7911	ED	849	192	1	0	10	181	142	39
PCT7911	MV	849	250	-4	1	15	238	154	84
PCT7912	ED	1036	215	0	0	12	203	160	43
PCT7912	MV	1036	314	2	0	14	298	231	67
PCT7913	ED	887	240	-7	0	15	232	170	62
PCT7913	MV	887	244	1	0	10	233	166	67
PCT7914	ED	833	208	0	0	8	200	150	50
PCT7914	MV	833	253	-1	0	11	243	186	57
PCT7915	ED	802	213	0	0	10	203	157	46
PCT7915	MV	802	222	-1	1	11	211	147	64
PCT7916	ED	887	215	0	0	8	207	167	40
PCT7916	MV	887	289	0	1	10	278	213	65
PCT7917	ED	983	254	-1	1	11	243	188	55
PCT7917	MV	983	287	0	0	12	275	202	73
PCT7918	ED	790	191	0	0	8	183	148	35
PCT7918	MV	790	234	1	0	12	221	170	51
PCT7919	ED	857	217	0	0	10	207	166	41
PCT7919	MV	857	241	0	0	10	231	179	52
PCT7921	ED	883	151	-3	0	11	143	103	40
PCT7921	MV	883	210	0	0	10	200	127	73
PCT7922	ED	797	182	1	0	6	175	144	31
PCT7922	MV	797	241	-1	0	12	230	164	66
PCT7923	ED	863	202	1	0	4	197	150	47
PCT7923	MV	863	241	-1	0	7	235	165	70
PCT7924	ED	806	172	1	0	12	159	113	46
PCT7924	MV	806	247	0	0	13	234	145	89
PCT7925	ED	570	114	1	0	5	108	76	32
PCT7925	MV	570	191	0	0	4	187	139	48
PCT7926	ED	768	177	0	0	11	166	129	37
PCT7926	MV	768	296	2	0	12	282	211	71
PCT7927	ED	733	187	0	0	9	178	143	35
PCT7927	MV	733	289	-1	0	9	281	210	71
PCT7928	ED	899	253	0	0	9	244	183	61
PCT7928	MV	899	297	-1	0	12	286	209	77
PCT7929	ED	840	200	0	0	6	194	150	44
PCT7929	MV	840	367	-1	0	6	362	249	113
PCT7931	ED	732	189	0	0	5	184	141	43
PCT7931	MV	732	317	-1	0	12	306	206	100
PCT7932	ED	551	112	-1	0	2	111	79	32
PCT7932	MV	551	225	1	0	10	214	142	72
PCT7933	MV	8	4	0	0	1	3	2	1
PCT7934	ED	885	195	-4	0	11	188	137	51
PCT7934	MV	885	328	1	0	12	315	239	76
PCT7935	ED	938	283	1	0	15	267	215	52
PCT7935	MV	938	370	1	0	20	349	256	93
PCT7936	ED	832	246	0	0	12	234	192	42
PCT7936	MV	832	326	2	0	16	308	222	86
PCT7937	ED	874	223	0	1	9	213	167	46
PCT7937	MV	874	309	-1	0	7	303	206	97
PCT7938	ED	774	162	0	0	11	151	106	45
PCT7938	MV	774	247	0	0	10	237	163	74
PCT7939	ED	667	186	1	0	9	176	135	41
PCT7939	MV	667	230	-2	0	9	223	159	64
PCT7941	ED	728	167	0	1	9	157	107	50
PCT7941	MV	728	236	1	0	11	224	149	75
PCT7942	ED	893	166	1	1	8	156	104	52
PCT7942	MV	893	286	0	0	21	265	168	97
PCT7943	ED	887	192	-3	0	10	185	120	65
PCT7943	MV	887	319	0	0	16	303	180	123
PCT7944	ED	769	201	-2	0	8	195	152	43
PCT7944	MV	769	235	-1	0	6	230	150	80
PCT7945	ED	897	118	-2	0	8	112	74	38
PCT7945	MV	897	294	-1	0	16	279	180	99
PCT7946	ED	909	134	1	0	11	122	67	55
PCT7946	MV	909	348	4	1	19	324	114	210
PCT7947	ED	894	128	-1	0	14	115	60	55
PCT7947	MV	894	327	-2	1	23	305	122	183
PCT7948	ED	900	165	0	0	10	155	91	64
PCT7948	MV	900	313	-2	1	11	303	133	170
PCT7949	ED	552	78	3	1	8	66	33	33
PCT7949	MV	552	224	0	0	11	213	62	151
PCT7951	ED	830	97	0	0	6	91	51	40
PCT7951	MV	830	341	-3	0	19	325	113	212
PCT7952	ED	823	100	0	0	6	94	43	51
PCT7952	MV	823	288	-4	0	9	283	122	161
PCT7953	ED	795	103	-4	0	6	101	64	37
PCT7953	MV	795	294	-2	0	15	281	112	169
PCT7955	ED	854	116	1	0	5	110	60	50
PCT7955	MV	854	320	-1	2	11	308	134	174
PCT7956	ED	779	101	2	0	11	88	43	45
PCT7956	MV	779	247	6	0	6	235	96	139
PCT7957	ED	623	97	1	0	9	87	48	39
PCT7957	MV	623	217	0	0	15	202	103	99
PCT7958	MV	263	104	-3	1	6	100	51	49
PCT7959	ED	695	110	-2	0	8	104	73	31
PCT7959	MV	695	190	2	0	8	180	123	57
PCT9001	MV	257	101	1	0	3	97	52	45
PCT9101	ED	833	190	-1	0	18	173	92	81
PCT9101	MV	833	323	-2	0	21	304	147	157
PCT9102	ED	950	182	-1	0	14	169	106	63
PCT9102	MV	950	335	1	0	18	316	185	131
PCT9103	ED	924	174	0	0	12	162	98	64
PCT9103	MV	924	302	-1	0	19	284	149	135
PCT9104	ED	937	176	0	0	24	152	98	54
PCT9104	MV	937	332	-2	1	16	317	187	130
PCT9105	ED	888	191	0	0	10	181	108	73
PCT9105	MV	888	339	-1	0	16	324	185	139
PCT9106	ED	907	213	1	0	10	202	132	70
PCT9106	MV	907	334	5	0	34	295	163	132
PCT9107	ED	806	164	0	0	8	156	112	44
PCT9107	MV	806	246	3	0	17	226	130	96
PCT9108	ED	761	185	1	0	9	175	118	57
PCT9108	MV	761	220	0	0	19	201	129	72
PCT9109	ED	848	205	-1	0	14	192	124	68
PCT9109	MV	848	285	1	0	20	264	157	107
PCT9111	ED	756	150	0	0	12	138	83	55
PCT9111	MV	756	226	-2	0	16	212	135	77
PCT9112	ED	918	211	0	0	15	196	140	56
PCT9112	MV	918	295	-1	0	16	280	178	102
PCT9113	ED	959	231	1	1	15	214	146	68
PCT9113	MV	959	351	0	0	21	330	195	135
PCT9114	ED	820	170	0	0	15	155	103	52
PCT9114	MV	820	273	0	0	14	259	180	79
PCT9115	ED	873	172	0	0	16	156	107	49
PCT9115	MV	873	287	0	0	14	273	201	72
PCT9116	ED	903	193	2	0	17	174	123	51
PCT9116	MV	903	314	1	0	15	298	195	103
PCT9117	ED	756	180	0	0	4	176	116	60
PCT9117	MV	756	285	1	0	18	266	140	126
PCT9118	ED	923	184	0	0	11	173	104	69
PCT9118	MV	923	268	-2	0	16	254	120	134
PCT9119	ED	856	152	-3	0	13	142	96	46
PCT9119	MV	856	323	-1	1	10	313	162	151
PCT9121	ED	890	188	0	0	13	175	92	83
PCT9121	MV	890	274	-1	0	17	258	130	128
PCT9122	ED	913	131	0	0	10	121	74	47
PCT9122	MV	913	292	-2	1	11	282	136	146
PCT9123	ED	829	175	0	0	14	161	115	46
PCT9123	MV	829	270	1	1	13	255	144	111
PCT9124	ED	832	150	0	0	9	141	87	54
PCT9124	MV	832	290	-1	0	15	276	154	122
PCT9125	ED	822	159	-2	0	8	153	110	43
PCT9125	MV	822	299	-5	0	19	285	160	125
PCT9126	ED	945	186	0	0	6	180	126	54
PCT9126	MV	945	350	1	0	15	334	168	166
PCT9127	ED	908	209	0	0	4	205	118	87
PCT9127	MV	908	315	-3	0	25	293	177	116
PCT9128	ED	805	188	0	0	9	179	116	63
PCT9128	MV	805	296	-2	0	16	282	158	124
PCT9129	ED	713	173	0	0	5	168	113	55
PCT9129	MV	713	225	0	0	11	214	110	104
PCT9131	ED	740	151	0	0	3	148	97	51
PCT9131	MV	740	274	-1	0	9	266	151	115
PCT9132	ED	827	167	0	0	12	155	115	40
PCT9132	MV	827	251	-1	0	14	238	151	87
PCT9133	ED	1007	188	0	0	11	177	119	58
PCT9133	MV	1007	388	1	0	28	359	212	147
PCT9134	ED	893	132	-2	0	12	122	92	30
PCT9134	MV	893	297	4	0	19	274	160	114
PCT9135	ED	778	149	0	0	12	137	71	66
PCT9135	MV	778	269	2	0	12	255	128	127
PCT9136	ED	894	191	0	0	14	177	115	62
PCT9136	MV	894	289	2	0	21	266	147	119
PCT9137	ED	946	201	-1	0	13	189	105	84
PCT9137	MV	946	323	2	1	20	300	180	120
PCT9138	ED	892	155	0	0	11	144	83	61
PCT9138	MV	892	323	-3	0	16	310	166	144
PCT9139	ED	912	163	-1	0	11	153	91	62
PCT9139	MV	912	356	1	0	18	337	160	177
PCT9141	ED	904	168	-1	0	15	154	94	60
PCT9141	MV	904	328	-1	0	25	304	175	129
PCT9142	ED	921	219	1	0	11	207	124	83
PCT9142	MV	921	288	0	0	17	271	158	113
PCT9143	ED	887	196	1	0	12	183	125	58
PCT9143	MV	887	315	-1	0	21	295	167	128
PCT9144	ED	931	221	1	0	13	207	143	64
PCT9144	MV	931	322	-2	0	12	312	160	152
PCT9145	ED	837	197	1	0	15	181	115	66
PCT9145	MV	837	282	0	0	16	266	157	109
PCT9146	ED	866	206	1	0	10	195	132	63
PCT9146	MV	866	297	2	0	15	280	189	91
PCT9147	ED	920	227	1	0	7	219	157	62
PCT9147	MV	920	318	-4	0	10	312	199	113
PCT9148	ED	946	226	-1	0	15	212	152	60
PCT9148	MV	946	322	3	0	13	306	195	111
PCT9149	ED	884	196	0	0	18	178	115	63
PCT9149	MV	884	296	3	0	11	282	186	96
PCT9151	ED	806	152	-1	0	8	145	104	41
PCT9151	MV	806	267	-1	0	22	246	137	109
PCT9152	ED	712	67	1	0	4	62	38	24
PCT9152	MV	712	138	2	0	5	131	101	30
PCT9201	ED	953	201	0	0	10	191	153	38
PCT9201	MV	953	229	3	0	12	214	150	64
PCT9202	ED	908	184	-1	0	14	171	126	45
PCT9202	MV	908	218	0	0	12	206	150	56
PCT9203	ED	968	145	0	0	5	140	71	69
PCT9203	MV	968	300	1	0	16	283	136	147
PCT9204	ED	809	147	1	0	13	133	63	70
PCT9204	MV	809	223	-2	0	16	209	95	114
PCT9205	ED	694	113	0	0	9	104	62	42
PCT9205	MV	694	201	1	1	18	181	109	72
PCT9206	ED	887	135	-2	0	13	124	55	69
PCT9206	MV	887	294	0	0	20	274	128	146
PCT9207	ED	913	148	0	0	6	142	68	74
PCT9207	MV	913	249	-2	0	12	239	118	121
PCT9208	ED	936	147	0	0	9	138	77	61
PCT9208	MV	936	240	-2	0	22	220	124	96
PCT9209	ED	675	121	-1	1	2	119	57	62
PCT9209	MV	675	188	-3	0	17	174	87	87
PCT9211	ED	834	130	0	0	6	124	74	50
PCT9211	MV	834	212	-1	0	15	198	97	101
PCT9212	ED	764	121	0	0	12	109	68	41
PCT9212	MV	764	205	0	0	17	188	98	90
PCT9213	ED	890	140	0	0	6	134	72	62
PCT9213	MV	890	260	1	0	14	245	138	107
PCT9214	ED	581	92	0	0	9	83	46	37
PCT9214	MV	581	203	2	0	10	191	100	91
PCT9215	ED	626	130	0	0	8	122	53	69
PCT9215	MV	626	170	2	0	6	162	85	77
PCT9216	ED	798	134	0	0	9	125	66	59
PCT9216	MV	798	206	2	0	17	187	106	81
PCT9217	ED	684	123	0	0	4	119	59	60
PCT9217	MV	684	187	0	0	15	172	84	88
PCT9218	ED	797	119	0	0	3	116	58	58
PCT9218	MV	797	225	-1	0	15	211	110	101
PCT9219	ED	733	146	0	0	13	133	78	55
PCT9219	MV	733	187	1	0	14	172	86	86
PCT9221	ED	641	121	0	0	6	115	53	62
PCT9221	MV	641	278	0	1	17	260	119	141
PCT9222	ED	842	139	0	0	8	131	73	58
PCT9222	MV	842	268	1	0	9	258	124	134
PCT9223	ED	606	88	2	0	4	82	45	37
PCT9223	MV	606	202	3	0	16	183	101	82
PCT9224	ED	912	171	2	0	9	160	87	73
PCT9224	MV	912	308	-1	0	15	294	155	139
PCT9225	ED	898	161	0	0	10	151	98	53
PCT9225	MV	898	243	0	0	15	228	117	111
PCT9226	ED	905	143	-1	0	13	131	79	52
PCT9226	MV	905	312	-2	0	25	289	175	114
PCT9227	ED	729	140	0	0	7	133	67	66
PCT9227	MV	729	304	2	0	17	285	152	133
PCT9228	ED	726	175	0	0	10	165	88	77
PCT9228	MV	726	277	1	0	8	268	144	124
PCT9229	ED	596	130	-1	0	8	123	77	46
PCT9229	MV	596	219	0	0	9	210	118	92
PCT9231	ED	919	221	0	0	13	208	156	52
PCT9231	MV	919	294	0	0	17	277	184	93
PCT9232	ED	701	151	2	0	4	145	90	55
PCT9232	MV	701	274	0	0	17	257	145	112
PCT9233	ED	774	139	0	0	18	121	69	52
PCT9233	MV	774	308	0	0	22	286	147	139
PCT9234	ED	731	131	-1	0	9	123	73	50
PCT9234	MV	731	281	-1	0	16	266	142	124
PCT9235	ED	842	174	1	0	22	151	82	69
PCT9235	MV	842	298	0	0	12	286	147	139
PCT9236	ED	658	130	0	0	12	118	66	52
PCT9236	MV	658	207	0	0	13	194	112	82
PCT9237	ED	880	145	0	0	11	134	81	53
PCT9237	MV	880	331	-1	1	15	316	167	149
PCT9238	ED	792	130	-2	0	15	117	69	48
PCT9238	MV	792	271	-1	0	15	257	141	116
PCT9239	ED	835	117	0	0	11	106	64	42
PCT9239	MV	835	318	-4	0	13	309	184	125
PCT9241	ED	961	158	1	0	7	150	101	49
PCT9241	MV	961	322	3	0	18	301	171	130
PCT9242	ED	940	154	1	0	23	130	70	60
PCT9242	MV	940	300	0	1	18	281	173	108
PCT9243	ED	572	135	0	0	10	125	76	49
PCT9243	MV	572	188	2	0	10	176	107	69
PCT9244	ED	880	149	1	0	12	136	85	51
PCT9244	MV	880	269	-2	0	20	251	164	87
PCT9245	ED	706	128	0	0	9	119	87	32
PCT9245	MV	706	226	2	0	14	210	123	87
PCT9246	ED	910	139	0	0	5	134	82	52
PCT9246	MV	910	299	0	0	21	278	156	122
PCT9247	ED	936	151	-1	1	12	139	78	61
PCT9247	MV	936	303	1	0	20	282	168	114
PCT9248	ED	898	181	0	0	19	162	106	56
PCT9248	MV	898	282	0	0	18	264	176	88
PCT9249	ED	910	187	1	0	17	169	99	70
PCT9249	MV	910	314	0	1	21	292	190	102
PCT9251	ED	946	204	-1	0	11	194	117	77
PCT9251	MV	946	342	0	1	17	324	197	127
PCT9252	ED	913	140	-1	1	5	135	85	50
PCT9252	MV	913	352	2	0	22	328	179	149
PCT9253	ED	751	138	2	0	14	122	73	49
PCT9253	MV	751	272	-1	1	23	249	142	107
PCT9254	ED	889	168	0	0	8	160	113	47
PCT9254	MV	889	318	-1	0	18	301	192	109
PCT9255	ED	545	126	0	0	14	112	67	45
PCT9255	MV	545	128	1	0	3	124	71	53
PCT9256	ED	433	77	0	0	5	72	49	23
PCT9256	MV	433	103	-2	0	8	97	62	35
PCT9257	MV	312	150	0	1	5	144	111	33
PCT9258	ED	699	127	0	0	6	121	84	37
PCT9258	MV	699	244	1	0	12	231	149	82
PCT9401	ED	970	194	0	2	12	180	134	46
PCT9401	MV	970	293	-1	0	15	279	178	101
PCT9402	ED	931	197	0	1	12	184	122	62
PCT9402	MV	931	307	0	0	22	285	163	122
PCT9403	ED	853	167	-1	0	3	165	100	65
PCT9403	MV	853	286	2	0	13	271	145	126
PCT9404	ED	889	153	0	0	13	140	90	50
PCT9404	MV	889	320	0	0	26	294	143	151
PCT9405	ED	757	160	-1	0	9	152	84	68
PCT9405	MV	757	245	0	0	15	230	107	123
PCT9406	ED	815	179	0	0	8	171	96	75
PCT9406	MV	815	277	2	0	10	265	161	104
PCT9407	ED	861	191	0	0	12	179	116	63
PCT9407	MV	861	284	-2	0	24	262	149	113
PCT9408	ED	837	187	1	0	15	171	123	48
PCT9408	MV	837	246	-4	0	17	233	162	71
PCT9409	ED	565	140	0	0	10	130	89	41
PCT9409	MV	565	170	0	0	10	160	95	65
PCT9411	ED	936	175	-1	0	11	165	115	50
PCT9411	MV	936	261	1	0	10	250	164	86
PCT9412	ED	843	164	0	0	3	161	99	62
PCT9412	MV	843	285	-1	0	21	265	120	145
PCT9413	ED	858	172	-1	1	11	161	98	63
PCT9413	MV	858	310	1	0	25	284	127	157
PCT9414	ED	862	159	1	0	13	145	83	62
PCT9414	MV	862	307	-2	0	18	291	147	144
PCT9415	ED	755	121	-3	1	7	116	70	46
PCT9415	MV	755	284	-3	0	17	270	134	136
PCT9416	ED	962	198	0	0	11	187	126	61
PCT9416	MV	962	316	-2	0	20	298	147	151
PCT9417	ED	714	117	1	0	6	110	69	41
PCT9417	MV	714	286	-3	0	17	272	121	151
PCT9418	ED	753	157	0	0	15	142	76	66
PCT9418	MV	753	269	-3	0	14	258	120	138
PCT9419	ED	893	167	-1	1	18	149	78	71
PCT9419	MV	893	326	2	0	20	304	128	176
PCT9421	ED	878	150	-1	0	12	139	86	53
PCT9421	MV	878	316	-1	0	11	306	124	182
PCT9422	ED	1010	200	1	0	13	186	111	75
PCT9422	MV	1010	358	-1	0	13	346	171	175
PCT9423	ED	853	147	0	0	3	144	85	59
PCT9423	MV	853	292	-3	0	18	277	126	151
PCT9424	ED	910	146	1	1	10	134	79	55
PCT9424	MV	910	331	0	0	15	316	137	179
PCT9425	ED	903	136	2	0	11	123	71	52
PCT9425	MV	903	313	0	0	14	299	121	178
PCT9426	ED	801	143	-1	0	15	129	71	58
PCT9426	MV	801	283	7	0	13	263	104	159
PCT9427	ED	889	129	0	0	5	124	57	67
PCT9427	MV	889	333	1	0	20	312	137	175
PCT9428	ED	892	122	-1	0	8	115	65	50
PCT9428	MV	892	346	-2	0	20	328	142	186
PCT9429	ED	866	173	0	0	10	163	76	87
PCT9429	MV	866	308	-1	0	9	300	114	186
PCT9431	ED	954	152	-1	1	13	139	70	69
PCT9431	MV	954	352	1	0	24	327	130	197
PCT9432	ED	901	155	0	0	5	150	75	75
PCT9432	MV	901	307	1	0	19	287	130	157
PCT9433	ED	912	155	0	0	10	145	74	71
PCT9433	MV	912	317	0	0	17	300	127	173
PCT9434	ED	963	188	-1	0	16	173	89	84
PCT9434	MV	963	349	-3	0	20	332	164	168
PCT9435	ED	934	195	0	0	13	182	83	99
PCT9435	MV	934	320	-4	0	22	302	139	163
PCT9436	ED	941	161	0	0	13	148	76	72
PCT9436	MV	941	337	-4	0	25	316	123	193
PCT9437	ED	873	170	0	0	6	164	86	78
PCT9437	MV	873	324	1	0	12	311	130	181
PCT9438	ED	918	129	1	0	12	116	66	50
PCT9438	MV	918	336	-1	0	18	319	115	204
PCT9439	ED	827	126	0	0	9	117	73	44
PCT9439	MV	827	314	-2	0	26	290	115	175
PCT9441	ED	939	205	-1	0	15	191	114	77
PCT9441	MV	939	337	-1	1	21	316	158	158
PCT9442	ED	970	200	2	0	8	190	110	80
PCT9442	MV	970	325	-2	0	19	308	142	166
PCT9443	ED	886	138	0	0	10	128	76	52
PCT9443	MV	886	304	0	0	16	288	156	132
PCT9444	ED	901	118	-3	0	11	110	55	55
PCT9444	MV	901	312	-1	0	18	295	123	172
PCT9445	ED	945	154	0	0	6	148	85	63
PCT9445	MV	945	342	-1	0	19	324	155	169
PCT9446	ED	1043	164	1	0	6	157	85	72
PCT9446	MV	1043	417	1	0	23	393	173	220
PCT9447	ED	891	171	1	0	11	159	88	71
PCT9447	MV	891	327	0	2	22	303	144	159
PCT9448	ED	877	159	0	0	9	150	99	51
PCT9448	MV	877	307	-4	0	30	281	111	170
PCT9449	ED	784	97	-1	0	3	95	51	44
PCT9449	MV	784	302	0	0	13	289	111	178
PCT9451	ED	414	57	0	0	3	54	29	25
PCT9451	MV	414	154	4	0	3	147	40	107
PCT9452	ED	799	175	0	0	10	165	76	89
PCT9452	MV	799	281	0	0	13	268	115	153
PCT9453	ED	488	90	0	0	4	86	35	51
PCT9453	MV	488	175	0	0	9	166	67	99
PCT9501	MV	149	71	-2	0	3	70	47	23
PCT9502	MV	233	116	-1	0	5	112	79	33
PCT9503	ED	725	128	0	0	17	111	75	36
PCT9503	MV	725	184	2	0	18	164	118	46
PCT9505	ED	756	147	0	0	13	134	86	48
PCT9505	MV	756	274	0	0	21	253	161	92
PCT9506	ED	771	134	0	0	8	126	86	40
PCT9506	MV	771	217	2	0	7	208	153	55
PCT9507	ED	733	170	0	0	14	156	122	34
PCT9507	MV	733	218	-1	0	7	212	154	58
PCT9508	ED	784	180	0	0	6	174	140	34
PCT9508	MV	784	258	-1	1	7	251	206	45
PCT9509	ED	719	165	-1	0	16	150	116	34
PCT9509	MV	719	239	-1	0	14	226	157	69
PCT9511	ED	600	147	-2	0	10	139	102	37
PCT9511	MV	600	177	0	1	10	166	115	51
PCT9512	ED	771	161	-1	0	12	150	114	36
PCT9512	MV	771	251	-4	0	15	240	161	79
PCT9513	ED	864	200	1	0	24	175	131	44
PCT9513	MV	864	261	3	0	12	246	188	58
PCT9514	ED	869	229	1	0	12	216	163	53
PCT9514	MV	869	257	-1	0	15	243	175	68
PCT9515	ED	685	159	0	0	8	151	106	45
PCT9515	MV	685	243	-2	0	16	229	158	71
PCT9516	ED	864	206	0	0	15	191	128	63
PCT9516	MV	864	269	1	0	13	255	174	81
PCT9517	ED	768	197	0	0	17	180	141	39
PCT9517	MV	768	235	1	0	11	223	148	75
PCT9518	ED	783	180	0	0	5	175	142	33
PCT9518	MV	783	242	-1	0	11	232	172	60
PCT9519	ED	850	217	0	0	19	198	147	51
PCT9519	MV	850	294	0	0	13	281	198	83
PCT9521	ED	893	254	0	0	22	232	171	61
PCT9521	MV	893	290	-2	0	10	282	206	76
PCT9701	ED	665	156	0	1	4	151	111	40
PCT9701	MV	665	235	-1	1	19	216	119	97
PCT9702	ED	710	194	0	1	9	184	135	49
PCT9702	MV	710	231	1	0	12	218	126	92
PCT9703	ED	931	182	-1	0	7	176	100	76
PCT9703	MV	931	373	3	2	24	344	164	180
PCT9704	ED	942	191	1	0	6	184	118	66
PCT9704	MV	942	354	-1	0	23	332	184	148
PCT9705	ED	879	208	0	1	13	194	138	56
PCT9705	MV	879	309	-1	1	12	297	180	117
PCT9706	MV	51	32	0	0	0	32	21	11
PCT9707	ED	799	121	0	0	4	117	58	59
PCT9707	MV	799	355	0	1	19	335	154	181
PCT9708	ED	919	193	1	0	10	182	132	50
PCT9708	MV	919	324	6	0	20	298	174	124
PCT9709	ED	998	196	0	0	15	181	94	87
PCT9709	MV	998	355	-3	0	19	339	167	172
PCT9711	ED	625	167	0	0	11	156	98	58
PCT9711	MV	625	254	-1	0	10	245	124	121
PCT9712	ED	651	134	-1	0	3	132	64	68
PCT9712	MV	651	288	1	0	12	275	144	131
PCT9713	ED	930	161	6	1	10	144	65	79
PCT9713	MV	930	362	0	1	21	340	168	172
PCT9714	ED	911	154	0	0	2	152	69	83
PCT9714	MV	911	367	-1	0	13	355	172	183
PCT9715	ED	566	162	0	0	6	156	87	69
PCT9715	MV	566	218	4	0	12	202	101	101
PCT9716	ED	928	198	-1	1	9	189	93	96
PCT9716	MV	928	368	5	0	9	354	154	200
PCT9717	ED	967	206	0	0	19	187	94	93
PCT9717	MV	967	371	-2	0	15	358	179	179
PCT9718	ED	843	183	-1	0	11	173	95	78
PCT9718	MV	843	385	2	0	14	369	187	182
PCT9719	ED	863	186	1	0	9	176	92	84
PCT9719	MV	863	389	2	0	16	371	176	195
PCT9721	ED	653	182	-1	0	9	174	82	92
PCT9721	MV	653	250	-1	0	7	244	103	141
PCT9722	ED	593	86	-1	0	8	79	40	39
PCT9722	MV	593	269	-3	0	21	251	121	130
PCT9723	ED	458	74	0	0	2	72	33	39
PCT9723	MV	458	198	1	0	10	187	54	133
PCT9724	ED	950	144	0	1	8	135	44	91
PCT9724	MV	950	386	-4	0	20	370	120	250
PCT9725	ED	941	118	-2	1	11	108	39	69
PCT9725	MV	941	350	-3	0	14	339	123	216
PCT9726	ED	685	83	0	0	9	74	50	24
PCT9726	MV	685	137	-5	0	11	131	75	56
PCT9727	ED	435	60	-1	0	3	58	23	35
PCT9727	MV	435	205	3	0	8	194	70	124
PCT9728	ED	906	204	-2	0	6	200	98	102
PCT9728	MV	906	378	-1	0	22	357	133	224
PCT9729	ED	782	161	1	0	6	154	63	91
PCT9729	MV	782	304	1	0	10	293	125	168
PCT9731	ED	529	138	0	0	8	130	64	66
PCT9731	MV	529	189	0	0	4	185	67	118
PCT9732	MV	73	43	0	0	4	39	10	29
PCT9733	MV	224	146	0	0	7	139	78	61
PCT9734	ED	577	122	-1	0	3	120	64	56
PCT9734	MV	577	261	-2	0	16	247	117	130
PCT9735	ED	782	167	1	0	10	156	82	74
PCT9735	MV	782	344	6	1	16	321	139	182
PCT9736	ED	699	145	0	0	10	135	77	58
PCT9736	MV	699	305	5	0	11	289	144	145
PCT9737	ED	792	175	0	0	7	168	105	63
PCT9737	MV	792	343	0	0	19	324	184	140
PCT9738	ED	830	99	0	0	11	88	59	29
PCT9738	MV	830	263	1	0	22	240	143	97
PCT9739	ED	826	126	0	0	12	114	78	36
PCT9739	MV	826	193	-2	0	8	187	121	66
PCT9741	ED	1022	19	0	0	3	16	12	4
PCT9741	MV	1022	24	0	0	3	21	14	7
PCT9742	ED	647	134	0	0	11	123	48	75
PCT9742	MV	647	187	3	0	9	175	67	108
PCT9743	ED	1093	172	0	0	19	153	100	53
PCT9743	MV	1093	317	1	1	15	300	197	103
PCT9744	ED	902	141	1	1	14	125	82	43
PCT9744	MV	902	234	2	0	13	219	125	94
PCT9745	ED	934	141	0	0	13	128	78	50
PCT9745	MV	934	205	2	0	13	190	120	70
PCT9746	ED	867	192	0	0	18	174	84	90
PCT9746	MV	867	334	0	0	18	316	143	173
PCT9747	ED	940	198	0	0	14	184	103	81
PCT9747	MV	940	323	-1	0	23	301	144	157
PCT9748	ED	913	164	1	1	7	155	80	75
PCT9748	MV	913	342	-3	0	19	326	164	162
PCT9749	ED	893	143	-2	0	15	130	70	60
PCT9749	MV	893	266	4	0	11	251	118	133
PCT9751	ED	977	157	-1	0	11	147	85	62
PCT9751	MV	977	384	-2	0	28	358	177	181
PCT9752	ED	692	143	0	0	11	132	75	57
PCT9752	MV	692	305	0	0	11	294	163	131
PCT9753	ED	735	148	-1	0	8	141	88	53
PCT9753	MV	735	266	-1	0	9	258	153	105
PCT9754	ED	701	169	0	0	3	166	112	54
PCT9754	MV	701	296	-2	0	10	288	177	111
PCT9755	ED	553	120	-1	1	9	111	72	39
PCT9755	MV	553	201	1	0	5	195	109	86
PCT9756	ED	908	126	0	0	7	119	66	53
PCT9756	MV	908	297	4	1	11	281	112	169
PCT9801	ED	399	76	-1	0	4	73	39	34
PCT9801	MV	399	148	2	0	5	141	62	79
CONG12	TO	426647	225360	-47	124	13755	211528	131662	79866
CONG14	TO	55344	28223	-9	19	1608	26605	13024	13581
ASSM17	TO	280269	147301	-16	82	9057	138178	89527	48651
ASSM19	TO	201722	106282	-40	61	6306	99955	55159	44796
BART7	TO	36166	15261	3	14	1180	14064	7509	6555
BART8	TO	215670	112119	-2	60	7003	105058	56921	48137
BART9	TO	230155	126203	-57	69	7180	119011	80256	38755
SUPV1	TO	40919	22431	-7	6	1337	21095	12756	8339
SUPV2	TO	48242	24389	9	14	1561	22805	13217	9588
SUPV3	TO	38273	18567	11	7	1462	17087	10580	6507
SUPV4	TO	41216	21994	-34	11	1305	20712	10419	10293
SUPV5	TO	52114	28694	-14	13	1834	26861	19567	7294
SUPV6	TO	41151	17498	7	13	1387	16091	9983	6108
SUPV7	TO	46301	26230	27	22	1373	24808	13079	11729
SUPV8	TO	56415	36015	-19	12	1702	34320	23647	10673
SUPV9	TO	41665	22565	-32	14	1083	21500	14537	6963
SUPV10	TO	39848	17900	7	14	1276	16603	9066	7537
SUPV11	TO	35847	17300	-11	17	1043	16251	7835	8416
NEIG1	TO	19131	7881	16	11	681	7173	3593	3580
NEIG2	TO	16742	8038	5	4	684	7345	4447	2898
NEIG3	TO	27631	12231	-9	8	1059	11173	7341	3832
NEIG4	TO	6857	4487	-5	2	224	4266	2626	1640
NEIG5	TO	26541	12895	-7	15	729	12158	5794	6364
NEIG6	TO	14552	8410	-3	3	433	7977	6099	1878
NEIG7	TO	11506	5461	3	3	367	5088	2508	2580
NEIG8	TO	9393	5438	-2	4	320	5116	3584	1532
NEIG9	TO	8641	3424	-8	4	231	3197	1667	1530
NEIG10	TO	9744	5037	6	5	322	4704	3020	1684
NEIG11	TO	38757	19070	-5	10	1271	17794	10303	7491
NEIG12	TO	30096	16088	-15	6	819	15278	11261	4017
NEIG13	TO	16415	10584	-10	4	489	10101	6984	3117
NEIG14	TO	8622	5494	-1	1	214	5280	3901	1379
NEIG15	TO	6827	3580	17	1	228	3334	2000	1334
NEIG26	TO	8914	4445	-2	7	255	4185	1849	2336
NEIG16	TO	15511	7917	-4	2	411	7508	4866	2642
NEIG17	TO	35688	19724	-18	6	1159	18577	11177	7400
NEIG18	TO	7813	4593	8	0	279	4306	2469	1837
NEIG19	TO	9230	5452	-12	2	253	5209	3477	1732
NEIG20	TO	23278	10026	-5	7	733	9291	5577	3714
NEIG21	TO	40651	21684	-34	11	1285	20422	10235	10187
NEIG22	TO	18424	12111	-2	3	547	11563	7989	3574
NEIG23	TO	7867	3226	0	1	250	2975	1241	1734
NEIG24	TO	33960	20797	29	14	1042	19712	10321	9391
NEIG25	TO	29200	15490	2	9	1078	14401	10357	4044
