area_id	subtotal_type	RSReg	RSCst	RSRej	RSOvr	RSUnd	RSTot	030:Yes	031:No
ALL	TO	481991	253583	-56	53	23643	229943	199392	30551
ALL	ED	481991	89756	-87	12	9104	80727	69451	11276
ALL	MV	481991	163827	31	41	14539	149216	129941	19275
PCT1101	ED	544	83	-1	0	5	79	68	11
PCT1101	MV	544	198	1	0	10	187	146	41
PCT1102	ED	964	188	1	0	14	173	137	36
PCT1102	MV	964	337	-2	0	21	318	254	64
PCT1103	ED	914	163	0	0	13	150	129	21
PCT1103	MV	914	348	0	0	27	321	270	51
PCT1104	ED	953	167	0	0	16	151	121	30
PCT1104	MV	953	292	1	0	21	270	227	43
PCT1106	ED	740	113	0	0	11	102	90	12
PCT1106	MV	740	231	-1	1	20	211	188	23
PCT1107	ED	721	101	0	0	10	91	76	15
PCT1107	MV	721	240	1	0	30	209	174	35
PCT1108	ED	882	156	0	0	27	129	109	20
PCT1108	MV	882	328	1	0	30	297	259	38
PCT1109	ED	758	124	-3	0	14	113	98	15
PCT1109	MV	758	265	3	0	32	230	195	35
PCT1111	ED	938	132	-2	0	15	119	100	19
PCT1111	MV	938	330	5	1	26	298	242	56
PCT1112	ED	702	96	2	0	11	83	64	19
PCT1112	MV	702	221	0	0	34	187	155	32
PCT1113	ED	701	82	-1	0	8	75	64	11
PCT1113	MV	701	272	0	0	37	235	196	39
PCT1114	ED	915	139	0	0	16	123	96	27
PCT1114	MV	915	280	1	0	18	261	215	46
PCT1115	ED	835	97	0	0	11	86	73	13
PCT1115	MV	835	279	-1	0	38	242	201	41
PCT1116	ED	842	141	-1	0	26	116	95	21
PCT1116	MV	842	275	0	0	33	242	203	39
PCT1117	ED	827	138	-1	0	19	120	91	29
PCT1117	MV	827	240	0	0	18	222	181	41
PCT1118	ED	974	158	2	0	20	136	110	26
PCT1118	MV	974	335	2	0	36	297	250	47
PCT1119	ED	745	97	-1	0	12	86	73	13
PCT1119	MV	745	274	-1	0	24	251	210	41
PCT1121	ED	653	104	0	0	10	94	74	20
PCT1121	MV	653	221	1	0	22	198	161	37
PCT1122	ED	607	69	0	0	13	56	47	9
PCT1122	MV	607	213	-1	0	30	184	148	36
PCT1123	ED	876	118	-1	0	12	107	80	27
PCT1123	MV	876	254	-2	0	18	238	188	50
PCT1124	ED	773	109	0	0	16	93	72	21
PCT1124	MV	773	200	-1	0	24	177	140	37
PCT1125	ED	987	80	-2	0	6	76	52	24
PCT1125	MV	987	329	-4	0	47	286	206	80
PCT1126	ED	900	92	-1	0	11	82	68	14
PCT1126	MV	900	292	-1	0	23	270	233	37
PCT1127	ED	875	141	-1	0	16	126	99	27
PCT1127	MV	875	277	-1	0	27	251	200	51
PCT1128	ED	813	104	0	0	3	101	75	26
PCT1128	MV	813	246	-1	0	36	211	161	50
PCT1129	ED	924	120	0	0	11	109	82	27
PCT1129	MV	924	274	2	0	25	247	206	41
PCT1131	ED	783	85	0	0	9	76	62	14
PCT1131	MV	783	288	0	0	30	258	205	53
PCT1132	ED	910	112	0	0	17	95	82	13
PCT1132	MV	910	324	-3	0	39	288	242	46
PCT1133	ED	826	99	0	0	9	90	76	14
PCT1133	MV	826	292	-2	0	24	270	231	39
PCT1134	ED	727	126	0	0	11	115	98	17
PCT1134	MV	727	241	-1	0	25	217	173	44
PCT1135	ED	511	71	-1	0	9	63	55	8
PCT1135	MV	511	217	2	0	23	192	145	47
PCT1136	ED	807	97	0	0	9	88	63	25
PCT1136	MV	807	287	1	0	26	260	212	48
PCT1141	ED	998	149	1	0	18	130	101	29
PCT1141	MV	998	368	0	0	21	347	289	58
PCT1142	ED	822	120	0	0	12	108	93	15
PCT1142	MV	822	266	0	0	17	249	212	37
PCT1143	ED	989	147	1	0	10	136	112	24
PCT1143	MV	989	311	2	0	32	277	230	47
PCT1144	ED	870	148	-2	0	8	142	121	21
PCT1144	MV	870	264	-1	0	30	235	185	50
PCT1145	ED	879	136	1	0	23	112	96	16
PCT1145	MV	879	370	-2	1	24	347	299	48
PCT1146	ED	971	124	0	0	10	114	94	20
PCT1146	MV	971	326	-1	0	32	295	241	54
PCT1147	ED	853	166	2	0	16	148	134	14
PCT1147	MV	853	279	1	0	21	257	222	35
PCT1148	ED	918	121	0	0	15	106	82	24
PCT1148	MV	918	314	0	0	23	291	244	47
PCT1149	ED	873	148	-2	0	12	138	119	19
PCT1149	MV	873	285	1	0	30	254	214	40
PCT1152	ED	838	125	-2	0	14	113	94	19
PCT1152	MV	838	286	0	0	22	264	204	60
PCT1153	ED	909	139	0	0	16	123	96	27
PCT1153	MV	909	306	2	0	22	282	246	36
PCT7001	ED	735	119	-1	0	11	109	96	13
PCT7001	MV	735	266	2	0	27	237	208	29
PCT7002	ED	641	132	0	0	9	123	109	14
PCT7002	MV	641	173	1	0	11	161	147	14
PCT7003	ED	864	188	0	0	7	181	162	19
PCT7003	MV	864	340	0	0	25	315	295	20
PCT7004	ED	835	175	0	0	18	157	142	15
PCT7004	MV	835	306	-1	0	20	287	266	21
PCT7005	ED	812	180	1	0	15	164	150	14
PCT7005	MV	812	295	1	0	14	280	266	14
PCT7006	ED	884	213	1	0	15	197	174	23
PCT7006	MV	884	290	-2	0	24	268	244	24
PCT7007	ED	916	233	-2	0	15	220	189	31
PCT7007	MV	916	323	-1	0	23	301	279	22
PCT7008	ED	861	187	0	0	21	166	152	14
PCT7008	MV	861	345	1	0	25	319	289	30
PCT7009	ED	864	133	-1	0	16	118	106	12
PCT7009	MV	864	312	-1	1	19	293	269	24
PCT7011	ED	976	141	0	0	13	128	112	16
PCT7011	MV	976	205	0	0	16	189	162	27
PCT7012	ED	1061	224	0	0	19	205	184	21
PCT7012	MV	1061	383	1	0	33	349	310	39
PCT7013	ED	805	132	0	0	13	119	105	14
PCT7013	MV	805	251	-2	0	14	239	215	24
PCT7014	ED	1213	188	-3	0	8	183	170	13
PCT7014	MV	1213	434	-1	0	29	406	363	43
PCT7015	MV	93	34	1	0	1	32	31	1
PCT7016	ED	891	112	0	0	16	96	71	25
PCT7016	MV	891	221	-1	0	31	191	153	38
PCT7017	ED	734	79	0	0	22	57	37	20
PCT7017	MV	734	167	-1	0	23	145	110	35
PCT7018	ED	908	88	-2	0	9	81	61	20
PCT7018	MV	908	343	2	0	37	304	224	80
PCT7019	ED	864	111	2	0	14	95	77	18
PCT7019	MV	864	349	-1	0	43	307	242	65
PCT7021	ED	927	129	1	0	16	112	81	31
PCT7021	MV	927	220	-3	0	29	194	165	29
PCT7022	ED	923	164	0	0	25	139	96	43
PCT7022	MV	923	270	3	0	23	244	181	63
PCT7023	ED	906	131	1	0	27	103	77	26
PCT7023	MV	906	301	-4	0	30	275	214	61
PCT7024	ED	386	30	0	0	10	20	12	8
PCT7024	MV	386	47	0	0	2	45	30	15
PCT7025	ED	448	66	2	0	6	58	37	21
PCT7025	MV	448	78	1	0	4	73	56	17
PCT7026	ED	971	90	0	0	12	78	60	18
PCT7026	MV	971	350	4	0	40	306	254	52
PCT7027	ED	845	136	-1	0	33	104	80	24
PCT7027	MV	845	271	2	0	27	242	198	44
PCT7028	ED	835	157	0	0	17	140	107	33
PCT7028	MV	835	180	-2	0	18	164	140	24
PCT7029	ED	855	115	0	0	16	99	59	40
PCT7029	MV	855	166	1	0	12	153	122	31
PCT7030	ED	729	94	-2	0	6	90	65	25
PCT7030	MV	729	277	3	0	23	251	189	62
PCT7031	ED	611	50	0	0	8	42	31	11
PCT7031	MV	611	224	3	0	25	196	167	29
PCT7032	ED	867	126	-1	0	26	101	80	21
PCT7032	MV	867	238	1	1	34	202	162	40
PCT7033	ED	765	135	0	0	18	117	84	33
PCT7033	MV	765	181	-1	0	23	159	126	33
PCT7034	ED	914	97	0	0	16	81	44	37
PCT7034	MV	914	154	1	0	19	134	106	28
PCT7035	ED	553	73	0	0	9	64	46	18
PCT7035	MV	553	170	0	0	13	157	127	30
PCT7036	ED	898	52	0	0	3	49	31	18
PCT7036	MV	898	265	0	0	28	237	189	48
PCT7037	ED	730	73	-1	0	17	57	37	20
PCT7037	MV	730	64	3	0	8	53	42	11
PCT7038	ED	880	84	0	0	14	70	45	25
PCT7038	MV	880	255	-1	0	29	227	172	55
PCT7039	ED	768	111	-1	0	5	107	83	24
PCT7039	MV	768	225	1	0	25	199	163	36
PCT7041	MV	60	24	0	0	1	23	22	1
PCT7042	ED	632	75	0	0	9	66	51	15
PCT7042	MV	632	191	2	0	28	161	126	35
PCT7043	ED	915	97	1	0	16	80	57	23
PCT7043	MV	915	282	2	0	32	248	201	47
PCT7044	ED	805	86	-1	0	18	69	49	20
PCT7044	MV	805	125	-1	0	18	108	77	31
PCT7045	ED	763	87	-1	0	18	70	51	19
PCT7045	MV	763	282	1	0	34	247	190	57
PCT7046	ED	385	54	0	0	5	49	36	13
PCT7046	MV	385	136	0	0	9	127	98	29
PCT7047	ED	781	68	-1	0	4	65	51	14
PCT7047	MV	781	298	1	0	29	268	203	65
PCT7048	ED	815	94	0	0	11	83	58	25
PCT7048	MV	815	248	-1	0	35	214	156	58
PCT7049	ED	751	108	0	0	18	90	62	28
PCT7049	MV	751	241	0	0	34	207	153	54
PCT7051	ED	839	70	-2	0	13	59	43	16
PCT7051	MV	839	302	2	0	31	269	216	53
PCT7052	ED	806	120	-1	0	11	110	90	20
PCT7052	MV	806	278	2	0	29	247	211	36
PCT7053	ED	548	44	0	0	10	34	26	8
PCT7053	MV	548	205	1	0	28	176	146	30
PCT7054	ED	1024	141	3	0	10	128	91	37
PCT7054	MV	1024	275	1	1	30	243	196	47
PCT7055	ED	699	83	-3	0	14	72	64	8
PCT7055	MV	699	256	-1	0	23	234	189	45
PCT7101	MV	141	83	0	0	8	75	70	5
PCT7201	ED	900	147	2	0	19	126	115	11
PCT7201	MV	900	333	-1	0	35	299	260	39
PCT7202	ED	830	138	0	0	13	125	108	17
PCT7202	MV	830	271	0	0	31	240	214	26
PCT7203	ED	867	174	-1	0	16	159	135	24
PCT7203	MV	867	243	3	0	22	218	191	27
PCT7204	ED	888	157	0	0	20	137	119	18
PCT7204	MV	888	340	-4	0	28	316	288	28
PCT7205	ED	847	183	0	0	13	170	150	20
PCT7205	MV	847	309	3	0	15	291	249	42
PCT7206	ED	375	88	0	0	10	78	64	14
PCT7206	MV	375	124	0	0	13	111	104	7
PCT7207	ED	744	119	-1	0	17	103	91	12
PCT7207	MV	744	231	0	0	23	208	186	22
PCT7208	ED	567	76	0	0	9	67	60	7
PCT7208	MV	567	206	0	0	18	188	164	24
PCT7209	ED	586	69	0	0	7	62	54	8
PCT7209	MV	586	326	1	0	24	301	269	32
PCT7301	ED	1002	150	0	0	20	130	102	28
PCT7301	MV	1002	299	2	0	30	267	218	49
PCT7302	ED	806	121	0	0	19	102	88	14
PCT7302	MV	806	352	3	0	33	316	282	34
PCT7303	ED	986	167	-2	0	19	150	126	24
PCT7303	MV	986	318	4	0	42	272	242	30
PCT7304	ED	972	203	0	0	17	186	165	21
PCT7304	MV	972	330	2	0	27	301	262	39
PCT7305	ED	851	171	-1	0	11	161	139	22
PCT7305	MV	851	306	1	0	32	273	234	39
PCT7306	ED	1014	179	0	0	26	153	128	25
PCT7306	MV	1014	302	2	0	33	267	227	40
PCT7307	ED	726	143	0	0	21	122	103	19
PCT7307	MV	726	226	5	0	30	191	161	30
PCT7308	ED	598	133	0	0	10	123	108	15
PCT7308	MV	598	204	1	0	13	190	167	23
PCT7309	ED	826	160	1	0	18	141	129	12
PCT7309	MV	826	209	2	0	16	191	176	15
PCT7311	ED	901	175	0	0	12	163	148	15
PCT7311	MV	901	266	1	0	17	248	224	24
PCT7312	ED	810	128	-1	0	12	117	109	8
PCT7312	MV	810	332	4	0	34	294	257	37
PCT7313	ED	925	135	1	0	20	114	106	8
PCT7313	MV	925	315	-1	0	28	288	248	40
PCT7314	ED	760	92	0	0	24	68	57	11
PCT7314	MV	760	213	0	0	56	157	132	25
PCT7315	ED	725	119	0	0	12	107	97	10
PCT7315	MV	725	178	2	0	9	167	148	19
PCT7316	ED	824	122	0	0	15	107	91	16
PCT7316	MV	824	266	0	0	35	231	189	42
PCT7317	ED	886	117	0	0	12	105	92	13
PCT7317	MV	886	340	2	0	32	306	274	32
PCT7318	ED	709	123	0	0	23	100	90	10
PCT7318	MV	709	243	-3	0	35	211	173	38
PCT7319	ED	1035	182	0	0	21	161	135	26
PCT7319	MV	1035	296	0	0	39	257	216	41
PCT7321	ED	644	100	0	0	17	83	64	19
PCT7321	MV	644	211	3	0	21	187	167	20
PCT7322	ED	859	60	0	1	13	46	36	10
PCT7322	MV	859	304	-4	0	72	236	190	46
PCT7323	ED	881	146	2	0	19	125	111	14
PCT7323	MV	881	273	0	0	21	252	223	29
PCT7324	ED	687	125	0	0	16	109	95	14
PCT7324	MV	687	198	-3	0	30	171	153	18
PCT7325	ED	870	150	0	0	23	127	113	14
PCT7325	MV	870	276	-1	0	42	235	206	29
PCT7326	ED	853	150	0	0	19	131	112	19
PCT7326	MV	853	256	1	0	29	226	194	32
PCT7327	ED	684	62	0	0	16	46	39	7
PCT7327	MV	684	277	-3	0	54	226	193	33
PCT7328	ED	950	70	0	0	17	53	43	10
PCT7328	MV	950	391	-1	1	108	283	237	46
PCT7329	ED	610	71	-1	0	6	66	53	13
PCT7329	MV	610	205	-1	0	33	173	144	29
PCT7331	ED	860	130	0	0	14	116	99	17
PCT7331	MV	860	357	-3	0	29	331	280	51
PCT7332	ED	799	154	0	0	23	131	117	14
PCT7332	MV	799	209	0	0	19	190	168	22
PCT7333	ED	974	174	0	0	19	155	137	18
PCT7333	MV	974	323	3	0	33	287	242	45
PCT7334	ED	854	113	0	0	10	103	94	9
PCT7334	MV	854	275	0	0	31	244	208	36
PCT7335	ED	936	144	0	0	17	127	115	12
PCT7335	MV	936	354	-2	0	23	333	289	44
PCT7336	ED	920	155	0	0	17	138	123	15
PCT7336	MV	920	324	0	0	28	296	262	34
PCT7337	ED	825	115	-1	0	12	104	80	24
PCT7337	MV	825	305	2	0	37	266	231	35
PCT7338	ED	884	100	1	0	20	79	71	8
PCT7338	MV	884	364	-7	0	84	287	232	55
PCT7339	ED	618	111	-1	0	13	99	85	14
PCT7339	MV	618	181	-1	0	19	163	136	27
PCT7341	ED	877	124	-1	0	21	104	89	15
PCT7341	MV	877	246	-1	0	24	223	195	28
PCT7342	ED	911	234	2	0	25	207	184	23
PCT7342	MV	911	251	0	0	14	237	199	38
PCT7343	ED	707	144	0	0	15	129	121	8
PCT7343	MV	707	186	1	0	18	167	157	10
PCT7344	ED	1039	179	-1	0	18	162	139	23
PCT7344	MV	1039	334	-2	0	30	306	270	36
PCT7345	ED	1077	183	0	0	13	170	147	23
PCT7345	MV	1077	283	2	0	34	247	210	37
PCT7346	ED	877	168	1	0	21	146	122	24
PCT7346	MV	877	221	-1	0	18	204	176	28
PCT7347	ED	968	137	0	0	7	130	110	20
PCT7347	MV	968	279	-1	0	13	267	238	29
PCT7348	ED	832	139	-1	0	10	130	109	21
PCT7348	MV	832	202	3	0	14	185	157	28
PCT7349	ED	921	147	-1	0	14	134	119	15
PCT7349	MV	921	282	3	0	33	246	212	34
PCT7501	ED	554	118	-1	0	8	111	98	13
PCT7501	MV	554	168	0	0	21	147	127	20
PCT7502	ED	741	113	1	0	13	99	85	14
PCT7502	MV	741	349	-8	0	32	325	294	31
PCT7503	ED	727	132	0	0	16	116	100	16
PCT7503	MV	727	226	-1	0	20	207	194	13
PCT7504	ED	484	76	0	0	19	57	51	6
PCT7504	MV	484	158	4	1	15	138	116	22
PCT7505	ED	871	131	0	0	12	119	101	18
PCT7505	MV	871	417	1	1	43	372	336	36
PCT7506	ED	920	133	-1	0	11	123	108	15
PCT7506	MV	920	252	0	0	30	222	191	31
PCT7507	ED	919	158	-2	0	28	132	104	28
PCT7507	MV	919	255	4	0	29	222	191	31
PCT7508	ED	702	106	0	0	10	96	83	13
PCT7508	MV	702	340	-1	0	49	292	265	27
PCT7509	ED	909	171	-2	0	12	161	135	26
PCT7509	MV	909	319	1	1	29	288	258	30
PCT7512	ED	604	96	-1	0	18	79	66	13
PCT7512	MV	604	196	3	0	17	176	149	27
PCT7513	ED	790	142	-2	0	20	124	99	25
PCT7513	MV	790	208	2	0	29	177	152	25
PCT7514	ED	863	95	-3	0	23	75	54	21
PCT7514	MV	863	235	1	0	43	191	143	48
PCT7515	ED	845	150	0	0	20	130	99	31
PCT7515	MV	845	289	3	0	39	247	200	47
PCT7516	ED	886	145	0	0	18	127	115	12
PCT7516	MV	886	378	-3	0	36	345	306	39
PCT7517	ED	863	228	-1	0	23	206	190	16
PCT7517	MV	863	251	-2	0	23	230	207	23
PCT7518	ED	939	235	0	0	13	222	199	23
PCT7518	MV	939	298	-1	0	26	273	249	24
PCT7519	ED	726	179	0	0	12	167	151	16
PCT7519	MV	726	185	0	1	18	166	147	19
PCT7521	ED	802	211	1	0	21	189	169	20
PCT7521	MV	802	215	-1	0	19	197	186	11
PCT7522	ED	743	175	-1	0	10	166	151	15
PCT7522	MV	743	240	0	0	25	215	198	17
PCT7523	ED	737	208	0	1	16	191	173	18
PCT7523	MV	737	223	-3	0	14	212	194	18
PCT7524	ED	646	143	3	0	18	122	109	13
PCT7524	MV	646	165	2	0	15	148	130	18
PCT7525	ED	779	145	-1	0	25	121	96	25
PCT7525	MV	779	214	1	0	20	193	166	27
PCT7526	ED	947	197	1	1	13	182	165	17
PCT7526	MV	947	313	3	0	23	287	255	32
PCT7527	ED	729	162	-2	0	21	143	127	16
PCT7527	MV	729	237	1	0	23	213	195	18
PCT7529	ED	925	214	0	0	14	200	182	18
PCT7529	MV	925	300	1	0	18	281	242	39
PCT7531	ED	847	179	-1	0	18	162	141	21
PCT7531	MV	847	263	2	0	24	237	215	22
PCT7532	ED	823	172	1	0	25	146	131	15
PCT7532	MV	823	226	1	0	16	209	183	26
PCT7533	ED	951	268	-1	0	23	246	219	27
PCT7533	MV	951	297	1	0	14	282	263	19
PCT7534	ED	883	241	0	0	15	226	202	24
PCT7534	MV	883	240	0	0	10	230	218	12
PCT7535	ED	743	201	0	0	14	187	172	15
PCT7535	MV	743	251	-1	0	16	236	208	28
PCT7536	ED	856	206	-1	0	20	187	174	13
PCT7536	MV	856	279	-2	0	17	264	245	19
PCT7537	ED	734	187	0	0	13	174	159	15
PCT7537	MV	734	225	2	0	13	210	189	21
PCT7538	ED	757	223	0	0	16	207	184	23
PCT7538	MV	757	256	-2	0	14	244	231	13
PCT7539	ED	884	250	2	0	26	222	206	16
PCT7539	MV	884	286	-3	0	25	264	246	18
PCT7541	ED	791	215	0	0	31	184	171	13
PCT7541	MV	791	245	0	0	10	235	219	16
PCT7542	ED	787	183	-1	0	16	168	152	16
PCT7542	MV	787	247	-3	0	11	239	213	26
PCT7543	ED	910	187	2	0	27	158	148	10
PCT7543	MV	910	332	1	0	29	302	272	30
PCT7544	ED	877	186	0	0	14	172	156	16
PCT7544	MV	877	331	-2	0	26	307	279	28
PCT7545	ED	877	179	0	0	13	166	148	18
PCT7545	MV	877	291	-1	0	26	266	240	26
PCT7546	ED	913	219	0	0	17	202	174	28
PCT7546	MV	913	310	2	0	16	292	280	12
PCT7547	ED	987	244	-2	0	34	212	195	17
PCT7547	MV	987	322	6	0	22	294	274	20
PCT7548	ED	1054	236	-1	0	15	222	194	28
PCT7548	MV	1054	345	2	0	18	325	301	24
PCT7549	ED	785	165	-1	0	20	146	131	15
PCT7549	MV	785	281	3	0	31	247	222	25
PCT7551	ED	705	199	0	0	22	177	159	18
PCT7551	MV	705	240	-2	0	13	229	212	17
PCT7552	ED	718	191	0	0	15	176	160	16
PCT7552	MV	718	232	-2	0	15	219	206	13
PCT7553	MV	171	87	0	0	6	81	75	6
PCT7554	ED	785	179	-1	0	19	161	140	21
PCT7554	MV	785	323	0	0	29	294	274	20
PCT7555	ED	847	242	0	0	21	221	199	22
PCT7555	MV	847	304	2	0	25	277	248	29
PCT7556	ED	961	223	-1	0	20	204	178	26
PCT7556	MV	961	422	0	0	32	390	359	31
PCT7601	ED	744	128	-4	0	14	118	102	16
PCT7601	MV	744	185	6	0	19	160	134	26
PCT7602	ED	880	147	0	0	18	129	107	22
PCT7602	MV	880	243	-1	0	22	222	182	40
PCT7603	ED	826	152	-1	1	19	133	116	17
PCT7603	MV	826	215	-1	0	24	192	159	33
PCT7604	ED	906	133	0	0	12	121	102	19
PCT7604	MV	906	233	0	0	16	217	188	29
PCT7605	ED	651	77	0	0	15	62	53	9
PCT7605	MV	651	155	1	0	30	124	100	24
PCT7606	ED	895	127	2	0	13	112	89	23
PCT7606	MV	895	212	1	0	14	197	157	40
PCT7607	ED	955	120	0	1	14	105	90	15
PCT7607	MV	955	265	-3	0	12	256	222	34
PCT7608	ED	388	46	0	0	10	36	26	10
PCT7608	MV	388	119	0	0	22	97	79	18
PCT7609	ED	916	101	1	0	22	78	57	21
PCT7609	MV	916	297	1	0	64	232	182	50
PCT7611	ED	756	76	0	1	10	65	49	16
PCT7611	MV	756	204	2	0	26	176	139	37
PCT7612	ED	574	76	2	0	10	64	54	10
PCT7612	MV	574	210	1	0	26	183	155	28
PCT7613	ED	887	140	-1	0	16	125	109	16
PCT7613	MV	887	215	0	0	22	193	169	24
PCT7614	ED	1015	123	-3	0	17	109	88	21
PCT7614	MV	1015	238	1	0	20	217	173	44
PCT7615	ED	832	108	0	0	14	94	68	26
PCT7615	MV	832	170	0	0	26	144	109	35
PCT7616	ED	951	129	1	0	10	118	94	24
PCT7616	MV	951	331	-1	0	19	313	280	33
PCT7617	ED	751	84	0	0	20	64	50	14
PCT7617	MV	751	223	-2	0	37	188	158	30
PCT7618	ED	866	123	0	0	15	108	91	17
PCT7618	MV	866	272	2	0	22	248	219	29
PCT7619	ED	993	154	-1	0	18	137	117	20
PCT7619	MV	993	308	-3	0	28	283	246	37
PCT7621	ED	1132	163	-1	0	16	148	128	20
PCT7621	MV	1132	346	3	0	26	317	280	37
PCT7622	ED	964	99	1	0	7	91	73	18
PCT7622	MV	964	193	-2	0	29	166	138	28
PCT7623	ED	712	122	0	0	14	108	92	16
PCT7623	MV	712	196	1	0	14	181	150	31
PCT7624	ED	905	104	-1	0	16	89	74	15
PCT7624	MV	905	195	2	0	23	170	141	29
PCT7625	ED	821	73	0	0	18	55	48	7
PCT7625	MV	821	415	1	0	81	333	290	43
PCT7626	ED	1081	128	1	0	13	114	94	20
PCT7626	MV	1081	361	0	0	27	334	299	35
PCT7627	ED	1075	116	0	0	11	105	94	11
PCT7627	MV	1075	319	-3	1	35	286	242	44
PCT7628	ED	906	156	0	0	9	147	132	15
PCT7628	MV	906	267	1	0	25	241	204	37
PCT7629	ED	805	108	0	0	7	101	89	12
PCT7629	MV	805	206	1	0	16	189	169	20
PCT7631	ED	1085	146	0	0	11	135	115	20
PCT7631	MV	1085	339	3	0	25	311	275	36
PCT7632	ED	965	167	0	0	19	148	127	21
PCT7632	MV	965	286	0	0	15	271	239	32
PCT7633	ED	702	90	0	0	7	83	67	16
PCT7633	MV	702	253	-1	0	33	221	188	33
PCT7634	ED	859	120	1	0	19	100	82	18
PCT7634	MV	859	291	0	1	41	249	210	39
PCT7635	ED	782	89	1	0	10	78	65	13
PCT7635	MV	782	242	1	0	14	227	195	32
PCT7636	ED	920	134	-1	0	15	120	102	18
PCT7636	MV	920	251	-2	0	16	237	212	25
PCT7637	ED	732	89	-1	0	9	81	65	16
PCT7637	MV	732	249	0	0	16	233	201	32
PCT7638	ED	1365	129	-2	0	9	122	110	12
PCT7638	MV	1365	492	0	0	36	456	398	58
PCT7639	ED	962	110	0	0	15	95	79	16
PCT7639	MV	962	319	-1	0	27	293	248	45
PCT7641	ED	931	114	0	0	13	101	84	17
PCT7641	MV	931	374	0	0	34	340	291	49
PCT7642	ED	909	84	0	0	10	74	60	14
PCT7642	MV	909	268	-1	0	53	216	185	31
PCT7643	ED	871	99	3	0	21	75	54	21
PCT7643	MV	871	355	2	0	31	322	279	43
PCT7644	ED	1082	156	-3	0	17	142	118	24
PCT7644	MV	1082	291	1	0	41	249	214	35
PCT7645	ED	631	63	0	0	9	54	41	13
PCT7645	MV	631	241	-1	0	16	226	207	19
PCT7646	ED	1035	110	0	0	12	98	88	10
PCT7646	MV	1035	326	1	0	24	301	268	33
PCT7647	ED	1027	107	0	0	10	97	74	23
PCT7647	MV	1027	185	-1	0	12	174	135	39
PCT7648	MV	2	0	0	0	0	0	0	0
PCT7649	ED	877	97	1	0	7	89	73	16
PCT7649	MV	877	234	1	0	30	203	172	31
PCT7651	ED	555	48	0	0	5	43	35	8
PCT7651	MV	555	155	0	0	6	149	126	23
PCT7652	ED	580	68	-1	0	4	65	58	7
PCT7652	MV	580	163	-1	0	19	145	125	20
PCT7653	ED	1092	137	2	0	13	122	106	16
PCT7653	MV	1092	321	2	0	21	298	265	33
PCT7701	ED	1012	225	0	0	21	204	175	29
PCT7701	MV	1012	383	0	0	27	356	319	37
PCT7702	ED	704	117	0	0	8	109	96	13
PCT7702	MV	704	302	-1	0	21	282	253	29
PCT7703	MV	172	66	-2	1	11	56	39	17
PCT7704	ED	977	208	0	0	17	191	154	37
PCT7704	MV	977	396	6	0	29	361	303	58
PCT7705	ED	547	123	0	1	7	115	99	16
PCT7705	MV	547	227	-1	0	22	206	182	24
PCT7706	ED	821	189	0	0	15	174	151	23
PCT7706	MV	821	341	0	0	33	308	278	30
PCT7707	ED	839	200	2	0	21	177	148	29
PCT7707	MV	839	379	9	0	25	345	303	42
PCT7708	ED	860	181	0	0	14	167	153	14
PCT7708	MV	860	400	0	0	33	367	328	39
PCT7709	ED	383	85	1	0	8	76	66	10
PCT7709	MV	383	174	2	0	8	164	153	11
PCT7711	ED	772	162	0	0	12	150	139	11
PCT7711	MV	772	344	-3	0	24	323	285	38
PCT7712	ED	524	131	1	0	7	123	111	12
PCT7712	MV	524	230	-1	0	11	220	182	38
PCT7801	ED	970	230	0	0	19	211	191	20
PCT7801	MV	970	424	0	0	22	402	366	36
PCT7802	ED	762	205	-2	0	15	192	171	21
PCT7802	MV	762	313	-2	1	30	284	261	23
PCT7803	ED	823	143	1	0	17	125	120	5
PCT7803	MV	823	412	-1	0	24	389	358	31
PCT7804	ED	891	236	0	0	19	217	198	19
PCT7804	MV	891	394	-1	0	25	370	338	32
PCT7805	ED	785	176	1	0	8	167	156	11
PCT7805	MV	785	348	-1	0	27	322	286	36
PCT7806	ED	699	163	-1	0	17	147	140	7
PCT7806	MV	699	283	1	0	16	266	247	19
PCT7807	ED	796	228	2	0	20	206	185	21
PCT7807	MV	796	273	1	0	20	252	231	21
PCT7808	ED	655	178	0	0	20	158	143	15
PCT7808	MV	655	243	-2	0	19	226	202	24
PCT7809	ED	742	160	-1	0	21	140	131	9
PCT7809	MV	742	267	2	0	16	249	223	26
PCT7811	ED	726	186	0	0	10	176	159	17
PCT7811	MV	726	243	0	0	14	229	208	21
PCT7812	ED	843	207	0	0	16	191	166	25
PCT7812	MV	843	292	-2	0	26	268	246	22
PCT7813	ED	988	251	-2	0	34	219	200	19
PCT7813	MV	988	362	1	0	31	330	309	21
PCT7814	ED	892	173	0	0	15	158	132	26
PCT7814	MV	892	223	1	1	16	205	178	27
PCT7815	ED	914	178	-2	0	13	167	145	22
PCT7815	MV	914	407	3	0	26	378	345	33
PCT7816	ED	858	202	1	0	17	184	161	23
PCT7816	MV	858	390	0	0	32	358	328	30
PCT7817	ED	795	215	-1	0	15	201	183	18
PCT7817	MV	795	309	3	0	10	296	269	27
PCT7818	ED	823	172	-1	0	18	155	142	13
PCT7818	MV	823	335	-2	0	29	308	277	31
PCT7819	ED	760	169	0	0	17	152	130	22
PCT7819	MV	760	297	2	0	35	260	235	25
PCT7821	ED	947	229	0	0	14	215	190	25
PCT7821	MV	947	439	3	0	26	410	380	30
PCT7822	ED	927	244	0	0	22	222	199	23
PCT7822	MV	927	343	2	0	20	321	298	23
PCT7823	ED	857	237	-1	0	14	224	205	19
PCT7823	MV	857	347	0	0	28	319	290	29
PCT7824	ED	756	170	1	0	14	155	136	19
PCT7824	MV	756	274	1	0	16	257	229	28
PCT7825	ED	580	160	0	0	14	146	126	20
PCT7825	MV	580	215	-1	0	19	197	180	17
PCT7826	ED	665	214	0	0	18	196	184	12
PCT7826	MV	665	194	-1	0	11	184	170	14
PCT7827	ED	828	199	0	0	25	174	153	21
PCT7827	MV	828	252	0	0	21	231	204	27
PCT7828	ED	976	205	-2	0	24	183	152	31
PCT7828	MV	976	397	-1	0	30	368	328	40
PCT7829	ED	882	199	0	0	11	188	174	14
PCT7829	MV	882	391	0	0	25	366	330	36
PCT7831	ED	828	202	0	0	14	188	172	16
PCT7831	MV	828	369	1	0	29	339	309	30
PCT7832	ED	781	162	-1	0	13	150	133	17
PCT7832	MV	781	343	-1	0	21	323	304	19
PCT7833	ED	745	182	0	0	21	161	141	20
PCT7833	MV	745	271	2	0	26	243	230	13
PCT7834	ED	836	225	-1	0	20	206	187	19
PCT7834	MV	836	288	0	0	20	268	247	21
PCT7835	ED	808	175	0	0	14	161	140	21
PCT7835	MV	808	338	1	0	18	319	282	37
PCT7836	ED	979	199	0	0	16	183	166	17
PCT7836	MV	979	421	2	0	21	398	352	46
PCT7837	ED	883	237	-1	0	13	225	204	21
PCT7837	MV	883	339	2	0	27	310	273	37
PCT7838	ED	891	210	2	0	17	191	165	26
PCT7838	MV	891	413	1	0	27	385	341	44
PCT7839	ED	830	172	2	0	20	150	132	18
PCT7839	MV	830	389	-1	0	24	366	350	16
PCT7841	ED	898	240	0	0	15	225	198	27
PCT7841	MV	898	353	0	0	19	334	311	23
PCT7842	ED	873	214	0	0	14	200	188	12
PCT7842	MV	873	308	1	0	21	286	264	22
PCT7843	ED	751	182	-1	0	16	167	151	16
PCT7843	MV	751	267	-1	0	11	257	238	19
PCT7844	ED	635	160	1	0	18	141	125	16
PCT7844	MV	635	245	-2	0	24	223	208	15
PCT7845	ED	803	202	0	0	18	184	170	14
PCT7845	MV	803	314	0	0	19	295	270	25
PCT7846	ED	871	221	0	0	25	196	171	25
PCT7846	MV	871	330	1	0	34	295	266	29
PCT7847	ED	878	207	-1	0	14	194	169	25
PCT7847	MV	878	358	1	0	42	315	288	27
PCT7848	ED	838	209	-3	0	16	196	181	15
PCT7848	MV	838	346	0	0	22	324	296	28
PCT7849	ED	904	237	0	0	30	207	193	14
PCT7849	MV	904	353	-2	0	28	327	298	29
PCT7851	ED	493	118	0	0	15	103	94	9
PCT7851	MV	493	204	0	0	23	181	164	17
PCT7852	ED	634	104	-1	0	8	97	86	11
PCT7852	MV	634	303	0	0	21	282	239	43
PCT7853	ED	837	180	0	0	24	156	138	18
PCT7853	MV	837	333	0	0	23	310	271	39
PCT7854	ED	874	216	-1	0	22	195	176	19
PCT7854	MV	874	346	2	1	24	319	290	29
PCT7855	ED	949	259	0	0	21	238	216	22
PCT7855	MV	949	359	-6	1	27	337	304	33
PCT7856	ED	790	204	1	0	16	187	168	19
PCT7856	MV	790	312	-1	0	22	291	262	29
PCT7857	ED	913	226	0	0	22	204	185	19
PCT7857	MV	913	350	-1	0	27	324	296	28
PCT7858	ED	743	192	2	0	16	174	160	14
PCT7858	MV	743	252	0	0	14	238	216	22
PCT7859	ED	879	219	-1	0	15	205	184	21
PCT7859	MV	879	352	0	0	27	325	297	28
PCT7861	ED	835	184	0	0	13	171	158	13
PCT7861	MV	835	367	-1	0	24	344	318	26
PCT7862	ED	850	237	0	0	14	223	209	14
PCT7862	MV	850	323	-2	0	24	301	276	25
PCT7863	ED	870	237	0	0	13	224	202	22
PCT7863	MV	870	302	-2	1	26	277	265	12
PCT7864	ED	773	188	0	0	11	177	153	24
PCT7864	MV	773	284	-2	1	20	265	247	18
PCT7865	ED	808	178	1	0	11	166	151	15
PCT7865	MV	808	310	-1	1	33	277	241	36
PCT7866	ED	816	184	-1	0	16	169	153	16
PCT7866	MV	816	389	-2	0	38	353	304	49
PCT7867	ED	932	209	0	0	24	185	171	14
PCT7867	MV	932	385	1	0	28	356	318	38
PCT7868	ED	860	218	-1	0	26	193	165	28
PCT7868	MV	860	324	2	0	23	299	271	28
PCT7869	ED	842	219	0	0	22	197	182	15
PCT7869	MV	842	376	-1	0	26	351	326	25
PCT7871	ED	882	240	-3	0	27	216	188	28
PCT7871	MV	882	364	1	0	26	337	316	21
PCT7872	ED	864	242	-1	0	21	222	200	22
PCT7872	MV	864	369	0	0	21	348	316	32
PCT7873	ED	841	231	0	0	18	213	200	13
PCT7873	MV	841	387	0	0	30	357	326	31
PCT7874	ED	453	85	0	0	4	81	65	16
PCT7874	MV	453	174	1	0	13	160	142	18
PCT7875	ED	615	127	0	0	16	111	89	22
PCT7875	MV	615	203	-3	0	18	188	166	22
PCT7876	ED	491	101	0	0	14	87	73	14
PCT7876	MV	491	148	-1	0	14	135	124	11
PCT7901	ED	466	87	-2	0	13	76	64	12
PCT7901	MV	466	133	0	0	11	122	105	17
PCT7902	ED	921	188	0	0	8	180	154	26
PCT7902	MV	921	259	-1	0	25	235	216	19
PCT7903	ED	819	144	0	0	19	125	108	17
PCT7903	MV	819	244	0	0	20	224	187	37
PCT7904	ED	846	137	1	0	9	127	111	16
PCT7904	MV	846	248	-3	0	17	234	210	24
PCT7905	ED	821	199	-1	0	16	184	160	24
PCT7905	MV	821	275	2	0	12	261	241	20
PCT7906	ED	769	164	0	0	20	144	129	15
PCT7906	MV	769	214	-3	1	12	204	179	25
PCT7907	ED	926	201	2	0	15	184	174	10
PCT7907	MV	926	286	2	0	12	272	250	22
PCT7908	ED	936	191	0	0	18	173	153	20
PCT7908	MV	936	267	-1	0	25	243	212	31
PCT7909	ED	726	190	0	0	11	179	164	15
PCT7909	MV	726	221	-4	0	14	211	197	14
PCT7911	ED	849	192	1	0	17	174	151	23
PCT7911	MV	849	250	-4	0	18	236	206	30
PCT7912	ED	1036	215	0	1	19	195	174	21
PCT7912	MV	1036	314	2	0	19	293	271	22
PCT7913	ED	887	240	-7	0	19	228	207	21
PCT7913	MV	887	244	1	0	17	226	203	23
PCT7914	ED	833	208	0	0	20	188	162	26
PCT7914	MV	833	253	-1	0	11	243	214	29
PCT7915	ED	802	213	0	1	21	191	175	16
PCT7915	MV	802	222	-1	0	13	210	184	26
PCT7916	ED	887	215	0	0	15	200	185	15
PCT7916	MV	887	289	0	1	19	269	245	24
PCT7917	ED	983	254	-1	0	22	233	206	27
PCT7917	MV	983	287	0	0	12	275	241	34
PCT7918	ED	790	191	0	0	11	180	163	17
PCT7918	MV	790	234	1	0	20	213	200	13
PCT7919	ED	857	217	0	0	9	208	189	19
PCT7919	MV	857	241	0	0	12	229	210	19
PCT7921	ED	883	151	-3	0	14	140	114	26
PCT7921	MV	883	210	0	0	10	200	164	36
PCT7922	ED	797	182	1	0	12	169	150	19
PCT7922	MV	797	241	-1	0	12	230	209	21
PCT7923	ED	863	202	1	0	13	188	169	19
PCT7923	MV	863	241	-1	0	7	235	211	24
PCT7924	ED	806	172	1	0	9	162	145	17
PCT7924	MV	806	247	0	0	13	234	208	26
PCT7925	ED	570	114	1	0	10	103	92	11
PCT7925	MV	570	191	0	0	12	179	166	13
PCT7926	ED	768	177	0	0	12	165	146	19
PCT7926	MV	768	296	2	0	17	277	252	25
PCT7927	ED	733	187	0	0	12	175	156	19
PCT7927	MV	733	289	-1	0	11	279	265	14
PCT7928	ED	899	253	0	0	23	230	217	13
PCT7928	MV	899	297	-1	0	17	281	265	16
PCT7929	ED	840	200	0	0	13	187	169	18
PCT7929	MV	840	367	-1	0	15	353	330	23
PCT7931	ED	732	189	0	0	11	178	169	9
PCT7931	MV	732	317	-1	0	15	303	281	22
PCT7932	ED	551	112	-1	0	8	105	92	13
PCT7932	MV	551	225	1	0	12	212	192	20
PCT7933	MV	8	4	0	0	0	4	4	0
PCT7934	ED	885	195	-4	0	15	184	163	21
PCT7934	MV	885	328	1	1	20	306	279	27
PCT7935	ED	938	283	1	0	25	257	232	25
PCT7935	MV	938	370	1	0	28	341	315	26
PCT7936	ED	832	246	0	1	25	220	197	23
PCT7936	MV	832	326	2	0	19	305	280	25
PCT7937	ED	874	223	0	0	14	209	187	22
PCT7937	MV	874	309	-1	0	18	292	275	17
PCT7938	ED	774	162	0	0	15	147	121	26
PCT7938	MV	774	247	0	0	10	237	213	24
PCT7939	ED	667	186	1	0	13	172	157	15
PCT7939	MV	667	230	-2	0	15	217	203	14
PCT7941	ED	728	167	0	0	12	155	139	16
PCT7941	MV	728	236	1	0	23	212	198	14
PCT7942	ED	893	166	1	0	17	148	123	25
PCT7942	MV	893	286	0	0	24	262	241	21
PCT7943	ED	887	192	-3	0	11	184	156	28
PCT7943	MV	887	319	0	0	16	303	262	41
PCT7944	ED	769	201	-2	0	10	193	180	13
PCT7944	MV	769	235	-1	0	13	223	207	16
PCT7945	ED	897	118	-2	0	6	114	98	16
PCT7945	MV	897	294	-1	0	23	272	242	30
PCT7946	ED	909	134	1	0	14	119	97	22
PCT7946	MV	909	348	4	0	33	311	258	53
PCT7947	ED	894	128	-1	0	17	112	82	30
PCT7947	MV	894	327	-2	0	42	287	217	70
PCT7948	ED	900	165	0	0	13	152	129	23
PCT7948	MV	900	313	-2	0	36	279	224	55
PCT7949	ED	552	78	3	0	12	63	43	20
PCT7949	MV	552	224	0	0	17	207	167	40
PCT7951	ED	830	97	0	0	9	88	72	16
PCT7951	MV	830	341	-3	0	26	318	262	56
PCT7952	ED	823	100	0	0	12	88	60	28
PCT7952	MV	823	288	-4	0	14	278	239	39
PCT7953	ED	795	103	-4	0	10	97	79	18
PCT7953	MV	795	294	-2	0	32	264	209	55
PCT7955	ED	854	116	1	0	11	104	83	21
PCT7955	MV	854	320	-1	0	33	288	236	52
PCT7956	ED	779	101	2	0	18	81	69	12
PCT7956	MV	779	247	6	0	20	221	175	46
PCT7957	ED	623	97	1	0	11	85	66	19
PCT7957	MV	623	217	0	0	21	196	156	40
PCT7958	MV	263	104	-3	0	6	101	83	18
PCT7959	ED	695	110	-2	0	6	106	91	15
PCT7959	MV	695	190	2	0	11	177	152	25
PCT9001	MV	257	101	1	0	10	90	70	20
PCT9101	ED	833	190	-1	0	25	166	133	33
PCT9101	MV	833	323	-2	0	30	295	254	41
PCT9102	ED	950	182	-1	0	25	158	136	22
PCT9102	MV	950	335	1	0	26	308	265	43
PCT9103	ED	924	174	0	0	18	156	126	30
PCT9103	MV	924	302	-1	0	21	282	243	39
PCT9104	ED	937	176	0	0	25	151	121	30
PCT9104	MV	937	332	-2	0	30	304	256	48
PCT9105	ED	888	191	0	0	24	167	145	22
PCT9105	MV	888	339	-1	0	22	318	290	28
PCT9106	ED	907	213	1	0	23	189	154	35
PCT9106	MV	907	334	5	0	33	296	254	42
PCT9107	ED	806	164	0	0	15	149	127	22
PCT9107	MV	806	246	3	0	23	220	195	25
PCT9108	ED	761	185	1	0	20	164	145	19
PCT9108	MV	761	220	0	0	26	194	177	17
PCT9109	ED	848	205	-1	0	15	191	151	40
PCT9109	MV	848	285	1	1	24	259	220	39
PCT9111	ED	756	150	0	0	10	140	114	26
PCT9111	MV	756	226	-2	0	23	205	176	29
PCT9112	ED	918	211	0	0	14	197	172	25
PCT9112	MV	918	295	-1	0	20	276	251	25
PCT9113	ED	959	231	1	0	30	200	173	27
PCT9113	MV	959	351	0	0	29	322	293	29
PCT9114	ED	820	170	0	0	20	150	129	21
PCT9114	MV	820	273	0	0	28	245	215	30
PCT9115	ED	873	172	0	0	20	152	130	22
PCT9115	MV	873	287	0	0	27	260	235	25
PCT9116	ED	903	193	2	0	21	170	140	30
PCT9116	MV	903	314	1	0	25	288	254	34
PCT9117	ED	756	180	0	0	14	166	147	19
PCT9117	MV	756	285	1	0	19	265	230	35
PCT9118	ED	923	184	0	0	15	169	140	29
PCT9118	MV	923	268	-2	0	20	250	207	43
PCT9119	ED	856	152	-3	0	18	137	129	8
PCT9119	MV	856	323	-1	0	21	303	260	43
PCT9121	ED	890	188	0	0	17	171	146	25
PCT9121	MV	890	274	-1	0	31	244	204	40
PCT9122	ED	913	131	0	0	19	112	100	12
PCT9122	MV	913	292	-2	0	27	267	230	37
PCT9123	ED	829	175	0	0	12	163	132	31
PCT9123	MV	829	270	1	0	20	249	229	20
PCT9124	ED	832	150	0	0	13	137	120	17
PCT9124	MV	832	290	-1	0	39	252	212	40
PCT9125	ED	822	159	-2	0	12	149	128	21
PCT9125	MV	822	299	-5	0	27	277	240	37
PCT9126	ED	945	186	0	0	20	166	148	18
PCT9126	MV	945	350	1	0	40	309	258	51
PCT9127	ED	908	209	0	0	24	185	167	18
PCT9127	MV	908	315	-3	0	34	284	249	35
PCT9128	ED	805	188	0	0	23	165	148	17
PCT9128	MV	805	296	-2	0	35	263	220	43
PCT9129	ED	713	173	0	0	9	164	134	30
PCT9129	MV	713	225	0	0	25	200	173	27
PCT9131	ED	740	151	0	0	16	135	115	20
PCT9131	MV	740	274	-1	0	15	260	231	29
PCT9132	ED	827	167	0	0	22	145	123	22
PCT9132	MV	827	251	-1	0	22	230	198	32
PCT9133	ED	1007	188	0	0	15	173	153	20
PCT9133	MV	1007	388	1	1	36	350	303	47
PCT9134	ED	893	132	-2	0	13	121	107	14
PCT9134	MV	893	297	4	0	26	267	236	31
PCT9135	ED	778	149	0	0	12	137	103	34
PCT9135	MV	778	269	2	0	21	246	209	37
PCT9136	ED	894	191	0	0	15	176	152	24
PCT9136	MV	894	289	2	0	33	254	229	25
PCT9137	ED	946	201	-1	0	22	180	161	19
PCT9137	MV	946	323	2	0	32	289	238	51
PCT9138	ED	892	155	0	0	13	142	119	23
PCT9138	MV	892	323	-3	0	26	300	265	35
PCT9139	ED	912	163	-1	0	13	151	136	15
PCT9139	MV	912	356	1	0	27	328	273	55
PCT9141	ED	904	168	-1	0	15	154	130	24
PCT9141	MV	904	328	-1	0	31	298	257	41
PCT9142	ED	921	219	1	0	13	205	181	24
PCT9142	MV	921	288	0	0	31	257	215	42
PCT9143	ED	887	196	1	0	25	170	143	27
PCT9143	MV	887	315	-1	0	30	286	248	38
PCT9144	ED	931	221	1	0	12	208	175	33
PCT9144	MV	931	322	-2	0	29	295	245	50
PCT9145	ED	837	197	1	0	17	179	163	16
PCT9145	MV	837	282	0	0	19	263	230	33
PCT9146	ED	866	206	1	0	19	186	161	25
PCT9146	MV	866	297	2	0	33	262	238	24
PCT9147	ED	920	227	1	0	18	208	183	25
PCT9147	MV	920	318	-4	0	27	295	273	22
PCT9148	ED	946	226	-1	0	19	208	182	26
PCT9148	MV	946	322	3	0	27	292	256	36
PCT9149	ED	884	196	0	0	22	174	156	18
PCT9149	MV	884	296	3	0	28	265	242	23
PCT9151	ED	806	152	-1	0	16	137	118	19
PCT9151	MV	806	267	-1	0	25	243	211	32
PCT9152	ED	712	67	1	0	2	64	57	7
PCT9152	MV	712	138	2	0	12	124	117	7
PCT9201	ED	953	201	0	0	13	188	171	17
PCT9201	MV	953	229	3	0	18	208	183	25
PCT9202	ED	908	184	-1	0	15	170	140	30
PCT9202	MV	908	218	0	0	16	202	182	20
PCT9203	ED	968	145	0	0	17	128	104	24
PCT9203	MV	968	300	1	0	33	266	232	34
PCT9204	ED	809	147	1	0	21	125	102	23
PCT9204	MV	809	223	-2	0	12	213	183	30
PCT9205	ED	694	113	0	0	14	99	81	18
PCT9205	MV	694	201	1	0	24	176	154	22
PCT9206	ED	887	135	-2	0	19	118	103	15
PCT9206	MV	887	294	0	0	24	270	246	24
PCT9207	ED	913	148	0	0	13	135	113	22
PCT9207	MV	913	249	-2	0	15	236	207	29
PCT9208	ED	936	147	0	0	19	128	108	20
PCT9208	MV	936	240	-2	0	20	222	191	31
PCT9209	ED	675	121	-1	0	10	112	92	20
PCT9209	MV	675	188	-3	0	20	171	149	22
PCT9211	ED	834	130	0	0	12	118	102	16
PCT9211	MV	834	212	-1	0	22	191	165	26
PCT9212	ED	764	121	0	0	16	105	84	21
PCT9212	MV	764	205	0	0	29	176	149	27
PCT9213	ED	890	140	0	0	13	127	107	20
PCT9213	MV	890	260	1	0	22	237	204	33
PCT9214	ED	581	92	0	0	15	77	67	10
PCT9214	MV	581	203	2	0	20	181	159	22
PCT9215	ED	626	130	0	0	19	111	93	18
PCT9215	MV	626	170	2	0	11	157	144	13
PCT9216	ED	798	134	0	0	23	111	93	18
PCT9216	MV	798	206	2	0	18	186	162	24
PCT9217	ED	684	123	0	0	14	109	86	23
PCT9217	MV	684	187	0	0	16	171	139	32
PCT9218	ED	797	119	0	0	14	105	85	20
PCT9218	MV	797	225	-1	0	23	203	178	25
PCT9219	ED	733	146	0	0	17	129	112	17
PCT9219	MV	733	187	1	1	21	164	144	20
PCT9221	ED	641	121	0	0	10	111	92	19
PCT9221	MV	641	278	0	0	22	256	213	43
PCT9222	ED	842	139	0	0	13	126	118	8
PCT9222	MV	842	268	1	0	16	251	222	29
PCT9223	ED	606	88	2	0	8	78	64	14
PCT9223	MV	606	202	3	0	22	177	165	12
PCT9224	ED	912	171	2	0	10	159	133	26
PCT9224	MV	912	308	-1	0	23	286	246	40
PCT9225	ED	898	161	0	0	12	149	132	17
PCT9225	MV	898	243	0	0	16	227	202	25
PCT9226	ED	905	143	-1	0	15	129	110	19
PCT9226	MV	905	312	-2	0	31	283	250	33
PCT9227	ED	729	140	0	0	16	124	105	19
PCT9227	MV	729	304	2	0	28	274	247	27
PCT9228	ED	726	175	0	0	20	155	137	18
PCT9228	MV	726	277	1	0	24	252	224	28
PCT9229	ED	596	130	-1	0	13	118	101	17
PCT9229	MV	596	219	0	0	11	208	195	13
PCT9231	ED	919	221	0	0	22	199	176	23
PCT9231	MV	919	294	0	0	24	270	241	29
PCT9232	ED	701	151	2	0	18	131	118	13
PCT9232	MV	701	274	0	0	21	253	229	24
PCT9233	ED	774	139	0	0	23	116	94	22
PCT9233	MV	774	308	0	0	38	270	228	42
PCT9234	ED	731	131	-1	0	20	112	95	17
PCT9234	MV	731	281	-1	0	33	249	215	34
PCT9235	ED	842	174	1	0	30	143	132	11
PCT9235	MV	842	298	0	1	30	267	235	32
PCT9236	ED	658	130	0	0	19	111	92	19
PCT9236	MV	658	207	0	0	24	183	165	18
PCT9237	ED	880	145	0	0	17	128	104	24
PCT9237	MV	880	331	-1	0	29	303	267	36
PCT9238	ED	792	130	-2	0	24	108	99	9
PCT9238	MV	792	271	-1	1	25	246	225	21
PCT9239	ED	835	117	0	0	14	103	89	14
PCT9239	MV	835	318	-4	0	26	296	271	25
PCT9241	ED	961	158	1	0	13	144	131	13
PCT9241	MV	961	322	3	0	20	299	267	32
PCT9242	ED	940	154	1	0	20	133	107	26
PCT9242	MV	940	300	0	0	29	271	244	27
PCT9243	ED	572	135	0	0	15	120	109	11
PCT9243	MV	572	188	2	0	13	173	160	13
PCT9244	ED	880	149	1	0	17	131	121	10
PCT9244	MV	880	269	-2	0	30	241	215	26
PCT9245	ED	706	128	0	0	13	115	99	16
PCT9245	MV	706	226	2	0	20	204	181	23
PCT9246	ED	910	139	0	0	8	131	109	22
PCT9246	MV	910	299	0	0	31	268	229	39
PCT9247	ED	936	151	-1	0	12	140	116	24
PCT9247	MV	936	303	1	1	20	281	241	40
PCT9248	ED	898	181	0	0	19	162	145	17
PCT9248	MV	898	282	0	0	31	251	224	27
PCT9249	ED	910	187	1	0	32	154	122	32
PCT9249	MV	910	314	0	0	22	292	262	30
PCT9251	ED	946	204	-1	0	20	185	161	24
PCT9251	MV	946	342	0	0	27	315	283	32
PCT9252	ED	913	140	-1	0	14	127	111	16
PCT9252	MV	913	352	2	0	27	323	275	48
PCT9253	ED	751	138	2	0	22	114	99	15
PCT9253	MV	751	272	-1	0	30	243	207	36
PCT9254	ED	889	168	0	0	24	144	127	17
PCT9254	MV	889	318	-1	0	19	300	265	35
PCT9255	ED	545	126	0	0	15	111	98	13
PCT9255	MV	545	128	1	0	4	123	114	9
PCT9256	ED	433	77	0	0	7	70	65	5
PCT9256	MV	433	103	-2	0	8	97	89	8
PCT9257	MV	312	150	0	0	8	142	125	17
PCT9258	ED	699	127	0	0	10	117	103	14
PCT9258	MV	699	244	1	0	16	227	202	25
PCT9401	ED	970	194	0	0	18	176	157	19
PCT9401	MV	970	293	-1	0	26	268	241	27
PCT9402	ED	931	197	0	0	19	178	158	20
PCT9402	MV	931	307	0	0	23	284	252	32
PCT9403	ED	853	167	-1	0	20	148	123	25
PCT9403	MV	853	286	2	0	24	260	230	30
PCT9404	ED	889	153	0	0	14	139	127	12
PCT9404	MV	889	320	0	0	32	288	254	34
PCT9405	ED	757	160	-1	0	19	142	113	29
PCT9405	MV	757	245	0	0	24	221	195	26
PCT9406	ED	815	179	0	0	12	167	131	36
PCT9406	MV	815	277	2	0	24	251	222	29
PCT9407	ED	861	191	0	0	25	166	144	22
PCT9407	MV	861	284	-2	0	27	259	238	21
PCT9408	ED	837	187	1	0	21	165	143	22
PCT9408	MV	837	246	-4	0	22	228	202	26
PCT9409	ED	565	140	0	0	13	127	112	15
PCT9409	MV	565	170	0	0	23	147	129	18
PCT9411	ED	936	175	-1	0	20	156	137	19
PCT9411	MV	936	261	1	0	18	242	218	24
PCT9412	ED	843	164	0	0	6	158	134	24
PCT9412	MV	843	285	-1	0	27	259	213	46
PCT9413	ED	858	172	-1	0	19	154	127	27
PCT9413	MV	858	310	1	1	45	263	218	45
PCT9414	ED	862	159	1	0	24	134	107	27
PCT9414	MV	862	307	-2	0	26	283	238	45
PCT9415	ED	755	121	-3	0	11	113	92	21
PCT9415	MV	755	284	-3	0	34	253	216	37
PCT9416	ED	962	198	0	0	16	182	164	18
PCT9416	MV	962	316	-2	1	40	277	241	36
PCT9417	ED	714	117	1	0	11	105	84	21
PCT9417	MV	714	286	-3	0	36	253	206	47
PCT9418	ED	753	157	0	0	25	132	112	20
PCT9418	MV	753	269	-3	0	29	243	204	39
PCT9419	ED	893	167	-1	0	23	145	130	15
PCT9419	MV	893	326	2	0	25	299	261	38
PCT9421	ED	878	150	-1	0	23	128	106	22
PCT9421	MV	878	316	-1	0	28	289	245	44
PCT9422	ED	1010	200	1	0	19	180	146	34
PCT9422	MV	1010	358	-1	0	30	329	287	42
PCT9423	ED	853	147	0	0	13	134	114	20
PCT9423	MV	853	292	-3	0	36	259	221	38
PCT9424	ED	910	146	1	0	19	126	103	23
PCT9424	MV	910	331	0	0	22	309	268	41
PCT9425	ED	903	136	2	0	18	116	98	18
PCT9425	MV	903	313	0	1	35	277	236	41
PCT9426	ED	801	143	-1	0	15	129	96	33
PCT9426	MV	801	283	7	0	25	251	221	30
PCT9427	ED	889	129	0	0	13	116	97	19
PCT9427	MV	889	333	1	0	24	308	254	54
PCT9428	ED	892	122	-1	0	13	110	91	19
PCT9428	MV	892	346	-2	0	34	314	267	47
PCT9429	ED	866	173	0	0	19	154	120	34
PCT9429	MV	866	308	-1	0	20	289	240	49
PCT9431	ED	954	152	-1	0	15	138	121	17
PCT9431	MV	954	352	1	0	37	314	244	70
PCT9432	ED	901	155	0	0	19	136	120	16
PCT9432	MV	901	307	1	0	39	267	217	50
PCT9433	ED	912	155	0	0	21	134	103	31
PCT9433	MV	912	317	0	0	31	286	226	60
PCT9434	ED	963	188	-1	0	27	162	139	23
PCT9434	MV	963	349	-3	0	38	314	261	53
PCT9435	ED	934	195	0	0	16	179	149	30
PCT9435	MV	934	320	-4	0	49	275	243	32
PCT9436	ED	941	161	0	0	23	138	114	24
PCT9436	MV	941	337	-4	0	38	303	251	52
PCT9437	ED	873	170	0	0	20	150	125	25
PCT9437	MV	873	324	1	0	31	292	235	57
PCT9438	ED	918	129	1	0	13	115	99	16
PCT9438	MV	918	336	-1	0	37	300	237	63
PCT9439	ED	827	126	0	0	8	118	101	17
PCT9439	MV	827	314	-2	0	35	281	239	42
PCT9441	ED	939	205	-1	0	27	179	158	21
PCT9441	MV	939	337	-1	0	33	305	259	46
PCT9442	ED	970	200	2	0	13	185	161	24
PCT9442	MV	970	325	-2	1	32	294	245	49
PCT9443	ED	886	138	0	0	17	121	90	31
PCT9443	MV	886	304	0	0	26	278	232	46
PCT9444	ED	901	118	-3	0	13	108	91	17
PCT9444	MV	901	312	-1	0	28	285	231	54
PCT9445	ED	945	154	0	0	9	145	121	24
PCT9445	MV	945	342	-1	0	39	304	248	56
PCT9446	ED	1043	164	1	0	19	144	115	29
PCT9446	MV	1043	417	1	0	36	380	315	65
PCT9447	ED	891	171	1	0	19	151	117	34
PCT9447	MV	891	327	0	0	36	291	238	53
PCT9448	ED	877	159	0	0	15	144	124	20
PCT9448	MV	877	307	-4	0	35	276	236	40
PCT9449	ED	784	97	-1	0	10	88	72	16
PCT9449	MV	784	302	0	0	33	269	213	56
PCT9451	ED	414	57	0	0	7	50	40	10
PCT9451	MV	414	154	4	0	10	140	112	28
PCT9452	ED	799	175	0	0	14	161	130	31
PCT9452	MV	799	281	0	0	32	249	205	44
PCT9453	ED	488	90	0	1	8	81	68	13
PCT9453	MV	488	175	0	0	16	159	141	18
PCT9501	MV	149	71	-2	0	7	66	56	10
PCT9502	MV	233	116	-1	0	5	112	102	10
PCT9503	ED	725	128	0	0	19	109	84	25
PCT9503	MV	725	184	2	0	19	163	143	20
PCT9505	ED	756	147	0	0	26	121	101	20
PCT9505	MV	756	274	0	0	28	246	213	33
PCT9506	ED	771	134	0	0	15	119	98	21
PCT9506	MV	771	217	2	0	16	199	171	28
PCT9507	ED	733	170	0	0	17	153	140	13
PCT9507	MV	733	218	-1	0	17	202	185	17
PCT9508	ED	784	180	0	0	15	165	147	18
PCT9508	MV	784	258	-1	0	17	242	226	16
PCT9509	ED	719	165	-1	0	19	147	132	15
PCT9509	MV	719	239	-1	0	22	218	195	23
PCT9511	ED	600	147	-2	0	14	135	120	15
PCT9511	MV	600	177	0	0	16	161	146	15
PCT9512	ED	771	161	-1	0	13	149	128	21
PCT9512	MV	771	251	-4	0	12	243	220	23
PCT9513	ED	864	200	1	0	28	171	151	20
PCT9513	MV	864	261	3	0	15	243	219	24
PCT9514	ED	869	229	1	0	17	211	190	21
PCT9514	MV	869	257	-1	0	21	237	224	13
PCT9515	ED	685	159	0	0	9	150	131	19
PCT9515	MV	685	243	-2	0	17	228	207	21
PCT9516	ED	864	206	0	0	25	181	153	28
PCT9516	MV	864	269	1	0	18	250	216	34
PCT9517	ED	768	197	0	0	24	173	153	20
PCT9517	MV	768	235	1	0	18	216	195	21
PCT9518	ED	783	180	0	0	9	171	156	15
PCT9518	MV	783	242	-1	0	14	229	208	21
PCT9519	ED	850	217	0	0	30	187	166	21
PCT9519	MV	850	294	0	0	27	267	244	23
PCT9521	ED	893	254	0	0	23	231	209	22
PCT9521	MV	893	290	-2	0	15	277	266	11
PCT9701	ED	665	156	0	0	12	144	126	18
PCT9701	MV	665	235	-1	0	28	208	181	27
PCT9702	ED	710	194	0	0	15	179	168	11
PCT9702	MV	710	231	1	0	22	208	188	20
PCT9703	ED	931	182	-1	0	14	169	143	26
PCT9703	MV	931	373	3	0	28	342	292	50
PCT9704	ED	942	191	1	0	8	182	166	16
PCT9704	MV	942	354	-1	0	43	312	279	33
PCT9705	ED	879	208	0	0	14	194	174	20
PCT9705	MV	879	309	-1	0	21	289	261	28
PCT9706	MV	51	32	0	0	3	29	25	4
PCT9707	ED	799	121	0	0	8	113	94	19
PCT9707	MV	799	355	0	3	38	314	282	32
PCT9708	ED	919	193	1	0	19	173	152	21
PCT9708	MV	919	324	6	0	28	290	256	34
PCT9709	ED	998	196	0	0	25	171	145	26
PCT9709	MV	998	355	-3	0	34	324	289	35
PCT9711	ED	625	167	0	0	20	147	118	29
PCT9711	MV	625	254	-1	0	13	242	209	33
PCT9712	ED	651	134	-1	0	6	129	113	16
PCT9712	MV	651	288	1	0	22	265	230	35
PCT9713	ED	930	161	6	1	22	132	100	32
PCT9713	MV	930	362	0	0	35	327	267	60
PCT9714	ED	911	154	0	0	17	137	113	24
PCT9714	MV	911	367	-1	0	33	335	293	42
PCT9715	ED	566	162	0	0	13	149	139	10
PCT9715	MV	566	218	4	0	19	195	170	25
PCT9716	ED	928	198	-1	0	15	184	151	33
PCT9716	MV	928	368	5	0	30	333	287	46
PCT9717	ED	967	206	0	0	21	185	157	28
PCT9717	MV	967	371	-2	0	33	340	292	48
PCT9718	ED	843	183	-1	0	12	172	145	27
PCT9718	MV	843	385	2	0	33	350	299	51
PCT9719	ED	863	186	1	0	19	166	141	25
PCT9719	MV	863	389	2	0	33	354	302	52
PCT9721	ED	653	182	-1	0	19	164	135	29
PCT9721	MV	653	250	-1	0	20	231	205	26
PCT9722	ED	593	86	-1	0	7	80	68	12
PCT9722	MV	593	269	-3	0	26	246	215	31
PCT9723	ED	458	74	0	0	13	61	52	9
PCT9723	MV	458	198	1	1	16	180	147	33
PCT9724	ED	950	144	0	0	10	134	104	30
PCT9724	MV	950	386	-4	0	43	347	280	67
PCT9725	ED	941	118	-2	0	16	104	77	27
PCT9725	MV	941	350	-3	0	37	316	246	70
PCT9726	ED	685	83	0	0	10	73	64	9
PCT9726	MV	685	137	-5	0	11	131	108	23
PCT9727	ED	435	60	-1	0	6	55	43	12
PCT9727	MV	435	205	3	0	19	183	164	19
PCT9728	ED	906	204	-2	0	17	189	161	28
PCT9728	MV	906	378	-1	1	24	354	290	64
PCT9729	ED	782	161	1	0	9	151	129	22
PCT9729	MV	782	304	1	0	21	282	241	41
PCT9731	ED	529	138	0	0	8	130	106	24
PCT9731	MV	529	189	0	0	9	180	153	27
PCT9732	MV	73	43	0	0	3	40	38	2
PCT9733	MV	224	146	0	0	8	138	122	16
PCT9734	ED	577	122	-1	0	9	114	97	17
PCT9734	MV	577	261	-2	0	15	248	217	31
PCT9735	ED	782	167	1	0	22	144	118	26
PCT9735	MV	782	344	6	0	25	313	278	35
PCT9736	ED	699	145	0	0	16	129	106	23
PCT9736	MV	699	305	5	0	18	282	253	29
PCT9737	ED	792	175	0	0	12	163	148	15
PCT9737	MV	792	343	0	0	27	316	277	39
PCT9738	ED	830	99	0	0	14	85	73	12
PCT9738	MV	830	263	1	0	25	237	199	38
PCT9739	ED	826	126	0	0	12	114	101	13
PCT9739	MV	826	193	-2	0	18	177	155	22
PCT9741	ED	1022	19	0	0	2	17	15	2
PCT9741	MV	1022	24	0	0	2	22	22	0
PCT9742	ED	647	134	0	0	13	121	100	21
PCT9742	MV	647	187	3	0	20	164	133	31
PCT9743	ED	1093	172	0	0	21	151	116	35
PCT9743	MV	1093	317	1	1	30	285	239	46
PCT9744	ED	902	141	1	0	17	123	99	24
PCT9744	MV	902	234	2	0	26	206	164	42
PCT9745	ED	934	141	0	0	17	124	99	25
PCT9745	MV	934	205	2	0	22	181	155	26
PCT9746	ED	867	192	0	0	21	171	134	37
PCT9746	MV	867	334	0	0	24	310	266	44
PCT9747	ED	940	198	0	0	19	179	151	28
PCT9747	MV	940	323	-1	1	32	291	261	30
PCT9748	ED	913	164	1	0	10	153	129	24
PCT9748	MV	913	342	-3	0	28	317	280	37
PCT9749	ED	893	143	-2	0	18	127	104	23
PCT9749	MV	893	266	4	0	23	239	188	51
PCT9751	ED	977	157	-1	0	19	139	112	27
PCT9751	MV	977	384	-2	0	33	353	295	58
PCT9752	ED	692	143	0	0	15	128	111	17
PCT9752	MV	692	305	0	0	23	282	244	38
PCT9753	ED	735	148	-1	0	11	138	119	19
PCT9753	MV	735	266	-1	0	15	252	222	30
PCT9754	ED	701	169	0	0	9	160	147	13
PCT9754	MV	701	296	-2	0	28	270	241	29
PCT9755	ED	553	120	-1	0	7	114	98	16
PCT9755	MV	553	201	1	0	13	187	160	27
PCT9756	ED	908	126	0	0	24	102	79	23
PCT9756	MV	908	297	4	0	20	273	227	46
PCT9801	ED	399	76	-1	0	7	70	56	14
PCT9801	MV	399	148	2	0	11	135	114	21
CONG12	TO	426647	225360	-47	46	20975	204386	178050	26336
CONG14	TO	55344	28223	-9	7	2668	25557	21342	4215
ASSM17	TO	280269	147301	-16	32	13499	133786	117027	16759
ASSM19	TO	201722	106282	-40	21	10144	96157	82365	13792
BART7	TO	36166	15261	3	3	1631	13624	11125	2499
BART8	TO	215670	112119	-2	23	11253	100845	86040	14805
BART9	TO	230155	126203	-57	27	10759	115474	102227	13247
SUPV1	TO	40919	22431	-7	2	2083	20353	17629	2724
SUPV2	TO	48242	24389	9	4	2345	22031	19279	2752
SUPV3	TO	38273	18567	11	2	2199	16355	14139	2216
SUPV4	TO	41216	21994	-34	5	2251	19772	16669	3103
SUPV5	TO	52114	28694	-14	6	2594	26108	23374	2734
SUPV6	TO	41151	17498	7	5	1848	15638	13286	2352
SUPV7	TO	46301	26230	27	10	2257	23936	20551	3385
SUPV8	TO	56415	36015	-19	7	2827	33200	30032	3168
SUPV9	TO	41665	22565	-32	6	1646	20945	18492	2453
SUPV10	TO	39848	17900	7	3	1881	16009	13117	2892
SUPV11	TO	35847	17300	-11	3	1712	15596	12824	2772
NEIG1	TO	19131	7881	16	2	965	6898	5350	1548
NEIG2	TO	16742	8038	5	1	1018	7014	6070	944
NEIG3	TO	27631	12231	-9	4	1446	10790	9146	1644
NEIG4	TO	6857	4487	-5	0	382	4110	3652	458
NEIG5	TO	26541	12895	-7	1	1207	11694	9583	2111
NEIG6	TO	14552	8410	-3	1	647	7765	7080	685
NEIG7	TO	11506	5461	3	2	608	4848	4009	839
NEIG8	TO	9393	5438	-2	0	487	4953	4467	486
NEIG9	TO	8641	3424	-8	2	362	3068	2515	553
NEIG10	TO	9744	5037	6	0	466	4565	4041	524
NEIG11	TO	38757	19070	-5	4	1819	17252	15083	2169
NEIG12	TO	30096	16088	-15	5	1198	14900	13347	1553
NEIG13	TO	16415	10584	-10	5	805	9784	8851	933
NEIG14	TO	8622	5494	-1	2	352	5141	4720	421
NEIG15	TO	6827	3580	17	0	368	3195	2763	432
NEIG26	TO	8914	4445	-2	0	446	4001	3214	787
NEIG16	TO	15511	7917	-4	1	639	7281	6505	776
NEIG17	TO	35688	19724	-18	2	1829	17911	15470	2441
NEIG18	TO	7813	4593	8	1	473	4111	3615	496
NEIG19	TO	9230	5452	-12	0	397	5067	4552	515
NEIG20	TO	23278	10026	-5	2	998	9031	7744	1287
NEIG21	TO	40651	21684	-34	5	2215	19498	16428	3070
NEIG22	TO	18424	12111	-2	1	908	11204	10182	1022
NEIG23	TO	7867	3226	0	0	381	2845	2155	690
NEIG24	TO	33960	20797	29	8	1715	19045	16482	2563
NEIG25	TO	29200	15490	2	4	1512	13972	12368	1604
