area_id	subtotal_type	RSReg	RSCst	RSRej	RSOvr	RSUnd	RSTot	038:Yes	039:No
ALL	TO	481991	253583	-56	147	17208	236284	120199	116085
ALL	ED	481991	89756	-87	34	6558	83251	45230	38021
ALL	MV	481991	163827	31	113	10650	153033	74969	78064
PCT1101	ED	544	83	-1	0	2	82	44	38
PCT1101	MV	544	198	1	0	2	195	109	86
PCT1102	ED	964	188	1	0	11	176	88	88
PCT1102	MV	964	337	-2	0	17	322	145	177
PCT1103	ED	914	163	0	2	6	155	81	74
PCT1103	MV	914	348	0	1	15	332	154	178
PCT1104	ED	953	167	0	0	12	155	87	68
PCT1104	MV	953	292	1	0	13	278	165	113
PCT1106	ED	740	113	0	0	5	108	52	56
PCT1106	MV	740	231	-1	0	11	221	110	111
PCT1107	ED	721	101	0	0	9	92	58	34
PCT1107	MV	721	240	1	0	16	223	98	125
PCT1108	ED	882	156	0	0	20	136	79	57
PCT1108	MV	882	328	1	1	21	305	151	154
PCT1109	ED	758	124	-3	0	14	113	63	50
PCT1109	MV	758	265	3	0	22	240	123	117
PCT1111	ED	938	132	-2	0	13	121	72	49
PCT1111	MV	938	330	5	1	16	308	158	150
PCT1112	ED	702	96	2	1	5	88	54	34
PCT1112	MV	702	221	0	0	8	213	108	105
PCT1113	ED	701	82	-1	0	8	75	47	28
PCT1113	MV	701	272	0	1	26	245	129	116
PCT1114	ED	915	139	0	0	14	125	75	50
PCT1114	MV	915	280	1	1	13	265	137	128
PCT1115	ED	835	97	0	0	8	89	57	32
PCT1115	MV	835	279	-1	0	27	253	132	121
PCT1116	ED	842	141	-1	0	22	120	64	56
PCT1116	MV	842	275	0	0	21	254	145	109
PCT1117	ED	827	138	-1	0	17	122	66	56
PCT1117	MV	827	240	0	1	15	224	124	100
PCT1118	ED	974	158	2	0	13	143	78	65
PCT1118	MV	974	335	2	1	22	310	167	143
PCT1119	ED	745	97	-1	0	10	88	60	28
PCT1119	MV	745	274	-1	0	16	259	153	106
PCT1121	ED	653	104	0	0	7	97	43	54
PCT1121	MV	653	221	1	0	14	206	115	91
PCT1122	ED	607	69	0	0	8	61	39	22
PCT1122	MV	607	213	-1	0	14	200	84	116
PCT1123	ED	876	118	-1	1	10	108	60	48
PCT1123	MV	876	254	-2	0	9	247	130	117
PCT1124	ED	773	109	0	0	16	93	55	38
PCT1124	MV	773	200	-1	0	12	189	85	104
PCT1125	ED	987	80	-2	0	11	71	49	22
PCT1125	MV	987	329	-4	0	28	305	171	134
PCT1126	ED	900	92	-1	0	9	84	51	33
PCT1126	MV	900	292	-1	0	28	265	158	107
PCT1127	ED	875	141	-1	0	19	123	70	53
PCT1127	MV	875	277	-1	0	12	266	140	126
PCT1128	ED	813	104	0	0	1	103	58	45
PCT1128	MV	813	246	-1	1	15	231	112	119
PCT1129	ED	924	120	0	0	10	110	58	52
PCT1129	MV	924	274	2	0	11	261	139	122
PCT1131	ED	783	85	0	0	8	77	46	31
PCT1131	MV	783	288	0	0	24	264	132	132
PCT1132	ED	910	112	0	0	11	101	58	43
PCT1132	MV	910	324	-3	0	17	310	166	144
PCT1133	ED	826	99	0	0	8	91	50	41
PCT1133	MV	826	292	-2	0	13	281	146	135
PCT1134	ED	727	126	0	1	10	115	79	36
PCT1134	MV	727	241	-1	0	21	221	112	109
PCT1135	ED	511	71	-1	0	7	65	41	24
PCT1135	MV	511	217	2	1	19	195	98	97
PCT1136	ED	807	97	0	0	9	88	42	46
PCT1136	MV	807	287	1	0	11	275	143	132
PCT1141	ED	998	149	1	0	16	132	73	59
PCT1141	MV	998	368	0	0	18	350	201	149
PCT1142	ED	822	120	0	0	10	110	62	48
PCT1142	MV	822	266	0	0	15	251	139	112
PCT1143	ED	989	147	1	0	8	138	90	48
PCT1143	MV	989	311	2	0	28	281	165	116
PCT1144	ED	870	148	-2	0	5	145	86	59
PCT1144	MV	870	264	-1	0	17	248	137	111
PCT1145	ED	879	136	1	0	11	124	79	45
PCT1145	MV	879	370	-2	0	19	353	190	163
PCT1146	ED	971	124	0	0	8	116	66	50
PCT1146	MV	971	326	-1	0	21	306	172	134
PCT1147	ED	853	166	2	0	12	152	92	60
PCT1147	MV	853	279	1	0	15	263	151	112
PCT1148	ED	918	121	0	0	10	111	57	54
PCT1148	MV	918	314	0	0	27	287	142	145
PCT1149	ED	873	148	-2	0	7	143	91	52
PCT1149	MV	873	285	1	0	21	263	127	136
PCT1152	ED	838	125	-2	0	7	120	76	44
PCT1152	MV	838	286	0	0	17	269	142	127
PCT1153	ED	909	139	0	0	12	127	67	60
PCT1153	MV	909	306	2	0	16	288	168	120
PCT7001	ED	735	119	-1	0	8	112	65	47
PCT7001	MV	735	266	2	0	18	246	110	136
PCT7002	ED	641	132	0	0	7	125	73	52
PCT7002	MV	641	173	1	0	5	167	78	89
PCT7003	ED	864	188	0	0	13	175	90	85
PCT7003	MV	864	340	0	2	22	316	150	166
PCT7004	ED	835	175	0	0	8	167	82	85
PCT7004	MV	835	306	-1	1	9	297	154	143
PCT7005	ED	812	180	1	0	13	166	109	57
PCT7005	MV	812	295	1	0	10	284	137	147
PCT7006	ED	884	213	1	0	10	202	141	61
PCT7006	MV	884	290	-2	1	16	275	154	121
PCT7007	ED	916	233	-2	0	10	225	132	93
PCT7007	MV	916	323	-1	0	21	303	146	157
PCT7008	ED	861	187	0	0	9	178	94	84
PCT7008	MV	861	345	1	0	27	317	142	175
PCT7009	ED	864	133	-1	0	14	120	68	52
PCT7009	MV	864	312	-1	0	17	296	172	124
PCT7011	ED	976	141	0	0	22	119	73	46
PCT7011	MV	976	205	0	0	13	192	97	95
PCT7012	ED	1061	224	0	0	12	212	118	94
PCT7012	MV	1061	383	1	0	20	362	189	173
PCT7013	ED	805	132	0	0	7	125	69	56
PCT7013	MV	805	251	-2	0	8	245	119	126
PCT7014	ED	1213	188	-3	0	7	184	92	92
PCT7014	MV	1213	434	-1	0	21	414	205	209
PCT7015	MV	93	34	1	0	1	32	24	8
PCT7016	ED	891	112	0	0	18	94	58	36
PCT7016	MV	891	221	-1	0	19	203	91	112
PCT7017	ED	734	79	0	0	20	59	30	29
PCT7017	MV	734	167	-1	0	19	149	77	72
PCT7018	ED	908	88	-2	0	7	83	53	30
PCT7018	MV	908	343	2	0	25	316	181	135
PCT7019	ED	864	111	2	0	13	96	60	36
PCT7019	MV	864	349	-1	0	30	320	160	160
PCT7021	ED	927	129	1	0	17	111	69	42
PCT7021	MV	927	220	-3	0	18	205	120	85
PCT7022	ED	923	164	0	0	21	143	82	61
PCT7022	MV	923	270	3	1	23	243	129	114
PCT7023	ED	906	131	1	0	20	110	63	47
PCT7023	MV	906	301	-4	0	26	279	146	133
PCT7024	ED	386	30	0	0	6	24	14	10
PCT7024	MV	386	47	0	0	2	45	30	15
PCT7025	ED	448	66	2	0	9	55	33	22
PCT7025	MV	448	78	1	0	5	72	40	32
PCT7026	ED	971	90	0	0	15	75	39	36
PCT7026	MV	971	350	4	0	23	323	146	177
PCT7027	ED	845	136	-1	0	23	114	61	53
PCT7027	MV	845	271	2	1	23	245	132	113
PCT7028	ED	835	157	0	0	18	139	81	58
PCT7028	MV	835	180	-2	0	18	164	88	76
PCT7029	ED	855	115	0	0	13	102	53	49
PCT7029	MV	855	166	1	1	13	151	90	61
PCT7030	ED	729	94	-2	0	6	90	42	48
PCT7030	MV	729	277	3	0	19	255	137	118
PCT7031	ED	611	50	0	0	5	45	22	23
PCT7031	MV	611	224	3	0	19	202	115	87
PCT7032	ED	867	126	-1	0	27	100	62	38
PCT7032	MV	867	238	1	0	27	210	112	98
PCT7033	ED	765	135	0	0	22	113	66	47
PCT7033	MV	765	181	-1	0	19	163	89	74
PCT7034	ED	914	97	0	0	9	88	41	47
PCT7034	MV	914	154	1	0	21	132	73	59
PCT7035	ED	553	73	0	0	6	67	33	34
PCT7035	MV	553	170	0	0	12	158	75	83
PCT7036	ED	898	52	0	0	2	50	18	32
PCT7036	MV	898	265	0	0	22	243	136	107
PCT7037	ED	730	73	-1	1	14	59	43	16
PCT7037	MV	730	64	3	0	7	54	25	29
PCT7038	ED	880	84	0	0	14	70	39	31
PCT7038	MV	880	255	-1	0	24	232	115	117
PCT7039	ED	768	111	-1	0	10	102	53	49
PCT7039	MV	768	225	1	0	23	201	94	107
PCT7041	MV	60	24	0	0	0	24	11	13
PCT7042	ED	632	75	0	0	7	68	44	24
PCT7042	MV	632	191	2	1	20	168	92	76
PCT7043	ED	915	97	1	0	17	79	50	29
PCT7043	MV	915	282	2	0	18	262	161	101
PCT7044	ED	805	86	-1	0	17	70	33	37
PCT7044	MV	805	125	-1	0	11	115	51	64
PCT7045	ED	763	87	-1	0	11	77	46	31
PCT7045	MV	763	282	1	0	25	256	117	139
PCT7046	ED	385	54	0	0	3	51	26	25
PCT7046	MV	385	136	0	0	8	128	60	68
PCT7047	ED	781	68	-1	0	2	67	33	34
PCT7047	MV	781	298	1	0	18	279	141	138
PCT7048	ED	815	94	0	0	13	81	34	47
PCT7048	MV	815	248	-1	0	25	224	134	90
PCT7049	ED	751	108	0	0	14	94	46	48
PCT7049	MV	751	241	0	1	21	219	104	115
PCT7051	ED	839	70	-2	0	11	61	33	28
PCT7051	MV	839	302	2	0	23	277	130	147
PCT7052	ED	806	120	-1	0	7	114	57	57
PCT7052	MV	806	278	2	0	21	255	113	142
PCT7053	ED	548	44	0	0	5	39	23	16
PCT7053	MV	548	205	1	1	20	183	81	102
PCT7054	ED	1024	141	3	1	5	132	78	54
PCT7054	MV	1024	275	1	0	19	255	130	125
PCT7055	ED	699	83	-3	0	13	73	43	30
PCT7055	MV	699	256	-1	0	19	238	125	113
PCT7101	MV	141	83	0	0	10	73	49	24
PCT7201	ED	900	147	2	0	14	131	42	89
PCT7201	MV	900	333	-1	0	19	315	155	160
PCT7202	ED	830	138	0	0	9	129	53	76
PCT7202	MV	830	271	0	1	20	250	91	159
PCT7203	ED	867	174	-1	0	19	156	65	91
PCT7203	MV	867	243	3	0	13	227	103	124
PCT7204	ED	888	157	0	0	12	145	64	81
PCT7204	MV	888	340	-4	1	18	325	123	202
PCT7205	ED	847	183	0	1	5	177	78	99
PCT7205	MV	847	309	3	1	14	291	104	187
PCT7206	ED	375	88	0	0	5	83	44	39
PCT7206	MV	375	124	0	0	10	114	44	70
PCT7207	ED	744	119	-1	0	15	105	56	49
PCT7207	MV	744	231	0	1	17	213	83	130
PCT7208	ED	567	76	0	0	7	69	42	27
PCT7208	MV	567	206	0	0	17	189	80	109
PCT7209	ED	586	69	0	0	6	63	24	39
PCT7209	MV	586	326	1	1	24	300	94	206
PCT7301	ED	1002	150	0	0	19	131	67	64
PCT7301	MV	1002	299	2	0	27	270	151	119
PCT7302	ED	806	121	0	0	17	104	51	53
PCT7302	MV	806	352	3	0	19	330	155	175
PCT7303	ED	986	167	-2	0	15	154	79	75
PCT7303	MV	986	318	4	0	26	288	125	163
PCT7304	ED	972	203	0	0	11	192	97	95
PCT7304	MV	972	330	2	0	25	303	144	159
PCT7305	ED	851	171	-1	0	13	159	75	84
PCT7305	MV	851	306	1	0	13	292	118	174
PCT7306	ED	1014	179	0	0	16	163	79	84
PCT7306	MV	1014	302	2	0	24	276	108	168
PCT7307	ED	726	143	0	0	14	129	65	64
PCT7307	MV	726	226	5	1	20	200	93	107
PCT7308	ED	598	133	0	0	4	129	57	72
PCT7308	MV	598	204	1	0	13	190	79	111
PCT7309	ED	826	160	1	0	13	146	78	68
PCT7309	MV	826	209	2	0	14	193	90	103
PCT7311	ED	901	175	0	0	12	163	84	79
PCT7311	MV	901	266	1	0	18	247	113	134
PCT7312	ED	810	128	-1	0	7	122	47	75
PCT7312	MV	810	332	4	0	26	302	116	186
PCT7313	ED	925	135	1	0	10	124	68	56
PCT7313	MV	925	315	-1	0	21	295	133	162
PCT7314	ED	760	92	0	0	14	78	44	34
PCT7314	MV	760	213	0	0	9	204	135	69
PCT7315	ED	725	119	0	0	12	107	66	41
PCT7315	MV	725	178	2	0	7	169	81	88
PCT7316	ED	824	122	0	0	11	111	68	43
PCT7316	MV	824	266	0	1	21	244	117	127
PCT7317	ED	886	117	0	0	5	112	59	53
PCT7317	MV	886	340	2	0	23	315	141	174
PCT7318	ED	709	123	0	0	14	109	60	49
PCT7318	MV	709	243	-3	1	24	221	124	97
PCT7319	ED	1035	182	0	0	18	164	77	87
PCT7319	MV	1035	296	0	0	32	264	121	143
PCT7321	ED	644	100	0	0	11	89	50	39
PCT7321	MV	644	211	3	0	17	191	84	107
PCT7322	ED	859	60	0	0	10	50	37	13
PCT7322	MV	859	304	-4	1	34	273	179	94
PCT7323	ED	881	146	2	0	12	132	60	72
PCT7323	MV	881	273	0	0	21	252	125	127
PCT7324	ED	687	125	0	0	11	114	57	57
PCT7324	MV	687	198	-3	0	23	178	87	91
PCT7325	ED	870	150	0	0	14	136	71	65
PCT7325	MV	870	276	-1	0	23	254	112	142
PCT7326	ED	853	150	0	0	18	132	62	70
PCT7326	MV	853	256	1	0	18	237	109	128
PCT7327	ED	684	62	0	0	13	49	30	19
PCT7327	MV	684	277	-3	0	29	251	148	103
PCT7328	ED	950	70	0	0	11	59	30	29
PCT7328	MV	950	391	-1	2	37	353	220	133
PCT7329	ED	610	71	-1	0	5	67	21	46
PCT7329	MV	610	205	-1	0	20	186	79	107
PCT7331	ED	860	130	0	0	11	119	45	74
PCT7331	MV	860	357	-3	0	23	337	132	205
PCT7332	ED	799	154	0	0	12	142	87	55
PCT7332	MV	799	209	0	0	18	191	118	73
PCT7333	ED	974	174	0	0	15	159	82	77
PCT7333	MV	974	323	3	0	23	297	143	154
PCT7334	ED	854	113	0	0	9	104	47	57
PCT7334	MV	854	275	0	0	23	252	133	119
PCT7335	ED	936	144	0	0	10	134	70	64
PCT7335	MV	936	354	-2	0	32	324	138	186
PCT7336	ED	920	155	0	0	10	145	74	71
PCT7336	MV	920	324	0	0	29	295	108	187
PCT7337	ED	825	115	-1	0	10	106	47	59
PCT7337	MV	825	305	2	0	20	283	117	166
PCT7338	ED	884	100	1	0	15	84	50	34
PCT7338	MV	884	364	-7	0	44	327	172	155
PCT7339	ED	618	111	-1	0	7	105	48	57
PCT7339	MV	618	181	-1	0	15	167	86	81
PCT7341	ED	877	124	-1	0	10	115	67	48
PCT7341	MV	877	246	-1	0	19	228	128	100
PCT7342	ED	911	234	2	0	15	217	138	79
PCT7342	MV	911	251	0	0	14	237	113	124
PCT7343	ED	707	144	0	0	8	136	87	49
PCT7343	MV	707	186	1	0	8	177	107	70
PCT7344	ED	1039	179	-1	0	12	168	96	72
PCT7344	MV	1039	334	-2	0	11	325	164	161
PCT7345	ED	1077	183	0	0	9	174	93	81
PCT7345	MV	1077	283	2	0	25	256	123	133
PCT7346	ED	877	168	1	0	16	151	99	52
PCT7346	MV	877	221	-1	0	21	201	103	98
PCT7347	ED	968	137	0	0	5	132	86	46
PCT7347	MV	968	279	-1	0	8	272	175	97
PCT7348	ED	832	139	-1	0	10	130	77	53
PCT7348	MV	832	202	3	0	14	185	106	79
PCT7349	ED	921	147	-1	0	11	137	81	56
PCT7349	MV	921	282	3	1	24	254	152	102
PCT7501	ED	554	118	-1	0	10	109	36	73
PCT7501	MV	554	168	0	1	11	156	61	95
PCT7502	ED	741	113	1	0	11	101	54	47
PCT7502	MV	741	349	-8	0	18	339	164	175
PCT7503	ED	727	132	0	0	20	112	60	52
PCT7503	MV	727	226	-1	0	19	208	102	106
PCT7504	ED	484	76	0	0	9	67	36	31
PCT7504	MV	484	158	4	1	8	145	72	73
PCT7505	ED	871	131	0	0	15	116	42	74
PCT7505	MV	871	417	1	3	42	371	148	223
PCT7506	ED	920	133	-1	0	14	120	67	53
PCT7506	MV	920	252	0	0	26	226	113	113
PCT7507	ED	919	158	-2	0	23	137	81	56
PCT7507	MV	919	255	4	1	21	229	147	82
PCT7508	ED	702	106	0	0	14	92	46	46
PCT7508	MV	702	340	-1	0	33	308	149	159
PCT7509	ED	909	171	-2	0	9	164	85	79
PCT7509	MV	909	319	1	1	23	294	152	142
PCT7512	ED	604	96	-1	0	13	84	44	40
PCT7512	MV	604	196	3	0	17	176	95	81
PCT7513	ED	790	142	-2	0	13	131	76	55
PCT7513	MV	790	208	2	0	20	186	115	71
PCT7514	ED	863	95	-3	0	19	79	51	28
PCT7514	MV	863	235	1	0	34	200	118	82
PCT7515	ED	845	150	0	0	13	137	88	49
PCT7515	MV	845	289	3	0	25	261	138	123
PCT7516	ED	886	145	0	0	11	134	75	59
PCT7516	MV	886	378	-3	0	27	354	180	174
PCT7517	ED	863	228	-1	0	15	214	140	74
PCT7517	MV	863	251	-2	0	18	235	148	87
PCT7518	ED	939	235	0	0	10	225	151	74
PCT7518	MV	939	298	-1	0	18	281	163	118
PCT7519	ED	726	179	0	0	2	177	122	55
PCT7519	MV	726	185	0	1	11	173	99	74
PCT7521	ED	802	211	1	0	16	194	121	73
PCT7521	MV	802	215	-1	0	19	197	118	79
PCT7522	ED	743	175	-1	0	12	164	103	61
PCT7522	MV	743	240	0	0	27	213	121	92
PCT7523	ED	737	208	0	0	11	197	139	58
PCT7523	MV	737	223	-3	1	22	203	122	81
PCT7524	ED	646	143	3	0	12	128	67	61
PCT7524	MV	646	165	2	0	18	145	90	55
PCT7525	ED	779	145	-1	0	18	128	80	48
PCT7525	MV	779	214	1	0	17	196	113	83
PCT7526	ED	947	197	1	0	13	183	100	83
PCT7526	MV	947	313	3	0	14	296	151	145
PCT7527	ED	729	162	-2	0	17	147	98	49
PCT7527	MV	729	237	1	0	20	216	117	99
PCT7529	ED	925	214	0	0	16	198	136	62
PCT7529	MV	925	300	1	0	24	275	159	116
PCT7531	ED	847	179	-1	0	11	169	106	63
PCT7531	MV	847	263	2	1	17	243	144	99
PCT7532	ED	823	172	1	0	11	160	89	71
PCT7532	MV	823	226	1	0	11	214	94	120
PCT7533	ED	951	268	-1	0	13	256	168	88
PCT7533	MV	951	297	1	0	13	283	165	118
PCT7534	ED	883	241	0	0	18	223	139	84
PCT7534	MV	883	240	0	1	10	229	125	104
PCT7535	ED	743	201	0	0	14	187	121	66
PCT7535	MV	743	251	-1	0	10	242	150	92
PCT7536	ED	856	206	-1	0	17	190	110	80
PCT7536	MV	856	279	-2	0	20	261	139	122
PCT7537	ED	734	187	0	0	8	179	120	59
PCT7537	MV	734	225	2	0	15	208	121	87
PCT7538	ED	757	223	0	0	7	216	130	86
PCT7538	MV	757	256	-2	0	19	239	135	104
PCT7539	ED	884	250	2	0	18	230	167	63
PCT7539	MV	884	286	-3	1	18	270	152	118
PCT7541	ED	791	215	0	0	21	194	125	69
PCT7541	MV	791	245	0	0	16	229	117	112
PCT7542	ED	787	183	-1	0	9	175	111	64
PCT7542	MV	787	247	-3	0	15	235	138	97
PCT7543	ED	910	187	2	0	18	167	106	61
PCT7543	MV	910	332	1	0	12	319	178	141
PCT7544	ED	877	186	0	0	9	177	112	65
PCT7544	MV	877	331	-2	0	23	310	168	142
PCT7545	ED	877	179	0	0	7	172	97	75
PCT7545	MV	877	291	-1	0	16	276	131	145
PCT7546	ED	913	219	0	0	19	200	117	83
PCT7546	MV	913	310	2	0	15	293	178	115
PCT7547	ED	987	244	-2	0	16	230	162	68
PCT7547	MV	987	322	6	0	22	294	168	126
PCT7548	ED	1054	236	-1	0	10	227	131	96
PCT7548	MV	1054	345	2	1	13	329	195	134
PCT7549	ED	785	165	-1	0	11	155	100	55
PCT7549	MV	785	281	3	0	24	254	150	104
PCT7551	ED	705	199	0	0	12	187	100	87
PCT7551	MV	705	240	-2	0	21	221	115	106
PCT7552	ED	718	191	0	0	7	184	107	77
PCT7552	MV	718	232	-2	0	14	220	113	107
PCT7553	MV	171	87	0	0	6	81	45	36
PCT7554	ED	785	179	-1	0	13	167	91	76
PCT7554	MV	785	323	0	0	17	306	149	157
PCT7555	ED	847	242	0	0	18	224	122	102
PCT7555	MV	847	304	2	0	16	286	132	154
PCT7556	ED	961	223	-1	0	15	209	99	110
PCT7556	MV	961	422	0	0	21	401	172	229
PCT7601	ED	744	128	-4	0	17	115	69	46
PCT7601	MV	744	185	6	0	14	165	100	65
PCT7602	ED	880	147	0	0	13	134	89	45
PCT7602	MV	880	243	-1	1	19	224	132	92
PCT7603	ED	826	152	-1	1	13	139	86	53
PCT7603	MV	826	215	-1	0	17	199	118	81
PCT7604	ED	906	133	0	0	10	123	72	51
PCT7604	MV	906	233	0	0	17	216	123	93
PCT7605	ED	651	77	0	0	11	66	40	26
PCT7605	MV	651	155	1	0	15	139	96	43
PCT7606	ED	895	127	2	0	13	112	72	40
PCT7606	MV	895	212	1	0	13	198	123	75
PCT7607	ED	955	120	0	0	12	108	76	32
PCT7607	MV	955	265	-3	1	17	250	140	110
PCT7608	ED	388	46	0	0	5	41	22	19
PCT7608	MV	388	119	0	1	9	109	74	35
PCT7609	ED	916	101	1	0	18	82	55	27
PCT7609	MV	916	297	1	1	46	249	169	80
PCT7611	ED	756	76	0	0	11	65	41	24
PCT7611	MV	756	204	2	0	29	173	117	56
PCT7612	ED	574	76	2	0	10	64	27	37
PCT7612	MV	574	210	1	0	24	185	96	89
PCT7613	ED	887	140	-1	0	16	125	84	41
PCT7613	MV	887	215	0	0	19	196	124	72
PCT7614	ED	1015	123	-3	0	14	112	73	39
PCT7614	MV	1015	238	1	1	14	222	128	94
PCT7615	ED	832	108	0	0	19	89	53	36
PCT7615	MV	832	170	0	0	20	150	98	52
PCT7616	ED	951	129	1	0	12	116	55	61
PCT7616	MV	951	331	-1	0	19	313	145	168
PCT7617	ED	751	84	0	0	14	70	45	25
PCT7617	MV	751	223	-2	0	25	200	109	91
PCT7618	ED	866	123	0	0	14	109	72	37
PCT7618	MV	866	272	2	0	19	251	124	127
PCT7619	ED	993	154	-1	0	9	146	93	53
PCT7619	MV	993	308	-3	0	31	280	160	120
PCT7621	ED	1132	163	-1	0	6	158	92	66
PCT7621	MV	1132	346	3	0	23	320	175	145
PCT7622	ED	964	99	1	0	8	90	59	31
PCT7622	MV	964	193	-2	1	13	181	115	66
PCT7623	ED	712	122	0	0	13	109	64	45
PCT7623	MV	712	196	1	1	13	181	103	78
PCT7624	ED	905	104	-1	0	17	88	47	41
PCT7624	MV	905	195	2	0	18	175	106	69
PCT7625	ED	821	73	0	0	19	54	26	28
PCT7625	MV	821	415	1	0	56	358	206	152
PCT7626	ED	1081	128	1	0	9	118	57	61
PCT7626	MV	1081	361	0	0	30	331	121	210
PCT7627	ED	1075	116	0	0	7	109	49	60
PCT7627	MV	1075	319	-3	0	25	297	90	207
PCT7628	ED	906	156	0	0	12	144	87	57
PCT7628	MV	906	267	1	0	18	248	126	122
PCT7629	ED	805	108	0	0	6	102	64	38
PCT7629	MV	805	206	1	0	13	192	93	99
PCT7631	ED	1085	146	0	0	11	135	67	68
PCT7631	MV	1085	339	3	0	23	313	134	179
PCT7632	ED	965	167	0	0	11	156	83	73
PCT7632	MV	965	286	0	0	13	273	139	134
PCT7633	ED	702	90	0	0	5	85	35	50
PCT7633	MV	702	253	-1	0	34	220	113	107
PCT7634	ED	859	120	1	0	14	105	51	54
PCT7634	MV	859	291	0	0	22	269	153	116
PCT7635	ED	782	89	1	0	9	79	45	34
PCT7635	MV	782	242	1	0	13	228	118	110
PCT7636	ED	920	134	-1	0	13	122	45	77
PCT7636	MV	920	251	-2	0	12	241	94	147
PCT7637	ED	732	89	-1	1	6	83	36	47
PCT7637	MV	732	249	0	0	11	238	90	148
PCT7638	ED	1365	129	-2	0	9	122	47	75
PCT7638	MV	1365	492	0	0	24	468	154	314
PCT7639	ED	962	110	0	0	12	98	42	56
PCT7639	MV	962	319	-1	0	21	299	97	202
PCT7641	ED	931	114	0	0	8	106	38	68
PCT7641	MV	931	374	0	0	28	346	141	205
PCT7642	ED	909	84	0	0	7	77	37	40
PCT7642	MV	909	268	-1	0	55	214	92	122
PCT7643	ED	871	99	3	0	13	83	44	39
PCT7643	MV	871	355	2	0	20	333	176	157
PCT7644	ED	1082	156	-3	0	6	153	81	72
PCT7644	MV	1082	291	1	0	23	267	149	118
PCT7645	ED	631	63	0	0	6	57	21	36
PCT7645	MV	631	241	-1	0	14	228	76	152
PCT7646	ED	1035	110	0	0	8	102	54	48
PCT7646	MV	1035	326	1	0	14	311	124	187
PCT7647	ED	1027	107	0	0	12	95	54	41
PCT7647	MV	1027	185	-1	0	11	175	109	66
PCT7648	MV	2	0	0	0	0	0	0	0
PCT7649	ED	877	97	1	0	10	86	49	37
PCT7649	MV	877	234	1	1	22	210	121	89
PCT7651	ED	555	48	0	0	1	47	16	31
PCT7651	MV	555	155	0	0	3	152	58	94
PCT7652	ED	580	68	-1	0	4	65	36	29
PCT7652	MV	580	163	-1	0	11	153	75	78
PCT7653	ED	1092	137	2	0	12	123	53	70
PCT7653	MV	1092	321	2	0	15	304	134	170
PCT7701	ED	1012	225	0	0	16	209	101	108
PCT7701	MV	1012	383	0	0	26	357	176	181
PCT7702	ED	704	117	0	0	5	112	55	57
PCT7702	MV	704	302	-1	0	15	288	119	169
PCT7703	MV	172	66	-2	1	16	51	33	18
PCT7704	ED	977	208	0	0	10	198	79	119
PCT7704	MV	977	396	6	0	28	362	136	226
PCT7705	ED	547	123	0	0	5	118	36	82
PCT7705	MV	547	227	-1	0	15	213	73	140
PCT7706	ED	821	189	0	0	7	182	81	101
PCT7706	MV	821	341	0	0	25	316	124	192
PCT7707	ED	839	200	2	0	14	184	72	112
PCT7707	MV	839	379	9	0	17	353	148	205
PCT7708	ED	860	181	0	0	15	166	73	93
PCT7708	MV	860	400	0	0	29	371	174	197
PCT7709	ED	383	85	1	0	8	76	42	34
PCT7709	MV	383	174	2	0	10	162	92	70
PCT7711	ED	772	162	0	0	10	152	90	62
PCT7711	MV	772	344	-3	0	23	324	148	176
PCT7712	ED	524	131	1	0	4	126	74	52
PCT7712	MV	524	230	-1	0	12	219	118	101
PCT7801	ED	970	230	0	0	10	220	119	101
PCT7801	MV	970	424	0	0	21	403	176	227
PCT7802	ED	762	205	-2	0	10	197	97	100
PCT7802	MV	762	313	-2	0	18	297	139	158
PCT7803	ED	823	143	1	1	14	127	73	54
PCT7803	MV	823	412	-1	1	21	391	160	231
PCT7804	ED	891	236	0	0	11	225	115	110
PCT7804	MV	891	394	-1	0	22	373	156	217
PCT7805	ED	785	176	1	1	7	167	106	61
PCT7805	MV	785	348	-1	0	16	333	140	193
PCT7806	ED	699	163	-1	0	17	147	89	58
PCT7806	MV	699	283	1	1	19	262	123	139
PCT7807	ED	796	228	2	0	13	213	110	103
PCT7807	MV	796	273	1	0	16	256	135	121
PCT7808	ED	655	178	0	0	10	168	92	76
PCT7808	MV	655	243	-2	0	7	238	132	106
PCT7809	ED	742	160	-1	1	13	147	99	48
PCT7809	MV	742	267	2	1	17	247	134	113
PCT7811	ED	726	186	0	0	8	178	109	69
PCT7811	MV	726	243	0	0	13	230	127	103
PCT7812	ED	843	207	0	0	12	195	116	79
PCT7812	MV	843	292	-2	0	23	271	141	130
PCT7813	ED	988	251	-2	0	17	236	154	82
PCT7813	MV	988	362	1	1	19	341	190	151
PCT7814	ED	892	173	0	0	16	157	101	56
PCT7814	MV	892	223	1	1	14	207	125	82
PCT7815	ED	914	178	-2	0	13	167	95	72
PCT7815	MV	914	407	3	0	22	382	179	203
PCT7816	ED	858	202	1	0	7	194	111	83
PCT7816	MV	858	390	0	0	24	366	155	211
PCT7817	ED	795	215	-1	0	7	209	118	91
PCT7817	MV	795	309	3	0	9	297	163	134
PCT7818	ED	823	172	-1	0	11	162	95	67
PCT7818	MV	823	335	-2	0	16	321	156	165
PCT7819	ED	760	169	0	0	11	158	91	67
PCT7819	MV	760	297	2	0	20	275	148	127
PCT7821	ED	947	229	0	0	13	216	126	90
PCT7821	MV	947	439	3	0	25	411	192	219
PCT7822	ED	927	244	0	1	11	232	133	99
PCT7822	MV	927	343	2	0	22	319	142	177
PCT7823	ED	857	237	-1	0	14	224	136	88
PCT7823	MV	857	347	0	0	20	327	156	171
PCT7824	ED	756	170	1	0	6	163	82	81
PCT7824	MV	756	274	1	0	10	263	115	148
PCT7825	ED	580	160	0	0	13	147	83	64
PCT7825	MV	580	215	-1	0	13	203	118	85
PCT7826	ED	665	214	0	0	18	196	120	76
PCT7826	MV	665	194	-1	0	9	186	109	77
PCT7827	ED	828	199	0	0	14	185	130	55
PCT7827	MV	828	252	0	0	13	239	143	96
PCT7828	ED	976	205	-2	0	18	189	86	103
PCT7828	MV	976	397	-1	0	24	374	169	205
PCT7829	ED	882	199	0	0	10	189	98	91
PCT7829	MV	882	391	0	0	20	371	148	223
PCT7831	ED	828	202	0	0	11	191	107	84
PCT7831	MV	828	369	1	0	18	350	139	211
PCT7832	ED	781	162	-1	0	5	158	76	82
PCT7832	MV	781	343	-1	0	10	334	159	175
PCT7833	ED	745	182	0	0	7	175	109	66
PCT7833	MV	745	271	2	0	12	257	145	112
PCT7834	ED	836	225	-1	0	16	210	140	70
PCT7834	MV	836	288	0	0	14	274	162	112
PCT7835	ED	808	175	0	0	11	164	82	82
PCT7835	MV	808	338	1	0	15	322	167	155
PCT7836	ED	979	199	0	0	9	190	97	93
PCT7836	MV	979	421	2	0	15	404	184	220
PCT7837	ED	883	237	-1	0	15	223	130	93
PCT7837	MV	883	339	2	0	17	320	129	191
PCT7838	ED	891	210	2	0	3	205	97	108
PCT7838	MV	891	413	1	0	28	384	164	220
PCT7839	ED	830	172	2	0	13	157	75	82
PCT7839	MV	830	389	-1	0	15	375	166	209
PCT7841	ED	898	240	0	0	10	230	110	120
PCT7841	MV	898	353	0	1	17	335	164	171
PCT7842	ED	873	214	0	0	9	205	133	72
PCT7842	MV	873	308	1	0	11	296	173	123
PCT7843	ED	751	182	-1	0	8	175	113	62
PCT7843	MV	751	267	-1	0	21	247	140	107
PCT7844	ED	635	160	1	0	6	153	96	57
PCT7844	MV	635	245	-2	1	10	236	158	78
PCT7845	ED	803	202	0	1	16	185	102	83
PCT7845	MV	803	314	0	1	16	297	160	137
PCT7846	ED	871	221	0	0	10	211	115	96
PCT7846	MV	871	330	1	0	24	305	133	172
PCT7847	ED	878	207	-1	0	6	202	116	86
PCT7847	MV	878	358	1	2	28	327	163	164
PCT7848	ED	838	209	-3	0	15	197	107	90
PCT7848	MV	838	346	0	0	15	331	151	180
PCT7849	ED	904	237	0	0	14	223	127	96
PCT7849	MV	904	353	-2	0	26	329	153	176
PCT7851	ED	493	118	0	0	10	108	41	67
PCT7851	MV	493	204	0	2	11	191	71	120
PCT7852	ED	634	104	-1	0	8	97	34	63
PCT7852	MV	634	303	0	0	19	284	126	158
PCT7853	ED	837	180	0	0	15	165	86	79
PCT7853	MV	837	333	0	0	19	314	134	180
PCT7854	ED	874	216	-1	1	16	200	114	86
PCT7854	MV	874	346	2	0	28	316	142	174
PCT7855	ED	949	259	0	0	18	241	147	94
PCT7855	MV	949	359	-6	0	24	341	170	171
PCT7856	ED	790	204	1	0	8	195	106	89
PCT7856	MV	790	312	-1	1	17	295	136	159
PCT7857	ED	913	226	0	0	14	212	134	78
PCT7857	MV	913	350	-1	0	15	336	173	163
PCT7858	ED	743	192	2	0	14	176	123	53
PCT7858	MV	743	252	0	0	11	241	147	94
PCT7859	ED	879	219	-1	0	7	213	114	99
PCT7859	MV	879	352	0	0	24	328	142	186
PCT7861	ED	835	184	0	0	10	174	106	68
PCT7861	MV	835	367	-1	0	11	357	186	171
PCT7862	ED	850	237	0	0	12	225	132	93
PCT7862	MV	850	323	-2	0	19	306	143	163
PCT7863	ED	870	237	0	0	6	231	144	87
PCT7863	MV	870	302	-2	0	14	290	150	140
PCT7864	ED	773	188	0	0	14	174	105	69
PCT7864	MV	773	284	-2	0	14	272	153	119
PCT7865	ED	808	178	1	0	11	166	94	72
PCT7865	MV	808	310	-1	2	14	295	152	143
PCT7866	ED	816	184	-1	0	13	172	83	89
PCT7866	MV	816	389	-2	0	25	366	135	231
PCT7867	ED	932	209	0	0	12	197	114	83
PCT7867	MV	932	385	1	0	27	357	187	170
PCT7868	ED	860	218	-1	0	16	203	112	91
PCT7868	MV	860	324	2	0	15	307	152	155
PCT7869	ED	842	219	0	0	14	205	111	94
PCT7869	MV	842	376	-1	0	14	363	170	193
PCT7871	ED	882	240	-3	1	12	230	119	111
PCT7871	MV	882	364	1	0	33	330	172	158
PCT7872	ED	864	242	-1	0	13	230	128	102
PCT7872	MV	864	369	0	0	13	356	175	181
PCT7873	ED	841	231	0	1	10	220	130	90
PCT7873	MV	841	387	0	0	18	369	185	184
PCT7874	ED	453	85	0	0	6	79	45	34
PCT7874	MV	453	174	1	0	10	163	86	77
PCT7875	ED	615	127	0	1	8	118	65	53
PCT7875	MV	615	203	-3	0	15	191	100	91
PCT7876	ED	491	101	0	0	10	91	49	42
PCT7876	MV	491	148	-1	0	6	143	58	85
PCT7901	ED	466	87	-2	0	12	77	51	26
PCT7901	MV	466	133	0	0	13	120	66	54
PCT7902	ED	921	188	0	0	8	180	119	61
PCT7902	MV	921	259	-1	0	19	241	147	94
PCT7903	ED	819	144	0	0	15	129	83	46
PCT7903	MV	819	244	0	0	12	232	135	97
PCT7904	ED	846	137	1	0	9	127	87	40
PCT7904	MV	846	248	-3	1	9	241	137	104
PCT7905	ED	821	199	-1	0	17	183	117	66
PCT7905	MV	821	275	2	0	16	257	147	110
PCT7906	ED	769	164	0	0	12	152	114	38
PCT7906	MV	769	214	-3	0	9	208	128	80
PCT7907	ED	926	201	2	0	10	189	134	55
PCT7907	MV	926	286	2	0	13	271	174	97
PCT7908	ED	936	191	0	0	7	184	127	57
PCT7908	MV	936	267	-1	0	12	256	155	101
PCT7909	ED	726	190	0	1	7	182	135	47
PCT7909	MV	726	221	-4	0	12	213	127	86
PCT7911	ED	849	192	1	0	11	180	115	65
PCT7911	MV	849	250	-4	1	19	234	134	100
PCT7912	ED	1036	215	0	0	12	203	146	57
PCT7912	MV	1036	314	2	1	16	295	185	110
PCT7913	ED	887	240	-7	0	14	233	155	78
PCT7913	MV	887	244	1	0	16	227	127	100
PCT7914	ED	833	208	0	0	8	200	131	69
PCT7914	MV	833	253	-1	0	12	242	160	82
PCT7915	ED	802	213	0	0	14	199	139	60
PCT7915	MV	802	222	-1	1	11	211	125	86
PCT7916	ED	887	215	0	0	13	202	135	67
PCT7916	MV	887	289	0	0	13	276	182	94
PCT7917	ED	983	254	-1	0	10	245	174	71
PCT7917	MV	983	287	0	0	10	277	179	98
PCT7918	ED	790	191	0	0	12	179	116	63
PCT7918	MV	790	234	1	0	13	220	125	95
PCT7919	ED	857	217	0	0	10	207	144	63
PCT7919	MV	857	241	0	0	10	231	155	76
PCT7921	ED	883	151	-3	0	10	144	104	40
PCT7921	MV	883	210	0	0	10	200	116	84
PCT7922	ED	797	182	1	0	6	175	125	50
PCT7922	MV	797	241	-1	0	18	224	144	80
PCT7923	ED	863	202	1	0	11	190	130	60
PCT7923	MV	863	241	-1	0	10	232	143	89
PCT7924	ED	806	172	1	0	7	164	118	46
PCT7924	MV	806	247	0	0	15	232	151	81
PCT7925	ED	570	114	1	1	6	106	75	31
PCT7925	MV	570	191	0	0	9	182	114	68
PCT7926	ED	768	177	0	0	9	168	112	56
PCT7926	MV	768	296	2	0	13	281	160	121
PCT7927	ED	733	187	0	0	9	178	125	53
PCT7927	MV	733	289	-1	0	13	277	168	109
PCT7928	ED	899	253	0	0	10	243	145	98
PCT7928	MV	899	297	-1	0	15	283	177	106
PCT7929	ED	840	200	0	0	7	193	111	82
PCT7929	MV	840	367	-1	1	10	357	219	138
PCT7931	ED	732	189	0	0	9	180	119	61
PCT7931	MV	732	317	-1	0	15	303	167	136
PCT7932	ED	551	112	-1	0	3	110	70	40
PCT7932	MV	551	225	1	0	13	211	119	92
PCT7933	MV	8	4	0	0	1	3	1	2
PCT7934	ED	885	195	-4	0	13	186	127	59
PCT7934	MV	885	328	1	0	17	310	200	110
PCT7935	ED	938	283	1	0	21	261	171	90
PCT7935	MV	938	370	1	1	13	355	225	130
PCT7936	ED	832	246	0	0	17	229	164	65
PCT7936	MV	832	326	2	1	19	304	202	102
PCT7937	ED	874	223	0	0	14	209	146	63
PCT7937	MV	874	309	-1	0	12	298	175	123
PCT7938	ED	774	162	0	0	14	148	87	61
PCT7938	MV	774	247	0	0	12	235	157	78
PCT7939	ED	667	186	1	1	13	171	112	59
PCT7939	MV	667	230	-2	0	9	223	142	81
PCT7941	ED	728	167	0	0	11	156	99	57
PCT7941	MV	728	236	1	0	19	216	142	74
PCT7942	ED	893	166	1	0	11	154	99	55
PCT7942	MV	893	286	0	0	23	263	160	103
PCT7943	ED	887	192	-3	0	13	182	105	77
PCT7943	MV	887	319	0	0	14	305	171	134
PCT7944	ED	769	201	-2	0	9	194	130	64
PCT7944	MV	769	235	-1	0	12	224	126	98
PCT7945	ED	897	118	-2	0	8	112	68	44
PCT7945	MV	897	294	-1	0	12	283	185	98
PCT7946	ED	909	134	1	0	10	123	70	53
PCT7946	MV	909	348	4	0	24	320	155	165
PCT7947	ED	894	128	-1	0	16	113	68	45
PCT7947	MV	894	327	-2	0	29	300	157	143
PCT7948	ED	900	165	0	0	11	154	85	69
PCT7948	MV	900	313	-2	0	21	294	146	148
PCT7949	ED	552	78	3	0	10	65	30	35
PCT7949	MV	552	224	0	0	9	215	89	126
PCT7951	ED	830	97	0	0	5	92	50	42
PCT7951	MV	830	341	-3	1	22	321	147	174
PCT7952	ED	823	100	0	0	6	94	46	48
PCT7952	MV	823	288	-4	0	13	279	166	113
PCT7953	ED	795	103	-4	0	8	99	57	42
PCT7953	MV	795	294	-2	0	24	272	137	135
PCT7955	ED	854	116	1	1	6	108	52	56
PCT7955	MV	854	320	-1	2	29	290	147	143
PCT7956	ED	779	101	2	0	9	90	49	41
PCT7956	MV	779	247	6	0	11	230	102	128
PCT7957	ED	623	97	1	0	12	84	43	41
PCT7957	MV	623	217	0	0	14	203	106	97
PCT7958	MV	263	104	-3	0	6	101	50	51
PCT7959	ED	695	110	-2	0	4	108	70	38
PCT7959	MV	695	190	2	0	14	174	92	82
PCT9001	MV	257	101	1	0	5	95	73	22
PCT9101	ED	833	190	-1	0	17	174	85	89
PCT9101	MV	833	323	-2	0	24	301	127	174
PCT9102	ED	950	182	-1	0	13	170	94	76
PCT9102	MV	950	335	1	0	20	314	156	158
PCT9103	ED	924	174	0	0	14	160	69	91
PCT9103	MV	924	302	-1	1	19	283	135	148
PCT9104	ED	937	176	0	0	19	157	77	80
PCT9104	MV	937	332	-2	0	24	310	172	138
PCT9105	ED	888	191	0	0	14	177	99	78
PCT9105	MV	888	339	-1	0	12	328	154	174
PCT9106	ED	907	213	1	0	15	197	93	104
PCT9106	MV	907	334	5	1	25	303	138	165
PCT9107	ED	806	164	0	0	10	154	90	64
PCT9107	MV	806	246	3	0	18	225	117	108
PCT9108	ED	761	185	1	0	11	173	98	75
PCT9108	MV	761	220	0	0	21	199	104	95
PCT9109	ED	848	205	-1	0	12	194	99	95
PCT9109	MV	848	285	1	0	21	263	125	138
PCT9111	ED	756	150	0	0	12	138	75	63
PCT9111	MV	756	226	-2	0	20	208	107	101
PCT9112	ED	918	211	0	0	12	199	115	84
PCT9112	MV	918	295	-1	0	16	280	131	149
PCT9113	ED	959	231	1	0	19	211	112	99
PCT9113	MV	959	351	0	0	19	332	155	177
PCT9114	ED	820	170	0	1	12	157	85	72
PCT9114	MV	820	273	0	0	17	256	145	111
PCT9115	ED	873	172	0	0	14	158	88	70
PCT9115	MV	873	287	0	0	19	268	152	116
PCT9116	ED	903	193	2	0	17	174	111	63
PCT9116	MV	903	314	1	0	16	297	158	139
PCT9117	ED	756	180	0	0	6	174	94	80
PCT9117	MV	756	285	1	0	21	263	111	152
PCT9118	ED	923	184	0	0	7	177	92	85
PCT9118	MV	923	268	-2	0	20	250	119	131
PCT9119	ED	856	152	-3	0	15	140	80	60
PCT9119	MV	856	323	-1	0	17	307	149	158
PCT9121	ED	890	188	0	0	17	171	86	85
PCT9121	MV	890	274	-1	0	16	259	120	139
PCT9122	ED	913	131	0	0	7	124	81	43
PCT9122	MV	913	292	-2	0	13	281	141	140
PCT9123	ED	829	175	0	0	15	160	91	69
PCT9123	MV	829	270	1	0	16	253	137	116
PCT9124	ED	832	150	0	0	9	141	75	66
PCT9124	MV	832	290	-1	0	20	271	136	135
PCT9125	ED	822	159	-2	0	8	153	92	61
PCT9125	MV	822	299	-5	0	18	286	148	138
PCT9126	ED	945	186	0	0	12	174	101	73
PCT9126	MV	945	350	1	0	22	327	156	171
PCT9127	ED	908	209	0	0	12	197	94	103
PCT9127	MV	908	315	-3	0	27	291	146	145
PCT9128	ED	805	188	0	0	9	179	88	91
PCT9128	MV	805	296	-2	0	22	276	134	142
PCT9129	ED	713	173	0	0	3	170	89	81
PCT9129	MV	713	225	0	0	16	209	105	104
PCT9131	ED	740	151	0	0	4	147	78	69
PCT9131	MV	740	274	-1	1	16	258	133	125
PCT9132	ED	827	167	0	0	20	147	92	55
PCT9132	MV	827	251	-1	0	20	232	128	104
PCT9133	ED	1007	188	0	0	11	177	102	75
PCT9133	MV	1007	388	1	0	38	349	185	164
PCT9134	ED	893	132	-2	0	16	118	73	45
PCT9134	MV	893	297	4	0	18	275	123	152
PCT9135	ED	778	149	0	0	7	142	65	77
PCT9135	MV	778	269	2	0	14	253	118	135
PCT9136	ED	894	191	0	0	15	176	106	70
PCT9136	MV	894	289	2	0	20	267	133	134
PCT9137	ED	946	201	-1	0	12	190	96	94
PCT9137	MV	946	323	2	0	18	303	165	138
PCT9138	ED	892	155	0	0	5	150	66	84
PCT9138	MV	892	323	-3	0	18	308	141	167
PCT9139	ED	912	163	-1	0	9	155	78	77
PCT9139	MV	912	356	1	1	18	336	154	182
PCT9141	ED	904	168	-1	1	16	152	78	74
PCT9141	MV	904	328	-1	0	24	305	156	149
PCT9142	ED	921	219	1	0	9	209	123	86
PCT9142	MV	921	288	0	0	20	268	163	105
PCT9143	ED	887	196	1	0	13	182	98	84
PCT9143	MV	887	315	-1	0	21	295	144	151
PCT9144	ED	931	221	1	0	17	203	105	98
PCT9144	MV	931	322	-2	0	25	299	139	160
PCT9145	ED	837	197	1	0	18	178	103	75
PCT9145	MV	837	282	0	0	18	264	151	113
PCT9146	ED	866	206	1	0	12	193	117	76
PCT9146	MV	866	297	2	0	14	281	162	119
PCT9147	ED	920	227	1	0	9	217	131	86
PCT9147	MV	920	318	-4	1	21	300	160	140
PCT9148	ED	946	226	-1	0	19	208	105	103
PCT9148	MV	946	322	3	0	13	306	156	150
PCT9149	ED	884	196	0	0	13	183	97	86
PCT9149	MV	884	296	3	0	14	279	149	130
PCT9151	ED	806	152	-1	0	11	142	67	75
PCT9151	MV	806	267	-1	0	26	242	104	138
PCT9152	ED	712	67	1	0	4	62	37	25
PCT9152	MV	712	138	2	0	4	132	79	53
PCT9201	ED	953	201	0	0	11	190	122	68
PCT9201	MV	953	229	3	0	13	213	132	81
PCT9202	ED	908	184	-1	0	14	171	88	83
PCT9202	MV	908	218	0	0	12	206	111	95
PCT9203	ED	968	145	0	0	8	137	45	92
PCT9203	MV	968	300	1	0	21	278	79	199
PCT9204	ED	809	147	1	0	9	137	42	95
PCT9204	MV	809	223	-2	0	14	211	56	155
PCT9205	ED	694	113	0	0	9	104	35	69
PCT9205	MV	694	201	1	1	15	184	71	113
PCT9206	ED	887	135	-2	0	13	124	32	92
PCT9206	MV	887	294	0	0	23	271	80	191
PCT9207	ED	913	148	0	0	3	145	48	97
PCT9207	MV	913	249	-2	0	9	242	75	167
PCT9208	ED	936	147	0	1	10	136	58	78
PCT9208	MV	936	240	-2	0	16	226	87	139
PCT9209	ED	675	121	-1	0	3	119	42	77
PCT9209	MV	675	188	-3	0	17	174	55	119
PCT9211	ED	834	130	0	0	6	124	48	76
PCT9211	MV	834	212	-1	0	17	196	67	129
PCT9212	ED	764	121	0	0	9	112	43	69
PCT9212	MV	764	205	0	0	14	191	67	124
PCT9213	ED	890	140	0	0	8	132	55	77
PCT9213	MV	890	260	1	0	10	249	99	150
PCT9214	ED	581	92	0	0	9	83	30	53
PCT9214	MV	581	203	2	0	14	187	63	124
PCT9215	ED	626	130	0	0	10	120	31	89
PCT9215	MV	626	170	2	0	6	162	43	119
PCT9216	ED	798	134	0	0	12	122	34	88
PCT9216	MV	798	206	2	0	16	188	66	122
PCT9217	ED	684	123	0	0	5	118	51	67
PCT9217	MV	684	187	0	0	11	176	70	106
PCT9218	ED	797	119	0	0	2	117	41	76
PCT9218	MV	797	225	-1	0	13	213	79	134
PCT9219	ED	733	146	0	0	12	134	64	70
PCT9219	MV	733	187	1	0	13	173	58	115
PCT9221	ED	641	121	0	0	5	116	26	90
PCT9221	MV	641	278	0	1	14	263	63	200
PCT9222	ED	842	139	0	0	10	129	38	91
PCT9222	MV	842	268	1	1	9	257	73	184
PCT9223	ED	606	88	2	0	2	84	27	57
PCT9223	MV	606	202	3	0	14	185	53	132
PCT9224	ED	912	171	2	0	9	160	52	108
PCT9224	MV	912	308	-1	0	20	289	102	187
PCT9225	ED	898	161	0	0	9	152	59	93
PCT9225	MV	898	243	0	0	10	233	92	141
PCT9226	ED	905	143	-1	0	13	131	57	74
PCT9226	MV	905	312	-2	0	29	285	110	175
PCT9227	ED	729	140	0	0	7	133	47	86
PCT9227	MV	729	304	2	0	15	287	85	202
PCT9228	ED	726	175	0	0	9	166	50	116
PCT9228	MV	726	277	1	1	16	259	73	186
PCT9229	ED	596	130	-1	0	8	123	43	80
PCT9229	MV	596	219	0	0	11	208	68	140
PCT9231	ED	919	221	0	0	13	208	96	112
PCT9231	MV	919	294	0	1	18	275	115	160
PCT9232	ED	701	151	2	0	11	138	48	90
PCT9232	MV	701	274	0	0	19	255	85	170
PCT9233	ED	774	139	0	0	20	119	33	86
PCT9233	MV	774	308	0	1	23	284	82	202
PCT9234	ED	731	131	-1	0	12	120	48	72
PCT9234	MV	731	281	-1	0	23	259	85	174
PCT9235	ED	842	174	1	0	24	149	51	98
PCT9235	MV	842	298	0	0	19	279	83	196
PCT9236	ED	658	130	0	0	10	120	38	82
PCT9236	MV	658	207	0	0	19	188	69	119
PCT9237	ED	880	145	0	0	8	137	64	73
PCT9237	MV	880	331	-1	0	24	308	91	217
PCT9238	ED	792	130	-2	0	16	116	38	78
PCT9238	MV	792	271	-1	1	15	256	68	188
PCT9239	ED	835	117	0	0	13	104	33	71
PCT9239	MV	835	318	-4	0	17	305	92	213
PCT9241	ED	961	158	1	0	7	150	67	83
PCT9241	MV	961	322	3	1	20	298	92	206
PCT9242	ED	940	154	1	1	25	127	55	72
PCT9242	MV	940	300	0	0	17	283	109	174
PCT9243	ED	572	135	0	0	14	121	49	72
PCT9243	MV	572	188	2	0	10	176	73	103
PCT9244	ED	880	149	1	0	11	137	49	88
PCT9244	MV	880	269	-2	0	28	243	94	149
PCT9245	ED	706	128	0	0	14	114	52	62
PCT9245	MV	706	226	2	0	17	207	79	128
PCT9246	ED	910	139	0	0	5	134	59	75
PCT9246	MV	910	299	0	0	20	279	104	175
PCT9247	ED	936	151	-1	0	12	140	60	80
PCT9247	MV	936	303	1	1	21	280	98	182
PCT9248	ED	898	181	0	0	14	167	87	80
PCT9248	MV	898	282	0	0	23	259	114	145
PCT9249	ED	910	187	1	0	16	170	70	100
PCT9249	MV	910	314	0	1	19	294	119	175
PCT9251	ED	946	204	-1	0	10	195	87	108
PCT9251	MV	946	342	0	0	22	320	149	171
PCT9252	ED	913	140	-1	0	8	133	55	78
PCT9252	MV	913	352	2	0	17	333	138	195
PCT9253	ED	751	138	2	0	15	121	57	64
PCT9253	MV	751	272	-1	0	25	248	118	130
PCT9254	ED	889	168	0	0	13	155	85	70
PCT9254	MV	889	318	-1	0	20	299	128	171
PCT9255	ED	545	126	0	0	7	119	65	54
PCT9255	MV	545	128	1	0	6	121	57	64
PCT9256	ED	433	77	0	0	4	73	43	30
PCT9256	MV	433	103	-2	0	7	98	38	60
PCT9257	MV	312	150	0	0	4	146	88	58
PCT9258	ED	699	127	0	0	7	120	50	70
PCT9258	MV	699	244	1	0	16	227	97	130
PCT9401	ED	970	194	0	0	10	184	117	67
PCT9401	MV	970	293	-1	0	14	280	164	116
PCT9402	ED	931	197	0	0	15	182	114	68
PCT9402	MV	931	307	0	0	29	278	154	124
PCT9403	ED	853	167	-1	0	5	163	91	72
PCT9403	MV	853	286	2	1	19	264	144	120
PCT9404	ED	889	153	0	0	12	141	88	53
PCT9404	MV	889	320	0	0	26	294	144	150
PCT9405	ED	757	160	-1	0	9	152	83	69
PCT9405	MV	757	245	0	0	15	230	107	123
PCT9406	ED	815	179	0	0	11	168	75	93
PCT9406	MV	815	277	2	0	21	254	122	132
PCT9407	ED	861	191	0	0	17	174	91	83
PCT9407	MV	861	284	-2	0	19	267	137	130
PCT9408	ED	837	187	1	0	18	168	103	65
PCT9408	MV	837	246	-4	0	17	233	143	90
PCT9409	ED	565	140	0	0	12	128	76	52
PCT9409	MV	565	170	0	0	12	158	83	75
PCT9411	ED	936	175	-1	0	12	164	107	57
PCT9411	MV	936	261	1	0	14	246	142	104
PCT9412	ED	843	164	0	0	8	156	101	55
PCT9412	MV	843	285	-1	0	32	254	140	114
PCT9413	ED	858	172	-1	0	10	163	96	67
PCT9413	MV	858	310	1	0	22	287	126	161
PCT9414	ED	862	159	1	0	17	141	67	74
PCT9414	MV	862	307	-2	0	23	286	154	132
PCT9415	ED	755	121	-3	0	8	116	66	50
PCT9415	MV	755	284	-3	0	19	268	113	155
PCT9416	ED	962	198	0	0	15	183	108	75
PCT9416	MV	962	316	-2	0	30	288	139	149
PCT9417	ED	714	117	1	0	7	109	60	49
PCT9417	MV	714	286	-3	0	22	267	129	138
PCT9418	ED	753	157	0	0	14	143	73	70
PCT9418	MV	753	269	-3	0	20	252	110	142
PCT9419	ED	893	167	-1	1	23	144	68	76
PCT9419	MV	893	326	2	0	25	299	116	183
PCT9421	ED	878	150	-1	0	9	142	70	72
PCT9421	MV	878	316	-1	0	17	300	104	196
PCT9422	ED	1010	200	1	0	11	188	97	91
PCT9422	MV	1010	358	-1	1	25	333	155	178
PCT9423	ED	853	147	0	0	4	143	78	65
PCT9423	MV	853	292	-3	0	22	273	134	139
PCT9424	ED	910	146	1	0	12	133	72	61
PCT9424	MV	910	331	0	0	17	314	138	176
PCT9425	ED	903	136	2	0	13	121	67	54
PCT9425	MV	903	313	0	0	23	290	135	155
PCT9426	ED	801	143	-1	1	19	124	57	67
PCT9426	MV	801	283	7	0	24	252	124	128
PCT9427	ED	889	129	0	1	9	119	52	67
PCT9427	MV	889	333	1	0	25	307	140	167
PCT9428	ED	892	122	-1	0	11	112	54	58
PCT9428	MV	892	346	-2	0	16	332	160	172
PCT9429	ED	866	173	0	0	9	164	71	93
PCT9429	MV	866	308	-1	0	16	293	107	186
PCT9431	ED	954	152	-1	0	18	135	63	72
PCT9431	MV	954	352	1	0	26	325	139	186
PCT9432	ED	901	155	0	0	7	148	77	71
PCT9432	MV	901	307	1	0	21	285	125	160
PCT9433	ED	912	155	0	0	8	147	63	84
PCT9433	MV	912	317	0	1	23	293	126	167
PCT9434	ED	963	188	-1	0	23	166	76	90
PCT9434	MV	963	349	-3	0	26	326	144	182
PCT9435	ED	934	195	0	0	11	184	88	96
PCT9435	MV	934	320	-4	0	29	295	157	138
PCT9436	ED	941	161	0	0	11	150	67	83
PCT9436	MV	941	337	-4	0	41	300	136	164
PCT9437	ED	873	170	0	0	13	157	66	91
PCT9437	MV	873	324	1	0	19	304	147	157
PCT9438	ED	918	129	1	0	6	122	61	61
PCT9438	MV	918	336	-1	0	29	308	123	185
PCT9439	ED	827	126	0	0	10	116	49	67
PCT9439	MV	827	314	-2	0	34	282	135	147
PCT9441	ED	939	205	-1	0	16	190	112	78
PCT9441	MV	939	337	-1	0	28	310	148	162
PCT9442	ED	970	200	2	0	10	188	96	92
PCT9442	MV	970	325	-2	0	22	305	153	152
PCT9443	ED	886	138	0	0	10	128	66	62
PCT9443	MV	886	304	0	0	23	281	164	117
PCT9444	ED	901	118	-3	0	13	108	55	53
PCT9444	MV	901	312	-1	0	23	290	127	163
PCT9445	ED	945	154	0	0	7	147	67	80
PCT9445	MV	945	342	-1	0	25	318	140	178
PCT9446	ED	1043	164	1	0	11	152	69	83
PCT9446	MV	1043	417	1	2	18	396	165	231
PCT9447	ED	891	171	1	0	13	157	88	69
PCT9447	MV	891	327	0	1	22	304	137	167
PCT9448	ED	877	159	0	0	11	148	86	62
PCT9448	MV	877	307	-4	0	24	287	151	136
PCT9449	ED	784	97	-1	0	4	94	44	50
PCT9449	MV	784	302	0	0	22	280	102	178
PCT9451	ED	414	57	0	0	3	54	25	29
PCT9451	MV	414	154	4	0	8	142	50	92
PCT9452	ED	799	175	0	0	12	163	64	99
PCT9452	MV	799	281	0	1	21	259	110	149
PCT9453	ED	488	90	0	0	6	84	31	53
PCT9453	MV	488	175	0	1	9	165	59	106
PCT9501	MV	149	71	-2	0	3	70	35	35
PCT9502	MV	233	116	-1	0	6	111	52	59
PCT9503	ED	725	128	0	0	20	108	55	53
PCT9503	MV	725	184	2	0	12	170	87	83
PCT9505	ED	756	147	0	0	18	129	77	52
PCT9505	MV	756	274	0	0	20	254	147	107
PCT9506	ED	771	134	0	0	10	124	65	59
PCT9506	MV	771	217	2	1	13	201	107	94
PCT9507	ED	733	170	0	0	17	153	97	56
PCT9507	MV	733	218	-1	0	8	211	135	76
PCT9508	ED	784	180	0	0	9	171	118	53
PCT9508	MV	784	258	-1	2	15	242	149	93
PCT9509	ED	719	165	-1	0	18	148	98	50
PCT9509	MV	719	239	-1	0	12	228	127	101
PCT9511	ED	600	147	-2	0	10	139	95	44
PCT9511	MV	600	177	0	0	13	164	100	64
PCT9512	ED	771	161	-1	1	10	151	102	49
PCT9512	MV	771	251	-4	0	11	244	143	101
PCT9513	ED	864	200	1	1	18	180	105	75
PCT9513	MV	864	261	3	0	14	244	141	103
PCT9514	ED	869	229	1	0	14	214	127	87
PCT9514	MV	869	257	-1	0	11	247	134	113
PCT9515	ED	685	159	0	0	7	152	84	68
PCT9515	MV	685	243	-2	0	14	231	132	99
PCT9516	ED	864	206	0	0	18	188	101	87
PCT9516	MV	864	269	1	0	15	253	149	104
PCT9517	ED	768	197	0	0	13	184	115	69
PCT9517	MV	768	235	1	0	18	216	125	91
PCT9518	ED	783	180	0	0	6	174	118	56
PCT9518	MV	783	242	-1	0	8	235	133	102
PCT9519	ED	850	217	0	0	20	197	114	83
PCT9519	MV	850	294	0	0	16	278	160	118
PCT9521	ED	893	254	0	0	20	234	127	107
PCT9521	MV	893	290	-2	0	13	279	152	127
PCT9701	ED	665	156	0	0	7	149	93	56
PCT9701	MV	665	235	-1	0	20	216	102	114
PCT9702	ED	710	194	0	1	12	181	114	67
PCT9702	MV	710	231	1	0	18	212	121	91
PCT9703	ED	931	182	-1	0	13	170	82	88
PCT9703	MV	931	373	3	1	20	349	149	200
PCT9704	ED	942	191	1	0	7	183	94	89
PCT9704	MV	942	354	-1	0	29	326	150	176
PCT9705	ED	879	208	0	1	12	195	109	86
PCT9705	MV	879	309	-1	0	16	294	151	143
PCT9706	MV	51	32	0	0	0	32	13	19
PCT9707	ED	799	121	0	0	5	116	46	70
PCT9707	MV	799	355	0	0	20	335	133	202
PCT9708	ED	919	193	1	0	12	180	110	70
PCT9708	MV	919	324	6	0	15	303	173	130
PCT9709	ED	998	196	0	0	15	181	78	103
PCT9709	MV	998	355	-3	0	25	333	130	203
PCT9711	ED	625	167	0	0	9	158	80	78
PCT9711	MV	625	254	-1	0	18	237	99	138
PCT9712	ED	651	134	-1	0	6	129	52	77
PCT9712	MV	651	288	1	0	18	269	102	167
PCT9713	ED	930	161	6	0	14	141	63	78
PCT9713	MV	930	362	0	0	21	341	140	201
PCT9714	ED	911	154	0	0	6	148	45	103
PCT9714	MV	911	367	-1	1	23	344	111	233
PCT9715	ED	566	162	0	0	9	153	51	102
PCT9715	MV	566	218	4	0	15	199	57	142
PCT9716	ED	928	198	-1	0	13	186	84	102
PCT9716	MV	928	368	5	0	18	345	150	195
PCT9717	ED	967	206	0	0	17	189	71	118
PCT9717	MV	967	371	-2	1	20	352	142	210
PCT9718	ED	843	183	-1	0	13	171	69	102
PCT9718	MV	843	385	2	0	18	365	140	225
PCT9719	ED	863	186	1	0	7	178	68	110
PCT9719	MV	863	389	2	0	12	375	137	238
PCT9721	ED	653	182	-1	0	8	175	56	119
PCT9721	MV	653	250	-1	0	12	239	79	160
PCT9722	ED	593	86	-1	0	6	81	25	56
PCT9722	MV	593	269	-3	0	24	248	88	160
PCT9723	ED	458	74	0	0	2	72	23	49
PCT9723	MV	458	198	1	0	14	183	71	112
PCT9724	ED	950	144	0	0	10	134	48	86
PCT9724	MV	950	386	-4	0	23	367	104	263
PCT9725	ED	941	118	-2	0	12	108	33	75
PCT9725	MV	941	350	-3	1	12	340	112	228
PCT9726	ED	685	83	0	0	7	76	44	32
PCT9726	MV	685	137	-5	0	10	132	72	60
PCT9727	ED	435	60	-1	0	5	56	13	43
PCT9727	MV	435	205	3	0	11	191	52	139
PCT9728	ED	906	204	-2	0	9	197	65	132
PCT9728	MV	906	378	-1	1	23	355	102	253
PCT9729	ED	782	161	1	0	7	153	44	109
PCT9729	MV	782	304	1	1	14	288	72	216
PCT9731	ED	529	138	0	0	8	130	40	90
PCT9731	MV	529	189	0	0	4	185	51	134
PCT9732	MV	73	43	0	0	3	40	9	31
PCT9733	MV	224	146	0	0	5	141	66	75
PCT9734	ED	577	122	-1	0	7	116	25	91
PCT9734	MV	577	261	-2	0	12	251	88	163
PCT9735	ED	782	167	1	0	13	153	55	98
PCT9735	MV	782	344	6	0	17	321	116	205
PCT9736	ED	699	145	0	0	10	135	46	89
PCT9736	MV	699	305	5	0	16	284	116	168
PCT9737	ED	792	175	0	0	10	165	91	74
PCT9737	MV	792	343	0	0	21	322	146	176
PCT9738	ED	830	99	0	0	10	89	47	42
PCT9738	MV	830	263	1	1	24	237	112	125
PCT9739	ED	826	126	0	0	10	116	71	45
PCT9739	MV	826	193	-2	0	9	186	107	79
PCT9741	ED	1022	19	0	0	1	18	17	1
PCT9741	MV	1022	24	0	0	3	21	14	7
PCT9742	ED	647	134	0	0	10	124	52	72
PCT9742	MV	647	187	3	0	11	173	64	109
PCT9743	ED	1093	172	0	0	18	154	97	57
PCT9743	MV	1093	317	1	1	17	298	168	130
PCT9744	ED	902	141	1	0	11	129	86	43
PCT9744	MV	902	234	2	0	12	220	105	115
PCT9745	ED	934	141	0	0	12	129	72	57
PCT9745	MV	934	205	2	0	15	188	107	81
PCT9746	ED	867	192	0	0	19	173	57	116
PCT9746	MV	867	334	0	0	18	316	133	183
PCT9747	ED	940	198	0	0	16	182	91	91
PCT9747	MV	940	323	-1	1	25	298	153	145
PCT9748	ED	913	164	1	0	11	152	54	98
PCT9748	MV	913	342	-3	0	20	325	131	194
PCT9749	ED	893	143	-2	0	15	130	72	58
PCT9749	MV	893	266	4	0	14	248	147	101
PCT9751	ED	977	157	-1	0	11	147	64	83
PCT9751	MV	977	384	-2	0	23	363	160	203
PCT9752	ED	692	143	0	0	10	133	64	69
PCT9752	MV	692	305	0	0	9	296	150	146
PCT9753	ED	735	148	-1	0	11	138	81	57
PCT9753	MV	735	266	-1	0	13	254	135	119
PCT9754	ED	701	169	0	0	10	159	91	68
PCT9754	MV	701	296	-2	0	12	286	158	128
PCT9755	ED	553	120	-1	0	7	114	56	58
PCT9755	MV	553	201	1	0	9	191	92	99
PCT9756	ED	908	126	0	0	13	113	59	54
PCT9756	MV	908	297	4	0	12	281	135	146
PCT9801	ED	399	76	-1	0	4	73	37	36
PCT9801	MV	399	148	2	0	7	139	76	63
CONG12	TO	426647	225360	-47	125	15414	209868	107776	102092
CONG14	TO	55344	28223	-9	22	1794	26416	12423	13993
ASSM17	TO	280269	147301	-16	87	10132	137098	73364	63734
ASSM19	TO	201722	106282	-40	60	7076	99186	46835	52351
BART7	TO	36166	15261	3	7	1270	13981	6865	7116
BART8	TO	215670	112119	-2	61	7779	104281	48312	55969
BART9	TO	230155	126203	-57	79	8159	118022	65022	53000
SUPV1	TO	40919	22431	-7	7	1480	20951	10840	10111
SUPV2	TO	48242	24389	9	18	1640	22722	8639	14083
SUPV3	TO	38273	18567	11	7	1480	17069	8618	8451
SUPV4	TO	41216	21994	-34	11	1600	20417	9917	10500
SUPV5	TO	52114	28694	-14	18	2006	26684	15175	11509
SUPV6	TO	41151	17498	7	10	1470	16011	8261	7750
SUPV7	TO	46301	26230	27	12	1589	24602	10710	13892
SUPV8	TO	56415	36015	-19	24	1997	34013	17591	16422
SUPV9	TO	41665	22565	-32	14	1285	21298	13039	8259
SUPV10	TO	39848	17900	7	12	1479	16402	8673	7729
SUPV11	TO	35847	17300	-11	14	1182	16115	8736	7379
NEIG1	TO	19131	7881	16	5	778	7082	3795	3287
NEIG2	TO	16742	8038	5	3	687	7343	3617	3726
NEIG3	TO	27631	12231	-9	9	1054	11177	6296	4881
NEIG4	TO	6857	4487	-5	3	282	4207	2014	2193
NEIG5	TO	26541	12895	-7	8	840	12054	6541	5513
NEIG6	TO	14552	8410	-3	3	513	7897	4595	3302
NEIG7	TO	11506	5461	3	6	407	5045	2721	2324
NEIG8	TO	9393	5438	-2	1	345	5094	2900	2194
NEIG9	TO	8641	3424	-8	3	232	3197	1510	1687
NEIG10	TO	9744	5037	6	1	337	4693	2305	2388
NEIG11	TO	38757	19070	-5	16	1296	17763	6812	10951
NEIG12	TO	30096	16088	-15	7	910	15186	9473	5713
NEIG13	TO	16415	10584	-10	9	575	10010	5138	4872
NEIG14	TO	8622	5494	-1	4	267	5224	3291	1933
NEIG15	TO	6827	3580	17	1	264	3298	1556	1742
NEIG26	TO	8914	4445	-2	5	323	4119	2108	2011
NEIG16	TO	15511	7917	-4	4	464	7453	3867	3586
NEIG17	TO	35688	19724	-18	6	1298	18438	9578	8860
NEIG18	TO	7813	4593	8	4	314	4267	1576	2691
NEIG19	TO	9230	5452	-12	3	301	5160	2978	2182
NEIG20	TO	23278	10026	-5	4	801	9226	4399	4827
NEIG21	TO	40651	21684	-34	11	1576	20131	9758	10373
NEIG22	TO	18424	12111	-2	5	632	11476	5672	5804
NEIG23	TO	7867	3226	0	2	296	2928	1505	1423
NEIG24	TO	33960	20797	29	8	1230	19530	8165	11365
NEIG25	TO	29200	15490	2	16	1186	14286	8029	6257
