area_id	subtotal_type	RSReg	RSCst	RSRej	RSOvr	RSUnd	RSTot	9:YES	10:NO
ALLPCTS	TO	503899	304904	0	79	26547	278278	195037	83241
ALLPCTS	ED	101264	107001	0	33	11285	95683	70026	25657
ALLPCTS	MV	402635	197903	0	46	15262	182595	125011	57584
PCT1101	MV	448	216	0	0	14	202	136	66
PCT1101	ED	114	93	0	0	10	83	65	18
PCT1101	TO	562	309	0	0	24	285	201	84
PCT1102	MV	774	370	0	0	23	347	210	137
PCT1102	ED	230	209	0	0	19	190	140	50
PCT1102	TO	1004	579	0	0	42	537	350	187
PCT1103	MV	749	373	0	0	17	356	244	112
PCT1103	ED	222	194	0	0	14	180	126	54
PCT1103	TO	971	567	0	0	31	536	370	166
PCT1104	MV	751	343	0	0	18	325	219	106
PCT1104	ED	267	169	0	0	16	153	107	46
PCT1104	TO	1018	512	0	0	34	478	326	152
PCT1106	MV	598	255	0	0	21	234	141	93
PCT1106	ED	173	149	0	0	13	136	84	52
PCT1106	TO	771	404	0	0	34	370	225	145
PCT1107	MV	612	288	0	0	19	269	152	117
PCT1107	ED	139	125	0	0	10	115	78	37
PCT1107	TO	751	413	0	0	29	384	230	154
PCT1108	MV	725	360	0	0	20	340	234	106
PCT1108	ED	198	159	0	0	22	137	92	45
PCT1108	TO	923	519	0	0	42	477	326	151
PCT1109	MV	653	285	0	0	15	270	158	112
PCT1109	ED	169	141	0	0	12	129	93	36
PCT1109	TO	822	426	0	0	27	399	251	148
PCT1111	MV	849	354	0	0	24	330	187	143
PCT1111	ED	197	189	0	0	18	171	122	49
PCT1111	TO	1046	543	0	0	42	501	309	192
PCT1112	MV	643	280	0	0	14	266	168	98
PCT1112	ED	159	119	0	0	7	112	89	23
PCT1112	TO	802	399	0	0	21	378	257	121
PCT1113	MV	675	286	0	0	26	260	146	114
PCT1113	ED	120	108	0	0	21	87	63	24
PCT1113	TO	795	394	0	0	47	347	209	138
PCT1114	MV	769	328	0	0	26	302	200	102
PCT1114	ED	222	167	0	0	25	142	103	39
PCT1114	TO	991	495	0	0	51	444	303	141
PCT1115	MV	743	295	0	0	22	273	171	102
PCT1115	ED	193	131	0	0	13	118	92	26
PCT1115	TO	936	426	0	0	35	391	263	128
PCT1116	MV	715	309	0	0	26	283	195	88
PCT1116	ED	216	197	0	0	19	178	126	52
PCT1116	TO	931	506	0	0	45	461	321	140
PCT1117	MV	665	259	0	0	16	243	138	105
PCT1117	ED	181	152	0	0	14	138	98	40
PCT1117	TO	846	411	0	0	30	381	236	145
PCT1118	MV	846	366	0	0	15	351	226	125
PCT1118	ED	219	164	0	1	15	148	105	43
PCT1118	TO	1065	530	0	1	30	499	331	168
PCT1119	MV	659	305	0	0	19	286	183	103
PCT1119	ED	138	117	0	0	12	105	82	23
PCT1119	TO	797	422	0	0	31	391	265	126
PCT1121	MV	556	269	0	0	19	250	133	117
PCT1121	ED	149	123	0	0	7	116	82	34
PCT1121	TO	705	392	0	0	26	366	215	151
PCT1122	MV	519	247	0	0	21	226	118	108
PCT1122	ED	118	97	0	0	9	88	56	32
PCT1122	TO	637	344	0	0	30	314	174	140
PCT1123	MV	730	258	0	0	15	243	153	90
PCT1123	ED	208	151	0	0	12	139	89	50
PCT1123	TO	938	409	0	0	27	382	242	140
PCT1124	MV	631	246	0	0	10	236	141	95
PCT1124	ED	198	125	0	0	11	114	88	26
PCT1124	TO	829	371	0	0	21	350	229	121
PCT1125	MV	919	365	0	0	38	327	185	142
PCT1125	ED	178	115	0	0	15	100	73	27
PCT1125	TO	1097	480	0	0	53	427	258	169
PCT1126	MV	812	308	0	1	19	288	174	114
PCT1126	ED	200	108	0	0	6	102	65	37
PCT1126	TO	1012	416	0	1	25	390	239	151
PCT1127	MV	743	295	0	0	19	276	145	131
PCT1127	ED	222	148	0	0	13	135	86	49
PCT1127	TO	965	443	0	0	32	411	231	180
PCT1128	MV	734	287	0	0	15	272	141	131
PCT1128	ED	145	108	0	0	11	97	65	32
PCT1128	TO	879	395	0	0	26	369	206	163
PCT1129	MV	790	314	0	0	25	289	161	128
PCT1129	ED	246	146	0	0	16	130	86	44
PCT1129	TO	1036	460	0	0	41	419	247	172
PCT1131	MV	694	280	0	0	28	252	132	120
PCT1131	ED	166	111	0	0	12	99	69	30
PCT1131	TO	860	391	0	0	40	351	201	150
PCT1132	MV	838	370	0	0	29	341	199	142
PCT1132	ED	194	103	0	0	10	93	60	33
PCT1132	TO	1032	473	0	0	39	434	259	175
PCT1133	MV	716	336	0	0	17	319	192	127
PCT1133	ED	159	113	0	0	7	106	61	45
PCT1133	TO	875	449	0	0	24	425	253	172
PCT1134	MV	585	293	0	0	18	275	140	135
PCT1134	ED	182	127	0	0	13	114	76	38
PCT1134	TO	767	420	0	0	31	389	216	173
PCT1135	MV	465	220	0	0	11	209	122	87
PCT1135	ED	91	61	0	1	2	58	39	19
PCT1135	TO	556	281	0	1	13	267	161	106
PCT1136	MV	710	342	0	0	19	323	192	131
PCT1136	ED	157	117	0	0	10	107	70	37
PCT1136	TO	867	459	0	0	29	430	262	168
PCT1141	MV	836	394	0	1	21	372	224	148
PCT1141	ED	220	185	0	0	16	169	121	48
PCT1141	TO	1056	579	0	1	37	541	345	196
PCT1142	MV	721	330	0	0	32	298	199	99
PCT1142	ED	175	119	0	0	9	110	86	24
PCT1142	TO	896	449	0	0	41	408	285	123
PCT1143	MV	824	360	0	0	31	329	205	124
PCT1143	ED	225	189	0	0	18	171	126	45
PCT1143	TO	1049	549	0	0	49	500	331	169
PCT1144	MV	727	327	0	0	16	311	203	108
PCT1144	ED	220	165	0	0	18	147	99	48
PCT1144	TO	947	492	0	0	34	458	302	156
PCT1145	MV	753	411	0	0	28	383	232	151
PCT1145	ED	152	152	0	0	11	141	100	41
PCT1145	TO	905	563	0	0	39	524	332	192
PCT1146	MV	839	364	0	0	25	339	209	130
PCT1146	ED	215	159	0	0	10	149	105	44
PCT1146	TO	1054	523	0	0	35	488	314	174
PCT1147	MV	673	310	0	0	17	293	189	104
PCT1147	ED	212	159	0	0	16	143	102	41
PCT1147	TO	885	469	0	0	33	436	291	145
PCT1148	MV	804	370	0	0	23	347	211	136
PCT1148	ED	224	158	0	0	19	139	92	47
PCT1148	TO	1028	528	0	0	42	486	303	183
PCT1149	MV	710	320	0	0	19	301	166	135
PCT1149	ED	229	161	0	0	13	148	109	39
PCT1149	TO	939	481	0	0	32	449	275	174
PCT1151	MV	0	0	0	0	0	0	0	0
PCT1151	ED	0	0	0	0	0	0	0	0
PCT1151	TO	0	0	0	0	0	0	0	0
PCT1152	MV	710	315	0	0	29	286	165	121
PCT1152	ED	180	137	0	0	9	128	85	43
PCT1152	TO	890	452	0	0	38	414	250	164
PCT1153	MV	730	285	0	0	29	256	177	79
PCT1153	ED	210	181	0	0	16	165	108	57
PCT1153	TO	940	466	0	0	45	421	285	136
PCT1154	MV	0	0	0	0	0	0	0	0
PCT1154	ED	0	0	0	0	0	0	0	0
PCT1154	TO	0	0	0	0	0	0	0	0
PCT7001	MV	632	331	0	0	23	308	230	78
PCT7001	ED	141	149	0	0	10	139	100	39
PCT7001	TO	773	480	0	0	33	447	330	117
PCT7002	MV	598	270	0	0	24	246	195	51
PCT7002	ED	116	142	0	0	13	129	100	29
PCT7002	TO	714	412	0	0	37	375	295	80
PCT7003	MV	759	435	0	0	27	408	291	117
PCT7003	ED	147	193	0	0	17	176	128	48
PCT7003	TO	906	628	0	0	44	584	419	165
PCT7004	MV	764	418	0	0	31	387	286	101
PCT7004	ED	149	225	0	0	25	200	147	53
PCT7004	TO	913	643	0	0	56	587	433	154
PCT7005	MV	698	351	0	0	26	325	247	78
PCT7005	ED	161	230	0	0	30	200	158	42
PCT7005	TO	859	581	0	0	56	525	405	120
PCT7006	MV	729	361	0	0	32	329	253	76
PCT7006	ED	203	240	0	0	15	225	169	56
PCT7006	TO	932	601	0	0	47	554	422	132
PCT7007	MV	777	438	0	0	31	407	276	131
PCT7007	ED	180	242	0	0	24	218	168	50
PCT7007	TO	957	680	0	0	55	625	444	181
PCT7008	MV	732	369	0	0	30	339	234	105
PCT7008	ED	177	254	0	1	25	228	176	52
PCT7008	TO	909	623	0	1	55	567	410	157
PCT7009	MV	752	391	0	0	29	362	260	102
PCT7009	ED	119	160	0	0	16	144	103	41
PCT7009	TO	871	551	0	0	45	506	363	143
PCT7011	MV	704	231	0	0	17	214	144	70
PCT7011	ED	269	142	0	0	15	127	86	41
PCT7011	TO	973	373	0	0	32	341	230	111
PCT7012	MV	999	489	0	0	40	449	330	119
PCT7012	ED	227	308	0	0	36	272	204	68
PCT7012	TO	1226	797	0	0	76	721	534	187
PCT7013	MV	984	431	0	0	25	406	323	83
PCT7013	ED	155	259	0	0	30	229	170	59
PCT7013	TO	1139	690	0	0	55	635	493	142
PCT7014	MV	610	305	0	0	20	285	210	75
PCT7014	ED	109	182	0	0	27	155	120	35
PCT7014	TO	719	487	0	0	47	440	330	110
PCT7015	MV	110	41	0	0	6	35	24	11
PCT7015	ED	0	5	0	0	1	4	2	2
PCT7015	TO	110	46	0	0	7	39	26	13
PCT7016	MV	655	239	0	0	18	221	119	102
PCT7016	ED	277	124	0	0	9	115	78	37
PCT7016	TO	932	363	0	0	27	336	197	139
PCT7017	MV	543	182	0	0	26	156	99	57
PCT7017	ED	238	92	0	0	16	76	54	22
PCT7017	TO	781	274	0	0	42	232	153	79
PCT7018	MV	847	358	0	0	27	331	162	169
PCT7018	ED	200	103	0	0	10	93	69	24
PCT7018	TO	1047	461	0	0	37	424	231	193
PCT7019	MV	734	356	0	0	26	330	176	154
PCT7019	ED	166	112	0	0	13	99	70	29
PCT7019	TO	900	468	0	0	39	429	246	183
PCT7021	MV	679	271	0	0	28	243	167	76
PCT7021	ED	288	159	0	0	17	142	101	41
PCT7021	TO	967	430	0	0	45	385	268	117
PCT7022	MV	770	340	0	0	28	312	207	105
PCT7022	ED	193	93	0	0	4	89	68	21
PCT7022	TO	963	433	0	0	32	401	275	126
PCT7023	MV	687	331	0	1	24	306	174	132
PCT7023	ED	233	118	0	1	14	103	67	36
PCT7023	TO	920	449	0	2	38	409	241	168
PCT7024	MV	251	51	0	0	3	48	31	17
PCT7024	ED	190	35	0	0	5	30	20	10
PCT7024	TO	441	86	0	0	8	78	51	27
PCT7025	MV	316	97	0	0	7	90	56	34
PCT7025	ED	167	66	0	0	4	62	43	19
PCT7025	TO	483	163	0	0	11	152	99	53
PCT7026	MV	819	337	0	0	21	316	161	155
PCT7026	ED	191	125	0	0	17	108	66	42
PCT7026	TO	1010	462	0	0	38	424	227	197
PCT7027	MV	677	272	0	0	28	244	141	103
PCT7027	ED	219	143	0	0	12	131	88	43
PCT7027	TO	896	415	0	0	40	375	229	146
PCT7028	MV	586	221	0	0	14	207	119	88
PCT7028	ED	270	151	0	0	13	138	91	47
PCT7028	TO	856	372	0	0	27	345	210	135
PCT7029	MV	643	209	0	0	24	185	110	75
PCT7029	ED	266	82	0	0	7	75	41	34
PCT7029	TO	909	291	0	0	31	260	151	109
PCT7030	MV	654	274	0	1	11	262	140	122
PCT7030	ED	141	80	0	0	5	75	35	40
PCT7030	TO	795	354	0	1	16	337	175	162
PCT7031	MV	622	265	0	0	25	240	161	79
PCT7031	ED	72	78	0	0	9	69	46	23
PCT7031	TO	694	343	0	0	34	309	207	102
PCT7032	MV	643	266	0	1	22	243	149	94
PCT7032	ED	238	105	0	0	8	97	65	32
PCT7032	TO	881	371	0	1	30	340	214	126
PCT7033	MV	549	214	0	0	23	191	100	91
PCT7033	ED	229	136	0	0	15	121	73	48
PCT7033	TO	778	350	0	0	38	312	173	139
PCT7034	MV	620	142	0	1	17	124	77	47
PCT7034	ED	318	111	0	0	12	99	52	47
PCT7034	TO	938	253	0	1	29	223	129	94
PCT7035	MV	567	238	0	0	17	221	140	81
PCT7035	ED	152	101	0	0	13	88	66	22
PCT7035	TO	719	339	0	0	30	309	206	103
PCT7036	MV	781	267	0	1	22	244	122	122
PCT7036	ED	193	79	0	0	8	71	47	24
PCT7036	TO	974	346	0	1	30	315	169	146
PCT7037	MV	434	64	0	0	2	62	44	18
PCT7037	ED	312	65	0	0	15	50	28	22
PCT7037	TO	746	129	0	0	17	112	72	40
PCT7038	MV	758	308	0	1	25	282	150	132
PCT7038	ED	203	105	0	0	13	92	53	39
PCT7038	TO	961	413	0	1	38	374	203	171
PCT7039	MV	636	244	0	0	23	221	120	101
PCT7039	ED	201	146	0	0	5	141	85	56
PCT7039	TO	837	390	0	0	28	362	205	157
PCT7041	MV	66	29	0	0	4	25	10	15
PCT7041	ED	0	2	0	0	0	2	1	1
PCT7041	TO	66	31	0	0	4	27	11	16
PCT7042	MV	514	224	0	0	15	209	129	80
PCT7042	ED	146	96	0	1	6	89	69	20
PCT7042	TO	660	320	0	1	21	298	198	100
PCT7043	MV	754	295	0	0	29	266	169	97
PCT7043	ED	224	122	0	1	15	106	69	37
PCT7043	TO	978	417	0	1	44	372	238	134
PCT7044	MV	586	150	0	0	8	142	76	66
PCT7044	ED	266	95	0	0	14	81	49	32
PCT7044	TO	852	245	0	0	22	223	125	98
PCT7045	MV	632	268	0	0	24	244	126	118
PCT7045	ED	154	80	0	0	12	68	41	27
PCT7045	TO	786	348	0	0	36	312	167	145
PCT7046	MV	334	134	0	0	8	126	71	55
PCT7046	ED	96	76	0	0	6	70	43	27
PCT7046	TO	430	210	0	0	14	196	114	82
PCT7047	MV	733	315	0	0	21	294	152	142
PCT7047	ED	150	100	0	0	16	84	56	28
PCT7047	TO	883	415	0	0	37	378	208	170
PCT7048	MV	685	267	0	0	16	251	134	117
PCT7048	ED	196	80	0	0	8	72	41	31
PCT7048	TO	881	347	0	0	24	323	175	148
PCT7049	MV	616	248	0	0	20	228	110	118
PCT7049	ED	210	104	0	0	8	96	47	49
PCT7049	TO	826	352	0	0	28	324	157	167
PCT7051	MV	715	311	0	1	29	281	135	146
PCT7051	ED	165	105	0	0	9	96	65	31
PCT7051	TO	880	416	0	1	38	377	200	177
PCT7052	MV	722	298	0	0	13	285	155	130
PCT7052	ED	184	135	0	0	13	122	75	47
PCT7052	TO	906	433	0	0	26	407	230	177
PCT7053	MV	542	227	0	0	30	197	115	82
PCT7053	ED	43	70	0	0	6	64	43	21
PCT7053	TO	585	297	0	0	36	261	158	103
PCT7054	MV	863	310	0	0	23	287	177	110
PCT7054	ED	273	170	0	0	14	156	99	57
PCT7054	TO	1136	480	0	0	37	443	276	167
PCT7055	MV	732	292	0	0	21	271	193	78
PCT7055	ED	94	150	0	0	24	126	95	31
PCT7055	TO	826	442	0	0	45	397	288	109
PCT7056	MV	619	277	0	0	23	254	187	67
PCT7056	ED	86	179	0	0	24	155	116	39
PCT7056	TO	705	456	0	0	47	409	303	106
PCT7101	MV	147	99	0	0	6	93	79	14
PCT7101	ED	0	9	0	0	2	7	5	2
PCT7101	TO	147	108	0	0	8	100	84	16
PCT7201	MV	789	384	0	0	32	352	250	102
PCT7201	ED	146	195	0	0	21	174	135	39
PCT7201	TO	935	579	0	0	53	526	385	141
PCT7202	MV	708	309	0	0	24	285	174	111
PCT7202	ED	143	188	0	0	19	169	111	58
PCT7202	TO	851	497	0	0	43	454	285	169
PCT7203	MV	693	321	0	0	30	291	209	82
PCT7203	ED	186	217	0	0	28	189	157	32
PCT7203	TO	879	538	0	0	58	480	366	114
PCT7204	MV	773	425	0	0	40	385	268	117
PCT7204	ED	126	206	0	0	36	170	114	56
PCT7204	TO	899	631	0	0	76	555	382	173
PCT7205	MV	724	360	0	0	27	333	221	112
PCT7205	ED	147	203	0	0	19	184	131	53
PCT7205	TO	871	563	0	0	46	517	352	165
PCT7206	MV	299	129	0	0	11	118	85	33
PCT7206	ED	78	130	0	0	18	112	87	25
PCT7206	TO	377	259	0	0	29	230	172	58
PCT7207	MV	744	333	0	0	21	312	213	99
PCT7207	ED	123	177	0	0	22	155	123	32
PCT7207	TO	867	510	0	0	43	467	336	131
PCT7208	MV	492	254	0	0	28	226	162	64
PCT7208	ED	78	110	0	1	17	92	73	19
PCT7208	TO	570	364	0	1	45	318	235	83
PCT7209	MV	595	343	0	0	36	307	177	130
PCT7209	ED	52	82	0	0	8	74	56	18
PCT7209	TO	647	425	0	0	44	381	233	148
PCT7301	MV	813	319	0	0	18	301	215	86
PCT7301	ED	201	154	0	0	17	137	99	38
PCT7301	TO	1014	473	0	0	35	438	314	124
PCT7302	MV	713	352	0	0	34	318	207	111
PCT7302	ED	136	153	0	0	20	133	89	44
PCT7302	TO	849	505	0	0	54	451	296	155
PCT7303	MV	869	376	0	0	25	351	250	101
PCT7303	ED	199	255	0	0	39	216	173	43
PCT7303	TO	1068	631	0	0	64	567	423	144
PCT7304	MV	803	367	0	1	25	341	257	84
PCT7304	ED	198	239	0	0	17	222	176	46
PCT7304	TO	1001	606	0	1	42	563	433	130
PCT7305	MV	714	390	0	0	29	361	245	116
PCT7305	ED	153	206	0	0	15	191	136	55
PCT7305	TO	867	596	0	0	44	552	381	171
PCT7306	MV	801	375	0	0	39	336	233	103
PCT7306	ED	243	222	0	1	38	183	136	47
PCT7306	TO	1044	597	0	1	77	519	369	150
PCT7307	MV	605	276	0	0	13	263	179	84
PCT7307	ED	169	155	0	0	26	129	108	21
PCT7307	TO	774	431	0	0	39	392	287	105
PCT7308	MV	520	257	0	0	13	244	165	79
PCT7308	ED	105	175	0	0	22	153	115	38
PCT7308	TO	625	432	0	0	35	397	280	117
PCT7309	MV	691	324	0	0	29	295	201	94
PCT7309	ED	167	214	0	0	26	188	136	52
PCT7309	TO	858	538	0	0	55	483	337	146
PCT7311	MV	698	336	0	0	21	315	205	110
PCT7311	ED	208	250	0	0	29	221	173	48
PCT7311	TO	906	586	0	0	50	536	378	158
PCT7312	MV	700	397	0	0	37	360	219	141
PCT7312	ED	110	176	0	0	19	157	90	67
PCT7312	TO	810	573	0	0	56	517	309	208
PCT7313	MV	819	375	0	0	24	351	242	109
PCT7313	ED	184	181	0	0	28	153	113	40
PCT7313	TO	1003	556	0	0	52	504	355	149
PCT7314	MV	612	226	0	0	32	194	118	76
PCT7314	ED	147	89	0	0	14	75	56	19
PCT7314	TO	759	315	0	0	46	269	174	95
PCT7315	MV	570	207	0	0	17	190	133	57
PCT7315	ED	195	181	0	0	22	159	123	36
PCT7315	TO	765	388	0	0	39	349	256	93
PCT7316	MV	654	261	0	0	29	232	148	84
PCT7316	ED	178	161	0	0	14	147	111	36
PCT7316	TO	832	422	0	0	43	379	259	120
PCT7317	MV	744	350	0	0	23	327	219	108
PCT7317	ED	146	162	0	0	19	143	107	36
PCT7317	TO	890	512	0	0	42	470	326	144
PCT7318	MV	605	294	0	0	36	258	155	103
PCT7318	ED	118	150	0	0	26	124	83	41
PCT7318	TO	723	444	0	0	62	382	238	144
PCT7319	MV	861	346	0	0	26	320	225	95
PCT7319	ED	188	208	0	0	29	179	126	53
PCT7319	TO	1049	554	0	0	55	499	351	148
PCT7321	MV	557	202	0	0	24	178	114	64
PCT7321	ED	102	106	0	0	11	95	64	31
PCT7321	TO	659	308	0	0	35	273	178	95
PCT7322	MV	742	296	0	0	38	258	137	121
PCT7322	ED	146	56	0	0	8	48	42	6
PCT7322	TO	888	352	0	0	46	306	179	127
PCT7323	MV	790	369	0	1	36	332	258	74
PCT7323	ED	166	180	0	0	21	159	123	36
PCT7323	TO	956	549	0	1	57	491	381	110
PCT7324	MV	587	260	0	0	24	236	178	58
PCT7324	ED	150	136	0	0	25	111	80	31
PCT7324	TO	737	396	0	0	49	347	258	89
PCT7325	MV	714	328	0	0	34	294	206	88
PCT7325	ED	172	183	0	0	21	162	118	44
PCT7325	TO	886	511	0	0	55	456	324	132
PCT7326	MV	685	304	0	0	30	274	174	100
PCT7326	ED	174	187	0	0	32	155	108	47
PCT7326	TO	859	491	0	0	62	429	282	147
PCT7327	MV	561	230	0	0	34	196	98	98
PCT7327	ED	126	59	0	0	5	54	42	12
PCT7327	TO	687	289	0	0	39	250	140	110
PCT7328	MV	829	334	0	0	66	268	129	139
PCT7328	ED	173	85	0	0	21	64	48	16
PCT7328	TO	1002	419	0	0	87	332	177	155
PCT7329	MV	556	228	0	0	24	204	121	83
PCT7329	ED	95	105	0	0	17	88	59	29
PCT7329	TO	651	333	0	0	41	292	180	112
PCT7331	MV	710	363	0	0	34	329	205	124
PCT7331	ED	160	170	0	0	28	142	95	47
PCT7331	TO	870	533	0	0	62	471	300	171
PCT7332	MV	654	265	0	0	24	241	187	54
PCT7332	ED	136	173	0	0	15	158	133	25
PCT7332	TO	790	438	0	0	39	399	320	79
PCT7333	MV	822	392	0	0	31	361	262	99
PCT7333	ED	193	241	0	0	29	212	167	45
PCT7333	TO	1015	633	0	0	60	573	429	144
PCT7334	MV	688	307	0	0	18	289	217	72
PCT7334	ED	131	170	0	0	16	154	116	38
PCT7334	TO	819	477	0	0	34	443	333	110
PCT7335	MV	788	390	0	0	36	354	228	126
PCT7335	ED	146	217	0	0	28	189	143	46
PCT7335	TO	934	607	0	0	64	543	371	172
PCT7336	MV	779	405	0	0	25	380	246	134
PCT7336	ED	175	189	0	0	25	164	111	53
PCT7336	TO	954	594	0	0	50	544	357	187
PCT7337	MV	772	387	0	0	35	352	227	125
PCT7337	ED	125	143	0	0	11	132	89	43
PCT7337	TO	897	530	0	0	46	484	316	168
PCT7338	MV	770	360	0	0	34	326	196	130
PCT7338	ED	125	104	0	0	13	91	74	17
PCT7338	TO	895	464	0	0	47	417	270	147
PCT7339	MV	605	270	0	0	21	249	182	67
PCT7339	ED	150	149	0	0	11	138	97	41
PCT7339	TO	755	419	0	0	32	387	279	108
PCT7341	MV	675	292	0	0	29	263	190	73
PCT7341	ED	178	183	0	0	13	170	135	35
PCT7341	TO	853	475	0	0	42	433	325	108
PCT7342	MV	674	326	0	0	22	304	228	76
PCT7342	ED	230	269	0	0	24	245	183	62
PCT7342	TO	904	595	0	0	46	549	411	138
PCT7343	MV	554	253	0	0	18	235	195	40
PCT7343	ED	150	176	0	0	20	156	122	34
PCT7343	TO	704	429	0	0	38	391	317	74
PCT7344	MV	863	393	0	0	23	370	256	114
PCT7344	ED	201	238	0	0	26	212	169	43
PCT7344	TO	1064	631	0	0	49	582	425	157
PCT7345	MV	904	434	0	0	33	401	320	81
PCT7345	ED	210	253	0	0	26	227	178	49
PCT7345	TO	1114	687	0	0	59	628	498	130
PCT7346	MV	681	288	0	0	22	266	208	58
PCT7346	ED	208	209	0	0	28	181	147	34
PCT7346	TO	889	497	0	0	50	447	355	92
PCT7347	MV	833	371	0	0	31	340	288	52
PCT7347	ED	170	192	0	0	21	171	146	25
PCT7347	TO	1003	563	0	0	52	511	434	77
PCT7348	MV	650	279	0	0	22	257	196	61
PCT7348	ED	193	159	0	0	21	138	108	30
PCT7348	TO	843	438	0	0	43	395	304	91
PCT7349	MV	710	318	0	0	24	294	199	95
PCT7349	ED	202	178	0	0	19	159	126	33
PCT7349	TO	912	496	0	0	43	453	325	128
PCT7501	MV	456	248	0	0	29	219	143	76
PCT7501	ED	95	127	0	0	13	114	79	35
PCT7501	TO	551	375	0	0	42	333	222	111
PCT7502	MV	669	318	0	0	25	293	196	97
PCT7502	ED	120	167	0	0	23	144	105	39
PCT7502	TO	789	485	0	0	48	437	301	136
PCT7503	MV	614	286	0	0	28	258	186	72
PCT7503	ED	148	163	0	0	21	142	110	32
PCT7503	TO	762	449	0	0	49	400	296	104
PCT7504	MV	404	175	0	0	16	159	110	49
PCT7504	ED	84	92	0	0	14	78	59	19
PCT7504	TO	488	267	0	0	30	237	169	68
PCT7505	MV	729	406	0	0	40	366	262	104
PCT7505	ED	133	143	0	0	18	125	100	25
PCT7505	TO	862	549	0	0	58	491	362	129
PCT7506	MV	842	365	0	0	37	328	238	90
PCT7506	ED	158	206	0	0	30	176	148	28
PCT7506	TO	1000	571	0	0	67	504	386	118
PCT7507	MV	694	291	0	0	24	267	203	64
PCT7507	ED	262	156	0	0	13	143	103	40
PCT7507	TO	956	447	0	0	37	410	306	104
PCT7508	MV	618	375	0	0	35	340	252	88
PCT7508	ED	126	131	0	1	11	119	88	31
PCT7508	TO	744	506	0	1	46	459	340	119
PCT7509	MV	756	399	0	0	22	377	261	116
PCT7509	ED	173	184	0	0	18	166	118	48
PCT7509	TO	929	583	0	0	40	543	379	164
PCT7512	MV	476	248	0	0	22	226	138	88
PCT7512	ED	124	120	0	0	13	107	73	34
PCT7512	TO	600	368	0	0	35	333	211	122
PCT7513	MV	575	248	0	0	32	216	165	51
PCT7513	ED	231	159	0	0	29	130	102	28
PCT7513	TO	806	407	0	0	61	346	267	79
PCT7514	MV	709	242	0	0	36	206	143	63
PCT7514	ED	207	100	0	0	20	80	56	24
PCT7514	TO	916	342	0	0	56	286	199	87
PCT7515	MV	664	323	0	0	22	301	210	91
PCT7515	ED	200	131	0	0	20	111	92	19
PCT7515	TO	864	454	0	0	42	412	302	110
PCT7516	MV	773	424	0	0	27	397	299	98
PCT7516	ED	147	152	0	0	11	141	96	45
PCT7516	TO	920	576	0	0	38	538	395	143
PCT7517	MV	645	362	0	0	39	323	258	65
PCT7517	ED	223	266	0	0	27	239	197	42
PCT7517	TO	868	628	0	0	66	562	455	107
PCT7518	MV	708	396	0	0	37	359	281	78
PCT7518	ED	218	273	0	0	27	246	206	40
PCT7518	TO	926	669	0	0	64	605	487	118
PCT7519	MV	543	261	0	0	25	236	191	45
PCT7519	ED	172	194	0	0	22	172	142	30
PCT7519	TO	715	455	0	0	47	408	333	75
PCT7521	MV	597	323	0	0	22	301	250	51
PCT7521	ED	182	222	0	0	19	203	166	37
PCT7521	TO	779	545	0	0	41	504	416	88
PCT7522	MV	588	302	0	0	24	278	231	47
PCT7522	ED	171	221	0	0	28	193	159	34
PCT7522	TO	759	523	0	0	52	471	390	81
PCT7523	MV	564	285	0	1	24	260	208	52
PCT7523	ED	180	247	0	0	19	228	176	52
PCT7523	TO	744	532	0	1	43	488	384	104
PCT7524	MV	481	228	0	0	18	210	169	41
PCT7524	ED	143	154	0	0	13	141	106	35
PCT7524	TO	624	382	0	0	31	351	275	76
PCT7525	MV	594	247	0	0	28	219	170	49
PCT7525	ED	170	159	0	0	23	136	103	33
PCT7525	TO	764	406	0	0	51	355	273	82
PCT7526	MV	825	397	0	0	42	355	284	71
PCT7526	ED	163	258	0	0	31	227	173	54
PCT7526	TO	988	655	0	0	73	582	457	125
PCT7527	MV	538	296	0	0	30	266	208	58
PCT7527	ED	172	157	0	0	14	143	117	26
PCT7527	TO	710	453	0	0	44	409	325	84
PCT7529	MV	749	367	0	0	25	342	287	55
PCT7529	ED	154	261	0	0	20	241	200	41
PCT7529	TO	903	628	0	0	45	583	487	96
PCT7531	MV	714	336	0	0	17	319	275	44
PCT7531	ED	159	211	0	0	15	196	166	30
PCT7531	TO	873	547	0	0	32	515	441	74
PCT7532	MV	668	330	0	0	23	307	227	80
PCT7532	ED	167	225	0	0	29	196	145	51
PCT7532	TO	835	555	0	0	52	503	372	131
PCT7533	MV	777	405	0	0	35	370	297	73
PCT7533	ED	193	286	0	0	25	261	220	41
PCT7533	TO	970	691	0	0	60	631	517	114
PCT7534	MV	670	377	0	0	27	350	291	59
PCT7534	ED	233	259	0	0	28	231	195	36
PCT7534	TO	903	636	0	0	55	581	486	95
PCT7535	MV	606	303	0	0	32	271	222	49
PCT7535	ED	139	218	0	1	27	190	161	29
PCT7535	TO	745	521	0	1	59	461	383	78
PCT7536	MV	670	347	0	0	15	332	274	58
PCT7536	ED	163	231	0	0	24	207	165	42
PCT7536	TO	833	578	0	0	39	539	439	100
PCT7537	MV	619	302	0	0	19	283	228	55
PCT7537	ED	126	221	0	0	20	201	162	39
PCT7537	TO	745	523	0	0	39	484	390	94
PCT7538	MV	562	324	0	0	19	305	244	61
PCT7538	ED	189	233	0	0	20	213	179	34
PCT7538	TO	751	557	0	0	39	518	423	95
PCT7539	MV	696	376	0	0	23	353	293	60
PCT7539	ED	225	277	0	0	23	254	222	32
PCT7539	TO	921	653	0	0	46	607	515	92
PCT7541	MV	601	296	0	0	26	270	224	46
PCT7541	ED	169	236	0	0	31	205	181	24
PCT7541	TO	770	532	0	0	57	475	405	70
PCT7542	MV	632	325	0	0	19	306	263	43
PCT7542	ED	192	222	0	0	15	207	178	29
PCT7542	TO	824	547	0	0	34	513	441	72
PCT7543	MV	694	373	0	0	21	352	295	57
PCT7543	ED	230	191	0	0	27	164	140	24
PCT7543	TO	924	564	0	0	48	516	435	81
PCT7544	MV	731	389	0	0	34	355	296	59
PCT7544	ED	168	232	0	0	21	211	172	39
PCT7544	TO	899	621	0	0	55	566	468	98
PCT7545	MV	723	386	0	0	28	358	294	64
PCT7545	ED	172	211	0	0	22	189	165	24
PCT7545	TO	895	597	0	0	50	547	459	88
PCT7546	MV	770	419	0	0	29	390	316	74
PCT7546	ED	183	277	0	0	27	250	191	59
PCT7546	TO	953	696	0	0	56	640	507	133
PCT7547	MV	799	427	0	0	31	396	340	56
PCT7547	ED	182	270	0	0	26	244	218	26
PCT7547	TO	981	697	0	0	57	640	558	82
PCT7548	MV	803	450	0	0	30	420	344	76
PCT7548	ED	248	281	0	0	24	257	219	38
PCT7548	TO	1051	731	0	0	54	677	563	114
PCT7549	MV	660	359	0	0	29	330	248	82
PCT7549	ED	146	200	0	0	29	171	138	33
PCT7549	TO	806	559	0	0	58	501	386	115
PCT7551	MV	587	304	0	0	18	286	228	58
PCT7551	ED	136	233	0	0	21	212	154	58
PCT7551	TO	723	537	0	0	39	498	382	116
PCT7552	MV	561	289	0	1	26	262	201	61
PCT7552	ED	124	185	0	1	28	156	118	38
PCT7552	TO	685	474	0	2	54	418	319	99
PCT7553	MV	191	96	0	0	8	88	65	23
PCT7553	ED	0	19	0	0	2	17	14	3
PCT7553	TO	191	115	0	0	10	105	79	26
PCT7554	MV	653	382	0	0	35	347	260	87
PCT7554	ED	168	226	0	0	23	203	151	52
PCT7554	TO	821	608	0	0	58	550	411	139
PCT7555	MV	662	418	0	0	40	378	283	95
PCT7555	ED	210	258	0	0	24	234	173	61
PCT7555	TO	872	676	0	0	64	612	456	156
PCT7556	MV	812	514	0	0	27	487	361	126
PCT7556	ED	154	236	0	0	30	206	152	54
PCT7556	TO	966	750	0	0	57	693	513	180
PCT7601	MV	485	207	0	0	16	191	140	51
PCT7601	ED	192	125	0	0	16	109	91	18
PCT7601	TO	677	332	0	0	32	300	231	69
PCT7602	MV	654	277	0	0	21	256	206	50
PCT7602	ED	232	150	0	0	14	136	117	19
PCT7602	TO	886	427	0	0	35	392	323	69
PCT7603	MV	615	296	0	0	26	270	223	47
PCT7603	ED	200	208	0	0	18	190	159	31
PCT7603	TO	815	504	0	0	44	460	382	78
PCT7604	MV	685	270	0	1	19	250	203	47
PCT7604	ED	259	187	0	0	26	161	127	34
PCT7604	TO	944	457	0	1	45	411	330	81
PCT7605	MV	469	192	0	0	20	172	115	57
PCT7605	ED	192	98	0	0	12	86	60	26
PCT7605	TO	661	290	0	0	32	258	175	83
PCT7606	MV	673	267	0	0	30	237	178	59
PCT7606	ED	210	123	0	0	16	107	86	21
PCT7606	TO	883	390	0	0	46	344	264	80
PCT7607	MV	712	288	0	0	21	267	207	60
PCT7607	ED	207	143	0	0	11	132	107	25
PCT7607	TO	919	431	0	0	32	399	314	85
PCT7608	MV	279	96	0	0	8	88	48	40
PCT7608	ED	101	28	0	0	1	27	21	6
PCT7608	TO	380	124	0	0	9	115	69	46
PCT7609	MV	699	287	0	0	42	245	159	86
PCT7609	ED	185	76	0	0	11	65	48	17
PCT7609	TO	884	363	0	0	53	310	207	103
PCT7611	MV	586	236	0	0	18	218	159	59
PCT7611	ED	202	70	0	0	7	63	49	14
PCT7611	TO	788	306	0	0	25	281	208	73
PCT7612	MV	452	216	0	2	13	201	137	64
PCT7612	ED	105	61	0	0	5	56	43	13
PCT7612	TO	557	277	0	2	18	257	180	77
PCT7613	MV	634	244	0	0	21	223	167	56
PCT7613	ED	249	123	0	1	15	107	88	19
PCT7613	TO	883	367	0	1	36	330	255	75
PCT7614	MV	713	255	0	0	26	229	175	54
PCT7614	ED	203	133	0	0	13	120	97	23
PCT7614	TO	916	388	0	0	39	349	272	77
PCT7615	MV	510	165	0	0	15	150	113	37
PCT7615	ED	240	91	0	0	9	82	70	12
PCT7615	TO	750	256	0	0	24	232	183	49
PCT7616	MV	754	332	0	0	36	296	244	52
PCT7616	ED	82	191	0	1	27	163	130	33
PCT7616	TO	836	523	0	1	63	459	374	85
PCT7617	MV	583	222	0	0	30	192	131	61
PCT7617	ED	169	78	0	0	10	68	55	13
PCT7617	TO	752	300	0	0	40	260	186	74
PCT7618	MV	763	365	0	0	28	337	261	76
PCT7618	ED	151	141	0	0	17	124	95	29
PCT7618	TO	914	506	0	0	45	461	356	105
PCT7619	MV	938	439	0	0	31	408	336	72
PCT7619	ED	169	207	0	0	27	180	144	36
PCT7619	TO	1107	646	0	0	58	588	480	108
PCT7621	MV	1006	443	0	0	24	419	329	90
PCT7621	ED	149	185	0	0	29	156	124	32
PCT7621	TO	1155	628	0	0	53	575	453	122
PCT7622	MV	697	216	0	0	13	203	146	57
PCT7622	ED	263	127	0	0	14	113	95	18
PCT7622	TO	960	343	0	0	27	316	241	75
PCT7623	MV	767	256	0	1	22	233	173	60
PCT7623	ED	237	167	0	0	17	150	117	33
PCT7623	TO	1004	423	0	1	39	383	290	93
PCT7624	MV	652	210	0	0	18	192	130	62
PCT7624	ED	223	114	0	0	18	96	80	16
PCT7624	TO	875	324	0	0	36	288	210	78
PCT7625	MV	749	396	0	0	70	326	182	144
PCT7625	ED	73	51	0	0	4	47	27	20
PCT7625	TO	822	447	0	0	74	373	209	164
PCT7626	MV	945	404	0	0	43	361	248	113
PCT7626	ED	128	164	0	0	18	146	105	41
PCT7626	TO	1073	568	0	0	61	507	353	154
PCT7627	MV	457	196	0	0	18	178	113	65
PCT7627	ED	67	80	0	0	13	67	49	18
PCT7627	TO	524	276	0	0	31	245	162	83
PCT7628	MV	718	333	0	0	21	312	244	68
PCT7628	ED	220	185	0	0	16	169	126	43
PCT7628	TO	938	518	0	0	37	481	370	111
PCT7629	MV	691	277	0	0	24	253	194	59
PCT7629	ED	162	159	0	0	18	141	102	39
PCT7629	TO	853	436	0	0	42	394	296	98
PCT7631	MV	1009	442	0	0	35	407	297	110
PCT7631	ED	210	213	0	0	28	185	149	36
PCT7631	TO	1219	655	0	0	63	592	446	146
PCT7632	MV	1002	414	0	0	24	390	308	82
PCT7632	ED	169	237	0	0	24	213	171	42
PCT7632	TO	1171	651	0	0	48	603	479	124
PCT7633	MV	609	278	0	0	28	250	165	85
PCT7633	ED	126	124	0	0	15	109	89	20
PCT7633	TO	735	402	0	0	43	359	254	105
PCT7634	MV	704	344	0	0	44	300	206	94
PCT7634	ED	186	155	0	0	26	129	91	38
PCT7634	TO	890	499	0	0	70	429	297	132
PCT7635	MV	665	274	0	0	13	261	178	83
PCT7635	ED	188	145	0	0	15	130	109	21
PCT7635	TO	853	419	0	0	28	391	287	104
PCT7636	MV	798	331	0	0	28	303	231	72
PCT7636	ED	161	188	0	0	22	166	120	46
PCT7636	TO	959	519	0	0	50	469	351	118
PCT7637	MV	747	344	0	0	36	308	200	108
PCT7637	ED	121	169	0	1	23	145	95	50
PCT7637	TO	868	513	0	1	59	453	295	158
PCT7638	MV	806	374	0	0	35	339	210	129
PCT7638	ED	83	148	0	0	17	131	75	56
PCT7638	TO	889	522	0	0	52	470	285	185
PCT7639	MV	889	397	0	0	34	363	244	119
PCT7639	ED	133	175	0	0	35	140	100	40
PCT7639	TO	1022	572	0	0	69	503	344	159
PCT7641	MV	817	401	0	0	22	379	231	148
PCT7641	ED	134	158	0	0	16	142	85	57
PCT7641	TO	951	559	0	0	38	521	316	205
PCT7642	MV	647	314	0	0	17	297	178	119
PCT7642	ED	118	157	0	0	23	134	87	47
PCT7642	TO	765	471	0	0	40	431	265	166
PCT7643	MV	810	434	0	0	29	405	284	121
PCT7643	ED	131	135	0	0	23	112	72	40
PCT7643	TO	941	569	0	0	52	517	356	161
PCT7644	MV	1014	404	0	1	39	364	276	88
PCT7644	ED	162	234	0	0	26	208	171	37
PCT7644	TO	1176	638	0	1	65	572	447	125
PCT7645	MV	595	286	0	0	23	263	156	107
PCT7645	ED	61	112	0	0	18	94	58	36
PCT7645	TO	656	398	0	0	41	357	214	143
PCT7646	MV	1032	485	0	0	43	442	321	121
PCT7646	ED	121	251	0	0	59	192	148	44
PCT7646	TO	1153	736	0	0	102	634	469	165
PCT7647	MV	724	212	0	0	8	204	146	58
PCT7647	ED	263	148	0	0	18	130	104	26
PCT7647	TO	987	360	0	0	26	334	250	84
PCT7648	MV	2	1	0	0	1	0	0	0
PCT7648	ED	0	0	0	0	0	0	0	0
PCT7648	TO	2	1	0	0	1	0	0	0
PCT7649	MV	724	286	0	0	15	271	186	85
PCT7649	ED	176	152	0	0	15	137	100	37
PCT7649	TO	900	438	0	0	30	408	286	122
PCT7651	MV	834	334	0	0	31	303	217	86
PCT7651	ED	113	169	0	0	21	148	104	44
PCT7651	TO	947	503	0	0	52	451	321	130
PCT7652	MV	535	209	0	0	16	193	140	53
PCT7652	ED	100	122	0	0	11	111	82	29
PCT7652	TO	635	331	0	0	27	304	222	82
PCT7653	MV	750	337	0	0	39	298	226	72
PCT7653	ED	89	146	0	0	20	126	87	39
PCT7653	TO	839	483	0	0	59	424	313	111
PCT7654	MV	413	191	0	0	14	177	131	46
PCT7654	ED	53	106	0	0	16	90	68	22
PCT7654	TO	466	297	0	0	30	267	199	68
PCT7655	MV	583	216	0	0	11	205	143	62
PCT7655	ED	96	127	0	0	23	104	79	25
PCT7655	TO	679	343	0	0	34	309	222	87
PCT7656	MV	603	309	0	0	28	281	173	108
PCT7656	ED	35	81	0	0	15	66	49	17
PCT7656	TO	638	390	0	0	43	347	222	125
PCT7657	MV	561	270	0	0	28	242	170	72
PCT7657	ED	37	109	0	0	15	94	65	29
PCT7657	TO	598	379	0	0	43	336	235	101
PCT7701	MV	869	482	0	0	47	435	313	122
PCT7701	ED	195	251	0	0	30	221	161	60
PCT7701	TO	1064	733	0	0	77	656	474	182
PCT7702	MV	623	378	0	0	22	356	212	144
PCT7702	ED	133	146	0	0	14	132	92	40
PCT7702	TO	756	524	0	0	36	488	304	184
PCT7703	MV	174	71	0	0	10	61	41	20
PCT7703	ED	0	1	0	0	1	0	0	0
PCT7703	TO	174	72	0	0	11	61	41	20
PCT7704	MV	798	491	0	0	39	452	256	196
PCT7704	ED	204	221	0	0	20	201	114	87
PCT7704	TO	1002	712	0	0	59	653	370	283
PCT7705	MV	470	286	0	0	21	265	160	105
PCT7705	ED	125	148	0	0	14	134	71	63
PCT7705	TO	595	434	0	0	35	399	231	168
PCT7706	MV	687	451	0	0	32	419	257	162
PCT7706	ED	179	198	0	0	15	183	113	70
PCT7706	TO	866	649	0	0	47	602	370	232
PCT7707	MV	683	432	0	0	29	403	262	141
PCT7707	ED	189	226	0	0	18	208	130	78
PCT7707	TO	872	658	0	0	47	611	392	219
PCT7708	MV	710	462	0	0	34	428	273	155
PCT7708	ED	165	192	0	0	21	171	111	60
PCT7708	TO	875	654	0	0	55	599	384	215
PCT7709	MV	324	194	0	0	12	182	120	62
PCT7709	ED	82	107	0	0	9	98	76	22
PCT7709	TO	406	301	0	0	21	280	196	84
PCT7711	MV	658	380	0	0	23	357	246	111
PCT7711	ED	153	163	0	0	11	152	115	37
PCT7711	TO	811	543	0	0	34	509	361	148
PCT7712	MV	425	259	0	0	14	245	187	58
PCT7712	ED	107	135	0	0	14	121	88	33
PCT7712	TO	532	394	0	0	28	366	275	91
PCT7801	MV	824	487	0	0	24	463	335	128
PCT7801	ED	150	249	0	0	22	227	157	70
PCT7801	TO	974	736	0	0	46	690	492	198
PCT7802	MV	647	402	0	0	28	374	266	108
PCT7802	ED	151	212	0	1	20	191	149	42
PCT7802	TO	798	614	0	1	48	565	415	150
PCT7803	MV	718	476	0	0	27	449	345	104
PCT7803	ED	113	160	0	0	14	146	109	37
PCT7803	TO	831	636	0	0	41	595	454	141
PCT7804	MV	734	463	0	0	40	423	338	85
PCT7804	ED	151	246	0	0	31	215	161	54
PCT7804	TO	885	709	0	0	71	638	499	139
PCT7805	MV	644	402	0	0	35	367	303	64
PCT7805	ED	156	216	0	0	16	200	176	24
PCT7805	TO	800	618	0	0	51	567	479	88
PCT7806	MV	602	362	0	1	30	331	263	68
PCT7806	ED	153	208	0	0	24	184	158	26
PCT7806	TO	755	570	0	1	54	515	421	94
PCT7807	MV	642	363	0	0	21	342	295	47
PCT7807	ED	185	247	0	0	20	227	204	23
PCT7807	TO	827	610	0	0	41	569	499	70
PCT7808	MV	525	297	0	0	26	271	230	41
PCT7808	ED	129	170	0	0	21	149	126	23
PCT7808	TO	654	467	0	0	47	420	356	64
PCT7809	MV	624	352	0	0	26	326	287	39
PCT7809	ED	140	184	0	0	17	167	143	24
PCT7809	TO	764	536	0	0	43	493	430	63
PCT7811	MV	582	311	0	0	22	289	240	49
PCT7811	ED	176	218	0	0	14	204	169	35
PCT7811	TO	758	529	0	0	36	493	409	84
PCT7812	MV	680	371	0	0	29	342	293	49
PCT7812	ED	217	232	0	0	28	204	161	43
PCT7812	TO	897	603	0	0	57	546	454	92
PCT7813	MV	843	486	0	0	22	464	389	75
PCT7813	ED	225	300	0	1	23	276	235	41
PCT7813	TO	1068	786	0	1	45	740	624	116
PCT7814	MV	660	281	0	0	17	264	212	52
PCT7814	ED	241	191	0	0	21	170	130	40
PCT7814	TO	901	472	0	0	38	434	342	92
PCT7815	MV	749	465	0	0	42	423	328	95
PCT7815	ED	168	231	0	0	20	211	173	38
PCT7815	TO	917	696	0	0	62	634	501	133
PCT7816	MV	724	475	0	0	35	440	367	73
PCT7816	ED	148	213	0	0	20	193	146	47
PCT7816	TO	872	688	0	0	55	633	513	120
PCT7817	MV	652	396	0	0	11	385	337	48
PCT7817	ED	186	237	0	0	14	223	190	33
PCT7817	TO	838	633	0	0	25	608	527	81
PCT7818	MV	668	393	0	0	21	372	314	58
PCT7818	ED	171	205	0	0	17	188	161	27
PCT7818	TO	839	598	0	0	38	560	475	85
PCT7819	MV	635	353	0	0	27	326	260	66
PCT7819	ED	139	183	0	0	23	160	129	31
PCT7819	TO	774	536	0	0	50	486	389	97
PCT7821	MV	806	520	0	0	18	502	410	92
PCT7821	ED	170	249	0	0	17	232	174	58
PCT7821	TO	976	769	0	0	35	734	584	150
PCT7822	MV	673	396	0	0	23	373	323	50
PCT7822	ED	219	258	0	0	23	235	184	51
PCT7822	TO	892	654	0	0	46	608	507	101
PCT7823	MV	706	411	0	0	25	386	323	63
PCT7823	ED	177	275	0	0	22	253	220	33
PCT7823	TO	883	686	0	0	47	639	543	96
PCT7824	MV	615	338	0	0	26	312	253	59
PCT7824	ED	153	219	0	0	24	195	155	40
PCT7824	TO	768	557	0	0	50	507	408	99
PCT7825	MV	457	252	0	0	15	237	207	30
PCT7825	ED	151	186	0	0	13	173	147	26
PCT7825	TO	608	438	0	0	28	410	354	56
PCT7826	MV	486	263	0	0	13	250	210	40
PCT7826	ED	204	227	0	0	22	205	179	26
PCT7826	TO	690	490	0	0	35	455	389	66
PCT7827	MV	609	320	0	0	25	295	234	61
PCT7827	ED	217	222	0	0	25	197	169	28
PCT7827	TO	826	542	0	0	50	492	403	89
PCT7828	MV	857	479	0	0	35	444	334	110
PCT7828	ED	171	251	0	1	35	215	159	56
PCT7828	TO	1028	730	0	1	70	659	493	166
PCT7829	MV	742	468	0	0	34	434	333	101
PCT7829	ED	149	204	0	1	14	189	149	40
PCT7829	TO	891	672	0	1	48	623	482	141
PCT7831	MV	763	486	0	0	37	449	346	103
PCT7831	ED	139	205	0	0	12	193	153	40
PCT7831	TO	902	691	0	0	49	642	499	143
PCT7832	MV	663	415	0	1	26	388	307	81
PCT7832	ED	118	170	0	0	18	152	120	32
PCT7832	TO	781	585	0	1	44	540	427	113
PCT7833	MV	587	345	0	0	21	324	270	54
PCT7833	ED	146	191	0	0	23	168	141	27
PCT7833	TO	733	536	0	0	44	492	411	81
PCT7834	MV	700	377	0	0	36	341	286	55
PCT7834	ED	194	258	0	0	31	227	179	48
PCT7834	TO	894	635	0	0	67	568	465	103
PCT7835	MV	721	430	0	1	24	405	306	99
PCT7835	ED	142	202	0	0	20	182	137	45
PCT7835	TO	863	632	0	1	44	587	443	144
PCT7836	MV	850	507	0	0	36	471	364	107
PCT7836	ED	193	232	0	1	10	221	172	49
PCT7836	TO	1043	739	0	1	46	692	536	156
PCT7837	MV	718	425	0	0	38	387	283	104
PCT7837	ED	205	264	0	0	28	236	176	60
PCT7837	TO	923	689	0	0	66	623	459	164
PCT7838	MV	752	494	0	0	32	462	337	125
PCT7838	ED	143	210	0	0	18	192	155	37
PCT7838	TO	895	704	0	0	50	654	492	162
PCT7839	MV	731	459	0	1	39	419	317	102
PCT7839	ED	130	201	0	0	18	183	135	48
PCT7839	TO	861	660	0	1	57	602	452	150
PCT7841	MV	752	459	0	0	35	424	324	100
PCT7841	ED	198	264	0	0	24	240	175	65
PCT7841	TO	950	723	0	0	59	664	499	165
PCT7842	MV	702	396	0	0	30	366	297	69
PCT7842	ED	177	243	0	1	17	225	175	50
PCT7842	TO	879	639	0	1	47	591	472	119
PCT7843	MV	546	296	0	0	17	279	221	58
PCT7843	ED	183	220	0	0	21	199	168	31
PCT7843	TO	729	516	0	0	38	478	389	89
PCT7844	MV	499	282	0	1	24	257	219	38
PCT7844	ED	152	187	0	0	17	170	140	30
PCT7844	TO	651	469	0	1	41	427	359	68
PCT7845	MV	676	405	0	0	27	378	284	94
PCT7845	ED	204	225	0	0	25	200	152	48
PCT7845	TO	880	630	0	0	52	578	436	142
PCT7846	MV	736	467	0	0	48	419	304	115
PCT7846	ED	172	234	0	0	31	203	150	53
PCT7846	TO	908	701	0	0	79	622	454	168
PCT7847	MV	698	432	0	0	34	398	312	86
PCT7847	ED	193	231	0	0	16	215	167	48
PCT7847	TO	891	663	0	0	50	613	479	134
PCT7848	MV	665	438	0	0	23	415	295	120
PCT7848	ED	182	226	0	0	29	197	143	54
PCT7848	TO	847	664	0	0	52	612	438	174
PCT7849	MV	729	443	0	0	36	407	308	99
PCT7849	ED	172	260	0	0	33	227	183	44
PCT7849	TO	901	703	0	0	69	634	491	143
PCT7851	MV	414	272	0	0	24	248	146	102
PCT7851	ED	112	118	0	0	12	106	54	52
PCT7851	TO	526	390	0	0	36	354	200	154
PCT7852	MV	533	351	0	0	30	321	221	100
PCT7852	ED	111	133	0	0	14	119	82	37
PCT7852	TO	644	484	0	0	44	440	303	137
PCT7853	MV	694	395	0	0	33	362	250	112
PCT7853	ED	161	196	0	0	18	178	116	62
PCT7853	TO	855	591	0	0	51	540	366	174
PCT7854	MV	703	430	0	0	42	388	292	96
PCT7854	ED	175	221	0	0	23	198	154	44
PCT7854	TO	878	651	0	0	65	586	446	140
PCT7855	MV	763	451	0	0	36	415	301	114
PCT7855	ED	211	264	0	0	29	235	182	53
PCT7855	TO	974	715	0	0	65	650	483	167
PCT7856	MV	643	378	0	0	26	352	262	90
PCT7856	ED	204	250	0	0	23	227	175	52
PCT7856	TO	847	628	0	0	49	579	437	142
PCT7857	MV	748	438	0	0	37	401	300	101
PCT7857	ED	158	220	0	1	24	195	142	53
PCT7857	TO	906	658	0	1	61	596	442	154
PCT7858	MV	622	351	0	0	27	324	269	55
PCT7858	ED	157	206	0	0	19	187	152	35
PCT7858	TO	779	557	0	0	46	511	421	90
PCT7859	MV	747	465	0	0	35	430	318	112
PCT7859	ED	152	224	0	0	28	196	146	50
PCT7859	TO	899	689	0	0	63	626	464	162
PCT7861	MV	699	435	0	0	25	410	306	104
PCT7861	ED	164	217	0	0	16	201	159	42
PCT7861	TO	863	652	0	0	41	611	465	146
PCT7862	MV	669	404	0	0	30	374	291	83
PCT7862	ED	195	241	0	0	16	225	169	56
PCT7862	TO	864	645	0	0	46	599	460	139
PCT7863	MV	693	376	0	0	31	345	268	77
PCT7863	ED	208	273	0	0	19	254	202	52
PCT7863	TO	901	649	0	0	50	599	470	129
PCT7864	MV	661	376	0	0	34	342	249	93
PCT7864	ED	153	208	0	0	22	186	138	48
PCT7864	TO	814	584	0	0	56	528	387	141
PCT7865	MV	677	410	0	0	41	369	280	89
PCT7865	ED	163	201	0	0	20	181	144	37
PCT7865	TO	840	611	0	0	61	550	424	126
PCT7866	MV	690	447	0	0	31	416	258	158
PCT7866	ED	158	192	0	0	13	179	121	58
PCT7866	TO	848	639	0	0	44	595	379	216
PCT7867	MV	766	475	0	0	27	448	332	116
PCT7867	ED	212	235	0	0	28	207	155	52
PCT7867	TO	978	710	0	0	55	655	487	168
PCT7868	MV	659	376	0	0	24	352	247	105
PCT7868	ED	217	219	0	0	18	201	140	61
PCT7868	TO	876	595	0	0	42	553	387	166
PCT7869	MV	683	445	0	0	22	423	308	115
PCT7869	ED	178	225	0	0	23	202	154	48
PCT7869	TO	861	670	0	0	45	625	462	163
PCT7871	MV	702	466	0	0	34	432	331	101
PCT7871	ED	200	199	0	0	22	177	118	59
PCT7871	TO	902	665	0	0	56	609	449	160
PCT7872	MV	675	422	0	0	28	394	282	112
PCT7872	ED	199	232	0	0	21	211	153	58
PCT7872	TO	874	654	0	0	49	605	435	170
PCT7873	MV	689	445	0	0	29	416	304	112
PCT7873	ED	202	256	0	0	24	232	174	58
PCT7873	TO	891	701	0	0	53	648	478	170
PCT7874	MV	370	191	0	0	9	182	137	45
PCT7874	ED	119	131	0	0	13	118	88	30
PCT7874	TO	489	322	0	0	22	300	225	75
PCT7875	MV	500	253	0	0	19	234	159	75
PCT7875	ED	147	158	0	0	16	142	112	30
PCT7875	TO	647	411	0	0	35	376	271	105
PCT7876	MV	462	258	0	0	23	235	204	31
PCT7876	ED	106	129	0	0	18	111	91	20
PCT7876	TO	568	387	0	0	41	346	295	51
PCT7901	MV	399	192	0	0	12	180	153	27
PCT7901	ED	150	104	0	0	9	95	82	13
PCT7901	TO	549	296	0	0	21	275	235	40
PCT7902	MV	680	291	0	0	13	278	216	62
PCT7902	ED	232	208	0	1	17	190	158	32
PCT7902	TO	912	499	0	1	30	468	374	94
PCT7903	MV	623	286	0	0	18	268	218	50
PCT7903	ED	229	196	0	0	23	173	139	34
PCT7903	TO	852	482	0	0	41	441	357	84
PCT7904	MV	680	299	0	0	21	278	215	63
PCT7904	ED	157	187	0	0	18	169	147	22
PCT7904	TO	837	486	0	0	39	447	362	85
PCT7905	MV	684	356	0	1	23	332	272	60
PCT7905	ED	191	226	0	0	15	211	168	43
PCT7905	TO	875	582	0	1	38	543	440	103
PCT7906	MV	599	283	0	0	17	266	229	37
PCT7906	ED	187	206	0	0	26	180	154	26
PCT7906	TO	786	489	0	0	43	446	383	63
PCT7907	MV	704	345	0	0	16	329	279	50
PCT7907	ED	238	251	0	0	24	227	187	40
PCT7907	TO	942	596	0	0	40	556	466	90
PCT7908	MV	752	366	0	0	21	345	264	81
PCT7908	ED	240	250	0	0	24	226	182	44
PCT7908	TO	992	616	0	0	45	571	446	125
PCT7909	MV	558	311	0	0	22	289	252	37
PCT7909	ED	185	179	0	1	13	165	131	34
PCT7909	TO	743	490	0	1	35	454	383	71
PCT7911	MV	666	323	0	0	21	302	231	71
PCT7911	ED	205	207	0	0	22	185	146	39
PCT7911	TO	871	530	0	0	43	487	377	110
PCT7912	MV	800	370	0	0	19	351	299	52
PCT7912	ED	259	263	0	0	36	227	177	50
PCT7912	TO	1059	633	0	0	55	578	476	102
PCT7913	MV	661	352	0	0	11	341	274	67
PCT7913	ED	262	303	0	0	13	290	229	61
PCT7913	TO	923	655	0	0	24	631	503	128
PCT7914	MV	716	391	0	1	29	361	289	72
PCT7914	ED	186	217	0	0	24	193	152	41
PCT7914	TO	902	608	0	1	53	554	441	113
PCT7915	MV	605	290	0	0	20	270	216	54
PCT7915	ED	238	249	0	1	19	229	179	50
PCT7915	TO	843	539	0	1	39	499	395	104
PCT7916	MV	639	338	0	0	18	320	265	55
PCT7916	ED	219	231	0	0	18	213	190	23
PCT7916	TO	858	569	0	0	36	533	455	78
PCT7917	MV	716	358	0	0	21	337	280	57
PCT7917	ED	271	262	0	0	13	249	213	36
PCT7917	TO	987	620	0	0	34	586	493	93
PCT7918	MV	597	297	0	1	21	275	234	41
PCT7918	ED	227	202	0	0	16	186	146	40
PCT7918	TO	824	499	0	1	37	461	380	81
PCT7919	MV	609	309	0	0	19	290	235	55
PCT7919	ED	257	251	0	0	20	231	196	35
PCT7919	TO	866	560	0	0	39	521	431	90
PCT7921	MV	682	310	0	0	17	293	229	64
PCT7921	ED	229	181	0	0	16	165	129	36
PCT7921	TO	911	491	0	0	33	458	358	100
PCT7922	MV	648	314	0	0	20	294	231	63
PCT7922	ED	210	247	0	0	21	226	184	42
PCT7922	TO	858	561	0	0	41	520	415	105
PCT7923	MV	666	338	0	1	20	317	244	73
PCT7923	ED	214	261	0	0	23	238	200	38
PCT7923	TO	880	599	0	1	43	555	444	111
PCT7924	MV	650	305	0	0	16	289	226	63
PCT7924	ED	201	191	0	0	15	176	136	40
PCT7924	TO	851	496	0	0	31	465	362	103
PCT7925	MV	434	227	0	0	18	209	168	41
PCT7925	ED	110	127	0	0	7	120	97	23
PCT7925	TO	544	354	0	0	25	329	265	64
PCT7926	MV	610	341	0	0	25	316	237	79
PCT7926	ED	178	199	0	0	20	179	138	41
PCT7926	TO	788	540	0	0	45	495	375	120
PCT7927	MV	580	335	0	0	28	307	253	54
PCT7927	ED	162	217	0	1	19	197	162	35
PCT7927	TO	742	552	0	1	47	504	415	89
PCT7928	MV	700	397	0	0	24	373	305	68
PCT7928	ED	217	276	0	0	14	262	209	53
PCT7928	TO	917	673	0	0	38	635	514	121
PCT7929	MV	678	424	0	0	21	403	302	101
PCT7929	ED	169	225	0	0	19	206	154	52
PCT7929	TO	847	649	0	0	40	609	456	153
PCT7931	MV	610	378	0	0	32	346	279	67
PCT7931	ED	141	187	0	0	23	164	124	40
PCT7931	TO	751	565	0	0	55	510	403	107
PCT7932	MV	443	277	0	0	19	258	176	82
PCT7932	ED	118	117	0	0	13	104	76	28
PCT7932	TO	561	394	0	0	32	362	252	110
PCT7933	MV	8	6	0	0	0	6	3	3
PCT7933	ED	0	0	0	0	0	0	0	0
PCT7933	TO	8	6	0	0	0	6	3	3
PCT7934	MV	702	413	0	0	33	380	301	79
PCT7934	ED	182	202	0	0	25	177	148	29
PCT7934	TO	884	615	0	0	58	557	449	108
PCT7935	MV	716	440	0	0	33	407	329	78
PCT7935	ED	227	277	0	1	30	246	209	37
PCT7935	TO	943	717	0	1	63	653	538	115
PCT7936	MV	620	373	0	0	29	344	276	68
PCT7936	ED	236	271	0	0	17	254	199	55
PCT7936	TO	856	644	0	0	46	598	475	123
PCT7937	MV	698	406	0	0	31	375	292	83
PCT7937	ED	202	218	0	0	18	200	167	33
PCT7937	TO	900	624	0	0	49	575	459	116
PCT7938	MV	536	301	0	0	20	281	217	64
PCT7938	ED	215	153	0	0	14	139	110	29
PCT7938	TO	751	454	0	0	34	420	327	93
PCT7939	MV	481	292	0	0	21	271	219	52
PCT7939	ED	205	239	0	0	18	221	178	43
PCT7939	TO	686	531	0	0	39	492	397	95
PCT7941	MV	576	305	0	0	23	282	223	59
PCT7941	ED	196	202	0	0	18	184	140	44
PCT7941	TO	772	507	0	0	41	466	363	103
PCT7942	MV	658	333	0	0	24	309	229	80
PCT7942	ED	274	191	0	0	13	178	138	40
PCT7942	TO	932	524	0	0	37	487	367	120
PCT7943	MV	686	370	0	0	20	350	246	104
PCT7943	ED	214	241	0	0	24	217	155	62
PCT7943	TO	900	611	0	0	44	567	401	166
PCT7944	MV	584	343	0	0	32	311	239	72
PCT7944	ED	230	241	0	0	17	224	170	54
PCT7944	TO	814	584	0	0	49	535	409	126
PCT7945	MV	726	339	0	0	24	315	230	85
PCT7945	ED	228	139	0	0	17	122	85	37
PCT7945	TO	954	478	0	0	41	437	315	122
PCT7946	MV	779	369	0	0	17	352	205	147
PCT7946	ED	206	145	0	0	14	131	95	36
PCT7946	TO	985	514	0	0	31	483	300	183
PCT7947	MV	792	333	0	0	26	307	173	134
PCT7947	ED	194	150	0	0	14	136	87	49
PCT7947	TO	986	483	0	0	40	443	260	183
PCT7948	MV	730	375	0	0	27	348	209	139
PCT7948	ED	200	161	0	0	16	145	95	50
PCT7948	TO	930	536	0	0	43	493	304	189
PCT7949	MV	484	234	0	0	15	219	105	114
PCT7949	ED	106	84	0	0	11	73	49	24
PCT7949	TO	590	318	0	0	26	292	154	138
PCT7951	MV	731	366	0	0	27	339	188	151
PCT7951	ED	156	116	0	0	13	103	66	37
PCT7951	TO	887	482	0	0	40	442	254	188
PCT7952	MV	730	294	0	0	24	270	142	128
PCT7952	ED	182	132	0	0	13	119	73	46
PCT7952	TO	912	426	0	0	37	389	215	174
PCT7953	MV	669	331	0	0	21	310	154	156
PCT7953	ED	161	140	0	0	6	134	85	49
PCT7953	TO	830	471	0	0	27	444	239	205
PCT7954	MV	0	0	0	0	0	0	0	0
PCT7954	ED	0	0	0	0	0	0	0	0
PCT7954	TO	0	0	0	0	0	0	0	0
PCT7955	MV	774	351	0	0	27	324	188	136
PCT7955	ED	173	142	0	0	23	119	75	44
PCT7955	TO	947	493	0	0	50	443	263	180
PCT7956	MV	699	267	0	0	14	253	136	117
PCT7956	ED	170	84	0	0	6	78	53	25
PCT7956	TO	869	351	0	0	20	331	189	142
PCT7957	MV	538	261	0	0	18	243	164	79
PCT7957	ED	135	120	0	0	12	108	81	27
PCT7957	TO	673	381	0	0	30	351	245	106
PCT7958	MV	297	108	0	0	6	102	60	42
PCT7958	ED	0	14	0	0	4	10	6	4
PCT7958	TO	297	122	0	0	10	112	66	46
PCT7959	MV	541	230	0	0	22	208	167	41
PCT7959	ED	145	162	0	0	23	139	116	23
PCT7959	TO	686	392	0	0	45	347	283	64
PCT9001	MV	284	101	0	0	6	95	67	28
PCT9001	ED	0	7	0	0	1	6	3	3
PCT9001	TO	284	108	0	0	7	101	70	31
PCT9101	MV	712	380	0	0	23	357	232	125
PCT9101	ED	201	210	0	0	27	183	119	64
PCT9101	TO	913	590	0	0	50	540	351	189
PCT9102	MV	788	395	0	0	28	367	253	114
PCT9102	ED	204	201	0	0	19	182	136	46
PCT9102	TO	992	596	0	0	47	549	389	160
PCT9103	MV	719	382	0	0	37	345	227	118
PCT9103	ED	238	226	0	0	23	203	144	59
PCT9103	TO	957	608	0	0	60	548	371	177
PCT9104	MV	810	383	0	0	27	356	244	112
PCT9104	ED	220	205	0	0	22	183	139	44
PCT9104	TO	1030	588	0	0	49	539	383	156
PCT9105	MV	719	413	0	0	23	390	249	141
PCT9105	ED	199	241	0	0	25	216	147	69
PCT9105	TO	918	654	0	0	48	606	396	210
PCT9106	MV	748	399	0	0	31	368	257	111
PCT9106	ED	198	268	0	0	32	236	158	78
PCT9106	TO	946	667	0	0	63	604	415	189
PCT9107	MV	636	306	0	1	28	277	200	77
PCT9107	ED	208	187	0	0	22	165	124	41
PCT9107	TO	844	493	0	1	50	442	324	118
PCT9108	MV	610	338	0	0	35	303	222	81
PCT9108	ED	200	197	0	0	16	181	134	47
PCT9108	TO	810	535	0	0	51	484	356	128
PCT9109	MV	672	300	0	0	28	272	195	77
PCT9109	ED	211	213	0	0	16	197	143	54
PCT9109	TO	883	513	0	0	44	469	338	131
PCT9111	MV	639	318	0	0	28	290	221	69
PCT9111	ED	195	196	0	0	27	169	126	43
PCT9111	TO	834	514	0	0	55	459	347	112
PCT9112	MV	742	352	0	0	22	330	238	92
PCT9112	ED	219	218	0	0	14	204	147	57
PCT9112	TO	961	570	0	0	36	534	385	149
PCT9113	MV	797	373	0	1	29	343	247	96
PCT9113	ED	207	264	0	0	28	236	156	80
PCT9113	TO	1004	637	0	1	57	579	403	176
PCT9114	MV	659	294	0	0	19	275	195	80
PCT9114	ED	231	202	0	0	23	179	153	26
PCT9114	TO	890	496	0	0	42	454	348	106
PCT9115	MV	699	325	0	0	25	300	215	85
PCT9115	ED	182	198	0	0	23	175	134	41
PCT9115	TO	881	523	0	0	48	475	349	126
PCT9116	MV	782	347	0	0	24	323	239	84
PCT9116	ED	179	225	0	0	23	202	154	48
PCT9116	TO	961	572	0	0	47	525	393	132
PCT9117	MV	629	328	0	0	21	307	189	118
PCT9117	ED	171	207	0	0	14	193	129	64
PCT9117	TO	800	535	0	0	35	500	318	182
PCT9118	MV	742	341	0	0	25	316	201	115
PCT9118	ED	242	256	0	0	29	227	170	57
PCT9118	TO	984	597	0	0	54	543	371	172
PCT9119	MV	703	389	0	0	26	363	211	152
PCT9119	ED	197	171	0	0	20	151	105	46
PCT9119	TO	900	560	0	0	46	514	316	198
PCT9121	MV	735	336	0	0	18	318	192	126
PCT9121	ED	218	207	0	0	16	191	130	61
PCT9121	TO	953	543	0	0	34	509	322	187
PCT9122	MV	775	365	0	0	28	337	200	137
PCT9122	ED	192	184	0	0	28	156	108	48
PCT9122	TO	967	549	0	0	56	493	308	185
PCT9123	MV	661	319	0	0	21	298	197	101
PCT9123	ED	191	206	0	0	23	183	133	50
PCT9123	TO	852	525	0	0	44	481	330	151
PCT9124	MV	736	354	0	0	18	336	217	119
PCT9124	ED	167	175	0	0	9	166	123	43
PCT9124	TO	903	529	0	0	27	502	340	162
PCT9125	MV	681	360	0	0	21	339	229	110
PCT9125	ED	188	188	0	0	23	165	112	53
PCT9125	TO	869	548	0	0	44	504	341	163
PCT9126	MV	819	386	0	0	32	354	214	140
PCT9126	ED	194	224	0	0	18	206	143	63
PCT9126	TO	1013	610	0	0	50	560	357	203
PCT9127	MV	748	384	0	0	42	342	231	111
PCT9127	ED	223	241	0	0	18	223	164	59
PCT9127	TO	971	625	0	0	60	565	395	170
PCT9128	MV	628	336	0	0	22	314	205	109
PCT9128	ED	190	211	0	0	20	191	127	64
PCT9128	TO	818	547	0	0	42	505	332	173
PCT9129	MV	587	273	0	0	15	258	199	59
PCT9129	ED	151	170	0	0	9	161	121	40
PCT9129	TO	738	443	0	0	24	419	320	99
PCT9131	MV	596	288	0	0	16	272	192	80
PCT9131	ED	138	176	0	0	16	160	125	35
PCT9131	TO	734	464	0	0	32	432	317	115
PCT9132	MV	627	263	0	0	22	241	186	55
PCT9132	ED	194	197	0	0	21	176	140	36
PCT9132	TO	821	460	0	0	43	417	326	91
PCT9133	MV	808	383	0	0	33	350	231	119
PCT9133	ED	209	250	0	0	20	230	175	55
PCT9133	TO	1017	633	0	0	53	580	406	174
PCT9134	MV	736	328	0	0	19	309	197	112
PCT9134	ED	155	187	0	0	20	167	121	46
PCT9134	TO	891	515	0	0	39	476	318	158
PCT9135	MV	640	305	0	0	21	284	183	101
PCT9135	ED	182	173	0	0	13	160	113	47
PCT9135	TO	822	478	0	0	34	444	296	148
PCT9136	MV	706	368	0	0	34	334	229	105
PCT9136	ED	212	206	0	0	23	183	130	53
PCT9136	TO	918	574	0	0	57	517	359	158
PCT9137	MV	806	389	0	0	35	354	229	125
PCT9137	ED	209	210	0	0	22	188	137	51
PCT9137	TO	1015	599	0	0	57	542	366	176
PCT9138	MV	770	401	0	0	28	373	231	142
PCT9138	ED	175	171	0	0	20	151	106	45
PCT9138	TO	945	572	0	0	48	524	337	187
PCT9139	MV	828	424	0	0	30	394	234	160
PCT9139	ED	190	207	0	0	21	186	113	73
PCT9139	TO	1018	631	0	0	51	580	347	233
PCT9141	MV	789	419	0	0	37	382	248	134
PCT9141	ED	184	189	0	0	18	171	114	57
PCT9141	TO	973	608	0	0	55	553	362	191
PCT9142	MV	747	366	0	0	23	343	240	103
PCT9142	ED	239	236	0	0	23	213	161	52
PCT9142	TO	986	602	0	0	46	556	401	155
PCT9143	MV	706	362	0	0	21	341	194	147
PCT9143	ED	208	202	0	0	17	185	128	57
PCT9143	TO	914	564	0	0	38	526	322	204
PCT9144	MV	767	376	0	0	22	354	219	135
PCT9144	ED	203	238	0	0	22	216	161	55
PCT9144	TO	970	614	0	0	44	570	380	190
PCT9145	MV	681	335	0	0	19	316	229	87
PCT9145	ED	194	216	0	0	20	196	153	43
PCT9145	TO	875	551	0	0	39	512	382	130
PCT9146	MV	725	354	0	0	27	327	265	62
PCT9146	ED	160	215	0	0	29	186	138	48
PCT9146	TO	885	569	0	0	56	513	403	110
PCT9147	MV	765	373	0	0	30	343	258	85
PCT9147	ED	225	227	0	0	20	207	158	49
PCT9147	TO	990	600	0	0	50	550	416	134
PCT9148	MV	779	398	0	0	25	373	274	99
PCT9148	ED	235	256	0	0	29	227	167	60
PCT9148	TO	1014	654	0	0	54	600	441	159
PCT9149	MV	813	388	0	0	24	364	264	100
PCT9149	ED	178	292	0	0	25	267	200	67
PCT9149	TO	991	680	0	0	49	631	464	167
PCT9151	MV	693	352	0	0	32	320	238	82
PCT9151	ED	168	228	0	0	34	194	137	57
PCT9151	TO	861	580	0	0	66	514	375	139
PCT9152	MV	550	198	0	0	14	184	137	47
PCT9152	ED	187	356	0	1	40	315	239	76
PCT9152	TO	737	554	0	1	54	499	376	123
PCT9201	MV	785	358	0	0	26	332	272	60
PCT9201	ED	186	252	0	0	20	232	192	40
PCT9201	TO	971	610	0	0	46	564	464	100
PCT9202	MV	819	368	0	0	42	326	236	90
PCT9202	ED	177	253	0	0	24	229	170	59
PCT9202	TO	996	621	0	0	66	555	406	149
PCT9203	MV	847	374	0	0	58	316	167	149
PCT9203	ED	155	208	0	0	29	179	102	77
PCT9203	TO	1002	582	0	0	87	495	269	226
PCT9204	MV	686	309	0	0	34	275	161	114
PCT9204	ED	176	219	0	0	29	190	117	73
PCT9204	TO	862	528	0	0	63	465	278	187
PCT9205	MV	622	289	0	0	42	247	159	88
PCT9205	ED	114	171	0	0	30	141	92	49
PCT9205	TO	736	460	0	0	72	388	251	137
PCT9206	MV	741	355	0	2	36	317	167	150
PCT9206	ED	188	208	0	0	40	168	103	65
PCT9206	TO	929	563	0	2	76	485	270	215
PCT9207	MV	824	370	0	0	28	342	196	146
PCT9207	ED	165	208	0	0	27	181	114	67
PCT9207	TO	989	578	0	0	55	523	310	213
PCT9208	MV	808	359	0	0	36	323	221	102
PCT9208	ED	179	199	0	0	26	173	116	57
PCT9208	TO	987	558	0	0	62	496	337	159
PCT9209	MV	615	276	0	0	26	250	146	104
PCT9209	ED	156	190	0	0	30	160	102	58
PCT9209	TO	771	466	0	0	56	410	248	162
PCT9211	MV	730	314	0	1	32	281	178	103
PCT9211	ED	161	191	0	0	27	164	116	48
PCT9211	TO	891	505	0	1	59	445	294	151
PCT9212	MV	671	284	0	1	27	256	169	87
PCT9212	ED	137	192	0	0	39	153	106	47
PCT9212	TO	808	476	0	1	66	409	275	134
PCT9213	MV	776	350	0	1	37	312	218	94
PCT9213	ED	161	212	0	0	28	184	122	62
PCT9213	TO	937	562	0	1	65	496	340	156
PCT9214	MV	517	236	0	0	16	220	127	93
PCT9214	ED	110	157	0	0	29	128	73	55
PCT9214	TO	627	393	0	0	45	348	200	148
PCT9215	MV	524	246	0	0	16	230	147	83
PCT9215	ED	120	152	0	0	22	130	77	53
PCT9215	TO	644	398	0	0	38	360	224	136
PCT9216	MV	669	266	0	0	33	233	163	70
PCT9216	ED	155	223	0	0	25	198	144	54
PCT9216	TO	824	489	0	0	58	431	307	124
PCT9217	MV	588	269	0	0	15	254	157	97
PCT9217	ED	117	160	0	0	15	145	103	42
PCT9217	TO	705	429	0	0	30	399	260	139
PCT9218	MV	652	278	0	0	30	248	176	72
PCT9218	ED	164	188	0	0	20	168	128	40
PCT9218	TO	816	466	0	0	50	416	304	112
PCT9219	MV	646	292	0	0	30	262	189	73
PCT9219	ED	144	204	0	0	28	176	123	53
PCT9219	TO	790	496	0	0	58	438	312	126
PCT9221	MV	562	325	0	0	19	306	136	170
PCT9221	ED	89	145	0	0	21	124	68	56
PCT9221	TO	651	470	0	0	40	430	204	226
PCT9222	MV	773	374	0	0	33	341	215	126
PCT9222	ED	137	210	0	0	31	179	119	60
PCT9222	TO	910	584	0	0	64	520	334	186
PCT9223	MV	558	268	0	1	17	250	152	98
PCT9223	ED	109	127	0	0	16	111	76	35
PCT9223	TO	667	395	0	1	33	361	228	133
PCT9224	MV	768	380	0	0	28	352	217	135
PCT9224	ED	181	220	0	0	33	187	124	63
PCT9224	TO	949	600	0	0	61	539	341	198
PCT9225	MV	757	304	0	0	32	272	205	67
PCT9225	ED	169	234	0	1	29	204	150	54
PCT9225	TO	926	538	0	1	61	476	355	121
PCT9226	MV	741	357	0	0	40	317	201	116
PCT9226	ED	155	239	0	0	35	204	141	63
PCT9226	TO	896	596	0	0	75	521	342	179
PCT9227	MV	605	373	0	0	35	338	172	166
PCT9227	ED	124	156	0	0	12	144	90	54
PCT9227	TO	729	529	0	0	47	482	262	220
PCT9228	MV	578	314	0	0	25	289	143	146
PCT9228	ED	160	188	0	0	22	166	97	69
PCT9228	TO	738	502	0	0	47	455	240	215
PCT9229	MV	460	257	0	0	25	232	137	95
PCT9229	ED	119	147	0	0	21	126	68	58
PCT9229	TO	579	404	0	0	46	358	205	153
PCT9231	MV	726	354	0	0	25	329	218	111
PCT9231	ED	236	282	0	0	30	252	167	85
PCT9231	TO	962	636	0	0	55	581	385	196
PCT9232	MV	608	295	0	0	24	271	160	111
PCT9232	ED	126	183	0	0	21	162	105	57
PCT9232	TO	734	478	0	0	45	433	265	168
PCT9233	MV	668	332	0	0	34	298	146	152
PCT9233	ED	150	201	0	0	31	170	100	70
PCT9233	TO	818	533	0	0	65	468	246	222
PCT9234	MV	643	322	0	0	21	301	181	120
PCT9234	ED	91	155	0	0	26	129	79	50
PCT9234	TO	734	477	0	0	47	430	260	170
PCT9235	MV	703	368	0	1	36	331	162	169
PCT9235	ED	160	212	0	0	29	183	99	84
PCT9235	TO	863	580	0	1	65	514	261	253
PCT9236	MV	537	283	0	0	26	257	167	90
PCT9236	ED	136	148	0	0	24	124	76	48
PCT9236	TO	673	431	0	0	50	381	243	138
PCT9237	MV	779	396	0	0	37	359	223	136
PCT9237	ED	118	206	0	0	27	179	108	71
PCT9237	TO	897	602	0	0	64	538	331	207
PCT9238	MV	687	330	0	0	36	294	171	123
PCT9238	ED	118	192	0	0	22	170	106	64
PCT9238	TO	805	522	0	0	58	464	277	187
PCT9239	MV	740	391	0	1	51	339	209	130
PCT9239	ED	124	174	0	0	28	146	90	56
PCT9239	TO	864	565	0	1	79	485	299	186
PCT9241	MV	819	404	0	0	36	368	247	121
PCT9241	ED	141	211	0	0	20	191	136	55
PCT9241	TO	960	615	0	0	56	559	383	176
PCT9242	MV	771	350	0	0	42	308	225	83
PCT9242	ED	172	238	0	0	35	203	150	53
PCT9242	TO	943	588	0	0	77	511	375	136
PCT9243	MV	480	242	0	0	20	222	146	76
PCT9243	ED	123	154	0	0	21	133	82	51
PCT9243	TO	603	396	0	0	41	355	228	127
PCT9244	MV	756	399	0	0	56	343	233	110
PCT9244	ED	154	206	0	0	20	186	134	52
PCT9244	TO	910	605	0	0	76	529	367	162
PCT9245	MV	616	301	0	0	32	269	166	103
PCT9245	ED	98	145	0	0	16	129	84	45
PCT9245	TO	714	446	0	0	48	398	250	148
PCT9246	MV	815	434	0	0	40	394	247	147
PCT9246	ED	155	214	0	0	32	182	127	55
PCT9246	TO	970	648	0	0	72	576	374	202
PCT9247	MV	764	381	0	0	32	349	236	113
PCT9247	ED	148	225	0	1	35	189	136	53
PCT9247	TO	912	606	0	1	67	538	372	166
PCT9248	MV	757	360	0	0	38	322	245	77
PCT9248	ED	150	211	0	0	25	186	143	43
PCT9248	TO	907	571	0	0	63	508	388	120
PCT9249	MV	724	379	0	0	34	345	243	102
PCT9249	ED	191	235	0	0	27	208	145	63
PCT9249	TO	915	614	0	0	61	553	388	165
PCT9251	MV	792	393	0	0	34	359	237	122
PCT9251	ED	174	248	0	0	23	225	143	82
PCT9251	TO	966	641	0	0	57	584	380	204
PCT9252	MV	811	383	0	0	27	356	232	124
PCT9252	ED	142	211	0	0	20	191	133	58
PCT9252	TO	953	594	0	0	47	547	365	182
PCT9253	MV	599	300	0	0	24	276	172	104
PCT9253	ED	162	170	0	0	18	152	110	42
PCT9253	TO	761	470	0	0	42	428	282	146
PCT9254	MV	758	415	0	0	26	389	257	132
PCT9254	ED	163	229	0	0	30	199	148	51
PCT9254	TO	921	644	0	0	56	588	405	183
PCT9255	MV	437	196	0	0	27	169	119	50
PCT9255	ED	113	155	0	0	20	135	102	33
PCT9255	TO	550	351	0	0	47	304	221	83
PCT9256	MV	367	169	0	0	13	156	113	43
PCT9256	ED	95	134	0	0	13	121	94	27
PCT9256	TO	462	303	0	0	26	277	207	70
PCT9257	MV	320	165	0	0	15	150	120	30
PCT9257	ED	0	23	0	0	5	18	15	3
PCT9257	TO	320	188	0	0	20	168	135	33
PCT9258	MV	583	307	0	0	27	280	171	109
PCT9258	ED	120	162	0	0	16	146	105	41
PCT9258	TO	703	469	0	0	43	426	276	150
PCT9401	MV	796	359	0	0	19	340	257	83
PCT9401	ED	242	259	0	0	22	237	185	52
PCT9401	TO	1038	618	0	0	41	577	442	135
PCT9402	MV	775	378	0	0	20	358	247	111
PCT9402	ED	242	226	0	0	23	203	164	39
PCT9402	TO	1017	604	0	0	43	561	411	150
PCT9403	MV	731	349	0	0	16	333	214	119
PCT9403	ED	190	183	0	0	16	167	122	45
PCT9403	TO	921	532	0	0	32	500	336	164
PCT9404	MV	753	345	0	1	26	318	203	115
PCT9404	ED	191	209	0	0	20	189	130	59
PCT9404	TO	944	554	0	1	46	507	333	174
PCT9405	MV	629	278	0	0	21	257	166	91
PCT9405	ED	151	145	0	0	5	140	92	48
PCT9405	TO	780	423	0	0	26	397	258	139
PCT9406	MV	695	332	0	0	21	311	209	102
PCT9406	ED	188	198	0	0	18	180	121	59
PCT9406	TO	883	530	0	0	39	491	330	161
PCT9407	MV	712	369	0	0	28	341	230	111
PCT9407	ED	201	195	0	0	29	166	117	49
PCT9407	TO	913	564	0	0	57	507	347	160
PCT9408	MV	711	324	0	0	23	301	236	65
PCT9408	ED	152	195	0	0	21	174	138	36
PCT9408	TO	863	519	0	0	44	475	374	101
PCT9409	MV	443	227	0	0	26	201	151	50
PCT9409	ED	158	172	0	0	13	159	132	27
PCT9409	TO	601	399	0	0	39	360	283	77
PCT9411	MV	816	378	0	0	26	352	262	90
PCT9411	ED	191	239	0	0	22	217	169	48
PCT9411	TO	1007	617	0	0	48	569	431	138
PCT9412	MV	668	340	0	0	14	326	210	116
PCT9412	ED	202	199	0	0	20	179	119	60
PCT9412	TO	870	539	0	0	34	505	329	176
PCT9413	MV	757	379	0	0	38	341	203	138
PCT9413	ED	179	185	0	0	19	166	103	63
PCT9413	TO	936	564	0	0	57	507	306	201
PCT9414	MV	734	361	0	0	37	324	215	109
PCT9414	ED	186	162	0	0	11	151	98	53
PCT9414	TO	920	523	0	0	48	475	313	162
PCT9415	MV	634	315	0	0	27	288	173	115
PCT9415	ED	154	138	0	0	4	134	97	37
PCT9415	TO	788	453	0	0	31	422	270	152
PCT9416	MV	769	391	0	0	47	344	221	123
PCT9416	ED	230	206	0	0	16	190	131	59
PCT9416	TO	999	597	0	0	63	534	352	182
PCT9417	MV	629	322	0	0	30	292	166	126
PCT9417	ED	145	153	0	0	14	139	87	52
PCT9417	TO	774	475	0	0	44	431	253	178
PCT9418	MV	631	310	0	0	27	283	154	129
PCT9418	ED	188	161	0	0	11	150	94	56
PCT9418	TO	819	471	0	0	38	433	248	185
PCT9419	MV	736	371	0	0	28	343	196	147
PCT9419	ED	173	148	0	0	10	138	72	66
PCT9419	TO	909	519	0	0	38	481	268	213
PCT9421	MV	752	341	0	0	28	313	163	150
PCT9421	ED	173	172	0	0	11	161	111	50
PCT9421	TO	925	513	0	0	39	474	274	200
PCT9422	MV	831	413	0	0	37	376	225	151
PCT9422	ED	270	222	0	0	21	201	129	72
PCT9422	TO	1101	635	0	0	58	577	354	223
PCT9423	MV	714	318	0	0	28	290	174	116
PCT9423	ED	190	187	0	0	15	172	113	59
PCT9423	TO	904	505	0	0	43	462	287	175
PCT9424	MV	799	386	0	0	29	357	214	143
PCT9424	ED	210	171	0	0	19	152	99	53
PCT9424	TO	1009	557	0	0	48	509	313	196
PCT9425	MV	789	348	0	0	29	319	182	137
PCT9425	ED	187	183	0	0	20	163	113	50
PCT9425	TO	976	531	0	0	49	482	295	187
PCT9426	MV	697	326	0	0	21	305	194	111
PCT9426	ED	156	159	0	0	19	140	90	50
PCT9426	TO	853	485	0	0	40	445	284	161
PCT9427	MV	799	386	0	0	24	362	194	168
PCT9427	ED	188	171	0	0	29	142	90	52
PCT9427	TO	987	557	0	0	53	504	284	220
PCT9428	MV	811	353	0	0	28	325	182	143
PCT9428	ED	179	163	0	0	20	143	104	39
PCT9428	TO	990	516	0	0	48	468	286	182
PCT9429	MV	709	344	0	0	31	313	161	152
PCT9429	ED	197	175	0	0	21	154	89	65
PCT9429	TO	906	519	0	0	52	467	250	217
PCT9431	MV	832	413	0	0	36	377	195	182
PCT9431	ED	204	189	0	0	14	175	105	70
PCT9431	TO	1036	602	0	0	50	552	300	252
PCT9432	MV	743	361	0	0	38	323	190	133
PCT9432	ED	215	156	0	0	17	139	89	50
PCT9432	TO	958	517	0	0	55	462	279	183
PCT9433	MV	794	374	0	0	37	337	180	157
PCT9433	ED	164	137	0	0	7	130	72	58
PCT9433	TO	958	511	0	0	44	467	252	215
PCT9434	MV	785	387	0	0	30	357	217	140
PCT9434	ED	227	240	0	1	32	207	143	64
PCT9434	TO	1012	627	0	1	62	564	360	204
PCT9435	MV	779	366	0	0	20	346	205	141
PCT9435	ED	225	218	0	0	16	202	131	71
PCT9435	TO	1004	584	0	0	36	548	336	212
PCT9436	MV	842	387	0	0	24	363	199	164
PCT9436	ED	226	176	0	0	21	155	94	61
PCT9436	TO	1068	563	0	0	45	518	293	225
PCT9437	MV	736	376	0	0	28	348	214	134
PCT9437	ED	191	173	0	0	15	158	105	53
PCT9437	TO	927	549	0	0	43	506	319	187
PCT9438	MV	837	421	0	1	22	398	220	178
PCT9438	ED	152	129	0	0	16	113	78	35
PCT9438	TO	989	550	0	1	38	511	298	213
PCT9439	MV	718	344	0	1	20	323	183	140
PCT9439	ED	199	150	0	0	23	127	76	51
PCT9439	TO	917	494	0	1	43	450	259	191
PCT9441	MV	778	396	0	0	34	362	230	132
PCT9441	ED	193	188	0	0	17	171	124	47
PCT9441	TO	971	584	0	0	51	533	354	179
PCT9442	MV	830	382	0	0	40	342	203	139
PCT9442	ED	210	232	0	0	24	208	147	61
PCT9442	TO	1040	614	0	0	64	550	350	200
PCT9443	MV	760	363	0	0	28	335	197	138
PCT9443	ED	195	173	0	0	19	154	109	45
PCT9443	TO	955	536	0	0	47	489	306	183
PCT9444	MV	768	343	0	0	18	325	173	152
PCT9444	ED	197	154	0	0	21	133	93	40
PCT9444	TO	965	497	0	0	39	458	266	192
PCT9445	MV	830	407	0	0	33	374	206	168
PCT9445	ED	166	181	0	0	20	161	113	48
PCT9445	TO	996	588	0	0	53	535	319	216
PCT9446	MV	900	466	0	0	35	431	237	194
PCT9446	ED	216	185	0	1	18	166	106	60
PCT9446	TO	1116	651	0	1	53	597	343	254
PCT9447	MV	729	395	0	0	22	373	210	163
PCT9447	ED	192	203	0	0	19	184	131	53
PCT9447	TO	921	598	0	0	41	557	341	216
PCT9448	MV	742	347	0	0	19	328	208	120
PCT9448	ED	198	185	0	0	21	164	119	45
PCT9448	TO	940	532	0	0	40	492	327	165
PCT9449	MV	719	342	0	0	28	314	166	148
PCT9449	ED	162	129	0	0	8	121	76	45
PCT9449	TO	881	471	0	0	36	435	242	193
PCT9451	MV	353	178	0	0	13	165	67	98
PCT9451	ED	88	71	0	0	7	64	44	20
PCT9451	TO	441	249	0	0	20	229	111	118
PCT9452	MV	647	336	0	0	28	308	161	147
PCT9452	ED	195	199	0	0	18	181	115	66
PCT9452	TO	842	535	0	0	46	489	276	213
PCT9453	MV	409	220	0	0	18	202	97	105
PCT9453	ED	115	88	0	0	13	75	34	41
PCT9453	TO	524	308	0	0	31	277	131	146
PCT9501	MV	150	92	0	0	10	82	58	24
PCT9501	ED	0	5	0	0	2	3	2	1
PCT9501	TO	150	97	0	0	12	85	60	25
PCT9502	MV	251	136	0	0	15	121	89	32
PCT9502	ED	0	12	0	0	2	10	7	3
PCT9502	TO	251	148	0	0	17	131	96	35
PCT9503	MV	550	263	0	0	31	232	170	62
PCT9503	ED	150	139	0	0	18	121	88	33
PCT9503	TO	700	402	0	0	49	353	258	95
PCT9505	MV	589	296	0	0	26	270	191	79
PCT9505	ED	176	147	0	0	18	129	97	32
PCT9505	TO	765	443	0	0	44	399	288	111
PCT9506	MV	547	233	0	0	18	215	162	53
PCT9506	ED	207	147	0	0	15	132	94	38
PCT9506	TO	754	380	0	0	33	347	256	91
PCT9507	MV	556	306	0	0	24	282	226	56
PCT9507	ED	160	206	0	0	28	178	141	37
PCT9507	TO	716	512	0	0	52	460	367	93
PCT9508	MV	632	320	0	1	20	299	257	42
PCT9508	ED	148	212	0	0	27	185	159	26
PCT9508	TO	780	532	0	1	47	484	416	68
PCT9509	MV	585	297	0	0	22	275	223	52
PCT9509	ED	142	196	0	0	26	170	143	27
PCT9509	TO	727	493	0	0	48	445	366	79
PCT9511	MV	458	242	0	1	13	228	181	47
PCT9511	ED	176	179	0	0	15	164	134	30
PCT9511	TO	634	421	0	1	28	392	315	77
PCT9512	MV	617	328	0	0	21	307	259	48
PCT9512	ED	160	209	0	0	24	185	152	33
PCT9512	TO	777	537	0	0	45	492	411	81
PCT9513	MV	686	335	0	0	25	310	256	54
PCT9513	ED	191	202	0	0	16	186	157	29
PCT9513	TO	877	537	0	0	41	496	413	83
PCT9514	MV	713	353	0	0	36	317	250	67
PCT9514	ED	183	247	0	0	23	224	177	47
PCT9514	TO	896	600	0	0	59	541	427	114
PCT9515	MV	543	306	0	0	24	282	206	76
PCT9515	ED	169	192	0	0	25	167	129	38
PCT9515	TO	712	498	0	0	49	449	335	114
PCT9516	MV	705	367	0	0	25	342	243	99
PCT9516	ED	184	221	0	0	25	196	140	56
PCT9516	TO	889	588	0	0	50	538	383	155
PCT9517	MV	626	335	0	0	22	313	233	80
PCT9517	ED	162	200	0	0	27	173	137	36
PCT9517	TO	788	535	0	0	49	486	370	116
PCT9518	MV	642	319	0	0	23	296	223	73
PCT9518	ED	146	218	0	0	21	197	158	39
PCT9518	TO	788	537	0	0	44	493	381	112
PCT9519	MV	693	370	0	0	18	352	268	84
PCT9519	ED	198	260	0	0	27	233	179	54
PCT9519	TO	891	630	0	0	45	585	447	138
PCT9521	MV	687	352	0	0	29	323	253	70
PCT9521	ED	214	256	0	0	28	228	181	47
PCT9521	TO	901	608	0	0	57	551	434	117
PCT9701	MV	498	271	0	0	11	260	186	74
PCT9701	ED	156	163	0	0	9	154	111	43
PCT9701	TO	654	434	0	0	20	414	297	117
PCT9702	MV	554	309	0	0	13	296	211	85
PCT9702	ED	166	196	0	0	14	182	142	40
PCT9702	TO	720	505	0	0	27	478	353	125
PCT9703	MV	809	403	0	0	38	365	221	144
PCT9703	ED	182	200	0	0	16	184	136	48
PCT9703	TO	991	603	0	0	54	549	357	192
PCT9704	MV	760	426	0	0	35	391	237	154
PCT9704	ED	199	244	0	0	29	215	133	82
PCT9704	TO	959	670	0	0	64	606	370	236
PCT9705	MV	754	421	0	0	33	388	267	121
PCT9705	ED	175	203	0	0	23	180	134	46
PCT9705	TO	929	624	0	0	56	568	401	167
PCT9706	MV	49	35	0	0	3	32	22	10
PCT9706	ED	0	1	0	0	0	1	1	0
PCT9706	TO	49	36	0	0	3	33	23	10
PCT9707	MV	687	359	0	0	21	338	175	163
PCT9707	ED	139	146	0	0	19	127	75	52
PCT9707	TO	826	505	0	0	40	465	250	215
PCT9708	MV	786	432	0	1	45	386	258	128
PCT9708	ED	175	216	0	0	18	198	136	62
PCT9708	TO	961	648	0	1	63	584	394	190
PCT9709	MV	831	429	0	0	35	394	219	175
PCT9709	ED	209	230	0	0	19	211	134	77
PCT9709	TO	1040	659	0	0	54	605	353	252
PCT9711	MV	502	307	0	0	18	289	160	129
PCT9711	ED	144	168	0	0	14	154	87	67
PCT9711	TO	646	475	0	0	32	443	247	196
PCT9712	MV	534	337	0	0	25	312	172	140
PCT9712	ED	127	138	0	0	6	132	76	56
PCT9712	TO	661	475	0	0	31	444	248	196
PCT9713	MV	747	391	0	0	24	367	181	186
PCT9713	ED	203	182	0	0	20	162	90	72
PCT9713	TO	950	573	0	0	44	529	271	258
PCT9714	MV	795	447	0	0	36	411	219	192
PCT9714	ED	156	178	0	0	8	170	89	81
PCT9714	TO	951	625	0	0	44	581	308	273
PCT9715	MV	449	242	0	0	18	224	111	113
PCT9715	ED	130	157	0	0	10	147	76	71
PCT9715	TO	579	399	0	0	28	371	187	184
PCT9716	MV	745	401	0	1	26	374	214	160
PCT9716	ED	221	217	0	0	20	197	123	74
PCT9716	TO	966	618	0	1	46	571	337	234
PCT9717	MV	753	439	0	0	36	403	227	176
PCT9717	ED	224	194	0	1	18	175	106	69
PCT9717	TO	977	633	0	1	54	578	333	245
PCT9718	MV	749	451	0	0	32	419	260	159
PCT9718	ED	152	185	0	0	13	172	108	64
PCT9718	TO	901	636	0	0	45	591	368	223
PCT9719	MV	747	465	0	0	27	438	238	200
PCT9719	ED	173	191	0	0	15	176	108	68
PCT9719	TO	920	656	0	0	42	614	346	268
PCT9721	MV	498	291	0	0	23	268	151	117
PCT9721	ED	164	174	0	0	10	164	82	82
PCT9721	TO	662	465	0	0	33	432	233	199
PCT9722	MV	513	315	0	0	18	297	167	130
PCT9722	ED	84	101	0	0	10	91	63	28
PCT9722	TO	597	416	0	0	28	388	230	158
PCT9723	MV	436	224	0	0	10	214	86	128
PCT9723	ED	72	66	0	0	6	60	30	30
PCT9723	TO	508	290	0	0	16	274	116	158
PCT9724	MV	851	456	0	0	30	426	162	264
PCT9724	ED	169	144	0	0	7	137	74	63
PCT9724	TO	1020	600	0	0	37	563	236	327
PCT9725	MV	814	439	0	0	31	408	186	222
PCT9725	ED	157	166	0	0	18	148	77	71
PCT9725	TO	971	605	0	0	49	556	263	293
PCT9726	MV	630	217	0	0	26	191	126	65
PCT9726	ED	-14	280	0	0	36	244	180	64
PCT9726	TO	616	497	0	0	62	435	306	129
PCT9727	MV	404	227	0	2	13	212	113	99
PCT9727	ED	56	64	0	0	8	56	41	15
PCT9727	TO	460	291	0	2	21	268	154	114
PCT9728	MV	751	447	0	0	24	423	199	224
PCT9728	ED	212	184	0	0	13	171	92	79
PCT9728	TO	963	631	0	0	37	594	291	303
PCT9729	MV	654	338	0	0	22	316	144	172
PCT9729	ED	164	174	0	0	12	162	78	84
PCT9729	TO	818	512	0	0	34	478	222	256
PCT9731	MV	436	246	0	0	15	231	119	112
PCT9731	ED	143	145	0	0	15	130	63	67
PCT9731	TO	579	391	0	0	30	361	182	179
PCT9732	MV	73	47	0	0	5	42	17	25
PCT9732	ED	0	3	0	0	1	2	2	0
PCT9732	TO	73	50	0	0	6	44	19	25
PCT9733	MV	240	162	0	0	7	155	110	45
PCT9733	ED	0	12	0	0	3	9	9	0
PCT9733	TO	240	174	0	0	10	164	119	45
PCT9734	MV	473	290	0	0	18	272	144	128
PCT9734	ED	131	131	0	0	8	123	64	59
PCT9734	TO	604	421	0	0	26	395	208	187
PCT9735	MV	650	390	0	0	23	367	200	167
PCT9735	ED	170	187	0	0	31	156	75	81
PCT9735	TO	820	577	0	0	54	523	275	248
PCT9736	MV	586	329	0	0	19	310	165	145
PCT9736	ED	150	187	0	0	19	168	97	71
PCT9736	TO	736	516	0	0	38	478	262	216
PCT9737	MV	637	390	0	0	26	364	238	126
PCT9737	ED	154	164	0	0	13	151	101	50
PCT9737	TO	791	554	0	0	39	515	339	176
PCT9738	MV	688	320	0	0	29	291	194	97
PCT9738	ED	150	118	0	0	14	104	66	38
PCT9738	TO	838	438	0	0	43	395	260	135
PCT9739	MV	674	273	0	0	15	258	199	59
PCT9739	ED	115	249	0	0	30	219	172	47
PCT9739	TO	789	522	0	0	45	477	371	106
PCT9741	MV	842	174	0	0	17	157	126	31
PCT9741	ED	-401	453	0	0	65	388	287	101
PCT9741	TO	441	627	0	0	82	545	413	132
PCT9742	MV	530	229	0	0	14	215	105	110
PCT9742	ED	165	163	0	0	13	150	95	55
PCT9742	TO	695	392	0	0	27	365	200	165
PCT9743	MV	913	405	0	0	20	385	271	114
PCT9743	ED	227	261	0	0	28	233	181	52
PCT9743	TO	1140	666	0	0	48	618	452	166
PCT9744	MV	783	334	0	0	34	300	197	103
PCT9744	ED	160	262	0	0	49	213	157	56
PCT9744	TO	943	596	0	0	83	513	354	159
PCT9745	MV	791	321	0	0	33	288	199	89
PCT9745	ED	201	237	0	0	23	214	161	53
PCT9745	TO	992	558	0	0	56	502	360	142
PCT9746	MV	714	374	0	0	15	359	202	157
PCT9746	ED	189	154	0	1	14	139	77	62
PCT9746	TO	903	528	0	1	29	498	279	219
PCT9747	MV	772	401	0	0	31	370	233	137
PCT9747	ED	204	193	0	0	16	177	126	51
PCT9747	TO	976	594	0	0	47	547	359	188
PCT9748	MV	746	425	0	0	28	397	255	142
PCT9748	ED	167	164	0	0	12	152	100	52
PCT9748	TO	913	589	0	0	40	549	355	194
PCT9749	MV	750	289	0	0	18	271	170	101
PCT9749	ED	188	170	0	0	9	161	119	42
PCT9749	TO	938	459	0	0	27	432	289	143
PCT9751	MV	857	475	0	0	30	445	281	164
PCT9751	ED	214	205	0	0	26	179	124	55
PCT9751	TO	1071	680	0	0	56	624	405	219
PCT9752	MV	563	330	0	0	23	307	182	125
PCT9752	ED	134	156	0	0	12	144	97	47
PCT9752	TO	697	486	0	0	35	451	279	172
PCT9753	MV	617	300	0	0	20	280	193	87
PCT9753	ED	145	168	0	0	7	161	117	44
PCT9753	TO	762	468	0	0	27	441	310	131
PCT9754	MV	545	317	0	0	18	299	208	91
PCT9754	ED	162	149	0	0	10	139	103	36
PCT9754	TO	707	466	0	0	28	438	311	127
PCT9755	MV	441	240	0	0	23	217	151	66
PCT9755	ED	139	134	0	0	6	128	86	42
PCT9755	TO	580	374	0	0	29	345	237	108
PCT9756	MV	805	365	0	0	27	338	201	137
PCT9756	ED	162	153	0	0	15	138	98	40
PCT9756	TO	967	518	0	0	42	476	299	177
PCT9801	MV	320	163	0	0	12	151	105	46
PCT9801	ED	88	68	0	0	6	62	43	19
PCT9801	TO	408	231	0	0	18	213	148	65
PCT9900	MV	0	0	0	0	0	0	0	0
PCT9900	ED	0	0	0	0	0	0	0	0
PCT9900	TO	0	0	0	0	0	0	0	0
PCT9901	MV	0	0	0	0	0	0	0	0
PCT9901	ED	0	0	0	0	0	0	0	0
PCT9901	TO	0	0	0	0	0	0	0	0
PCT9902	MV	0	0	0	0	0	0	0	0
PCT9902	ED	0	0	0	0	0	0	0	0
PCT9902	TO	0	0	0	0	0	0	0	0
CONG12	MV	355625	175442	0	43	13750	161649	112629	49020
CONG12	ED	90223	96085	0	30	10241	85814	63467	22347
CONG12	TO	445848	271527	0	73	23991	247463	176096	71367
CONG14	MV	47258	22461	0	3	1512	20946	12382	8564
CONG14	ED	10793	10916	0	3	1044	9869	6559	3310
CONG14	TO	58051	33377	0	6	2556	30815	18941	11874
ASSM17	MV	232812	115055	0	26	8884	106145	76753	29392
ASSM17	ED	59610	61730	0	24	6490	55216	42058	13158
ASSM17	TO	292422	176785	0	50	15374	161361	118811	42550
ASSM19	MV	170071	82848	0	20	6378	76450	48258	28192
ASSM19	ED	41406	45271	0	9	4795	40467	27968	12499
ASSM19	TO	211477	128119	0	29	11173	116917	76226	40691
SUPV1	MV	33870	16645	0	2	1214	15429	10476	4953
SUPV1	ED	9246	10132	0	1	1022	9109	6600	2509
SUPV1	TO	43116	26777	0	3	2236	24538	17076	7462
SUPV2	MV	41438	20052	0	8	1880	18164	11632	6532
SUPV2	ED	8608	11685	0	3	1510	10172	6937	3235
SUPV2	TO	50046	31737	0	11	3390	28336	18569	9767
SUPV3	MV	31945	14472	0	2	1262	13208	9061	4147
SUPV3	ED	7432	7841	0	1	955	6885	5173	1712
SUPV3	TO	39377	22313	0	3	2217	20093	14234	5859
SUPV4	MV	35051	16947	0	3	1300	15644	9360	6284
SUPV4	ED	9043	8532	0	2	835	7695	5213	2482
SUPV4	TO	44094	25479	0	5	2135	23339	14573	8766
SUPV5	MV	41973	21589	0	4	1722	19863	15460	4403
SUPV5	ED	10927	13129	0	3	1425	11701	9328	2373
SUPV5	TO	52900	34718	0	7	3147	31564	24788	6776
SUPV6	MV	35759	15272	0	5	1315	13952	9978	3974
SUPV6	ED	7936	7226	0	3	926	6297	4770	1527
SUPV6	TO	43695	22498	0	8	2241	20249	14748	5501
SUPV7	MV	38894	20831	0	4	1464	19363	11599	7764
SUPV7	ED	8549	10568	0	2	997	9569	6230	3339
SUPV7	TO	47443	31399	0	6	2461	28932	17829	11103
SUPV8	MV	46374	27611	0	5	1969	25637	19829	5808
SUPV8	ED	11803	15032	0	7	1436	13589	10598	2991
SUPV8	TO	58177	42643	0	12	3405	39226	30427	8799
SUPV9	MV	33168	16843	0	4	1116	15723	11766	3957
SUPV9	ED	10095	10044	0	5	906	9133	7165	1968
SUPV9	TO	43263	26887	0	9	2022	24856	18931	5925
SUPV10	MV	33768	14153	0	7	1112	13034	8234	4800
SUPV10	ED	9345	6711	0	4	704	6003	4149	1854
SUPV10	TO	43113	20864	0	11	1816	19037	12383	6654
SUPV11	MV	30643	13488	0	2	908	12578	7616	4962
SUPV11	ED	8032	6101	0	2	569	5530	3863	1667
SUPV11	TO	38675	19589	0	4	1477	18108	11479	6629
NEIG1	MV	15466	5990	0	4	498	5488	3208	2280
NEIG1	ED	5019	2611	0	2	266	2343	1530	813
NEIG1	TO	20485	8601	0	6	764	7831	4738	3093
NEIG2	MV	14029	6299	0	1	612	5686	3761	1925
NEIG2	ED	3238	3340	0	1	436	2903	2123	780
NEIG2	TO	17267	9639	0	2	1048	8589	5884	2705
NEIG3	MV	22051	9527	0	3	846	8678	6299	2379
NEIG3	ED	5968	4993	0	2	571	4420	3463	957
NEIG3	TO	28019	14520	0	5	1417	13098	9762	3336
NEIG4	MV	5630	3506	0	0	252	3254	2290	964
NEIG4	ED	1430	1651	0	0	167	1484	1020	464
NEIG4	TO	7060	5157	0	0	419	4738	3310	1428
NEIG5	MV	22699	10156	0	2	711	9443	5675	3768
NEIG5	ED	5894	4403	0	1	412	3990	2766	1224
NEIG5	TO	28593	14559	0	3	1123	13433	8441	4992
NEIG6	MV	11529	5996	0	1	458	5537	4444	1093
NEIG6	ED	2333	3919	0	2	401	3516	2844	672
NEIG6	TO	13862	9915	0	3	859	9053	7288	1765
NEIG7	MV	9819	4149	0	0	254	3895	2417	1478
NEIG7	ED	2576	2089	0	1	187	1901	1357	544
NEIG7	TO	12395	6238	0	1	441	5796	3774	2022
NEIG8	MV	7628	4046	0	0	299	3747	2797	950
NEIG8	ED	2030	2570	0	0	266	2304	1789	515
NEIG8	TO	9658	6616	0	0	565	6051	4586	1465
NEIG9	MV	7422	3163	0	0	245	2918	1746	1172
NEIG9	ED	836	2236	0	0	276	1960	1385	575
NEIG9	TO	8258	5399	0	0	521	4878	3131	1747
NEIG10	MV	8173	3963	0	0	323	3640	2548	1092
NEIG10	ED	1849	2658	0	1	299	2358	1726	632
NEIG10	TO	10022	6621	0	1	622	5998	4274	1724
NEIG11	MV	33512	15582	0	7	1510	14065	9174	4891
NEIG11	ED	5928	9051	0	3	1203	7845	5431	2414
NEIG11	TO	39440	24633	0	10	2713	21910	14605	7305
NEIG12	MV	23578	11896	0	5	776	11115	9020	2095
NEIG12	ED	7427	7902	0	4	736	7162	5828	1334
NEIG12	TO	31005	19798	0	9	1512	18277	14848	3429
NEIG14	MV	6791	4011	0	0	293	3718	2918	800
NEIG14	ED	1942	2316	0	2	205	2109	1683	426
NEIG14	TO	8733	6327	0	2	498	5827	4601	1226
NEIG15	MV	5781	2687	0	1	180	2506	1737	769
NEIG15	ED	1307	1499	0	0	175	1324	1003	321
NEIG15	TO	7088	4186	0	1	355	3830	2740	1090
NEIG13	MV	13553	8198	0	1	635	7562	5666	1896
NEIG13	ED	3435	4443	0	2	426	4015	3075	940
NEIG13	TO	16988	12641	0	3	1061	11577	8741	2836
NEIG26	MV	7830	3542	0	0	241	3301	1863	1438
NEIG26	ED	1802	1386	0	1	138	1247	835	412
NEIG26	TO	9632	4928	0	1	379	4548	2698	1850
NEIG16	MV	14624	6988	0	1	554	6433	4706	1727
NEIG16	ED	2732	3781	0	1	464	3316	2483	833
NEIG16	TO	17356	10769	0	2	1018	9749	7189	2560
NEIG17	MV	29449	14468	0	2	1065	13401	9055	4346
NEIG17	ED	8176	8551	0	0	844	7707	5593	2114
NEIG17	TO	37625	23019	0	2	1909	21108	14648	6460
NEIG19	MV	7164	4039	0	0	271	3768	2793	975
NEIG19	ED	2407	2408	0	0	218	2190	1657	533
NEIG19	TO	9571	6447	0	0	489	5958	4450	1508
NEIG18	MV	6458	3427	0	1	279	3147	1825	1322
NEIG18	ED	1563	2033	0	0	249	1784	1110	674
NEIG18	TO	8021	5460	0	1	528	4931	2935	1996
NEIG20	MV	20913	8936	0	1	733	8202	5704	2498
NEIG20	ED	4164	4219	0	1	539	3679	2716	963
NEIG20	TO	25077	13155	0	2	1272	11881	8420	3461
NEIG21	MV	34608	16720	0	3	1274	15443	9209	6234
NEIG21	ED	8885	8360	0	2	822	7536	5081	2455
NEIG21	TO	43493	25080	0	5	2096	22979	14290	8689
NEIG22	MV	15383	9329	0	2	610	8717	7000	1717
NEIG22	ED	3510	4904	0	4	434	4466	3583	883
NEIG22	TO	18893	14233	0	6	1044	13183	10583	2600
NEIG23	MV	6638	2527	0	3	196	2328	1231	1097
NEIG23	ED	1850	947	0	0	101	846	509	337
NEIG23	TO	8488	3474	0	3	297	3174	1740	1434
NEIG24	MV	28440	16175	0	4	1136	15035	8898	6137
NEIG24	ED	6934	7515	0	2	660	6853	4287	2566
NEIG24	TO	35374	23690	0	6	1796	21888	13185	8703
NEIG25	MV	23715	12583	0	4	1011	11568	9027	2541
NEIG25	ED	7781	7216	0	1	790	6425	5149	1276
NEIG25	TO	31496	19799	0	5	1801	17993	14176	3817
