area_id	subtotal_type	RSReg	RSCst	RSRej	RSOvr	RSUnd	RSTot	9:YES	10:NO
ALLPCTS	TO	503899	275013	0	74	21673	253266	176515	76751
ALLPCTS	ED	101053	78221	0	28	6568	71625	52231	19394
ALLPCTS	MV	402846	196792	0	46	15105	181641	124284	57357
PCT1101	MV	448	214	0	0	14	200	135	65
PCT1101	ED	114	60	0	0	5	55	43	12
PCT1101	TO	562	274	0	0	19	255	178	77
PCT1102	MV	774	368	0	0	23	345	208	137
PCT1102	ED	230	159	0	0	10	149	109	40
PCT1102	TO	1004	527	0	0	33	494	317	177
PCT1103	MV	749	371	0	0	16	355	244	111
PCT1103	ED	222	142	0	0	7	135	97	38
PCT1103	TO	971	513	0	0	23	490	341	149
PCT1104	MV	751	343	0	0	18	325	219	106
PCT1104	ED	267	120	0	0	6	114	85	29
PCT1104	TO	1018	463	0	0	24	439	304	135
PCT1106	MV	598	255	0	0	21	234	141	93
PCT1106	ED	173	96	0	0	8	88	51	37
PCT1106	TO	771	351	0	0	29	322	192	130
PCT1107	MV	612	287	0	0	19	268	152	116
PCT1107	ED	139	76	0	0	7	69	46	23
PCT1107	TO	751	363	0	0	26	337	198	139
PCT1108	MV	725	360	0	0	20	340	234	106
PCT1108	ED	198	115	0	0	13	102	69	33
PCT1108	TO	923	475	0	0	33	442	303	139
PCT1109	MV	653	284	0	0	15	269	158	111
PCT1109	ED	169	97	0	0	5	92	61	31
PCT1109	TO	822	381	0	0	20	361	219	142
PCT1111	MV	849	354	0	0	24	330	187	143
PCT1111	ED	197	118	0	0	8	110	80	30
PCT1111	TO	1046	472	0	0	32	440	267	173
PCT1112	MV	643	276	0	0	14	262	164	98
PCT1112	ED	159	77	0	0	3	74	57	17
PCT1112	TO	802	353	0	0	17	336	221	115
PCT1113	MV	675	286	0	0	26	260	146	114
PCT1113	ED	120	65	0	0	6	59	44	15
PCT1113	TO	795	351	0	0	32	319	190	129
PCT1114	MV	769	328	0	0	26	302	200	102
PCT1114	ED	222	97	0	0	12	85	59	26
PCT1114	TO	991	425	0	0	38	387	259	128
PCT1115	MV	743	295	0	0	22	273	171	102
PCT1115	ED	193	86	0	0	6	80	61	19
PCT1115	TO	936	381	0	0	28	353	232	121
PCT1116	MV	715	308	0	0	26	282	194	88
PCT1116	ED	216	118	0	0	9	109	77	32
PCT1116	TO	931	426	0	0	35	391	271	120
PCT1117	MV	665	257	0	0	16	241	136	105
PCT1117	ED	181	71	0	0	2	69	49	20
PCT1117	TO	846	328	0	0	18	310	185	125
PCT1118	MV	846	356	0	0	14	342	221	121
PCT1118	ED	219	104	0	1	9	94	62	32
PCT1118	TO	1065	460	0	1	23	436	283	153
PCT1119	MV	659	303	0	0	18	285	182	103
PCT1119	ED	138	74	0	0	4	70	53	17
PCT1119	TO	797	377	0	0	22	355	235	120
PCT1121	MV	556	268	0	0	19	249	132	117
PCT1121	ED	149	82	0	0	6	76	48	28
PCT1121	TO	705	350	0	0	25	325	180	145
PCT1122	MV	519	245	0	0	21	224	117	107
PCT1122	ED	118	71	0	0	7	64	44	20
PCT1122	TO	637	316	0	0	28	288	161	127
PCT1123	MV	730	257	0	0	15	242	152	90
PCT1123	ED	208	89	0	0	4	85	52	33
PCT1123	TO	938	346	0	0	19	327	204	123
PCT1124	MV	630	246	0	0	10	236	141	95
PCT1124	ED	199	73	0	0	6	67	48	19
PCT1124	TO	829	319	0	0	16	303	189	114
PCT1125	MV	919	364	0	0	38	326	184	142
PCT1125	ED	178	67	0	0	9	58	46	12
PCT1125	TO	1097	431	0	0	47	384	230	154
PCT1126	MV	812	308	0	1	19	288	174	114
PCT1126	ED	200	68	0	0	2	66	40	26
PCT1126	TO	1012	376	0	1	21	354	214	140
PCT1127	MV	743	293	0	0	19	274	143	131
PCT1127	ED	222	100	0	0	7	93	59	34
PCT1127	TO	965	393	0	0	26	367	202	165
PCT1128	MV	734	286	0	0	15	271	140	131
PCT1128	ED	145	59	0	0	5	54	37	17
PCT1128	TO	879	345	0	0	20	325	177	148
PCT1129	MV	790	314	0	0	25	289	161	128
PCT1129	ED	246	108	0	0	11	97	62	35
PCT1129	TO	1036	422	0	0	36	386	223	163
PCT1131	MV	694	279	0	0	28	251	131	120
PCT1131	ED	166	60	0	0	4	56	40	16
PCT1131	TO	860	339	0	0	32	307	171	136
PCT1132	MV	839	370	0	0	29	341	199	142
PCT1132	ED	193	59	0	0	2	57	30	27
PCT1132	TO	1032	429	0	0	31	398	229	169
PCT1133	MV	716	334	0	0	17	317	191	126
PCT1133	ED	159	74	0	0	3	71	44	27
PCT1133	TO	875	408	0	0	20	388	235	153
PCT1134	MV	585	292	0	0	18	274	140	134
PCT1134	ED	182	80	0	0	8	72	47	25
PCT1134	TO	767	372	0	0	26	346	187	159
PCT1135	MV	465	218	0	0	11	207	121	86
PCT1135	ED	91	51	0	1	2	48	30	18
PCT1135	TO	556	269	0	1	13	255	151	104
PCT1136	MV	710	340	0	0	19	321	190	131
PCT1136	ED	157	77	0	0	6	71	43	28
PCT1136	TO	867	417	0	0	25	392	233	159
PCT1141	MV	836	392	0	1	20	371	223	148
PCT1141	ED	220	123	0	0	8	115	80	35
PCT1141	TO	1056	515	0	1	28	486	303	183
PCT1142	MV	721	324	0	0	32	292	196	96
PCT1142	ED	175	87	0	0	4	83	69	14
PCT1142	TO	896	411	0	0	36	375	265	110
PCT1143	MV	824	360	0	0	31	329	205	124
PCT1143	ED	225	114	0	0	7	107	74	33
PCT1143	TO	1049	474	0	0	38	436	279	157
PCT1144	MV	727	326	0	0	16	310	203	107
PCT1144	ED	220	121	0	0	9	112	76	36
PCT1144	TO	947	447	0	0	25	422	279	143
PCT1145	MV	753	411	0	0	28	383	232	151
PCT1145	ED	152	114	0	0	8	106	75	31
PCT1145	TO	905	525	0	0	36	489	307	182
PCT1146	MV	839	364	0	0	25	339	209	130
PCT1146	ED	215	110	0	0	6	104	77	27
PCT1146	TO	1054	474	0	0	31	443	286	157
PCT1147	MV	673	309	0	0	17	292	188	104
PCT1147	ED	212	107	0	0	8	99	73	26
PCT1147	TO	885	416	0	0	25	391	261	130
PCT1148	MV	804	367	0	0	23	344	208	136
PCT1148	ED	224	116	0	0	8	108	67	41
PCT1148	TO	1028	483	0	0	31	452	275	177
PCT1149	MV	710	319	0	0	19	300	166	134
PCT1149	ED	229	118	0	0	9	109	77	32
PCT1149	TO	939	437	0	0	28	409	243	166
PCT1151	MV	0	0	0	0	0	0	0	0
PCT1151	ED	0	0	0	0	0	0	0	0
PCT1151	TO	0	0	0	0	0	0	0	0
PCT1152	MV	710	312	0	0	29	283	162	121
PCT1152	ED	180	85	0	0	5	80	50	30
PCT1152	TO	890	397	0	0	34	363	212	151
PCT1153	MV	730	285	0	0	29	256	177	79
PCT1153	ED	210	117	0	0	10	107	66	41
PCT1153	TO	940	402	0	0	39	363	243	120
PCT1154	MV	0	0	0	0	0	0	0	0
PCT1154	ED	0	0	0	0	0	0	0	0
PCT1154	TO	0	0	0	0	0	0	0	0
PCT7001	MV	632	328	0	0	23	305	227	78
PCT7001	ED	141	103	0	0	6	97	69	28
PCT7001	TO	773	431	0	0	29	402	296	106
PCT7002	MV	598	267	0	0	23	244	193	51
PCT7002	ED	116	88	0	0	4	84	66	18
PCT7002	TO	714	355	0	0	27	328	259	69
PCT7003	MV	759	430	0	0	27	403	287	116
PCT7003	ED	147	144	0	0	9	135	96	39
PCT7003	TO	906	574	0	0	36	538	383	155
PCT7004	MV	764	416	0	0	31	385	285	100
PCT7004	ED	149	143	0	0	10	133	98	35
PCT7004	TO	913	559	0	0	41	518	383	135
PCT7005	MV	698	350	0	0	26	324	246	78
PCT7005	ED	161	162	0	0	18	144	115	29
PCT7005	TO	859	512	0	0	44	468	361	107
PCT7006	MV	729	359	0	0	31	328	252	76
PCT7006	ED	203	149	0	0	5	144	110	34
PCT7006	TO	932	508	0	0	36	472	362	110
PCT7007	MV	777	437	0	0	30	407	276	131
PCT7007	ED	180	169	0	0	16	153	113	40
PCT7007	TO	957	606	0	0	46	560	389	171
PCT7008	MV	732	367	0	0	30	337	232	105
PCT7008	ED	177	192	0	1	13	178	138	40
PCT7008	TO	909	559	0	1	43	515	370	145
PCT7009	MV	752	389	0	0	29	360	258	102
PCT7009	ED	119	91	0	0	4	87	53	34
PCT7009	TO	871	480	0	0	33	447	311	136
PCT7011	MV	704	231	0	0	17	214	144	70
PCT7011	ED	269	87	0	0	6	81	59	22
PCT7011	TO	973	318	0	0	23	295	203	92
PCT7012	MV	999	487	0	0	40	447	329	118
PCT7012	ED	227	206	0	0	18	188	143	45
PCT7012	TO	1226	693	0	0	58	635	472	163
PCT7013	MV	984	280	0	0	14	266	209	57
PCT7013	ED	155	151	0	0	11	140	106	34
PCT7013	TO	1139	431	0	0	25	406	315	91
PCT7014	MV	610	298	0	0	20	278	205	73
PCT7014	ED	109	112	0	0	15	97	78	19
PCT7014	TO	719	410	0	0	35	375	283	92
PCT7015	MV	128	40	0	0	6	34	23	11
PCT7015	ED	-18	0	0	0	0	0	0	0
PCT7015	TO	110	40	0	0	6	34	23	11
PCT7016	MV	655	238	0	0	18	220	119	101
PCT7016	ED	277	75	0	0	5	70	49	21
PCT7016	TO	932	313	0	0	23	290	168	122
PCT7017	MV	543	180	0	0	26	154	97	57
PCT7017	ED	238	53	0	0	10	43	31	12
PCT7017	TO	781	233	0	0	36	197	128	69
PCT7018	MV	847	357	0	0	27	330	162	168
PCT7018	ED	200	56	0	0	5	51	39	12
PCT7018	TO	1047	413	0	0	32	381	201	180
PCT7019	MV	734	355	0	0	26	329	175	154
PCT7019	ED	166	74	0	0	7	67	48	19
PCT7019	TO	900	429	0	0	33	396	223	173
PCT7021	MV	679	271	0	0	28	243	167	76
PCT7021	ED	288	106	0	0	10	96	72	24
PCT7021	TO	967	377	0	0	38	339	239	100
PCT7022	MV	770	311	0	0	28	283	184	99
PCT7022	ED	193	55	0	0	1	54	43	11
PCT7022	TO	963	366	0	0	29	337	227	110
PCT7023	MV	687	331	0	1	24	306	174	132
PCT7023	ED	233	71	0	1	7	63	39	24
PCT7023	TO	920	402	0	2	31	369	213	156
PCT7024	MV	251	50	0	0	3	47	31	16
PCT7024	ED	190	20	0	0	4	16	10	6
PCT7024	TO	441	70	0	0	7	63	41	22
PCT7025	MV	316	95	0	0	7	88	55	33
PCT7025	ED	167	39	0	0	3	36	24	12
PCT7025	TO	483	134	0	0	10	124	79	45
PCT7026	MV	819	336	0	0	21	315	161	154
PCT7026	ED	191	72	0	0	7	65	41	24
PCT7026	TO	1010	408	0	0	28	380	202	178
PCT7027	MV	677	270	0	0	27	243	140	103
PCT7027	ED	219	96	0	0	6	90	58	32
PCT7027	TO	896	366	0	0	33	333	198	135
PCT7028	MV	585	220	0	0	14	206	118	88
PCT7028	ED	271	97	0	0	8	89	61	28
PCT7028	TO	856	317	0	0	22	295	179	116
PCT7029	MV	642	208	0	0	24	184	110	74
PCT7029	ED	267	39	0	0	3	36	20	16
PCT7029	TO	909	247	0	0	27	220	130	90
PCT7030	MV	654	274	0	1	11	262	140	122
PCT7030	ED	141	58	0	0	1	57	27	30
PCT7030	TO	795	332	0	1	12	319	167	152
PCT7031	MV	622	263	0	0	25	238	161	77
PCT7031	ED	72	48	0	0	6	42	30	12
PCT7031	TO	694	311	0	0	31	280	191	89
PCT7032	MV	643	266	0	1	22	243	149	94
PCT7032	ED	238	53	0	0	3	50	35	15
PCT7032	TO	881	319	0	1	25	293	184	109
PCT7033	MV	549	214	0	0	23	191	100	91
PCT7033	ED	229	86	0	0	9	77	46	31
PCT7033	TO	778	300	0	0	32	268	146	122
PCT7034	MV	620	140	0	1	17	122	76	46
PCT7034	ED	318	58	0	0	5	53	25	28
PCT7034	TO	938	198	0	1	22	175	101	74
PCT7035	MV	567	237	0	0	17	220	139	81
PCT7035	ED	152	52	0	0	7	45	34	11
PCT7035	TO	719	289	0	0	24	265	173	92
PCT7036	MV	781	262	0	1	22	239	120	119
PCT7036	ED	193	39	0	0	2	37	19	18
PCT7036	TO	974	301	0	1	24	276	139	137
PCT7037	MV	434	63	0	0	2	61	44	17
PCT7037	ED	312	38	0	0	7	31	17	14
PCT7037	TO	746	101	0	0	9	92	61	31
PCT7038	MV	758	308	0	1	25	282	150	132
PCT7038	ED	203	58	0	0	8	50	31	19
PCT7038	TO	961	366	0	1	33	332	181	151
PCT7039	MV	636	243	0	0	22	221	120	101
PCT7039	ED	201	104	0	0	4	100	63	37
PCT7039	TO	837	347	0	0	26	321	183	138
PCT7041	MV	70	29	0	0	4	25	10	15
PCT7041	ED	-4	0	0	0	0	0	0	0
PCT7041	TO	66	29	0	0	4	25	10	15
PCT7042	MV	514	221	0	0	15	206	127	79
PCT7042	ED	146	59	0	0	3	56	43	13
PCT7042	TO	660	280	0	0	18	262	170	92
PCT7043	MV	754	295	0	0	29	266	169	97
PCT7043	ED	224	78	0	1	4	73	46	27
PCT7043	TO	978	373	0	1	33	339	215	124
PCT7044	MV	586	148	0	0	7	141	75	66
PCT7044	ED	266	33	0	0	2	31	22	9
PCT7044	TO	852	181	0	0	9	172	97	75
PCT7045	MV	632	266	0	0	24	242	124	118
PCT7045	ED	154	53	0	0	2	51	28	23
PCT7045	TO	786	319	0	0	26	293	152	141
PCT7046	MV	334	132	0	0	8	124	70	54
PCT7046	ED	96	48	0	0	3	45	27	18
PCT7046	TO	430	180	0	0	11	169	97	72
PCT7047	MV	733	314	0	0	21	293	152	141
PCT7047	ED	150	62	0	0	5	57	39	18
PCT7047	TO	883	376	0	0	26	350	191	159
PCT7048	MV	685	267	0	0	16	251	134	117
PCT7048	ED	196	56	0	0	5	51	29	22
PCT7048	TO	881	323	0	0	21	302	163	139
PCT7049	MV	616	247	0	0	19	228	110	118
PCT7049	ED	210	70	0	0	5	65	28	37
PCT7049	TO	826	317	0	0	24	293	138	155
PCT7051	MV	715	306	0	1	29	276	132	144
PCT7051	ED	165	70	0	0	8	62	45	17
PCT7051	TO	880	376	0	1	37	338	177	161
PCT7052	MV	722	296	0	0	13	283	153	130
PCT7052	ED	184	84	0	0	5	79	47	32
PCT7052	TO	906	380	0	0	18	362	200	162
PCT7053	MV	542	227	0	0	30	197	115	82
PCT7053	ED	43	42	0	0	4	38	27	11
PCT7053	TO	585	269	0	0	34	235	142	93
PCT7054	MV	863	308	0	0	22	286	176	110
PCT7054	ED	273	106	0	0	7	99	61	38
PCT7054	TO	1136	414	0	0	29	385	237	148
PCT7055	MV	732	291	0	0	21	270	193	77
PCT7055	ED	94	77	0	0	8	69	55	14
PCT7055	TO	826	368	0	0	29	339	248	91
PCT7056	MV	618	273	0	0	23	250	183	67
PCT7056	ED	87	119	0	0	14	105	77	28
PCT7056	TO	705	392	0	0	37	355	260	95
PCT7101	MV	162	99	0	0	6	93	79	14
PCT7101	ED	-15	4	0	0	1	3	2	1
PCT7101	TO	147	103	0	0	7	96	81	15
PCT7201	MV	788	383	0	0	31	352	250	102
PCT7201	ED	147	168	0	0	18	150	113	37
PCT7201	TO	935	551	0	0	49	502	363	139
PCT7202	MV	708	308	0	0	24	284	173	111
PCT7202	ED	143	156	0	0	16	140	95	45
PCT7202	TO	851	464	0	0	40	424	268	156
PCT7203	MV	693	321	0	0	30	291	209	82
PCT7203	ED	186	186	0	0	22	164	138	26
PCT7203	TO	879	507	0	0	52	455	347	108
PCT7204	MV	773	421	0	0	40	381	266	115
PCT7204	ED	126	122	0	0	16	106	71	35
PCT7204	TO	899	543	0	0	56	487	337	150
PCT7205	MV	724	360	0	0	27	333	221	112
PCT7205	ED	147	175	0	0	16	159	113	46
PCT7205	TO	871	535	0	0	43	492	334	158
PCT7206	MV	299	129	0	0	11	118	85	33
PCT7206	ED	78	102	0	0	12	90	69	21
PCT7206	TO	377	231	0	0	23	208	154	54
PCT7207	MV	744	333	0	0	21	312	213	99
PCT7207	ED	123	151	0	0	18	133	104	29
PCT7207	TO	867	484	0	0	39	445	317	128
PCT7208	MV	492	253	0	0	28	225	161	64
PCT7208	ED	78	94	0	1	11	82	64	18
PCT7208	TO	570	347	0	1	39	307	225	82
PCT7209	MV	595	341	0	0	36	305	176	129
PCT7209	ED	52	75	0	0	7	68	50	18
PCT7209	TO	647	416	0	0	43	373	226	147
PCT7301	MV	813	317	0	0	18	299	213	86
PCT7301	ED	201	141	0	0	16	125	89	36
PCT7301	TO	1014	458	0	0	34	424	302	122
PCT7302	MV	713	351	0	0	34	317	206	111
PCT7302	ED	136	137	0	0	15	122	82	40
PCT7302	TO	849	488	0	0	49	439	288	151
PCT7303	MV	869	376	0	0	25	351	250	101
PCT7303	ED	199	155	0	0	14	141	113	28
PCT7303	TO	1068	531	0	0	39	492	363	129
PCT7304	MV	802	366	0	1	25	340	257	83
PCT7304	ED	199	184	0	0	8	176	143	33
PCT7304	TO	1001	550	0	1	33	516	400	116
PCT7305	MV	713	386	0	0	29	357	241	116
PCT7305	ED	154	154	0	0	10	144	102	42
PCT7305	TO	867	540	0	0	39	501	343	158
PCT7306	MV	801	373	0	0	39	334	231	103
PCT7306	ED	243	193	0	1	24	168	126	42
PCT7306	TO	1044	566	0	1	63	502	357	145
PCT7307	MV	605	272	0	0	11	261	178	83
PCT7307	ED	169	126	0	0	17	109	94	15
PCT7307	TO	774	398	0	0	28	370	272	98
PCT7308	MV	520	256	0	0	13	243	164	79
PCT7308	ED	105	157	0	0	16	141	109	32
PCT7308	TO	625	413	0	0	29	384	273	111
PCT7309	MV	691	324	0	0	29	295	201	94
PCT7309	ED	167	190	0	0	18	172	127	45
PCT7309	TO	858	514	0	0	47	467	328	139
PCT7311	MV	698	333	0	0	21	312	203	109
PCT7311	ED	208	215	0	0	24	191	154	37
PCT7311	TO	906	548	0	0	45	503	357	146
PCT7312	MV	700	394	0	0	37	357	218	139
PCT7312	ED	110	160	0	0	18	142	79	63
PCT7312	TO	810	554	0	0	55	499	297	202
PCT7313	MV	819	373	0	0	24	349	241	108
PCT7313	ED	184	160	0	0	24	136	104	32
PCT7313	TO	1003	533	0	0	48	485	345	140
PCT7314	MV	612	226	0	0	32	194	118	76
PCT7314	ED	147	83	0	0	12	71	53	18
PCT7314	TO	759	309	0	0	44	265	171	94
PCT7315	MV	570	206	0	0	17	189	132	57
PCT7315	ED	195	134	0	0	12	122	92	30
PCT7315	TO	765	340	0	0	29	311	224	87
PCT7316	MV	654	261	0	0	29	232	148	84
PCT7316	ED	178	130	0	0	10	120	93	27
PCT7316	TO	832	391	0	0	39	352	241	111
PCT7317	MV	744	348	0	0	23	325	217	108
PCT7317	ED	146	111	0	0	9	102	75	27
PCT7317	TO	890	459	0	0	32	427	292	135
PCT7318	MV	605	293	0	0	36	257	154	103
PCT7318	ED	118	106	0	0	18	88	59	29
PCT7318	TO	723	399	0	0	54	345	213	132
PCT7319	MV	861	344	0	0	26	318	223	95
PCT7319	ED	188	180	0	0	24	156	106	50
PCT7319	TO	1049	524	0	0	50	474	329	145
PCT7321	MV	557	202	0	0	24	178	114	64
PCT7321	ED	102	84	0	0	7	77	55	22
PCT7321	TO	659	286	0	0	31	255	169	86
PCT7322	MV	742	294	0	0	37	257	137	120
PCT7322	ED	146	49	0	0	8	41	36	5
PCT7322	TO	888	343	0	0	45	298	173	125
PCT7323	MV	790	368	0	1	36	331	257	74
PCT7323	ED	166	157	0	0	19	138	109	29
PCT7323	TO	956	525	0	1	55	469	366	103
PCT7324	MV	587	259	0	0	24	235	177	58
PCT7324	ED	150	89	0	0	15	74	50	24
PCT7324	TO	737	348	0	0	39	309	227	82
PCT7325	MV	714	326	0	0	34	292	205	87
PCT7325	ED	172	123	0	0	13	110	80	30
PCT7325	TO	886	449	0	0	47	402	285	117
PCT7326	MV	685	303	0	0	30	273	173	100
PCT7326	ED	174	155	0	0	24	131	93	38
PCT7326	TO	859	458	0	0	54	404	266	138
PCT7327	MV	561	230	0	0	34	196	98	98
PCT7327	ED	126	49	0	0	2	47	36	11
PCT7327	TO	687	279	0	0	36	243	134	109
PCT7328	MV	829	333	0	0	66	267	128	139
PCT7328	ED	173	67	0	0	14	53	41	12
PCT7328	TO	1002	400	0	0	80	320	169	151
PCT7329	MV	556	227	0	0	23	204	121	83
PCT7329	ED	95	76	0	0	8	68	46	22
PCT7329	TO	651	303	0	0	31	272	167	105
PCT7331	MV	710	360	0	0	33	327	203	124
PCT7331	ED	160	158	0	0	26	132	87	45
PCT7331	TO	870	518	0	0	59	459	290	169
PCT7332	MV	654	262	0	0	24	238	186	52
PCT7332	ED	136	147	0	0	9	138	119	19
PCT7332	TO	790	409	0	0	33	376	305	71
PCT7333	MV	822	389	0	0	31	358	261	97
PCT7333	ED	193	219	0	0	22	197	157	40
PCT7333	TO	1015	608	0	0	53	555	418	137
PCT7334	MV	688	306	0	0	18	288	216	72
PCT7334	ED	131	131	0	0	12	119	88	31
PCT7334	TO	819	437	0	0	30	407	304	103
PCT7335	MV	788	389	0	0	35	354	228	126
PCT7335	ED	146	189	0	0	23	166	126	40
PCT7335	TO	934	578	0	0	58	520	354	166
PCT7336	MV	779	404	0	0	25	379	246	133
PCT7336	ED	175	174	0	0	22	152	102	50
PCT7336	TO	954	578	0	0	47	531	348	183
PCT7337	MV	772	386	0	0	35	351	226	125
PCT7337	ED	125	111	0	0	7	104	66	38
PCT7337	TO	897	497	0	0	42	455	292	163
PCT7338	MV	770	360	0	0	34	326	196	130
PCT7338	ED	125	90	0	0	10	80	65	15
PCT7338	TO	895	450	0	0	44	406	261	145
PCT7339	MV	605	270	0	0	21	249	182	67
PCT7339	ED	150	122	0	0	6	116	83	33
PCT7339	TO	755	392	0	0	27	365	265	100
PCT7341	MV	675	291	0	0	29	262	190	72
PCT7341	ED	178	159	0	0	7	152	120	32
PCT7341	TO	853	450	0	0	36	414	310	104
PCT7342	MV	674	323	0	0	21	302	226	76
PCT7342	ED	230	238	0	0	21	217	159	58
PCT7342	TO	904	561	0	0	42	519	385	134
PCT7343	MV	554	251	0	0	18	233	193	40
PCT7343	ED	150	146	0	0	14	132	102	30
PCT7343	TO	704	397	0	0	32	365	295	70
PCT7344	MV	863	392	0	0	23	369	255	114
PCT7344	ED	201	161	0	0	8	153	119	34
PCT7344	TO	1064	553	0	0	31	522	374	148
PCT7345	MV	904	432	0	0	33	399	318	81
PCT7345	ED	210	214	0	0	19	195	153	42
PCT7345	TO	1114	646	0	0	52	594	471	123
PCT7346	MV	681	288	0	0	22	266	208	58
PCT7346	ED	208	169	0	0	20	149	119	30
PCT7346	TO	889	457	0	0	42	415	327	88
PCT7347	MV	833	370	0	0	31	339	287	52
PCT7347	ED	170	109	0	0	9	100	84	16
PCT7347	TO	1003	479	0	0	40	439	371	68
PCT7348	MV	650	279	0	0	22	257	196	61
PCT7348	ED	193	115	0	0	10	105	83	22
PCT7348	TO	843	394	0	0	32	362	279	83
PCT7349	MV	710	315	0	0	23	292	197	95
PCT7349	ED	202	143	0	0	14	129	102	27
PCT7349	TO	912	458	0	0	37	421	299	122
PCT7501	MV	456	248	0	0	29	219	143	76
PCT7501	ED	95	116	0	0	12	104	70	34
PCT7501	TO	551	364	0	0	41	323	213	110
PCT7502	MV	668	314	0	0	24	290	195	95
PCT7502	ED	121	135	0	0	17	118	86	32
PCT7502	TO	789	449	0	0	41	408	281	127
PCT7503	MV	614	286	0	0	28	258	186	72
PCT7503	ED	148	134	0	0	18	116	87	29
PCT7503	TO	762	420	0	0	46	374	273	101
PCT7504	MV	404	175	0	0	16	159	110	49
PCT7504	ED	84	57	0	0	8	49	36	13
PCT7504	TO	488	232	0	0	24	208	146	62
PCT7505	MV	729	405	0	0	40	365	262	103
PCT7505	ED	133	96	0	0	7	89	72	17
PCT7505	TO	862	501	0	0	47	454	334	120
PCT7506	MV	842	363	0	0	37	326	236	90
PCT7506	ED	158	117	0	0	10	107	87	20
PCT7506	TO	1000	480	0	0	47	433	323	110
PCT7507	MV	694	289	0	0	24	265	201	64
PCT7507	ED	262	102	0	0	5	97	69	28
PCT7507	TO	956	391	0	0	29	362	270	92
PCT7508	MV	618	373	0	0	35	338	250	88
PCT7508	ED	126	106	0	1	8	97	74	23
PCT7508	TO	744	479	0	1	43	435	324	111
PCT7509	MV	756	399	0	0	22	377	261	116
PCT7509	ED	173	148	0	0	11	137	96	41
PCT7509	TO	929	547	0	0	33	514	357	157
PCT7512	MV	475	248	0	0	22	226	138	88
PCT7512	ED	125	86	0	0	7	79	58	21
PCT7512	TO	600	334	0	0	29	305	196	109
PCT7513	MV	575	248	0	0	32	216	165	51
PCT7513	ED	231	112	0	0	19	93	76	17
PCT7513	TO	806	360	0	0	51	309	241	68
PCT7514	MV	709	242	0	0	36	206	143	63
PCT7514	ED	207	61	0	0	15	46	31	15
PCT7514	TO	916	303	0	0	51	252	174	78
PCT7515	MV	663	321	0	0	22	299	208	91
PCT7515	ED	201	90	0	0	12	78	62	16
PCT7515	TO	864	411	0	0	34	377	270	107
PCT7516	MV	773	423	0	0	26	397	299	98
PCT7516	ED	147	118	0	0	5	113	81	32
PCT7516	TO	920	541	0	0	31	510	380	130
PCT7517	MV	645	362	0	0	39	323	258	65
PCT7517	ED	223	179	0	0	13	166	140	26
PCT7517	TO	868	541	0	0	52	489	398	91
PCT7518	MV	708	392	0	0	35	357	280	77
PCT7518	ED	218	186	0	0	13	173	146	27
PCT7518	TO	926	578	0	0	48	530	426	104
PCT7519	MV	543	259	0	0	25	234	189	45
PCT7519	ED	172	136	0	0	10	126	105	21
PCT7519	TO	715	395	0	0	35	360	294	66
PCT7521	MV	597	318	0	0	22	296	245	51
PCT7521	ED	182	149	0	0	8	141	117	24
PCT7521	TO	779	467	0	0	30	437	362	75
PCT7522	MV	588	301	0	0	23	278	231	47
PCT7522	ED	171	159	0	0	12	147	124	23
PCT7522	TO	759	460	0	0	35	425	355	70
PCT7523	MV	564	285	0	1	24	260	208	52
PCT7523	ED	180	169	0	0	10	159	124	35
PCT7523	TO	744	454	0	1	34	419	332	87
PCT7524	MV	480	228	0	0	18	210	169	41
PCT7524	ED	144	102	0	0	5	97	76	21
PCT7524	TO	624	330	0	0	23	307	245	62
PCT7525	MV	594	246	0	0	27	219	170	49
PCT7525	ED	170	96	0	0	12	84	69	15
PCT7525	TO	764	342	0	0	39	303	239	64
PCT7526	MV	826	395	0	0	42	353	282	71
PCT7526	ED	162	149	0	0	15	134	103	31
PCT7526	TO	988	544	0	0	57	487	385	102
PCT7527	MV	538	296	0	0	30	266	208	58
PCT7527	ED	172	113	0	0	5	108	89	19
PCT7527	TO	710	409	0	0	35	374	297	77
PCT7529	MV	749	366	0	0	25	341	286	55
PCT7529	ED	154	187	0	0	9	178	148	30
PCT7529	TO	903	553	0	0	34	519	434	85
PCT7531	MV	714	336	0	0	17	319	275	44
PCT7531	ED	159	135	0	0	2	133	114	19
PCT7531	TO	873	471	0	0	19	452	389	63
PCT7532	MV	668	328	0	0	23	305	225	80
PCT7532	ED	167	139	0	0	14	125	85	40
PCT7532	TO	835	467	0	0	37	430	310	120
PCT7533	MV	776	405	0	0	35	370	297	73
PCT7533	ED	194	189	0	0	15	174	147	27
PCT7533	TO	970	594	0	0	50	544	444	100
PCT7534	MV	670	375	0	0	27	348	289	59
PCT7534	ED	233	187	0	0	16	171	147	24
PCT7534	TO	903	562	0	0	43	519	436	83
PCT7535	MV	606	300	0	0	30	270	221	49
PCT7535	ED	139	162	0	1	18	143	125	18
PCT7535	TO	745	462	0	1	48	413	346	67
PCT7536	MV	670	346	0	0	15	331	273	58
PCT7536	ED	163	172	0	0	13	159	134	25
PCT7536	TO	833	518	0	0	28	490	407	83
PCT7537	MV	619	301	0	0	19	282	227	55
PCT7537	ED	126	150	0	0	13	137	111	26
PCT7537	TO	745	451	0	0	32	419	338	81
PCT7538	MV	562	321	0	0	19	302	241	61
PCT7538	ED	189	175	0	0	10	165	139	26
PCT7538	TO	751	496	0	0	29	467	380	87
PCT7539	MV	696	374	0	0	23	351	291	60
PCT7539	ED	225	195	0	0	10	185	167	18
PCT7539	TO	921	569	0	0	33	536	458	78
PCT7541	MV	600	295	0	0	26	269	223	46
PCT7541	ED	170	164	0	0	15	149	128	21
PCT7541	TO	770	459	0	0	41	418	351	67
PCT7542	MV	632	323	0	0	18	305	262	43
PCT7542	ED	192	171	0	0	7	164	140	24
PCT7542	TO	824	494	0	0	25	469	402	67
PCT7543	MV	694	371	0	0	21	350	293	57
PCT7543	ED	230	141	0	0	11	130	111	19
PCT7543	TO	924	512	0	0	32	480	404	76
PCT7544	MV	731	389	0	0	34	355	296	59
PCT7544	ED	168	164	0	0	11	153	128	25
PCT7544	TO	899	553	0	0	45	508	424	84
PCT7545	MV	723	384	0	0	28	356	292	64
PCT7545	ED	172	149	0	0	12	137	120	17
PCT7545	TO	895	533	0	0	40	493	412	81
PCT7546	MV	770	417	0	0	27	390	316	74
PCT7546	ED	183	219	0	0	16	203	152	51
PCT7546	TO	953	636	0	0	43	593	468	125
PCT7547	MV	798	426	0	0	31	395	339	56
PCT7547	ED	183	180	0	0	15	165	145	20
PCT7547	TO	981	606	0	0	46	560	484	76
PCT7548	MV	802	447	0	0	30	417	343	74
PCT7548	ED	249	204	0	0	9	195	168	27
PCT7548	TO	1051	651	0	0	39	612	511	101
PCT7549	MV	660	357	0	0	28	329	247	82
PCT7549	ED	146	143	0	0	19	124	97	27
PCT7549	TO	806	500	0	0	47	453	344	109
PCT7551	MV	587	303	0	0	18	285	227	58
PCT7551	ED	136	175	0	0	11	164	121	43
PCT7551	TO	723	478	0	0	29	449	348	101
PCT7552	MV	561	285	0	1	24	260	199	61
PCT7552	ED	124	130	0	1	14	115	88	27
PCT7552	TO	685	415	0	2	38	375	287	88
PCT7553	MV	211	95	0	0	8	87	65	22
PCT7553	ED	-20	0	0	0	0	0	0	0
PCT7553	TO	191	95	0	0	8	87	65	22
PCT7554	MV	653	381	0	0	34	347	260	87
PCT7554	ED	168	180	0	0	17	163	120	43
PCT7554	TO	821	561	0	0	51	510	380	130
PCT7555	MV	662	416	0	0	40	376	281	95
PCT7555	ED	210	210	0	0	16	194	139	55
PCT7555	TO	872	626	0	0	56	570	420	150
PCT7556	MV	812	512	0	0	27	485	359	126
PCT7556	ED	154	168	0	0	17	151	106	45
PCT7556	TO	966	680	0	0	44	636	465	171
PCT7601	MV	485	207	0	0	16	191	140	51
PCT7601	ED	192	91	0	0	10	81	68	13
PCT7601	TO	677	298	0	0	26	272	208	64
PCT7602	MV	654	276	0	0	21	255	205	50
PCT7602	ED	232	104	0	0	9	95	85	10
PCT7602	TO	886	380	0	0	30	350	290	60
PCT7603	MV	615	295	0	0	26	269	222	47
PCT7603	ED	200	168	0	0	10	158	134	24
PCT7603	TO	815	463	0	0	36	427	356	71
PCT7604	MV	685	270	0	1	19	250	203	47
PCT7604	ED	259	135	0	0	15	120	98	22
PCT7604	TO	944	405	0	1	34	370	301	69
PCT7605	MV	468	191	0	0	20	171	114	57
PCT7605	ED	193	62	0	0	5	57	41	16
PCT7605	TO	661	253	0	0	25	228	155	73
PCT7606	MV	673	267	0	0	30	237	178	59
PCT7606	ED	210	80	0	0	6	74	57	17
PCT7606	TO	883	347	0	0	36	311	235	76
PCT7607	MV	712	288	0	0	21	267	207	60
PCT7607	ED	207	101	0	0	3	98	79	19
PCT7607	TO	919	389	0	0	24	365	286	79
PCT7608	MV	279	96	0	0	8	88	48	40
PCT7608	ED	101	19	0	0	1	18	14	4
PCT7608	TO	380	115	0	0	9	106	62	44
PCT7609	MV	699	286	0	0	42	244	158	86
PCT7609	ED	185	49	0	0	6	43	30	13
PCT7609	TO	884	335	0	0	48	287	188	99
PCT7611	MV	586	235	0	0	18	217	158	59
PCT7611	ED	202	43	0	0	3	40	31	9
PCT7611	TO	788	278	0	0	21	257	189	68
PCT7612	MV	452	216	0	2	13	201	137	64
PCT7612	ED	105	31	0	0	0	31	21	10
PCT7612	TO	557	247	0	2	13	232	158	74
PCT7613	MV	634	244	0	0	21	223	167	56
PCT7613	ED	249	89	0	1	7	81	66	15
PCT7613	TO	883	333	0	1	28	304	233	71
PCT7614	MV	713	253	0	0	26	227	173	54
PCT7614	ED	203	81	0	0	7	74	59	15
PCT7614	TO	916	334	0	0	33	301	232	69
PCT7615	MV	510	165	0	0	15	150	113	37
PCT7615	ED	240	58	0	0	3	55	47	8
PCT7615	TO	750	223	0	0	18	205	160	45
PCT7616	MV	754	330	0	0	35	295	243	52
PCT7616	ED	82	86	0	1	8	77	57	20
PCT7616	TO	836	416	0	1	43	372	300	72
PCT7617	MV	583	222	0	0	30	192	131	61
PCT7617	ED	169	42	0	0	6	36	27	9
PCT7617	TO	752	264	0	0	36	228	158	70
PCT7618	MV	763	365	0	0	28	337	261	76
PCT7618	ED	151	85	0	0	7	78	56	22
PCT7618	TO	914	450	0	0	35	415	317	98
PCT7619	MV	937	439	0	0	31	408	336	72
PCT7619	ED	170	119	0	0	13	106	92	14
PCT7619	TO	1107	558	0	0	44	514	428	86
PCT7621	MV	1006	443	0	0	24	419	329	90
PCT7621	ED	149	104	0	0	12	92	69	23
PCT7621	TO	1155	547	0	0	36	511	398	113
PCT7622	MV	697	215	0	0	13	202	145	57
PCT7622	ED	263	74	0	0	8	66	54	12
PCT7622	TO	960	289	0	0	21	268	199	69
PCT7623	MV	767	256	0	1	22	233	173	60
PCT7623	ED	237	98	0	0	8	90	72	18
PCT7623	TO	1004	354	0	1	30	323	245	78
PCT7624	MV	652	209	0	0	18	191	129	62
PCT7624	ED	223	73	0	0	10	63	54	9
PCT7624	TO	875	282	0	0	28	254	183	71
PCT7625	MV	749	394	0	0	70	324	180	144
PCT7625	ED	73	34	0	0	2	32	18	14
PCT7625	TO	822	428	0	0	72	356	198	158
PCT7626	MV	944	401	0	0	42	359	246	113
PCT7626	ED	129	108	0	0	7	101	73	28
PCT7626	TO	1073	509	0	0	49	460	319	141
PCT7627	MV	457	196	0	0	18	178	113	65
PCT7627	ED	67	59	0	0	6	53	40	13
PCT7627	TO	524	255	0	0	24	231	153	78
PCT7628	MV	718	331	0	0	21	310	243	67
PCT7628	ED	220	111	0	0	3	108	83	25
PCT7628	TO	938	442	0	0	24	418	326	92
PCT7629	MV	691	276	0	0	24	252	194	58
PCT7629	ED	162	87	0	0	5	82	61	21
PCT7629	TO	853	363	0	0	29	334	255	79
PCT7631	MV	1009	440	0	0	35	405	297	108
PCT7631	ED	210	111	0	0	8	103	83	20
PCT7631	TO	1219	551	0	0	43	508	380	128
PCT7632	MV	1002	413	0	0	24	389	307	82
PCT7632	ED	169	130	0	0	6	124	97	27
PCT7632	TO	1171	543	0	0	30	513	404	109
PCT7633	MV	609	278	0	0	28	250	165	85
PCT7633	ED	126	97	0	0	10	87	71	16
PCT7633	TO	735	375	0	0	38	337	236	101
PCT7634	MV	704	344	0	0	44	300	206	94
PCT7634	ED	186	105	0	0	14	91	59	32
PCT7634	TO	890	449	0	0	58	391	265	126
PCT7635	MV	665	273	0	0	13	260	178	82
PCT7635	ED	188	62	0	0	4	58	48	10
PCT7635	TO	853	335	0	0	17	318	226	92
PCT7636	MV	798	330	0	0	28	302	231	71
PCT7636	ED	161	107	0	0	8	99	69	30
PCT7636	TO	959	437	0	0	36	401	300	101
PCT7637	MV	747	344	0	0	36	308	200	108
PCT7637	ED	121	99	0	1	7	91	56	35
PCT7637	TO	868	443	0	1	43	399	256	143
PCT7638	MV	806	372	0	0	34	338	209	129
PCT7638	ED	83	89	0	0	9	80	44	36
PCT7638	TO	889	461	0	0	43	418	253	165
PCT7639	MV	889	396	0	0	34	362	243	119
PCT7639	ED	133	134	0	0	22	112	84	28
PCT7639	TO	1022	530	0	0	56	474	327	147
PCT7641	MV	817	399	0	0	22	377	230	147
PCT7641	ED	134	93	0	0	5	88	53	35
PCT7641	TO	951	492	0	0	27	465	283	182
PCT7642	MV	647	311	0	0	17	294	175	119
PCT7642	ED	118	82	0	0	10	72	41	31
PCT7642	TO	765	393	0	0	27	366	216	150
PCT7643	MV	810	433	0	0	29	404	283	121
PCT7643	ED	131	106	0	0	14	92	61	31
PCT7643	TO	941	539	0	0	43	496	344	152
PCT7644	MV	1014	403	0	1	39	363	275	88
PCT7644	ED	162	142	0	0	10	132	107	25
PCT7644	TO	1176	545	0	1	49	495	382	113
PCT7645	MV	595	286	0	0	23	263	156	107
PCT7645	ED	61	56	0	0	9	47	33	14
PCT7645	TO	656	342	0	0	32	310	189	121
PCT7646	MV	1032	484	0	0	43	441	320	121
PCT7646	ED	121	134	0	0	24	110	86	24
PCT7646	TO	1153	618	0	0	67	551	406	145
PCT7647	MV	724	210	0	0	8	202	144	58
PCT7647	ED	263	79	0	0	7	72	58	14
PCT7647	TO	987	289	0	0	15	274	202	72
PCT7648	MV	2	1	0	0	1	0	0	0
PCT7648	ED	0	0	0	0	0	0	0	0
PCT7648	TO	2	1	0	0	1	0	0	0
PCT7649	MV	723	286	0	0	15	271	186	85
PCT7649	ED	177	81	0	0	5	76	52	24
PCT7649	TO	900	367	0	0	20	347	238	109
PCT7651	MV	834	332	0	0	31	301	215	86
PCT7651	ED	113	73	0	0	5	68	50	18
PCT7651	TO	947	405	0	0	36	369	265	104
PCT7652	MV	535	207	0	0	16	191	139	52
PCT7652	ED	100	87	0	0	8	79	60	19
PCT7652	TO	635	294	0	0	24	270	199	71
PCT7653	MV	750	334	0	0	38	296	224	72
PCT7653	ED	89	80	0	0	6	74	50	24
PCT7653	TO	839	414	0	0	44	370	274	96
PCT7654	MV	413	191	0	0	14	177	131	46
PCT7654	ED	53	84	0	0	12	72	55	17
PCT7654	TO	466	275	0	0	26	249	186	63
PCT7655	MV	583	215	0	0	11	204	142	62
PCT7655	ED	96	60	0	0	11	49	39	10
PCT7655	TO	679	275	0	0	22	253	181	72
PCT7656	MV	603	308	0	0	28	280	173	107
PCT7656	ED	35	40	0	0	3	37	29	8
PCT7656	TO	638	348	0	0	31	317	202	115
PCT7657	MV	561	269	0	0	28	241	169	72
PCT7657	ED	37	61	0	0	5	56	41	15
PCT7657	TO	598	330	0	0	33	297	210	87
PCT7701	MV	868	481	0	0	47	434	313	121
PCT7701	ED	196	174	0	0	16	158	112	46
PCT7701	TO	1064	655	0	0	63	592	425	167
PCT7702	MV	623	375	0	0	22	353	211	142
PCT7702	ED	133	104	0	0	5	99	68	31
PCT7702	TO	756	479	0	0	27	452	279	173
PCT7703	MV	187	71	0	0	10	61	41	20
PCT7703	ED	-13	0	0	0	0	0	0	0
PCT7703	TO	174	71	0	0	10	61	41	20
PCT7704	MV	798	489	0	0	38	451	255	196
PCT7704	ED	204	173	0	0	10	163	92	71
PCT7704	TO	1002	662	0	0	48	614	347	267
PCT7705	MV	470	285	0	0	20	265	160	105
PCT7705	ED	125	110	0	0	10	100	51	49
PCT7705	TO	595	395	0	0	30	365	211	154
PCT7706	MV	687	447	0	0	31	416	255	161
PCT7706	ED	179	162	0	0	12	150	92	58
PCT7706	TO	866	609	0	0	43	566	347	219
PCT7707	MV	683	432	0	0	29	403	262	141
PCT7707	ED	189	179	0	0	10	169	105	64
PCT7707	TO	872	611	0	0	39	572	367	205
PCT7708	MV	710	461	0	0	34	427	272	155
PCT7708	ED	165	154	0	0	12	142	93	49
PCT7708	TO	875	615	0	0	46	569	365	204
PCT7709	MV	324	193	0	0	12	181	119	62
PCT7709	ED	82	90	0	0	4	86	68	18
PCT7709	TO	406	283	0	0	16	267	187	80
PCT7711	MV	658	379	0	0	22	357	246	111
PCT7711	ED	153	125	0	0	5	120	89	31
PCT7711	TO	811	504	0	0	27	477	335	142
PCT7712	MV	425	258	0	0	14	244	186	58
PCT7712	ED	107	106	0	0	7	99	70	29
PCT7712	TO	532	364	0	0	21	343	256	87
PCT7801	MV	823	478	0	0	23	455	328	127
PCT7801	ED	151	190	0	0	12	178	125	53
PCT7801	TO	974	668	0	0	35	633	453	180
PCT7802	MV	646	401	0	0	28	373	265	108
PCT7802	ED	152	158	0	1	10	147	119	28
PCT7802	TO	798	559	0	1	38	520	384	136
PCT7803	MV	718	476	0	0	27	449	345	104
PCT7803	ED	113	128	0	0	9	119	90	29
PCT7803	TO	831	604	0	0	36	568	435	133
PCT7804	MV	734	463	0	0	40	423	338	85
PCT7804	ED	151	181	0	0	20	161	121	40
PCT7804	TO	885	644	0	0	60	584	459	125
PCT7805	MV	644	399	0	0	35	364	300	64
PCT7805	ED	156	156	0	0	10	146	129	17
PCT7805	TO	800	555	0	0	45	510	429	81
PCT7806	MV	602	361	0	1	29	331	263	68
PCT7806	ED	153	152	0	0	10	142	125	17
PCT7806	TO	755	513	0	1	39	473	388	85
PCT7807	MV	642	361	0	0	20	341	294	47
PCT7807	ED	185	174	0	0	12	162	147	15
PCT7807	TO	827	535	0	0	32	503	441	62
PCT7808	MV	525	296	0	0	26	270	229	41
PCT7808	ED	129	129	0	0	14	115	99	16
PCT7808	TO	654	425	0	0	40	385	328	57
PCT7809	MV	624	351	0	0	26	325	286	39
PCT7809	ED	140	136	0	0	8	128	111	17
PCT7809	TO	764	487	0	0	34	453	397	56
PCT7811	MV	582	311	0	0	22	289	240	49
PCT7811	ED	176	155	0	0	5	150	123	27
PCT7811	TO	758	466	0	0	27	439	363	76
PCT7812	MV	680	369	0	0	28	341	292	49
PCT7812	ED	217	163	0	0	10	153	121	32
PCT7812	TO	897	532	0	0	38	494	413	81
PCT7813	MV	843	483	0	0	21	462	387	75
PCT7813	ED	225	215	0	1	17	197	170	27
PCT7813	TO	1068	698	0	1	38	659	557	102
PCT7814	MV	660	279	0	0	17	262	211	51
PCT7814	ED	241	118	0	0	10	108	86	22
PCT7814	TO	901	397	0	0	27	370	297	73
PCT7815	MV	749	465	0	0	42	423	328	95
PCT7815	ED	168	179	0	0	7	172	141	31
PCT7815	TO	917	644	0	0	49	595	469	126
PCT7816	MV	724	472	0	0	35	437	364	73
PCT7816	ED	148	149	0	0	8	141	109	32
PCT7816	TO	872	621	0	0	43	578	473	105
PCT7817	MV	652	396	0	0	11	385	337	48
PCT7817	ED	186	183	0	0	9	174	151	23
PCT7817	TO	838	579	0	0	20	559	488	71
PCT7818	MV	668	393	0	0	21	372	314	58
PCT7818	ED	171	149	0	0	8	141	120	21
PCT7818	TO	839	542	0	0	29	513	434	79
PCT7819	MV	635	352	0	0	27	325	259	66
PCT7819	ED	139	89	0	0	9	80	68	12
PCT7819	TO	774	441	0	0	36	405	327	78
PCT7821	MV	806	519	0	0	18	501	409	92
PCT7821	ED	170	190	0	0	10	180	141	39
PCT7821	TO	976	709	0	0	28	681	550	131
PCT7822	MV	673	395	0	0	22	373	323	50
PCT7822	ED	219	223	0	0	21	202	160	42
PCT7822	TO	892	618	0	0	43	575	483	92
PCT7823	MV	706	410	0	0	25	385	322	63
PCT7823	ED	177	189	0	0	5	184	162	22
PCT7823	TO	883	599	0	0	30	569	484	85
PCT7824	MV	615	334	0	0	25	309	250	59
PCT7824	ED	153	158	0	0	16	142	115	27
PCT7824	TO	768	492	0	0	41	451	365	86
PCT7825	MV	457	252	0	0	15	237	207	30
PCT7825	ED	151	130	0	0	6	124	105	19
PCT7825	TO	608	382	0	0	21	361	312	49
PCT7826	MV	486	263	0	0	13	250	210	40
PCT7826	ED	204	162	0	0	11	151	131	20
PCT7826	TO	690	425	0	0	24	401	341	60
PCT7827	MV	607	318	0	0	24	294	233	61
PCT7827	ED	219	146	0	0	11	135	118	17
PCT7827	TO	826	464	0	0	35	429	351	78
PCT7828	MV	857	477	0	0	34	443	333	110
PCT7828	ED	171	179	0	1	21	157	118	39
PCT7828	TO	1028	656	0	1	55	600	451	149
PCT7829	MV	742	466	0	0	33	433	333	100
PCT7829	ED	149	151	0	1	6	144	114	30
PCT7829	TO	891	617	0	1	39	577	447	130
PCT7831	MV	763	485	0	0	37	448	345	103
PCT7831	ED	139	138	0	0	7	131	104	27
PCT7831	TO	902	623	0	0	44	579	449	130
PCT7832	MV	663	412	0	1	25	386	306	80
PCT7832	ED	118	127	0	0	8	119	89	30
PCT7832	TO	781	539	0	1	33	505	395	110
PCT7833	MV	587	343	0	0	21	322	269	53
PCT7833	ED	146	145	0	0	16	129	109	20
PCT7833	TO	733	488	0	0	37	451	378	73
PCT7834	MV	700	374	0	0	36	338	283	55
PCT7834	ED	194	177	0	0	14	163	129	34
PCT7834	TO	894	551	0	0	50	501	412	89
PCT7835	MV	721	427	0	1	24	402	304	98
PCT7835	ED	142	147	0	0	15	132	97	35
PCT7835	TO	863	574	0	1	39	534	401	133
PCT7836	MV	850	505	0	0	35	470	364	106
PCT7836	ED	193	170	0	1	6	163	127	36
PCT7836	TO	1043	675	0	1	41	633	491	142
PCT7837	MV	718	424	0	0	37	387	283	104
PCT7837	ED	205	199	0	0	16	183	136	47
PCT7837	TO	923	623	0	0	53	570	419	151
PCT7838	MV	752	492	0	0	32	460	336	124
PCT7838	ED	143	156	0	0	12	144	116	28
PCT7838	TO	895	648	0	0	44	604	452	152
PCT7839	MV	731	456	0	1	38	417	315	102
PCT7839	ED	130	137	0	0	8	129	98	31
PCT7839	TO	861	593	0	1	46	546	413	133
PCT7841	MV	752	457	0	0	34	423	323	100
PCT7841	ED	198	207	0	0	15	192	141	51
PCT7841	TO	950	664	0	0	49	615	464	151
PCT7842	MV	702	393	0	0	30	363	294	69
PCT7842	ED	177	155	0	1	7	147	114	33
PCT7842	TO	879	548	0	1	37	510	408	102
PCT7843	MV	546	295	0	0	17	278	220	58
PCT7843	ED	183	165	0	0	12	153	129	24
PCT7843	TO	729	460	0	0	29	431	349	82
PCT7844	MV	499	281	0	1	24	256	218	38
PCT7844	ED	152	136	0	0	13	123	100	23
PCT7844	TO	651	417	0	1	37	379	318	61
PCT7845	MV	676	405	0	0	27	378	284	94
PCT7845	ED	204	177	0	0	14	163	123	40
PCT7845	TO	880	582	0	0	41	541	407	134
PCT7846	MV	736	463	0	0	46	417	302	115
PCT7846	ED	172	167	0	0	14	153	112	41
PCT7846	TO	908	630	0	0	60	570	414	156
PCT7847	MV	698	427	0	0	34	393	309	84
PCT7847	ED	193	183	0	0	9	174	135	39
PCT7847	TO	891	610	0	0	43	567	444	123
PCT7848	MV	665	437	0	0	23	414	294	120
PCT7848	ED	182	169	0	0	20	149	111	38
PCT7848	TO	847	606	0	0	43	563	405	158
PCT7849	MV	729	441	0	0	36	405	306	99
PCT7849	ED	172	186	0	0	17	169	137	32
PCT7849	TO	901	627	0	0	53	574	443	131
PCT7851	MV	414	272	0	0	24	248	146	102
PCT7851	ED	112	84	0	0	8	76	40	36
PCT7851	TO	526	356	0	0	32	324	186	138
PCT7852	MV	533	350	0	0	30	320	220	100
PCT7852	ED	111	103	0	0	8	95	62	33
PCT7852	TO	644	453	0	0	38	415	282	133
PCT7853	MV	694	394	0	0	33	361	249	112
PCT7853	ED	161	137	0	0	8	129	85	44
PCT7853	TO	855	531	0	0	41	490	334	156
PCT7854	MV	703	430	0	0	42	388	292	96
PCT7854	ED	175	172	0	0	11	161	127	34
PCT7854	TO	878	602	0	0	53	549	419	130
PCT7855	MV	763	450	0	0	36	414	300	114
PCT7855	ED	211	202	0	0	18	184	143	41
PCT7855	TO	974	652	0	0	54	598	443	155
PCT7856	MV	643	372	0	0	24	348	258	90
PCT7856	ED	204	193	0	0	14	179	143	36
PCT7856	TO	847	565	0	0	38	527	401	126
PCT7857	MV	748	435	0	0	37	398	298	100
PCT7857	ED	158	154	0	1	12	141	104	37
PCT7857	TO	906	589	0	1	49	539	402	137
PCT7858	MV	622	349	0	0	26	323	269	54
PCT7858	ED	157	148	0	0	9	139	112	27
PCT7858	TO	779	497	0	0	35	462	381	81
PCT7859	MV	747	464	0	0	35	429	317	112
PCT7859	ED	152	166	0	0	17	149	110	39
PCT7859	TO	899	630	0	0	52	578	427	151
PCT7861	MV	699	431	0	0	24	407	303	104
PCT7861	ED	164	171	0	0	11	160	124	36
PCT7861	TO	863	602	0	0	35	567	427	140
PCT7862	MV	669	400	0	0	28	372	290	82
PCT7862	ED	195	198	0	0	10	188	140	48
PCT7862	TO	864	598	0	0	38	560	430	130
PCT7863	MV	693	371	0	0	30	341	265	76
PCT7863	ED	208	205	0	0	7	198	158	40
PCT7863	TO	901	576	0	0	37	539	423	116
PCT7864	MV	661	374	0	0	34	340	248	92
PCT7864	ED	153	157	0	0	13	144	106	38
PCT7864	TO	814	531	0	0	47	484	354	130
PCT7865	MV	677	408	0	0	41	367	278	89
PCT7865	ED	163	157	0	0	8	149	119	30
PCT7865	TO	840	565	0	0	49	516	397	119
PCT7866	MV	690	446	0	0	31	415	258	157
PCT7866	ED	158	141	0	0	8	133	88	45
PCT7866	TO	848	587	0	0	39	548	346	202
PCT7867	MV	766	470	0	0	27	443	327	116
PCT7867	ED	212	182	0	0	16	166	121	45
PCT7867	TO	978	652	0	0	43	609	448	161
PCT7868	MV	659	374	0	0	24	350	245	105
PCT7868	ED	217	161	0	0	12	149	105	44
PCT7868	TO	876	535	0	0	36	499	350	149
PCT7869	MV	683	440	0	0	21	419	305	114
PCT7869	ED	178	190	0	0	17	173	132	41
PCT7869	TO	861	630	0	0	38	592	437	155
PCT7871	MV	702	463	0	0	33	430	329	101
PCT7871	ED	200	157	0	0	10	147	97	50
PCT7871	TO	902	620	0	0	43	577	426	151
PCT7872	MV	675	420	0	0	28	392	281	111
PCT7872	ED	199	185	0	0	11	174	124	50
PCT7872	TO	874	605	0	0	39	566	405	161
PCT7873	MV	689	444	0	0	29	415	303	112
PCT7873	ED	202	213	0	0	19	194	148	46
PCT7873	TO	891	657	0	0	48	609	451	158
PCT7874	MV	370	189	0	0	9	180	136	44
PCT7874	ED	119	107	0	0	8	99	76	23
PCT7874	TO	489	296	0	0	17	279	212	67
PCT7875	MV	500	252	0	0	19	233	158	75
PCT7875	ED	147	115	0	0	6	109	83	26
PCT7875	TO	647	367	0	0	25	342	241	101
PCT7876	MV	462	256	0	0	23	233	202	31
PCT7876	ED	106	91	0	0	15	76	62	14
PCT7876	TO	568	347	0	0	38	309	264	45
PCT7901	MV	399	191	0	0	11	180	153	27
PCT7901	ED	150	65	0	0	3	62	55	7
PCT7901	TO	549	256	0	0	14	242	208	34
PCT7902	MV	680	290	0	0	13	277	215	62
PCT7902	ED	232	141	0	0	7	134	113	21
PCT7902	TO	912	431	0	0	20	411	328	83
PCT7903	MV	623	284	0	0	17	267	217	50
PCT7903	ED	229	123	0	0	10	113	94	19
PCT7903	TO	852	407	0	0	27	380	311	69
PCT7904	MV	680	297	0	0	21	276	213	63
PCT7904	ED	157	118	0	0	9	109	93	16
PCT7904	TO	837	415	0	0	30	385	306	79
PCT7905	MV	684	356	0	1	23	332	272	60
PCT7905	ED	191	183	0	0	8	175	141	34
PCT7905	TO	875	539	0	1	31	507	413	94
PCT7906	MV	599	283	0	0	17	266	229	37
PCT7906	ED	187	117	0	0	14	103	93	10
PCT7906	TO	786	400	0	0	31	369	322	47
PCT7907	MV	704	343	0	0	16	327	277	50
PCT7907	ED	238	164	0	0	14	150	128	22
PCT7907	TO	942	507	0	0	30	477	405	72
PCT7908	MV	752	365	0	0	21	344	263	81
PCT7908	ED	240	169	0	0	14	155	129	26
PCT7908	TO	992	534	0	0	35	499	392	107
PCT7909	MV	558	310	0	0	21	289	252	37
PCT7909	ED	185	140	0	1	6	133	107	26
PCT7909	TO	743	450	0	1	27	422	359	63
PCT7911	MV	666	320	0	0	20	300	229	71
PCT7911	ED	205	129	0	0	10	119	97	22
PCT7911	TO	871	449	0	0	30	419	326	93
PCT7912	MV	800	370	0	0	19	351	299	52
PCT7912	ED	259	177	0	0	21	156	125	31
PCT7912	TO	1059	547	0	0	40	507	424	83
PCT7913	MV	660	350	0	0	11	339	272	67
PCT7913	ED	263	214	0	0	8	206	164	42
PCT7913	TO	923	564	0	0	19	545	436	109
PCT7914	MV	715	389	0	1	29	359	287	72
PCT7914	ED	187	142	0	0	14	128	102	26
PCT7914	TO	902	531	0	1	43	487	389	98
PCT7915	MV	605	290	0	0	20	270	216	54
PCT7915	ED	238	181	0	1	6	174	136	38
PCT7915	TO	843	471	0	1	26	444	352	92
PCT7916	MV	639	334	0	0	17	317	263	54
PCT7916	ED	219	161	0	0	10	151	137	14
PCT7916	TO	858	495	0	0	27	468	400	68
PCT7917	MV	716	356	0	0	20	336	279	57
PCT7917	ED	271	187	0	0	5	182	154	28
PCT7917	TO	987	543	0	0	25	518	433	85
PCT7918	MV	597	297	0	1	21	275	234	41
PCT7918	ED	227	144	0	0	6	138	111	27
PCT7918	TO	824	441	0	1	27	413	345	68
PCT7919	MV	608	309	0	0	19	290	235	55
PCT7919	ED	258	176	0	0	10	166	143	23
PCT7919	TO	866	485	0	0	29	456	378	78
PCT7921	MV	682	309	0	0	17	292	228	64
PCT7921	ED	229	102	0	0	4	98	79	19
PCT7921	TO	911	411	0	0	21	390	307	83
PCT7922	MV	648	314	0	0	20	294	231	63
PCT7922	ED	210	155	0	0	9	146	119	27
PCT7922	TO	858	469	0	0	29	440	350	90
PCT7923	MV	666	336	0	1	20	315	242	73
PCT7923	ED	214	171	0	0	9	162	135	27
PCT7923	TO	880	507	0	1	29	477	377	100
PCT7924	MV	649	302	0	0	15	287	224	63
PCT7924	ED	202	124	0	0	5	119	93	26
PCT7924	TO	851	426	0	0	20	406	317	89
PCT7925	MV	434	225	0	0	18	207	166	41
PCT7925	ED	110	89	0	0	4	85	67	18
PCT7925	TO	544	314	0	0	22	292	233	59
PCT7926	MV	610	337	0	0	22	315	236	79
PCT7926	ED	178	150	0	0	12	138	106	32
PCT7926	TO	788	487	0	0	34	453	342	111
PCT7927	MV	580	334	0	0	28	306	252	54
PCT7927	ED	162	153	0	0	6	147	118	29
PCT7927	TO	742	487	0	0	34	453	370	83
PCT7928	MV	700	395	0	0	23	372	304	68
PCT7928	ED	217	208	0	0	4	204	167	37
PCT7928	TO	917	603	0	0	27	576	471	105
PCT7929	MV	678	422	0	0	21	401	301	100
PCT7929	ED	169	171	0	0	13	158	114	44
PCT7929	TO	847	593	0	0	34	559	415	144
PCT7931	MV	610	376	0	0	32	344	277	67
PCT7931	ED	141	150	0	0	12	138	109	29
PCT7931	TO	751	526	0	0	44	482	386	96
PCT7932	MV	443	277	0	0	19	258	176	82
PCT7932	ED	118	96	0	0	10	86	61	25
PCT7932	TO	561	373	0	0	29	344	237	107
PCT7933	MV	9	6	0	0	0	6	3	3
PCT7933	ED	-1	0	0	0	0	0	0	0
PCT7933	TO	8	6	0	0	0	6	3	3
PCT7934	MV	702	408	0	0	33	375	297	78
PCT7934	ED	182	155	0	0	18	137	117	20
PCT7934	TO	884	563	0	0	51	512	414	98
PCT7935	MV	716	435	0	0	32	403	325	78
PCT7935	ED	227	225	0	1	19	205	176	29
PCT7935	TO	943	660	0	1	51	608	501	107
PCT7936	MV	620	369	0	0	29	340	273	67
PCT7936	ED	236	220	0	0	7	213	170	43
PCT7936	TO	856	589	0	0	36	553	443	110
PCT7937	MV	698	406	0	0	31	375	292	83
PCT7937	ED	202	171	0	0	8	163	140	23
PCT7937	TO	900	577	0	0	39	538	432	106
PCT7938	MV	536	301	0	0	20	281	217	64
PCT7938	ED	215	121	0	0	5	116	94	22
PCT7938	TO	751	422	0	0	25	397	311	86
PCT7939	MV	481	289	0	0	21	268	218	50
PCT7939	ED	205	191	0	0	12	179	143	36
PCT7939	TO	686	480	0	0	33	447	361	86
PCT7941	MV	576	304	0	0	22	282	223	59
PCT7941	ED	196	171	0	0	14	157	120	37
PCT7941	TO	772	475	0	0	36	439	343	96
PCT7942	MV	658	330	0	0	23	307	227	80
PCT7942	ED	274	141	0	0	8	133	99	34
PCT7942	TO	932	471	0	0	31	440	326	114
PCT7943	MV	687	367	0	0	20	347	243	104
PCT7943	ED	213	156	0	0	13	143	99	44
PCT7943	TO	900	523	0	0	33	490	342	148
PCT7944	MV	584	340	0	0	32	308	236	72
PCT7944	ED	230	196	0	0	11	185	141	44
PCT7944	TO	814	536	0	0	43	493	377	116
PCT7945	MV	726	337	0	0	24	313	228	85
PCT7945	ED	228	83	0	0	10	73	54	19
PCT7945	TO	954	420	0	0	34	386	282	104
PCT7946	MV	779	365	0	0	17	348	201	147
PCT7946	ED	206	115	0	0	10	105	78	27
PCT7946	TO	985	480	0	0	27	453	279	174
PCT7947	MV	792	332	0	0	26	306	172	134
PCT7947	ED	194	94	0	0	6	88	56	32
PCT7947	TO	986	426	0	0	32	394	228	166
PCT7948	MV	730	373	0	0	27	346	207	139
PCT7948	ED	200	119	0	0	5	114	71	43
PCT7948	TO	930	492	0	0	32	460	278	182
PCT7949	MV	484	233	0	0	15	218	104	114
PCT7949	ED	106	56	0	0	6	50	31	19
PCT7949	TO	590	289	0	0	21	268	135	133
PCT7951	MV	731	365	0	0	27	338	187	151
PCT7951	ED	156	90	0	0	6	84	54	30
PCT7951	TO	887	455	0	0	33	422	241	181
PCT7952	MV	730	292	0	0	23	269	141	128
PCT7952	ED	182	86	0	0	9	77	47	30
PCT7952	TO	912	378	0	0	32	346	188	158
PCT7953	MV	669	331	0	0	21	310	154	156
PCT7953	ED	161	106	0	0	4	102	60	42
PCT7953	TO	830	437	0	0	25	412	214	198
PCT7954	MV	0	0	0	0	0	0	0	0
PCT7954	ED	0	0	0	0	0	0	0	0
PCT7954	TO	0	0	0	0	0	0	0	0
PCT7955	MV	774	350	0	0	27	323	187	136
PCT7955	ED	173	98	0	0	12	86	52	34
PCT7955	TO	947	448	0	0	39	409	239	170
PCT7956	MV	699	266	0	0	14	252	135	117
PCT7956	ED	170	39	0	0	2	37	23	14
PCT7956	TO	869	305	0	0	16	289	158	131
PCT7957	MV	538	261	0	0	18	243	164	79
PCT7957	ED	135	85	0	0	10	75	54	21
PCT7957	TO	673	346	0	0	28	318	218	100
PCT7958	MV	320	104	0	0	6	98	57	41
PCT7958	ED	-23	0	0	0	0	0	0	0
PCT7958	TO	297	104	0	0	6	98	57	41
PCT7959	MV	541	230	0	0	22	208	167	41
PCT7959	ED	145	68	0	0	7	61	56	5
PCT7959	TO	686	298	0	0	29	269	223	46
PCT9001	MV	314	100	0	0	6	94	67	27
PCT9001	ED	-30	0	0	0	0	0	0	0
PCT9001	TO	284	100	0	0	6	94	67	27
PCT9101	MV	712	377	0	0	23	354	230	124
PCT9101	ED	201	193	0	0	22	171	112	59
PCT9101	TO	913	570	0	0	45	525	342	183
PCT9102	MV	788	393	0	0	28	365	251	114
PCT9102	ED	204	173	0	0	13	160	120	40
PCT9102	TO	992	566	0	0	41	525	371	154
PCT9103	MV	719	381	0	0	36	345	227	118
PCT9103	ED	238	190	0	0	18	172	117	55
PCT9103	TO	957	571	0	0	54	517	344	173
PCT9104	MV	810	381	0	0	26	355	244	111
PCT9104	ED	220	178	0	0	17	161	122	39
PCT9104	TO	1030	559	0	0	43	516	366	150
PCT9105	MV	719	413	0	0	23	390	249	141
PCT9105	ED	199	221	0	0	24	197	135	62
PCT9105	TO	918	634	0	0	47	587	384	203
PCT9106	MV	748	397	0	0	30	367	257	110
PCT9106	ED	198	223	0	0	26	197	132	65
PCT9106	TO	946	620	0	0	56	564	389	175
PCT9107	MV	636	305	0	1	27	277	200	77
PCT9107	ED	208	165	0	0	18	147	112	35
PCT9107	TO	844	470	0	1	45	424	312	112
PCT9108	MV	610	336	0	0	35	301	220	81
PCT9108	ED	200	140	0	0	9	131	96	35
PCT9108	TO	810	476	0	0	44	432	316	116
PCT9109	MV	672	300	0	0	28	272	195	77
PCT9109	ED	211	196	0	0	11	185	135	50
PCT9109	TO	883	496	0	0	39	457	330	127
PCT9111	MV	639	316	0	0	28	288	219	69
PCT9111	ED	195	169	0	0	21	148	111	37
PCT9111	TO	834	485	0	0	49	436	330	106
PCT9112	MV	742	351	0	0	22	329	237	92
PCT9112	ED	219	204	0	0	12	192	139	53
PCT9112	TO	961	555	0	0	34	521	376	145
PCT9113	MV	796	371	0	1	29	341	245	96
PCT9113	ED	208	241	0	0	25	216	145	71
PCT9113	TO	1004	612	0	1	54	557	390	167
PCT9114	MV	659	290	0	0	17	273	193	80
PCT9114	ED	231	182	0	0	17	165	142	23
PCT9114	TO	890	472	0	0	34	438	335	103
PCT9115	MV	699	322	0	0	25	297	214	83
PCT9115	ED	182	179	0	0	21	158	121	37
PCT9115	TO	881	501	0	0	46	455	335	120
PCT9116	MV	782	345	0	0	24	321	238	83
PCT9116	ED	179	174	0	0	15	159	124	35
PCT9116	TO	961	519	0	0	39	480	362	118
PCT9117	MV	629	326	0	0	21	305	187	118
PCT9117	ED	171	195	0	0	9	186	124	62
PCT9117	TO	800	521	0	0	30	491	311	180
PCT9118	MV	742	340	0	0	25	315	200	115
PCT9118	ED	242	223	0	0	25	198	147	51
PCT9118	TO	984	563	0	0	50	513	347	166
PCT9119	MV	703	387	0	0	26	361	209	152
PCT9119	ED	197	156	0	0	16	140	102	38
PCT9119	TO	900	543	0	0	42	501	311	190
PCT9121	MV	735	335	0	0	18	317	192	125
PCT9121	ED	218	184	0	0	12	172	113	59
PCT9121	TO	953	519	0	0	30	489	305	184
PCT9122	MV	775	364	0	0	27	337	200	137
PCT9122	ED	192	160	0	0	22	138	95	43
PCT9122	TO	967	524	0	0	49	475	295	180
PCT9123	MV	661	319	0	0	21	298	197	101
PCT9123	ED	191	187	0	0	19	168	122	46
PCT9123	TO	852	506	0	0	40	466	319	147
PCT9124	MV	736	351	0	0	18	333	214	119
PCT9124	ED	167	159	0	0	8	151	110	41
PCT9124	TO	903	510	0	0	26	484	324	160
PCT9125	MV	681	358	0	0	21	337	227	110
PCT9125	ED	188	152	0	0	13	139	94	45
PCT9125	TO	869	510	0	0	34	476	321	155
PCT9126	MV	819	385	0	0	31	354	214	140
PCT9126	ED	194	200	0	0	15	185	127	58
PCT9126	TO	1013	585	0	0	46	539	341	198
PCT9127	MV	748	380	0	0	40	340	230	110
PCT9127	ED	223	220	0	0	15	205	150	55
PCT9127	TO	971	600	0	0	55	545	380	165
PCT9128	MV	628	333	0	0	21	312	203	109
PCT9128	ED	190	195	0	0	17	178	116	62
PCT9128	TO	818	528	0	0	38	490	319	171
PCT9129	MV	587	271	0	0	15	256	198	58
PCT9129	ED	151	153	0	0	5	148	109	39
PCT9129	TO	738	424	0	0	20	404	307	97
PCT9131	MV	596	285	0	0	16	269	189	80
PCT9131	ED	138	152	0	0	12	140	107	33
PCT9131	TO	734	437	0	0	28	409	296	113
PCT9132	MV	627	262	0	0	22	240	185	55
PCT9132	ED	194	172	0	0	20	152	122	30
PCT9132	TO	821	434	0	0	42	392	307	85
PCT9133	MV	808	381	0	0	33	348	230	118
PCT9133	ED	209	211	0	0	14	197	149	48
PCT9133	TO	1017	592	0	0	47	545	379	166
PCT9134	MV	736	327	0	0	19	308	196	112
PCT9134	ED	155	103	0	0	7	96	71	25
PCT9134	TO	891	430	0	0	26	404	267	137
PCT9135	MV	640	304	0	0	21	283	183	100
PCT9135	ED	182	154	0	0	10	144	101	43
PCT9135	TO	822	458	0	0	31	427	284	143
PCT9136	MV	706	368	0	0	34	334	229	105
PCT9136	ED	212	162	0	0	17	145	106	39
PCT9136	TO	918	530	0	0	51	479	335	144
PCT9137	MV	806	387	0	0	35	352	227	125
PCT9137	ED	209	175	0	0	14	161	119	42
PCT9137	TO	1015	562	0	0	49	513	346	167
PCT9138	MV	770	398	0	0	28	370	229	141
PCT9138	ED	175	149	0	0	13	136	97	39
PCT9138	TO	945	547	0	0	41	506	326	180
PCT9139	MV	828	422	0	0	30	392	233	159
PCT9139	ED	190	174	0	0	14	160	98	62
PCT9139	TO	1018	596	0	0	44	552	331	221
PCT9141	MV	789	418	0	0	37	381	247	134
PCT9141	ED	184	172	0	0	16	156	103	53
PCT9141	TO	973	590	0	0	53	537	350	187
PCT9142	MV	747	364	0	0	22	342	240	102
PCT9142	ED	239	204	0	0	18	186	143	43
PCT9142	TO	986	568	0	0	40	528	383	145
PCT9143	MV	705	359	0	0	21	338	192	146
PCT9143	ED	209	170	0	0	10	160	114	46
PCT9143	TO	914	529	0	0	31	498	306	192
PCT9144	MV	767	376	0	0	22	354	219	135
PCT9144	ED	203	213	0	0	17	196	147	49
PCT9144	TO	970	589	0	0	39	550	366	184
PCT9145	MV	681	334	0	0	19	315	228	87
PCT9145	ED	194	176	0	0	13	163	125	38
PCT9145	TO	875	510	0	0	32	478	353	125
PCT9146	MV	725	353	0	0	27	326	264	62
PCT9146	ED	160	189	0	0	20	169	122	47
PCT9146	TO	885	542	0	0	47	495	386	109
PCT9147	MV	765	373	0	0	30	343	258	85
PCT9147	ED	225	208	0	0	17	191	145	46
PCT9147	TO	990	581	0	0	47	534	403	131
PCT9148	MV	779	397	0	0	25	372	273	99
PCT9148	ED	235	226	0	0	22	204	149	55
PCT9148	TO	1014	623	0	0	47	576	422	154
PCT9149	MV	813	384	0	0	23	361	262	99
PCT9149	ED	178	248	0	0	17	231	173	58
PCT9149	TO	991	632	0	0	40	592	435	157
PCT9151	MV	693	351	0	0	32	319	238	81
PCT9151	ED	168	114	0	0	7	107	75	32
PCT9151	TO	861	465	0	0	39	426	313	113
PCT9152	MV	550	196	0	0	14	182	135	47
PCT9152	ED	187	142	0	1	14	127	100	27
PCT9152	TO	737	338	0	1	28	309	235	74
PCT9201	MV	785	357	0	0	26	331	271	60
PCT9201	ED	186	226	0	0	20	206	169	37
PCT9201	TO	971	583	0	0	46	537	440	97
PCT9202	MV	819	368	0	0	42	326	236	90
PCT9202	ED	177	223	0	0	20	203	154	49
PCT9202	TO	996	591	0	0	62	529	390	139
PCT9203	MV	847	373	0	0	58	315	166	149
PCT9203	ED	155	188	0	0	25	163	96	67
PCT9203	TO	1002	561	0	0	83	478	262	216
PCT9204	MV	686	309	0	0	34	275	161	114
PCT9204	ED	176	195	0	0	25	170	103	67
PCT9204	TO	862	504	0	0	59	445	264	181
PCT9205	MV	621	288	0	0	41	247	159	88
PCT9205	ED	115	150	0	0	25	125	78	47
PCT9205	TO	736	438	0	0	66	372	237	135
PCT9206	MV	741	350	0	2	36	312	166	146
PCT9206	ED	188	194	0	0	38	156	96	60
PCT9206	TO	929	544	0	2	74	468	262	206
PCT9207	MV	824	369	0	0	28	341	195	146
PCT9207	ED	165	192	0	0	23	169	107	62
PCT9207	TO	989	561	0	0	51	510	302	208
PCT9208	MV	808	357	0	0	36	321	220	101
PCT9208	ED	179	179	0	0	22	157	103	54
PCT9208	TO	987	536	0	0	58	478	323	155
PCT9209	MV	615	275	0	0	25	250	146	104
PCT9209	ED	156	170	0	0	28	142	91	51
PCT9209	TO	771	445	0	0	53	392	237	155
PCT9211	MV	730	314	0	1	32	281	178	103
PCT9211	ED	161	154	0	0	16	138	95	43
PCT9211	TO	891	468	0	1	48	419	273	146
PCT9212	MV	671	284	0	1	27	256	169	87
PCT9212	ED	137	170	0	0	35	135	95	40
PCT9212	TO	808	454	0	1	62	391	264	127
PCT9213	MV	776	349	0	1	37	311	217	94
PCT9213	ED	161	195	0	0	24	171	112	59
PCT9213	TO	937	544	0	1	61	482	329	153
PCT9214	MV	517	236	0	0	16	220	127	93
PCT9214	ED	110	135	0	0	23	112	62	50
PCT9214	TO	627	371	0	0	39	332	189	143
PCT9215	MV	524	246	0	0	16	230	147	83
PCT9215	ED	120	131	0	0	15	116	67	49
PCT9215	TO	644	377	0	0	31	346	214	132
PCT9216	MV	669	264	0	0	33	231	161	70
PCT9216	ED	155	172	0	0	17	155	116	39
PCT9216	TO	824	436	0	0	50	386	277	109
PCT9217	MV	588	268	0	0	15	253	157	96
PCT9217	ED	117	133	0	0	9	124	85	39
PCT9217	TO	705	401	0	0	24	377	242	135
PCT9218	MV	652	278	0	0	30	248	176	72
PCT9218	ED	164	158	0	0	9	149	112	37
PCT9218	TO	816	436	0	0	39	397	288	109
PCT9219	MV	646	288	0	0	28	260	187	73
PCT9219	ED	144	168	0	0	21	147	100	47
PCT9219	TO	790	456	0	0	49	407	287	120
PCT9221	MV	562	322	0	0	19	303	134	169
PCT9221	ED	89	140	0	0	19	121	65	56
PCT9221	TO	651	462	0	0	38	424	199	225
PCT9222	MV	773	373	0	0	33	340	214	126
PCT9222	ED	137	174	0	0	21	153	100	53
PCT9222	TO	910	547	0	0	54	493	314	179
PCT9223	MV	558	266	0	1	16	249	151	98
PCT9223	ED	109	113	0	0	12	101	69	32
PCT9223	TO	667	379	0	1	28	350	220	130
PCT9224	MV	768	380	0	0	28	352	217	135
PCT9224	ED	181	166	0	0	22	144	92	52
PCT9224	TO	949	546	0	0	50	496	309	187
PCT9225	MV	757	303	0	0	31	272	205	67
PCT9225	ED	169	219	0	1	26	192	140	52
PCT9225	TO	926	522	0	1	57	464	345	119
PCT9226	MV	741	355	0	0	40	315	201	114
PCT9226	ED	155	148	0	0	13	135	93	42
PCT9226	TO	896	503	0	0	53	450	294	156
PCT9227	MV	605	371	0	0	34	337	171	166
PCT9227	ED	124	149	0	0	10	139	87	52
PCT9227	TO	729	520	0	0	44	476	258	218
PCT9228	MV	578	314	0	0	25	289	143	146
PCT9228	ED	160	179	0	0	20	159	93	66
PCT9228	TO	738	493	0	0	45	448	236	212
PCT9229	MV	460	257	0	0	25	232	137	95
PCT9229	ED	119	122	0	0	14	108	59	49
PCT9229	TO	579	379	0	0	39	340	196	144
PCT9231	MV	726	352	0	0	25	327	218	109
PCT9231	ED	236	255	0	0	26	229	148	81
PCT9231	TO	962	607	0	0	51	556	366	190
PCT9232	MV	608	293	0	0	23	270	159	111
PCT9232	ED	126	155	0	0	11	144	92	52
PCT9232	TO	734	448	0	0	34	414	251	163
PCT9233	MV	668	330	0	0	34	296	145	151
PCT9233	ED	150	186	0	0	28	158	91	67
PCT9233	TO	818	516	0	0	62	454	236	218
PCT9234	MV	643	319	0	0	20	299	179	120
PCT9234	ED	91	144	0	0	21	123	73	50
PCT9234	TO	734	463	0	0	41	422	252	170
PCT9235	MV	703	365	0	1	35	329	161	168
PCT9235	ED	160	194	0	0	26	168	93	75
PCT9235	TO	863	559	0	1	61	497	254	243
PCT9236	MV	537	282	0	0	26	256	167	89
PCT9236	ED	136	137	0	0	21	116	71	45
PCT9236	TO	673	419	0	0	47	372	238	134
PCT9237	MV	779	395	0	0	37	358	223	135
PCT9237	ED	118	182	0	0	20	162	96	66
PCT9237	TO	897	577	0	0	57	520	319	201
PCT9238	MV	687	330	0	0	36	294	171	123
PCT9238	ED	118	174	0	0	20	154	97	57
PCT9238	TO	805	504	0	0	56	448	268	180
PCT9239	MV	740	390	0	1	51	338	208	130
PCT9239	ED	124	157	0	0	25	132	79	53
PCT9239	TO	864	547	0	1	76	470	287	183
PCT9241	MV	819	403	0	0	36	367	246	121
PCT9241	ED	141	195	0	0	17	178	128	50
PCT9241	TO	960	598	0	0	53	545	374	171
PCT9242	MV	771	348	0	0	42	306	224	82
PCT9242	ED	172	213	0	0	28	185	135	50
PCT9242	TO	943	561	0	0	70	491	359	132
PCT9243	MV	480	241	0	0	20	221	145	76
PCT9243	ED	123	138	0	0	18	120	74	46
PCT9243	TO	603	379	0	0	38	341	219	122
PCT9244	MV	756	394	0	0	53	341	232	109
PCT9244	ED	154	182	0	0	15	167	120	47
PCT9244	TO	910	576	0	0	68	508	352	156
PCT9245	MV	616	300	0	0	32	268	166	102
PCT9245	ED	98	127	0	0	12	115	76	39
PCT9245	TO	714	427	0	0	44	383	242	141
PCT9246	MV	815	430	0	0	38	392	245	147
PCT9246	ED	155	194	0	0	28	166	112	54
PCT9246	TO	970	624	0	0	66	558	357	201
PCT9247	MV	764	380	0	0	32	348	235	113
PCT9247	ED	148	204	0	1	31	172	126	46
PCT9247	TO	912	584	0	1	63	520	361	159
PCT9248	MV	757	358	0	0	38	320	244	76
PCT9248	ED	150	190	0	0	21	169	130	39
PCT9248	TO	907	548	0	0	59	489	374	115
PCT9249	MV	724	379	0	0	34	345	243	102
PCT9249	ED	191	213	0	0	22	191	129	62
PCT9249	TO	915	592	0	0	56	536	372	164
PCT9251	MV	792	392	0	0	33	359	237	122
PCT9251	ED	174	235	0	0	23	212	134	78
PCT9251	TO	966	627	0	0	56	571	371	200
PCT9252	MV	811	381	0	0	27	354	232	122
PCT9252	ED	142	175	0	0	14	161	109	52
PCT9252	TO	953	556	0	0	41	515	341	174
PCT9253	MV	599	300	0	0	24	276	172	104
PCT9253	ED	162	148	0	0	16	132	94	38
PCT9253	TO	761	448	0	0	40	408	266	142
PCT9254	MV	758	414	0	0	26	388	256	132
PCT9254	ED	163	181	0	0	21	160	115	45
PCT9254	TO	921	595	0	0	47	548	371	177
PCT9255	MV	436	196	0	0	27	169	119	50
PCT9255	ED	114	133	0	0	13	120	91	29
PCT9255	TO	550	329	0	0	40	289	210	79
PCT9256	MV	367	169	0	0	13	156	113	43
PCT9256	ED	95	114	0	0	10	104	80	24
PCT9256	TO	462	283	0	0	23	260	193	67
PCT9257	MV	359	161	0	0	14	147	117	30
PCT9257	ED	-39	6	0	0	1	5	5	0
PCT9257	TO	320	167	0	0	15	152	122	30
PCT9258	MV	583	306	0	0	27	279	171	108
PCT9258	ED	120	145	0	0	11	134	96	38
PCT9258	TO	703	451	0	0	38	413	267	146
PCT9401	MV	796	358	0	0	19	339	256	83
PCT9401	ED	242	177	0	0	9	168	138	30
PCT9401	TO	1038	535	0	0	28	507	394	113
PCT9402	MV	775	377	0	0	20	357	246	111
PCT9402	ED	242	159	0	0	12	147	117	30
PCT9402	TO	1017	536	0	0	32	504	363	141
PCT9403	MV	731	346	0	0	15	331	213	118
PCT9403	ED	190	126	0	0	10	116	89	27
PCT9403	TO	921	472	0	0	25	447	302	145
PCT9404	MV	753	345	0	1	26	318	203	115
PCT9404	ED	191	155	0	0	11	144	96	48
PCT9404	TO	944	500	0	1	37	462	299	163
PCT9405	MV	629	276	0	0	21	255	166	89
PCT9405	ED	151	104	0	0	2	102	63	39
PCT9405	TO	780	380	0	0	23	357	229	128
PCT9406	MV	695	327	0	0	20	307	206	101
PCT9406	ED	188	152	0	0	10	142	94	48
PCT9406	TO	883	479	0	0	30	449	300	149
PCT9407	MV	712	368	0	0	28	340	229	111
PCT9407	ED	201	132	0	0	18	114	80	34
PCT9407	TO	913	500	0	0	46	454	309	145
PCT9408	MV	711	321	0	0	23	298	233	65
PCT9408	ED	152	126	0	0	11	115	95	20
PCT9408	TO	863	447	0	0	34	413	328	85
PCT9409	MV	443	226	0	0	26	200	151	49
PCT9409	ED	158	127	0	0	9	118	97	21
PCT9409	TO	601	353	0	0	35	318	248	70
PCT9411	MV	816	376	0	0	26	350	260	90
PCT9411	ED	191	135	0	0	8	127	98	29
PCT9411	TO	1007	511	0	0	34	477	358	119
PCT9412	MV	668	339	0	0	14	325	209	116
PCT9412	ED	202	139	0	0	12	127	89	38
PCT9412	TO	870	478	0	0	26	452	298	154
PCT9413	MV	757	375	0	0	35	340	203	137
PCT9413	ED	179	127	0	0	9	118	76	42
PCT9413	TO	936	502	0	0	44	458	279	179
PCT9414	MV	734	360	0	0	37	323	214	109
PCT9414	ED	186	108	0	0	5	103	63	40
PCT9414	TO	920	468	0	0	42	426	277	149
PCT9415	MV	634	314	0	0	27	287	173	114
PCT9415	ED	154	98	0	0	4	94	68	26
PCT9415	TO	788	412	0	0	31	381	241	140
PCT9416	MV	769	391	0	0	47	344	221	123
PCT9416	ED	230	143	0	0	11	132	92	40
PCT9416	TO	999	534	0	0	58	476	313	163
PCT9417	MV	629	321	0	0	29	292	166	126
PCT9417	ED	145	110	0	0	7	103	68	35
PCT9417	TO	774	431	0	0	36	395	234	161
PCT9418	MV	631	310	0	0	27	283	154	129
PCT9418	ED	188	122	0	0	8	114	66	48
PCT9418	TO	819	432	0	0	35	397	220	177
PCT9419	MV	736	369	0	0	28	341	195	146
PCT9419	ED	173	108	0	0	7	101	51	50
PCT9419	TO	909	477	0	0	35	442	246	196
PCT9421	MV	752	338	0	0	27	311	162	149
PCT9421	ED	173	112	0	0	5	107	74	33
PCT9421	TO	925	450	0	0	32	418	236	182
PCT9422	MV	831	412	0	0	36	376	225	151
PCT9422	ED	270	148	0	0	10	138	89	49
PCT9422	TO	1101	560	0	0	46	514	314	200
PCT9423	MV	714	316	0	0	28	288	172	116
PCT9423	ED	190	121	0	0	7	114	74	40
PCT9423	TO	904	437	0	0	35	402	246	156
PCT9424	MV	799	384	0	0	29	355	213	142
PCT9424	ED	210	116	0	0	8	108	70	38
PCT9424	TO	1009	500	0	0	37	463	283	180
PCT9425	MV	789	346	0	0	29	317	180	137
PCT9425	ED	187	115	0	0	11	104	73	31
PCT9425	TO	976	461	0	0	40	421	253	168
PCT9426	MV	697	323	0	0	21	302	191	111
PCT9426	ED	156	104	0	0	12	92	54	38
PCT9426	TO	853	427	0	0	33	394	245	149
PCT9427	MV	799	381	0	0	23	358	192	166
PCT9427	ED	188	115	0	0	17	98	62	36
PCT9427	TO	987	496	0	0	40	456	254	202
PCT9428	MV	811	351	0	0	28	323	180	143
PCT9428	ED	179	115	0	0	11	104	76	28
PCT9428	TO	990	466	0	0	39	427	256	171
PCT9429	MV	709	343	0	0	30	313	161	152
PCT9429	ED	197	124	0	0	15	109	60	49
PCT9429	TO	906	467	0	0	45	422	221	201
PCT9431	MV	832	411	0	0	36	375	194	181
PCT9431	ED	204	125	0	0	7	118	74	44
PCT9431	TO	1036	536	0	0	43	493	268	225
PCT9432	MV	743	358	0	0	37	321	188	133
PCT9432	ED	215	118	0	0	8	110	70	40
PCT9432	TO	958	476	0	0	45	431	258	173
PCT9433	MV	794	373	0	0	37	336	179	157
PCT9433	ED	164	95	0	0	5	90	48	42
PCT9433	TO	958	468	0	0	42	426	227	199
PCT9434	MV	785	387	0	0	30	357	217	140
PCT9434	ED	227	163	0	0	22	141	95	46
PCT9434	TO	1012	550	0	0	52	498	312	186
PCT9435	MV	779	366	0	0	20	346	205	141
PCT9435	ED	225	158	0	0	7	151	97	54
PCT9435	TO	1004	524	0	0	27	497	302	195
PCT9436	MV	842	386	0	0	24	362	198	164
PCT9436	ED	226	129	0	0	11	118	69	49
PCT9436	TO	1068	515	0	0	35	480	267	213
PCT9437	MV	736	376	0	0	28	348	214	134
PCT9437	ED	191	130	0	0	5	125	80	45
PCT9437	TO	927	506	0	0	33	473	294	179
PCT9438	MV	837	416	0	1	22	393	217	176
PCT9438	ED	152	84	0	0	8	76	49	27
PCT9438	TO	989	500	0	1	30	469	266	203
PCT9439	MV	718	343	0	1	20	322	182	140
PCT9439	ED	199	112	0	0	13	99	57	42
PCT9439	TO	917	455	0	1	33	421	239	182
PCT9441	MV	778	396	0	0	34	362	230	132
PCT9441	ED	193	125	0	0	15	110	78	32
PCT9441	TO	971	521	0	0	49	472	308	164
PCT9442	MV	830	378	0	0	40	338	202	136
PCT9442	ED	210	159	0	0	11	148	103	45
PCT9442	TO	1040	537	0	0	51	486	305	181
PCT9443	MV	759	362	0	0	28	334	196	138
PCT9443	ED	196	109	0	0	7	102	67	35
PCT9443	TO	955	471	0	0	35	436	263	173
PCT9444	MV	768	340	0	0	18	322	172	150
PCT9444	ED	197	94	0	0	11	83	59	24
PCT9444	TO	965	434	0	0	29	405	231	174
PCT9445	MV	829	405	0	0	33	372	205	167
PCT9445	ED	167	114	0	0	11	103	66	37
PCT9445	TO	996	519	0	0	44	475	271	204
PCT9446	MV	900	465	0	0	35	430	236	194
PCT9446	ED	216	146	0	1	12	133	89	44
PCT9446	TO	1116	611	0	1	47	563	325	238
PCT9447	MV	729	392	0	0	22	370	208	162
PCT9447	ED	192	146	0	0	9	137	92	45
PCT9447	TO	921	538	0	0	31	507	300	207
PCT9448	MV	742	346	0	0	19	327	207	120
PCT9448	ED	198	128	0	0	10	118	88	30
PCT9448	TO	940	474	0	0	29	445	295	150
PCT9449	MV	719	340	0	0	28	312	164	148
PCT9449	ED	162	98	0	0	5	93	62	31
PCT9449	TO	881	438	0	0	33	405	226	179
PCT9451	MV	353	178	0	0	13	165	67	98
PCT9451	ED	88	55	0	0	6	49	35	14
PCT9451	TO	441	233	0	0	19	214	102	112
PCT9452	MV	647	334	0	0	28	306	160	146
PCT9452	ED	195	134	0	0	10	124	71	53
PCT9452	TO	842	468	0	0	38	430	231	199
PCT9453	MV	409	217	0	0	17	200	95	105
PCT9453	ED	115	70	0	0	9	61	29	32
PCT9453	TO	524	287	0	0	26	261	124	137
PCT9501	MV	158	92	0	0	10	82	58	24
PCT9501	ED	-8	2	0	0	1	1	1	0
PCT9501	TO	150	94	0	0	11	83	59	24
PCT9502	MV	294	136	0	0	15	121	89	32
PCT9502	ED	-43	2	0	0	0	2	1	1
PCT9502	TO	251	138	0	0	15	123	90	33
PCT9503	MV	550	260	0	0	31	229	167	62
PCT9503	ED	150	83	0	0	7	76	57	19
PCT9503	TO	700	343	0	0	38	305	224	81
PCT9505	MV	589	296	0	0	26	270	191	79
PCT9505	ED	176	113	0	0	10	103	77	26
PCT9505	TO	765	409	0	0	36	373	268	105
PCT9506	MV	547	232	0	0	18	214	161	53
PCT9506	ED	207	132	0	0	12	120	89	31
PCT9506	TO	754	364	0	0	30	334	250	84
PCT9507	MV	556	305	0	0	23	282	226	56
PCT9507	ED	160	155	0	0	19	136	109	27
PCT9507	TO	716	460	0	0	42	418	335	83
PCT9508	MV	632	317	0	1	20	296	254	42
PCT9508	ED	148	141	0	0	8	133	117	16
PCT9508	TO	780	458	0	1	28	429	371	58
PCT9509	MV	585	296	0	0	21	275	223	52
PCT9509	ED	142	134	0	0	10	124	107	17
PCT9509	TO	727	430	0	0	31	399	330	69
PCT9511	MV	458	240	0	1	13	226	180	46
PCT9511	ED	176	122	0	0	7	115	92	23
PCT9511	TO	634	362	0	1	20	341	272	69
PCT9512	MV	617	327	0	0	20	307	259	48
PCT9512	ED	160	136	0	0	8	128	105	23
PCT9512	TO	777	463	0	0	28	435	364	71
PCT9513	MV	686	334	0	0	25	309	256	53
PCT9513	ED	191	133	0	0	8	125	106	19
PCT9513	TO	877	467	0	0	33	434	362	72
PCT9514	MV	713	352	0	0	36	316	249	67
PCT9514	ED	183	172	0	0	15	157	119	38
PCT9514	TO	896	524	0	0	51	473	368	105
PCT9515	MV	543	304	0	0	23	281	206	75
PCT9515	ED	169	135	0	0	15	120	92	28
PCT9515	TO	712	439	0	0	38	401	298	103
PCT9516	MV	705	366	0	0	24	342	243	99
PCT9516	ED	184	158	0	0	14	144	105	39
PCT9516	TO	889	524	0	0	38	486	348	138
PCT9517	MV	626	335	0	0	22	313	233	80
PCT9517	ED	162	137	0	0	17	120	97	23
PCT9517	TO	788	472	0	0	39	433	330	103
PCT9518	MV	642	315	0	0	22	293	221	72
PCT9518	ED	146	149	0	0	8	141	112	29
PCT9518	TO	788	464	0	0	30	434	333	101
PCT9519	MV	693	368	0	0	17	351	267	84
PCT9519	ED	198	170	0	0	12	158	120	38
PCT9519	TO	891	538	0	0	29	509	387	122
PCT9521	MV	687	352	0	0	29	323	253	70
PCT9521	ED	214	193	0	0	14	179	146	33
PCT9521	TO	901	545	0	0	43	502	399	103
PCT9701	MV	498	269	0	0	11	258	185	73
PCT9701	ED	156	135	0	0	5	130	93	37
PCT9701	TO	654	404	0	0	16	388	278	110
PCT9702	MV	554	305	0	0	13	292	208	84
PCT9702	ED	166	148	0	0	6	142	113	29
PCT9702	TO	720	453	0	0	19	434	321	113
PCT9703	MV	809	403	0	0	38	365	221	144
PCT9703	ED	182	143	0	0	7	136	99	37
PCT9703	TO	991	546	0	0	45	501	320	181
PCT9704	MV	760	422	0	0	34	388	234	154
PCT9704	ED	199	197	0	0	18	179	110	69
PCT9704	TO	959	619	0	0	52	567	344	223
PCT9705	MV	754	421	0	0	33	388	267	121
PCT9705	ED	175	144	0	0	14	130	98	32
PCT9705	TO	929	565	0	0	47	518	365	153
PCT9706	MV	57	34	0	0	3	31	21	10
PCT9706	ED	-8	0	0	0	0	0	0	0
PCT9706	TO	49	34	0	0	3	31	21	10
PCT9707	MV	687	358	0	0	21	337	174	163
PCT9707	ED	139	102	0	0	10	92	59	33
PCT9707	TO	826	460	0	0	31	429	233	196
PCT9708	MV	786	429	0	1	44	384	257	127
PCT9708	ED	175	158	0	0	10	148	101	47
PCT9708	TO	961	587	0	1	54	532	358	174
PCT9709	MV	831	427	0	0	34	393	219	174
PCT9709	ED	209	181	0	0	10	171	103	68
PCT9709	TO	1040	608	0	0	44	564	322	242
PCT9711	MV	502	307	0	0	18	289	160	129
PCT9711	ED	144	139	0	0	8	131	72	59
PCT9711	TO	646	446	0	0	26	420	232	188
PCT9712	MV	534	335	0	0	25	310	170	140
PCT9712	ED	127	117	0	0	3	114	65	49
PCT9712	TO	661	452	0	0	28	424	235	189
PCT9713	MV	747	389	0	0	24	365	179	186
PCT9713	ED	203	137	0	0	12	125	67	58
PCT9713	TO	950	526	0	0	36	490	246	244
PCT9714	MV	795	446	0	0	36	410	218	192
PCT9714	ED	156	133	0	0	5	128	69	59
PCT9714	TO	951	579	0	0	41	538	287	251
PCT9715	MV	449	241	0	0	18	223	110	113
PCT9715	ED	130	134	0	0	6	128	64	64
PCT9715	TO	579	375	0	0	24	351	174	177
PCT9716	MV	745	398	0	1	26	371	213	158
PCT9716	ED	221	164	0	0	12	152	91	61
PCT9716	TO	966	562	0	1	38	523	304	219
PCT9717	MV	753	436	0	0	35	401	226	175
PCT9717	ED	224	145	0	0	12	133	89	44
PCT9717	TO	977	581	0	0	47	534	315	219
PCT9718	MV	749	449	0	0	32	417	258	159
PCT9718	ED	152	144	0	0	9	135	87	48
PCT9718	TO	901	593	0	0	41	552	345	207
PCT9719	MV	747	461	0	0	27	434	235	199
PCT9719	ED	173	151	0	0	7	144	86	58
PCT9719	TO	920	612	0	0	34	578	321	257
PCT9721	MV	498	288	0	0	21	267	150	117
PCT9721	ED	164	133	0	0	7	126	60	66
PCT9721	TO	662	421	0	0	28	393	210	183
PCT9722	MV	513	315	0	0	18	297	167	130
PCT9722	ED	84	76	0	0	5	71	48	23
PCT9722	TO	597	391	0	0	23	368	215	153
PCT9723	MV	436	223	0	0	9	214	86	128
PCT9723	ED	72	44	0	0	4	40	18	22
PCT9723	TO	508	267	0	0	13	254	104	150
PCT9724	MV	851	451	0	0	30	421	161	260
PCT9724	ED	169	99	0	0	3	96	53	43
PCT9724	TO	1020	550	0	0	33	517	214	303
PCT9725	MV	814	436	0	0	31	405	184	221
PCT9725	ED	157	96	0	0	10	86	37	49
PCT9725	TO	971	532	0	0	41	491	221	270
PCT9726	MV	630	216	0	0	26	190	126	64
PCT9726	ED	-14	102	0	0	6	96	65	31
PCT9726	TO	616	318	0	0	32	286	191	95
PCT9727	MV	404	227	0	2	13	212	113	99
PCT9727	ED	56	33	0	0	4	29	20	9
PCT9727	TO	460	260	0	2	17	241	133	108
PCT9728	MV	751	446	0	0	24	422	199	223
PCT9728	ED	212	137	0	0	10	127	71	56
PCT9728	TO	963	583	0	0	34	549	270	279
PCT9729	MV	654	335	0	0	21	314	142	172
PCT9729	ED	164	129	0	0	6	123	55	68
PCT9729	TO	818	464	0	0	27	437	197	240
PCT9731	MV	436	245	0	0	15	230	118	112
PCT9731	ED	143	111	0	0	9	102	52	50
PCT9731	TO	579	356	0	0	24	332	170	162
PCT9732	MV	78	47	0	0	5	42	17	25
PCT9732	ED	-5	0	0	0	0	0	0	0
PCT9732	TO	73	47	0	0	5	42	17	25
PCT9733	MV	261	161	0	0	7	154	109	45
PCT9733	ED	-21	0	0	0	0	0	0	0
PCT9733	TO	240	161	0	0	7	154	109	45
PCT9734	MV	473	285	0	0	18	267	141	126
PCT9734	ED	131	109	0	0	6	103	52	51
PCT9734	TO	604	394	0	0	24	370	193	177
PCT9735	MV	650	386	0	0	23	363	197	166
PCT9735	ED	170	133	0	0	17	116	55	61
PCT9735	TO	820	519	0	0	40	479	252	227
PCT9736	MV	586	323	0	0	18	305	162	143
PCT9736	ED	150	153	0	0	13	140	80	60
PCT9736	TO	736	476	0	0	31	445	242	203
PCT9737	MV	637	387	0	0	26	361	235	126
PCT9737	ED	154	135	0	0	8	127	81	46
PCT9737	TO	791	522	0	0	34	488	316	172
PCT9738	MV	688	319	0	0	29	290	193	97
PCT9738	ED	150	64	0	0	6	58	37	21
PCT9738	TO	838	383	0	0	35	348	230	118
PCT9739	MV	674	270	0	0	15	255	197	58
PCT9739	ED	115	88	0	0	4	84	67	17
PCT9739	TO	789	358	0	0	19	339	264	75
PCT9741	MV	837	173	0	0	17	156	125	31
PCT9741	ED	-396	10	0	0	1	9	8	1
PCT9741	TO	441	183	0	0	18	165	133	32
PCT9742	MV	530	229	0	0	14	215	105	110
PCT9742	ED	165	99	0	0	8	91	55	36
PCT9742	TO	695	328	0	0	22	306	160	146
PCT9743	MV	913	400	0	0	20	380	266	114
PCT9743	ED	227	170	0	0	14	156	125	31
PCT9743	TO	1140	570	0	0	34	536	391	145
PCT9744	MV	783	333	0	0	34	299	196	103
PCT9744	ED	160	123	0	0	18	105	77	28
PCT9744	TO	943	456	0	0	52	404	273	131
PCT9745	MV	790	317	0	0	32	285	196	89
PCT9745	ED	202	128	0	0	10	118	90	28
PCT9745	TO	992	445	0	0	42	403	286	117
PCT9746	MV	714	373	0	0	15	358	201	157
PCT9746	ED	189	119	0	1	11	107	58	49
PCT9746	TO	903	492	0	1	26	465	259	206
PCT9747	MV	772	401	0	0	31	370	233	137
PCT9747	ED	204	145	0	0	9	136	97	39
PCT9747	TO	976	546	0	0	40	506	330	176
PCT9748	MV	746	425	0	0	28	397	255	142
PCT9748	ED	167	116	0	0	6	110	67	43
PCT9748	TO	913	541	0	0	34	507	322	185
PCT9749	MV	750	289	0	0	18	271	170	101
PCT9749	ED	188	108	0	0	4	104	73	31
PCT9749	TO	938	397	0	0	22	375	243	132
PCT9751	MV	857	472	0	0	29	443	279	164
PCT9751	ED	214	153	0	0	14	139	87	52
PCT9751	TO	1071	625	0	0	43	582	366	216
PCT9752	MV	563	327	0	0	23	304	182	122
PCT9752	ED	134	108	0	0	6	102	71	31
PCT9752	TO	697	435	0	0	29	406	253	153
PCT9753	MV	617	298	0	0	19	279	192	87
PCT9753	ED	145	123	0	0	3	120	85	35
PCT9753	TO	762	421	0	0	22	399	277	122
PCT9754	MV	545	317	0	0	18	299	208	91
PCT9754	ED	162	113	0	0	6	107	78	29
PCT9754	TO	707	430	0	0	24	406	286	120
PCT9755	MV	441	238	0	0	23	215	149	66
PCT9755	ED	139	99	0	0	3	96	66	30
PCT9755	TO	580	337	0	0	26	311	215	96
PCT9756	MV	805	364	0	0	27	337	200	137
PCT9756	ED	162	106	0	0	9	97	66	31
PCT9756	TO	967	470	0	0	36	434	266	168
PCT9801	MV	320	163	0	0	12	151	105	46
PCT9801	ED	88	52	0	0	4	48	32	16
PCT9801	TO	408	215	0	0	16	199	137	62
PCT9900	MV	0	0	0	0	0	0	0	0
PCT9900	ED	0	0	0	0	0	0	0	0
PCT9900	TO	0	0	0	0	0	0	0	0
PCT9901	MV	0	0	0	0	0	0	0	0
PCT9901	ED	0	0	0	0	0	0	0	0
PCT9901	TO	0	0	0	0	0	0	0	0
PCT9902	MV	0	0	0	0	0	0	0	0
PCT9902	ED	0	0	0	0	0	0	0	0
PCT9902	TO	0	0	0	0	0	0	0	0
CONG12	MV	355594	174452	0	43	13605	160804	111981	48823
CONG12	ED	90254	71265	0	25	6083	65157	48072	17085
CONG12	TO	445848	245717	0	68	19688	225961	160053	65908
CONG14	MV	47252	22340	0	3	1500	20837	12303	8534
CONG14	ED	10799	6956	0	3	485	6468	4159	2309
CONG14	TO	58051	29296	0	6	1985	27305	16462	10843
ASSM17	MV	232787	114347	0	26	8791	105530	76262	29268
ASSM17	ED	59635	43919	0	21	3534	40364	30833	9531
ASSM17	TO	292422	158266	0	47	12325	145894	107095	38799
ASSM19	MV	170059	82445	0	20	6314	76111	48022	28089
ASSM19	ED	41418	34302	0	7	3034	31261	21398	9863
ASSM19	TO	211477	116747	0	27	9348	107372	69420	37952
SUPV1	MV	33868	16565	0	2	1201	15362	10426	4936
SUPV1	ED	9248	8530	0	1	738	7791	5640	2151
SUPV1	TO	43116	25095	0	3	1939	23153	16066	7087
SUPV2	MV	41435	19971	0	8	1862	18101	11594	6507
SUPV2	ED	8611	10149	0	3	1187	8959	6050	2909
SUPV2	TO	50046	30120	0	11	3049	27060	17644	9416
SUPV3	MV	31943	14408	0	2	1254	13152	9019	4133
SUPV3	ED	7434	6360	0	1	658	5701	4280	1421
SUPV3	TO	39377	20768	0	3	1912	18853	13299	5554
SUPV4	MV	35049	16862	0	3	1288	15571	9310	6261
SUPV4	ED	9045	5910	0	1	461	5448	3650	1798
SUPV4	TO	44094	22772	0	4	1749	21019	12960	8059
SUPV5	MV	41966	21496	0	4	1700	19792	15400	4392
SUPV5	ED	10934	9272	0	3	752	8517	6810	1707
SUPV5	TO	52900	30768	0	7	2452	28309	22210	6099
SUPV6	MV	35755	15225	0	5	1311	13909	9944	3965
SUPV6	ED	7940	4383	0	3	402	3978	3012	966
SUPV6	TO	43695	19608	0	8	1713	17887	12956	4931
SUPV7	MV	38887	20717	0	4	1448	19265	11529	7736
SUPV7	ED	8556	7211	0	1	485	6725	4260	2465
SUPV7	TO	47443	27928	0	5	1933	25990	15789	10201
SUPV8	MV	46370	27474	0	5	1943	25526	19737	5789
SUPV8	ED	11807	11114	0	7	798	10309	8067	2242
SUPV8	TO	58177	38588	0	12	2741	35835	27804	8031
SUPV9	MV	33165	16755	0	4	1101	15650	11700	3950
SUPV9	ED	10098	7086	0	3	465	6618	5225	1393
SUPV9	TO	43263	23841	0	7	1566	22268	16925	5343
SUPV10	MV	33765	13891	0	7	1093	12791	8048	4743
SUPV10	ED	9348	4201	0	3	338	3860	2680	1180
SUPV10	TO	43113	18092	0	10	1431	16651	10728	5923
SUPV11	MV	30643	13428	0	2	904	12522	7577	4945
SUPV11	ED	8032	4005	0	2	284	3719	2557	1162
SUPV11	TO	38675	17433	0	4	1188	16241	10134	6107
NEIG1	MV	15464	5936	0	4	495	5437	3172	2265
NEIG1	ED	5021	1551	0	2	129	1420	935	485
NEIG1	TO	20485	7487	0	6	624	6857	4107	2750
NEIG2	MV	14029	6273	0	1	610	5662	3745	1917
NEIG2	ED	3238	2776	0	1	324	2451	1801	650
NEIG2	TO	17267	9049	0	2	934	8113	5546	2567
NEIG3	MV	22050	9495	0	3	841	8651	6276	2375
NEIG3	ED	5969	3742	0	2	340	3400	2641	759
NEIG3	TO	28019	13237	0	5	1181	12051	8917	3134
NEIG4	MV	5630	3491	0	0	251	3240	2277	963
NEIG4	ED	1430	1237	0	0	94	1143	778	365
NEIG4	TO	7060	4728	0	0	345	4383	3055	1328
NEIG5	MV	22700	10117	0	2	709	9406	5649	3757
NEIG5	ED	5893	2969	0	1	213	2755	1889	866
NEIG5	TO	28593	13086	0	3	922	12161	7538	4623
NEIG6	MV	11526	5963	0	1	450	5512	4422	1090
NEIG6	ED	2336	2800	0	2	218	2580	2093	487
NEIG6	TO	13862	8763	0	3	668	8092	6515	1577
NEIG7	MV	9818	4127	0	0	252	3875	2403	1472
NEIG7	ED	2577	1302	0	1	88	1213	839	374
NEIG7	TO	12395	5429	0	1	340	5088	3242	1846
NEIG8	MV	7628	4025	0	0	293	3732	2788	944
NEIG8	ED	2030	1847	0	0	151	1696	1311	385
NEIG8	TO	9658	5872	0	0	444	5428	4099	1329
NEIG9	MV	7416	3138	0	0	243	2895	1730	1165
NEIG9	ED	842	924	0	0	76	848	577	271
NEIG9	TO	8258	4062	0	0	319	3743	2307	1436
NEIG10	MV	8172	3949	0	0	319	3630	2543	1087
NEIG10	ED	1850	1947	0	1	173	1773	1289	484
NEIG10	TO	10022	5896	0	1	492	5403	3832	1571
NEIG11	MV	33509	15520	0	7	1497	14016	9145	4871
NEIG11	ED	5931	7800	0	3	947	6850	4704	2146
NEIG11	TO	39440	23320	0	10	2444	20866	13849	7017
NEIG12	MV	23572	11845	0	5	766	11074	8983	2091
NEIG12	ED	7433	5298	0	3	349	4946	4069	877
NEIG12	TO	31005	17143	0	8	1115	16020	13052	2968
NEIG14	MV	6791	3984	0	0	288	3696	2899	797
NEIG14	ED	1942	1788	0	1	113	1674	1345	329
NEIG14	TO	8733	5772	0	1	401	5370	4244	1126
NEIG15	MV	5779	2672	0	1	178	2493	1726	767
NEIG15	ED	1309	1165	0	0	105	1060	807	253
NEIG15	TO	7088	3837	0	1	283	3553	2533	1020
NEIG13	MV	13553	8149	0	1	624	7524	5637	1887
NEIG13	ED	3435	3370	0	2	242	3126	2399	727
NEIG13	TO	16988	11519	0	3	866	10650	8036	2614
NEIG26	MV	7830	3522	0	0	240	3282	1846	1436
NEIG26	ED	1802	947	0	0	73	874	569	305
NEIG26	TO	9632	4469	0	0	313	4156	2415	1741
NEIG16	MV	14623	6798	0	1	539	6258	4563	1695
NEIG16	ED	2733	2413	0	1	210	2202	1652	550
NEIG16	TO	17356	9211	0	2	749	8460	6215	2245
NEIG17	MV	29447	14398	0	2	1054	13342	9010	4332
NEIG17	ED	8178	7475	0	0	642	6833	4952	1881
NEIG17	TO	37625	21873	0	2	1696	20175	13962	6213
NEIG19	MV	7165	4013	0	0	268	3745	2775	970
NEIG19	ED	2406	1869	0	0	134	1735	1313	422
NEIG19	TO	9571	5882	0	0	402	5480	4088	1392
NEIG18	MV	6458	3411	0	1	274	3136	1819	1317
NEIG18	ED	1563	1828	0	0	206	1622	1003	619
NEIG18	TO	8021	5239	0	1	480	4758	2822	1936
NEIG20	MV	20910	8905	0	1	731	8173	5684	2489
NEIG20	ED	4167	2452	0	1	225	2226	1642	584
NEIG20	TO	25077	11357	0	2	956	10399	7326	3073
NEIG21	MV	34606	16636	0	3	1262	15371	9159	6212
NEIG21	ED	8887	5783	0	1	452	5330	3553	1777
NEIG21	TO	43493	22419	0	4	1714	20701	12712	7989
NEIG22	MV	15381	9289	0	2	601	8686	6972	1714
NEIG22	ED	3512	3613	0	4	244	3365	2727	638
NEIG22	TO	18893	12902	0	6	845	12051	9699	2352
NEIG23	MV	6638	2508	0	3	194	2311	1223	1088
NEIG23	ED	1850	598	0	0	49	549	326	223
NEIG23	TO	8488	3106	0	3	243	2860	1549	1311
NEIG24	MV	28439	16094	0	4	1122	14968	8850	6118
NEIG24	ED	6935	5684	0	1	378	5305	3268	2037
NEIG24	TO	35374	21778	0	5	1500	20273	12118	8155
NEIG25	MV	23712	12534	0	4	1004	11526	8988	2538
NEIG25	ED	7784	5043	0	1	393	4649	3749	900
NEIG25	TO	31496	17577	0	5	1397	16175	12737	3438
