area_id	subtotal_type	RSReg	RSCst	RSRej	RSOvr	RSUnd	RSTot	1:YES	2:NO
ALLPCTS	TO	503899	265563	0	64	20125	245374	183383	61991
ALLPCTS	ED	101847	72177	0	16	4951	67210	52712	14498
ALLPCTS	MV	402052	193386	0	48	15174	178164	130671	47493
PCT1101	MV	447	211	0	0	16	195	130	65
PCT1101	ED	115	60	0	0	4	56	42	14
PCT1101	TO	562	271	0	0	20	251	172	79
PCT1102	MV	771	364	0	0	21	343	215	128
PCT1102	ED	233	158	0	0	7	151	109	42
PCT1102	TO	1004	522	0	0	28	494	324	170
PCT1103	MV	748	360	0	0	21	339	233	106
PCT1103	ED	223	142	0	0	6	136	99	37
PCT1103	TO	971	502	0	0	27	475	332	143
PCT1104	MV	750	340	0	0	19	321	228	93
PCT1104	ED	268	119	0	0	6	113	79	34
PCT1104	TO	1018	459	0	0	25	434	307	127
PCT1106	MV	597	246	0	0	13	233	141	92
PCT1106	ED	174	96	0	0	6	90	64	26
PCT1106	TO	771	342	0	0	19	323	205	118
PCT1107	MV	606	281	0	0	19	262	181	81
PCT1107	ED	145	76	0	0	4	72	56	16
PCT1107	TO	751	357	0	0	23	334	237	97
PCT1108	MV	721	350	0	0	20	330	249	81
PCT1108	ED	202	114	0	0	10	104	75	29
PCT1108	TO	923	464	0	0	30	434	324	110
PCT1109	MV	650	278	0	0	16	262	168	94
PCT1109	ED	172	97	0	0	4	93	66	27
PCT1109	TO	822	375	0	0	20	355	234	121
PCT1111	MV	845	346	0	0	22	324	219	105
PCT1111	ED	201	118	0	0	6	112	86	26
PCT1111	TO	1046	464	0	0	28	436	305	131
PCT1112	MV	642	271	0	0	17	254	186	68
PCT1112	ED	160	76	0	0	5	71	56	15
PCT1112	TO	802	347	0	0	22	325	242	83
PCT1113	MV	674	280	0	0	18	262	162	100
PCT1113	ED	121	65	0	0	5	60	43	17
PCT1113	TO	795	345	0	0	23	322	205	117
PCT1114	MV	768	324	0	0	19	305	225	80
PCT1114	ED	223	97	0	0	11	86	70	16
PCT1114	TO	991	421	0	0	30	391	295	96
PCT1115	MV	741	287	0	0	20	267	177	90
PCT1115	ED	195	85	0	0	5	80	65	15
PCT1115	TO	936	372	0	0	25	347	242	105
PCT1116	MV	709	305	0	0	21	284	193	91
PCT1116	ED	222	118	0	0	8	110	93	17
PCT1116	TO	931	423	0	0	29	394	286	108
PCT1117	MV	659	250	0	0	17	233	159	74
PCT1117	ED	187	71	0	0	2	69	56	13
PCT1117	TO	846	321	0	0	19	302	215	87
PCT1118	MV	843	353	0	0	11	342	239	103
PCT1118	ED	222	100	0	0	7	93	67	26
PCT1118	TO	1065	453	0	0	18	435	306	129
PCT1119	MV	659	302	0	0	15	287	213	74
PCT1119	ED	138	73	0	0	4	69	54	15
PCT1119	TO	797	375	0	0	19	356	267	89
PCT1121	MV	556	261	0	0	21	240	145	95
PCT1121	ED	149	81	0	0	4	77	49	28
PCT1121	TO	705	342	0	0	25	317	194	123
PCT1122	MV	519	243	0	0	19	224	133	91
PCT1122	ED	118	70	0	0	5	65	49	16
PCT1122	TO	637	313	0	0	24	289	182	107
PCT1123	MV	722	254	0	0	12	242	162	80
PCT1123	ED	216	89	0	0	4	85	63	22
PCT1123	TO	938	343	0	0	16	327	225	102
PCT1124	MV	621	240	0	0	6	234	153	81
PCT1124	ED	208	72	0	0	4	68	56	12
PCT1124	TO	829	312	0	0	10	302	209	93
PCT1125	MV	916	353	0	0	30	323	196	127
PCT1125	ED	181	65	0	0	5	60	51	9
PCT1125	TO	1097	418	0	0	35	383	247	136
PCT1126	MV	811	304	0	0	21	283	195	88
PCT1126	ED	201	68	0	0	1	67	46	21
PCT1126	TO	1012	372	0	0	22	350	241	109
PCT1127	MV	742	290	0	0	13	277	150	127
PCT1127	ED	223	99	0	0	6	93	68	25
PCT1127	TO	965	389	0	0	19	370	218	152
PCT1128	MV	733	292	0	0	14	278	161	117
PCT1128	ED	146	59	0	1	4	54	40	14
PCT1128	TO	879	351	0	1	18	332	201	131
PCT1129	MV	788	310	0	0	24	286	179	107
PCT1129	ED	248	108	0	0	11	97	67	30
PCT1129	TO	1036	418	0	0	35	383	246	137
PCT1131	MV	693	276	0	1	22	253	147	106
PCT1131	ED	167	60	0	0	5	55	43	12
PCT1131	TO	860	336	0	1	27	308	190	118
PCT1132	MV	837	368	0	0	30	338	212	126
PCT1132	ED	195	59	0	0	0	59	37	22
PCT1132	TO	1032	427	0	0	30	397	249	148
PCT1133	MV	716	332	0	0	11	321	209	112
PCT1133	ED	159	74	0	0	5	69	47	22
PCT1133	TO	875	406	0	0	16	390	256	134
PCT1134	MV	584	285	0	0	13	272	158	114
PCT1134	ED	183	80	0	0	7	73	59	14
PCT1134	TO	767	365	0	0	20	345	217	128
PCT1135	MV	464	216	0	0	7	209	130	79
PCT1135	ED	92	50	0	0	1	49	40	9
PCT1135	TO	556	266	0	0	8	258	170	88
PCT1136	MV	710	335	0	0	18	317	200	117
PCT1136	ED	157	77	0	0	4	73	52	21
PCT1136	TO	867	412	0	0	22	390	252	138
PCT1141	MV	836	387	0	0	16	371	252	119
PCT1141	ED	220	123	0	0	4	119	90	29
PCT1141	TO	1056	510	0	0	20	490	342	148
PCT1142	MV	721	322	0	0	22	300	215	85
PCT1142	ED	175	87	0	0	4	83	69	14
PCT1142	TO	896	409	0	0	26	383	284	99
PCT1143	MV	823	358	0	0	22	336	230	106
PCT1143	ED	226	113	0	0	5	108	90	18
PCT1143	TO	1049	471	0	0	27	444	320	124
PCT1144	MV	727	319	0	0	12	307	198	109
PCT1144	ED	220	121	0	0	7	114	86	28
PCT1144	TO	947	440	0	0	19	421	284	137
PCT1145	MV	752	411	0	0	29	382	252	130
PCT1145	ED	153	114	0	0	5	109	88	21
PCT1145	TO	905	525	0	0	34	491	340	151
PCT1146	MV	837	359	0	2	18	339	251	88
PCT1146	ED	217	109	0	0	4	105	83	22
PCT1146	TO	1054	468	0	2	22	444	334	110
PCT1147	MV	671	303	0	0	16	287	202	85
PCT1147	ED	214	107	0	0	6	101	77	24
PCT1147	TO	885	410	0	0	22	388	279	109
PCT1148	MV	804	364	0	0	21	343	212	131
PCT1148	ED	224	116	0	0	7	109	77	32
PCT1148	TO	1028	480	0	0	28	452	289	163
PCT1149	MV	709	316	0	0	19	297	183	114
PCT1149	ED	230	118	0	0	8	110	83	27
PCT1149	TO	939	434	0	0	27	407	266	141
PCT1151	MV	0	0	0	0	0	0	0	0
PCT1151	ED	0	0	0	0	0	0	0	0
PCT1151	TO	0	0	0	0	0	0	0	0
PCT1152	MV	710	308	0	0	27	281	196	85
PCT1152	ED	180	85	0	0	4	81	55	26
PCT1152	TO	890	393	0	0	31	362	251	111
PCT1153	MV	730	283	0	0	17	266	185	81
PCT1153	ED	210	116	0	0	6	110	62	48
PCT1153	TO	940	399	0	0	23	376	247	129
PCT1154	MV	0	0	0	0	0	0	0	0
PCT1154	ED	0	0	0	0	0	0	0	0
PCT1154	TO	0	0	0	0	0	0	0	0
PCT7001	MV	632	322	0	0	21	301	243	58
PCT7001	ED	141	101	0	1	7	93	81	12
PCT7001	TO	773	423	0	1	28	394	324	70
PCT7002	MV	598	259	0	0	27	232	173	59
PCT7002	ED	116	88	0	0	7	81	71	10
PCT7002	TO	714	347	0	0	34	313	244	69
PCT7003	MV	759	427	0	0	30	397	316	81
PCT7003	ED	147	144	0	0	12	132	104	28
PCT7003	TO	906	571	0	0	42	529	420	109
PCT7004	MV	764	411	0	0	33	378	299	79
PCT7004	ED	149	142	0	0	8	134	107	27
PCT7004	TO	913	553	0	0	41	512	406	106
PCT7005	MV	697	342	0	0	24	318	270	48
PCT7005	ED	162	162	0	0	14	148	124	24
PCT7005	TO	859	504	0	0	38	466	394	72
PCT7006	MV	728	349	0	0	29	320	262	58
PCT7006	ED	204	149	0	0	8	141	116	25
PCT7006	TO	932	498	0	0	37	461	378	83
PCT7007	MV	777	427	0	0	30	397	320	77
PCT7007	ED	180	168	0	1	10	157	130	27
PCT7007	TO	957	595	0	1	40	554	450	104
PCT7008	MV	732	362	0	0	38	324	250	74
PCT7008	ED	177	189	0	0	10	179	149	30
PCT7008	TO	909	551	0	0	48	503	399	104
PCT7009	MV	752	387	0	0	32	355	281	74
PCT7009	ED	119	91	0	0	4	87	66	21
PCT7009	TO	871	478	0	0	36	442	347	95
PCT7011	MV	703	228	0	0	17	211	176	35
PCT7011	ED	270	87	0	0	4	83	69	14
PCT7011	TO	973	315	0	0	21	294	245	49
PCT7012	MV	999	479	0	1	37	441	358	83
PCT7012	ED	227	203	0	0	15	188	158	30
PCT7012	TO	1226	682	0	1	52	629	516	113
PCT7013	MV	984	271	0	0	21	250	206	44
PCT7013	ED	155	151	0	0	11	140	119	21
PCT7013	TO	1139	422	0	0	32	390	325	65
PCT7014	MV	609	295	0	0	31	264	227	37
PCT7014	ED	110	111	0	0	13	98	80	18
PCT7014	TO	719	406	0	0	44	362	307	55
PCT7015	MV	128	39	0	0	4	35	30	5
PCT7015	ED	-18	0	0	0	0	0	0	0
PCT7015	TO	110	39	0	0	4	35	30	5
PCT7016	MV	654	235	0	0	12	223	151	72
PCT7016	ED	278	75	0	0	4	71	58	13
PCT7016	TO	932	310	0	0	16	294	209	85
PCT7017	MV	543	182	0	0	21	161	124	37
PCT7017	ED	238	53	0	0	5	48	43	5
PCT7017	TO	781	235	0	0	26	209	167	42
PCT7018	MV	847	353	0	0	26	327	203	124
PCT7018	ED	200	56	0	0	4	52	46	6
PCT7018	TO	1047	409	0	0	30	379	249	130
PCT7019	MV	733	351	0	0	21	330	212	118
PCT7019	ED	167	73	0	0	4	69	59	10
PCT7019	TO	900	424	0	0	25	399	271	128
PCT7021	MV	679	268	0	0	18	250	192	58
PCT7021	ED	288	106	0	0	6	100	86	14
PCT7021	TO	967	374	0	0	24	350	278	72
PCT7022	MV	770	301	0	0	25	276	214	62
PCT7022	ED	193	54	0	0	1	53	46	7
PCT7022	TO	963	355	0	0	26	329	260	69
PCT7023	MV	687	328	0	0	19	309	243	66
PCT7023	ED	233	71	0	0	7	64	55	9
PCT7023	TO	920	399	0	0	26	373	298	75
PCT7024	MV	251	50	0	0	2	48	41	7
PCT7024	ED	190	20	0	0	2	18	18	0
PCT7024	TO	441	70	0	0	4	66	59	7
PCT7025	MV	316	93	0	1	5	87	70	17
PCT7025	ED	167	39	0	0	3	36	29	7
PCT7025	TO	483	132	0	1	8	123	99	24
PCT7026	MV	818	332	0	0	19	313	197	116
PCT7026	ED	192	72	0	0	4	68	50	18
PCT7026	TO	1010	404	0	0	23	381	247	134
PCT7027	MV	676	266	0	0	15	251	168	83
PCT7027	ED	220	96	0	0	5	91	71	20
PCT7027	TO	896	362	0	0	20	342	239	103
PCT7028	MV	585	215	0	0	14	201	168	33
PCT7028	ED	271	97	0	0	6	91	69	22
PCT7028	TO	856	312	0	0	20	292	237	55
PCT7029	MV	642	205	0	0	24	181	147	34
PCT7029	ED	267	39	0	0	1	38	28	10
PCT7029	TO	909	244	0	0	25	219	175	44
PCT7030	MV	654	274	0	0	12	262	167	95
PCT7030	ED	141	58	0	0	1	57	30	27
PCT7030	TO	795	332	0	0	13	319	197	122
PCT7031	MV	621	257	0	0	22	235	170	65
PCT7031	ED	73	48	0	0	5	43	34	9
PCT7031	TO	694	305	0	0	27	278	204	74
PCT7032	MV	642	264	0	0	20	244	179	65
PCT7032	ED	239	51	0	0	5	46	36	10
PCT7032	TO	881	315	0	0	25	290	215	75
PCT7033	MV	549	210	0	0	15	195	135	60
PCT7033	ED	229	86	0	0	7	79	54	25
PCT7033	TO	778	296	0	0	22	274	189	85
PCT7034	MV	620	136	0	0	18	118	104	14
PCT7034	ED	318	57	0	0	3	54	45	9
PCT7034	TO	938	193	0	0	21	172	149	23
PCT7035	MV	567	232	0	0	17	215	162	53
PCT7035	ED	152	52	0	0	3	49	44	5
PCT7035	TO	719	284	0	0	20	264	206	58
PCT7036	MV	780	259	0	0	17	242	169	73
PCT7036	ED	194	39	0	0	1	38	30	8
PCT7036	TO	974	298	0	0	18	280	199	81
PCT7037	MV	433	62	0	0	1	61	48	13
PCT7037	ED	313	38	0	0	5	33	31	2
PCT7037	TO	746	100	0	0	6	94	79	15
PCT7038	MV	758	304	0	2	21	281	167	114
PCT7038	ED	203	58	0	0	6	52	40	12
PCT7038	TO	961	362	0	2	27	333	207	126
PCT7039	MV	636	240	0	0	24	216	128	88
PCT7039	ED	201	104	0	0	3	101	63	38
PCT7039	TO	837	344	0	0	27	317	191	126
PCT7041	MV	70	29	0	0	4	25	16	9
PCT7041	ED	-4	0	0	0	0	0	0	0
PCT7041	TO	66	29	0	0	4	25	16	9
PCT7042	MV	514	219	0	0	10	209	141	68
PCT7042	ED	146	58	0	0	2	56	41	15
PCT7042	TO	660	277	0	0	12	265	182	83
PCT7043	MV	754	290	0	0	21	269	174	95
PCT7043	ED	224	78	0	0	3	75	61	14
PCT7043	TO	978	368	0	0	24	344	235	109
PCT7044	MV	586	133	0	0	4	129	103	26
PCT7044	ED	266	33	0	0	2	31	25	6
PCT7044	TO	852	166	0	0	6	160	128	32
PCT7045	MV	632	264	0	0	18	246	149	97
PCT7045	ED	154	53	0	0	2	51	30	21
PCT7045	TO	786	317	0	0	20	297	179	118
PCT7046	MV	334	130	0	0	11	119	74	45
PCT7046	ED	96	48	0	0	6	42	30	12
PCT7046	TO	430	178	0	0	17	161	104	57
PCT7047	MV	730	309	0	0	16	293	182	111
PCT7047	ED	153	62	0	0	3	59	43	16
PCT7047	TO	883	371	0	0	19	352	225	127
PCT7048	MV	685	263	0	0	21	242	173	69
PCT7048	ED	196	56	0	0	4	52	36	16
PCT7048	TO	881	319	0	0	25	294	209	85
PCT7049	MV	616	239	0	0	15	224	122	102
PCT7049	ED	210	70	0	0	5	65	43	22
PCT7049	TO	826	309	0	0	20	289	165	124
PCT7051	MV	715	301	0	0	24	277	160	117
PCT7051	ED	165	70	0	0	7	63	44	19
PCT7051	TO	880	371	0	0	31	340	204	136
PCT7052	MV	721	291	0	0	9	282	171	111
PCT7052	ED	185	84	0	0	5	79	64	15
PCT7052	TO	906	375	0	0	14	361	235	126
PCT7053	MV	542	226	0	0	27	199	116	83
PCT7053	ED	43	40	0	0	4	36	26	10
PCT7053	TO	585	266	0	0	31	235	142	93
PCT7054	MV	862	305	0	0	23	282	226	56
PCT7054	ED	274	105	0	0	5	100	79	21
PCT7054	TO	1136	410	0	0	28	382	305	77
PCT7055	MV	732	289	0	0	20	269	189	80
PCT7055	ED	94	76	0	0	6	70	63	7
PCT7055	TO	826	365	0	0	26	339	252	87
PCT7056	MV	618	269	0	0	28	241	181	60
PCT7056	ED	87	119	0	0	12	107	83	24
PCT7056	TO	705	388	0	0	40	348	264	84
PCT7101	MV	162	99	0	0	7	92	84	8
PCT7101	ED	-15	0	0	0	0	0	0	0
PCT7101	TO	147	99	0	0	7	92	84	8
PCT7201	MV	788	374	0	0	27	347	238	109
PCT7201	ED	147	98	0	0	11	87	71	16
PCT7201	TO	935	472	0	0	38	434	309	125
PCT7202	MV	707	303	0	1	36	266	184	82
PCT7202	ED	144	123	0	0	9	114	89	25
PCT7202	TO	851	426	0	1	45	380	273	107
PCT7203	MV	693	316	0	0	34	282	209	73
PCT7203	ED	186	148	0	0	21	127	97	30
PCT7203	TO	879	464	0	0	55	409	306	103
PCT7204	MV	773	411	0	0	52	359	270	89
PCT7204	ED	126	116	0	0	17	99	79	20
PCT7204	TO	899	527	0	0	69	458	349	109
PCT7205	MV	724	357	0	0	29	328	248	80
PCT7205	ED	147	133	0	0	15	118	86	32
PCT7205	TO	871	490	0	0	44	446	334	112
PCT7206	MV	299	127	0	0	12	115	87	28
PCT7206	ED	78	76	0	0	3	73	57	16
PCT7206	TO	377	203	0	0	15	188	144	44
PCT7207	MV	744	329	0	0	29	300	203	97
PCT7207	ED	123	117	0	0	7	110	97	13
PCT7207	TO	867	446	0	0	36	410	300	110
PCT7208	MV	492	248	0	0	31	217	148	69
PCT7208	ED	78	60	0	0	4	56	48	8
PCT7208	TO	570	308	0	0	35	273	196	77
PCT7209	MV	595	338	0	0	30	308	225	83
PCT7209	ED	52	63	0	0	3	60	49	11
PCT7209	TO	647	401	0	0	33	368	274	94
PCT7301	MV	812	312	0	0	24	288	216	72
PCT7301	ED	202	112	0	0	7	105	84	21
PCT7301	TO	1014	424	0	0	31	393	300	93
PCT7302	MV	713	345	0	0	36	309	205	104
PCT7302	ED	136	116	0	0	11	105	82	23
PCT7302	TO	849	461	0	0	47	414	287	127
PCT7303	MV	869	370	0	0	35	335	251	84
PCT7303	ED	199	141	0	0	10	131	102	29
PCT7303	TO	1068	511	0	0	45	466	353	113
PCT7304	MV	802	359	0	0	29	330	251	79
PCT7304	ED	199	163	0	0	10	153	117	36
PCT7304	TO	1001	522	0	0	39	483	368	115
PCT7305	MV	713	372	0	0	36	336	221	115
PCT7305	ED	154	141	0	0	10	131	99	32
PCT7305	TO	867	513	0	0	46	467	320	147
PCT7306	MV	801	365	0	0	36	329	209	120
PCT7306	ED	243	152	0	0	17	135	110	25
PCT7306	TO	1044	517	0	0	53	464	319	145
PCT7307	MV	605	264	0	0	15	249	169	80
PCT7307	ED	169	101	0	0	8	93	74	19
PCT7307	TO	774	365	0	0	23	342	243	99
PCT7308	MV	520	249	0	0	13	236	168	68
PCT7308	ED	105	126	0	0	9	117	94	23
PCT7308	TO	625	375	0	0	22	353	262	91
PCT7309	MV	691	317	0	0	32	285	210	75
PCT7309	ED	167	156	0	0	13	143	116	27
PCT7309	TO	858	473	0	0	45	428	326	102
PCT7311	MV	698	325	0	0	23	302	244	58
PCT7311	ED	208	169	0	0	11	158	125	33
PCT7311	TO	906	494	0	0	34	460	369	91
PCT7312	MV	699	384	0	0	25	359	250	109
PCT7312	ED	111	120	0	0	7	113	83	30
PCT7312	TO	810	504	0	0	32	472	333	139
PCT7313	MV	818	365	0	0	22	343	252	91
PCT7313	ED	185	115	0	0	14	101	79	22
PCT7313	TO	1003	480	0	0	36	444	331	113
PCT7314	MV	612	222	0	0	27	195	144	51
PCT7314	ED	147	56	0	0	4	52	39	13
PCT7314	TO	759	278	0	0	31	247	183	64
PCT7315	MV	570	202	0	0	13	189	131	58
PCT7315	ED	195	117	0	0	8	109	81	28
PCT7315	TO	765	319	0	0	21	298	212	86
PCT7316	MV	654	255	0	0	33	222	150	72
PCT7316	ED	178	100	0	0	11	89	73	16
PCT7316	TO	832	355	0	0	44	311	223	88
PCT7317	MV	744	339	0	0	24	315	208	107
PCT7317	ED	146	107	0	0	12	95	81	14
PCT7317	TO	890	446	0	0	36	410	289	121
PCT7318	MV	605	289	0	0	37	252	182	70
PCT7318	ED	118	99	0	0	13	86	63	23
PCT7318	TO	723	388	0	0	50	338	245	93
PCT7319	MV	861	340	0	0	28	312	220	92
PCT7319	ED	188	113	0	0	12	101	70	31
PCT7319	TO	1049	453	0	0	40	413	290	123
PCT7321	MV	557	200	0	0	20	180	117	63
PCT7321	ED	102	62	0	0	4	58	41	17
PCT7321	TO	659	262	0	0	24	238	158	80
PCT7322	MV	742	292	0	0	38	254	177	77
PCT7322	ED	146	25	0	0	3	22	18	4
PCT7322	TO	888	317	0	0	41	276	195	81
PCT7323	MV	789	362	0	0	49	313	229	84
PCT7323	ED	167	126	0	0	12	114	89	25
PCT7323	TO	956	488	0	0	61	427	318	109
PCT7324	MV	586	253	0	0	29	224	166	58
PCT7324	ED	151	88	0	0	7	81	58	23
PCT7324	TO	737	341	0	0	36	305	224	81
PCT7325	MV	714	315	0	0	29	286	222	64
PCT7325	ED	172	121	0	0	10	111	83	28
PCT7325	TO	886	436	0	0	39	397	305	92
PCT7326	MV	685	298	0	0	28	270	200	70
PCT7326	ED	174	116	0	0	17	99	75	24
PCT7326	TO	859	414	0	0	45	369	275	94
PCT7327	MV	561	224	0	0	31	193	129	64
PCT7327	ED	126	37	0	0	2	35	29	6
PCT7327	TO	687	261	0	0	33	228	158	70
PCT7328	MV	829	321	0	0	53	268	174	94
PCT7328	ED	173	46	0	0	4	42	30	12
PCT7328	TO	1002	367	0	0	57	310	204	106
PCT7329	MV	556	222	0	0	24	198	143	55
PCT7329	ED	95	56	0	0	3	53	39	14
PCT7329	TO	651	278	0	0	27	251	182	69
PCT7331	MV	710	358	0	0	41	317	230	87
PCT7331	ED	160	129	0	0	15	114	82	32
PCT7331	TO	870	487	0	0	56	431	312	119
PCT7332	MV	654	256	0	0	27	229	176	53
PCT7332	ED	136	113	0	0	6	107	94	13
PCT7332	TO	790	369	0	0	33	336	270	66
PCT7333	MV	822	385	0	0	32	353	259	94
PCT7333	ED	193	161	0	0	12	149	122	27
PCT7333	TO	1015	546	0	0	44	502	381	121
PCT7334	MV	686	301	0	0	19	282	221	61
PCT7334	ED	133	105	0	0	8	97	78	19
PCT7334	TO	819	406	0	0	27	379	299	80
PCT7335	MV	788	385	0	0	42	343	245	98
PCT7335	ED	146	144	0	1	9	134	110	24
PCT7335	TO	934	529	0	1	51	477	355	122
PCT7336	MV	778	396	0	0	28	368	230	138
PCT7336	ED	176	128	0	0	10	118	91	27
PCT7336	TO	954	524	0	0	38	486	321	165
PCT7337	MV	772	379	0	0	43	336	232	104
PCT7337	ED	125	84	0	0	5	79	61	18
PCT7337	TO	897	463	0	0	48	415	293	122
PCT7338	MV	769	353	0	0	44	309	210	99
PCT7338	ED	126	70	0	0	8	62	49	13
PCT7338	TO	895	423	0	0	52	371	259	112
PCT7339	MV	605	262	0	0	24	238	193	45
PCT7339	ED	150	89	0	0	2	87	71	16
PCT7339	TO	755	351	0	0	26	325	264	61
PCT7341	MV	675	288	0	0	34	254	195	59
PCT7341	ED	178	131	0	0	10	121	103	18
PCT7341	TO	853	419	0	0	44	375	298	77
PCT7342	MV	673	316	0	0	20	296	222	74
PCT7342	ED	231	200	0	0	16	184	140	44
PCT7342	TO	904	516	0	0	36	480	362	118
PCT7343	MV	554	242	0	0	26	216	181	35
PCT7343	ED	150	116	0	0	13	103	82	21
PCT7343	TO	704	358	0	0	39	319	263	56
PCT7344	MV	863	378	0	0	34	344	255	89
PCT7344	ED	201	160	0	0	11	149	121	28
PCT7344	TO	1064	538	0	0	45	493	376	117
PCT7345	MV	903	418	0	0	38	380	308	72
PCT7345	ED	211	170	0	0	10	160	126	34
PCT7345	TO	1114	588	0	0	48	540	434	106
PCT7346	MV	680	280	0	0	25	255	200	55
PCT7346	ED	209	126	0	0	13	113	89	24
PCT7346	TO	889	406	0	0	38	368	289	79
PCT7347	MV	833	356	0	0	34	322	280	42
PCT7347	ED	170	98	0	0	9	89	77	12
PCT7347	TO	1003	454	0	0	43	411	357	54
PCT7348	MV	649	268	0	0	21	247	195	52
PCT7348	ED	194	100	0	0	8	92	76	16
PCT7348	TO	843	368	0	0	29	339	271	68
PCT7349	MV	710	310	0	0	21	289	212	77
PCT7349	ED	202	104	0	0	8	96	79	17
PCT7349	TO	912	414	0	0	29	385	291	94
PCT7501	MV	456	241	0	0	28	213	148	65
PCT7501	ED	95	90	0	0	12	78	61	17
PCT7501	TO	551	331	0	0	40	291	209	82
PCT7502	MV	668	310	0	0	31	279	206	73
PCT7502	ED	121	99	0	0	10	89	72	17
PCT7502	TO	789	409	0	0	41	368	278	90
PCT7503	MV	614	281	0	0	23	258	208	50
PCT7503	ED	148	100	0	0	10	90	70	20
PCT7503	TO	762	381	0	0	33	348	278	70
PCT7504	MV	404	173	0	0	17	156	125	31
PCT7504	ED	84	52	0	0	5	47	41	6
PCT7504	TO	488	225	0	0	22	203	166	37
PCT7505	MV	729	397	0	0	41	356	286	70
PCT7505	ED	133	96	0	0	3	93	77	16
PCT7505	TO	862	493	0	0	44	449	363	86
PCT7506	MV	842	360	0	0	40	320	245	75
PCT7506	ED	158	111	0	0	10	101	91	10
PCT7506	TO	1000	471	0	0	50	421	336	85
PCT7507	MV	693	286	0	0	22	264	220	44
PCT7507	ED	263	95	0	0	2	93	81	12
PCT7507	TO	956	381	0	0	24	357	301	56
PCT7508	MV	618	370	0	0	35	335	255	80
PCT7508	ED	126	103	0	0	8	95	82	13
PCT7508	TO	744	473	0	0	43	430	337	93
PCT7509	MV	756	396	0	0	33	363	264	99
PCT7509	ED	173	145	0	0	12	133	105	28
PCT7509	TO	929	541	0	0	45	496	369	127
PCT7512	MV	475	245	0	0	22	223	173	50
PCT7512	ED	125	85	0	0	8	77	61	16
PCT7512	TO	600	330	0	0	30	300	234	66
PCT7513	MV	575	243	0	0	28	215	178	37
PCT7513	ED	231	107	0	0	9	98	86	12
PCT7513	TO	806	350	0	0	37	313	264	49
PCT7514	MV	709	238	0	0	33	205	162	43
PCT7514	ED	207	59	0	0	11	48	43	5
PCT7514	TO	916	297	0	0	44	253	205	48
PCT7515	MV	663	311	0	0	22	289	221	68
PCT7515	ED	201	90	0	0	9	81	67	14
PCT7515	TO	864	401	0	0	31	370	288	82
PCT7516	MV	773	415	0	0	27	388	300	88
PCT7516	ED	147	118	0	0	5	113	87	26
PCT7516	TO	920	533	0	0	32	501	387	114
PCT7517	MV	645	354	0	0	36	318	267	51
PCT7517	ED	223	179	0	0	13	166	143	23
PCT7517	TO	868	533	0	0	49	484	410	74
PCT7518	MV	708	381	0	0	33	348	284	64
PCT7518	ED	218	185	0	0	14	171	154	17
PCT7518	TO	926	566	0	0	47	519	438	81
PCT7519	MV	543	254	0	0	27	227	190	37
PCT7519	ED	172	136	0	0	8	128	109	19
PCT7519	TO	715	390	0	0	35	355	299	56
PCT7521	MV	597	312	0	0	31	281	244	37
PCT7521	ED	182	149	0	0	5	144	124	20
PCT7521	TO	779	461	0	0	36	425	368	57
PCT7522	MV	588	291	0	0	24	267	229	38
PCT7522	ED	171	158	0	0	13	145	125	20
PCT7522	TO	759	449	0	0	37	412	354	58
PCT7523	MV	564	282	0	0	23	259	218	41
PCT7523	ED	180	169	0	0	11	158	136	22
PCT7523	TO	744	451	0	0	34	417	354	63
PCT7524	MV	480	221	0	0	24	197	167	30
PCT7524	ED	144	102	0	0	8	94	84	10
PCT7524	TO	624	323	0	0	32	291	251	40
PCT7525	MV	594	243	0	0	24	219	186	33
PCT7525	ED	170	94	0	0	9	85	79	6
PCT7525	TO	764	337	0	0	33	304	265	39
PCT7526	MV	825	390	0	0	49	341	286	55
PCT7526	ED	163	147	0	0	14	133	112	21
PCT7526	TO	988	537	0	0	63	474	398	76
PCT7527	MV	538	291	0	0	28	263	219	44
PCT7527	ED	172	112	0	0	8	104	94	10
PCT7527	TO	710	403	0	0	36	367	313	54
PCT7529	MV	748	361	0	0	34	327	293	34
PCT7529	ED	155	185	0	0	7	178	152	26
PCT7529	TO	903	546	0	0	41	505	445	60
PCT7531	MV	714	328	0	0	30	298	256	42
PCT7531	ED	159	132	0	0	4	128	113	15
PCT7531	TO	873	460	0	0	34	426	369	57
PCT7532	MV	668	325	0	0	26	299	251	48
PCT7532	ED	167	126	0	0	11	115	83	32
PCT7532	TO	835	451	0	0	37	414	334	80
PCT7533	MV	776	395	0	1	41	353	299	54
PCT7533	ED	194	185	0	0	13	172	141	31
PCT7533	TO	970	580	0	1	54	525	440	85
PCT7534	MV	670	363	0	0	34	329	278	51
PCT7534	ED	233	177	0	0	13	164	150	14
PCT7534	TO	903	540	0	0	47	493	428	65
PCT7535	MV	606	297	0	0	23	274	228	46
PCT7535	ED	139	151	0	0	15	136	127	9
PCT7535	TO	745	448	0	0	38	410	355	55
PCT7536	MV	670	337	0	0	22	315	267	48
PCT7536	ED	163	170	0	0	18	152	134	18
PCT7536	TO	833	507	0	0	40	467	401	66
PCT7537	MV	619	294	0	0	24	270	235	35
PCT7537	ED	126	148	0	0	12	136	122	14
PCT7537	TO	745	442	0	0	36	406	357	49
PCT7538	MV	562	313	0	0	19	294	255	39
PCT7538	ED	189	172	0	0	14	158	139	19
PCT7538	TO	751	485	0	0	33	452	394	58
PCT7539	MV	696	363	0	0	29	334	290	44
PCT7539	ED	225	187	0	0	14	173	153	20
PCT7539	TO	921	550	0	0	43	507	443	64
PCT7541	MV	600	289	0	0	31	258	215	43
PCT7541	ED	170	159	0	0	12	147	127	20
PCT7541	TO	770	448	0	0	43	405	342	63
PCT7542	MV	631	315	0	0	14	301	259	42
PCT7542	ED	193	166	0	0	5	161	144	17
PCT7542	TO	824	481	0	0	19	462	403	59
PCT7543	MV	694	365	0	0	18	347	301	46
PCT7543	ED	230	138	0	0	7	131	114	17
PCT7543	TO	924	503	0	0	25	478	415	63
PCT7544	MV	731	383	0	0	36	347	288	59
PCT7544	ED	168	159	0	0	14	145	125	20
PCT7544	TO	899	542	0	0	50	492	413	79
PCT7545	MV	723	385	0	1	33	351	286	65
PCT7545	ED	172	146	0	0	14	132	110	22
PCT7545	TO	895	531	0	1	47	483	396	87
PCT7546	MV	770	413	0	0	26	387	342	45
PCT7546	ED	183	209	0	0	15	194	159	35
PCT7546	TO	953	622	0	0	41	581	501	80
PCT7547	MV	796	413	0	0	26	387	337	50
PCT7547	ED	185	172	0	0	8	164	156	8
PCT7547	TO	981	585	0	0	34	551	493	58
PCT7548	MV	802	434	0	0	35	399	349	50
PCT7548	ED	249	201	0	0	9	192	168	24
PCT7548	TO	1051	635	0	0	44	591	517	74
PCT7549	MV	660	350	0	0	30	320	263	57
PCT7549	ED	146	140	0	0	16	124	109	15
PCT7549	TO	806	490	0	0	46	444	372	72
PCT7551	MV	587	295	0	0	17	278	240	38
PCT7551	ED	136	171	0	0	10	161	125	36
PCT7551	TO	723	466	0	0	27	439	365	74
PCT7552	MV	561	282	0	0	31	251	221	30
PCT7552	ED	124	127	0	0	12	115	98	17
PCT7552	TO	685	409	0	0	43	366	319	47
PCT7553	MV	211	94	0	0	7	87	69	18
PCT7553	ED	-20	0	0	0	0	0	0	0
PCT7553	TO	191	94	0	0	7	87	69	18
PCT7554	MV	653	372	0	0	34	338	273	65
PCT7554	ED	168	177	0	0	15	162	133	29
PCT7554	TO	821	549	0	0	49	500	406	94
PCT7555	MV	662	407	0	0	32	375	307	68
PCT7555	ED	210	210	0	0	14	196	176	20
PCT7555	TO	872	617	0	0	46	571	483	88
PCT7556	MV	813	505	0	1	31	473	382	91
PCT7556	ED	153	165	0	0	14	151	112	39
PCT7556	TO	966	670	0	1	45	624	494	130
PCT7601	MV	485	205	0	0	16	189	162	27
PCT7601	ED	192	89	0	0	8	81	67	14
PCT7601	TO	677	294	0	0	24	270	229	41
PCT7602	MV	654	271	0	0	22	249	200	49
PCT7602	ED	232	103	0	0	7	96	87	9
PCT7602	TO	886	374	0	0	29	345	287	58
PCT7603	MV	612	285	0	0	26	259	208	51
PCT7603	ED	203	167	0	0	9	158	127	31
PCT7603	TO	815	452	0	0	35	417	335	82
PCT7604	MV	685	261	0	1	18	242	213	29
PCT7604	ED	259	133	0	0	15	118	93	25
PCT7604	TO	944	394	0	1	33	360	306	54
PCT7605	MV	468	184	0	1	15	168	133	35
PCT7605	ED	193	62	0	0	6	56	48	8
PCT7605	TO	661	246	0	1	21	224	181	43
PCT7606	MV	673	263	0	0	25	238	194	44
PCT7606	ED	210	79	0	0	6	73	65	8
PCT7606	TO	883	342	0	0	31	311	259	52
PCT7607	MV	712	282	0	0	22	260	207	53
PCT7607	ED	207	100	0	0	4	96	78	18
PCT7607	TO	919	382	0	0	26	356	285	71
PCT7608	MV	279	96	0	0	9	87	63	24
PCT7608	ED	101	19	0	0	1	18	17	1
PCT7608	TO	380	115	0	0	10	105	80	25
PCT7609	MV	699	280	0	0	25	255	192	63
PCT7609	ED	185	49	0	0	5	44	36	8
PCT7609	TO	884	329	0	0	30	299	228	71
PCT7611	MV	586	230	0	0	17	213	182	31
PCT7611	ED	202	43	0	0	2	41	34	7
PCT7611	TO	788	273	0	0	19	254	216	38
PCT7612	MV	452	213	0	0	17	196	144	52
PCT7612	ED	105	29	0	0	1	28	21	7
PCT7612	TO	557	242	0	0	18	224	165	59
PCT7613	MV	634	236	0	0	19	217	175	42
PCT7613	ED	249	86	0	0	4	82	68	14
PCT7613	TO	883	322	0	0	23	299	243	56
PCT7614	MV	712	244	0	0	28	216	171	45
PCT7614	ED	204	78	0	0	4	74	61	13
PCT7614	TO	916	322	0	0	32	290	232	58
PCT7615	MV	510	162	0	0	12	150	120	30
PCT7615	ED	240	58	0	0	5	53	44	9
PCT7615	TO	750	220	0	0	17	203	164	39
PCT7616	MV	754	325	0	0	32	293	240	53
PCT7616	ED	82	86	0	0	6	80	71	9
PCT7616	TO	836	411	0	0	38	373	311	62
PCT7617	MV	583	218	0	0	25	193	162	31
PCT7617	ED	169	42	0	0	7	35	26	9
PCT7617	TO	752	260	0	0	32	228	188	40
PCT7618	MV	763	360	0	0	20	340	254	86
PCT7618	ED	151	84	0	0	11	73	55	18
PCT7618	TO	914	444	0	0	31	413	309	104
PCT7619	MV	937	432	0	0	33	399	325	74
PCT7619	ED	170	117	0	0	10	107	87	20
PCT7619	TO	1107	549	0	0	43	506	412	94
PCT7621	MV	1006	437	0	0	33	404	321	83
PCT7621	ED	149	103	0	0	8	95	74	21
PCT7621	TO	1155	540	0	0	41	499	395	104
PCT7622	MV	697	213	0	0	22	191	155	36
PCT7622	ED	263	73	0	0	13	60	51	9
PCT7622	TO	960	286	0	0	35	251	206	45
PCT7623	MV	767	255	0	1	26	228	182	46
PCT7623	ED	237	98	0	0	10	88	79	9
PCT7623	TO	1004	353	0	1	36	316	261	55
PCT7624	MV	651	205	0	0	17	188	159	29
PCT7624	ED	224	72	0	0	12	60	51	9
PCT7624	TO	875	277	0	0	29	248	210	38
PCT7625	MV	749	386	0	0	52	334	249	85
PCT7625	ED	73	34	0	0	2	32	29	3
PCT7625	TO	822	420	0	0	54	366	278	88
PCT7626	MV	944	396	0	0	47	349	250	99
PCT7626	ED	129	105	0	0	5	100	85	15
PCT7626	TO	1073	501	0	0	52	449	335	114
PCT7627	MV	456	194	0	0	24	170	126	44
PCT7627	ED	68	57	0	0	6	51	39	12
PCT7627	TO	524	251	0	0	30	221	165	56
PCT7628	MV	718	324	0	0	19	305	241	64
PCT7628	ED	220	110	0	0	6	104	87	17
PCT7628	TO	938	434	0	0	25	409	328	81
PCT7629	MV	691	266	0	0	24	242	198	44
PCT7629	ED	162	86	0	0	7	79	65	14
PCT7629	TO	853	352	0	0	31	321	263	58
PCT7631	MV	1009	433	0	0	29	404	322	82
PCT7631	ED	210	110	0	0	6	104	84	20
PCT7631	TO	1219	543	0	0	35	508	406	102
PCT7632	MV	1002	411	0	1	30	380	307	73
PCT7632	ED	169	128	0	0	6	122	98	24
PCT7632	TO	1171	539	0	1	36	502	405	97
PCT7633	MV	609	278	0	0	21	257	201	56
PCT7633	ED	126	96	0	0	8	88	71	17
PCT7633	TO	735	374	0	0	29	345	272	73
PCT7634	MV	704	338	0	0	44	294	233	61
PCT7634	ED	186	101	0	1	12	88	66	22
PCT7634	TO	890	439	0	1	56	382	299	83
PCT7635	MV	665	267	0	0	20	247	189	58
PCT7635	ED	188	62	0	0	4	58	40	18
PCT7635	TO	853	329	0	0	24	305	229	76
PCT7636	MV	797	321	0	0	26	295	217	78
PCT7636	ED	162	107	0	0	4	103	82	21
PCT7636	TO	959	428	0	0	30	398	299	99
PCT7637	MV	747	340	0	0	33	307	207	100
PCT7637	ED	121	98	0	1	7	90	76	14
PCT7637	TO	868	438	0	1	40	397	283	114
PCT7638	MV	806	370	0	1	37	332	213	119
PCT7638	ED	83	87	0	0	9	78	48	30
PCT7638	TO	889	457	0	1	46	410	261	149
PCT7639	MV	889	390	0	1	33	356	251	105
PCT7639	ED	133	132	0	0	20	112	84	28
PCT7639	TO	1022	522	0	1	53	468	335	133
PCT7641	MV	817	397	0	1	24	372	245	127
PCT7641	ED	134	92	0	0	5	87	65	22
PCT7641	TO	951	489	0	1	29	459	310	149
PCT7642	MV	647	305	0	0	33	272	202	70
PCT7642	ED	118	79	0	0	14	65	53	12
PCT7642	TO	765	384	0	0	47	337	255	82
PCT7643	MV	810	429	0	0	34	395	279	116
PCT7643	ED	131	105	0	0	11	94	76	18
PCT7643	TO	941	534	0	0	45	489	355	134
PCT7644	MV	1014	397	0	0	39	358	269	89
PCT7644	ED	162	142	0	0	8	134	115	19
PCT7644	TO	1176	539	0	0	47	492	384	108
PCT7645	MV	595	282	0	0	25	257	181	76
PCT7645	ED	61	56	0	0	7	49	40	9
PCT7645	TO	656	338	0	0	32	306	221	85
PCT7646	MV	1032	480	0	0	42	438	337	101
PCT7646	ED	121	133	0	0	15	118	100	18
PCT7646	TO	1153	613	0	0	57	556	437	119
PCT7647	MV	724	206	0	0	6	200	156	44
PCT7647	ED	263	79	0	0	6	73	55	18
PCT7647	TO	987	285	0	0	12	273	211	62
PCT7648	MV	2	1	0	0	1	0	0	0
PCT7648	ED	0	0	0	0	0	0	0	0
PCT7648	TO	2	1	0	0	1	0	0	0
PCT7649	MV	722	284	0	0	15	269	216	53
PCT7649	ED	178	78	0	0	6	72	59	13
PCT7649	TO	900	362	0	0	21	341	275	66
PCT7651	MV	834	323	0	0	28	295	201	94
PCT7651	ED	113	72	0	0	9	63	44	19
PCT7651	TO	947	395	0	0	37	358	245	113
PCT7652	MV	534	200	0	0	18	182	131	51
PCT7652	ED	101	86	0	0	10	76	60	16
PCT7652	TO	635	286	0	0	28	258	191	67
PCT7653	MV	750	322	0	0	34	288	227	61
PCT7653	ED	89	79	0	0	8	71	60	11
PCT7653	TO	839	401	0	0	42	359	287	72
PCT7654	MV	413	188	0	0	13	175	139	36
PCT7654	ED	53	83	0	0	6	77	64	13
PCT7654	TO	466	271	0	0	19	252	203	49
PCT7655	MV	582	211	0	0	11	200	147	53
PCT7655	ED	97	59	0	0	11	48	40	8
PCT7655	TO	679	270	0	0	22	248	187	61
PCT7656	MV	603	302	0	0	28	274	197	77
PCT7656	ED	35	40	0	0	3	37	21	16
PCT7656	TO	638	342	0	0	31	311	218	93
PCT7657	MV	561	265	0	0	23	242	177	65
PCT7657	ED	37	61	0	0	5	56	47	9
PCT7657	TO	598	326	0	0	28	298	224	74
PCT7701	MV	868	474	0	0	40	434	327	107
PCT7701	ED	196	173	0	0	11	162	123	39
PCT7701	TO	1064	647	0	0	51	596	450	146
PCT7702	MV	623	369	0	0	20	349	243	106
PCT7702	ED	133	103	0	0	7	96	65	31
PCT7702	TO	756	472	0	0	27	445	308	137
PCT7703	MV	187	71	0	0	5	66	55	11
PCT7703	ED	-13	0	0	0	0	0	0	0
PCT7703	TO	174	71	0	0	5	66	55	11
PCT7704	MV	798	485	0	0	41	444	291	153
PCT7704	ED	204	173	0	0	6	167	107	60
PCT7704	TO	1002	658	0	0	47	611	398	213
PCT7705	MV	470	281	0	0	20	261	168	93
PCT7705	ED	125	110	0	0	8	102	64	38
PCT7705	TO	595	391	0	0	28	363	232	131
PCT7706	MV	686	446	0	0	29	417	269	148
PCT7706	ED	180	162	0	0	7	155	98	57
PCT7706	TO	866	608	0	0	36	572	367	205
PCT7707	MV	683	424	0	0	35	389	284	105
PCT7707	ED	189	179	0	0	10	169	105	64
PCT7707	TO	872	603	0	0	45	558	389	169
PCT7708	MV	710	455	0	0	37	418	272	146
PCT7708	ED	165	152	0	0	9	143	101	42
PCT7708	TO	875	607	0	0	46	561	373	188
PCT7709	MV	322	191	0	0	10	181	125	56
PCT7709	ED	84	90	0	0	3	87	66	21
PCT7709	TO	406	281	0	0	13	268	191	77
PCT7711	MV	658	372	0	1	26	345	258	87
PCT7711	ED	153	125	0	0	1	124	95	29
PCT7711	TO	811	497	0	1	27	469	353	116
PCT7712	MV	423	254	0	1	15	238	185	53
PCT7712	ED	109	106	0	0	7	99	78	21
PCT7712	TO	532	360	0	1	22	337	263	74
PCT7801	MV	823	469	0	0	34	435	329	106
PCT7801	ED	151	190	0	0	11	179	140	39
PCT7801	TO	974	659	0	0	45	614	469	145
PCT7802	MV	646	393	0	0	35	358	293	65
PCT7802	ED	152	157	0	0	9	148	129	19
PCT7802	TO	798	550	0	0	44	506	422	84
PCT7803	MV	718	470	0	0	44	426	337	89
PCT7803	ED	113	128	0	0	10	118	94	24
PCT7803	TO	831	598	0	0	54	544	431	113
PCT7804	MV	733	459	0	0	52	407	323	84
PCT7804	ED	152	180	0	0	19	161	134	27
PCT7804	TO	885	639	0	0	71	568	457	111
PCT7805	MV	644	389	0	0	42	347	272	75
PCT7805	ED	156	155	0	0	11	144	130	14
PCT7805	TO	800	544	0	0	53	491	402	89
PCT7806	MV	602	353	0	0	28	325	284	41
PCT7806	ED	153	152	0	1	11	140	119	21
PCT7806	TO	755	505	0	1	39	465	403	62
PCT7807	MV	642	353	0	0	26	327	267	60
PCT7807	ED	185	174	0	0	13	161	137	24
PCT7807	TO	827	527	0	0	39	488	404	84
PCT7808	MV	525	288	0	0	28	260	217	43
PCT7808	ED	129	129	0	0	11	118	97	21
PCT7808	TO	654	417	0	0	39	378	314	64
PCT7809	MV	624	348	0	0	25	323	281	42
PCT7809	ED	140	135	0	0	9	126	114	12
PCT7809	TO	764	483	0	0	34	449	395	54
PCT7811	MV	582	303	0	0	22	281	234	47
PCT7811	ED	176	155	0	0	7	148	122	26
PCT7811	TO	758	458	0	0	29	429	356	73
PCT7812	MV	680	364	0	0	37	327	277	50
PCT7812	ED	217	163	0	0	11	152	128	24
PCT7812	TO	897	527	0	0	48	479	405	74
PCT7813	MV	842	478	0	0	27	451	383	68
PCT7813	ED	226	214	0	0	16	198	171	27
PCT7813	TO	1068	692	0	0	43	649	554	95
PCT7814	MV	660	274	0	1	21	252	211	41
PCT7814	ED	241	118	0	0	12	106	93	13
PCT7814	TO	901	392	0	1	33	358	304	54
PCT7815	MV	749	460	0	0	50	410	330	80
PCT7815	ED	168	176	0	0	16	160	131	29
PCT7815	TO	917	636	0	0	66	570	461	109
PCT7816	MV	724	466	0	0	44	422	340	82
PCT7816	ED	148	149	0	0	7	142	111	31
PCT7816	TO	872	615	0	0	51	564	451	113
PCT7817	MV	652	386	0	0	19	367	316	51
PCT7817	ED	186	182	0	0	10	172	148	24
PCT7817	TO	838	568	0	0	29	539	464	75
PCT7818	MV	668	389	0	0	30	359	297	62
PCT7818	ED	171	149	0	0	5	144	120	24
PCT7818	TO	839	538	0	0	35	503	417	86
PCT7819	MV	635	346	0	0	33	313	242	71
PCT7819	ED	139	89	0	0	5	84	70	14
PCT7819	TO	774	435	0	0	38	397	312	85
PCT7821	MV	806	513	0	0	29	484	398	86
PCT7821	ED	170	189	0	0	10	179	144	35
PCT7821	TO	976	702	0	0	39	663	542	121
PCT7822	MV	673	390	0	0	29	361	292	69
PCT7822	ED	219	222	0	0	21	201	158	43
PCT7822	TO	892	612	0	0	50	562	450	112
PCT7823	MV	706	398	0	0	32	366	298	68
PCT7823	ED	177	188	0	0	5	183	163	20
PCT7823	TO	883	586	0	0	37	549	461	88
PCT7824	MV	614	324	0	0	27	297	236	61
PCT7824	ED	154	158	0	0	12	146	121	25
PCT7824	TO	768	482	0	0	39	443	357	86
PCT7825	MV	457	248	0	0	17	231	202	29
PCT7825	ED	151	130	0	0	4	126	107	19
PCT7825	TO	608	378	0	0	21	357	309	48
PCT7826	MV	486	256	0	0	17	239	203	36
PCT7826	ED	204	162	0	0	10	152	135	17
PCT7826	TO	690	418	0	0	27	391	338	53
PCT7827	MV	607	312	0	0	22	290	244	46
PCT7827	ED	219	145	0	0	11	134	116	18
PCT7827	TO	826	457	0	0	33	424	360	64
PCT7828	MV	857	469	0	0	38	431	324	107
PCT7828	ED	171	177	0	0	17	160	123	37
PCT7828	TO	1028	646	0	0	55	591	447	144
PCT7829	MV	742	456	0	0	30	426	325	101
PCT7829	ED	149	151	0	0	6	145	118	27
PCT7829	TO	891	607	0	0	36	571	443	128
PCT7831	MV	763	478	0	0	45	433	348	85
PCT7831	ED	139	137	0	0	8	129	98	31
PCT7831	TO	902	615	0	0	53	562	446	116
PCT7832	MV	663	401	0	0	35	366	307	59
PCT7832	ED	118	127	0	0	9	118	101	17
PCT7832	TO	781	528	0	0	44	484	408	76
PCT7833	MV	587	339	0	0	29	310	261	49
PCT7833	ED	146	145	0	0	14	131	113	18
PCT7833	TO	733	484	0	0	43	441	374	67
PCT7834	MV	700	363	0	0	32	331	285	46
PCT7834	ED	194	175	0	0	12	163	143	20
PCT7834	TO	894	538	0	0	44	494	428	66
PCT7835	MV	721	423	0	0	29	394	276	118
PCT7835	ED	142	147	0	0	12	135	107	28
PCT7835	TO	863	570	0	0	41	529	383	146
PCT7836	MV	850	503	0	0	36	467	339	128
PCT7836	ED	193	169	0	0	5	164	130	34
PCT7836	TO	1043	672	0	0	41	631	469	162
PCT7837	MV	717	416	0	0	45	371	287	84
PCT7837	ED	206	198	0	0	13	185	160	25
PCT7837	TO	923	614	0	0	58	556	447	109
PCT7838	MV	752	484	0	0	38	446	344	102
PCT7838	ED	143	155	0	0	8	147	121	26
PCT7838	TO	895	639	0	0	46	593	465	128
PCT7839	MV	731	445	0	0	42	403	318	85
PCT7839	ED	130	136	0	0	6	130	109	21
PCT7839	TO	861	581	0	0	48	533	427	106
PCT7841	MV	752	449	0	0	31	418	335	83
PCT7841	ED	198	207	0	0	14	193	162	31
PCT7841	TO	950	656	0	0	45	611	497	114
PCT7842	MV	702	382	0	0	31	351	293	58
PCT7842	ED	177	154	0	0	9	145	124	21
PCT7842	TO	879	536	0	0	40	496	417	79
PCT7843	MV	546	289	0	0	19	270	223	47
PCT7843	ED	183	163	0	0	12	151	127	24
PCT7843	TO	729	452	0	0	31	421	350	71
PCT7844	MV	499	276	0	0	22	254	230	24
PCT7844	ED	152	136	0	0	12	124	111	13
PCT7844	TO	651	412	0	0	34	378	341	37
PCT7845	MV	676	393	0	0	25	368	297	71
PCT7845	ED	204	177	0	0	14	163	127	36
PCT7845	TO	880	570	0	0	39	531	424	107
PCT7846	MV	736	454	0	0	48	406	312	94
PCT7846	ED	172	166	0	0	12	154	125	29
PCT7846	TO	908	620	0	0	60	560	437	123
PCT7847	MV	698	421	0	0	39	382	313	69
PCT7847	ED	193	181	0	0	6	175	140	35
PCT7847	TO	891	602	0	0	45	557	453	104
PCT7848	MV	665	427	0	0	24	403	315	88
PCT7848	ED	182	168	0	0	15	153	123	30
PCT7848	TO	847	595	0	0	39	556	438	118
PCT7849	MV	729	427	0	0	42	385	310	75
PCT7849	ED	172	186	0	0	15	171	147	24
PCT7849	TO	901	613	0	0	57	556	457	99
PCT7851	MV	414	266	0	0	19	247	168	79
PCT7851	ED	112	84	0	0	6	78	53	25
PCT7851	TO	526	350	0	0	25	325	221	104
PCT7852	MV	533	347	0	0	28	319	217	102
PCT7852	ED	111	103	0	0	8	95	69	26
PCT7852	TO	644	450	0	0	36	414	286	128
PCT7853	MV	694	382	0	0	36	346	254	92
PCT7853	ED	161	137	0	0	7	130	100	30
PCT7853	TO	855	519	0	0	43	476	354	122
PCT7854	MV	703	422	0	0	37	385	306	79
PCT7854	ED	175	172	0	0	12	160	129	31
PCT7854	TO	878	594	0	0	49	545	435	110
PCT7855	MV	763	440	0	0	40	400	315	85
PCT7855	ED	211	202	0	0	14	188	155	33
PCT7855	TO	974	642	0	0	54	588	470	118
PCT7856	MV	643	362	0	0	25	337	286	51
PCT7856	ED	204	193	0	0	12	181	151	30
PCT7856	TO	847	555	0	0	37	518	437	81
PCT7857	MV	748	427	0	0	39	388	305	83
PCT7857	ED	158	153	0	0	7	146	129	17
PCT7857	TO	906	580	0	0	46	534	434	100
PCT7858	MV	622	345	0	0	29	316	276	40
PCT7858	ED	157	147	0	0	12	135	117	18
PCT7858	TO	779	492	0	0	41	451	393	58
PCT7859	MV	747	457	0	0	35	422	317	105
PCT7859	ED	152	165	0	0	17	148	112	36
PCT7859	TO	899	622	0	0	52	570	429	141
PCT7861	MV	699	424	0	0	26	398	306	92
PCT7861	ED	164	171	0	0	9	162	129	33
PCT7861	TO	863	595	0	0	35	560	435	125
PCT7862	MV	669	397	0	0	21	376	283	93
PCT7862	ED	195	197	0	0	13	184	152	32
PCT7862	TO	864	594	0	0	34	560	435	125
PCT7863	MV	692	361	0	0	29	332	276	56
PCT7863	ED	209	205	0	0	7	198	160	38
PCT7863	TO	901	566	0	0	36	530	436	94
PCT7864	MV	661	365	0	0	30	335	267	68
PCT7864	ED	153	157	0	0	12	145	123	22
PCT7864	TO	814	522	0	0	42	480	390	90
PCT7865	MV	677	402	0	0	31	371	291	80
PCT7865	ED	163	157	0	0	8	149	120	29
PCT7865	TO	840	559	0	0	39	520	411	109
PCT7866	MV	690	444	0	0	22	422	287	135
PCT7866	ED	158	141	0	0	5	136	87	49
PCT7866	TO	848	585	0	0	27	558	374	184
PCT7867	MV	766	462	0	0	30	432	355	77
PCT7867	ED	212	182	0	0	12	170	138	32
PCT7867	TO	978	644	0	0	42	602	493	109
PCT7868	MV	659	368	0	0	17	351	268	83
PCT7868	ED	217	161	0	0	12	149	121	28
PCT7868	TO	876	529	0	0	29	500	389	111
PCT7869	MV	682	436	0	1	30	405	324	81
PCT7869	ED	179	189	0	0	9	180	151	29
PCT7869	TO	861	625	0	1	39	585	475	110
PCT7871	MV	702	456	0	0	38	418	331	87
PCT7871	ED	200	157	0	0	8	149	117	32
PCT7871	TO	902	613	0	0	46	567	448	119
PCT7872	MV	675	410	0	0	24	386	315	71
PCT7872	ED	199	185	0	0	6	179	136	43
PCT7872	TO	874	595	0	0	30	565	451	114
PCT7873	MV	688	437	0	0	34	403	325	78
PCT7873	ED	203	212	0	0	14	198	164	34
PCT7873	TO	891	649	0	0	48	601	489	112
PCT7874	MV	370	187	0	0	11	176	142	34
PCT7874	ED	119	107	0	0	6	101	82	19
PCT7874	TO	489	294	0	0	17	277	224	53
PCT7875	MV	500	247	0	1	11	235	183	52
PCT7875	ED	147	114	0	0	4	110	83	27
PCT7875	TO	647	361	0	1	15	345	266	79
PCT7876	MV	462	250	0	0	24	226	190	36
PCT7876	ED	106	91	0	0	14	77	67	10
PCT7876	TO	568	341	0	0	38	303	257	46
PCT7901	MV	399	191	0	0	14	177	152	25
PCT7901	ED	150	65	0	0	3	62	55	7
PCT7901	TO	549	256	0	0	17	239	207	32
PCT7902	MV	680	286	0	0	12	274	241	33
PCT7902	ED	232	139	0	0	10	129	112	17
PCT7902	TO	912	425	0	0	22	403	353	50
PCT7903	MV	622	278	0	0	23	255	210	45
PCT7903	ED	230	123	0	0	6	117	104	13
PCT7903	TO	852	401	0	0	29	372	314	58
PCT7904	MV	678	289	0	0	24	265	225	40
PCT7904	ED	159	115	0	1	10	104	92	12
PCT7904	TO	837	404	0	1	34	369	317	52
PCT7905	MV	684	354	0	0	23	331	269	62
PCT7905	ED	191	183	0	0	9	174	157	17
PCT7905	TO	875	537	0	0	32	505	426	79
PCT7906	MV	599	276	0	0	21	255	216	39
PCT7906	ED	187	115	0	0	13	102	89	13
PCT7906	TO	786	391	0	0	34	357	305	52
PCT7907	MV	704	339	0	1	19	319	274	45
PCT7907	ED	238	163	0	0	15	148	130	18
PCT7907	TO	942	502	0	1	34	467	404	63
PCT7908	MV	752	359	0	0	28	331	287	44
PCT7908	ED	240	169	0	0	11	158	143	15
PCT7908	TO	992	528	0	0	39	489	430	59
PCT7909	MV	558	308	0	0	25	283	250	33
PCT7909	ED	185	140	0	0	7	133	117	16
PCT7909	TO	743	448	0	0	32	416	367	49
PCT7911	MV	666	315	0	0	28	287	235	52
PCT7911	ED	205	129	0	0	8	121	103	18
PCT7911	TO	871	444	0	0	36	408	338	70
PCT7912	MV	800	368	0	0	28	340	306	34
PCT7912	ED	259	176	0	1	16	159	142	17
PCT7912	TO	1059	544	0	1	44	499	448	51
PCT7913	MV	659	345	0	0	14	331	287	44
PCT7913	ED	264	212	0	1	9	202	166	36
PCT7913	TO	923	557	0	1	23	533	453	80
PCT7914	MV	715	381	0	0	29	352	289	63
PCT7914	ED	187	140	0	0	14	126	102	24
PCT7914	TO	902	521	0	0	43	478	391	87
PCT7915	MV	605	279	0	0	24	255	216	39
PCT7915	ED	238	181	0	0	5	176	143	33
PCT7915	TO	843	460	0	0	29	431	359	72
PCT7916	MV	639	321	0	0	19	302	259	43
PCT7916	ED	219	160	0	0	8	152	136	16
PCT7916	TO	858	481	0	0	27	454	395	59
PCT7917	MV	716	353	0	0	20	333	290	43
PCT7917	ED	271	187	0	0	10	177	166	11
PCT7917	TO	987	540	0	0	30	510	456	54
PCT7918	MV	597	296	0	0	18	278	243	35
PCT7918	ED	227	143	0	0	8	135	119	16
PCT7918	TO	824	439	0	0	26	413	362	51
PCT7919	MV	608	305	0	0	16	289	249	40
PCT7919	ED	258	175	0	0	8	167	154	13
PCT7919	TO	866	480	0	0	24	456	403	53
PCT7921	MV	682	302	0	0	18	284	243	41
PCT7921	ED	229	101	0	0	5	96	84	12
PCT7921	TO	911	403	0	0	23	380	327	53
PCT7922	MV	648	309	0	0	17	292	249	43
PCT7922	ED	210	155	0	0	9	146	126	20
PCT7922	TO	858	464	0	0	26	438	375	63
PCT7923	MV	666	331	0	0	16	315	247	68
PCT7923	ED	214	170	0	0	9	161	136	25
PCT7923	TO	880	501	0	0	25	476	383	93
PCT7924	MV	649	294	0	0	20	274	224	50
PCT7924	ED	202	124	0	0	7	117	100	17
PCT7924	TO	851	418	0	0	27	391	324	67
PCT7925	MV	434	222	0	0	21	201	165	36
PCT7925	ED	110	89	0	0	2	87	73	14
PCT7925	TO	544	311	0	0	23	288	238	50
PCT7926	MV	610	328	0	0	23	305	251	54
PCT7926	ED	178	150	0	0	5	145	117	28
PCT7926	TO	788	478	0	0	28	450	368	82
PCT7927	MV	580	325	0	0	23	302	246	56
PCT7927	ED	162	152	0	0	5	147	125	22
PCT7927	TO	742	477	0	0	28	449	371	78
PCT7928	MV	700	389	0	0	20	369	316	53
PCT7928	ED	217	208	0	0	2	206	186	20
PCT7928	TO	917	597	0	0	22	575	502	73
PCT7929	MV	678	419	0	0	22	397	341	56
PCT7929	ED	169	170	0	0	9	161	140	21
PCT7929	TO	847	589	0	0	31	558	481	77
PCT7931	MV	610	368	0	1	30	337	278	59
PCT7931	ED	141	149	0	0	8	141	120	21
PCT7931	TO	751	517	0	1	38	478	398	80
PCT7932	MV	443	276	0	0	26	250	193	57
PCT7932	ED	118	95	0	0	5	90	72	18
PCT7932	TO	561	371	0	0	31	340	265	75
PCT7933	MV	9	6	0	0	0	6	4	2
PCT7933	ED	-1	0	0	0	0	0	0	0
PCT7933	TO	8	6	0	0	0	6	4	2
PCT7934	MV	702	398	0	0	28	370	327	43
PCT7934	ED	182	154	0	0	12	142	123	19
PCT7934	TO	884	552	0	0	40	512	450	62
PCT7935	MV	715	429	0	0	32	397	329	68
PCT7935	ED	228	225	0	0	16	209	182	27
PCT7935	TO	943	654	0	0	48	606	511	95
PCT7936	MV	620	365	0	0	27	338	276	62
PCT7936	ED	236	220	0	0	9	211	182	29
PCT7936	TO	856	585	0	0	36	549	458	91
PCT7937	MV	698	404	0	0	27	377	302	75
PCT7937	ED	202	171	0	0	10	161	138	23
PCT7937	TO	900	575	0	0	37	538	440	98
PCT7938	MV	536	297	0	0	13	284	230	54
PCT7938	ED	215	120	0	0	5	115	97	18
PCT7938	TO	751	417	0	0	18	399	327	72
PCT7939	MV	481	279	0	0	28	251	217	34
PCT7939	ED	205	191	0	0	12	179	153	26
PCT7939	TO	686	470	0	0	40	430	370	60
PCT7941	MV	575	298	0	0	27	271	213	58
PCT7941	ED	197	170	0	0	12	158	124	34
PCT7941	TO	772	468	0	0	39	429	337	92
PCT7942	MV	658	324	0	0	18	306	241	65
PCT7942	ED	274	141	0	0	9	132	112	20
PCT7942	TO	932	465	0	0	27	438	353	85
PCT7943	MV	687	361	0	0	20	341	258	83
PCT7943	ED	213	156	0	0	9	147	109	38
PCT7943	TO	900	517	0	0	29	488	367	121
PCT7944	MV	584	332	0	0	26	306	263	43
PCT7944	ED	230	196	0	0	13	183	155	28
PCT7944	TO	814	528	0	0	39	489	418	71
PCT7945	MV	726	331	0	0	23	308	246	62
PCT7945	ED	228	82	0	0	5	77	66	11
PCT7945	TO	954	413	0	0	28	385	312	73
PCT7946	MV	779	361	0	0	16	345	216	129
PCT7946	ED	206	114	0	0	8	106	83	23
PCT7946	TO	985	475	0	0	24	451	299	152
PCT7947	MV	791	329	0	0	24	305	178	127
PCT7947	ED	195	93	0	0	3	90	69	21
PCT7947	TO	986	422	0	0	27	395	247	148
PCT7948	MV	730	364	0	0	24	340	196	144
PCT7948	ED	200	119	0	0	5	114	81	33
PCT7948	TO	930	483	0	0	29	454	277	177
PCT7949	MV	484	230	0	0	12	218	120	98
PCT7949	ED	106	56	0	0	7	49	32	17
PCT7949	TO	590	286	0	0	19	267	152	115
PCT7951	MV	730	363	0	0	26	337	172	165
PCT7951	ED	157	90	0	0	4	86	54	32
PCT7951	TO	887	453	0	0	30	423	226	197
PCT7952	MV	730	290	0	0	20	270	155	115
PCT7952	ED	182	86	0	0	6	80	48	32
PCT7952	TO	912	376	0	0	26	350	203	147
PCT7953	MV	669	327	0	0	19	308	169	139
PCT7953	ED	161	106	0	0	7	99	62	37
PCT7953	TO	830	433	0	0	26	407	231	176
PCT7954	MV	0	0	0	0	0	0	0	0
PCT7954	ED	0	0	0	0	0	0	0	0
PCT7954	TO	0	0	0	0	0	0	0	0
PCT7955	MV	774	341	0	0	22	319	181	138
PCT7955	ED	173	97	0	0	10	87	52	35
PCT7955	TO	947	438	0	0	32	406	233	173
PCT7956	MV	699	260	0	0	8	252	152	100
PCT7956	ED	170	39	0	0	2	37	28	9
PCT7956	TO	869	299	0	0	10	289	180	109
PCT7957	MV	538	256	0	0	18	238	169	69
PCT7957	ED	135	83	0	0	5	78	60	18
PCT7957	TO	673	339	0	0	23	316	229	87
PCT7958	MV	320	103	0	0	7	96	70	26
PCT7958	ED	-23	0	0	0	0	0	0	0
PCT7958	TO	297	103	0	0	7	96	70	26
PCT7959	MV	541	226	0	0	22	204	181	23
PCT7959	ED	145	65	0	0	5	60	55	5
PCT7959	TO	686	291	0	0	27	264	236	28
PCT9001	MV	314	99	0	0	2	97	74	23
PCT9001	ED	-30	0	0	0	0	0	0	0
PCT9001	TO	284	99	0	0	2	97	74	23
PCT9101	MV	712	372	0	3	24	345	239	106
PCT9101	ED	201	150	0	0	4	146	103	43
PCT9101	TO	913	522	0	3	28	491	342	149
PCT9102	MV	787	388	0	0	30	358	262	96
PCT9102	ED	205	126	0	0	6	120	89	31
PCT9102	TO	992	514	0	0	36	478	351	127
PCT9103	MV	718	377	0	0	39	338	250	88
PCT9103	ED	239	153	0	0	10	143	95	48
PCT9103	TO	957	530	0	0	49	481	345	136
PCT9104	MV	810	381	0	0	32	349	248	101
PCT9104	ED	220	152	0	0	8	144	114	30
PCT9104	TO	1030	533	0	0	40	493	362	131
PCT9105	MV	719	410	0	0	27	383	261	122
PCT9105	ED	199	173	0	0	16	157	115	42
PCT9105	TO	918	583	0	0	43	540	376	164
PCT9106	MV	746	384	0	0	28	356	266	90
PCT9106	ED	200	178	0	0	12	166	126	40
PCT9106	TO	946	562	0	0	40	522	392	130
PCT9107	MV	635	300	0	0	28	272	206	66
PCT9107	ED	209	118	0	0	9	109	83	26
PCT9107	TO	844	418	0	0	37	381	289	92
PCT9108	MV	610	332	0	0	28	304	233	71
PCT9108	ED	200	136	0	0	6	130	102	28
PCT9108	TO	810	468	0	0	34	434	335	99
PCT9109	MV	672	293	0	0	26	267	194	73
PCT9109	ED	211	162	0	0	6	156	125	31
PCT9109	TO	883	455	0	0	32	423	319	104
PCT9111	MV	638	315	0	0	28	287	199	88
PCT9111	ED	196	134	0	0	13	121	96	25
PCT9111	TO	834	449	0	0	41	408	295	113
PCT9112	MV	742	346	0	0	26	320	247	73
PCT9112	ED	219	160	0	0	9	151	116	35
PCT9112	TO	961	506	0	0	35	471	363	108
PCT9113	MV	795	365	0	0	33	332	246	86
PCT9113	ED	209	180	0	0	12	168	122	46
PCT9113	TO	1004	545	0	0	45	500	368	132
PCT9114	MV	659	289	0	0	23	266	201	65
PCT9114	ED	231	147	0	0	9	138	113	25
PCT9114	TO	890	436	0	0	32	404	314	90
PCT9115	MV	699	319	0	0	27	292	225	67
PCT9115	ED	182	155	0	0	16	139	119	20
PCT9115	TO	881	474	0	0	43	431	344	87
PCT9116	MV	782	342	0	0	24	318	234	84
PCT9116	ED	179	148	0	0	13	135	105	30
PCT9116	TO	961	490	0	0	37	453	339	114
PCT9117	MV	629	325	0	0	22	303	213	90
PCT9117	ED	171	158	0	0	7	151	107	44
PCT9117	TO	800	483	0	0	29	454	320	134
PCT9118	MV	738	338	0	0	28	310	205	105
PCT9118	ED	246	165	0	0	7	158	116	42
PCT9118	TO	984	503	0	0	35	468	321	147
PCT9119	MV	703	383	0	0	29	354	233	121
PCT9119	ED	197	120	0	0	12	108	90	18
PCT9119	TO	900	503	0	0	41	462	323	139
PCT9121	MV	734	326	0	0	18	308	213	95
PCT9121	ED	219	141	0	0	8	133	90	43
PCT9121	TO	953	467	0	0	26	441	303	138
PCT9122	MV	774	362	0	0	25	337	225	112
PCT9122	ED	193	122	0	0	12	110	87	23
PCT9122	TO	967	484	0	0	37	447	312	135
PCT9123	MV	661	319	0	0	19	300	199	101
PCT9123	ED	191	139	0	0	9	130	104	26
PCT9123	TO	852	458	0	0	28	430	303	127
PCT9124	MV	735	347	0	0	21	326	210	116
PCT9124	ED	168	118	0	0	7	111	87	24
PCT9124	TO	903	465	0	0	28	437	297	140
PCT9125	MV	680	350	0	0	21	329	236	93
PCT9125	ED	189	124	0	0	7	117	95	22
PCT9125	TO	869	474	0	0	28	446	331	115
PCT9126	MV	819	379	0	0	25	354	221	133
PCT9126	ED	194	152	0	0	9	143	113	30
PCT9126	TO	1013	531	0	0	34	497	334	163
PCT9127	MV	748	375	0	0	33	342	262	80
PCT9127	ED	223	184	0	0	7	177	133	44
PCT9127	TO	971	559	0	0	40	519	395	124
PCT9128	MV	628	330	0	0	29	301	209	92
PCT9128	ED	190	166	0	0	13	153	122	31
PCT9128	TO	818	496	0	0	42	454	331	123
PCT9129	MV	587	268	0	0	13	255	186	69
PCT9129	ED	151	129	0	0	5	124	103	21
PCT9129	TO	738	397	0	0	18	379	289	90
PCT9131	MV	596	280	0	0	15	265	180	85
PCT9131	ED	138	111	0	0	5	106	78	28
PCT9131	TO	734	391	0	0	20	371	258	113
PCT9132	MV	627	258	0	1	24	233	187	46
PCT9132	ED	194	130	0	0	12	118	97	21
PCT9132	TO	821	388	0	1	36	351	284	67
PCT9133	MV	808	373	0	0	20	353	271	82
PCT9133	ED	209	157	0	0	7	150	120	30
PCT9133	TO	1017	530	0	0	27	503	391	112
PCT9134	MV	736	254	0	0	22	232	154	78
PCT9134	ED	155	102	0	0	5	97	74	23
PCT9134	TO	891	356	0	0	27	329	228	101
PCT9135	MV	640	301	0	0	20	281	192	89
PCT9135	ED	182	125	0	0	6	119	79	40
PCT9135	TO	822	426	0	0	26	400	271	129
PCT9136	MV	706	360	0	0	31	329	232	97
PCT9136	ED	212	139	0	0	8	131	107	24
PCT9136	TO	918	499	0	0	39	460	339	121
PCT9137	MV	804	381	0	0	27	354	252	102
PCT9137	ED	211	133	0	0	9	124	96	28
PCT9137	TO	1015	514	0	0	36	478	348	130
PCT9138	MV	770	396	0	0	22	374	271	103
PCT9138	ED	175	119	0	0	7	112	84	28
PCT9138	TO	945	515	0	0	29	486	355	131
PCT9139	MV	828	415	0	1	33	381	256	125
PCT9139	ED	190	141	0	0	10	131	95	36
PCT9139	TO	1018	556	0	1	43	512	351	161
PCT9141	MV	789	413	0	0	38	375	247	128
PCT9141	ED	184	144	0	0	10	134	97	37
PCT9141	TO	973	557	0	0	48	509	344	165
PCT9142	MV	747	360	0	0	21	339	249	90
PCT9142	ED	239	162	0	0	14	148	113	35
PCT9142	TO	986	522	0	0	35	487	362	125
PCT9143	MV	705	357	0	0	20	337	217	120
PCT9143	ED	209	150	0	0	6	144	106	38
PCT9143	TO	914	507	0	0	26	481	323	158
PCT9144	MV	766	371	0	0	21	350	241	109
PCT9144	ED	204	177	0	0	10	167	133	34
PCT9144	TO	970	548	0	0	31	517	374	143
PCT9145	MV	681	329	0	0	20	309	233	76
PCT9145	ED	194	157	0	0	10	147	114	33
PCT9145	TO	875	486	0	0	30	456	347	109
PCT9146	MV	725	350	0	0	28	322	245	77
PCT9146	ED	160	143	0	0	13	130	103	27
PCT9146	TO	885	493	0	0	41	452	348	104
PCT9147	MV	765	368	0	1	28	339	258	81
PCT9147	ED	225	161	0	0	10	151	118	33
PCT9147	TO	990	529	0	1	38	490	376	114
PCT9148	MV	778	389	0	0	29	360	274	86
PCT9148	ED	236	177	0	0	11	166	135	31
PCT9148	TO	1014	566	0	0	40	526	409	117
PCT9149	MV	812	372	0	0	24	348	265	83
PCT9149	ED	179	240	0	0	12	228	190	38
PCT9149	TO	991	612	0	0	36	576	455	121
PCT9151	MV	693	342	0	0	34	308	232	76
PCT9151	ED	168	111	0	0	5	106	81	25
PCT9151	TO	861	453	0	0	39	414	313	101
PCT9152	MV	550	196	0	0	12	184	146	38
PCT9152	ED	187	124	0	0	8	116	100	16
PCT9152	TO	737	320	0	0	20	300	246	54
PCT9201	MV	784	347	0	0	30	317	273	44
PCT9201	ED	187	166	0	0	12	154	132	22
PCT9201	TO	971	513	0	0	42	471	405	66
PCT9202	MV	819	361	0	1	35	325	253	72
PCT9202	ED	177	164	0	0	11	153	126	27
PCT9202	TO	996	525	0	1	46	478	379	99
PCT9203	MV	847	366	0	0	53	313	205	108
PCT9203	ED	155	120	0	0	13	107	64	43
PCT9203	TO	1002	486	0	0	66	420	269	151
PCT9204	MV	686	302	0	0	33	269	173	96
PCT9204	ED	176	138	0	0	15	123	83	40
PCT9204	TO	862	440	0	0	48	392	256	136
PCT9205	MV	621	278	0	0	34	244	176	68
PCT9205	ED	115	92	0	0	12	80	47	33
PCT9205	TO	736	370	0	0	46	324	223	101
PCT9206	MV	741	349	0	0	36	313	178	135
PCT9206	ED	188	149	0	0	21	128	71	57
PCT9206	TO	929	498	0	0	57	441	249	192
PCT9207	MV	824	366	0	1	31	334	218	116
PCT9207	ED	165	130	0	0	7	123	77	46
PCT9207	TO	989	496	0	1	38	457	295	162
PCT9208	MV	808	348	0	0	33	315	217	98
PCT9208	ED	179	127	0	0	13	114	79	35
PCT9208	TO	987	475	0	0	46	429	296	133
PCT9209	MV	615	274	0	0	28	246	154	92
PCT9209	ED	156	119	0	0	14	105	66	39
PCT9209	TO	771	393	0	0	42	351	220	131
PCT9211	MV	730	308	0	0	34	274	162	112
PCT9211	ED	161	132	0	0	15	117	79	38
PCT9211	TO	891	440	0	0	49	391	241	150
PCT9212	MV	671	278	0	1	26	251	172	79
PCT9212	ED	137	114	0	1	19	94	61	33
PCT9212	TO	808	392	0	2	45	345	233	112
PCT9213	MV	776	342	0	0	43	299	215	84
PCT9213	ED	161	130	0	0	12	118	86	32
PCT9213	TO	937	472	0	0	55	417	301	116
PCT9214	MV	517	232	0	0	19	213	144	69
PCT9214	ED	110	103	0	0	15	88	57	31
PCT9214	TO	627	335	0	0	34	301	201	100
PCT9215	MV	524	240	0	0	16	224	139	85
PCT9215	ED	120	100	0	1	11	88	58	30
PCT9215	TO	644	340	0	1	27	312	197	115
PCT9216	MV	669	260	0	0	34	226	149	77
PCT9216	ED	155	125	0	0	9	116	81	35
PCT9216	TO	824	385	0	0	43	342	230	112
PCT9217	MV	587	263	0	0	16	247	166	81
PCT9217	ED	118	87	0	0	4	83	55	28
PCT9217	TO	705	350	0	0	20	330	221	109
PCT9218	MV	652	275	0	1	26	248	157	91
PCT9218	ED	164	112	0	0	8	104	73	31
PCT9218	TO	816	387	0	1	34	352	230	122
PCT9219	MV	646	285	0	0	33	252	191	61
PCT9219	ED	144	116	0	0	7	109	89	20
PCT9219	TO	790	401	0	0	40	361	280	81
PCT9221	MV	562	318	0	0	26	292	173	119
PCT9221	ED	89	99	0	0	6	93	70	23
PCT9221	TO	651	417	0	0	32	385	243	142
PCT9222	MV	773	365	0	0	36	329	209	120
PCT9222	ED	137	116	0	0	9	107	75	32
PCT9222	TO	910	481	0	0	45	436	284	152
PCT9223	MV	558	264	0	0	18	246	161	85
PCT9223	ED	109	59	0	0	4	55	33	22
PCT9223	TO	667	323	0	0	22	301	194	107
PCT9224	MV	768	376	0	0	35	341	237	104
PCT9224	ED	181	151	0	0	13	138	98	40
PCT9224	TO	949	527	0	0	48	479	335	144
PCT9225	MV	757	301	0	0	31	270	182	88
PCT9225	ED	169	156	0	0	18	138	104	34
PCT9225	TO	926	457	0	0	49	408	286	122
PCT9226	MV	741	350	0	0	45	305	235	70
PCT9226	ED	155	143	0	0	10	133	100	33
PCT9226	TO	896	493	0	0	55	438	335	103
PCT9227	MV	605	363	0	0	27	336	230	106
PCT9227	ED	124	114	0	0	3	111	74	37
PCT9227	TO	729	477	0	0	30	447	304	143
PCT9228	MV	577	306	0	0	28	278	189	89
PCT9228	ED	161	141	0	0	5	136	103	33
PCT9228	TO	738	447	0	0	33	414	292	122
PCT9229	MV	460	252	0	0	17	235	173	62
PCT9229	ED	119	106	0	0	8	98	73	25
PCT9229	TO	579	358	0	0	25	333	246	87
PCT9231	MV	726	340	0	0	26	314	243	71
PCT9231	ED	236	208	0	0	21	187	144	43
PCT9231	TO	962	548	0	0	47	501	387	114
PCT9232	MV	608	288	0	1	23	264	180	84
PCT9232	ED	126	140	0	0	13	127	88	39
PCT9232	TO	734	428	0	1	36	391	268	123
PCT9233	MV	668	317	0	0	32	285	187	98
PCT9233	ED	150	141	0	0	14	127	96	31
PCT9233	TO	818	458	0	0	46	412	283	129
PCT9234	MV	643	306	0	0	20	286	193	93
PCT9234	ED	91	112	0	0	14	98	76	22
PCT9234	TO	734	418	0	0	34	384	269	115
PCT9235	MV	703	356	0	0	33	323	202	121
PCT9235	ED	160	140	0	0	10	130	86	44
PCT9235	TO	863	496	0	0	43	453	288	165
PCT9236	MV	537	274	0	0	23	251	176	75
PCT9236	ED	136	101	0	0	12	89	67	22
PCT9236	TO	673	375	0	0	35	340	243	97
PCT9237	MV	779	388	0	0	32	356	257	99
PCT9237	ED	118	134	0	0	7	127	93	34
PCT9237	TO	897	522	0	0	39	483	350	133
PCT9238	MV	687	325	0	0	37	288	192	96
PCT9238	ED	118	118	0	0	13	105	77	28
PCT9238	TO	805	443	0	0	50	393	269	124
PCT9239	MV	740	383	0	0	45	338	234	104
PCT9239	ED	124	117	0	0	10	107	76	31
PCT9239	TO	864	500	0	0	55	445	310	135
PCT9241	MV	819	394	0	0	35	359	247	112
PCT9241	ED	141	139	0	0	10	129	104	25
PCT9241	TO	960	533	0	0	45	488	351	137
PCT9242	MV	771	341	0	0	40	301	224	77
PCT9242	ED	172	155	0	0	14	141	110	31
PCT9242	TO	943	496	0	0	54	442	334	108
PCT9243	MV	480	239	0	0	23	216	161	55
PCT9243	ED	123	113	0	0	12	101	80	21
PCT9243	TO	603	352	0	0	35	317	241	76
PCT9244	MV	755	390	0	0	48	342	271	71
PCT9244	ED	155	121	0	0	7	114	93	21
PCT9244	TO	910	511	0	0	55	456	364	92
PCT9245	MV	616	292	0	0	36	256	181	75
PCT9245	ED	98	91	0	0	5	86	65	21
PCT9245	TO	714	383	0	0	41	342	246	96
PCT9246	MV	815	425	0	0	38	387	277	110
PCT9246	ED	155	140	0	0	20	120	102	18
PCT9246	TO	970	565	0	0	58	507	379	128
PCT9247	MV	764	376	0	1	30	345	244	101
PCT9247	ED	148	156	0	0	18	138	105	33
PCT9247	TO	912	532	0	1	48	483	349	134
PCT9248	MV	757	354	0	0	34	320	262	58
PCT9248	ED	150	145	0	0	9	136	111	25
PCT9248	TO	907	499	0	0	43	456	373	83
PCT9249	MV	724	369	0	0	33	336	259	77
PCT9249	ED	191	171	0	0	16	155	114	41
PCT9249	TO	915	540	0	0	49	491	373	118
PCT9251	MV	792	389	0	0	34	355	262	93
PCT9251	ED	174	179	0	0	10	169	127	42
PCT9251	TO	966	568	0	0	44	524	389	135
PCT9252	MV	810	374	0	0	38	336	227	109
PCT9252	ED	143	127	0	0	9	118	93	25
PCT9252	TO	953	501	0	0	47	454	320	134
PCT9253	MV	599	295	0	0	18	277	192	85
PCT9253	ED	162	116	0	0	10	106	82	24
PCT9253	TO	761	411	0	0	28	383	274	109
PCT9254	MV	758	403	0	1	40	362	279	83
PCT9254	ED	163	155	0	0	17	138	101	37
PCT9254	TO	921	558	0	1	57	500	380	120
PCT9255	MV	436	194	0	0	19	175	135	40
PCT9255	ED	114	112	0	0	11	101	82	19
PCT9255	TO	550	306	0	0	30	276	217	59
PCT9256	MV	367	166	0	0	15	151	121	30
PCT9256	ED	95	74	0	0	7	67	51	16
PCT9256	TO	462	240	0	0	22	218	172	46
PCT9257	MV	359	157	0	0	17	140	114	26
PCT9257	ED	-39	0	0	0	0	0	0	0
PCT9257	TO	320	157	0	0	17	140	114	26
PCT9258	MV	583	301	0	0	29	272	196	76
PCT9258	ED	120	103	0	0	5	98	81	17
PCT9258	TO	703	404	0	0	34	370	277	93
PCT9401	MV	794	354	0	0	19	335	266	69
PCT9401	ED	244	176	0	0	10	166	143	23
PCT9401	TO	1038	530	0	0	29	501	409	92
PCT9402	MV	774	369	0	0	21	348	253	95
PCT9402	ED	243	159	0	0	11	148	114	34
PCT9402	TO	1017	528	0	0	32	496	367	129
PCT9403	MV	731	338	0	0	15	323	220	103
PCT9403	ED	190	123	0	0	6	117	98	19
PCT9403	TO	921	461	0	0	21	440	318	122
PCT9404	MV	752	344	0	0	23	321	208	113
PCT9404	ED	192	154	0	0	10	144	104	40
PCT9404	TO	944	498	0	0	33	465	312	153
PCT9405	MV	628	275	0	0	24	251	163	88
PCT9405	ED	152	104	0	0	4	100	64	36
PCT9405	TO	780	379	0	0	28	351	227	124
PCT9406	MV	694	323	0	0	18	305	208	97
PCT9406	ED	189	150	0	0	12	138	92	46
PCT9406	TO	883	473	0	0	30	443	300	143
PCT9407	MV	712	363	0	0	24	339	258	81
PCT9407	ED	201	131	0	1	9	121	93	28
PCT9407	TO	913	494	0	1	33	460	351	109
PCT9408	MV	709	310	0	0	24	286	226	60
PCT9408	ED	154	125	0	0	11	114	90	24
PCT9408	TO	863	435	0	0	35	400	316	84
PCT9409	MV	443	220	0	0	19	201	160	41
PCT9409	ED	158	127	0	0	3	124	106	18
PCT9409	TO	601	347	0	0	22	325	266	59
PCT9411	MV	816	364	0	0	26	338	266	72
PCT9411	ED	191	135	0	0	6	129	100	29
PCT9411	TO	1007	499	0	0	32	467	366	101
PCT9412	MV	668	335	0	0	26	309	199	110
PCT9412	ED	202	138	0	0	7	131	107	24
PCT9412	TO	870	473	0	0	33	440	306	134
PCT9413	MV	757	366	0	0	34	332	216	116
PCT9413	ED	179	127	0	0	9	118	88	30
PCT9413	TO	936	493	0	0	43	450	304	146
PCT9414	MV	734	358	0	0	22	336	214	122
PCT9414	ED	186	107	0	0	5	102	77	25
PCT9414	TO	920	465	0	0	27	438	291	147
PCT9415	MV	634	307	0	0	17	290	191	99
PCT9415	ED	154	96	0	0	4	92	68	24
PCT9415	TO	788	403	0	0	21	382	259	123
PCT9416	MV	768	382	0	0	34	348	232	116
PCT9416	ED	231	143	0	1	5	137	101	36
PCT9416	TO	999	525	0	1	39	485	333	152
PCT9417	MV	628	317	0	0	20	297	177	120
PCT9417	ED	146	110	0	0	3	107	78	29
PCT9417	TO	774	427	0	0	23	404	255	149
PCT9418	MV	627	304	0	0	25	279	165	114
PCT9418	ED	192	122	0	0	7	115	69	46
PCT9418	TO	819	426	0	0	32	394	234	160
PCT9419	MV	736	363	0	0	36	327	185	142
PCT9419	ED	173	107	0	0	5	102	63	39
PCT9419	TO	909	470	0	0	41	429	248	181
PCT9421	MV	752	330	0	0	25	305	169	136
PCT9421	ED	173	112	0	0	5	107	72	35
PCT9421	TO	925	442	0	0	30	412	241	171
PCT9422	MV	831	406	0	0	27	379	249	130
PCT9422	ED	270	145	0	0	11	134	102	32
PCT9422	TO	1101	551	0	0	38	513	351	162
PCT9423	MV	711	309	0	1	31	277	179	98
PCT9423	ED	193	121	0	0	8	113	86	27
PCT9423	TO	904	430	0	1	39	390	265	125
PCT9424	MV	797	379	0	0	25	354	224	130
PCT9424	ED	212	114	0	0	7	107	77	30
PCT9424	TO	1009	493	0	0	32	461	301	160
PCT9425	MV	789	339	0	0	32	307	192	115
PCT9425	ED	187	114	0	0	7	107	75	32
PCT9425	TO	976	453	0	0	39	414	267	147
PCT9426	MV	696	317	0	0	22	295	158	137
PCT9426	ED	157	104	0	0	8	96	57	39
PCT9426	TO	853	421	0	0	30	391	215	176
PCT9427	MV	797	377	0	0	24	353	193	160
PCT9427	ED	190	115	0	0	14	101	61	40
PCT9427	TO	987	492	0	0	38	454	254	200
PCT9428	MV	809	343	0	0	30	313	192	121
PCT9428	ED	181	113	0	0	6	107	80	27
PCT9428	TO	990	456	0	0	36	420	272	148
PCT9429	MV	707	339	0	0	22	317	169	148
PCT9429	ED	199	124	0	0	9	115	74	41
PCT9429	TO	906	463	0	0	31	432	243	189
PCT9431	MV	831	408	0	1	32	375	206	169
PCT9431	ED	205	125	0	0	5	120	82	38
PCT9431	TO	1036	533	0	1	37	495	288	207
PCT9432	MV	742	352	0	1	29	322	195	127
PCT9432	ED	216	117	0	0	7	110	81	29
PCT9432	TO	958	469	0	1	36	432	276	156
PCT9433	MV	792	372	0	0	32	340	197	143
PCT9433	ED	166	93	0	0	4	89	55	34
PCT9433	TO	958	465	0	0	36	429	252	177
PCT9434	MV	780	384	0	0	32	352	234	118
PCT9434	ED	232	162	0	0	20	142	99	43
PCT9434	TO	1012	546	0	0	52	494	333	161
PCT9435	MV	776	364	0	0	25	339	196	143
PCT9435	ED	228	157	0	0	6	151	99	52
PCT9435	TO	1004	521	0	0	31	490	295	195
PCT9436	MV	840	379	0	0	23	356	221	135
PCT9436	ED	228	129	0	0	8	121	86	35
PCT9436	TO	1068	508	0	0	31	477	307	170
PCT9437	MV	735	369	0	1	23	345	209	136
PCT9437	ED	192	130	0	0	4	126	84	42
PCT9437	TO	927	499	0	1	27	471	293	178
PCT9438	MV	836	410	0	0	31	379	222	157
PCT9438	ED	153	83	0	0	5	78	52	26
PCT9438	TO	989	493	0	0	36	457	274	183
PCT9439	MV	718	337	0	0	22	315	184	131
PCT9439	ED	199	111	0	0	10	101	65	36
PCT9439	TO	917	448	0	0	32	416	249	167
PCT9441	MV	773	390	0	0	23	367	234	133
PCT9441	ED	198	125	0	0	13	112	78	34
PCT9441	TO	971	515	0	0	36	479	312	167
PCT9442	MV	827	370	0	0	31	339	199	140
PCT9442	ED	213	156	0	0	8	148	103	45
PCT9442	TO	1040	526	0	0	39	487	302	185
PCT9443	MV	759	353	0	0	23	330	216	114
PCT9443	ED	196	109	0	0	2	107	78	29
PCT9443	TO	955	462	0	0	25	437	294	143
PCT9444	MV	764	332	0	0	15	317	184	133
PCT9444	ED	201	94	0	0	9	85	61	24
PCT9444	TO	965	426	0	0	24	402	245	157
PCT9445	MV	824	399	0	0	27	372	240	132
PCT9445	ED	172	113	0	0	6	107	76	31
PCT9445	TO	996	512	0	0	33	479	316	163
PCT9446	MV	900	461	0	0	40	421	242	179
PCT9446	ED	216	145	0	0	10	135	98	37
PCT9446	TO	1116	606	0	0	50	556	340	216
PCT9447	MV	728	387	0	0	29	358	214	144
PCT9447	ED	193	143	0	0	12	131	90	41
PCT9447	TO	921	530	0	0	41	489	304	185
PCT9448	MV	740	338	0	0	20	318	192	126
PCT9448	ED	200	127	0	0	8	119	94	25
PCT9448	TO	940	465	0	0	28	437	286	151
PCT9449	MV	717	337	0	0	20	317	179	138
PCT9449	ED	164	96	0	0	5	91	62	29
PCT9449	TO	881	433	0	0	25	408	241	167
PCT9451	MV	353	176	0	0	10	166	86	80
PCT9451	ED	88	54	0	0	3	51	33	18
PCT9451	TO	441	230	0	0	13	217	119	98
PCT9452	MV	647	327	0	0	26	301	178	123
PCT9452	ED	195	134	0	0	10	124	69	55
PCT9452	TO	842	461	0	0	36	425	247	178
PCT9453	MV	409	216	0	0	17	199	113	86
PCT9453	ED	115	70	0	0	6	64	38	26
PCT9453	TO	524	286	0	0	23	263	151	112
PCT9501	MV	158	92	0	1	12	79	62	17
PCT9501	ED	-8	0	0	0	0	0	0	0
PCT9501	TO	150	92	0	1	12	79	62	17
PCT9502	MV	294	133	0	0	13	120	95	25
PCT9502	ED	-43	0	0	0	0	0	0	0
PCT9502	TO	251	133	0	0	13	120	95	25
PCT9503	MV	550	259	0	0	34	225	196	29
PCT9503	ED	150	82	0	0	5	77	71	6
PCT9503	TO	700	341	0	0	39	302	267	35
PCT9505	MV	589	291	0	0	25	266	208	58
PCT9505	ED	176	110	0	0	6	104	86	18
PCT9505	TO	765	401	0	0	31	370	294	76
PCT9506	MV	547	229	0	0	17	212	178	34
PCT9506	ED	207	128	0	0	11	117	106	11
PCT9506	TO	754	357	0	0	28	329	284	45
PCT9507	MV	556	301	0	0	17	284	240	44
PCT9507	ED	160	152	0	0	14	138	118	20
PCT9507	TO	716	453	0	0	31	422	358	64
PCT9508	MV	632	306	0	0	20	286	250	36
PCT9508	ED	148	132	0	0	9	123	107	16
PCT9508	TO	780	438	0	0	29	409	357	52
PCT9509	MV	585	294	0	0	24	270	221	49
PCT9509	ED	142	121	0	0	5	116	107	9
PCT9509	TO	727	415	0	0	29	386	328	58
PCT9511	MV	457	235	0	0	18	217	183	34
PCT9511	ED	177	120	0	0	4	116	95	21
PCT9511	TO	634	355	0	0	22	333	278	55
PCT9512	MV	617	319	0	0	20	299	253	46
PCT9512	ED	160	132	0	0	6	126	108	18
PCT9512	TO	777	451	0	0	26	425	361	64
PCT9513	MV	686	323	0	0	23	300	268	32
PCT9513	ED	191	126	0	0	6	120	109	11
PCT9513	TO	877	449	0	0	29	420	377	43
PCT9514	MV	713	347	0	0	33	314	265	49
PCT9514	ED	183	167	0	0	11	156	131	25
PCT9514	TO	896	514	0	0	44	470	396	74
PCT9515	MV	542	293	0	0	21	272	212	60
PCT9515	ED	170	133	0	0	15	118	85	33
PCT9515	TO	712	426	0	0	36	390	297	93
PCT9516	MV	705	357	0	0	29	328	250	78
PCT9516	ED	184	157	0	0	10	147	111	36
PCT9516	TO	889	514	0	0	39	475	361	114
PCT9517	MV	625	333	0	0	29	304	249	55
PCT9517	ED	163	135	0	0	16	119	107	12
PCT9517	TO	788	468	0	0	45	423	356	67
PCT9518	MV	641	312	0	0	26	286	237	49
PCT9518	ED	147	146	0	0	8	138	113	25
PCT9518	TO	788	458	0	0	34	424	350	74
PCT9519	MV	693	361	0	0	20	341	283	58
PCT9519	ED	198	170	0	0	9	161	129	32
PCT9519	TO	891	531	0	0	29	502	412	90
PCT9521	MV	687	348	0	0	32	316	266	50
PCT9521	ED	214	190	0	0	18	172	148	24
PCT9521	TO	901	538	0	0	50	488	414	74
PCT9701	MV	498	266	0	0	19	247	177	70
PCT9701	ED	156	135	0	0	8	127	102	25
PCT9701	TO	654	401	0	0	27	374	279	95
PCT9702	MV	553	296	0	0	16	280	205	75
PCT9702	ED	167	143	0	0	5	138	116	22
PCT9702	TO	720	439	0	0	21	418	321	97
PCT9703	MV	808	398	0	0	39	359	216	143
PCT9703	ED	183	142	0	0	8	134	97	37
PCT9703	TO	991	540	0	0	47	493	313	180
PCT9704	MV	759	417	0	0	33	384	263	121
PCT9704	ED	200	196	0	0	10	186	136	50
PCT9704	TO	959	613	0	0	43	570	399	171
PCT9705	MV	753	403	0	0	28	375	279	96
PCT9705	ED	176	142	0	0	13	129	106	23
PCT9705	TO	929	545	0	0	41	504	385	119
PCT9706	MV	57	33	0	0	1	32	29	3
PCT9706	ED	-8	0	0	0	0	0	0	0
PCT9706	TO	49	33	0	0	1	32	29	3
PCT9707	MV	687	352	0	0	21	331	191	140
PCT9707	ED	139	101	0	0	8	93	61	32
PCT9707	TO	826	453	0	0	29	424	252	172
PCT9708	MV	786	425	0	0	40	385	287	98
PCT9708	ED	175	157	0	0	9	148	112	36
PCT9708	TO	961	582	0	0	49	533	399	134
PCT9709	MV	831	418	0	0	37	381	246	135
PCT9709	ED	209	178	0	0	6	172	118	54
PCT9709	TO	1040	596	0	0	43	553	364	189
PCT9711	MV	502	306	0	0	25	281	198	83
PCT9711	ED	144	138	0	0	8	130	89	41
PCT9711	TO	646	444	0	0	33	411	287	124
PCT9712	MV	534	327	0	0	26	301	192	109
PCT9712	ED	127	116	0	0	0	116	76	40
PCT9712	TO	661	443	0	0	26	417	268	149
PCT9713	MV	746	384	0	0	22	362	201	161
PCT9713	ED	204	137	0	0	6	131	90	41
PCT9713	TO	950	521	0	0	28	493	291	202
PCT9714	MV	795	436	0	0	33	403	249	154
PCT9714	ED	156	133	0	0	3	130	88	42
PCT9714	TO	951	569	0	0	36	533	337	196
PCT9715	MV	449	237	0	1	15	221	144	77
PCT9715	ED	130	134	0	0	4	130	98	32
PCT9715	TO	579	371	0	1	19	351	242	109
PCT9716	MV	744	394	0	0	28	366	236	130
PCT9716	ED	222	164	0	0	9	155	103	52
PCT9716	TO	966	558	0	0	37	521	339	182
PCT9717	MV	753	424	0	0	23	401	242	159
PCT9717	ED	224	144	0	0	12	132	90	42
PCT9717	TO	977	568	0	0	35	533	332	201
PCT9718	MV	742	443	0	0	33	410	282	128
PCT9718	ED	159	144	0	0	5	139	84	55
PCT9718	TO	901	587	0	0	38	549	366	183
PCT9719	MV	747	451	0	0	24	427	273	154
PCT9719	ED	173	150	0	0	10	140	86	54
PCT9719	TO	920	601	0	0	34	567	359	208
PCT9721	MV	498	284	0	1	23	260	155	105
PCT9721	ED	164	133	0	1	4	128	73	55
PCT9721	TO	662	417	0	2	27	388	228	160
PCT9722	MV	513	311	0	0	21	290	178	112
PCT9722	ED	84	76	0	0	6	70	51	19
PCT9722	TO	597	387	0	0	27	360	229	131
PCT9723	MV	434	219	0	0	14	205	91	114
PCT9723	ED	74	44	0	0	3	41	21	20
PCT9723	TO	508	263	0	0	17	246	112	134
PCT9724	MV	848	450	0	0	26	424	189	235
PCT9724	ED	172	99	0	1	6	92	46	46
PCT9724	TO	1020	549	0	1	32	516	235	281
PCT9725	MV	806	431	0	0	28	403	209	194
PCT9725	ED	165	95	0	0	7	88	39	49
PCT9725	TO	971	526	0	0	35	491	248	243
PCT9726	MV	565	214	0	0	20	194	145	49
PCT9726	ED	51	102	0	0	4	98	73	25
PCT9726	TO	616	316	0	0	24	292	218	74
PCT9727	MV	403	220	0	2	15	203	113	90
PCT9727	ED	57	33	0	0	2	31	22	9
PCT9727	TO	460	253	0	2	17	234	135	99
PCT9728	MV	750	441	0	0	25	416	242	174
PCT9728	ED	213	137	0	0	7	130	81	49
PCT9728	TO	963	578	0	0	32	546	323	223
PCT9729	MV	654	331	0	0	24	307	182	125
PCT9729	ED	164	128	0	0	6	122	73	49
PCT9729	TO	818	459	0	0	30	429	255	174
PCT9731	MV	436	238	0	0	14	224	132	92
PCT9731	ED	143	111	0	0	2	109	62	47
PCT9731	TO	579	349	0	0	16	333	194	139
PCT9732	MV	78	47	0	0	4	43	28	15
PCT9732	ED	-5	0	0	0	0	0	0	0
PCT9732	TO	73	47	0	0	4	43	28	15
PCT9733	MV	261	154	0	0	6	148	118	30
PCT9733	ED	-21	0	0	0	0	0	0	0
PCT9733	TO	240	154	0	0	6	148	118	30
PCT9734	MV	473	283	0	0	15	268	170	98
PCT9734	ED	131	109	0	0	3	106	63	43
PCT9734	TO	604	392	0	0	18	374	233	141
PCT9735	MV	650	384	0	0	25	359	221	138
PCT9735	ED	170	132	0	0	16	116	72	44
PCT9735	TO	820	516	0	0	41	475	293	182
PCT9736	MV	586	318	0	0	18	300	206	94
PCT9736	ED	150	151	0	0	10	141	98	43
PCT9736	TO	736	469	0	0	28	441	304	137
PCT9737	MV	636	383	0	0	31	352	232	120
PCT9737	ED	155	135	0	0	7	128	92	36
PCT9737	TO	791	518	0	0	38	480	324	156
PCT9738	MV	687	311	0	0	26	285	207	78
PCT9738	ED	151	64	0	0	3	61	42	19
PCT9738	TO	838	375	0	0	29	346	249	97
PCT9739	MV	639	263	0	0	11	252	211	41
PCT9739	ED	150	88	0	0	4	84	75	9
PCT9739	TO	789	351	0	0	15	336	286	50
PCT9741	MV	508	168	0	0	14	154	136	18
PCT9741	ED	-67	10	0	0	1	9	8	1
PCT9741	TO	441	178	0	0	15	163	144	19
PCT9742	MV	529	222	0	0	11	211	127	84
PCT9742	ED	166	98	0	0	3	95	59	36
PCT9742	TO	695	320	0	0	14	306	186	120
PCT9743	MV	898	393	0	0	19	374	288	86
PCT9743	ED	242	170	0	0	16	154	126	28
PCT9743	TO	1140	563	0	0	35	528	414	114
PCT9744	MV	752	328	0	0	28	300	234	66
PCT9744	ED	191	121	0	0	9	112	91	21
PCT9744	TO	943	449	0	0	37	412	325	87
PCT9745	MV	755	313	0	0	24	289	221	68
PCT9745	ED	237	128	0	0	11	117	103	14
PCT9745	TO	992	441	0	0	35	406	324	82
PCT9746	MV	712	365	0	0	18	347	214	133
PCT9746	ED	191	118	0	0	9	109	70	39
PCT9746	TO	903	483	0	0	27	456	284	172
PCT9747	MV	768	393	0	0	26	367	267	100
PCT9747	ED	208	145	0	0	10	135	98	37
PCT9747	TO	976	538	0	0	36	502	365	137
PCT9748	MV	746	420	0	0	25	395	259	136
PCT9748	ED	167	116	0	0	4	112	70	42
PCT9748	TO	913	536	0	0	29	507	329	178
PCT9749	MV	749	281	0	0	15	266	185	81
PCT9749	ED	189	108	0	0	2	106	83	23
PCT9749	TO	938	389	0	0	17	372	268	104
PCT9751	MV	856	463	0	0	33	430	277	153
PCT9751	ED	215	151	0	0	14	137	96	41
PCT9751	TO	1071	614	0	0	47	567	373	194
PCT9752	MV	563	323	0	0	20	303	186	117
PCT9752	ED	134	108	0	0	3	105	79	26
PCT9752	TO	697	431	0	0	23	408	265	143
PCT9753	MV	617	293	0	0	22	271	189	82
PCT9753	ED	145	123	0	0	3	120	89	31
PCT9753	TO	762	416	0	0	25	391	278	113
PCT9754	MV	544	316	0	1	17	298	236	62
PCT9754	ED	163	113	0	0	8	105	84	21
PCT9754	TO	707	429	0	1	25	403	320	83
PCT9755	MV	441	238	0	0	21	217	158	59
PCT9755	ED	139	99	0	0	2	97	72	25
PCT9755	TO	580	337	0	0	23	314	230	84
PCT9756	MV	801	362	0	0	26	336	204	132
PCT9756	ED	166	106	0	0	6	100	68	32
PCT9756	TO	967	468	0	0	32	436	272	164
PCT9801	MV	320	158	0	0	15	143	104	39
PCT9801	ED	88	52	0	0	3	49	39	10
PCT9801	TO	408	210	0	0	18	192	143	49
PCT9900	MV	0	0	0	0	0	0	0	0
PCT9900	ED	0	0	0	0	0	0	0	0
PCT9900	TO	0	0	0	0	0	0	0	0
PCT9901	MV	0	0	0	0	0	0	0	0
PCT9901	ED	0	0	0	0	0	0	0	0
PCT9901	TO	0	0	0	0	0	0	0	0
PCT9902	MV	0	0	0	0	0	0	0	0
PCT9902	ED	0	0	0	0	0	0	0	0
PCT9902	TO	0	0	0	0	0	0	0	0
CONG12	MV	355422	171399	0	42	13782	157575	117210	40365
CONG12	ED	90426	65251	0	13	4563	60675	48077	12598
CONG12	TO	445848	236650	0	55	18345	218250	165287	52963
CONG14	MV	46630	21987	0	6	1392	20589	13461	7128
CONG14	ED	11421	6926	0	3	388	6535	4635	1900
CONG14	TO	58051	28913	0	9	1780	27124	18096	9028
ASSM17	MV	232714	112342	0	24	9039	103279	79564	23715
ASSM17	ED	59708	41964	0	9	2933	39022	31834	7188
ASSM17	TO	292422	154306	0	33	11972	142301	111398	30903
ASSM19	MV	169338	81044	0	24	6135	74885	51107	23778
ASSM19	ED	42139	30213	0	7	2018	28188	20878	7310
ASSM19	TO	211477	111257	0	31	8153	103073	71985	31088
SUPV1	MV	33848	16279	0	6	1202	15071	10809	4262
SUPV1	ED	9268	6893	0	0	430	6463	4990	1473
SUPV1	TO	43116	23172	0	6	1632	21534	15799	5735
SUPV2	MV	41429	19608	0	8	1901	17699	12459	5240
SUPV2	ED	8617	7551	0	2	678	6871	5091	1780
SUPV2	TO	50046	27159	0	10	2579	24570	17550	7020
SUPV3	MV	31930	14092	0	0	1342	12750	9282	3468
SUPV3	ED	7447	5109	0	1	422	4686	3685	1001
SUPV3	TO	39377	19201	0	1	1764	17436	12967	4469
SUPV4	MV	34985	16592	0	4	1195	15393	9673	5720
SUPV4	ED	9109	5869	0	2	363	5504	3922	1582
SUPV4	TO	44094	22461	0	6	1558	20897	13595	7302
SUPV5	MV	41957	21096	0	4	1797	19295	15981	3314
SUPV5	ED	10943	8955	0	0	656	8299	7085	1214
SUPV5	TO	52900	30051	0	4	2453	27594	23066	4528
SUPV6	MV	35745	14963	0	7	1292	13664	10470	3194
SUPV6	ED	7950	4327	0	2	380	3945	3193	752
SUPV6	TO	43695	19290	0	9	1672	17609	13663	3946
SUPV7	MV	38328	20392	0	7	1406	18979	12597	6382
SUPV7	ED	9115	7178	0	2	384	6792	4733	2059
SUPV7	TO	47443	27570	0	9	1790	25771	17330	8441
SUPV8	MV	46363	26976	0	3	2131	24842	19839	5003
SUPV8	ED	11814	11078	0	1	722	10355	8525	1830
SUPV8	TO	58177	38054	0	4	2853	35197	28364	6833
SUPV9	MV	33157	16480	0	2	1108	15370	12116	3254
SUPV9	ED	10106	7052	0	3	410	6639	5574	1065
SUPV9	TO	43263	23532	0	5	1518	22009	17690	4319
SUPV10	MV	33748	13671	0	4	1015	12652	9221	3431
SUPV10	ED	9365	4180	0	2	280	3898	3107	791
SUPV10	TO	43113	17851	0	6	1295	16550	12328	4222
SUPV11	MV	30562	13237	0	3	785	12449	8224	4225
SUPV11	ED	8113	3985	0	1	226	3758	2807	951
SUPV11	TO	38675	17222	0	4	1011	16207	11031	5176
NEIG1	MV	15456	5842	0	1	413	5428	3871	1557
NEIG1	ED	5029	1543	0	0	95	1448	1156	292
NEIG1	TO	20485	7385	0	1	508	6876	5027	1849
NEIG2	MV	14025	6157	0	0	617	5540	3968	1572
NEIG2	ED	3242	2161	0	1	191	1969	1525	444
NEIG2	TO	17267	8318	0	1	808	7509	5493	2016
NEIG3	MV	22038	9268	0	2	854	8412	6530	1882
NEIG3	ED	5981	3247	0	0	250	2997	2434	563
NEIG3	TO	28019	12515	0	2	1104	11409	8964	2445
NEIG4	MV	5628	3436	0	1	240	3195	2382	813
NEIG4	ED	1432	1236	0	0	82	1154	875	279
NEIG4	TO	7060	4672	0	1	322	4349	3257	1092
NEIG5	MV	22668	9994	0	3	617	9374	6092	3282
NEIG5	ED	5925	2958	0	1	166	2791	2057	734
NEIG5	TO	28593	12952	0	4	783	12165	8149	4016
NEIG6	MV	11525	5835	0	2	476	5357	4554	803
NEIG6	ED	2337	2735	0	0	193	2542	2198	344
NEIG6	TO	13862	8570	0	2	669	7899	6752	1147
NEIG7	MV	9764	4044	0	0	224	3820	2625	1195
NEIG7	ED	2631	1293	0	0	71	1222	940	282
NEIG7	TO	12395	5337	0	0	295	5042	3565	1477
NEIG8	MV	7624	3949	0	0	315	3634	2909	725
NEIG8	ED	2034	1820	0	0	134	1686	1390	296
NEIG8	TO	9658	5769	0	0	449	5320	4299	1021
NEIG9	MV	6892	3090	0	0	210	2880	1931	949
NEIG9	ED	1366	921	0	1	64	856	624	232
NEIG9	TO	8258	4011	0	1	274	3736	2555	1181
NEIG10	MV	8170	3814	0	0	317	3497	2624	873
NEIG10	ED	1852	1658	0	0	110	1548	1249	299
NEIG10	TO	10022	5472	0	0	427	5045	3873	1172
NEIG11	MV	33505	15264	0	6	1534	13724	9639	4085
NEIG11	ED	5935	5701	0	2	537	5162	3823	1339
NEIG11	TO	39440	20965	0	8	2071	18886	13462	5424
NEIG12	MV	23568	11636	0	2	833	10801	9118	1683
NEIG12	ED	7437	5267	0	4	350	4913	4266	647
NEIG12	TO	31005	16903	0	6	1183	15714	13384	2330
NEIG14	MV	6790	3923	0	1	279	3643	3024	619
NEIG14	ED	1943	1783	0	0	83	1700	1458	242
NEIG14	TO	8733	5706	0	1	362	5343	4482	861
NEIG15	MV	5778	2610	0	0	212	2398	1689	709
NEIG15	ED	1310	1007	0	0	77	930	733	197
NEIG15	TO	7088	3617	0	0	289	3328	2422	906
NEIG13	MV	13551	7997	0	0	635	7362	5763	1599
NEIG13	ED	3437	3361	0	0	208	3153	2590	563
NEIG13	TO	16988	11358	0	0	843	10515	8353	2162
NEIG26	MV	7828	3472	0	0	210	3262	1935	1327
NEIG26	ED	1804	941	0	0	59	882	610	272
NEIG26	TO	9632	4413	0	0	269	4144	2545	1599
NEIG16	MV	14619	6688	0	1	569	6118	4797	1321
NEIG16	ED	2737	2400	0	1	181	2218	1837	381
NEIG16	TO	17356	9088	0	2	750	8336	6634	1702
NEIG17	MV	29430	14222	0	6	1048	13168	9401	3767
NEIG17	ED	8195	5965	0	0	372	5593	4304	1289
NEIG17	TO	37625	20187	0	6	1420	18761	13705	5056
NEIG19	MV	7162	3939	0	2	265	3672	2957	715
NEIG19	ED	2409	1863	0	0	104	1759	1432	327
NEIG19	TO	9571	5802	0	2	369	5431	4389	1042
NEIG18	MV	6455	3322	0	1	261	3060	2124	936
NEIG18	ED	1566	1453	0	0	116	1337	981	356
NEIG18	TO	8021	4775	0	1	377	4397	3105	1292
NEIG20	MV	20904	8767	0	5	759	8003	6022	1981
NEIG20	ED	4173	2417	0	2	226	2189	1733	456
NEIG20	TO	25077	11184	0	7	985	10192	7755	2437
NEIG21	MV	34542	16372	0	4	1176	15192	9513	5679
NEIG21	ED	8951	5742	0	2	360	5380	3816	1564
NEIG21	TO	43493	22114	0	6	1536	20572	13329	7243
NEIG22	MV	15378	9122	0	0	755	8367	6752	1615
NEIG22	ED	3515	3598	0	0	236	3362	2784	578
NEIG22	TO	18893	12720	0	0	991	11729	9536	2193
NEIG23	MV	6633	2470	0	2	170	2298	1446	852
NEIG23	ED	1855	598	0	0	42	556	390	166
NEIG23	TO	8488	3068	0	2	212	2854	1836	1018
NEIG24	MV	28412	15843	0	6	1105	14732	9710	5022
NEIG24	ED	6962	5659	0	1	292	5366	3662	1704
NEIG24	TO	35374	21502	0	7	1397	20098	13372	6726
NEIG25	MV	23707	12310	0	3	1080	11227	9295	1932
NEIG25	ED	7789	4850	0	1	352	4497	3845	652
NEIG25	TO	31496	17160	0	4	1432	15724	13140	2584
