area_id	subtotal_type	RSReg	RSCst	RSRej	RSOvr	RSUnd	RSTot	7:YES	8:NO
ALLPCTS	TO	503899	265563	0	49	25250	240264	168155	72109
ALLPCTS	ED	101847	72177	0	18	7198	64961	48435	16526
ALLPCTS	MV	402052	193386	0	31	18052	175303	119720	55583
PCT1101	MV	447	211	0	0	14	197	138	59
PCT1101	ED	115	60	0	0	9	51	38	13
PCT1101	TO	562	271	0	0	23	248	176	72
PCT1102	MV	771	364	0	0	28	336	177	159
PCT1102	ED	233	158	0	0	14	144	109	35
PCT1102	TO	1004	522	0	0	42	480	286	194
PCT1103	MV	748	360	0	0	25	335	209	126
PCT1103	ED	223	142	0	0	13	129	89	40
PCT1103	TO	971	502	0	0	38	464	298	166
PCT1104	MV	750	340	0	0	25	315	217	98
PCT1104	ED	268	119	0	0	8	111	80	31
PCT1104	TO	1018	459	0	0	33	426	297	129
PCT1106	MV	597	246	0	0	15	231	139	92
PCT1106	ED	174	96	0	0	8	88	60	28
PCT1106	TO	771	342	0	0	23	319	199	120
PCT1107	MV	606	281	0	0	19	262	154	108
PCT1107	ED	145	76	0	0	8	68	50	18
PCT1107	TO	751	357	0	0	27	330	204	126
PCT1108	MV	721	350	0	0	24	326	222	104
PCT1108	ED	202	114	0	0	17	97	73	24
PCT1108	TO	923	464	0	0	41	423	295	128
PCT1109	MV	650	278	0	0	22	256	155	101
PCT1109	ED	172	97	0	0	7	90	60	30
PCT1109	TO	822	375	0	0	29	346	215	131
PCT1111	MV	845	346	0	0	31	315	186	129
PCT1111	ED	201	118	0	0	8	110	88	22
PCT1111	TO	1046	464	0	0	39	425	274	151
PCT1112	MV	642	271	0	0	21	250	161	89
PCT1112	ED	160	76	0	0	5	71	57	14
PCT1112	TO	802	347	0	0	26	321	218	103
PCT1113	MV	674	280	0	0	22	258	155	103
PCT1113	ED	121	65	0	0	8	57	42	15
PCT1113	TO	795	345	0	0	30	315	197	118
PCT1114	MV	768	324	0	0	26	298	191	107
PCT1114	ED	223	97	0	0	12	85	65	20
PCT1114	TO	991	421	0	0	38	383	256	127
PCT1115	MV	741	287	0	0	26	261	161	100
PCT1115	ED	195	85	0	0	9	76	57	19
PCT1115	TO	936	372	0	0	35	337	218	119
PCT1116	MV	709	305	0	0	25	280	183	97
PCT1116	ED	222	118	0	0	9	109	83	26
PCT1116	TO	931	423	0	0	34	389	266	123
PCT1117	MV	659	250	0	0	20	230	139	91
PCT1117	ED	187	71	0	0	6	65	53	12
PCT1117	TO	846	321	0	0	26	295	192	103
PCT1118	MV	843	353	0	0	20	333	220	113
PCT1118	ED	222	100	0	0	10	90	63	27
PCT1118	TO	1065	453	0	0	30	423	283	140
PCT1119	MV	659	302	0	0	20	282	183	99
PCT1119	ED	138	73	0	0	5	68	54	14
PCT1119	TO	797	375	0	0	25	350	237	113
PCT1121	MV	556	261	0	0	26	235	128	107
PCT1121	ED	149	81	0	0	8	73	41	32
PCT1121	TO	705	342	0	0	34	308	169	139
PCT1122	MV	519	243	0	1	24	218	104	114
PCT1122	ED	118	70	0	0	8	62	42	20
PCT1122	TO	637	313	0	1	32	280	146	134
PCT1123	MV	722	254	0	0	14	240	151	89
PCT1123	ED	216	89	0	1	5	83	61	22
PCT1123	TO	938	343	0	1	19	323	212	111
PCT1124	MV	621	240	0	0	14	226	137	89
PCT1124	ED	208	72	0	0	7	65	53	12
PCT1124	TO	829	312	0	0	21	291	190	101
PCT1125	MV	916	353	0	0	40	313	171	142
PCT1125	ED	181	65	0	0	9	56	46	10
PCT1125	TO	1097	418	0	0	49	369	217	152
PCT1126	MV	811	304	0	0	27	277	170	107
PCT1126	ED	201	68	0	0	3	65	40	25
PCT1126	TO	1012	372	0	0	30	342	210	132
PCT1127	MV	742	290	0	0	16	274	146	128
PCT1127	ED	223	99	0	0	5	94	63	31
PCT1127	TO	965	389	0	0	21	368	209	159
PCT1128	MV	733	292	0	0	24	268	146	122
PCT1128	ED	146	59	0	0	8	51	35	16
PCT1128	TO	879	351	0	0	32	319	181	138
PCT1129	MV	788	310	0	0	29	281	171	110
PCT1129	ED	248	108	0	0	15	93	60	33
PCT1129	TO	1036	418	0	0	44	374	231	143
PCT1131	MV	693	276	0	0	31	245	132	113
PCT1131	ED	167	60	0	0	5	55	38	17
PCT1131	TO	860	336	0	0	36	300	170	130
PCT1132	MV	837	368	0	0	25	343	208	135
PCT1132	ED	195	59	0	0	3	56	39	17
PCT1132	TO	1032	427	0	0	28	399	247	152
PCT1133	MV	716	332	0	0	15	317	190	127
PCT1133	ED	159	74	0	0	5	69	48	21
PCT1133	TO	875	406	0	0	20	386	238	148
PCT1134	MV	584	285	0	0	20	265	135	130
PCT1134	ED	183	80	0	0	10	70	48	22
PCT1134	TO	767	365	0	0	30	335	183	152
PCT1135	MV	464	216	0	0	13	203	111	92
PCT1135	ED	92	50	0	0	3	47	32	15
PCT1135	TO	556	266	0	0	16	250	143	107
PCT1136	MV	710	335	0	0	21	314	173	141
PCT1136	ED	157	77	0	0	7	70	43	27
PCT1136	TO	867	412	0	0	28	384	216	168
PCT1141	MV	836	387	0	0	26	361	214	147
PCT1141	ED	220	123	0	0	9	114	72	42
PCT1141	TO	1056	510	0	0	35	475	286	189
PCT1142	MV	721	322	0	0	40	282	178	104
PCT1142	ED	175	87	0	0	4	83	66	17
PCT1142	TO	896	409	0	0	44	365	244	121
PCT1143	MV	823	358	0	0	42	316	208	108
PCT1143	ED	226	113	0	0	11	102	79	23
PCT1143	TO	1049	471	0	0	53	418	287	131
PCT1144	MV	727	319	0	1	18	300	176	124
PCT1144	ED	220	121	0	0	15	106	71	35
PCT1144	TO	947	440	0	1	33	406	247	159
PCT1145	MV	752	411	0	0	33	378	240	138
PCT1145	ED	153	114	0	0	10	104	74	30
PCT1145	TO	905	525	0	0	43	482	314	168
PCT1146	MV	837	359	0	0	26	333	211	122
PCT1146	ED	217	109	0	0	11	98	71	27
PCT1146	TO	1054	468	0	0	37	431	282	149
PCT1147	MV	671	303	0	0	19	284	186	98
PCT1147	ED	214	107	0	0	8	99	72	27
PCT1147	TO	885	410	0	0	27	383	258	125
PCT1148	MV	804	364	0	0	28	336	202	134
PCT1148	ED	224	116	0	0	13	103	67	36
PCT1148	TO	1028	480	0	0	41	439	269	170
PCT1149	MV	709	316	0	0	30	286	174	112
PCT1149	ED	230	118	0	0	10	108	78	30
PCT1149	TO	939	434	0	0	40	394	252	142
PCT1151	MV	0	0	0	0	0	0	0	0
PCT1151	ED	0	0	0	0	0	0	0	0
PCT1151	TO	0	0	0	0	0	0	0	0
PCT1152	MV	710	308	0	0	30	278	186	92
PCT1152	ED	180	85	0	0	7	78	54	24
PCT1152	TO	890	393	0	0	37	356	240	116
PCT1153	MV	730	283	0	0	33	250	169	81
PCT1153	ED	210	116	0	0	10	106	59	47
PCT1153	TO	940	399	0	0	43	356	228	128
PCT1154	MV	0	0	0	0	0	0	0	0
PCT1154	ED	0	0	0	0	0	0	0	0
PCT1154	TO	0	0	0	0	0	0	0	0
PCT7001	MV	632	322	0	0	29	293	227	66
PCT7001	ED	141	101	0	0	8	93	70	23
PCT7001	TO	773	423	0	0	37	386	297	89
PCT7002	MV	598	259	0	0	29	230	178	52
PCT7002	ED	116	88	0	0	4	84	69	15
PCT7002	TO	714	347	0	0	33	314	247	67
PCT7003	MV	759	427	0	0	38	389	286	103
PCT7003	ED	147	144	0	0	15	129	101	28
PCT7003	TO	906	571	0	0	53	518	387	131
PCT7004	MV	764	411	0	0	34	377	286	91
PCT7004	ED	149	142	0	0	12	130	103	27
PCT7004	TO	913	553	0	0	46	507	389	118
PCT7005	MV	697	342	0	1	31	310	242	68
PCT7005	ED	162	162	0	0	24	138	109	29
PCT7005	TO	859	504	0	1	55	448	351	97
PCT7006	MV	728	349	0	0	31	318	258	60
PCT7006	ED	204	149	0	0	13	136	108	28
PCT7006	TO	932	498	0	0	44	454	366	88
PCT7007	MV	777	427	0	0	38	389	278	111
PCT7007	ED	180	168	0	0	23	145	113	32
PCT7007	TO	957	595	0	0	61	534	391	143
PCT7008	MV	732	362	0	0	40	322	212	110
PCT7008	ED	177	189	0	0	17	172	142	30
PCT7008	TO	909	551	0	0	57	494	354	140
PCT7009	MV	752	387	0	0	31	356	267	89
PCT7009	ED	119	91	0	0	6	85	57	28
PCT7009	TO	871	478	0	0	37	441	324	117
PCT7011	MV	703	228	0	0	16	212	158	54
PCT7011	ED	270	87	0	0	4	83	63	20
PCT7011	TO	973	315	0	0	20	295	221	74
PCT7012	MV	999	479	0	0	45	434	329	105
PCT7012	ED	227	203	0	0	22	181	144	37
PCT7012	TO	1226	682	0	0	67	615	473	142
PCT7013	MV	984	271	0	0	22	249	184	65
PCT7013	ED	155	151	0	0	14	137	117	20
PCT7013	TO	1139	422	0	0	36	386	301	85
PCT7014	MV	609	295	0	0	38	257	208	49
PCT7014	ED	110	111	0	0	15	96	69	27
PCT7014	TO	719	406	0	0	53	353	277	76
PCT7015	MV	128	39	0	0	7	32	25	7
PCT7015	ED	-18	0	0	0	0	0	0	0
PCT7015	TO	110	39	0	0	7	32	25	7
PCT7016	MV	654	235	0	0	22	213	131	82
PCT7016	ED	278	75	0	0	8	67	54	13
PCT7016	TO	932	310	0	0	30	280	185	95
PCT7017	MV	543	182	0	0	24	158	120	38
PCT7017	ED	238	53	0	0	8	45	36	9
PCT7017	TO	781	235	0	0	32	203	156	47
PCT7018	MV	847	353	0	0	32	321	206	115
PCT7018	ED	200	56	0	0	5	51	40	11
PCT7018	TO	1047	409	0	0	37	372	246	126
PCT7019	MV	733	351	0	0	27	324	204	120
PCT7019	ED	167	73	0	0	8	65	56	9
PCT7019	TO	900	424	0	0	35	389	260	129
PCT7021	MV	679	268	0	0	21	247	183	64
PCT7021	ED	288	106	0	0	12	94	76	18
PCT7021	TO	967	374	0	0	33	341	259	82
PCT7022	MV	770	301	0	0	32	269	189	80
PCT7022	ED	193	54	0	0	3	51	43	8
PCT7022	TO	963	355	0	0	35	320	232	88
PCT7023	MV	687	328	0	0	25	303	229	74
PCT7023	ED	233	71	0	0	7	64	53	11
PCT7023	TO	920	399	0	0	32	367	282	85
PCT7024	MV	251	50	0	0	3	47	34	13
PCT7024	ED	190	20	0	0	4	16	11	5
PCT7024	TO	441	70	0	0	7	63	45	18
PCT7025	MV	316	93	0	0	7	86	60	26
PCT7025	ED	167	39	0	0	2	37	26	11
PCT7025	TO	483	132	0	0	9	123	86	37
PCT7026	MV	818	332	0	0	18	314	166	148
PCT7026	ED	192	72	0	0	6	66	48	18
PCT7026	TO	1010	404	0	0	24	380	214	166
PCT7027	MV	676	266	0	0	22	244	168	76
PCT7027	ED	220	96	0	0	8	88	66	22
PCT7027	TO	896	362	0	0	30	332	234	98
PCT7028	MV	585	215	0	0	19	196	147	49
PCT7028	ED	271	97	0	0	4	93	76	17
PCT7028	TO	856	312	0	0	23	289	223	66
PCT7029	MV	642	205	0	0	29	176	125	51
PCT7029	ED	267	39	0	0	1	38	30	8
PCT7029	TO	909	244	0	0	30	214	155	59
PCT7030	MV	654	274	0	0	12	262	124	138
PCT7030	ED	141	58	0	0	4	54	28	26
PCT7030	TO	795	332	0	0	16	316	152	164
PCT7031	MV	621	257	0	0	27	230	134	96
PCT7031	ED	73	48	0	0	5	43	31	12
PCT7031	TO	694	305	0	0	32	273	165	108
PCT7032	MV	642	264	0	0	23	241	160	81
PCT7032	ED	239	51	0	0	2	49	40	9
PCT7032	TO	881	315	0	0	25	290	200	90
PCT7033	MV	549	210	0	0	24	186	126	60
PCT7033	ED	229	86	0	0	10	76	58	18
PCT7033	TO	778	296	0	0	34	262	184	78
PCT7034	MV	620	136	0	0	16	120	94	26
PCT7034	ED	318	57	0	0	5	52	40	12
PCT7034	TO	938	193	0	0	21	172	134	38
PCT7035	MV	567	232	0	0	20	212	144	68
PCT7035	ED	152	52	0	0	7	45	35	10
PCT7035	TO	719	284	0	0	27	257	179	78
PCT7036	MV	780	259	0	0	32	227	129	98
PCT7036	ED	194	39	0	0	4	35	25	10
PCT7036	TO	974	298	0	0	36	262	154	108
PCT7037	MV	433	62	0	0	1	61	36	25
PCT7037	ED	313	38	0	0	6	32	23	9
PCT7037	TO	746	100	0	0	7	93	59	34
PCT7038	MV	758	304	0	1	28	275	163	112
PCT7038	ED	203	58	0	0	10	48	33	15
PCT7038	TO	961	362	0	1	38	323	196	127
PCT7039	MV	636	240	0	0	24	216	120	96
PCT7039	ED	201	104	0	0	7	97	61	36
PCT7039	TO	837	344	0	0	31	313	181	132
PCT7041	MV	70	29	0	0	4	25	10	15
PCT7041	ED	-4	0	0	0	0	0	0	0
PCT7041	TO	66	29	0	0	4	25	10	15
PCT7042	MV	514	219	0	0	14	205	135	70
PCT7042	ED	146	58	0	0	3	55	32	23
PCT7042	TO	660	277	0	0	17	260	167	93
PCT7043	MV	754	290	0	0	27	263	166	97
PCT7043	ED	224	78	0	0	3	75	49	26
PCT7043	TO	978	368	0	0	30	338	215	123
PCT7044	MV	586	133	0	0	9	124	87	37
PCT7044	ED	266	33	0	0	3	30	18	12
PCT7044	TO	852	166	0	0	12	154	105	49
PCT7045	MV	632	264	0	0	28	236	130	106
PCT7045	ED	154	53	0	0	3	50	26	24
PCT7045	TO	786	317	0	0	31	286	156	130
PCT7046	MV	334	130	0	0	12	118	70	48
PCT7046	ED	96	48	0	0	4	44	33	11
PCT7046	TO	430	178	0	0	16	162	103	59
PCT7047	MV	730	309	0	0	23	286	172	114
PCT7047	ED	153	62	0	0	7	55	35	20
PCT7047	TO	883	371	0	0	30	341	207	134
PCT7048	MV	685	263	0	1	15	247	150	97
PCT7048	ED	196	56	0	0	7	49	38	11
PCT7048	TO	881	319	0	1	22	296	188	108
PCT7049	MV	616	239	0	0	24	215	118	97
PCT7049	ED	210	70	0	0	9	61	42	19
PCT7049	TO	826	309	0	0	33	276	160	116
PCT7051	MV	715	301	0	0	20	281	134	147
PCT7051	ED	165	70	0	0	8	62	42	20
PCT7051	TO	880	371	0	0	28	343	176	167
PCT7052	MV	721	291	0	0	17	274	148	126
PCT7052	ED	185	84	0	0	5	79	56	23
PCT7052	TO	906	375	0	0	22	353	204	149
PCT7053	MV	542	226	0	0	33	193	122	71
PCT7053	ED	43	40	0	0	4	36	29	7
PCT7053	TO	585	266	0	0	37	229	151	78
PCT7054	MV	862	305	0	0	22	283	198	85
PCT7054	ED	274	105	0	0	6	99	71	28
PCT7054	TO	1136	410	0	0	28	382	269	113
PCT7055	MV	732	289	0	0	28	261	184	77
PCT7055	ED	94	76	0	0	10	66	49	17
PCT7055	TO	826	365	0	0	38	327	233	94
PCT7056	MV	618	269	0	0	29	240	180	60
PCT7056	ED	87	119	0	0	16	103	82	21
PCT7056	TO	705	388	0	0	45	343	262	81
PCT7101	MV	162	99	0	0	10	89	70	19
PCT7101	ED	-15	0	0	0	0	0	0	0
PCT7101	TO	147	99	0	0	10	89	70	19
PCT7201	MV	788	374	0	0	37	337	205	132
PCT7201	ED	147	98	0	0	17	81	58	23
PCT7201	TO	935	472	0	0	54	418	263	155
PCT7202	MV	707	303	0	0	33	270	161	109
PCT7202	ED	144	123	0	0	15	108	71	37
PCT7202	TO	851	426	0	0	48	378	232	146
PCT7203	MV	693	316	0	0	37	279	182	97
PCT7203	ED	186	148	0	0	20	128	94	34
PCT7203	TO	879	464	0	0	57	407	276	131
PCT7204	MV	773	411	0	0	47	364	259	105
PCT7204	ED	126	116	0	0	19	97	66	31
PCT7204	TO	899	527	0	0	66	461	325	136
PCT7205	MV	724	357	0	0	35	322	209	113
PCT7205	ED	147	133	0	0	24	109	81	28
PCT7205	TO	871	490	0	0	59	431	290	141
PCT7206	MV	299	127	0	0	13	114	83	31
PCT7206	ED	78	76	0	0	7	69	54	15
PCT7206	TO	377	203	0	0	20	183	137	46
PCT7207	MV	744	329	0	0	35	294	196	98
PCT7207	ED	123	117	0	0	17	100	75	25
PCT7207	TO	867	446	0	0	52	394	271	123
PCT7208	MV	492	248	0	0	30	218	150	68
PCT7208	ED	78	60	0	0	5	55	44	11
PCT7208	TO	570	308	0	0	35	273	194	79
PCT7209	MV	595	338	0	0	39	299	207	92
PCT7209	ED	52	63	0	0	7	56	46	10
PCT7209	TO	647	401	0	0	46	355	253	102
PCT7301	MV	812	312	0	0	27	285	188	97
PCT7301	ED	202	112	0	0	17	95	75	20
PCT7301	TO	1014	424	0	0	44	380	263	117
PCT7302	MV	713	345	0	0	42	303	200	103
PCT7302	ED	136	116	0	0	14	102	76	26
PCT7302	TO	849	461	0	0	56	405	276	129
PCT7303	MV	869	370	0	0	33	337	239	98
PCT7303	ED	199	141	0	0	19	122	90	32
PCT7303	TO	1068	511	0	0	52	459	329	130
PCT7304	MV	802	359	0	0	42	317	211	106
PCT7304	ED	199	163	0	0	11	152	117	35
PCT7304	TO	1001	522	0	0	53	469	328	141
PCT7305	MV	713	372	0	0	36	336	198	138
PCT7305	ED	154	141	0	0	11	130	88	42
PCT7305	TO	867	513	0	0	47	466	286	180
PCT7306	MV	801	365	0	0	43	322	181	141
PCT7306	ED	243	152	0	0	22	130	95	35
PCT7306	TO	1044	517	0	0	65	452	276	176
PCT7307	MV	605	264	0	0	19	245	162	83
PCT7307	ED	169	101	0	0	11	90	70	20
PCT7307	TO	774	365	0	0	30	335	232	103
PCT7308	MV	520	249	0	0	20	229	156	73
PCT7308	ED	105	126	0	0	10	116	88	28
PCT7308	TO	625	375	0	0	30	345	244	101
PCT7309	MV	691	317	0	0	32	285	197	88
PCT7309	ED	167	156	0	0	22	134	93	41
PCT7309	TO	858	473	0	0	54	419	290	129
PCT7311	MV	698	325	0	0	34	291	196	95
PCT7311	ED	208	169	0	0	15	154	126	28
PCT7311	TO	906	494	0	0	49	445	322	123
PCT7312	MV	699	384	0	0	43	341	212	129
PCT7312	ED	111	120	0	0	13	107	73	34
PCT7312	TO	810	504	0	0	56	448	285	163
PCT7313	MV	818	365	0	0	34	331	217	114
PCT7313	ED	185	115	0	0	16	99	72	27
PCT7313	TO	1003	480	0	0	50	430	289	141
PCT7314	MV	612	222	0	0	29	193	104	89
PCT7314	ED	147	56	0	0	7	49	31	18
PCT7314	TO	759	278	0	0	36	242	135	107
PCT7315	MV	570	202	0	0	15	187	122	65
PCT7315	ED	195	117	0	0	12	105	75	30
PCT7315	TO	765	319	0	0	27	292	197	95
PCT7316	MV	654	255	0	0	30	225	143	82
PCT7316	ED	178	100	0	0	13	87	64	23
PCT7316	TO	832	355	0	0	43	312	207	105
PCT7317	MV	744	339	0	0	25	314	199	115
PCT7317	ED	146	107	0	0	12	95	70	25
PCT7317	TO	890	446	0	0	37	409	269	140
PCT7318	MV	605	289	0	0	36	253	173	80
PCT7318	ED	118	99	0	0	16	83	56	27
PCT7318	TO	723	388	0	0	52	336	229	107
PCT7319	MV	861	340	0	0	40	300	194	106
PCT7319	ED	188	113	0	0	19	94	68	26
PCT7319	TO	1049	453	0	0	59	394	262	132
PCT7321	MV	557	200	0	0	21	179	111	68
PCT7321	ED	102	62	0	0	6	56	38	18
PCT7321	TO	659	262	0	0	27	235	149	86
PCT7322	MV	742	292	0	0	47	245	128	117
PCT7322	ED	146	25	0	0	4	21	17	4
PCT7322	TO	888	317	0	0	51	266	145	121
PCT7323	MV	789	362	0	0	46	316	219	97
PCT7323	ED	167	126	0	0	16	110	78	32
PCT7323	TO	956	488	0	0	62	426	297	129
PCT7324	MV	586	253	0	0	27	226	151	75
PCT7324	ED	151	88	0	0	13	75	49	26
PCT7324	TO	737	341	0	0	40	301	200	101
PCT7325	MV	714	315	0	0	38	277	186	91
PCT7325	ED	172	121	0	0	20	101	70	31
PCT7325	TO	886	436	0	0	58	378	256	122
PCT7326	MV	685	298	0	1	37	260	162	98
PCT7326	ED	174	116	0	0	20	96	69	27
PCT7326	TO	859	414	0	1	57	356	231	125
PCT7327	MV	561	224	0	0	37	187	90	97
PCT7327	ED	126	37	0	0	2	35	24	11
PCT7327	TO	687	261	0	0	39	222	114	108
PCT7328	MV	829	321	0	0	65	256	149	107
PCT7328	ED	173	46	0	0	5	41	32	9
PCT7328	TO	1002	367	0	0	70	297	181	116
PCT7329	MV	556	222	0	0	33	189	108	81
PCT7329	ED	95	56	0	0	3	53	38	15
PCT7329	TO	651	278	0	0	36	242	146	96
PCT7331	MV	710	358	0	0	47	311	179	132
PCT7331	ED	160	129	0	0	20	109	68	41
PCT7331	TO	870	487	0	0	67	420	247	173
PCT7332	MV	654	256	0	0	25	231	184	47
PCT7332	ED	136	113	0	0	4	109	96	13
PCT7332	TO	790	369	0	0	29	340	280	60
PCT7333	MV	822	385	0	0	47	338	242	96
PCT7333	ED	193	161	0	0	15	146	113	33
PCT7333	TO	1015	546	0	0	62	484	355	129
PCT7334	MV	686	301	0	0	23	278	187	91
PCT7334	ED	133	105	0	0	8	97	70	27
PCT7334	TO	819	406	0	0	31	375	257	118
PCT7335	MV	788	385	0	1	43	341	219	122
PCT7335	ED	146	144	0	0	20	124	102	22
PCT7335	TO	934	529	0	1	63	465	321	144
PCT7336	MV	778	396	0	0	40	356	227	129
PCT7336	ED	176	128	0	0	18	110	80	30
PCT7336	TO	954	524	0	0	58	466	307	159
PCT7337	MV	772	379	0	0	42	337	205	132
PCT7337	ED	125	84	0	0	9	75	54	21
PCT7337	TO	897	463	0	0	51	412	259	153
PCT7338	MV	769	353	0	0	48	305	177	128
PCT7338	ED	126	70	0	0	9	61	45	16
PCT7338	TO	895	423	0	0	57	366	222	144
PCT7339	MV	605	262	0	0	29	233	174	59
PCT7339	ED	150	89	0	0	3	86	61	25
PCT7339	TO	755	351	0	0	32	319	235	84
PCT7341	MV	675	288	0	0	36	252	178	74
PCT7341	ED	178	131	0	0	9	122	92	30
PCT7341	TO	853	419	0	0	45	374	270	104
PCT7342	MV	673	316	0	0	23	293	215	78
PCT7342	ED	231	200	0	0	20	180	140	40
PCT7342	TO	904	516	0	0	43	473	355	118
PCT7343	MV	554	242	0	0	16	226	188	38
PCT7343	ED	150	116	0	0	12	104	84	20
PCT7343	TO	704	358	0	0	28	330	272	58
PCT7344	MV	863	378	0	0	32	346	238	108
PCT7344	ED	201	160	0	0	11	149	113	36
PCT7344	TO	1064	538	0	0	43	495	351	144
PCT7345	MV	903	418	0	0	34	384	290	94
PCT7345	ED	211	170	0	0	19	151	119	32
PCT7345	TO	1114	588	0	0	53	535	409	126
PCT7346	MV	680	280	0	0	30	250	178	72
PCT7346	ED	209	126	0	0	17	109	87	22
PCT7346	TO	889	406	0	0	47	359	265	94
PCT7347	MV	833	356	0	0	40	316	261	55
PCT7347	ED	170	98	0	0	12	86	71	15
PCT7347	TO	1003	454	0	0	52	402	332	70
PCT7348	MV	649	268	0	0	29	239	177	62
PCT7348	ED	194	100	0	0	12	88	70	18
PCT7348	TO	843	368	0	0	41	327	247	80
PCT7349	MV	710	310	0	0	29	281	193	88
PCT7349	ED	202	104	0	0	13	91	70	21
PCT7349	TO	912	414	0	0	42	372	263	109
PCT7501	MV	456	241	0	0	33	208	132	76
PCT7501	ED	95	90	0	0	17	73	50	23
PCT7501	TO	551	331	0	0	50	281	182	99
PCT7502	MV	668	310	0	0	34	276	168	108
PCT7502	ED	121	99	0	0	13	86	64	22
PCT7502	TO	789	409	0	0	47	362	232	130
PCT7503	MV	614	281	0	0	25	256	190	66
PCT7503	ED	148	100	0	0	15	85	59	26
PCT7503	TO	762	381	0	0	40	341	249	92
PCT7504	MV	404	173	0	0	14	159	103	56
PCT7504	ED	84	52	0	0	7	45	35	10
PCT7504	TO	488	225	0	0	21	204	138	66
PCT7505	MV	729	397	0	2	48	347	259	88
PCT7505	ED	133	96	0	0	7	89	67	22
PCT7505	TO	862	493	0	2	55	436	326	110
PCT7506	MV	842	360	0	0	40	320	230	90
PCT7506	ED	158	111	0	0	12	99	90	9
PCT7506	TO	1000	471	0	0	52	419	320	99
PCT7507	MV	693	286	0	0	24	262	193	69
PCT7507	ED	263	95	0	0	6	89	69	20
PCT7507	TO	956	381	0	0	30	351	262	89
PCT7508	MV	618	370	0	0	42	328	233	95
PCT7508	ED	126	103	0	0	11	92	71	21
PCT7508	TO	744	473	0	0	53	420	304	116
PCT7509	MV	756	396	0	0	40	356	264	92
PCT7509	ED	173	145	0	0	12	133	105	28
PCT7509	TO	929	541	0	0	52	489	369	120
PCT7512	MV	475	245	0	0	26	219	158	61
PCT7512	ED	125	85	0	0	8	77	55	22
PCT7512	TO	600	330	0	0	34	296	213	83
PCT7513	MV	575	243	0	0	30	213	166	47
PCT7513	ED	231	107	0	0	19	88	71	17
PCT7513	TO	806	350	0	0	49	301	237	64
PCT7514	MV	709	238	0	0	37	201	145	56
PCT7514	ED	207	59	0	0	10	49	34	15
PCT7514	TO	916	297	0	0	47	250	179	71
PCT7515	MV	663	311	0	1	19	291	210	81
PCT7515	ED	201	90	0	0	14	76	59	17
PCT7515	TO	864	401	0	1	33	367	269	98
PCT7516	MV	773	415	0	0	34	381	265	116
PCT7516	ED	147	118	0	0	8	110	78	32
PCT7516	TO	920	533	0	0	42	491	343	148
PCT7517	MV	645	354	0	0	41	313	259	54
PCT7517	ED	223	179	0	0	17	162	130	32
PCT7517	TO	868	533	0	0	58	475	389	86
PCT7518	MV	708	381	0	0	43	338	272	66
PCT7518	ED	218	185	0	0	17	168	139	29
PCT7518	TO	926	566	0	0	60	506	411	95
PCT7519	MV	543	254	0	0	34	220	176	44
PCT7519	ED	172	136	0	0	14	122	106	16
PCT7519	TO	715	390	0	0	48	342	282	60
PCT7521	MV	597	312	0	0	28	284	242	42
PCT7521	ED	182	149	0	0	10	139	125	14
PCT7521	TO	779	461	0	0	38	423	367	56
PCT7522	MV	588	291	0	0	25	266	216	50
PCT7522	ED	171	158	0	0	22	136	114	22
PCT7522	TO	759	449	0	0	47	402	330	72
PCT7523	MV	564	282	0	0	29	253	215	38
PCT7523	ED	180	169	0	1	15	153	130	23
PCT7523	TO	744	451	0	1	44	406	345	61
PCT7524	MV	480	221	0	0	23	198	165	33
PCT7524	ED	144	102	0	0	14	88	74	14
PCT7524	TO	624	323	0	0	37	286	239	47
PCT7525	MV	594	243	0	0	32	211	170	41
PCT7525	ED	170	94	0	0	12	82	70	12
PCT7525	TO	764	337	0	0	44	293	240	53
PCT7526	MV	825	390	0	0	51	339	285	54
PCT7526	ED	163	147	0	0	18	129	105	24
PCT7526	TO	988	537	0	0	69	468	390	78
PCT7527	MV	538	291	0	0	30	261	204	57
PCT7527	ED	172	112	0	0	9	103	80	23
PCT7527	TO	710	403	0	0	39	364	284	80
PCT7529	MV	748	361	0	0	27	334	287	47
PCT7529	ED	155	185	0	0	15	170	142	28
PCT7529	TO	903	546	0	0	42	504	429	75
PCT7531	MV	714	328	0	0	29	299	257	42
PCT7531	ED	159	132	0	0	5	127	107	20
PCT7531	TO	873	460	0	0	34	426	364	62
PCT7532	MV	668	325	0	0	23	302	242	60
PCT7532	ED	167	126	0	1	12	113	90	23
PCT7532	TO	835	451	0	1	35	415	332	83
PCT7533	MV	776	395	0	0	39	356	297	59
PCT7533	ED	194	185	0	0	20	165	142	23
PCT7533	TO	970	580	0	0	59	521	439	82
PCT7534	MV	670	363	0	0	41	322	258	64
PCT7534	ED	233	177	0	0	16	161	140	21
PCT7534	TO	903	540	0	0	57	483	398	85
PCT7535	MV	606	297	0	0	31	266	213	53
PCT7535	ED	139	151	0	0	21	130	108	22
PCT7535	TO	745	448	0	0	52	396	321	75
PCT7536	MV	670	337	0	0	25	312	255	57
PCT7536	ED	163	170	0	0	18	152	127	25
PCT7536	TO	833	507	0	0	43	464	382	82
PCT7537	MV	619	294	0	0	26	268	216	52
PCT7537	ED	126	148	0	0	14	134	112	22
PCT7537	TO	745	442	0	0	40	402	328	74
PCT7538	MV	562	313	0	0	24	289	233	56
PCT7538	ED	189	172	0	0	19	153	138	15
PCT7538	TO	751	485	0	0	43	442	371	71
PCT7539	MV	696	363	0	0	23	340	291	49
PCT7539	ED	225	187	0	0	16	171	156	15
PCT7539	TO	921	550	0	0	39	511	447	64
PCT7541	MV	600	289	0	0	29	260	210	50
PCT7541	ED	170	159	0	0	21	138	115	23
PCT7541	TO	770	448	0	0	50	398	325	73
PCT7542	MV	631	315	0	0	20	295	250	45
PCT7542	ED	193	166	0	0	11	155	126	29
PCT7542	TO	824	481	0	0	31	450	376	74
PCT7543	MV	694	365	0	0	25	340	267	73
PCT7543	ED	230	138	0	0	13	125	99	26
PCT7543	TO	924	503	0	0	38	465	366	99
PCT7544	MV	731	383	0	0	41	342	272	70
PCT7544	ED	168	159	0	0	17	142	123	19
PCT7544	TO	899	542	0	0	58	484	395	89
PCT7545	MV	723	385	0	0	39	346	269	77
PCT7545	ED	172	146	0	0	17	129	105	24
PCT7545	TO	895	531	0	0	56	475	374	101
PCT7546	MV	770	413	0	0	37	376	320	56
PCT7546	ED	183	209	0	0	21	188	143	45
PCT7546	TO	953	622	0	0	58	564	463	101
PCT7547	MV	796	413	0	0	36	377	329	48
PCT7547	ED	185	172	0	0	15	157	145	12
PCT7547	TO	981	585	0	0	51	534	474	60
PCT7548	MV	802	434	0	0	32	402	318	84
PCT7548	ED	249	201	0	0	19	182	155	27
PCT7548	TO	1051	635	0	0	51	584	473	111
PCT7549	MV	660	350	0	0	38	312	255	57
PCT7549	ED	146	140	0	0	20	120	101	19
PCT7549	TO	806	490	0	0	58	432	356	76
PCT7551	MV	587	295	0	0	23	272	231	41
PCT7551	ED	136	171	0	0	11	160	130	30
PCT7551	TO	723	466	0	0	34	432	361	71
PCT7552	MV	561	282	0	0	34	248	197	51
PCT7552	ED	124	127	0	0	15	112	91	21
PCT7552	TO	685	409	0	0	49	360	288	72
PCT7553	MV	211	94	0	0	7	87	59	28
PCT7553	ED	-20	0	0	0	0	0	0	0
PCT7553	TO	191	94	0	0	7	87	59	28
PCT7554	MV	653	372	0	0	38	334	256	78
PCT7554	ED	168	177	0	0	21	156	112	44
PCT7554	TO	821	549	0	0	59	490	368	122
PCT7555	MV	662	407	0	0	40	367	291	76
PCT7555	ED	210	210	0	0	27	183	147	36
PCT7555	TO	872	617	0	0	67	550	438	112
PCT7556	MV	813	505	0	0	38	467	361	106
PCT7556	ED	153	165	0	0	16	149	111	38
PCT7556	TO	966	670	0	0	54	616	472	144
PCT7601	MV	485	205	0	0	16	189	134	55
PCT7601	ED	192	89	0	0	12	77	60	17
PCT7601	TO	677	294	0	0	28	266	194	72
PCT7602	MV	654	271	0	0	21	250	184	66
PCT7602	ED	232	103	0	0	11	92	74	18
PCT7602	TO	886	374	0	0	32	342	258	84
PCT7603	MV	612	285	0	0	32	253	196	57
PCT7603	ED	203	167	0	0	15	152	116	36
PCT7603	TO	815	452	0	0	47	405	312	93
PCT7604	MV	685	261	0	0	18	243	190	53
PCT7604	ED	259	133	0	0	18	115	86	29
PCT7604	TO	944	394	0	0	36	358	276	82
PCT7605	MV	468	184	0	0	18	166	126	40
PCT7605	ED	193	62	0	0	6	56	32	24
PCT7605	TO	661	246	0	0	24	222	158	64
PCT7606	MV	673	263	0	0	37	226	175	51
PCT7606	ED	210	79	0	0	3	76	61	15
PCT7606	TO	883	342	0	0	40	302	236	66
PCT7607	MV	712	282	0	0	24	258	196	62
PCT7607	ED	207	100	0	0	5	95	74	21
PCT7607	TO	919	382	0	0	29	353	270	83
PCT7608	MV	279	96	0	0	15	81	44	37
PCT7608	ED	101	19	0	0	0	19	16	3
PCT7608	TO	380	115	0	0	15	100	60	40
PCT7609	MV	699	280	0	0	38	242	167	75
PCT7609	ED	185	49	0	0	6	43	30	13
PCT7609	TO	884	329	0	0	44	285	197	88
PCT7611	MV	586	230	0	0	22	208	147	61
PCT7611	ED	202	43	0	0	3	40	34	6
PCT7611	TO	788	273	0	0	25	248	181	67
PCT7612	MV	452	213	0	0	19	194	127	67
PCT7612	ED	105	29	0	0	1	28	20	8
PCT7612	TO	557	242	0	0	20	222	147	75
PCT7613	MV	634	236	0	0	23	213	162	51
PCT7613	ED	249	86	0	0	6	80	68	12
PCT7613	TO	883	322	0	0	29	293	230	63
PCT7614	MV	712	244	0	0	24	220	174	46
PCT7614	ED	204	78	0	0	7	71	59	12
PCT7614	TO	916	322	0	0	31	291	233	58
PCT7615	MV	510	162	0	0	17	145	109	36
PCT7615	ED	240	58	0	0	4	54	42	12
PCT7615	TO	750	220	0	0	21	199	151	48
PCT7616	MV	754	325	0	0	40	285	212	73
PCT7616	ED	82	86	0	0	11	75	58	17
PCT7616	TO	836	411	0	0	51	360	270	90
PCT7617	MV	583	218	0	0	34	184	133	51
PCT7617	ED	169	42	0	0	11	31	28	3
PCT7617	TO	752	260	0	0	45	215	161	54
PCT7618	MV	763	360	0	0	34	326	228	98
PCT7618	ED	151	84	0	0	13	71	53	18
PCT7618	TO	914	444	0	0	47	397	281	116
PCT7619	MV	937	432	0	0	44	388	292	96
PCT7619	ED	170	117	0	0	12	105	80	25
PCT7619	TO	1107	549	0	0	56	493	372	121
PCT7621	MV	1006	437	0	0	40	397	307	90
PCT7621	ED	149	103	0	0	12	91	73	18
PCT7621	TO	1155	540	0	0	52	488	380	108
PCT7622	MV	697	213	0	0	13	200	156	44
PCT7622	ED	263	73	0	0	9	64	52	12
PCT7622	TO	960	286	0	0	22	264	208	56
PCT7623	MV	767	255	0	1	28	226	164	62
PCT7623	ED	237	98	0	0	9	89	75	14
PCT7623	TO	1004	353	0	1	37	315	239	76
PCT7624	MV	651	205	0	0	18	187	134	53
PCT7624	ED	224	72	0	0	12	60	49	11
PCT7624	TO	875	277	0	0	30	247	183	64
PCT7625	MV	749	386	0	0	64	322	201	121
PCT7625	ED	73	34	0	0	3	31	25	6
PCT7625	TO	822	420	0	0	67	353	226	127
PCT7626	MV	944	396	0	0	51	345	213	132
PCT7626	ED	129	105	0	0	9	96	68	28
PCT7626	TO	1073	501	0	0	60	441	281	160
PCT7627	MV	456	194	0	0	22	172	98	74
PCT7627	ED	68	57	0	0	8	49	33	16
PCT7627	TO	524	251	0	0	30	221	131	90
PCT7628	MV	718	324	0	0	30	294	225	69
PCT7628	ED	220	110	0	0	11	99	81	18
PCT7628	TO	938	434	0	0	41	393	306	87
PCT7629	MV	691	266	0	0	27	239	192	47
PCT7629	ED	162	86	0	0	7	79	67	12
PCT7629	TO	853	352	0	0	34	318	259	59
PCT7631	MV	1009	433	0	0	48	385	281	104
PCT7631	ED	210	110	0	0	11	99	73	26
PCT7631	TO	1219	543	0	0	59	484	354	130
PCT7632	MV	1002	411	0	0	31	380	285	95
PCT7632	ED	169	128	0	0	9	119	93	26
PCT7632	TO	1171	539	0	0	40	499	378	121
PCT7633	MV	609	278	0	0	31	247	170	77
PCT7633	ED	126	96	0	0	13	83	60	23
PCT7633	TO	735	374	0	0	44	330	230	100
PCT7634	MV	704	338	0	0	38	300	211	89
PCT7634	ED	186	101	0	0	15	86	58	28
PCT7634	TO	890	439	0	0	53	386	269	117
PCT7635	MV	665	267	0	0	21	246	164	82
PCT7635	ED	188	62	0	0	5	57	41	16
PCT7635	TO	853	329	0	0	26	303	205	98
PCT7636	MV	797	321	0	0	35	286	201	85
PCT7636	ED	162	107	0	0	12	95	70	25
PCT7636	TO	959	428	0	0	47	381	271	110
PCT7637	MV	747	340	0	0	38	302	198	104
PCT7637	ED	121	98	0	0	14	84	58	26
PCT7637	TO	868	438	0	0	52	386	256	130
PCT7638	MV	806	370	0	0	37	333	199	134
PCT7638	ED	83	87	0	0	11	76	39	37
PCT7638	TO	889	457	0	0	48	409	238	171
PCT7639	MV	889	390	0	0	43	347	237	110
PCT7639	ED	133	132	0	0	30	102	67	35
PCT7639	TO	1022	522	0	0	73	449	304	145
PCT7641	MV	817	397	0	0	29	368	216	152
PCT7641	ED	134	92	0	0	9	83	60	23
PCT7641	TO	951	489	0	0	38	451	276	175
PCT7642	MV	647	305	0	0	44	261	196	65
PCT7642	ED	118	79	0	0	19	60	40	20
PCT7642	TO	765	384	0	0	63	321	236	85
PCT7643	MV	810	429	0	0	36	393	250	143
PCT7643	ED	131	105	0	0	16	89	62	27
PCT7643	TO	941	534	0	0	52	482	312	170
PCT7644	MV	1014	397	0	0	51	346	245	101
PCT7644	ED	162	142	0	0	15	127	102	25
PCT7644	TO	1176	539	0	0	66	473	347	126
PCT7645	MV	595	282	0	0	27	255	160	95
PCT7645	ED	61	56	0	0	8	48	36	12
PCT7645	TO	656	338	0	0	35	303	196	107
PCT7646	MV	1032	480	0	0	46	434	309	125
PCT7646	ED	121	133	0	0	17	116	91	25
PCT7646	TO	1153	613	0	0	63	550	400	150
PCT7647	MV	724	206	0	0	5	201	145	56
PCT7647	ED	263	79	0	0	7	72	61	11
PCT7647	TO	987	285	0	0	12	273	206	67
PCT7648	MV	2	1	0	0	1	0	0	0
PCT7648	ED	0	0	0	0	0	0	0	0
PCT7648	TO	2	1	0	0	1	0	0	0
PCT7649	MV	722	284	0	0	21	263	181	82
PCT7649	ED	178	78	0	0	5	73	57	16
PCT7649	TO	900	362	0	0	26	336	238	98
PCT7651	MV	834	323	0	0	31	292	196	96
PCT7651	ED	113	72	0	0	10	62	43	19
PCT7651	TO	947	395	0	0	41	354	239	115
PCT7652	MV	534	200	0	0	20	180	120	60
PCT7652	ED	101	86	0	0	7	79	58	21
PCT7652	TO	635	286	0	0	27	259	178	81
PCT7653	MV	750	322	0	0	44	278	198	80
PCT7653	ED	89	79	0	0	7	72	51	21
PCT7653	TO	839	401	0	0	51	350	249	101
PCT7654	MV	413	188	0	0	19	169	121	48
PCT7654	ED	53	83	0	0	11	72	61	11
PCT7654	TO	466	271	0	0	30	241	182	59
PCT7655	MV	582	211	0	0	12	199	136	63
PCT7655	ED	97	59	0	0	12	47	36	11
PCT7655	TO	679	270	0	0	24	246	172	74
PCT7656	MV	603	302	0	0	37	265	164	101
PCT7656	ED	35	40	0	0	5	35	21	14
PCT7656	TO	638	342	0	0	42	300	185	115
PCT7657	MV	561	265	0	0	31	234	165	69
PCT7657	ED	37	61	0	0	7	54	34	20
PCT7657	TO	598	326	0	0	38	288	199	89
PCT7701	MV	868	474	0	0	47	427	325	102
PCT7701	ED	196	173	0	0	20	153	122	31
PCT7701	TO	1064	647	0	0	67	580	447	133
PCT7702	MV	623	369	0	1	25	343	221	122
PCT7702	ED	133	103	0	0	11	92	64	28
PCT7702	TO	756	472	0	1	36	435	285	150
PCT7703	MV	187	71	0	0	8	63	46	17
PCT7703	ED	-13	0	0	0	0	0	0	0
PCT7703	TO	174	71	0	0	8	63	46	17
PCT7704	MV	798	485	0	0	46	439	273	166
PCT7704	ED	204	173	0	0	13	160	103	57
PCT7704	TO	1002	658	0	0	59	599	376	223
PCT7705	MV	470	281	0	0	22	259	157	102
PCT7705	ED	125	110	0	0	11	99	61	38
PCT7705	TO	595	391	0	0	33	358	218	140
PCT7706	MV	686	446	0	0	38	408	252	156
PCT7706	ED	180	162	0	0	14	148	94	54
PCT7706	TO	866	608	0	0	52	556	346	210
PCT7707	MV	683	424	0	0	33	391	261	130
PCT7707	ED	189	179	0	0	10	169	114	55
PCT7707	TO	872	603	0	0	43	560	375	185
PCT7708	MV	710	455	0	0	46	409	269	140
PCT7708	ED	165	152	0	0	15	137	95	42
PCT7708	TO	875	607	0	0	61	546	364	182
PCT7709	MV	322	191	0	0	17	174	120	54
PCT7709	ED	84	90	0	0	6	84	60	24
PCT7709	TO	406	281	0	0	23	258	180	78
PCT7711	MV	658	372	0	0	33	339	229	110
PCT7711	ED	153	125	0	0	9	116	83	33
PCT7711	TO	811	497	0	0	42	455	312	143
PCT7712	MV	423	254	0	0	16	238	177	61
PCT7712	ED	109	106	0	0	9	97	75	22
PCT7712	TO	532	360	0	0	25	335	252	83
PCT7801	MV	823	469	0	0	38	431	304	127
PCT7801	ED	151	190	0	0	15	175	132	43
PCT7801	TO	974	659	0	0	53	606	436	170
PCT7802	MV	646	393	0	1	33	359	254	105
PCT7802	ED	152	157	0	0	13	144	121	23
PCT7802	TO	798	550	0	1	46	503	375	128
PCT7803	MV	718	470	0	1	49	420	310	110
PCT7803	ED	113	128	0	0	15	113	80	33
PCT7803	TO	831	598	0	1	64	533	390	143
PCT7804	MV	733	459	0	0	44	415	330	85
PCT7804	ED	152	180	0	0	23	157	121	36
PCT7804	TO	885	639	0	0	67	572	451	121
PCT7805	MV	644	389	0	1	41	347	253	94
PCT7805	ED	156	155	0	0	15	140	114	26
PCT7805	TO	800	544	0	1	56	487	367	120
PCT7806	MV	602	353	0	0	31	322	256	66
PCT7806	ED	153	152	0	0	13	139	117	22
PCT7806	TO	755	505	0	0	44	461	373	88
PCT7807	MV	642	353	0	0	28	325	264	61
PCT7807	ED	185	174	0	0	19	155	131	24
PCT7807	TO	827	527	0	0	47	480	395	85
PCT7808	MV	525	288	0	1	33	254	218	36
PCT7808	ED	129	129	0	0	17	112	91	21
PCT7808	TO	654	417	0	1	50	366	309	57
PCT7809	MV	624	348	0	0	27	321	263	58
PCT7809	ED	140	135	0	0	15	120	103	17
PCT7809	TO	764	483	0	0	42	441	366	75
PCT7811	MV	582	303	0	0	33	270	232	38
PCT7811	ED	176	155	0	0	13	142	120	22
PCT7811	TO	758	458	0	0	46	412	352	60
PCT7812	MV	680	364	0	0	33	331	260	71
PCT7812	ED	217	163	0	1	16	146	121	25
PCT7812	TO	897	527	0	1	49	477	381	96
PCT7813	MV	842	478	0	0	32	446	354	92
PCT7813	ED	226	214	0	0	23	191	160	31
PCT7813	TO	1068	692	0	0	55	637	514	123
PCT7814	MV	660	274	0	0	26	248	201	47
PCT7814	ED	241	118	0	0	12	106	84	22
PCT7814	TO	901	392	0	0	38	354	285	69
PCT7815	MV	749	460	0	0	50	410	313	97
PCT7815	ED	168	176	0	0	16	160	129	31
PCT7815	TO	917	636	0	0	66	570	442	128
PCT7816	MV	724	466	0	0	46	420	316	104
PCT7816	ED	148	149	0	0	12	137	99	38
PCT7816	TO	872	615	0	0	58	557	415	142
PCT7817	MV	652	386	0	0	21	365	289	76
PCT7817	ED	186	182	0	0	16	166	139	27
PCT7817	TO	838	568	0	0	37	531	428	103
PCT7818	MV	668	389	0	0	36	353	285	68
PCT7818	ED	171	149	0	0	12	137	114	23
PCT7818	TO	839	538	0	0	48	490	399	91
PCT7819	MV	635	346	0	0	22	324	257	67
PCT7819	ED	139	89	0	0	9	80	65	15
PCT7819	TO	774	435	0	0	31	404	322	82
PCT7821	MV	806	513	0	0	38	475	362	113
PCT7821	ED	170	189	0	0	16	173	129	44
PCT7821	TO	976	702	0	0	54	648	491	157
PCT7822	MV	673	390	0	0	36	354	294	60
PCT7822	ED	219	222	0	0	24	198	149	49
PCT7822	TO	892	612	0	0	60	552	443	109
PCT7823	MV	706	398	0	0	34	364	276	88
PCT7823	ED	177	188	0	0	10	178	146	32
PCT7823	TO	883	586	0	0	44	542	422	120
PCT7824	MV	614	324	0	1	32	291	224	67
PCT7824	ED	154	158	0	0	19	139	111	28
PCT7824	TO	768	482	0	1	51	430	335	95
PCT7825	MV	457	248	0	0	20	228	204	24
PCT7825	ED	151	130	0	0	9	121	98	23
PCT7825	TO	608	378	0	0	29	349	302	47
PCT7826	MV	486	256	0	0	27	229	189	40
PCT7826	ED	204	162	0	0	14	148	125	23
PCT7826	TO	690	418	0	0	41	377	314	63
PCT7827	MV	607	312	0	0	24	288	231	57
PCT7827	ED	219	145	0	0	17	128	108	20
PCT7827	TO	826	457	0	0	41	416	339	77
PCT7828	MV	857	469	0	0	45	424	308	116
PCT7828	ED	171	177	0	0	19	158	117	41
PCT7828	TO	1028	646	0	0	64	582	425	157
PCT7829	MV	742	456	0	0	40	416	299	117
PCT7829	ED	149	151	0	0	5	146	118	28
PCT7829	TO	891	607	0	0	45	562	417	145
PCT7831	MV	763	478	0	0	56	422	315	107
PCT7831	ED	139	137	0	0	10	127	97	30
PCT7831	TO	902	615	0	0	66	549	412	137
PCT7832	MV	663	401	0	0	33	368	282	86
PCT7832	ED	118	127	0	0	11	116	92	24
PCT7832	TO	781	528	0	0	44	484	374	110
PCT7833	MV	587	339	0	0	32	307	259	48
PCT7833	ED	146	145	0	0	15	130	108	22
PCT7833	TO	733	484	0	0	47	437	367	70
PCT7834	MV	700	363	0	0	36	327	265	62
PCT7834	ED	194	175	0	0	19	156	128	28
PCT7834	TO	894	538	0	0	55	483	393	90
PCT7835	MV	721	423	0	0	29	394	267	127
PCT7835	ED	142	147	0	0	15	132	97	35
PCT7835	TO	863	570	0	0	44	526	364	162
PCT7836	MV	850	503	0	0	45	458	329	129
PCT7836	ED	193	169	0	0	10	159	121	38
PCT7836	TO	1043	672	0	0	55	617	450	167
PCT7837	MV	717	416	0	0	45	371	275	96
PCT7837	ED	206	198	0	0	14	184	142	42
PCT7837	TO	923	614	0	0	59	555	417	138
PCT7838	MV	752	484	0	0	48	436	295	141
PCT7838	ED	143	155	0	0	16	139	107	32
PCT7838	TO	895	639	0	0	64	575	402	173
PCT7839	MV	731	445	0	0	46	399	283	116
PCT7839	ED	130	136	0	0	13	123	91	32
PCT7839	TO	861	581	0	0	59	522	374	148
PCT7841	MV	752	449	0	0	51	398	298	100
PCT7841	ED	198	207	0	0	18	189	152	37
PCT7841	TO	950	656	0	0	69	587	450	137
PCT7842	MV	702	382	0	1	30	351	288	63
PCT7842	ED	177	154	0	0	10	144	115	29
PCT7842	TO	879	536	0	1	40	495	403	92
PCT7843	MV	546	289	0	0	19	270	213	57
PCT7843	ED	183	163	0	0	16	147	125	22
PCT7843	TO	729	452	0	0	35	417	338	79
PCT7844	MV	499	276	0	0	29	247	200	47
PCT7844	ED	152	136	0	0	16	120	100	20
PCT7844	TO	651	412	0	0	45	367	300	67
PCT7845	MV	676	393	0	0	33	360	263	97
PCT7845	ED	204	177	0	0	17	160	117	43
PCT7845	TO	880	570	0	0	50	520	380	140
PCT7846	MV	736	454	0	0	47	407	291	116
PCT7846	ED	172	166	0	0	14	152	115	37
PCT7846	TO	908	620	0	0	61	559	406	153
PCT7847	MV	698	421	0	0	51	370	280	90
PCT7847	ED	193	181	0	1	12	168	123	45
PCT7847	TO	891	602	0	1	63	538	403	135
PCT7848	MV	665	427	0	0	29	398	305	93
PCT7848	ED	182	168	0	0	22	146	117	29
PCT7848	TO	847	595	0	0	51	544	422	122
PCT7849	MV	729	427	0	0	38	389	300	89
PCT7849	ED	172	186	0	0	22	164	143	21
PCT7849	TO	901	613	0	0	60	553	443	110
PCT7851	MV	414	266	0	0	23	243	148	95
PCT7851	ED	112	84	0	1	10	73	42	31
PCT7851	TO	526	350	0	1	33	316	190	126
PCT7852	MV	533	347	0	0	35	312	204	108
PCT7852	ED	111	103	0	0	10	93	62	31
PCT7852	TO	644	450	0	0	45	405	266	139
PCT7853	MV	694	382	0	0	40	342	243	99
PCT7853	ED	161	137	0	0	10	127	87	40
PCT7853	TO	855	519	0	0	50	469	330	139
PCT7854	MV	703	422	0	0	55	367	273	94
PCT7854	ED	175	172	0	0	17	155	125	30
PCT7854	TO	878	594	0	0	72	522	398	124
PCT7855	MV	763	440	0	1	52	387	288	99
PCT7855	ED	211	202	0	1	27	174	133	41
PCT7855	TO	974	642	0	2	79	561	421	140
PCT7856	MV	643	362	0	0	28	334	254	80
PCT7856	ED	204	193	0	0	12	181	137	44
PCT7856	TO	847	555	0	0	40	515	391	124
PCT7857	MV	748	427	0	0	45	382	282	100
PCT7857	ED	158	153	0	0	9	144	119	25
PCT7857	TO	906	580	0	0	54	526	401	125
PCT7858	MV	622	345	0	0	31	314	261	53
PCT7858	ED	157	147	0	0	13	134	110	24
PCT7858	TO	779	492	0	0	44	448	371	77
PCT7859	MV	747	457	0	0	44	413	296	117
PCT7859	ED	152	165	0	0	23	142	104	38
PCT7859	TO	899	622	0	0	67	555	400	155
PCT7861	MV	699	424	0	0	27	397	294	103
PCT7861	ED	164	171	0	0	9	162	136	26
PCT7861	TO	863	595	0	0	36	559	430	129
PCT7862	MV	669	397	0	0	32	365	285	80
PCT7862	ED	195	197	0	0	21	176	133	43
PCT7862	TO	864	594	0	0	53	541	418	123
PCT7863	MV	692	361	0	0	30	331	266	65
PCT7863	ED	209	205	0	0	17	188	145	43
PCT7863	TO	901	566	0	0	47	519	411	108
PCT7864	MV	661	365	0	0	38	327	246	81
PCT7864	ED	153	157	0	0	18	139	103	36
PCT7864	TO	814	522	0	0	56	466	349	117
PCT7865	MV	677	402	0	0	36	366	273	93
PCT7865	ED	163	157	0	0	13	144	109	35
PCT7865	TO	840	559	0	0	49	510	382	128
PCT7866	MV	690	444	0	0	45	399	251	148
PCT7866	ED	158	141	0	0	11	130	88	42
PCT7866	TO	848	585	0	0	56	529	339	190
PCT7867	MV	766	462	0	0	37	425	302	123
PCT7867	ED	212	182	0	0	23	159	119	40
PCT7867	TO	978	644	0	0	60	584	421	163
PCT7868	MV	659	368	0	0	29	339	236	103
PCT7868	ED	217	161	0	0	15	146	109	37
PCT7868	TO	876	529	0	0	44	485	345	140
PCT7869	MV	682	436	0	0	36	400	307	93
PCT7869	ED	179	189	0	0	20	169	125	44
PCT7869	TO	861	625	0	0	56	569	432	137
PCT7871	MV	702	456	0	0	46	410	313	97
PCT7871	ED	200	157	0	0	18	139	98	41
PCT7871	TO	902	613	0	0	64	549	411	138
PCT7872	MV	675	410	0	0	28	382	276	106
PCT7872	ED	199	185	0	0	14	171	123	48
PCT7872	TO	874	595	0	0	42	553	399	154
PCT7873	MV	688	437	0	0	41	396	305	91
PCT7873	ED	203	212	0	0	19	193	147	46
PCT7873	TO	891	649	0	0	60	589	452	137
PCT7874	MV	370	187	0	0	12	175	137	38
PCT7874	ED	119	107	0	1	9	97	73	24
PCT7874	TO	489	294	0	1	21	272	210	62
PCT7875	MV	500	247	0	0	22	225	166	59
PCT7875	ED	147	114	0	0	10	104	78	26
PCT7875	TO	647	361	0	0	32	329	244	85
PCT7876	MV	462	250	0	0	28	222	180	42
PCT7876	ED	106	91	0	0	16	75	64	11
PCT7876	TO	568	341	0	0	44	297	244	53
PCT7901	MV	399	191	0	0	16	175	140	35
PCT7901	ED	150	65	0	0	5	60	52	8
PCT7901	TO	549	256	0	0	21	235	192	43
PCT7902	MV	680	286	0	0	22	264	221	43
PCT7902	ED	232	139	0	0	9	130	107	23
PCT7902	TO	912	425	0	0	31	394	328	66
PCT7903	MV	622	278	0	0	22	256	203	53
PCT7903	ED	230	123	0	0	14	109	94	15
PCT7903	TO	852	401	0	0	36	365	297	68
PCT7904	MV	678	289	0	0	27	262	192	70
PCT7904	ED	159	115	0	1	11	103	90	13
PCT7904	TO	837	404	0	1	38	365	282	83
PCT7905	MV	684	354	0	0	25	329	248	81
PCT7905	ED	191	183	0	0	12	171	137	34
PCT7905	TO	875	537	0	0	37	500	385	115
PCT7906	MV	599	276	0	0	19	257	200	57
PCT7906	ED	187	115	0	0	15	100	89	11
PCT7906	TO	786	391	0	0	34	357	289	68
PCT7907	MV	704	339	0	0	19	320	258	62
PCT7907	ED	238	163	0	0	19	144	116	28
PCT7907	TO	942	502	0	0	38	464	374	90
PCT7908	MV	752	359	0	0	44	315	248	67
PCT7908	ED	240	169	0	0	18	151	127	24
PCT7908	TO	992	528	0	0	62	466	375	91
PCT7909	MV	558	308	0	0	28	280	239	41
PCT7909	ED	185	140	0	0	11	129	109	20
PCT7909	TO	743	448	0	0	39	409	348	61
PCT7911	MV	666	315	0	0	25	290	222	68
PCT7911	ED	205	129	0	0	8	121	101	20
PCT7911	TO	871	444	0	0	33	411	323	88
PCT7912	MV	800	368	0	0	24	344	288	56
PCT7912	ED	259	176	0	0	20	156	135	21
PCT7912	TO	1059	544	0	0	44	500	423	77
PCT7913	MV	659	345	0	0	21	324	256	68
PCT7913	ED	264	212	0	0	13	199	159	40
PCT7913	TO	923	557	0	0	34	523	415	108
PCT7914	MV	715	381	0	0	40	341	270	71
PCT7914	ED	187	140	0	0	14	126	101	25
PCT7914	TO	902	521	0	0	54	467	371	96
PCT7915	MV	605	279	0	0	21	258	210	48
PCT7915	ED	238	181	0	0	10	171	143	28
PCT7915	TO	843	460	0	0	31	429	353	76
PCT7916	MV	639	321	0	0	21	300	240	60
PCT7916	ED	219	160	0	0	14	146	129	17
PCT7916	TO	858	481	0	0	35	446	369	77
PCT7917	MV	716	353	0	0	23	330	278	52
PCT7917	ED	271	187	0	0	12	175	154	21
PCT7917	TO	987	540	0	0	35	505	432	73
PCT7918	MV	597	296	0	0	20	276	231	45
PCT7918	ED	227	143	0	0	10	133	111	22
PCT7918	TO	824	439	0	0	30	409	342	67
PCT7919	MV	608	305	0	1	26	278	235	43
PCT7919	ED	258	175	0	0	9	166	145	21
PCT7919	TO	866	480	0	1	35	444	380	64
PCT7921	MV	682	302	0	0	21	281	214	67
PCT7921	ED	229	101	0	0	5	96	79	17
PCT7921	TO	911	403	0	0	26	377	293	84
PCT7922	MV	648	309	0	0	17	292	252	40
PCT7922	ED	210	155	0	0	16	139	115	24
PCT7922	TO	858	464	0	0	33	431	367	64
PCT7923	MV	666	331	0	0	26	305	229	76
PCT7923	ED	214	170	0	0	14	156	125	31
PCT7923	TO	880	501	0	0	40	461	354	107
PCT7924	MV	649	294	0	0	14	280	218	62
PCT7924	ED	202	124	0	0	13	111	90	21
PCT7924	TO	851	418	0	0	27	391	308	83
PCT7925	MV	434	222	0	0	22	200	156	44
PCT7925	ED	110	89	0	0	7	82	68	14
PCT7925	TO	544	311	0	0	29	282	224	58
PCT7926	MV	610	328	0	0	26	302	247	55
PCT7926	ED	178	150	0	0	10	140	113	27
PCT7926	TO	788	478	0	0	36	442	360	82
PCT7927	MV	580	325	0	0	31	294	240	54
PCT7927	ED	162	152	0	0	9	143	110	33
PCT7927	TO	742	477	0	0	40	437	350	87
PCT7928	MV	700	389	0	0	30	359	282	77
PCT7928	ED	217	208	0	0	9	199	165	34
PCT7928	TO	917	597	0	0	39	558	447	111
PCT7929	MV	678	419	0	0	35	384	301	83
PCT7929	ED	169	170	0	0	16	154	124	30
PCT7929	TO	847	589	0	0	51	538	425	113
PCT7931	MV	610	368	0	0	37	331	240	91
PCT7931	ED	141	149	0	0	15	134	112	22
PCT7931	TO	751	517	0	0	52	465	352	113
PCT7932	MV	443	276	0	0	23	253	177	76
PCT7932	ED	118	95	0	0	13	82	61	21
PCT7932	TO	561	371	0	0	36	335	238	97
PCT7933	MV	9	6	0	0	1	5	3	2
PCT7933	ED	-1	0	0	0	0	0	0	0
PCT7933	TO	8	6	0	0	1	5	3	2
PCT7934	MV	702	398	0	0	35	363	295	68
PCT7934	ED	182	154	0	1	19	134	113	21
PCT7934	TO	884	552	0	1	54	497	408	89
PCT7935	MV	715	429	0	0	37	392	307	85
PCT7935	ED	228	225	0	0	22	203	170	33
PCT7935	TO	943	654	0	0	59	595	477	118
PCT7936	MV	620	365	0	0	32	333	268	65
PCT7936	ED	236	220	0	1	14	205	169	36
PCT7936	TO	856	585	0	1	46	538	437	101
PCT7937	MV	698	404	0	0	32	372	292	80
PCT7937	ED	202	171	0	0	14	157	131	26
PCT7937	TO	900	575	0	0	46	529	423	106
PCT7938	MV	536	297	0	0	19	278	207	71
PCT7938	ED	215	120	0	0	11	109	88	21
PCT7938	TO	751	417	0	0	30	387	295	92
PCT7939	MV	481	279	0	0	21	258	214	44
PCT7939	ED	205	191	0	0	15	176	149	27
PCT7939	TO	686	470	0	0	36	434	363	71
PCT7941	MV	575	298	0	0	28	270	232	38
PCT7941	ED	197	170	0	0	14	156	128	28
PCT7941	TO	772	468	0	0	42	426	360	66
PCT7942	MV	658	324	0	0	19	305	230	75
PCT7942	ED	274	141	0	0	10	131	105	26
PCT7942	TO	932	465	0	0	29	436	335	101
PCT7943	MV	687	361	0	0	23	338	236	102
PCT7943	ED	213	156	0	0	11	145	102	43
PCT7943	TO	900	517	0	0	34	483	338	145
PCT7944	MV	584	332	0	0	38	294	235	59
PCT7944	ED	230	196	0	0	14	182	143	39
PCT7944	TO	814	528	0	0	52	476	378	98
PCT7945	MV	726	331	0	0	30	301	229	72
PCT7945	ED	228	82	0	0	7	75	68	7
PCT7945	TO	954	413	0	0	37	376	297	79
PCT7946	MV	779	361	0	0	24	337	200	137
PCT7946	ED	206	114	0	0	10	104	77	27
PCT7946	TO	985	475	0	0	34	441	277	164
PCT7947	MV	791	329	0	0	32	297	159	138
PCT7947	ED	195	93	0	0	5	88	55	33
PCT7947	TO	986	422	0	0	37	385	214	171
PCT7948	MV	730	364	0	0	31	333	194	139
PCT7948	ED	200	119	0	0	8	111	76	35
PCT7948	TO	930	483	0	0	39	444	270	174
PCT7949	MV	484	230	0	0	19	211	114	97
PCT7949	ED	106	56	0	0	10	46	30	16
PCT7949	TO	590	286	0	0	29	257	144	113
PCT7951	MV	730	363	0	0	27	336	181	155
PCT7951	ED	157	90	0	0	9	81	46	35
PCT7951	TO	887	453	0	0	36	417	227	190
PCT7952	MV	730	290	0	0	24	266	137	129
PCT7952	ED	182	86	0	0	9	77	53	24
PCT7952	TO	912	376	0	0	33	343	190	153
PCT7953	MV	669	327	0	0	23	304	171	133
PCT7953	ED	161	106	0	0	8	98	58	40
PCT7953	TO	830	433	0	0	31	402	229	173
PCT7954	MV	0	0	0	0	0	0	0	0
PCT7954	ED	0	0	0	0	0	0	0	0
PCT7954	TO	0	0	0	0	0	0	0	0
PCT7955	MV	774	341	0	0	33	308	177	131
PCT7955	ED	173	97	0	0	12	85	61	24
PCT7955	TO	947	438	0	0	45	393	238	155
PCT7956	MV	699	260	0	0	16	244	136	108
PCT7956	ED	170	39	0	1	2	36	26	10
PCT7956	TO	869	299	0	1	18	280	162	118
PCT7957	MV	538	256	0	0	27	229	157	72
PCT7957	ED	135	83	0	0	8	75	59	16
PCT7957	TO	673	339	0	0	35	304	216	88
PCT7958	MV	320	103	0	0	7	96	64	32
PCT7958	ED	-23	0	0	0	0	0	0	0
PCT7958	TO	297	103	0	0	7	96	64	32
PCT7959	MV	541	226	0	0	26	200	162	38
PCT7959	ED	145	65	0	0	9	56	52	4
PCT7959	TO	686	291	0	0	35	256	214	42
PCT9001	MV	314	99	0	0	6	93	71	22
PCT9001	ED	-30	0	0	0	0	0	0	0
PCT9001	TO	284	99	0	0	6	93	71	22
PCT9101	MV	712	372	0	0	28	344	207	137
PCT9101	ED	201	150	0	0	10	140	95	45
PCT9101	TO	913	522	0	0	38	484	302	182
PCT9102	MV	787	388	0	1	39	348	228	120
PCT9102	ED	205	126	0	0	12	114	81	33
PCT9102	TO	992	514	0	1	51	462	309	153
PCT9103	MV	718	377	0	0	36	341	220	121
PCT9103	ED	239	153	0	0	17	136	84	52
PCT9103	TO	957	530	0	0	53	477	304	173
PCT9104	MV	810	381	0	0	32	349	229	120
PCT9104	ED	220	152	0	0	10	142	107	35
PCT9104	TO	1030	533	0	0	42	491	336	155
PCT9105	MV	719	410	0	0	36	374	245	129
PCT9105	ED	199	173	0	0	23	150	99	51
PCT9105	TO	918	583	0	0	59	524	344	180
PCT9106	MV	746	384	0	0	37	347	240	107
PCT9106	ED	200	178	0	0	15	163	120	43
PCT9106	TO	946	562	0	0	52	510	360	150
PCT9107	MV	635	300	0	0	33	267	190	77
PCT9107	ED	209	118	0	1	16	101	81	20
PCT9107	TO	844	418	0	1	49	368	271	97
PCT9108	MV	610	332	0	0	37	295	208	87
PCT9108	ED	200	136	0	0	9	127	98	29
PCT9108	TO	810	468	0	0	46	422	306	116
PCT9109	MV	672	293	0	0	27	266	191	75
PCT9109	ED	211	162	0	0	11	151	115	36
PCT9109	TO	883	455	0	0	38	417	306	111
PCT9111	MV	638	315	0	0	35	280	195	85
PCT9111	ED	196	134	0	0	19	115	87	28
PCT9111	TO	834	449	0	0	54	395	282	113
PCT9112	MV	742	346	0	0	38	308	218	90
PCT9112	ED	219	160	0	0	13	147	112	35
PCT9112	TO	961	506	0	0	51	455	330	125
PCT9113	MV	795	365	0	0	35	330	248	82
PCT9113	ED	209	180	0	0	23	157	102	55
PCT9113	TO	1004	545	0	0	58	487	350	137
PCT9114	MV	659	289	0	0	19	270	195	75
PCT9114	ED	231	147	0	0	16	131	105	26
PCT9114	TO	890	436	0	0	35	401	300	101
PCT9115	MV	699	319	0	1	33	285	195	90
PCT9115	ED	182	155	0	0	19	136	108	28
PCT9115	TO	881	474	0	1	52	421	303	118
PCT9116	MV	782	342	0	0	28	314	224	90
PCT9116	ED	179	148	0	0	16	132	97	35
PCT9116	TO	961	490	0	0	44	446	321	125
PCT9117	MV	629	325	0	0	31	294	192	102
PCT9117	ED	171	158	0	0	11	147	99	48
PCT9117	TO	800	483	0	0	42	441	291	150
PCT9118	MV	738	338	0	0	42	296	176	120
PCT9118	ED	246	165	0	0	18	147	110	37
PCT9118	TO	984	503	0	0	60	443	286	157
PCT9119	MV	703	383	0	0	29	354	194	160
PCT9119	ED	197	120	0	0	15	105	81	24
PCT9119	TO	900	503	0	0	44	459	275	184
PCT9121	MV	734	326	0	0	26	300	181	119
PCT9121	ED	219	141	0	0	11	130	83	47
PCT9121	TO	953	467	0	0	37	430	264	166
PCT9122	MV	774	362	0	0	35	327	191	136
PCT9122	ED	193	122	0	0	17	105	79	26
PCT9122	TO	967	484	0	0	52	432	270	162
PCT9123	MV	661	319	0	0	30	289	173	116
PCT9123	ED	191	139	0	0	13	126	94	32
PCT9123	TO	852	458	0	0	43	415	267	148
PCT9124	MV	735	347	0	0	24	323	199	124
PCT9124	ED	168	118	0	0	12	106	78	28
PCT9124	TO	903	465	0	0	36	429	277	152
PCT9125	MV	680	350	0	0	24	326	206	120
PCT9125	ED	189	124	0	0	12	112	77	35
PCT9125	TO	869	474	0	0	36	438	283	155
PCT9126	MV	819	379	0	0	31	348	203	145
PCT9126	ED	194	152	0	0	14	138	103	35
PCT9126	TO	1013	531	0	0	45	486	306	180
PCT9127	MV	748	375	0	0	36	339	221	118
PCT9127	ED	223	184	0	0	16	168	123	45
PCT9127	TO	971	559	0	0	52	507	344	163
PCT9128	MV	628	330	0	0	31	299	196	103
PCT9128	ED	190	166	0	0	23	143	105	38
PCT9128	TO	818	496	0	0	54	442	301	141
PCT9129	MV	587	268	0	0	19	249	156	93
PCT9129	ED	151	129	0	0	7	122	95	27
PCT9129	TO	738	397	0	0	26	371	251	120
PCT9131	MV	596	280	0	0	22	258	159	99
PCT9131	ED	138	111	0	0	15	96	68	28
PCT9131	TO	734	391	0	0	37	354	227	127
PCT9132	MV	627	258	0	0	30	228	169	59
PCT9132	ED	194	130	0	0	13	117	89	28
PCT9132	TO	821	388	0	0	43	345	258	87
PCT9133	MV	808	373	0	0	39	334	228	106
PCT9133	ED	209	157	0	0	11	146	115	31
PCT9133	TO	1017	530	0	0	50	480	343	137
PCT9134	MV	736	254	0	0	22	232	140	92
PCT9134	ED	155	102	0	0	14	88	60	28
PCT9134	TO	891	356	0	0	36	320	200	120
PCT9135	MV	640	301	0	0	28	273	160	113
PCT9135	ED	182	125	0	0	5	120	70	50
PCT9135	TO	822	426	0	0	33	393	230	163
PCT9136	MV	706	360	0	0	36	324	210	114
PCT9136	ED	212	139	0	0	19	120	93	27
PCT9136	TO	918	499	0	0	55	444	303	141
PCT9137	MV	804	381	0	0	35	346	222	124
PCT9137	ED	211	133	0	0	8	125	85	40
PCT9137	TO	1015	514	0	0	43	471	307	164
PCT9138	MV	770	396	0	0	30	366	219	147
PCT9138	ED	175	119	0	0	12	107	77	30
PCT9138	TO	945	515	0	0	42	473	296	177
PCT9139	MV	828	415	0	0	36	379	235	144
PCT9139	ED	190	141	0	0	12	129	88	41
PCT9139	TO	1018	556	0	0	48	508	323	185
PCT9141	MV	789	413	0	0	39	374	229	145
PCT9141	ED	184	144	0	0	15	129	92	37
PCT9141	TO	973	557	0	0	54	503	321	182
PCT9142	MV	747	360	0	1	22	337	232	105
PCT9142	ED	239	162	0	0	17	145	105	40
PCT9142	TO	986	522	0	1	39	482	337	145
PCT9143	MV	705	357	0	0	29	328	205	123
PCT9143	ED	209	150	0	0	13	137	99	38
PCT9143	TO	914	507	0	0	42	465	304	161
PCT9144	MV	766	371	0	1	29	341	209	132
PCT9144	ED	204	177	0	0	13	164	126	38
PCT9144	TO	970	548	0	1	42	505	335	170
PCT9145	MV	681	329	0	0	24	305	207	98
PCT9145	ED	194	157	0	0	10	147	99	48
PCT9145	TO	875	486	0	0	34	452	306	146
PCT9146	MV	725	350	0	0	34	316	230	86
PCT9146	ED	160	143	0	0	13	130	98	32
PCT9146	TO	885	493	0	0	47	446	328	118
PCT9147	MV	765	368	0	1	33	334	239	95
PCT9147	ED	225	161	0	0	14	147	111	36
PCT9147	TO	990	529	0	1	47	481	350	131
PCT9148	MV	778	389	0	0	33	356	264	92
PCT9148	ED	236	177	0	0	20	157	120	37
PCT9148	TO	1014	566	0	0	53	513	384	129
PCT9149	MV	812	372	0	0	33	339	234	105
PCT9149	ED	179	240	0	1	23	216	173	43
PCT9149	TO	991	612	0	1	56	555	407	148
PCT9151	MV	693	342	0	0	32	310	228	82
PCT9151	ED	168	111	0	0	6	105	69	36
PCT9151	TO	861	453	0	0	38	415	297	118
PCT9152	MV	550	196	0	0	18	178	146	32
PCT9152	ED	187	124	0	0	12	112	95	17
PCT9152	TO	737	320	0	0	30	290	241	49
PCT9201	MV	784	347	0	0	35	312	255	57
PCT9201	ED	187	166	0	0	17	149	123	26
PCT9201	TO	971	513	0	0	52	461	378	83
PCT9202	MV	819	361	0	0	37	324	238	86
PCT9202	ED	177	164	0	0	19	145	110	35
PCT9202	TO	996	525	0	0	56	469	348	121
PCT9203	MV	847	366	0	0	67	299	170	129
PCT9203	ED	155	120	0	0	14	106	54	52
PCT9203	TO	1002	486	0	0	81	405	224	181
PCT9204	MV	686	302	0	0	38	264	156	108
PCT9204	ED	176	138	0	0	14	124	80	44
PCT9204	TO	862	440	0	0	52	388	236	152
PCT9205	MV	621	278	0	1	37	240	177	63
PCT9205	ED	115	92	0	0	17	75	44	31
PCT9205	TO	736	370	0	1	54	315	221	94
PCT9206	MV	741	349	0	0	41	308	174	134
PCT9206	ED	188	149	0	0	30	119	68	51
PCT9206	TO	929	498	0	0	71	427	242	185
PCT9207	MV	824	366	0	0	39	327	178	149
PCT9207	ED	165	130	0	0	16	114	64	50
PCT9207	TO	989	496	0	0	55	441	242	199
PCT9208	MV	808	348	0	0	36	312	199	113
PCT9208	ED	179	127	0	0	14	113	71	42
PCT9208	TO	987	475	0	0	50	425	270	155
PCT9209	MV	615	274	0	0	31	243	143	100
PCT9209	ED	156	119	0	0	18	101	64	37
PCT9209	TO	771	393	0	0	49	344	207	137
PCT9211	MV	730	308	0	0	43	265	151	114
PCT9211	ED	161	132	0	0	19	113	68	45
PCT9211	TO	891	440	0	0	62	378	219	159
PCT9212	MV	671	278	0	1	36	241	160	81
PCT9212	ED	137	114	0	0	18	96	59	37
PCT9212	TO	808	392	0	1	54	337	219	118
PCT9213	MV	776	342	0	0	34	308	208	100
PCT9213	ED	161	130	0	0	14	116	78	38
PCT9213	TO	937	472	0	0	48	424	286	138
PCT9214	MV	517	232	0	0	19	213	127	86
PCT9214	ED	110	103	0	0	18	85	54	31
PCT9214	TO	627	335	0	0	37	298	181	117
PCT9215	MV	524	240	0	0	17	223	127	96
PCT9215	ED	120	100	0	0	14	86	54	32
PCT9215	TO	644	340	0	0	31	309	181	128
PCT9216	MV	669	260	0	0	45	215	130	85
PCT9216	ED	155	125	0	0	14	111	69	42
PCT9216	TO	824	385	0	0	59	326	199	127
PCT9217	MV	587	263	0	0	22	241	156	85
PCT9217	ED	118	87	0	0	7	80	50	30
PCT9217	TO	705	350	0	0	29	321	206	115
PCT9218	MV	652	275	0	1	37	237	140	97
PCT9218	ED	164	112	0	0	9	103	61	42
PCT9218	TO	816	387	0	1	46	340	201	139
PCT9219	MV	646	285	0	0	44	241	165	76
PCT9219	ED	144	116	0	0	11	105	80	25
PCT9219	TO	790	401	0	0	55	346	245	101
PCT9221	MV	562	318	0	0	24	294	151	143
PCT9221	ED	89	99	0	0	12	87	50	37
PCT9221	TO	651	417	0	0	36	381	201	180
PCT9222	MV	773	365	0	0	29	336	198	138
PCT9222	ED	137	116	0	0	15	101	67	34
PCT9222	TO	910	481	0	0	44	437	265	172
PCT9223	MV	558	264	0	0	23	241	137	104
PCT9223	ED	109	59	0	0	8	51	30	21
PCT9223	TO	667	323	0	0	31	292	167	125
PCT9224	MV	768	376	0	0	37	339	205	134
PCT9224	ED	181	151	0	0	22	129	79	50
PCT9224	TO	949	527	0	0	59	468	284	184
PCT9225	MV	757	301	0	0	29	272	185	87
PCT9225	ED	169	156	0	0	29	127	88	39
PCT9225	TO	926	457	0	0	58	399	273	126
PCT9226	MV	741	350	0	0	51	299	195	104
PCT9226	ED	155	143	0	0	17	126	77	49
PCT9226	TO	896	493	0	0	68	425	272	153
PCT9227	MV	605	363	0	0	41	322	201	121
PCT9227	ED	124	114	0	0	7	107	58	49
PCT9227	TO	729	477	0	0	48	429	259	170
PCT9228	MV	577	306	0	0	24	282	170	112
PCT9228	ED	161	141	0	0	12	129	71	58
PCT9228	TO	738	447	0	0	36	411	241	170
PCT9229	MV	460	252	0	0	29	223	146	77
PCT9229	ED	119	106	0	0	11	95	57	38
PCT9229	TO	579	358	0	0	40	318	203	115
PCT9231	MV	726	340	0	0	32	308	220	88
PCT9231	ED	236	208	0	0	26	182	136	46
PCT9231	TO	962	548	0	0	58	490	356	134
PCT9232	MV	608	288	0	0	35	253	163	90
PCT9232	ED	126	140	0	0	20	120	77	43
PCT9232	TO	734	428	0	0	55	373	240	133
PCT9233	MV	668	317	0	0	33	284	152	132
PCT9233	ED	150	141	0	0	23	118	78	40
PCT9233	TO	818	458	0	0	56	402	230	172
PCT9234	MV	643	306	0	0	35	271	160	111
PCT9234	ED	91	112	0	0	18	94	46	48
PCT9234	TO	734	418	0	0	53	365	206	159
PCT9235	MV	703	356	0	0	37	319	169	150
PCT9235	ED	160	140	0	0	14	126	79	47
PCT9235	TO	863	496	0	0	51	445	248	197
PCT9236	MV	537	274	0	0	28	246	160	86
PCT9236	ED	136	101	0	0	15	86	54	32
PCT9236	TO	673	375	0	0	43	332	214	118
PCT9237	MV	779	388	0	0	44	344	225	119
PCT9237	ED	118	134	0	0	15	119	84	35
PCT9237	TO	897	522	0	0	59	463	309	154
PCT9238	MV	687	325	0	0	41	284	170	114
PCT9238	ED	118	118	0	0	19	99	64	35
PCT9238	TO	805	443	0	0	60	383	234	149
PCT9239	MV	740	383	0	0	52	331	206	125
PCT9239	ED	124	117	0	0	17	100	64	36
PCT9239	TO	864	500	0	0	69	431	270	161
PCT9241	MV	819	394	0	0	46	348	237	111
PCT9241	ED	141	139	0	0	19	120	86	34
PCT9241	TO	960	533	0	0	65	468	323	145
PCT9242	MV	771	341	0	0	44	297	206	91
PCT9242	ED	172	155	0	0	18	137	94	43
PCT9242	TO	943	496	0	0	62	434	300	134
PCT9243	MV	480	239	0	0	32	207	145	62
PCT9243	ED	123	113	0	0	15	98	70	28
PCT9243	TO	603	352	0	0	47	305	215	90
PCT9244	MV	755	390	0	0	51	339	239	100
PCT9244	ED	155	121	0	0	10	111	82	29
PCT9244	TO	910	511	0	0	61	450	321	129
PCT9245	MV	616	292	0	0	42	250	151	99
PCT9245	ED	98	91	0	0	14	77	57	20
PCT9245	TO	714	383	0	0	56	327	208	119
PCT9246	MV	815	425	0	0	37	388	235	153
PCT9246	ED	155	140	0	0	23	117	94	23
PCT9246	TO	970	565	0	0	60	505	329	176
PCT9247	MV	764	376	0	0	41	335	225	110
PCT9247	ED	148	156	0	0	29	127	89	38
PCT9247	TO	912	532	0	0	70	462	314	148
PCT9248	MV	757	354	0	0	42	312	213	99
PCT9248	ED	150	145	0	0	18	127	91	36
PCT9248	TO	907	499	0	0	60	439	304	135
PCT9249	MV	724	369	0	0	42	327	213	114
PCT9249	ED	191	171	0	0	23	148	95	53
PCT9249	TO	915	540	0	0	65	475	308	167
PCT9251	MV	792	389	0	0	41	348	223	125
PCT9251	ED	174	179	0	0	20	159	109	50
PCT9251	TO	966	568	0	0	61	507	332	175
PCT9252	MV	810	374	0	0	35	339	210	129
PCT9252	ED	143	127	0	0	15	112	91	21
PCT9252	TO	953	501	0	0	50	451	301	150
PCT9253	MV	599	295	0	0	24	271	184	87
PCT9253	ED	162	116	0	0	9	107	72	35
PCT9253	TO	761	411	0	0	33	378	256	122
PCT9254	MV	758	403	0	0	38	365	254	111
PCT9254	ED	163	155	0	0	23	132	97	35
PCT9254	TO	921	558	0	0	61	497	351	146
PCT9255	MV	436	194	0	0	23	171	117	54
PCT9255	ED	114	112	0	0	15	97	75	22
PCT9255	TO	550	306	0	0	38	268	192	76
PCT9256	MV	367	166	0	0	17	149	98	51
PCT9256	ED	95	74	0	0	10	64	50	14
PCT9256	TO	462	240	0	0	27	213	148	65
PCT9257	MV	359	157	0	0	17	140	109	31
PCT9257	ED	-39	0	0	0	0	0	0	0
PCT9257	TO	320	157	0	0	17	140	109	31
PCT9258	MV	583	301	0	0	32	269	168	101
PCT9258	ED	120	103	0	0	11	92	72	20
PCT9258	TO	703	404	0	0	43	361	240	121
PCT9401	MV	794	354	0	0	26	328	247	81
PCT9401	ED	244	176	0	0	18	158	130	28
PCT9401	TO	1038	530	0	0	44	486	377	109
PCT9402	MV	774	369	0	0	34	335	238	97
PCT9402	ED	243	159	0	0	16	143	112	31
PCT9402	TO	1017	528	0	0	50	478	350	128
PCT9403	MV	731	338	0	0	25	313	204	109
PCT9403	ED	190	123	0	0	8	115	90	25
PCT9403	TO	921	461	0	0	33	428	294	134
PCT9404	MV	752	344	0	0	25	319	181	138
PCT9404	ED	192	154	0	0	15	139	99	40
PCT9404	TO	944	498	0	0	40	458	280	178
PCT9405	MV	628	275	0	0	28	247	138	109
PCT9405	ED	152	104	0	0	7	97	59	38
PCT9405	TO	780	379	0	0	35	344	197	147
PCT9406	MV	694	323	0	0	28	295	183	112
PCT9406	ED	189	150	0	0	10	140	95	45
PCT9406	TO	883	473	0	0	38	435	278	157
PCT9407	MV	712	363	0	0	35	328	222	106
PCT9407	ED	201	131	0	0	19	112	82	30
PCT9407	TO	913	494	0	0	54	440	304	136
PCT9408	MV	709	310	0	0	33	277	222	55
PCT9408	ED	154	125	0	0	14	111	90	21
PCT9408	TO	863	435	0	0	47	388	312	76
PCT9409	MV	443	220	0	0	23	197	143	54
PCT9409	ED	158	127	0	0	11	116	96	20
PCT9409	TO	601	347	0	0	34	313	239	74
PCT9411	MV	816	364	0	0	40	324	247	77
PCT9411	ED	191	135	0	0	12	123	100	23
PCT9411	TO	1007	499	0	0	52	447	347	100
PCT9412	MV	668	335	0	0	23	312	204	108
PCT9412	ED	202	138	0	0	12	126	96	30
PCT9412	TO	870	473	0	0	35	438	300	138
PCT9413	MV	757	366	0	0	42	324	187	137
PCT9413	ED	179	127	0	0	12	115	86	29
PCT9413	TO	936	493	0	0	54	439	273	166
PCT9414	MV	734	358	0	0	35	323	191	132
PCT9414	ED	186	107	0	0	10	97	63	34
PCT9414	TO	920	465	0	0	45	420	254	166
PCT9415	MV	634	307	0	0	30	277	161	116
PCT9415	ED	154	96	0	0	7	89	62	27
PCT9415	TO	788	403	0	0	37	366	223	143
PCT9416	MV	768	382	0	0	43	339	205	134
PCT9416	ED	231	143	0	0	7	136	100	36
PCT9416	TO	999	525	0	0	50	475	305	170
PCT9417	MV	628	317	0	0	34	283	161	122
PCT9417	ED	146	110	0	0	6	104	69	35
PCT9417	TO	774	427	0	0	40	387	230	157
PCT9418	MV	627	304	0	0	34	270	150	120
PCT9418	ED	192	122	0	0	11	111	72	39
PCT9418	TO	819	426	0	0	45	381	222	159
PCT9419	MV	736	363	0	0	33	330	167	163
PCT9419	ED	173	107	0	0	9	98	54	44
PCT9419	TO	909	470	0	0	42	428	221	207
PCT9421	MV	752	330	0	0	30	300	169	131
PCT9421	ED	173	112	0	0	6	106	70	36
PCT9421	TO	925	442	0	0	36	406	239	167
PCT9422	MV	831	406	0	0	36	370	222	148
PCT9422	ED	270	145	0	0	14	131	88	43
PCT9422	TO	1101	551	0	0	50	501	310	191
PCT9423	MV	711	309	0	0	35	274	170	104
PCT9423	ED	193	121	0	0	9	112	80	32
PCT9423	TO	904	430	0	0	44	386	250	136
PCT9424	MV	797	379	0	0	29	350	201	149
PCT9424	ED	212	114	0	0	12	102	76	26
PCT9424	TO	1009	493	0	0	41	452	277	175
PCT9425	MV	789	339	0	0	36	303	164	139
PCT9425	ED	187	114	0	0	13	101	77	24
PCT9425	TO	976	453	0	0	49	404	241	163
PCT9426	MV	696	317	0	0	29	288	149	139
PCT9426	ED	157	104	0	0	16	88	48	40
PCT9426	TO	853	421	0	0	45	376	197	179
PCT9427	MV	797	377	0	0	26	351	159	192
PCT9427	ED	190	115	0	1	19	95	59	36
PCT9427	TO	987	492	0	1	45	446	218	228
PCT9428	MV	809	343	0	0	36	307	165	142
PCT9428	ED	181	113	0	0	12	101	68	33
PCT9428	TO	990	456	0	0	48	408	233	175
PCT9429	MV	707	339	0	0	36	303	162	141
PCT9429	ED	199	124	0	0	21	103	63	40
PCT9429	TO	906	463	0	0	57	406	225	181
PCT9431	MV	831	408	0	0	51	357	168	189
PCT9431	ED	205	125	0	0	6	119	71	48
PCT9431	TO	1036	533	0	0	57	476	239	237
PCT9432	MV	742	352	0	0	38	314	176	138
PCT9432	ED	216	117	0	0	10	107	65	42
PCT9432	TO	958	469	0	0	48	421	241	180
PCT9433	MV	792	372	0	0	46	326	178	148
PCT9433	ED	166	93	0	0	6	87	45	42
PCT9433	TO	958	465	0	0	52	413	223	190
PCT9434	MV	780	384	0	0	42	342	217	125
PCT9434	ED	232	162	0	0	22	140	112	28
PCT9434	TO	1012	546	0	0	64	482	329	153
PCT9435	MV	776	364	0	0	26	338	195	143
PCT9435	ED	228	157	0	0	10	147	100	47
PCT9435	TO	1004	521	0	0	36	485	295	190
PCT9436	MV	840	379	0	0	18	361	205	156
PCT9436	ED	228	129	0	0	11	118	80	38
PCT9436	TO	1068	508	0	0	29	479	285	194
PCT9437	MV	735	369	0	0	35	334	184	150
PCT9437	ED	192	130	0	0	8	122	90	32
PCT9437	TO	927	499	0	0	43	456	274	182
PCT9438	MV	836	410	0	0	31	379	218	161
PCT9438	ED	153	83	0	0	8	75	54	21
PCT9438	TO	989	493	0	0	39	454	272	182
PCT9439	MV	718	337	0	0	21	316	170	146
PCT9439	ED	199	111	0	0	11	100	62	38
PCT9439	TO	917	448	0	0	32	416	232	184
PCT9441	MV	773	390	0	0	48	342	210	132
PCT9441	ED	198	125	0	0	21	104	77	27
PCT9441	TO	971	515	0	0	69	446	287	159
PCT9442	MV	827	370	0	0	40	330	199	131
PCT9442	ED	213	156	0	0	15	141	103	38
PCT9442	TO	1040	526	0	0	55	471	302	169
PCT9443	MV	759	353	0	0	27	326	196	130
PCT9443	ED	196	109	0	0	7	102	67	35
PCT9443	TO	955	462	0	0	34	428	263	165
PCT9444	MV	764	332	0	0	18	314	180	134
PCT9444	ED	201	94	0	0	11	83	52	31
PCT9444	TO	965	426	0	0	29	397	232	165
PCT9445	MV	824	399	0	0	34	365	221	144
PCT9445	ED	172	113	0	0	11	102	71	31
PCT9445	TO	996	512	0	0	45	467	292	175
PCT9446	MV	900	461	0	0	45	416	208	208
PCT9446	ED	216	145	0	0	17	128	96	32
PCT9446	TO	1116	606	0	0	62	544	304	240
PCT9447	MV	728	387	0	0	30	357	203	154
PCT9447	ED	193	143	0	0	11	132	86	46
PCT9447	TO	921	530	0	0	41	489	289	200
PCT9448	MV	740	338	0	0	27	311	181	130
PCT9448	ED	200	127	0	0	9	118	83	35
PCT9448	TO	940	465	0	0	36	429	264	165
PCT9449	MV	717	337	0	0	33	304	145	159
PCT9449	ED	164	96	0	0	7	89	54	35
PCT9449	TO	881	433	0	0	40	393	199	194
PCT9451	MV	353	176	0	0	15	161	76	85
PCT9451	ED	88	54	0	0	6	48	27	21
PCT9451	TO	441	230	0	0	21	209	103	106
PCT9452	MV	647	327	0	0	23	304	171	133
PCT9452	ED	195	134	0	1	12	121	79	42
PCT9452	TO	842	461	0	1	35	425	250	175
PCT9453	MV	409	216	0	0	20	196	92	104
PCT9453	ED	115	70	0	0	8	62	38	24
PCT9453	TO	524	286	0	0	28	258	130	128
PCT9501	MV	158	92	0	0	17	75	44	31
PCT9501	ED	-8	0	0	0	0	0	0	0
PCT9501	TO	150	92	0	0	17	75	44	31
PCT9502	MV	294	133	0	0	13	120	80	40
PCT9502	ED	-43	0	0	0	0	0	0	0
PCT9502	TO	251	133	0	0	13	120	80	40
PCT9503	MV	550	259	0	0	36	223	179	44
PCT9503	ED	150	82	0	0	11	71	62	9
PCT9503	TO	700	341	0	0	47	294	241	53
PCT9505	MV	589	291	0	0	29	262	190	72
PCT9505	ED	176	110	0	0	8	102	84	18
PCT9505	TO	765	401	0	0	37	364	274	90
PCT9506	MV	547	229	0	0	18	211	151	60
PCT9506	ED	207	128	0	0	16	112	92	20
PCT9506	TO	754	357	0	0	34	323	243	80
PCT9507	MV	556	301	0	0	27	274	212	62
PCT9507	ED	160	152	0	0	20	132	110	22
PCT9507	TO	716	453	0	0	47	406	322	84
PCT9508	MV	632	306	0	0	24	282	239	43
PCT9508	ED	148	132	0	0	10	122	109	13
PCT9508	TO	780	438	0	0	34	404	348	56
PCT9509	MV	585	294	0	0	25	269	215	54
PCT9509	ED	142	121	0	0	10	111	92	19
PCT9509	TO	727	415	0	0	35	380	307	73
PCT9511	MV	457	235	0	0	20	215	178	37
PCT9511	ED	177	120	0	0	9	111	89	22
PCT9511	TO	634	355	0	0	29	326	267	59
PCT9512	MV	617	319	0	0	25	294	234	60
PCT9512	ED	160	132	0	0	9	123	103	20
PCT9512	TO	777	451	0	0	34	417	337	80
PCT9513	MV	686	323	0	0	28	295	243	52
PCT9513	ED	191	126	0	0	10	116	97	19
PCT9513	TO	877	449	0	0	38	411	340	71
PCT9514	MV	713	347	0	0	42	305	247	58
PCT9514	ED	183	167	0	0	19	148	125	23
PCT9514	TO	896	514	0	0	61	453	372	81
PCT9515	MV	542	293	0	0	22	271	196	75
PCT9515	ED	170	133	0	0	11	122	97	25
PCT9515	TO	712	426	0	0	33	393	293	100
PCT9516	MV	705	357	0	0	35	322	235	87
PCT9516	ED	184	157	0	0	15	142	104	38
PCT9516	TO	889	514	0	0	50	464	339	125
PCT9517	MV	625	333	0	0	23	310	237	73
PCT9517	ED	163	135	0	0	20	115	95	20
PCT9517	TO	788	468	0	0	43	425	332	93
PCT9518	MV	641	312	0	0	33	279	222	57
PCT9518	ED	147	146	0	0	6	140	115	25
PCT9518	TO	788	458	0	0	39	419	337	82
PCT9519	MV	693	361	0	0	27	334	267	67
PCT9519	ED	198	170	0	0	15	155	124	31
PCT9519	TO	891	531	0	0	42	489	391	98
PCT9521	MV	687	348	0	0	29	319	272	47
PCT9521	ED	214	190	0	0	20	170	139	31
PCT9521	TO	901	538	0	0	49	489	411	78
PCT9701	MV	498	266	0	0	26	240	167	73
PCT9701	ED	156	135	0	0	8	127	100	27
PCT9701	TO	654	401	0	0	34	367	267	100
PCT9702	MV	553	296	0	0	21	275	196	79
PCT9702	ED	167	143	0	0	12	131	111	20
PCT9702	TO	720	439	0	0	33	406	307	99
PCT9703	MV	808	398	0	0	40	358	229	129
PCT9703	ED	183	142	0	0	11	131	87	44
PCT9703	TO	991	540	0	0	51	489	316	173
PCT9704	MV	759	417	0	0	45	372	222	150
PCT9704	ED	200	196	0	0	24	172	126	46
PCT9704	TO	959	613	0	0	69	544	348	196
PCT9705	MV	753	403	0	0	38	365	259	106
PCT9705	ED	176	142	0	0	16	126	103	23
PCT9705	TO	929	545	0	0	54	491	362	129
PCT9706	MV	57	33	0	0	0	33	24	9
PCT9706	ED	-8	0	0	0	0	0	0	0
PCT9706	TO	49	33	0	0	0	33	24	9
PCT9707	MV	687	352	0	0	35	317	173	144
PCT9707	ED	139	101	0	0	11	90	55	35
PCT9707	TO	826	453	0	0	46	407	228	179
PCT9708	MV	786	425	0	0	50	375	265	110
PCT9708	ED	175	157	0	0	14	143	109	34
PCT9708	TO	961	582	0	0	64	518	374	144
PCT9709	MV	831	418	0	0	48	370	228	142
PCT9709	ED	209	178	0	0	10	168	111	57
PCT9709	TO	1040	596	0	0	58	538	339	199
PCT9711	MV	502	306	0	0	29	277	180	97
PCT9711	ED	144	138	0	0	12	126	72	54
PCT9711	TO	646	444	0	0	41	403	252	151
PCT9712	MV	534	327	0	0	33	294	151	143
PCT9712	ED	127	116	0	0	4	112	75	37
PCT9712	TO	661	443	0	0	37	406	226	180
PCT9713	MV	746	384	0	0	38	346	195	151
PCT9713	ED	204	137	0	0	16	121	71	50
PCT9713	TO	950	521	0	0	54	467	266	201
PCT9714	MV	795	436	0	0	34	402	215	187
PCT9714	ED	156	133	0	0	6	127	77	50
PCT9714	TO	951	569	0	0	40	529	292	237
PCT9715	MV	449	237	0	0	21	216	123	93
PCT9715	ED	130	134	0	0	7	127	81	46
PCT9715	TO	579	371	0	0	28	343	204	139
PCT9716	MV	744	394	0	0	26	368	207	161
PCT9716	ED	222	164	0	0	13	151	99	52
PCT9716	TO	966	558	0	0	39	519	306	213
PCT9717	MV	753	424	0	0	30	394	243	151
PCT9717	ED	224	144	0	0	18	126	83	43
PCT9717	TO	977	568	0	0	48	520	326	194
PCT9718	MV	742	443	0	0	33	410	261	149
PCT9718	ED	159	144	0	0	7	137	91	46
PCT9718	TO	901	587	0	0	40	547	352	195
PCT9719	MV	747	451	0	0	36	415	247	168
PCT9719	ED	173	150	0	0	8	142	88	54
PCT9719	TO	920	601	0	0	44	557	335	222
PCT9721	MV	498	284	0	0	24	260	148	112
PCT9721	ED	164	133	0	0	6	127	74	53
PCT9721	TO	662	417	0	0	30	387	222	165
PCT9722	MV	513	311	0	0	24	287	175	112
PCT9722	ED	84	76	0	0	5	71	47	24
PCT9722	TO	597	387	0	0	29	358	222	136
PCT9723	MV	434	219	0	0	16	203	85	118
PCT9723	ED	74	44	0	0	5	39	18	21
PCT9723	TO	508	263	0	0	21	242	103	139
PCT9724	MV	848	450	0	0	42	408	159	249
PCT9724	ED	172	99	0	0	5	94	55	39
PCT9724	TO	1020	549	0	0	47	502	214	288
PCT9725	MV	806	431	0	0	28	403	187	216
PCT9725	ED	165	95	0	0	12	83	38	45
PCT9725	TO	971	526	0	0	40	486	225	261
PCT9726	MV	565	214	0	0	27	187	132	55
PCT9726	ED	51	102	0	0	7	95	74	21
PCT9726	TO	616	316	0	0	34	282	206	76
PCT9727	MV	403	220	0	2	12	206	111	95
PCT9727	ED	57	33	0	0	4	29	16	13
PCT9727	TO	460	253	0	2	16	235	127	108
PCT9728	MV	750	441	0	0	29	412	212	200
PCT9728	ED	213	137	0	0	12	125	77	48
PCT9728	TO	963	578	0	0	41	537	289	248
PCT9729	MV	654	331	0	0	22	309	145	164
PCT9729	ED	164	128	0	0	6	122	70	52
PCT9729	TO	818	459	0	0	28	431	215	216
PCT9731	MV	436	238	0	0	15	223	120	103
PCT9731	ED	143	111	0	0	10	101	52	49
PCT9731	TO	579	349	0	0	25	324	172	152
PCT9732	MV	78	47	0	0	4	43	19	24
PCT9732	ED	-5	0	0	0	0	0	0	0
PCT9732	TO	73	47	0	0	4	43	19	24
PCT9733	MV	261	154	0	0	5	149	106	43
PCT9733	ED	-21	0	0	0	0	0	0	0
PCT9733	TO	240	154	0	0	5	149	106	43
PCT9734	MV	473	283	0	0	18	265	163	102
PCT9734	ED	131	109	0	0	9	100	62	38
PCT9734	TO	604	392	0	0	27	365	225	140
PCT9735	MV	650	384	0	0	29	355	198	157
PCT9735	ED	170	132	0	0	20	112	67	45
PCT9735	TO	820	516	0	0	49	467	265	202
PCT9736	MV	586	318	0	0	21	297	177	120
PCT9736	ED	150	151	0	0	11	140	83	57
PCT9736	TO	736	469	0	0	32	437	260	177
PCT9737	MV	636	383	0	0	28	355	229	126
PCT9737	ED	155	135	0	0	12	123	79	44
PCT9737	TO	791	518	0	0	40	478	308	170
PCT9738	MV	687	311	0	0	30	281	198	83
PCT9738	ED	151	64	0	0	8	56	37	19
PCT9738	TO	838	375	0	0	38	337	235	102
PCT9739	MV	639	263	0	0	11	252	190	62
PCT9739	ED	150	88	0	0	4	84	68	16
PCT9739	TO	789	351	0	0	15	336	258	78
PCT9741	MV	508	168	0	0	18	150	132	18
PCT9741	ED	-67	10	0	0	1	9	7	2
PCT9741	TO	441	178	0	0	19	159	139	20
PCT9742	MV	529	222	0	0	15	207	94	113
PCT9742	ED	166	98	0	0	8	90	55	35
PCT9742	TO	695	320	0	0	23	297	149	148
PCT9743	MV	898	393	0	0	27	366	261	105
PCT9743	ED	242	170	0	0	17	153	120	33
PCT9743	TO	1140	563	0	0	44	519	381	138
PCT9744	MV	752	328	0	1	27	300	207	93
PCT9744	ED	191	121	0	0	15	106	73	33
PCT9744	TO	943	449	0	1	42	406	280	126
PCT9745	MV	755	313	0	0	30	283	209	74
PCT9745	ED	237	128	0	0	13	115	85	30
PCT9745	TO	992	441	0	0	43	398	294	104
PCT9746	MV	712	365	0	0	18	347	201	146
PCT9746	ED	191	118	0	0	11	107	66	41
PCT9746	TO	903	483	0	0	29	454	267	187
PCT9747	MV	768	393	0	0	28	365	224	141
PCT9747	ED	208	145	0	0	14	131	98	33
PCT9747	TO	976	538	0	0	42	496	322	174
PCT9748	MV	746	420	0	0	36	384	250	134
PCT9748	ED	167	116	0	1	10	105	57	48
PCT9748	TO	913	536	0	1	46	489	307	182
PCT9749	MV	749	281	0	0	23	258	174	84
PCT9749	ED	189	108	0	0	7	101	74	27
PCT9749	TO	938	389	0	0	30	359	248	111
PCT9751	MV	856	463	0	0	40	423	260	163
PCT9751	ED	215	151	0	1	14	136	96	40
PCT9751	TO	1071	614	0	1	54	559	356	203
PCT9752	MV	563	323	0	0	24	299	186	113
PCT9752	ED	134	108	0	0	7	101	70	31
PCT9752	TO	697	431	0	0	31	400	256	144
PCT9753	MV	617	293	0	0	26	267	173	94
PCT9753	ED	145	123	0	0	4	119	88	31
PCT9753	TO	762	416	0	0	30	386	261	125
PCT9754	MV	544	316	0	0	20	296	211	85
PCT9754	ED	163	113	0	0	9	104	84	20
PCT9754	TO	707	429	0	0	29	400	295	105
PCT9755	MV	441	238	0	0	25	213	146	67
PCT9755	ED	139	99	0	0	7	92	72	20
PCT9755	TO	580	337	0	0	32	305	218	87
PCT9756	MV	801	362	0	0	28	334	187	147
PCT9756	ED	166	106	0	0	9	97	64	33
PCT9756	TO	967	468	0	0	37	431	251	180
PCT9801	MV	320	158	0	0	10	148	105	43
PCT9801	ED	88	52	0	0	5	47	35	12
PCT9801	TO	408	210	0	0	15	195	140	55
PCT9900	MV	0	0	0	0	0	0	0	0
PCT9900	ED	0	0	0	0	0	0	0	0
PCT9900	TO	0	0	0	0	0	0	0	0
PCT9901	MV	0	0	0	0	0	0	0	0
PCT9901	ED	0	0	0	0	0	0	0	0
PCT9901	TO	0	0	0	0	0	0	0	0
PCT9902	MV	0	0	0	0	0	0	0	0
PCT9902	ED	0	0	0	0	0	0	0	0
PCT9902	TO	0	0	0	0	0	0	0	0
CONG12	MV	355422	171399	0	27	16371	155001	107542	47459
CONG12	ED	90426	65251	0	15	6614	58622	44114	14508
CONG12	TO	445848	236650	0	42	22985	213623	151656	61967
CONG14	MV	46630	21987	0	4	1681	20302	12178	8124
CONG14	ED	11421	6926	0	3	584	6339	4321	2018
CONG14	TO	58051	28913	0	7	2265	26641	16499	10142
ASSM17	MV	232714	112342	0	19	10615	101708	73401	28307
ASSM17	ED	59708	41964	0	11	4177	37776	29308	8468
ASSM17	TO	292422	154306	0	30	14792	139484	102709	36775
ASSM19	MV	169338	81044	0	12	7437	73595	46319	27276
ASSM19	ED	42139	30213	0	7	3021	27185	19127	8058
ASSM19	TO	211477	111257	0	19	10458	100780	65446	35334
SUPV1	MV	33848	16279	0	5	1465	14809	9756	5053
SUPV1	ED	9268	6893	0	2	663	6228	4550	1678
SUPV1	TO	43116	23172	0	7	2128	21037	14306	6731
SUPV2	MV	41429	19608	0	3	2192	17413	11146	6267
SUPV2	ED	8617	7551	0	0	986	6565	4423	2142
SUPV2	TO	50046	27159	0	3	3178	23978	15569	8409
SUPV3	MV	31930	14092	0	2	1544	12546	8308	4238
SUPV3	ED	7447	5109	0	0	580	4529	3377	1152
SUPV3	TO	39377	19201	0	2	2124	17075	11685	5390
SUPV4	MV	34985	16592	0	0	1532	15060	8805	6255
SUPV4	ED	9109	5869	0	2	553	5314	3696	1618
SUPV4	TO	44094	22461	0	2	2085	20374	12501	7873
SUPV5	MV	41957	21096	0	3	2020	19073	14995	4078
SUPV5	ED	10943	8955	0	2	916	8037	6582	1455
SUPV5	TO	52900	30051	0	5	2936	27110	21577	5533
SUPV6	MV	35745	14963	0	1	1545	13417	9434	3983
SUPV6	ED	7950	4327	0	0	499	3828	2886	942
SUPV6	TO	43695	19290	0	1	2044	17245	12320	4925
SUPV7	MV	38328	20392	0	4	1684	18704	11584	7120
SUPV7	ED	9115	7178	0	2	597	6579	4436	2143
SUPV7	TO	47443	27570	0	6	2281	25283	16020	9263
SUPV8	MV	46363	26976	0	7	2466	24503	18545	5958
SUPV8	ED	11814	11078	0	5	1046	10027	7836	2191
SUPV8	TO	58177	38054	0	12	3512	34530	26381	8149
SUPV9	MV	33157	16480	0	1	1329	15150	11335	3815
SUPV9	ED	10106	7052	0	4	592	6456	5220	1236
SUPV9	TO	43263	23532	0	5	1921	21606	16555	5051
SUPV10	MV	33748	13671	0	3	1228	12440	8405	4035
SUPV10	ED	9365	4180	0	0	401	3779	2856	923
SUPV10	TO	43113	17851	0	3	1629	16219	11261	4958
SUPV11	MV	30562	13237	0	2	1047	12188	7407	4781
SUPV11	ED	8113	3985	0	1	365	3619	2573	1046
SUPV11	TO	38675	17222	0	3	1412	15807	9980	5827
NEIG1	MV	15456	5842	0	0	519	5323	3493	1830
NEIG1	ED	5029	1543	0	0	130	1413	1070	343
NEIG1	TO	20485	7385	0	0	649	6736	4563	2173
NEIG2	MV	14025	6157	0	2	721	5434	3452	1982
NEIG2	ED	3242	2161	0	0	280	1881	1367	514
NEIG2	TO	17267	8318	0	2	1001	7315	4819	2496
NEIG3	MV	22038	9268	0	0	996	8272	5900	2372
NEIG3	ED	5981	3247	0	0	325	2922	2255	667
NEIG3	TO	28019	12515	0	0	1321	11194	8155	3039
NEIG4	MV	5628	3436	0	0	315	3121	2170	951
NEIG4	ED	1432	1236	0	1	129	1106	784	322
NEIG4	TO	7060	4672	0	1	444	4227	2954	1273
NEIG5	MV	22668	9994	0	2	814	9178	5508	3670
NEIG5	ED	5925	2958	0	0	275	2683	1860	823
NEIG5	TO	28593	12952	0	2	1089	11861	7368	4493
NEIG6	MV	11525	5835	0	0	558	5277	4305	972
NEIG6	ED	2337	2735	0	0	271	2464	2051	413
NEIG6	TO	13862	8570	0	0	829	7741	6356	1385
NEIG7	MV	9764	4044	0	0	294	3750	2365	1385
NEIG7	ED	2631	1293	0	1	111	1181	886	295
NEIG7	TO	12395	5337	0	1	405	4931	3251	1680
NEIG8	MV	7624	3949	0	0	364	3585	2752	833
NEIG8	ED	2034	1820	0	0	178	1642	1319	323
NEIG8	TO	9658	5769	0	0	542	5227	4071	1156
NEIG9	MV	6892	3090	0	1	256	2833	1760	1073
NEIG9	ED	1366	921	0	0	87	834	575	259
NEIG9	TO	8258	4011	0	1	343	3667	2335	1332
NEIG10	MV	8170	3814	0	0	367	3447	2370	1077
NEIG10	ED	1852	1658	0	1	178	1479	1113	366
NEIG10	TO	10022	5472	0	1	545	4926	3483	1443
NEIG11	MV	33505	15264	0	3	1749	13512	8679	4833
NEIG11	ED	5935	5701	0	0	774	4927	3333	1594
NEIG11	TO	39440	20965	0	3	2523	18439	12012	6427
NEIG12	MV	23568	11636	0	2	952	10682	8565	2117
NEIG12	ED	7437	5267	0	2	472	4793	3992	801
NEIG12	TO	31005	16903	0	4	1424	15475	12557	2918
NEIG14	MV	6790	3923	0	0	340	3583	2805	778
NEIG14	ED	1943	1783	0	2	148	1633	1336	297
NEIG14	TO	8733	5706	0	2	488	5216	4141	1075
NEIG15	MV	5778	2610	0	0	244	2366	1553	813
NEIG15	ED	1310	1007	0	0	105	902	674	228
NEIG15	TO	7088	3617	0	0	349	3268	2227	1041
NEIG13	MV	13551	7997	0	1	759	7237	5364	1873
NEIG13	ED	3437	3361	0	2	303	3056	2374	682
NEIG13	TO	16988	11358	0	3	1062	10293	7738	2555
NEIG26	MV	7828	3472	0	0	281	3191	1835	1356
NEIG26	ED	1804	941	0	1	84	856	573	283
NEIG26	TO	9632	4413	0	1	365	4047	2408	1639
NEIG16	MV	14619	6688	0	1	658	6029	4417	1612
NEIG16	ED	2737	2400	0	0	257	2143	1666	477
NEIG16	TO	17356	9088	0	1	915	8172	6083	2089
NEIG17	MV	29430	14222	0	5	1277	12940	8453	4487
NEIG17	ED	8195	5965	0	1	570	5394	3934	1460
NEIG17	TO	37625	20187	0	6	1847	18334	12387	5947
NEIG19	MV	7162	3939	0	0	317	3622	2774	848
NEIG19	ED	2409	1863	0	1	154	1708	1329	379
NEIG19	TO	9571	5802	0	1	471	5330	4103	1227
NEIG18	MV	6455	3322	0	0	339	2983	1866	1117
NEIG18	ED	1566	1453	0	0	169	1284	821	463
NEIG18	TO	8021	4775	0	0	508	4267	2687	1580
NEIG20	MV	20904	8767	0	1	886	7880	5442	2438
NEIG20	ED	4173	2417	0	0	294	2123	1574	549
NEIG20	TO	25077	11184	0	1	1180	10003	7016	2987
NEIG21	MV	34542	16372	0	0	1509	14863	8662	6201
NEIG21	ED	8951	5742	0	2	542	5198	3600	1598
NEIG21	TO	43493	22114	0	2	2051	20061	12262	7799
NEIG22	MV	15378	9122	0	5	831	8286	6337	1949
NEIG22	ED	3515	3598	0	0	332	3266	2579	687
NEIG22	TO	18893	12720	0	5	1163	11552	8916	2636
NEIG23	MV	6633	2470	0	2	213	2255	1293	962
NEIG23	ED	1855	598	0	0	65	533	358	175
NEIG23	TO	8488	3068	0	2	278	2788	1651	1137
NEIG24	MV	28412	15843	0	3	1314	14526	8923	5603
NEIG24	ED	6962	5659	0	2	465	5192	3437	1755
NEIG24	TO	35374	21502	0	5	1779	19718	12360	7358
NEIG25	MV	23707	12310	0	3	1179	11128	8677	2451
NEIG25	ED	7789	4850	0	2	500	4348	3575	773
NEIG25	TO	31496	17160	0	5	1679	15476	12252	3224
