area_id	subtotal_type	RSReg	RSCst	RSRej	RSOvr	RSUnd	RSTot	9:YES	10:NO
ALLPCTS	TO	503899	144603	0	40	10853	133710	91050	42660
ALLPCTS	ED	503899	72177	0	28	5596	66553	48642	17911
ALLPCTS	MV	503899	72426	0	12	5257	67157	42408	24749
PCT1101	MV	562	89	0	0	10	79	50	29
PCT1101	ED	562	60	0	0	5	55	43	12
PCT1101	TO	562	149	0	0	15	134	93	41
PCT1102	MV	1004	120	0	0	4	116	55	61
PCT1102	ED	1004	158	0	0	10	148	108	40
PCT1102	TO	1004	278	0	0	14	264	163	101
PCT1103	MV	971	147	0	0	2	145	93	52
PCT1103	ED	971	142	0	0	7	135	97	38
PCT1103	TO	971	289	0	0	9	280	190	90
PCT1104	MV	1018	122	0	0	5	117	72	45
PCT1104	ED	1018	119	0	0	6	113	84	29
PCT1104	TO	1018	241	0	0	11	230	156	74
PCT1106	MV	771	93	0	0	8	85	47	38
PCT1106	ED	771	96	0	0	8	88	51	37
PCT1106	TO	771	189	0	0	16	173	98	75
PCT1107	MV	751	100	0	0	6	94	42	52
PCT1107	ED	751	76	0	0	7	69	46	23
PCT1107	TO	751	176	0	0	13	163	88	75
PCT1108	MV	923	117	0	0	8	109	67	42
PCT1108	ED	923	114	0	0	13	101	68	33
PCT1108	TO	923	231	0	0	21	210	135	75
PCT1109	MV	822	108	0	0	7	101	58	43
PCT1109	ED	822	97	0	0	5	92	61	31
PCT1109	TO	822	205	0	0	12	193	119	74
PCT1111	MV	1046	150	0	0	10	140	71	69
PCT1111	ED	1046	118	0	0	8	110	80	30
PCT1111	TO	1046	268	0	0	18	250	151	99
PCT1112	MV	802	100	0	0	6	94	54	40
PCT1112	ED	802	76	0	0	3	73	56	17
PCT1112	TO	802	176	0	0	9	167	110	57
PCT1113	MV	795	102	0	0	14	88	40	48
PCT1113	ED	795	65	0	0	6	59	44	15
PCT1113	TO	795	167	0	0	20	147	84	63
PCT1114	MV	991	102	0	0	7	95	59	36
PCT1114	ED	991	97	0	0	12	85	59	26
PCT1114	TO	991	199	0	0	19	180	118	62
PCT1115	MV	936	114	0	0	5	109	62	47
PCT1115	ED	936	85	0	0	6	79	60	19
PCT1115	TO	936	199	0	0	11	188	122	66
PCT1116	MV	931	141	0	0	15	126	82	44
PCT1116	ED	931	118	0	0	9	109	77	32
PCT1116	TO	931	259	0	0	24	235	159	76
PCT1117	MV	846	103	0	0	2	101	48	53
PCT1117	ED	846	71	0	0	2	69	49	20
PCT1117	TO	846	174	0	0	4	170	97	73
PCT1118	MV	1065	123	0	0	4	119	71	48
PCT1118	ED	1065	100	0	1	8	91	60	31
PCT1118	TO	1065	223	0	1	12	210	131	79
PCT1119	MV	797	114	0	0	7	107	62	45
PCT1119	ED	797	73	0	0	4	69	52	17
PCT1119	TO	797	187	0	0	11	176	114	62
PCT1121	MV	705	115	0	0	7	108	51	57
PCT1121	ED	705	81	0	0	6	75	48	27
PCT1121	TO	705	196	0	0	13	183	99	84
PCT1122	MV	637	67	0	0	4	63	27	36
PCT1122	ED	637	70	0	0	7	63	43	20
PCT1122	TO	637	137	0	0	11	126	70	56
PCT1123	MV	938	77	0	0	3	74	38	36
PCT1123	ED	938	89	0	0	4	85	52	33
PCT1123	TO	938	166	0	0	7	159	90	69
PCT1124	MV	829	96	0	0	4	92	46	46
PCT1124	ED	829	72	0	0	6	66	48	18
PCT1124	TO	829	168	0	0	10	158	94	64
PCT1125	MV	1097	154	0	0	21	133	71	62
PCT1125	ED	1097	65	0	0	8	57	45	12
PCT1125	TO	1097	219	0	0	29	190	116	74
PCT1126	MV	1012	149	0	0	9	140	76	64
PCT1126	ED	1012	68	0	0	2	66	40	26
PCT1126	TO	1012	217	0	0	11	206	116	90
PCT1127	MV	965	123	0	0	10	113	53	60
PCT1127	ED	965	99	0	0	7	92	58	34
PCT1127	TO	965	222	0	0	17	205	111	94
PCT1128	MV	879	111	0	0	5	106	49	57
PCT1128	ED	879	59	0	0	5	54	37	17
PCT1128	TO	879	170	0	0	10	160	86	74
PCT1129	MV	1036	129	0	0	4	125	73	52
PCT1129	ED	1036	108	0	0	11	97	62	35
PCT1129	TO	1036	237	0	0	15	222	135	87
PCT1131	MV	860	103	0	0	10	93	45	48
PCT1131	ED	860	60	0	0	4	56	40	16
PCT1131	TO	860	163	0	0	14	149	85	64
PCT1132	MV	1032	152	0	0	8	144	78	66
PCT1132	ED	1032	59	0	0	2	57	30	27
PCT1132	TO	1032	211	0	0	10	201	108	93
PCT1133	MV	875	140	0	0	4	136	73	63
PCT1133	ED	875	74	0	0	3	71	44	27
PCT1133	TO	875	214	0	0	7	207	117	90
PCT1134	MV	767	122	0	0	9	113	52	61
PCT1134	ED	767	80	0	0	8	72	47	25
PCT1134	TO	767	202	0	0	17	185	99	86
PCT1135	MV	556	83	0	0	5	78	48	30
PCT1135	ED	556	50	0	1	2	47	29	18
PCT1135	TO	556	133	0	1	7	125	77	48
PCT1136	MV	867	152	0	0	11	141	73	68
PCT1136	ED	867	77	0	0	6	71	43	28
PCT1136	TO	867	229	0	0	17	212	116	96
PCT1141	MV	1056	144	0	0	3	141	78	63
PCT1141	ED	1056	123	0	0	8	115	80	35
PCT1141	TO	1056	267	0	0	11	256	158	98
PCT1142	MV	896	111	0	0	10	101	65	36
PCT1142	ED	896	87	0	0	4	83	69	14
PCT1142	TO	896	198	0	0	14	184	134	50
PCT1143	MV	1049	152	0	0	12	140	92	48
PCT1143	ED	1049	113	0	0	7	106	73	33
PCT1143	TO	1049	265	0	0	19	246	165	81
PCT1144	MV	947	110	0	0	5	105	62	43
PCT1144	ED	947	121	0	0	9	112	76	36
PCT1144	TO	947	231	0	0	14	217	138	79
PCT1145	MV	905	146	0	0	10	136	77	59
PCT1145	ED	905	114	0	0	8	106	75	31
PCT1145	TO	905	260	0	0	18	242	152	90
PCT1146	MV	1054	143	0	0	12	131	64	67
PCT1146	ED	1054	109	0	0	6	103	77	26
PCT1146	TO	1054	252	0	0	18	234	141	93
PCT1147	MV	885	100	0	0	3	97	61	36
PCT1147	ED	885	107	0	0	8	99	73	26
PCT1147	TO	885	207	0	0	11	196	134	62
PCT1148	MV	1028	148	0	0	5	143	81	62
PCT1148	ED	1028	116	0	0	8	108	67	41
PCT1148	TO	1028	264	0	0	13	251	148	103
PCT1149	MV	939	107	0	0	5	102	48	54
PCT1149	ED	939	118	0	0	9	109	77	32
PCT1149	TO	939	225	0	0	14	211	125	86
PCT1151	MV	0	0	0	0	0	0	0	0
PCT1151	ED	0	0	0	0	0	0	0	0
PCT1151	TO	0	0	0	0	0	0	0	0
PCT1152	MV	890	112	0	0	8	104	61	43
PCT1152	ED	890	85	0	0	5	80	50	30
PCT1152	TO	890	197	0	0	13	184	111	73
PCT1153	MV	940	114	0	0	13	101	59	42
PCT1153	ED	940	116	0	0	10	106	66	40
PCT1153	TO	940	230	0	0	23	207	125	82
PCT1154	MV	0	0	0	0	0	0	0	0
PCT1154	ED	0	0	0	0	0	0	0	0
PCT1154	TO	0	0	0	0	0	0	0	0
PCT7001	MV	773	112	0	0	5	107	81	26
PCT7001	ED	773	101	0	0	6	95	68	27
PCT7001	TO	773	213	0	0	11	202	149	53
PCT7002	MV	714	81	0	0	10	71	50	21
PCT7002	ED	714	88	0	0	4	84	66	18
PCT7002	TO	714	169	0	0	14	155	116	39
PCT7003	MV	906	147	0	0	5	142	95	47
PCT7003	ED	906	144	0	0	9	135	96	39
PCT7003	TO	906	291	0	0	14	277	191	86
PCT7004	MV	913	146	0	0	13	133	90	43
PCT7004	ED	913	142	0	0	10	132	97	35
PCT7004	TO	913	288	0	0	23	265	187	78
PCT7005	MV	859	142	0	0	7	135	96	39
PCT7005	ED	859	162	0	0	18	144	115	29
PCT7005	TO	859	304	0	0	25	279	211	68
PCT7006	MV	932	119	0	0	8	111	77	34
PCT7006	ED	932	149	0	0	5	144	110	34
PCT7006	TO	932	268	0	0	13	255	187	68
PCT7007	MV	957	145	0	0	7	138	83	55
PCT7007	ED	957	168	0	0	16	152	112	40
PCT7007	TO	957	313	0	0	23	290	195	95
PCT7008	MV	909	154	0	0	8	146	93	53
PCT7008	ED	909	189	0	1	13	175	136	39
PCT7008	TO	909	343	0	1	21	321	229	92
PCT7009	MV	871	141	0	0	9	132	95	37
PCT7009	ED	871	91	0	0	4	87	53	34
PCT7009	TO	871	232	0	0	13	219	148	71
PCT7011	MV	973	66	0	0	4	62	36	26
PCT7011	ED	973	87	0	0	6	81	59	22
PCT7011	TO	973	153	0	0	10	143	95	48
PCT7012	MV	1226	192	0	0	14	178	121	57
PCT7012	ED	1226	203	0	0	18	185	140	45
PCT7012	TO	1226	395	0	0	32	363	261	102
PCT7013	MV	1139	122	0	0	2	120	95	25
PCT7013	ED	1139	151	0	0	11	140	106	34
PCT7013	TO	1139	273	0	0	13	260	201	59
PCT7014	MV	719	90	0	0	3	87	60	27
PCT7014	ED	719	111	0	0	14	97	78	19
PCT7014	TO	719	201	0	0	17	184	138	46
PCT7015	MV	110	13	0	0	3	10	9	1
PCT7015	ED	110	0	0	0	0	0	0	0
PCT7015	TO	110	13	0	0	3	10	9	1
PCT7016	MV	932	85	0	0	4	81	46	35
PCT7016	ED	932	75	0	0	5	70	49	21
PCT7016	TO	932	160	0	0	9	151	95	56
PCT7017	MV	781	52	0	0	7	45	22	23
PCT7017	ED	781	53	0	0	10	43	31	12
PCT7017	TO	781	105	0	0	17	88	53	35
PCT7018	MV	1047	130	0	0	8	122	50	72
PCT7018	ED	1047	56	0	0	5	51	39	12
PCT7018	TO	1047	186	0	0	13	173	89	84
PCT7019	MV	900	130	0	0	11	119	53	66
PCT7019	ED	900	73	0	0	7	66	47	19
PCT7019	TO	900	203	0	0	18	185	100	85
PCT7021	MV	967	78	0	0	8	70	55	15
PCT7021	ED	967	106	0	0	10	96	72	24
PCT7021	TO	967	184	0	0	18	166	127	39
PCT7022	MV	963	109	0	0	7	102	57	45
PCT7022	ED	963	54	0	0	1	53	43	10
PCT7022	TO	963	163	0	0	8	155	100	55
PCT7023	MV	920	142	0	0	6	136	64	72
PCT7023	ED	920	71	0	1	7	63	39	24
PCT7023	TO	920	213	0	1	13	199	103	96
PCT7024	MV	441	25	0	0	1	24	16	8
PCT7024	ED	441	20	0	0	4	16	10	6
PCT7024	TO	441	45	0	0	5	40	26	14
PCT7025	MV	483	41	0	0	2	39	24	15
PCT7025	ED	483	39	0	0	3	36	24	12
PCT7025	TO	483	80	0	0	5	75	48	27
PCT7026	MV	1010	137	0	0	11	126	55	71
PCT7026	ED	1010	72	0	0	7	65	41	24
PCT7026	TO	1010	209	0	0	18	191	96	95
PCT7027	MV	896	96	0	0	9	87	47	40
PCT7027	ED	896	96	0	0	6	90	58	32
PCT7027	TO	896	192	0	0	15	177	105	72
PCT7028	MV	856	85	0	0	5	80	39	41
PCT7028	ED	856	97	0	0	8	89	61	28
PCT7028	TO	856	182	0	0	13	169	100	69
PCT7029	MV	909	80	0	0	6	74	46	28
PCT7029	ED	909	39	0	0	3	36	20	16
PCT7029	TO	909	119	0	0	9	110	66	44
PCT7030	MV	795	128	0	0	6	122	61	61
PCT7030	ED	795	58	0	0	1	57	27	30
PCT7030	TO	795	186	0	0	7	179	88	91
PCT7031	MV	694	119	0	0	13	106	66	40
PCT7031	ED	694	48	0	0	6	42	30	12
PCT7031	TO	694	167	0	0	19	148	96	52
PCT7032	MV	881	112	0	1	9	102	58	44
PCT7032	ED	881	51	0	0	2	49	34	15
PCT7032	TO	881	163	0	1	11	151	92	59
PCT7033	MV	778	96	0	0	7	89	38	51
PCT7033	ED	778	86	0	0	9	77	46	31
PCT7033	TO	778	182	0	0	16	166	84	82
PCT7034	MV	938	52	0	0	5	47	27	20
PCT7034	ED	938	57	0	0	5	52	25	27
PCT7034	TO	938	109	0	0	10	99	52	47
PCT7035	MV	719	86	0	0	5	81	53	28
PCT7035	ED	719	52	0	0	7	45	34	11
PCT7035	TO	719	138	0	0	12	126	87	39
PCT7036	MV	974	108	0	0	3	105	45	60
PCT7036	ED	974	39	0	0	2	37	19	18
PCT7036	TO	974	147	0	0	5	142	64	78
PCT7037	MV	746	31	0	0	0	31	25	6
PCT7037	ED	746	38	0	0	7	31	17	14
PCT7037	TO	746	69	0	0	7	62	42	20
PCT7038	MV	961	145	0	0	12	133	62	71
PCT7038	ED	961	58	0	0	8	50	31	19
PCT7038	TO	961	203	0	0	20	183	93	90
PCT7039	MV	837	106	0	0	13	93	48	45
PCT7039	ED	837	104	0	0	4	100	63	37
PCT7039	TO	837	210	0	0	17	193	111	82
PCT7041	MV	66	13	0	0	1	12	4	8
PCT7041	ED	66	0	0	0	0	0	0	0
PCT7041	TO	66	13	0	0	1	12	4	8
PCT7042	MV	660	88	0	0	6	82	49	33
PCT7042	ED	660	58	0	0	3	55	42	13
PCT7042	TO	660	146	0	0	9	137	91	46
PCT7043	MV	978	116	0	0	8	108	61	47
PCT7043	ED	978	78	0	1	4	73	46	27
PCT7043	TO	978	194	0	1	12	181	107	74
PCT7044	MV	852	67	0	0	2	65	30	35
PCT7044	ED	852	33	0	0	2	31	22	9
PCT7044	TO	852	100	0	0	4	96	52	44
PCT7045	MV	786	120	0	0	14	106	60	46
PCT7045	ED	786	53	0	0	2	51	28	23
PCT7045	TO	786	173	0	0	16	157	88	69
PCT7046	MV	430	45	0	0	4	41	20	21
PCT7046	ED	430	48	0	0	3	45	27	18
PCT7046	TO	430	93	0	0	7	86	47	39
PCT7047	MV	883	135	0	0	8	127	62	65
PCT7047	ED	883	62	0	0	5	57	39	18
PCT7047	TO	883	197	0	0	13	184	101	83
PCT7048	MV	881	108	0	0	6	102	49	53
PCT7048	ED	881	56	0	0	5	51	29	22
PCT7048	TO	881	164	0	0	11	153	78	75
PCT7049	MV	826	105	0	0	5	100	48	52
PCT7049	ED	826	70	0	0	5	65	28	37
PCT7049	TO	826	175	0	0	10	165	76	89
PCT7051	MV	880	129	0	1	9	119	51	68
PCT7051	ED	880	70	0	0	8	62	45	17
PCT7051	TO	880	199	0	1	17	181	96	85
PCT7052	MV	906	121	0	0	3	118	51	67
PCT7052	ED	906	84	0	0	5	79	47	32
PCT7052	TO	906	205	0	0	8	197	98	99
PCT7053	MV	585	102	0	0	10	92	56	36
PCT7053	ED	585	40	0	0	4	36	25	11
PCT7053	TO	585	142	0	0	14	128	81	47
PCT7054	MV	1136	98	0	0	9	89	44	45
PCT7054	ED	1136	105	0	0	7	98	60	38
PCT7054	TO	1136	203	0	0	16	187	104	83
PCT7055	MV	826	120	0	0	9	111	84	27
PCT7055	ED	826	76	0	0	8	68	54	14
PCT7055	TO	826	196	0	0	17	179	138	41
PCT7056	MV	705	85	0	0	8	77	51	26
PCT7056	ED	705	119	0	0	14	105	77	28
PCT7056	TO	705	204	0	0	22	182	128	54
PCT7101	MV	147	31	0	0	1	30	26	4
PCT7101	ED	147	0	0	0	0	0	0	0
PCT7101	TO	147	31	0	0	1	30	26	4
PCT7201	MV	935	145	0	0	13	132	83	49
PCT7201	ED	935	98	0	0	9	89	68	21
PCT7201	TO	935	243	0	0	22	221	151	70
PCT7202	MV	851	136	0	0	10	126	64	62
PCT7202	ED	851	123	0	0	11	112	76	36
PCT7202	TO	851	259	0	0	21	238	140	98
PCT7203	MV	879	116	0	0	12	104	65	39
PCT7203	ED	879	148	0	0	15	133	116	17
PCT7203	TO	879	264	0	0	27	237	181	56
PCT7204	MV	899	164	0	0	19	145	95	50
PCT7204	ED	899	116	0	0	16	100	67	33
PCT7204	TO	899	280	0	0	35	245	162	83
PCT7205	MV	871	132	0	0	10	122	77	45
PCT7205	ED	871	133	0	0	14	119	89	30
PCT7205	TO	871	265	0	0	24	241	166	75
PCT7206	MV	377	41	0	0	4	37	26	11
PCT7206	ED	377	76	0	0	5	71	56	15
PCT7206	TO	377	117	0	0	9	108	82	26
PCT7207	MV	867	119	0	0	8	111	73	38
PCT7207	ED	867	117	0	0	13	104	83	21
PCT7207	TO	867	236	0	0	21	215	156	59
PCT7208	MV	570	92	0	0	15	77	49	28
PCT7208	ED	570	60	0	1	5	54	39	15
PCT7208	TO	570	152	0	1	20	131	88	43
PCT7209	MV	647	199	0	0	23	176	96	80
PCT7209	ED	647	63	0	0	5	58	42	16
PCT7209	TO	647	262	0	0	28	234	138	96
PCT7301	MV	1014	129	0	0	7	122	84	38
PCT7301	ED	1014	112	0	0	12	100	73	27
PCT7301	TO	1014	241	0	0	19	222	157	65
PCT7302	MV	849	175	0	0	19	156	94	62
PCT7302	ED	849	116	0	0	11	105	68	37
PCT7302	TO	849	291	0	0	30	261	162	99
PCT7303	MV	1068	148	0	0	10	138	95	43
PCT7303	ED	1068	141	0	0	11	130	104	26
PCT7303	TO	1068	289	0	0	21	268	199	69
PCT7304	MV	1001	137	0	0	9	128	82	46
PCT7304	ED	1001	163	0	0	6	157	129	28
PCT7304	TO	1001	300	0	0	15	285	211	74
PCT7305	MV	867	162	0	0	14	148	91	57
PCT7305	ED	867	141	0	0	9	132	92	40
PCT7305	TO	867	303	0	0	23	280	183	97
PCT7306	MV	1044	122	0	0	11	111	73	38
PCT7306	ED	1044	152	0	1	12	139	105	34
PCT7306	TO	1044	274	0	1	23	250	178	72
PCT7307	MV	774	96	0	0	5	91	55	36
PCT7307	ED	774	101	0	0	10	91	78	13
PCT7307	TO	774	197	0	0	15	182	133	49
PCT7308	MV	625	106	0	0	5	101	66	35
PCT7308	ED	625	126	0	0	9	117	91	26
PCT7308	TO	625	232	0	0	14	218	157	61
PCT7309	MV	858	116	0	0	8	108	68	40
PCT7309	ED	858	156	0	0	11	145	103	42
PCT7309	TO	858	272	0	0	19	253	171	82
PCT7311	MV	906	107	0	0	5	102	61	41
PCT7311	ED	906	169	0	0	14	155	126	29
PCT7311	TO	906	276	0	0	19	257	187	70
PCT7312	MV	810	150	0	0	12	138	79	59
PCT7312	ED	810	120	0	0	10	110	58	52
PCT7312	TO	810	270	0	0	22	248	137	111
PCT7313	MV	1003	173	0	0	11	162	107	55
PCT7313	ED	1003	115	0	0	13	102	78	24
PCT7313	TO	1003	288	0	0	24	264	185	79
PCT7314	MV	759	124	0	0	18	106	61	45
PCT7314	ED	759	56	0	0	6	50	40	10
PCT7314	TO	759	180	0	0	24	156	101	55
PCT7315	MV	765	82	0	0	8	74	49	25
PCT7315	ED	765	117	0	0	9	108	80	28
PCT7315	TO	765	199	0	0	17	182	129	53
PCT7316	MV	832	119	0	0	12	107	68	39
PCT7316	ED	832	100	0	0	7	93	71	22
PCT7316	TO	832	219	0	0	19	200	139	61
PCT7317	MV	890	146	0	0	9	137	91	46
PCT7317	ED	890	107	0	0	9	98	72	26
PCT7317	TO	890	253	0	0	18	235	163	72
PCT7318	MV	723	142	0	0	20	122	71	51
PCT7318	ED	723	99	0	0	14	85	58	27
PCT7318	TO	723	241	0	0	34	207	129	78
PCT7319	MV	1049	111	0	0	6	105	66	39
PCT7319	ED	1049	113	0	0	14	99	63	36
PCT7319	TO	1049	224	0	0	20	204	129	75
PCT7321	MV	659	86	0	0	11	75	40	35
PCT7321	ED	659	62	0	0	6	56	39	17
PCT7321	TO	659	148	0	0	17	131	79	52
PCT7322	MV	888	164	0	0	21	143	69	74
PCT7322	ED	888	25	0	0	3	22	19	3
PCT7322	TO	888	189	0	0	24	165	88	77
PCT7323	MV	956	128	0	0	11	117	89	28
PCT7323	ED	956	126	0	0	11	115	92	23
PCT7323	TO	956	254	0	0	22	232	181	51
PCT7324	MV	737	89	0	0	7	82	51	31
PCT7324	ED	737	88	0	0	15	73	49	24
PCT7324	TO	737	177	0	0	22	155	100	55
PCT7325	MV	886	115	0	0	9	106	65	41
PCT7325	ED	886	121	0	0	12	109	79	30
PCT7325	TO	886	236	0	0	21	215	144	71
PCT7326	MV	859	105	0	0	10	95	54	41
PCT7326	ED	859	116	0	0	18	98	68	30
PCT7326	TO	859	221	0	0	28	193	122	71
PCT7327	MV	687	130	0	0	25	105	48	57
PCT7327	ED	687	37	0	0	1	36	26	10
PCT7327	TO	687	167	0	0	26	141	74	67
PCT7328	MV	1002	188	0	0	38	150	63	87
PCT7328	ED	1002	46	0	0	6	40	29	11
PCT7328	TO	1002	234	0	0	44	190	92	98
PCT7329	MV	651	125	0	0	18	107	54	53
PCT7329	ED	651	56	0	0	5	51	33	18
PCT7329	TO	651	181	0	0	23	158	87	71
PCT7331	MV	870	171	0	0	14	157	88	69
PCT7331	ED	870	129	0	0	20	109	71	38
PCT7331	TO	870	300	0	0	34	266	159	107
PCT7332	MV	790	101	0	0	9	92	68	24
PCT7332	ED	790	113	0	0	3	110	94	16
PCT7332	TO	790	214	0	0	12	202	162	40
PCT7333	MV	1015	143	0	0	19	124	89	35
PCT7333	ED	1015	161	0	0	13	148	114	34
PCT7333	TO	1015	304	0	0	32	272	203	69
PCT7334	MV	819	117	0	0	7	110	83	27
PCT7334	ED	819	105	0	0	7	98	70	28
PCT7334	TO	819	222	0	0	14	208	153	55
PCT7335	MV	934	145	0	0	11	134	73	61
PCT7335	ED	934	144	0	0	13	131	100	31
PCT7335	TO	934	289	0	0	24	265	173	92
PCT7336	MV	954	147	0	0	11	136	74	62
PCT7336	ED	954	128	0	0	15	113	76	37
PCT7336	TO	954	275	0	0	26	249	150	99
PCT7337	MV	897	167	0	0	12	155	87	68
PCT7337	ED	897	84	0	0	6	78	49	29
PCT7337	TO	897	251	0	0	18	233	136	97
PCT7338	MV	895	189	0	0	15	174	84	90
PCT7338	ED	895	70	0	0	6	64	51	13
PCT7338	TO	895	259	0	0	21	238	135	103
PCT7339	MV	755	116	0	0	8	108	68	40
PCT7339	ED	755	89	0	0	5	84	57	27
PCT7339	TO	755	205	0	0	13	192	125	67
PCT7341	MV	853	100	0	0	9	91	58	33
PCT7341	ED	853	131	0	0	7	124	100	24
PCT7341	TO	853	231	0	0	16	215	158	57
PCT7342	MV	904	117	0	0	9	108	77	31
PCT7342	ED	904	200	0	0	17	183	140	43
PCT7342	TO	904	317	0	0	26	291	217	74
PCT7343	MV	704	88	0	0	4	84	63	21
PCT7343	ED	704	116	0	0	9	107	83	24
PCT7343	TO	704	204	0	0	13	191	146	45
PCT7344	MV	1064	151	0	0	5	146	96	50
PCT7344	ED	1064	160	0	0	8	152	119	33
PCT7344	TO	1064	311	0	0	13	298	215	83
PCT7345	MV	1114	159	0	0	14	145	111	34
PCT7345	ED	1114	170	0	0	15	155	122	33
PCT7345	TO	1114	329	0	0	29	300	233	67
PCT7346	MV	889	111	0	0	5	106	74	32
PCT7346	ED	889	126	0	0	12	114	93	21
PCT7346	TO	889	237	0	0	17	220	167	53
PCT7347	MV	1003	152	0	0	12	140	111	29
PCT7347	ED	1003	98	0	0	8	90	75	15
PCT7347	TO	1003	250	0	0	20	230	186	44
PCT7348	MV	843	122	0	0	7	115	85	30
PCT7348	ED	843	100	0	0	8	92	72	20
PCT7348	TO	843	222	0	0	15	207	157	50
PCT7349	MV	912	158	0	0	11	147	95	52
PCT7349	ED	912	104	0	0	8	96	77	19
PCT7349	TO	912	262	0	0	19	243	172	71
PCT7501	MV	551	75	0	0	6	69	45	24
PCT7501	ED	551	90	0	0	8	82	55	27
PCT7501	TO	551	165	0	0	14	151	100	51
PCT7502	MV	789	107	0	0	8	99	55	44
PCT7502	ED	789	99	0	0	11	88	63	25
PCT7502	TO	789	206	0	0	19	187	118	69
PCT7503	MV	762	112	0	0	11	101	61	40
PCT7503	ED	762	100	0	0	12	88	68	20
PCT7503	TO	762	212	0	0	23	189	129	60
PCT7504	MV	488	72	0	0	9	63	38	25
PCT7504	ED	488	52	0	0	8	44	32	12
PCT7504	TO	488	124	0	0	17	107	70	37
PCT7505	MV	862	198	0	0	17	181	119	62
PCT7505	ED	862	96	0	0	7	89	72	17
PCT7505	TO	862	294	0	0	24	270	191	79
PCT7506	MV	1000	122	0	0	14	108	72	36
PCT7506	ED	1000	111	0	0	8	103	85	18
PCT7506	TO	1000	233	0	0	22	211	157	54
PCT7507	MV	956	120	0	0	8	112	77	35
PCT7507	ED	956	95	0	0	4	91	68	23
PCT7507	TO	956	215	0	0	12	203	145	58
PCT7508	MV	744	164	0	0	19	145	104	41
PCT7508	ED	744	103	0	1	8	94	72	22
PCT7508	TO	744	267	0	1	27	239	176	63
PCT7509	MV	929	180	0	0	10	170	117	53
PCT7509	ED	929	145	0	0	11	134	93	41
PCT7509	TO	929	325	0	0	21	304	210	94
PCT7512	MV	600	102	0	0	11	91	47	44
PCT7512	ED	600	85	0	0	7	78	57	21
PCT7512	TO	600	187	0	0	18	169	104	65
PCT7513	MV	806	100	0	0	14	86	59	27
PCT7513	ED	806	107	0	0	19	88	74	14
PCT7513	TO	806	207	0	0	33	174	133	41
PCT7514	MV	916	110	0	0	15	95	65	30
PCT7514	ED	916	59	0	0	14	45	31	14
PCT7514	TO	916	169	0	0	29	140	96	44
PCT7515	MV	864	83	0	0	6	77	48	29
PCT7515	ED	864	90	0	0	12	78	62	16
PCT7515	TO	864	173	0	0	18	155	110	45
PCT7516	MV	920	175	0	0	10	165	120	45
PCT7516	ED	920	118	0	0	5	113	81	32
PCT7516	TO	920	293	0	0	15	278	201	77
PCT7517	MV	868	128	0	0	11	117	87	30
PCT7517	ED	868	179	0	0	13	166	140	26
PCT7517	TO	868	307	0	0	24	283	227	56
PCT7518	MV	926	105	0	0	9	96	74	22
PCT7518	ED	926	185	0	0	13	172	145	27
PCT7518	TO	926	290	0	0	22	268	219	49
PCT7519	MV	715	66	0	0	6	60	47	13
PCT7519	ED	715	136	0	0	10	126	105	21
PCT7519	TO	715	202	0	0	16	186	152	34
PCT7521	MV	779	100	0	0	7	93	81	12
PCT7521	ED	779	149	0	0	8	141	117	24
PCT7521	TO	779	249	0	0	15	234	198	36
PCT7522	MV	759	88	0	0	8	80	61	19
PCT7522	ED	759	158	0	0	12	146	124	22
PCT7522	TO	759	246	0	0	20	226	185	41
PCT7523	MV	744	79	0	0	9	70	52	18
PCT7523	ED	744	169	0	0	10	159	124	35
PCT7523	TO	744	248	0	0	19	229	176	53
PCT7524	MV	624	75	0	0	9	66	49	17
PCT7524	ED	624	102	0	0	5	97	76	21
PCT7524	TO	624	177	0	0	14	163	125	38
PCT7525	MV	764	74	0	0	9	65	47	18
PCT7525	ED	764	94	0	0	10	84	69	15
PCT7525	TO	764	168	0	0	19	149	116	33
PCT7526	MV	988	134	0	0	13	121	90	31
PCT7526	ED	988	147	0	0	14	133	102	31
PCT7526	TO	988	281	0	0	27	254	192	62
PCT7527	MV	710	93	0	0	3	90	66	24
PCT7527	ED	710	112	0	0	5	107	88	19
PCT7527	TO	710	205	0	0	8	197	154	43
PCT7529	MV	903	103	0	0	7	96	78	18
PCT7529	ED	903	185	0	0	9	176	146	30
PCT7529	TO	903	288	0	0	16	272	224	48
PCT7531	MV	873	80	0	0	4	76	65	11
PCT7531	ED	873	132	0	0	2	130	112	18
PCT7531	TO	873	212	0	0	6	206	177	29
PCT7532	MV	835	100	0	0	3	97	67	30
PCT7532	ED	835	126	0	0	11	115	75	40
PCT7532	TO	835	226	0	0	14	212	142	70
PCT7533	MV	970	117	0	0	11	106	79	27
PCT7533	ED	970	185	0	0	14	171	146	25
PCT7533	TO	970	302	0	0	25	277	225	52
PCT7534	MV	903	104	0	0	5	99	82	17
PCT7534	ED	903	177	0	0	14	163	139	24
PCT7534	TO	903	281	0	0	19	262	221	41
PCT7535	MV	745	91	0	0	9	82	68	14
PCT7535	ED	745	151	0	1	16	134	117	17
PCT7535	TO	745	242	0	1	25	216	185	31
PCT7536	MV	833	91	0	0	4	87	69	18
PCT7536	ED	833	170	0	0	13	157	132	25
PCT7536	TO	833	261	0	0	17	244	201	43
PCT7537	MV	745	78	0	0	8	70	56	14
PCT7537	ED	745	148	0	0	12	136	110	26
PCT7537	TO	745	226	0	0	20	206	166	40
PCT7538	MV	751	100	0	0	8	92	68	24
PCT7538	ED	751	172	0	0	10	162	136	26
PCT7538	TO	751	272	0	0	18	254	204	50
PCT7539	MV	921	92	0	0	9	83	68	15
PCT7539	ED	921	187	0	0	8	179	161	18
PCT7539	TO	921	279	0	0	17	262	229	33
PCT7541	MV	770	82	0	0	3	79	63	16
PCT7541	ED	770	159	0	0	15	144	124	20
PCT7541	TO	770	241	0	0	18	223	187	36
PCT7542	MV	824	86	0	0	5	81	60	21
PCT7542	ED	824	166	0	0	7	159	135	24
PCT7542	TO	824	252	0	0	12	240	195	45
PCT7543	MV	924	108	0	0	4	104	85	19
PCT7543	ED	924	138	0	0	11	127	109	18
PCT7543	TO	924	246	0	0	15	231	194	37
PCT7544	MV	899	128	0	0	13	115	101	14
PCT7544	ED	899	159	0	0	11	148	123	25
PCT7544	TO	899	287	0	0	24	263	224	39
PCT7545	MV	895	134	0	0	11	123	98	25
PCT7545	ED	895	146	0	0	12	134	117	17
PCT7545	TO	895	280	0	0	23	257	215	42
PCT7546	MV	953	105	0	0	10	95	82	13
PCT7546	ED	953	209	0	0	13	196	146	50
PCT7546	TO	953	314	0	0	23	291	228	63
PCT7547	MV	981	131	0	0	9	122	98	24
PCT7547	ED	981	172	0	0	12	160	141	19
PCT7547	TO	981	303	0	0	21	282	239	43
PCT7548	MV	1051	150	0	0	6	144	115	29
PCT7548	ED	1051	201	0	0	8	193	166	27
PCT7548	TO	1051	351	0	0	14	337	281	56
PCT7549	MV	806	137	0	0	9	128	88	40
PCT7549	ED	806	140	0	0	18	122	95	27
PCT7549	TO	806	277	0	0	27	250	183	67
PCT7551	MV	723	76	0	0	5	71	53	18
PCT7551	ED	723	171	0	0	10	161	118	43
PCT7551	TO	723	247	0	0	15	232	171	61
PCT7552	MV	685	94	0	1	8	85	59	26
PCT7552	ED	685	127	0	1	13	113	87	26
PCT7552	TO	685	221	0	2	21	198	146	52
PCT7553	MV	191	38	0	0	1	37	26	11
PCT7553	ED	191	0	0	0	0	0	0	0
PCT7553	TO	191	38	0	0	1	37	26	11
PCT7554	MV	821	106	0	0	9	97	71	26
PCT7554	ED	821	177	0	0	16	161	118	43
PCT7554	TO	821	283	0	0	25	258	189	69
PCT7555	MV	872	126	0	0	9	117	86	31
PCT7555	ED	872	210	0	0	16	194	139	55
PCT7555	TO	872	336	0	0	25	311	225	86
PCT7556	MV	966	158	0	0	8	150	106	44
PCT7556	ED	966	165	0	0	15	150	105	45
PCT7556	TO	966	323	0	0	23	300	211	89
PCT7601	MV	677	94	0	0	3	91	64	27
PCT7601	ED	677	89	0	0	10	79	67	12
PCT7601	TO	677	183	0	0	13	170	131	39
PCT7602	MV	886	120	0	0	14	106	79	27
PCT7602	ED	886	103	0	0	9	94	84	10
PCT7602	TO	886	223	0	0	23	200	163	37
PCT7603	MV	815	119	0	0	8	111	89	22
PCT7603	ED	815	167	0	0	10	157	133	24
PCT7603	TO	815	286	0	0	18	268	222	46
PCT7604	MV	944	116	0	0	10	106	78	28
PCT7604	ED	944	133	0	0	15	118	97	21
PCT7604	TO	944	249	0	0	25	224	175	49
PCT7605	MV	661	94	0	0	11	83	49	34
PCT7605	ED	661	62	0	0	5	57	41	16
PCT7605	TO	661	156	0	0	16	140	90	50
PCT7606	MV	883	114	0	0	13	101	74	27
PCT7606	ED	883	79	0	0	6	73	57	16
PCT7606	TO	883	193	0	0	19	174	131	43
PCT7607	MV	919	119	0	0	11	108	78	30
PCT7607	ED	919	100	0	0	3	97	79	18
PCT7607	TO	919	219	0	0	14	205	157	48
PCT7608	MV	380	67	0	0	6	61	30	31
PCT7608	ED	380	19	0	0	1	18	14	4
PCT7608	TO	380	86	0	0	7	79	44	35
PCT7609	MV	884	178	0	0	27	151	92	59
PCT7609	ED	884	49	0	0	6	43	30	13
PCT7609	TO	884	227	0	0	33	194	122	72
PCT7611	MV	788	126	0	0	12	114	83	31
PCT7611	ED	788	43	0	0	3	40	31	9
PCT7611	TO	788	169	0	0	15	154	114	40
PCT7612	MV	557	95	0	1	4	90	59	31
PCT7612	ED	557	29	0	0	0	29	19	10
PCT7612	TO	557	124	0	1	4	119	78	41
PCT7613	MV	883	100	0	0	7	93	63	30
PCT7613	ED	883	86	0	1	7	78	63	15
PCT7613	TO	883	186	0	1	14	171	126	45
PCT7614	MV	916	109	0	0	11	98	70	28
PCT7614	ED	916	78	0	0	6	72	58	14
PCT7614	TO	916	187	0	0	17	170	128	42
PCT7615	MV	750	75	0	0	8	67	52	15
PCT7615	ED	750	58	0	0	3	55	47	8
PCT7615	TO	750	133	0	0	11	122	99	23
PCT7616	MV	836	77	0	0	5	72	58	14
PCT7616	ED	836	86	0	1	8	77	57	20
PCT7616	TO	836	163	0	1	13	149	115	34
PCT7617	MV	752	113	0	0	20	93	62	31
PCT7617	ED	752	42	0	0	6	36	27	9
PCT7617	TO	752	155	0	0	26	129	89	40
PCT7618	MV	914	133	0	0	6	127	96	31
PCT7618	ED	914	84	0	0	7	77	55	22
PCT7618	TO	914	217	0	0	13	204	151	53
PCT7619	MV	1107	158	0	0	11	147	110	37
PCT7619	ED	1107	117	0	0	12	105	91	14
PCT7619	TO	1107	275	0	0	23	252	201	51
PCT7621	MV	1155	177	0	0	11	166	123	43
PCT7621	ED	1155	103	0	0	11	92	69	23
PCT7621	TO	1155	280	0	0	22	258	192	66
PCT7622	MV	960	100	0	0	6	94	78	16
PCT7622	ED	960	73	0	0	8	65	54	11
PCT7622	TO	960	173	0	0	14	159	132	27
PCT7623	MV	1004	99	0	1	9	89	62	27
PCT7623	ED	1004	98	0	0	8	90	72	18
PCT7623	TO	1004	197	0	1	17	179	134	45
PCT7624	MV	875	118	0	0	7	111	68	43
PCT7624	ED	875	72	0	0	10	62	53	9
PCT7624	TO	875	190	0	0	17	173	121	52
PCT7625	MV	822	265	0	0	48	217	115	102
PCT7625	ED	822	34	0	0	2	32	18	14
PCT7625	TO	822	299	0	0	50	249	133	116
PCT7626	MV	1073	158	0	0	13	145	89	56
PCT7626	ED	1073	105	0	0	6	99	72	27
PCT7626	TO	1073	263	0	0	19	244	161	83
PCT7627	MV	524	81	0	0	7	74	42	32
PCT7627	ED	524	57	0	0	6	51	38	13
PCT7627	TO	524	138	0	0	13	125	80	45
PCT7628	MV	938	116	0	0	8	108	76	32
PCT7628	ED	938	110	0	0	3	107	83	24
PCT7628	TO	938	226	0	0	11	215	159	56
PCT7629	MV	853	100	0	0	13	87	69	18
PCT7629	ED	853	86	0	0	5	81	60	21
PCT7629	TO	853	186	0	0	18	168	129	39
PCT7631	MV	1219	164	0	0	9	155	101	54
PCT7631	ED	1219	110	0	0	8	102	83	19
PCT7631	TO	1219	274	0	0	17	257	184	73
PCT7632	MV	1171	154	0	0	9	145	104	41
PCT7632	ED	1171	128	0	0	6	122	95	27
PCT7632	TO	1171	282	0	0	15	267	199	68
PCT7633	MV	735	134	0	0	15	119	77	42
PCT7633	ED	735	96	0	0	9	87	71	16
PCT7633	TO	735	230	0	0	24	206	148	58
PCT7634	MV	890	162	0	0	16	146	97	49
PCT7634	ED	890	101	0	0	13	88	57	31
PCT7634	TO	890	263	0	0	29	234	154	80
PCT7635	MV	853	103	0	0	4	99	62	37
PCT7635	ED	853	62	0	0	4	58	48	10
PCT7635	TO	853	165	0	0	8	157	110	47
PCT7636	MV	959	130	0	0	8	122	90	32
PCT7636	ED	959	107	0	0	8	99	69	30
PCT7636	TO	959	237	0	0	16	221	159	62
PCT7637	MV	868	143	0	0	14	129	79	50
PCT7637	ED	868	98	0	1	7	90	56	34
PCT7637	TO	868	241	0	1	21	219	135	84
PCT7638	MV	889	156	0	0	10	146	79	67
PCT7638	ED	889	87	0	0	9	78	43	35
PCT7638	TO	889	243	0	0	19	224	122	102
PCT7639	MV	1022	138	0	0	12	126	83	43
PCT7639	ED	1022	132	0	0	22	110	82	28
PCT7639	TO	1022	270	0	0	34	236	165	71
PCT7641	MV	951	182	0	0	14	168	94	74
PCT7641	ED	951	92	0	0	5	87	52	35
PCT7641	TO	951	274	0	0	19	255	146	109
PCT7642	MV	765	92	0	0	3	89	56	33
PCT7642	ED	765	79	0	0	10	69	40	29
PCT7642	TO	765	171	0	0	13	158	96	62
PCT7643	MV	941	177	0	0	12	165	102	63
PCT7643	ED	941	105	0	0	13	92	61	31
PCT7643	TO	941	282	0	0	25	257	163	94
PCT7644	MV	1176	141	0	1	10	130	95	35
PCT7644	ED	1176	142	0	0	10	132	107	25
PCT7644	TO	1176	283	0	1	20	262	202	60
PCT7645	MV	656	127	0	0	8	119	61	58
PCT7645	ED	656	56	0	0	9	47	33	14
PCT7645	TO	656	183	0	0	17	166	94	72
PCT7646	MV	1153	157	0	0	13	144	89	55
PCT7646	ED	1153	133	0	0	23	110	86	24
PCT7646	TO	1153	290	0	0	36	254	175	79
PCT7647	MV	987	85	0	0	5	80	54	26
PCT7647	ED	987	79	0	0	7	72	58	14
PCT7647	TO	987	164	0	0	12	152	112	40
PCT7648	MV	2	0	0	0	0	0	0	0
PCT7648	ED	2	0	0	0	0	0	0	0
PCT7648	TO	2	0	0	0	0	0	0	0
PCT7649	MV	900	127	0	0	4	123	78	45
PCT7649	ED	900	78	0	0	5	73	49	24
PCT7649	TO	900	205	0	0	9	196	127	69
PCT7651	MV	947	124	0	0	11	113	80	33
PCT7651	ED	947	72	0	0	5	67	49	18
PCT7651	TO	947	196	0	0	16	180	129	51
PCT7652	MV	635	77	0	0	4	73	52	21
PCT7652	ED	635	86	0	0	7	79	60	19
PCT7652	TO	635	163	0	0	11	152	112	40
PCT7653	MV	839	107	0	0	19	88	66	22
PCT7653	ED	839	79	0	0	6	73	50	23
PCT7653	TO	839	186	0	0	25	161	116	45
PCT7654	MV	466	66	0	0	6	60	46	14
PCT7654	ED	466	83	0	0	12	71	55	16
PCT7654	TO	466	149	0	0	18	131	101	30
PCT7655	MV	679	92	0	0	5	87	58	29
PCT7655	ED	679	59	0	0	11	48	38	10
PCT7655	TO	679	151	0	0	16	135	96	39
PCT7656	MV	638	130	0	0	11	119	67	52
PCT7656	ED	638	40	0	0	3	37	29	8
PCT7656	TO	638	170	0	0	14	156	96	60
PCT7657	MV	598	75	0	0	4	71	41	30
PCT7657	ED	598	61	0	0	5	56	41	15
PCT7657	TO	598	136	0	0	9	127	82	45
PCT7701	MV	1064	190	0	0	17	173	117	56
PCT7701	ED	1064	173	0	0	16	157	112	45
PCT7701	TO	1064	363	0	0	33	330	229	101
PCT7702	MV	756	125	0	0	9	116	55	61
PCT7702	ED	756	103	0	0	5	98	67	31
PCT7702	TO	756	228	0	0	14	214	122	92
PCT7703	MV	174	42	0	0	5	37	26	11
PCT7703	ED	174	0	0	0	0	0	0	0
PCT7703	TO	174	42	0	0	5	37	26	11
PCT7704	MV	1002	186	0	0	15	171	81	90
PCT7704	ED	1002	173	0	0	10	163	92	71
PCT7704	TO	1002	359	0	0	25	334	173	161
PCT7705	MV	595	119	0	0	9	110	57	53
PCT7705	ED	595	110	0	0	10	100	51	49
PCT7705	TO	595	229	0	0	19	210	108	102
PCT7706	MV	866	177	0	0	10	167	99	68
PCT7706	ED	866	162	0	0	12	150	92	58
PCT7706	TO	866	339	0	0	22	317	191	126
PCT7707	MV	872	148	0	0	8	140	79	61
PCT7707	ED	872	179	0	0	10	169	105	64
PCT7707	TO	872	327	0	0	18	309	184	125
PCT7708	MV	875	182	0	0	11	171	102	69
PCT7708	ED	875	152	0	0	12	140	92	48
PCT7708	TO	875	334	0	0	23	311	194	117
PCT7709	MV	406	67	0	0	2	65	40	25
PCT7709	ED	406	90	0	0	4	86	68	18
PCT7709	TO	406	157	0	0	6	151	108	43
PCT7711	MV	811	127	0	0	9	118	68	50
PCT7711	ED	811	125	0	0	5	120	89	31
PCT7711	TO	811	252	0	0	14	238	157	81
PCT7712	MV	532	81	0	0	4	77	51	26
PCT7712	ED	532	106	0	0	7	99	70	29
PCT7712	TO	532	187	0	0	11	176	121	55
PCT7801	MV	974	162	0	0	7	155	97	58
PCT7801	ED	974	190	0	0	12	178	125	53
PCT7801	TO	974	352	0	0	19	333	222	111
PCT7802	MV	798	154	0	0	9	145	99	46
PCT7802	ED	798	157	0	1	10	146	118	28
PCT7802	TO	798	311	0	1	19	291	217	74
PCT7803	MV	831	166	0	0	6	160	116	44
PCT7803	ED	831	128	0	0	9	119	90	29
PCT7803	TO	831	294	0	0	15	279	206	73
PCT7804	MV	885	148	0	0	10	138	104	34
PCT7804	ED	885	180	0	0	20	160	120	40
PCT7804	TO	885	328	0	0	30	298	224	74
PCT7805	MV	800	142	0	0	15	127	105	22
PCT7805	ED	800	155	0	0	10	145	128	17
PCT7805	TO	800	297	0	0	25	272	233	39
PCT7806	MV	755	99	0	0	7	92	69	23
PCT7806	ED	755	152	0	0	10	142	125	17
PCT7806	TO	755	251	0	0	17	234	194	40
PCT7807	MV	827	137	0	0	7	130	115	15
PCT7807	ED	827	174	0	0	12	162	147	15
PCT7807	TO	827	311	0	0	19	292	262	30
PCT7808	MV	654	91	0	0	4	87	68	19
PCT7808	ED	654	129	0	0	14	115	99	16
PCT7808	TO	654	220	0	0	18	202	167	35
PCT7809	MV	764	132	0	0	14	118	95	23
PCT7809	ED	764	135	0	0	8	127	111	16
PCT7809	TO	764	267	0	0	22	245	206	39
PCT7811	MV	758	94	0	0	11	83	65	18
PCT7811	ED	758	155	0	0	5	150	123	27
PCT7811	TO	758	249	0	0	16	233	188	45
PCT7812	MV	897	146	0	0	11	135	118	17
PCT7812	ED	897	163	0	0	10	153	121	32
PCT7812	TO	897	309	0	0	21	288	239	49
PCT7813	MV	1068	171	0	0	8	163	141	22
PCT7813	ED	1068	214	0	1	17	196	169	27
PCT7813	TO	1068	385	0	1	25	359	310	49
PCT7814	MV	901	99	0	0	8	91	67	24
PCT7814	ED	901	118	0	0	10	108	86	22
PCT7814	TO	901	217	0	0	18	199	153	46
PCT7815	MV	917	167	0	0	15	152	121	31
PCT7815	ED	917	176	0	0	6	170	139	31
PCT7815	TO	917	343	0	0	21	322	260	62
PCT7816	MV	872	164	0	0	16	148	118	30
PCT7816	ED	872	149	0	0	8	141	109	32
PCT7816	TO	872	313	0	0	24	289	227	62
PCT7817	MV	838	149	0	0	5	144	127	17
PCT7817	ED	838	182	0	0	9	173	150	23
PCT7817	TO	838	331	0	0	14	317	277	40
PCT7818	MV	839	126	0	0	5	121	102	19
PCT7818	ED	839	149	0	0	8	141	120	21
PCT7818	TO	839	275	0	0	13	262	222	40
PCT7819	MV	774	120	0	0	8	112	86	26
PCT7819	ED	774	89	0	0	9	80	68	12
PCT7819	TO	774	209	0	0	17	192	154	38
PCT7821	MV	976	155	0	0	5	150	114	36
PCT7821	ED	976	189	0	0	10	179	141	38
PCT7821	TO	976	344	0	0	15	329	255	74
PCT7822	MV	892	140	0	0	8	132	114	18
PCT7822	ED	892	222	0	0	21	201	159	42
PCT7822	TO	892	362	0	0	29	333	273	60
PCT7823	MV	883	159	0	0	6	153	124	29
PCT7823	ED	883	188	0	0	5	183	161	22
PCT7823	TO	883	347	0	0	11	336	285	51
PCT7824	MV	768	104	0	0	4	100	77	23
PCT7824	ED	768	158	0	0	16	142	115	27
PCT7824	TO	768	262	0	0	20	242	192	50
PCT7825	MV	608	82	0	0	4	78	66	12
PCT7825	ED	608	130	0	0	6	124	105	19
PCT7825	TO	608	212	0	0	10	202	171	31
PCT7826	MV	690	82	0	0	4	78	67	11
PCT7826	ED	690	162	0	0	11	151	131	20
PCT7826	TO	690	244	0	0	15	229	198	31
PCT7827	MV	826	80	0	0	6	74	55	19
PCT7827	ED	826	145	0	0	10	135	118	17
PCT7827	TO	826	225	0	0	16	209	173	36
PCT7828	MV	1028	178	0	0	12	166	119	47
PCT7828	ED	1028	177	0	1	20	156	117	39
PCT7828	TO	1028	355	0	1	32	322	236	86
PCT7829	MV	891	151	0	0	9	142	109	33
PCT7829	ED	891	151	0	1	6	144	114	30
PCT7829	TO	891	302	0	1	15	286	223	63
PCT7831	MV	902	174	0	0	10	164	130	34
PCT7831	ED	902	137	0	0	7	130	103	27
PCT7831	TO	902	311	0	0	17	294	233	61
PCT7832	MV	781	154	0	0	10	144	116	28
PCT7832	ED	781	127	0	0	8	119	89	30
PCT7832	TO	781	281	0	0	18	263	205	58
PCT7833	MV	733	102	0	0	7	95	71	24
PCT7833	ED	733	145	0	0	16	129	109	20
PCT7833	TO	733	247	0	0	23	224	180	44
PCT7834	MV	894	109	0	0	8	101	79	22
PCT7834	ED	894	175	0	0	14	161	127	34
PCT7834	TO	894	284	0	0	22	262	206	56
PCT7835	MV	863	158	0	0	9	149	113	36
PCT7835	ED	863	147	0	0	15	132	97	35
PCT7835	TO	863	305	0	0	24	281	210	71
PCT7836	MV	1043	209	0	0	14	195	145	50
PCT7836	ED	1043	169	0	1	6	162	126	36
PCT7836	TO	1043	378	0	1	20	357	271	86
PCT7837	MV	923	140	0	0	10	130	98	32
PCT7837	ED	923	198	0	0	16	182	136	46
PCT7837	TO	923	338	0	0	26	312	234	78
PCT7838	MV	895	174	0	0	13	161	110	51
PCT7838	ED	895	155	0	0	12	143	116	27
PCT7838	TO	895	329	0	0	25	304	226	78
PCT7839	MV	861	156	0	1	6	149	106	43
PCT7839	ED	861	136	0	0	7	129	98	31
PCT7839	TO	861	292	0	1	13	278	204	74
PCT7841	MV	950	138	0	0	7	131	95	36
PCT7841	ED	950	207	0	0	15	192	141	51
PCT7841	TO	950	345	0	0	22	323	236	87
PCT7842	MV	879	114	0	0	7	107	93	14
PCT7842	ED	879	154	0	1	7	146	113	33
PCT7842	TO	879	268	0	1	14	253	206	47
PCT7843	MV	729	88	0	0	5	83	60	23
PCT7843	ED	729	163	0	0	12	151	128	23
PCT7843	TO	729	251	0	0	17	234	188	46
PCT7844	MV	651	84	0	0	6	78	65	13
PCT7844	ED	651	136	0	0	13	123	100	23
PCT7844	TO	651	220	0	0	19	201	165	36
PCT7845	MV	880	129	0	0	4	125	101	24
PCT7845	ED	880	177	0	0	14	163	123	40
PCT7845	TO	880	306	0	0	18	288	224	64
PCT7846	MV	908	147	0	0	10	137	93	44
PCT7846	ED	908	166	0	0	13	153	112	41
PCT7846	TO	908	313	0	0	23	290	205	85
PCT7847	MV	891	142	0	0	11	131	102	29
PCT7847	ED	891	181	0	0	8	173	134	39
PCT7847	TO	891	323	0	0	19	304	236	68
PCT7848	MV	847	131	0	0	5	126	82	44
PCT7848	ED	847	168	0	0	20	148	111	37
PCT7848	TO	847	299	0	0	25	274	193	81
PCT7849	MV	901	141	0	0	12	129	104	25
PCT7849	ED	901	186	0	0	17	169	137	32
PCT7849	TO	901	327	0	0	29	298	241	57
PCT7851	MV	526	113	0	0	9	104	53	51
PCT7851	ED	526	84	0	0	8	76	40	36
PCT7851	TO	526	197	0	0	17	180	93	87
PCT7852	MV	644	139	0	0	9	130	90	40
PCT7852	ED	644	103	0	0	8	95	62	33
PCT7852	TO	644	242	0	0	17	225	152	73
PCT7853	MV	855	136	0	0	10	126	84	42
PCT7853	ED	855	137	0	0	8	129	85	44
PCT7853	TO	855	273	0	0	18	255	169	86
PCT7854	MV	878	138	0	0	16	122	90	32
PCT7854	ED	878	172	0	0	11	161	127	34
PCT7854	TO	878	310	0	0	27	283	217	66
PCT7855	MV	974	150	0	0	13	137	96	41
PCT7855	ED	974	202	0	0	18	184	143	41
PCT7855	TO	974	352	0	0	31	321	239	82
PCT7856	MV	847	106	0	0	7	99	65	34
PCT7856	ED	847	193	0	0	14	179	143	36
PCT7856	TO	847	299	0	0	21	278	208	70
PCT7857	MV	906	144	0	0	14	130	91	39
PCT7857	ED	906	153	0	1	12	140	103	37
PCT7857	TO	906	297	0	1	26	270	194	76
PCT7858	MV	779	120	0	0	9	111	93	18
PCT7858	ED	779	147	0	0	9	138	111	27
PCT7858	TO	779	267	0	0	18	249	204	45
PCT7859	MV	899	152	0	0	7	145	102	43
PCT7859	ED	899	165	0	0	17	148	109	39
PCT7859	TO	899	317	0	0	24	293	211	82
PCT7861	MV	863	144	0	0	10	134	99	35
PCT7861	ED	863	171	0	0	11	160	124	36
PCT7861	TO	863	315	0	0	21	294	223	71
PCT7862	MV	864	143	0	0	14	129	98	31
PCT7862	ED	864	197	0	0	10	187	139	48
PCT7862	TO	864	340	0	0	24	316	237	79
PCT7863	MV	901	102	0	0	4	98	65	33
PCT7863	ED	901	205	0	0	7	198	158	40
PCT7863	TO	901	307	0	0	11	296	223	73
PCT7864	MV	814	115	0	0	8	107	75	32
PCT7864	ED	814	157	0	0	13	144	106	38
PCT7864	TO	814	272	0	0	21	251	181	70
PCT7865	MV	840	132	0	0	10	122	87	35
PCT7865	ED	840	157	0	0	8	149	119	30
PCT7865	TO	840	289	0	0	18	271	206	65
PCT7866	MV	848	173	0	0	12	161	100	61
PCT7866	ED	848	141	0	0	8	133	88	45
PCT7866	TO	848	314	0	0	20	294	188	106
PCT7867	MV	978	179	0	0	15	164	119	45
PCT7867	ED	978	182	0	0	16	166	121	45
PCT7867	TO	978	361	0	0	31	330	240	90
PCT7868	MV	876	157	0	0	8	149	103	46
PCT7868	ED	876	161	0	0	12	149	105	44
PCT7868	TO	876	318	0	0	20	298	208	90
PCT7869	MV	861	157	0	0	7	150	102	48
PCT7869	ED	861	189	0	0	16	173	132	41
PCT7869	TO	861	346	0	0	23	323	234	89
PCT7871	MV	902	153	0	0	6	147	109	38
PCT7871	ED	902	157	0	0	10	147	97	50
PCT7871	TO	902	310	0	0	16	294	206	88
PCT7872	MV	874	149	0	0	7	142	98	44
PCT7872	ED	874	185	0	0	11	174	124	50
PCT7872	TO	874	334	0	0	18	316	222	94
PCT7873	MV	891	135	0	0	9	126	90	36
PCT7873	ED	891	212	0	0	19	193	148	45
PCT7873	TO	891	347	0	0	28	319	238	81
PCT7874	MV	489	58	0	0	4	54	38	16
PCT7874	ED	489	107	0	0	8	99	76	23
PCT7874	TO	489	165	0	0	12	153	114	39
PCT7875	MV	647	83	0	0	5	78	52	26
PCT7875	ED	647	114	0	0	6	108	82	26
PCT7875	TO	647	197	0	0	11	186	134	52
PCT7876	MV	568	93	0	0	8	85	70	15
PCT7876	ED	568	91	0	0	15	76	62	14
PCT7876	TO	568	184	0	0	23	161	132	29
PCT7901	MV	549	81	0	0	7	74	54	20
PCT7901	ED	549	65	0	0	3	62	55	7
PCT7901	TO	549	146	0	0	10	136	109	27
PCT7902	MV	912	102	0	0	9	93	62	31
PCT7902	ED	912	139	0	0	7	132	111	21
PCT7902	TO	912	241	0	0	16	225	173	52
PCT7903	MV	852	107	0	0	9	98	74	24
PCT7903	ED	852	123	0	0	10	113	94	19
PCT7903	TO	852	230	0	0	19	211	168	43
PCT7904	MV	837	104	0	0	9	95	69	26
PCT7904	ED	837	115	0	0	8	107	91	16
PCT7904	TO	837	219	0	0	17	202	160	42
PCT7905	MV	875	145	0	0	11	134	103	31
PCT7905	ED	875	183	0	0	8	175	141	34
PCT7905	TO	875	328	0	0	19	309	244	65
PCT7906	MV	786	79	0	0	3	76	63	13
PCT7906	ED	786	115	0	0	13	102	92	10
PCT7906	TO	786	194	0	0	16	178	155	23
PCT7907	MV	942	112	0	0	6	106	84	22
PCT7907	ED	942	163	0	0	14	149	127	22
PCT7907	TO	942	275	0	0	20	255	211	44
PCT7908	MV	992	142	0	0	6	136	101	35
PCT7908	ED	992	169	0	0	14	155	129	26
PCT7908	TO	992	311	0	0	20	291	230	61
PCT7909	MV	743	89	0	0	6	83	67	16
PCT7909	ED	743	140	0	1	6	133	107	26
PCT7909	TO	743	229	0	1	12	216	174	42
PCT7911	MV	871	107	0	0	6	101	71	30
PCT7911	ED	871	129	0	0	10	119	97	22
PCT7911	TO	871	236	0	0	16	220	168	52
PCT7912	MV	1059	118	0	0	8	110	93	17
PCT7912	ED	1059	176	0	0	21	155	125	30
PCT7912	TO	1059	294	0	0	29	265	218	47
PCT7913	MV	923	123	0	0	4	119	92	27
PCT7913	ED	923	212	0	0	7	205	164	41
PCT7913	TO	923	335	0	0	11	324	256	68
PCT7914	MV	902	106	0	0	6	100	77	23
PCT7914	ED	902	140	0	0	13	127	102	25
PCT7914	TO	902	246	0	0	19	227	179	48
PCT7915	MV	843	87	0	0	3	84	63	21
PCT7915	ED	843	181	0	1	6	174	136	38
PCT7915	TO	843	268	0	1	9	258	199	59
PCT7916	MV	858	100	0	0	3	97	80	17
PCT7916	ED	858	160	0	0	10	150	136	14
PCT7916	TO	858	260	0	0	13	247	216	31
PCT7917	MV	987	112	0	0	5	107	84	23
PCT7917	ED	987	187	0	0	5	182	154	28
PCT7917	TO	987	299	0	0	10	289	238	51
PCT7918	MV	824	79	0	1	3	75	62	13
PCT7918	ED	824	143	0	0	6	137	110	27
PCT7918	TO	824	222	0	1	9	212	172	40
PCT7919	MV	866	102	0	0	6	96	76	20
PCT7919	ED	866	175	0	0	10	165	142	23
PCT7919	TO	866	277	0	0	16	261	218	43
PCT7921	MV	911	113	0	0	7	106	83	23
PCT7921	ED	911	101	0	0	4	97	78	19
PCT7921	TO	911	214	0	0	11	203	161	42
PCT7922	MV	858	114	0	0	6	108	82	26
PCT7922	ED	858	155	0	0	9	146	119	27
PCT7922	TO	858	269	0	0	15	254	201	53
PCT7923	MV	880	108	0	1	5	102	74	28
PCT7923	ED	880	170	0	0	9	161	134	27
PCT7923	TO	880	278	0	1	14	263	208	55
PCT7924	MV	851	93	0	0	5	88	57	31
PCT7924	ED	851	124	0	0	5	119	93	26
PCT7924	TO	851	217	0	0	10	207	150	57
PCT7925	MV	544	81	0	0	7	74	58	16
PCT7925	ED	544	89	0	0	4	85	67	18
PCT7925	TO	544	170	0	0	11	159	125	34
PCT7926	MV	788	97	0	0	6	91	58	33
PCT7926	ED	788	150	0	0	12	138	106	32
PCT7926	TO	788	247	0	0	18	229	164	65
PCT7927	MV	742	106	0	0	11	95	74	21
PCT7927	ED	742	152	0	0	6	146	117	29
PCT7927	TO	742	258	0	0	17	241	191	50
PCT7928	MV	917	130	0	0	6	124	99	25
PCT7928	ED	917	208	0	0	4	204	167	37
PCT7928	TO	917	338	0	0	10	328	266	62
PCT7929	MV	847	128	0	0	9	119	87	32
PCT7929	ED	847	170	0	0	12	158	114	44
PCT7929	TO	847	298	0	0	21	277	201	76
PCT7931	MV	751	114	0	0	8	106	84	22
PCT7931	ED	751	149	0	0	12	137	108	29
PCT7931	TO	751	263	0	0	20	243	192	51
PCT7932	MV	561	98	0	0	4	94	62	32
PCT7932	ED	561	95	0	0	10	85	61	24
PCT7932	TO	561	193	0	0	14	179	123	56
PCT7933	MV	8	2	0	0	0	2	2	0
PCT7933	ED	8	0	0	0	0	0	0	0
PCT7933	TO	8	2	0	0	0	2	2	0
PCT7934	MV	884	140	0	0	12	128	97	31
PCT7934	ED	884	154	0	0	18	136	116	20
PCT7934	TO	884	294	0	0	30	264	213	51
PCT7935	MV	943	138	0	0	10	128	104	24
PCT7935	ED	943	225	0	1	19	205	176	29
PCT7935	TO	943	363	0	1	29	333	280	53
PCT7936	MV	856	119	0	0	11	108	88	20
PCT7936	ED	856	220	0	0	7	213	170	43
PCT7936	TO	856	339	0	0	18	321	258	63
PCT7937	MV	900	143	0	0	11	132	98	34
PCT7937	ED	900	171	0	0	8	163	140	23
PCT7937	TO	900	314	0	0	19	295	238	57
PCT7938	MV	751	105	0	0	8	97	76	21
PCT7938	ED	751	120	0	0	5	115	93	22
PCT7938	TO	751	225	0	0	13	212	169	43
PCT7939	MV	686	76	0	0	9	67	46	21
PCT7939	ED	686	191	0	0	12	179	143	36
PCT7939	TO	686	267	0	0	21	246	189	57
PCT7941	MV	772	92	0	0	9	83	62	21
PCT7941	ED	772	170	0	0	14	156	119	37
PCT7941	TO	772	262	0	0	23	239	181	58
PCT7942	MV	932	134	0	0	4	130	97	33
PCT7942	ED	932	141	0	0	8	133	99	34
PCT7942	TO	932	275	0	0	12	263	196	67
PCT7943	MV	900	128	0	0	7	121	86	35
PCT7943	ED	900	156	0	0	13	143	99	44
PCT7943	TO	900	284	0	0	20	264	185	79
PCT7944	MV	814	104	0	0	7	97	74	23
PCT7944	ED	814	196	0	0	11	185	141	44
PCT7944	TO	814	300	0	0	18	282	215	67
PCT7945	MV	954	116	0	0	8	108	76	32
PCT7945	ED	954	82	0	0	10	72	53	19
PCT7945	TO	954	198	0	0	18	180	129	51
PCT7946	MV	985	161	0	0	10	151	86	65
PCT7946	ED	985	114	0	0	10	104	77	27
PCT7946	TO	985	275	0	0	20	255	163	92
PCT7947	MV	986	160	0	0	11	149	81	68
PCT7947	ED	986	93	0	0	6	87	56	31
PCT7947	TO	986	253	0	0	17	236	137	99
PCT7948	MV	930	151	0	0	13	138	88	50
PCT7948	ED	930	119	0	0	5	114	71	43
PCT7948	TO	930	270	0	0	18	252	159	93
PCT7949	MV	590	107	0	0	3	104	45	59
PCT7949	ED	590	56	0	0	6	50	31	19
PCT7949	TO	590	163	0	0	9	154	76	78
PCT7951	MV	887	149	0	0	8	141	69	72
PCT7951	ED	887	90	0	0	6	84	54	30
PCT7951	TO	887	239	0	0	14	225	123	102
PCT7952	MV	912	105	0	0	7	98	48	50
PCT7952	ED	912	86	0	0	9	77	47	30
PCT7952	TO	912	191	0	0	16	175	95	80
PCT7953	MV	830	136	0	0	4	132	59	73
PCT7953	ED	830	106	0	0	4	102	60	42
PCT7953	TO	830	242	0	0	8	234	119	115
PCT7954	MV	0	0	0	0	0	0	0	0
PCT7954	ED	0	0	0	0	0	0	0	0
PCT7954	TO	0	0	0	0	0	0	0	0
PCT7955	MV	947	120	0	0	10	110	58	52
PCT7955	ED	947	97	0	0	12	85	51	34
PCT7955	TO	947	217	0	0	22	195	109	86
PCT7956	MV	869	102	0	0	2	100	49	51
PCT7956	ED	869	39	0	0	2	37	23	14
PCT7956	TO	869	141	0	0	4	137	72	65
PCT7957	MV	673	101	0	0	11	90	56	34
PCT7957	ED	673	83	0	0	9	74	53	21
PCT7957	TO	673	184	0	0	20	164	109	55
PCT7958	MV	297	36	0	0	3	33	22	11
PCT7958	ED	297	0	0	0	0	0	0	0
PCT7958	TO	297	36	0	0	3	33	22	11
PCT7959	MV	686	86	0	0	7	79	62	17
PCT7959	ED	686	65	0	0	7	58	53	5
PCT7959	TO	686	151	0	0	14	137	115	22
PCT9001	MV	284	39	0	0	1	38	20	18
PCT9001	ED	284	0	0	0	0	0	0	0
PCT9001	TO	284	39	0	0	1	38	20	18
PCT9101	MV	913	162	0	0	9	153	90	63
PCT9101	ED	913	150	0	0	11	139	92	47
PCT9101	TO	913	312	0	0	20	292	182	110
PCT9102	MV	992	134	0	0	6	128	81	47
PCT9102	ED	992	126	0	0	7	119	89	30
PCT9102	TO	992	260	0	0	13	247	170	77
PCT9103	MV	957	147	0	0	14	133	84	49
PCT9103	ED	957	153	0	0	16	137	87	50
PCT9103	TO	957	300	0	0	30	270	171	99
PCT9104	MV	1030	143	0	0	10	133	86	47
PCT9104	ED	1030	152	0	0	12	140	108	32
PCT9104	TO	1030	295	0	0	22	273	194	79
PCT9105	MV	918	152	0	0	12	140	76	64
PCT9105	ED	918	173	0	0	18	155	106	49
PCT9105	TO	918	325	0	0	30	295	182	113
PCT9106	MV	946	149	0	0	11	138	90	48
PCT9106	ED	946	178	0	0	13	165	112	53
PCT9106	TO	946	327	0	0	24	303	202	101
PCT9107	MV	844	124	0	0	8	116	79	37
PCT9107	ED	844	118	0	0	9	109	80	29
PCT9107	TO	844	242	0	0	17	225	159	66
PCT9108	MV	810	104	0	0	9	95	66	29
PCT9108	ED	810	136	0	0	8	128	94	34
PCT9108	TO	810	240	0	0	17	223	160	63
PCT9109	MV	883	103	0	0	7	96	70	26
PCT9109	ED	883	162	0	0	7	155	115	40
PCT9109	TO	883	265	0	0	14	251	185	66
PCT9111	MV	834	123	0	0	18	105	72	33
PCT9111	ED	834	134	0	0	15	119	87	32
PCT9111	TO	834	257	0	0	33	224	159	65
PCT9112	MV	961	129	0	0	5	124	83	41
PCT9112	ED	961	160	0	0	8	152	109	43
PCT9112	TO	961	289	0	0	13	276	192	84
PCT9113	MV	1004	126	0	0	9	117	76	41
PCT9113	ED	1004	180	0	0	15	165	108	57
PCT9113	TO	1004	306	0	0	24	282	184	98
PCT9114	MV	890	107	0	0	8	99	66	33
PCT9114	ED	890	147	0	0	9	138	121	17
PCT9114	TO	890	254	0	0	17	237	187	50
PCT9115	MV	881	122	0	0	7	115	80	35
PCT9115	ED	881	155	0	0	17	138	106	32
PCT9115	TO	881	277	0	0	24	253	186	67
PCT9116	MV	961	129	0	0	8	121	83	38
PCT9116	ED	961	148	0	0	13	135	108	27
PCT9116	TO	961	277	0	0	21	256	191	65
PCT9117	MV	800	139	0	0	10	129	72	57
PCT9117	ED	800	158	0	0	7	151	103	48
PCT9117	TO	800	297	0	0	17	280	175	105
PCT9118	MV	984	105	0	0	5	100	44	56
PCT9118	ED	984	165	0	0	14	151	110	41
PCT9118	TO	984	270	0	0	19	251	154	97
PCT9119	MV	900	152	0	0	13	139	71	68
PCT9119	ED	900	120	0	0	14	106	79	27
PCT9119	TO	900	272	0	0	27	245	150	95
PCT9121	MV	953	114	0	0	5	109	60	49
PCT9121	ED	953	141	0	0	9	132	89	43
PCT9121	TO	953	255	0	0	14	241	149	92
PCT9122	MV	967	143	0	0	13	130	75	55
PCT9122	ED	967	122	0	0	15	107	71	36
PCT9122	TO	967	265	0	0	28	237	146	91
PCT9123	MV	852	121	0	0	9	112	68	44
PCT9123	ED	852	139	0	0	11	128	89	39
PCT9123	TO	852	260	0	0	20	240	157	83
PCT9124	MV	903	131	0	0	7	124	72	52
PCT9124	ED	903	118	0	0	3	115	83	32
PCT9124	TO	903	249	0	0	10	239	155	84
PCT9125	MV	869	132	0	0	6	126	76	50
PCT9125	ED	869	124	0	0	8	116	82	34
PCT9125	TO	869	256	0	0	14	242	158	84
PCT9126	MV	1013	172	0	0	12	160	88	72
PCT9126	ED	1013	152	0	0	9	143	99	44
PCT9126	TO	1013	324	0	0	21	303	187	116
PCT9127	MV	971	141	0	0	11	130	84	46
PCT9127	ED	971	184	0	0	11	173	128	45
PCT9127	TO	971	325	0	0	22	303	212	91
PCT9128	MV	818	93	0	0	5	88	59	29
PCT9128	ED	818	166	0	0	15	151	99	52
PCT9128	TO	818	259	0	0	20	239	158	81
PCT9129	MV	738	107	0	0	7	100	68	32
PCT9129	ED	738	129	0	0	3	126	96	30
PCT9129	TO	738	236	0	0	10	226	164	62
PCT9131	MV	734	119	0	0	6	113	74	39
PCT9131	ED	734	111	0	0	9	102	80	22
PCT9131	TO	734	230	0	0	15	215	154	61
PCT9132	MV	821	85	0	0	6	79	58	21
PCT9132	ED	821	130	0	0	10	120	96	24
PCT9132	TO	821	215	0	0	16	199	154	45
PCT9133	MV	1017	172	0	0	17	155	93	62
PCT9133	ED	1017	157	0	0	8	149	116	33
PCT9133	TO	1017	329	0	0	25	304	209	95
PCT9134	MV	891	121	0	0	5	116	60	56
PCT9134	ED	891	102	0	0	7	95	70	25
PCT9134	TO	891	223	0	0	12	211	130	81
PCT9135	MV	822	134	0	0	9	125	80	45
PCT9135	ED	822	125	0	0	5	120	81	39
PCT9135	TO	822	259	0	0	14	245	161	84
PCT9136	MV	918	124	0	0	5	119	73	46
PCT9136	ED	918	139	0	0	11	128	97	31
PCT9136	TO	918	263	0	0	16	247	170	77
PCT9137	MV	1015	153	0	0	20	133	80	53
PCT9137	ED	1015	133	0	0	6	127	94	33
PCT9137	TO	1015	286	0	0	26	260	174	86
PCT9138	MV	945	157	0	0	11	146	83	63
PCT9138	ED	945	119	0	0	10	109	78	31
PCT9138	TO	945	276	0	0	21	255	161	94
PCT9139	MV	1018	158	0	0	7	151	75	76
PCT9139	ED	1018	141	0	0	9	132	81	51
PCT9139	TO	1018	299	0	0	16	283	156	127
PCT9141	MV	973	160	0	0	15	145	103	42
PCT9141	ED	973	144	0	0	12	132	88	44
PCT9141	TO	973	304	0	0	27	277	191	86
PCT9142	MV	986	146	0	0	9	137	94	43
PCT9142	ED	986	162	0	0	10	152	116	36
PCT9142	TO	986	308	0	0	19	289	210	79
PCT9143	MV	914	149	0	0	12	137	75	62
PCT9143	ED	914	150	0	0	7	143	104	39
PCT9143	TO	914	299	0	0	19	280	179	101
PCT9144	MV	970	152	0	0	10	142	82	60
PCT9144	ED	970	177	0	0	13	164	122	42
PCT9144	TO	970	329	0	0	23	306	204	102
PCT9145	MV	875	117	0	0	8	109	78	31
PCT9145	ED	875	157	0	0	12	145	111	34
PCT9145	TO	875	274	0	0	20	254	189	65
PCT9146	MV	885	120	0	0	10	110	84	26
PCT9146	ED	885	143	0	0	13	130	93	37
PCT9146	TO	885	263	0	0	23	240	177	63
PCT9147	MV	990	111	0	0	10	101	63	38
PCT9147	ED	990	161	0	0	10	151	111	40
PCT9147	TO	990	272	0	0	20	252	174	78
PCT9148	MV	1014	135	0	0	7	128	86	42
PCT9148	ED	1014	177	0	0	17	160	115	45
PCT9148	TO	1014	312	0	0	24	288	201	87
PCT9149	MV	991	124	0	0	8	116	74	42
PCT9149	ED	991	240	0	0	16	224	168	56
PCT9149	TO	991	364	0	0	24	340	242	98
PCT9151	MV	861	133	0	0	10	123	86	37
PCT9151	ED	861	111	0	0	7	104	72	32
PCT9151	TO	861	244	0	0	17	227	158	69
PCT9152	MV	737	63	0	0	3	60	42	18
PCT9152	ED	737	124	0	1	13	110	87	23
PCT9152	TO	737	187	0	1	16	170	129	41
PCT9201	MV	971	110	0	0	7	103	80	23
PCT9201	ED	971	166	0	0	14	152	125	27
PCT9201	TO	971	276	0	0	21	255	205	50
PCT9202	MV	996	126	0	0	15	111	77	34
PCT9202	ED	996	164	0	0	14	150	111	39
PCT9202	TO	996	290	0	0	29	261	188	73
PCT9203	MV	1002	142	0	0	19	123	61	62
PCT9203	ED	1002	120	0	0	14	106	59	47
PCT9203	TO	1002	262	0	0	33	229	120	109
PCT9204	MV	862	115	0	0	12	103	59	44
PCT9204	ED	862	138	0	0	10	128	76	52
PCT9204	TO	862	253	0	0	22	231	135	96
PCT9205	MV	736	119	0	0	18	101	70	31
PCT9205	ED	736	92	0	0	16	76	50	26
PCT9205	TO	736	211	0	0	34	177	120	57
PCT9206	MV	929	141	0	1	12	128	58	70
PCT9206	ED	929	149	0	0	24	125	77	48
PCT9206	TO	929	290	0	1	36	253	135	118
PCT9207	MV	989	129	0	0	9	120	64	56
PCT9207	ED	989	130	0	0	12	118	76	42
PCT9207	TO	989	259	0	0	21	238	140	98
PCT9208	MV	987	127	0	0	13	114	68	46
PCT9208	ED	987	127	0	0	14	113	77	36
PCT9208	TO	987	254	0	0	27	227	145	82
PCT9209	MV	771	100	0	0	8	92	49	43
PCT9209	ED	771	119	0	0	13	106	71	35
PCT9209	TO	771	219	0	0	21	198	120	78
PCT9211	MV	891	114	0	0	9	105	58	47
PCT9211	ED	891	132	0	0	13	119	81	38
PCT9211	TO	891	246	0	0	22	224	139	85
PCT9212	MV	808	100	0	0	4	96	58	38
PCT9212	ED	808	114	0	0	18	96	67	29
PCT9212	TO	808	214	0	0	22	192	125	67
PCT9213	MV	937	138	0	0	12	126	77	49
PCT9213	ED	937	130	0	0	15	115	75	40
PCT9213	TO	937	268	0	0	27	241	152	89
PCT9214	MV	627	95	0	0	7	88	46	42
PCT9214	ED	627	103	0	0	17	86	47	39
PCT9214	TO	627	198	0	0	24	174	93	81
PCT9215	MV	644	97	0	0	4	93	51	42
PCT9215	ED	644	100	0	0	11	89	50	39
PCT9215	TO	644	197	0	0	15	182	101	81
PCT9216	MV	824	95	0	0	11	84	59	25
PCT9216	ED	824	125	0	0	7	118	87	31
PCT9216	TO	824	220	0	0	18	202	146	56
PCT9217	MV	705	89	0	0	6	83	52	31
PCT9217	ED	705	87	0	0	6	81	59	22
PCT9217	TO	705	176	0	0	12	164	111	53
PCT9218	MV	816	97	0	0	8	89	58	31
PCT9218	ED	816	112	0	0	5	107	76	31
PCT9218	TO	816	209	0	0	13	196	134	62
PCT9219	MV	790	95	0	0	5	90	54	36
PCT9219	ED	790	116	0	0	8	108	77	31
PCT9219	TO	790	211	0	0	13	198	131	67
PCT9221	MV	651	144	0	0	4	140	48	92
PCT9221	ED	651	99	0	0	11	88	49	39
PCT9221	TO	651	243	0	0	15	228	97	131
PCT9222	MV	910	145	0	0	17	128	63	65
PCT9222	ED	910	116	0	0	10	106	71	35
PCT9222	TO	910	261	0	0	27	234	134	100
PCT9223	MV	667	124	0	0	5	119	68	51
PCT9223	ED	667	59	0	0	7	52	36	16
PCT9223	TO	667	183	0	0	12	171	104	67
PCT9224	MV	949	173	0	0	10	163	90	73
PCT9224	ED	949	151	0	0	18	133	86	47
PCT9224	TO	949	324	0	0	28	296	176	120
PCT9225	MV	926	109	0	0	13	96	73	23
PCT9225	ED	926	156	0	1	17	138	97	41
PCT9225	TO	926	265	0	1	30	234	170	64
PCT9226	MV	896	140	0	0	14	126	76	50
PCT9226	ED	896	143	0	0	11	132	91	41
PCT9226	TO	896	283	0	0	25	258	167	91
PCT9227	MV	729	150	0	0	10	140	59	81
PCT9227	ED	729	114	0	0	6	108	64	44
PCT9227	TO	729	264	0	0	16	248	123	125
PCT9228	MV	738	114	0	0	12	102	49	53
PCT9228	ED	738	141	0	0	11	130	72	58
PCT9228	TO	738	255	0	0	23	232	121	111
PCT9229	MV	579	106	0	0	12	94	48	46
PCT9229	ED	579	106	0	0	9	97	54	43
PCT9229	TO	579	212	0	0	21	191	102	89
PCT9231	MV	962	133	0	0	12	121	78	43
PCT9231	ED	962	208	0	0	19	189	125	64
PCT9231	TO	962	341	0	0	31	310	203	107
PCT9232	MV	734	98	0	0	5	93	50	43
PCT9232	ED	734	140	0	0	10	130	86	44
PCT9232	TO	734	238	0	0	15	223	136	87
PCT9233	MV	818	140	0	0	10	130	59	71
PCT9233	ED	818	141	0	0	17	124	76	48
PCT9233	TO	818	281	0	0	27	254	135	119
PCT9234	MV	734	134	0	0	10	124	70	54
PCT9234	ED	734	112	0	0	15	97	58	39
PCT9234	TO	734	246	0	0	25	221	128	93
PCT9235	MV	863	143	0	0	8	135	60	75
PCT9235	ED	863	140	0	0	15	125	65	60
PCT9235	TO	863	283	0	0	23	260	125	135
PCT9236	MV	673	114	0	0	13	101	59	42
PCT9236	ED	673	101	0	0	13	88	57	31
PCT9236	TO	673	215	0	0	26	189	116	73
PCT9237	MV	897	129	0	0	8	121	64	57
PCT9237	ED	897	134	0	0	14	120	72	48
PCT9237	TO	897	263	0	0	22	241	136	105
PCT9238	MV	805	126	0	0	15	111	57	54
PCT9238	ED	805	118	0	0	13	105	64	41
PCT9238	TO	805	244	0	0	28	216	121	95
PCT9239	MV	864	176	0	0	19	157	85	72
PCT9239	ED	864	117	0	0	13	104	59	45
PCT9239	TO	864	293	0	0	32	261	144	117
PCT9241	MV	960	156	0	0	6	150	90	60
PCT9241	ED	960	139	0	0	11	128	90	38
PCT9241	TO	960	295	0	0	17	278	180	98
PCT9242	MV	943	125	0	0	13	112	73	39
PCT9242	ED	943	155	0	0	14	141	103	38
PCT9242	TO	943	280	0	0	27	253	176	77
PCT9243	MV	603	75	0	0	7	68	36	32
PCT9243	ED	603	113	0	0	13	100	67	33
PCT9243	TO	603	188	0	0	20	168	103	65
PCT9244	MV	910	114	0	0	13	101	71	30
PCT9244	ED	910	121	0	0	7	114	87	27
PCT9244	TO	910	235	0	0	20	215	158	57
PCT9245	MV	714	105	0	0	9	96	64	32
PCT9245	ED	714	91	0	0	6	85	59	26
PCT9245	TO	714	196	0	0	15	181	123	58
PCT9246	MV	970	161	0	0	13	148	81	67
PCT9246	ED	970	140	0	0	22	118	84	34
PCT9246	TO	970	301	0	0	35	266	165	101
PCT9247	MV	912	139	0	0	9	130	73	57
PCT9247	ED	912	156	0	1	24	131	95	36
PCT9247	TO	912	295	0	1	33	261	168	93
PCT9248	MV	907	130	0	0	15	115	87	28
PCT9248	ED	907	145	0	0	12	133	105	28
PCT9248	TO	907	275	0	0	27	248	192	56
PCT9249	MV	915	137	0	0	10	127	86	41
PCT9249	ED	915	171	0	0	19	152	104	48
PCT9249	TO	915	308	0	0	29	279	190	89
PCT9251	MV	966	143	0	0	13	130	78	52
PCT9251	ED	966	179	0	0	13	166	108	58
PCT9251	TO	966	322	0	0	26	296	186	110
PCT9252	MV	953	162	0	0	8	154	100	54
PCT9252	ED	953	127	0	0	9	118	81	37
PCT9252	TO	953	289	0	0	17	272	181	91
PCT9253	MV	761	100	0	0	7	93	53	40
PCT9253	ED	761	116	0	0	9	107	77	30
PCT9253	TO	761	216	0	0	16	200	130	70
PCT9254	MV	921	162	0	0	5	157	95	62
PCT9254	ED	921	155	0	0	16	139	97	42
PCT9254	TO	921	317	0	0	21	296	192	104
PCT9255	MV	550	52	0	0	2	50	31	19
PCT9255	ED	550	112	0	0	12	100	78	22
PCT9255	TO	550	164	0	0	14	150	109	41
PCT9256	MV	462	61	0	0	2	59	40	19
PCT9256	ED	462	74	0	0	7	67	52	15
PCT9256	TO	462	135	0	0	9	126	92	34
PCT9257	MV	320	36	0	0	4	32	22	10
PCT9257	ED	320	0	0	0	0	0	0	0
PCT9257	TO	320	36	0	0	4	32	22	10
PCT9258	MV	703	114	0	0	7	107	58	49
PCT9258	ED	703	103	0	0	6	97	65	32
PCT9258	TO	703	217	0	0	13	204	123	81
PCT9401	MV	1038	129	0	0	5	124	81	43
PCT9401	ED	1038	176	0	0	9	167	137	30
PCT9401	TO	1038	305	0	0	14	291	218	73
PCT9402	MV	1017	120	0	0	8	112	75	37
PCT9402	ED	1017	159	0	0	12	147	117	30
PCT9402	TO	1017	279	0	0	20	259	192	67
PCT9403	MV	921	125	0	0	3	122	68	54
PCT9403	ED	921	123	0	0	10	113	86	27
PCT9403	TO	921	248	0	0	13	235	154	81
PCT9404	MV	944	115	0	0	11	104	55	49
PCT9404	ED	944	154	0	0	11	143	96	47
PCT9404	TO	944	269	0	0	22	247	151	96
PCT9405	MV	780	106	0	0	7	99	61	38
PCT9405	ED	780	104	0	0	2	102	63	39
PCT9405	TO	780	210	0	0	9	201	124	77
PCT9406	MV	883	111	0	0	6	105	67	38
PCT9406	ED	883	150	0	0	10	140	92	48
PCT9406	TO	883	261	0	0	16	245	159	86
PCT9407	MV	913	123	0	0	13	110	69	41
PCT9407	ED	913	131	0	0	17	114	80	34
PCT9407	TO	913	254	0	0	30	224	149	75
PCT9408	MV	863	104	0	0	9	95	75	20
PCT9408	ED	863	125	0	0	11	114	95	19
PCT9408	TO	863	229	0	0	20	209	170	39
PCT9409	MV	601	81	0	0	5	76	53	23
PCT9409	ED	601	127	0	0	9	118	97	21
PCT9409	TO	601	208	0	0	14	194	150	44
PCT9411	MV	1007	106	0	0	7	99	72	27
PCT9411	ED	1007	135	0	0	8	127	98	29
PCT9411	TO	1007	241	0	0	15	226	170	56
PCT9412	MV	870	128	0	0	6	122	64	58
PCT9412	ED	870	138	0	0	12	126	89	37
PCT9412	TO	870	266	0	0	18	248	153	95
PCT9413	MV	936	130	0	0	11	119	63	56
PCT9413	ED	936	127	0	0	9	118	76	42
PCT9413	TO	936	257	0	0	20	237	139	98
PCT9414	MV	920	156	0	0	14	142	86	56
PCT9414	ED	920	107	0	0	5	102	62	40
PCT9414	TO	920	263	0	0	19	244	148	96
PCT9415	MV	788	112	0	0	12	100	61	39
PCT9415	ED	788	96	0	0	4	92	66	26
PCT9415	TO	788	208	0	0	16	192	127	65
PCT9416	MV	999	157	0	0	18	139	81	58
PCT9416	ED	999	143	0	0	11	132	92	40
PCT9416	TO	999	300	0	0	29	271	173	98
PCT9417	MV	774	143	0	0	9	134	58	76
PCT9417	ED	774	110	0	0	7	103	68	35
PCT9417	TO	774	253	0	0	16	237	126	111
PCT9418	MV	819	129	0	0	12	117	52	65
PCT9418	ED	819	122	0	0	8	114	66	48
PCT9418	TO	819	251	0	0	20	231	118	113
PCT9419	MV	909	144	0	0	10	134	74	60
PCT9419	ED	909	107	0	0	7	100	51	49
PCT9419	TO	909	251	0	0	17	234	125	109
PCT9421	MV	925	128	0	0	10	118	53	65
PCT9421	ED	925	112	0	0	5	107	74	33
PCT9421	TO	925	240	0	0	15	225	127	98
PCT9422	MV	1101	153	0	0	17	136	74	62
PCT9422	ED	1101	145	0	0	10	135	87	48
PCT9422	TO	1101	298	0	0	27	271	161	110
PCT9423	MV	904	100	0	0	9	91	49	42
PCT9423	ED	904	121	0	0	7	114	74	40
PCT9423	TO	904	221	0	0	16	205	123	82
PCT9424	MV	1009	136	0	0	8	128	73	55
PCT9424	ED	1009	114	0	0	8	106	68	38
PCT9424	TO	1009	250	0	0	16	234	141	93
PCT9425	MV	976	134	0	0	14	120	74	46
PCT9425	ED	976	114	0	0	11	103	72	31
PCT9425	TO	976	248	0	0	25	223	146	77
PCT9426	MV	853	110	0	0	9	101	58	43
PCT9426	ED	853	104	0	0	12	92	54	38
PCT9426	TO	853	214	0	0	21	193	112	81
PCT9427	MV	987	154	0	0	7	147	67	80
PCT9427	ED	987	115	0	0	17	98	62	36
PCT9427	TO	987	269	0	0	24	245	129	116
PCT9428	MV	990	136	0	0	8	128	69	59
PCT9428	ED	990	113	0	0	11	102	74	28
PCT9428	TO	990	249	0	0	19	230	143	87
PCT9429	MV	906	120	0	0	11	109	45	64
PCT9429	ED	906	124	0	0	15	109	60	49
PCT9429	TO	906	244	0	0	26	218	105	113
PCT9431	MV	1036	154	0	0	13	141	61	80
PCT9431	ED	1036	125	0	0	7	118	74	44
PCT9431	TO	1036	279	0	0	20	259	135	124
PCT9432	MV	958	134	0	0	9	125	63	62
PCT9432	ED	958	117	0	0	8	109	69	40
PCT9432	TO	958	251	0	0	17	234	132	102
PCT9433	MV	958	155	0	0	15	140	69	71
PCT9433	ED	958	93	0	0	5	88	46	42
PCT9433	TO	958	248	0	0	20	228	115	113
PCT9434	MV	1012	132	0	0	6	126	60	66
PCT9434	ED	1012	162	0	0	22	140	95	45
PCT9434	TO	1012	294	0	0	28	266	155	111
PCT9435	MV	1004	141	0	0	7	134	75	59
PCT9435	ED	1004	157	0	0	7	150	97	53
PCT9435	TO	1004	298	0	0	14	284	172	112
PCT9436	MV	1068	154	0	0	9	145	73	72
PCT9436	ED	1068	129	0	0	11	118	69	49
PCT9436	TO	1068	283	0	0	20	263	142	121
PCT9437	MV	927	192	0	0	19	173	93	80
PCT9437	ED	927	130	0	0	5	125	80	45
PCT9437	TO	927	322	0	0	24	298	173	125
PCT9438	MV	989	179	0	1	9	169	85	84
PCT9438	ED	989	83	0	0	8	75	48	27
PCT9438	TO	989	262	0	1	17	244	133	111
PCT9439	MV	917	123	0	1	5	117	58	59
PCT9439	ED	917	111	0	0	13	98	56	42
PCT9439	TO	917	234	0	1	18	215	114	101
PCT9441	MV	971	134	0	0	9	125	68	57
PCT9441	ED	971	125	0	0	15	110	78	32
PCT9441	TO	971	259	0	0	24	235	146	89
PCT9442	MV	1040	133	0	0	15	118	59	59
PCT9442	ED	1040	156	0	0	11	145	100	45
PCT9442	TO	1040	289	0	0	26	263	159	104
PCT9443	MV	955	142	0	0	13	129	63	66
PCT9443	ED	955	109	0	0	7	102	67	35
PCT9443	TO	955	251	0	0	20	231	130	101
PCT9444	MV	965	144	0	0	8	136	64	72
PCT9444	ED	965	94	0	0	11	83	59	24
PCT9444	TO	965	238	0	0	19	219	123	96
PCT9445	MV	996	143	0	0	9	134	62	72
PCT9445	ED	996	113	0	0	11	102	66	36
PCT9445	TO	996	256	0	0	20	236	128	108
PCT9446	MV	1116	178	0	0	16	162	68	94
PCT9446	ED	1116	145	0	1	12	132	88	44
PCT9446	TO	1116	323	0	1	28	294	156	138
PCT9447	MV	921	127	0	0	8	119	59	60
PCT9447	ED	921	143	0	0	9	134	89	45
PCT9447	TO	921	270	0	0	17	253	148	105
PCT9448	MV	940	143	0	0	5	138	85	53
PCT9448	ED	940	127	0	0	10	117	87	30
PCT9448	TO	940	270	0	0	15	255	172	83
PCT9449	MV	881	132	0	0	6	126	62	64
PCT9449	ED	881	96	0	0	5	91	60	31
PCT9449	TO	881	228	0	0	11	217	122	95
PCT9451	MV	441	55	0	0	3	52	19	33
PCT9451	ED	441	54	0	0	6	48	34	14
PCT9451	TO	441	109	0	0	9	100	53	47
PCT9452	MV	842	108	0	0	14	94	52	42
PCT9452	ED	842	134	0	0	10	124	71	53
PCT9452	TO	842	242	0	0	24	218	123	95
PCT9453	MV	524	99	0	0	8	91	38	53
PCT9453	ED	524	70	0	0	9	61	29	32
PCT9453	TO	524	169	0	0	17	152	67	85
PCT9501	MV	150	36	0	0	4	32	26	6
PCT9501	ED	150	0	0	0	0	0	0	0
PCT9501	TO	150	36	0	0	4	32	26	6
PCT9502	MV	251	41	0	0	4	37	25	12
PCT9502	ED	251	0	0	0	0	0	0	0
PCT9502	TO	251	41	0	0	4	37	25	12
PCT9503	MV	700	109	0	0	17	92	65	27
PCT9503	ED	700	82	0	0	7	75	56	19
PCT9503	TO	700	191	0	0	24	167	121	46
PCT9505	MV	765	112	0	0	9	103	66	37
PCT9505	ED	765	110	0	0	10	100	76	24
PCT9505	TO	765	222	0	0	19	203	142	61
PCT9506	MV	754	76	0	0	5	71	51	20
PCT9506	ED	754	128	0	0	12	116	87	29
PCT9506	TO	754	204	0	0	17	187	138	49
PCT9507	MV	716	90	0	0	11	79	59	20
PCT9507	ED	716	152	0	0	19	133	107	26
PCT9507	TO	716	242	0	0	30	212	166	46
PCT9508	MV	780	101	0	0	3	98	83	15
PCT9508	ED	780	132	0	0	7	125	110	15
PCT9508	TO	780	233	0	0	10	223	193	30
PCT9509	MV	727	85	0	0	2	83	65	18
PCT9509	ED	727	121	0	0	9	112	97	15
PCT9509	TO	727	206	0	0	11	195	162	33
PCT9511	MV	634	56	0	0	5	51	36	15
PCT9511	ED	634	120	0	0	6	114	91	23
PCT9511	TO	634	176	0	0	11	165	127	38
PCT9512	MV	777	97	0	0	9	88	72	16
PCT9512	ED	777	132	0	0	7	125	103	22
PCT9512	TO	777	229	0	0	16	213	175	38
PCT9513	MV	877	104	0	0	8	96	79	17
PCT9513	ED	877	126	0	0	7	119	104	15
PCT9513	TO	877	230	0	0	15	215	183	32
PCT9514	MV	896	95	0	0	9	86	70	16
PCT9514	ED	896	167	0	0	15	152	116	36
PCT9514	TO	896	262	0	0	24	238	186	52
PCT9515	MV	712	94	0	0	5	89	69	20
PCT9515	ED	712	133	0	0	14	119	91	28
PCT9515	TO	712	227	0	0	19	208	160	48
PCT9516	MV	889	128	0	0	7	121	79	42
PCT9516	ED	889	157	0	0	13	144	105	39
PCT9516	TO	889	285	0	0	20	265	184	81
PCT9517	MV	788	125	0	0	8	117	77	40
PCT9517	ED	788	135	0	0	17	118	97	21
PCT9517	TO	788	260	0	0	25	235	174	61
PCT9518	MV	788	87	0	0	6	81	57	24
PCT9518	ED	788	146	0	0	7	139	112	27
PCT9518	TO	788	233	0	0	13	220	169	51
PCT9519	MV	891	105	0	0	6	99	76	23
PCT9519	ED	891	170	0	0	12	158	120	38
PCT9519	TO	891	275	0	0	18	257	196	61
PCT9521	MV	901	115	0	0	5	110	82	28
PCT9521	ED	901	190	0	0	14	176	144	32
PCT9521	TO	901	305	0	0	19	286	226	60
PCT9701	MV	654	95	0	0	3	92	62	30
PCT9701	ED	654	135	0	0	5	130	93	37
PCT9701	TO	654	230	0	0	8	222	155	67
PCT9702	MV	720	88	0	0	5	83	58	25
PCT9702	ED	720	143	0	0	5	138	111	27
PCT9702	TO	720	231	0	0	10	221	169	52
PCT9703	MV	991	144	0	0	10	134	71	63
PCT9703	ED	991	142	0	0	7	135	98	37
PCT9703	TO	991	286	0	0	17	269	169	100
PCT9704	MV	959	150	0	0	13	137	71	66
PCT9704	ED	959	196	0	0	18	178	110	68
PCT9704	TO	959	346	0	0	31	315	181	134
PCT9705	MV	929	155	0	0	10	145	93	52
PCT9705	ED	929	142	0	0	13	129	97	32
PCT9705	TO	929	297	0	0	23	274	190	84
PCT9706	MV	49	7	0	0	1	6	3	3
PCT9706	ED	49	0	0	0	0	0	0	0
PCT9706	TO	49	7	0	0	1	6	3	3
PCT9707	MV	826	138	0	0	6	132	66	66
PCT9707	ED	826	101	0	0	10	91	58	33
PCT9707	TO	826	239	0	0	16	223	124	99
PCT9708	MV	961	159	0	0	17	142	90	52
PCT9708	ED	961	157	0	0	10	147	100	47
PCT9708	TO	961	316	0	0	27	289	190	99
PCT9709	MV	1040	139	0	0	10	129	69	60
PCT9709	ED	1040	178	0	0	10	168	101	67
PCT9709	TO	1040	317	0	0	20	297	170	127
PCT9711	MV	646	119	0	0	4	115	53	62
PCT9711	ED	646	138	0	0	8	130	71	59
PCT9711	TO	646	257	0	0	12	245	124	121
PCT9712	MV	661	125	0	0	11	114	62	52
PCT9712	ED	661	116	0	0	3	113	65	48
PCT9712	TO	661	241	0	0	14	227	127	100
PCT9713	MV	950	157	0	0	6	151	60	91
PCT9713	ED	950	137	0	0	12	125	67	58
PCT9713	TO	950	294	0	0	18	276	127	149
PCT9714	MV	951	181	0	0	11	170	74	96
PCT9714	ED	951	133	0	0	5	128	69	59
PCT9714	TO	951	314	0	0	16	298	143	155
PCT9715	MV	579	100	0	0	7	93	34	59
PCT9715	ED	579	134	0	0	6	128	64	64
PCT9715	TO	579	234	0	0	13	221	98	123
PCT9716	MV	966	152	0	0	7	145	76	69
PCT9716	ED	966	164	0	0	12	152	91	61
PCT9716	TO	966	316	0	0	19	297	167	130
PCT9717	MV	977	138	0	0	6	132	74	58
PCT9717	ED	977	144	0	0	12	132	89	43
PCT9717	TO	977	282	0	0	18	264	163	101
PCT9718	MV	901	171	0	0	14	157	89	68
PCT9718	ED	901	144	0	0	9	135	87	48
PCT9718	TO	901	315	0	0	23	292	176	116
PCT9719	MV	920	153	0	0	5	148	66	82
PCT9719	ED	920	150	0	0	7	143	86	57
PCT9719	TO	920	303	0	0	12	291	152	139
PCT9721	MV	662	91	0	0	4	87	38	49
PCT9721	ED	662	133	0	0	7	126	60	66
PCT9721	TO	662	224	0	0	11	213	98	115
PCT9722	MV	597	135	0	0	4	131	68	63
PCT9722	ED	597	76	0	0	5	71	48	23
PCT9722	TO	597	211	0	0	9	202	116	86
PCT9723	MV	508	107	0	0	4	103	43	60
PCT9723	ED	508	44	0	0	4	40	18	22
PCT9723	TO	508	151	0	0	8	143	61	82
PCT9724	MV	1020	189	0	0	12	177	67	110
PCT9724	ED	1020	99	0	0	3	96	53	43
PCT9724	TO	1020	288	0	0	15	273	120	153
PCT9725	MV	971	166	0	0	9	157	64	93
PCT9725	ED	971	95	0	0	10	85	37	48
PCT9725	TO	971	261	0	0	19	242	101	141
PCT9726	MV	616	62	0	0	4	58	33	25
PCT9726	ED	616	102	0	0	6	96	65	31
PCT9726	TO	616	164	0	0	10	154	98	56
PCT9727	MV	460	89	0	0	4	85	37	48
PCT9727	ED	460	33	0	0	4	29	20	9
PCT9727	TO	460	122	0	0	8	114	57	57
PCT9728	MV	963	178	0	0	8	170	65	105
PCT9728	ED	963	137	0	0	10	127	71	56
PCT9728	TO	963	315	0	0	18	297	136	161
PCT9729	MV	818	148	0	0	10	138	62	76
PCT9729	ED	818	128	0	0	6	122	55	67
PCT9729	TO	818	276	0	0	16	260	117	143
PCT9731	MV	579	86	0	0	5	81	29	52
PCT9731	ED	579	111	0	0	9	102	52	50
PCT9731	TO	579	197	0	0	14	183	81	102
PCT9732	MV	73	16	0	0	0	16	8	8
PCT9732	ED	73	0	0	0	0	0	0	0
PCT9732	TO	73	16	0	0	0	16	8	8
PCT9733	MV	240	55	0	0	2	53	36	17
PCT9733	ED	240	0	0	0	0	0	0	0
PCT9733	TO	240	55	0	0	2	53	36	17
PCT9734	MV	604	111	0	0	6	105	53	52
PCT9734	ED	604	109	0	0	6	103	52	51
PCT9734	TO	604	220	0	0	12	208	105	103
PCT9735	MV	820	140	0	0	5	135	68	67
PCT9735	ED	820	132	0	0	17	115	54	61
PCT9735	TO	820	272	0	0	22	250	122	128
PCT9736	MV	736	126	0	0	8	118	68	50
PCT9736	ED	736	151	0	0	12	139	79	60
PCT9736	TO	736	277	0	0	20	257	147	110
PCT9737	MV	791	172	0	0	12	160	98	62
PCT9737	ED	791	135	0	0	8	127	81	46
PCT9737	TO	791	307	0	0	20	287	179	108
PCT9738	MV	838	152	0	0	13	139	87	52
PCT9738	ED	838	64	0	0	6	58	37	21
PCT9738	TO	838	216	0	0	19	197	124	73
PCT9739	MV	789	86	0	0	3	83	63	20
PCT9739	ED	789	88	0	0	4	84	67	17
PCT9739	TO	789	174	0	0	7	167	130	37
PCT9741	MV	441	15	0	0	1	14	12	2
PCT9741	ED	441	10	0	0	1	9	8	1
PCT9741	TO	441	25	0	0	2	23	20	3
PCT9742	MV	695	86	0	0	6	80	33	47
PCT9742	ED	695	98	0	0	8	90	54	36
PCT9742	TO	695	184	0	0	14	170	87	83
PCT9743	MV	1140	161	0	0	7	154	103	51
PCT9743	ED	1140	170	0	0	14	156	125	31
PCT9743	TO	1140	331	0	0	21	310	228	82
PCT9744	MV	943	141	0	0	12	129	66	63
PCT9744	ED	943	121	0	0	17	104	76	28
PCT9744	TO	943	262	0	0	29	233	142	91
PCT9745	MV	992	120	0	0	8	112	72	40
PCT9745	ED	992	128	0	0	10	118	90	28
PCT9745	TO	992	248	0	0	18	230	162	68
PCT9746	MV	903	146	0	0	6	140	78	62
PCT9746	ED	903	118	0	1	11	106	58	48
PCT9746	TO	903	264	0	1	17	246	136	110
PCT9747	MV	976	132	0	0	13	119	60	59
PCT9747	ED	976	145	0	0	9	136	97	39
PCT9747	TO	976	277	0	0	22	255	157	98
PCT9748	MV	913	149	0	0	6	143	93	50
PCT9748	ED	913	116	0	0	6	110	67	43
PCT9748	TO	913	265	0	0	12	253	160	93
PCT9749	MV	938	99	0	0	6	93	62	31
PCT9749	ED	938	108	0	0	4	104	73	31
PCT9749	TO	938	207	0	0	10	197	135	62
PCT9751	MV	1071	174	0	0	10	164	85	79
PCT9751	ED	1071	151	0	0	13	138	86	52
PCT9751	TO	1071	325	0	0	23	302	171	131
PCT9752	MV	697	145	0	0	9	136	74	62
PCT9752	ED	697	108	0	0	6	102	71	31
PCT9752	TO	697	253	0	0	15	238	145	93
PCT9753	MV	762	108	0	0	6	102	67	35
PCT9753	ED	762	123	0	0	3	120	85	35
PCT9753	TO	762	231	0	0	9	222	152	70
PCT9754	MV	707	104	0	0	4	100	64	36
PCT9754	ED	707	113	0	0	6	107	78	29
PCT9754	TO	707	217	0	0	10	207	142	65
PCT9755	MV	580	86	0	0	10	76	43	33
PCT9755	ED	580	99	0	0	3	96	66	30
PCT9755	TO	580	185	0	0	13	172	109	63
PCT9756	MV	967	158	0	0	12	146	69	77
PCT9756	ED	967	106	0	0	9	97	66	31
PCT9756	TO	967	264	0	0	21	243	135	108
PCT9801	MV	408	63	0	0	6	57	42	15
PCT9801	ED	408	52	0	0	4	48	32	16
PCT9801	TO	408	115	0	0	10	105	74	31
PCT9900	MV	0	0	0	0	0	0	0	0
PCT9900	ED	0	0	0	0	0	0	0	0
PCT9900	TO	0	0	0	0	0	0	0	0
PCT9901	MV	0	0	0	0	0	0	0	0
PCT9901	ED	0	0	0	0	0	0	0	0
PCT9901	TO	0	0	0	0	0	0	0	0
PCT9902	MV	0	0	0	0	0	0	0	0
PCT9902	ED	0	0	0	0	0	0	0	0
PCT9902	TO	0	0	0	0	0	0	0	0
