area_id	subtotal_type	RSReg	RSCst	RSRej	RSOvr	RSUnd	RSTot	1:YES	2:NO
ALLPCTS	TO	503899	304904	0	73	25563	279268	210727	68541
ALLPCTS	ED	101264	107001	0	22	9826	97153	76863	20290
ALLPCTS	MV	402635	197903	0	51	15737	182115	133864	48251
PCT1101	MV	448	216	0	0	16	200	133	67
PCT1101	ED	114	93	0	0	8	85	68	17
PCT1101	TO	562	309	0	0	24	285	201	84
PCT1102	MV	774	370	0	0	21	349	220	129
PCT1102	ED	230	209	0	0	13	196	147	49
PCT1102	TO	1004	579	0	0	34	545	367	178
PCT1103	MV	749	373	0	0	21	352	241	111
PCT1103	ED	222	194	0	0	12	182	131	51
PCT1103	TO	971	567	0	0	33	534	372	162
PCT1104	MV	751	343	0	0	19	324	228	96
PCT1104	ED	267	169	0	0	17	152	110	42
PCT1104	TO	1018	512	0	0	36	476	338	138
PCT1106	MV	598	255	0	0	14	241	148	93
PCT1106	ED	173	149	0	0	14	135	99	36
PCT1106	TO	771	404	0	0	28	376	247	129
PCT1107	MV	612	288	0	0	20	268	184	84
PCT1107	ED	139	125	0	0	5	120	92	28
PCT1107	TO	751	413	0	0	25	388	276	112
PCT1108	MV	725	360	0	0	20	340	256	84
PCT1108	ED	198	159	0	0	15	144	111	33
PCT1108	TO	923	519	0	0	35	484	367	117
PCT1109	MV	653	285	0	0	16	269	174	95
PCT1109	ED	169	141	0	0	11	130	97	33
PCT1109	TO	822	426	0	0	27	399	271	128
PCT1111	MV	849	354	0	0	23	331	222	109
PCT1111	ED	197	189	0	0	15	174	137	37
PCT1111	TO	1046	543	0	0	38	505	359	146
PCT1112	MV	643	280	0	0	18	262	194	68
PCT1112	ED	159	119	0	0	9	110	88	22
PCT1112	TO	802	399	0	0	27	372	282	90
PCT1113	MV	675	286	0	0	19	267	166	101
PCT1113	ED	120	108	0	0	13	95	70	25
PCT1113	TO	795	394	0	0	32	362	236	126
PCT1114	MV	769	328	0	0	19	309	227	82
PCT1114	ED	222	167	0	0	17	150	125	25
PCT1114	TO	991	495	0	0	36	459	352	107
PCT1115	MV	743	295	0	0	20	275	183	92
PCT1115	ED	193	131	0	0	13	118	95	23
PCT1115	TO	936	426	0	0	33	393	278	115
PCT1116	MV	715	309	0	0	22	287	195	92
PCT1116	ED	216	197	0	0	18	179	145	34
PCT1116	TO	931	506	0	0	40	466	340	126
PCT1117	MV	665	259	0	0	18	241	164	77
PCT1117	ED	181	152	0	0	12	140	114	26
PCT1117	TO	846	411	0	0	30	381	278	103
PCT1118	MV	846	366	0	0	12	354	246	108
PCT1118	ED	219	164	0	0	14	150	116	34
PCT1118	TO	1065	530	0	0	26	504	362	142
PCT1119	MV	659	305	0	0	16	289	214	75
PCT1119	ED	138	117	0	0	10	107	88	19
PCT1119	TO	797	422	0	0	26	396	302	94
PCT1121	MV	556	269	0	0	24	245	148	97
PCT1121	ED	149	123	0	0	8	115	79	36
PCT1121	TO	705	392	0	0	32	360	227	133
PCT1122	MV	519	247	0	0	19	228	136	92
PCT1122	ED	118	97	0	0	7	90	62	28
PCT1122	TO	637	344	0	0	26	318	198	120
PCT1123	MV	730	258	0	0	13	245	164	81
PCT1123	ED	208	151	0	0	10	141	109	32
PCT1123	TO	938	409	0	0	23	386	273	113
PCT1124	MV	631	246	0	0	7	239	157	82
PCT1124	ED	198	125	0	0	8	117	94	23
PCT1124	TO	829	371	0	0	15	356	251	105
PCT1125	MV	919	365	0	0	30	335	204	131
PCT1125	ED	178	115	0	0	13	102	88	14
PCT1125	TO	1097	480	0	0	43	437	292	145
PCT1126	MV	812	308	0	0	21	287	198	89
PCT1126	ED	200	108	0	0	2	106	77	29
PCT1126	TO	1012	416	0	0	23	393	275	118
PCT1127	MV	743	295	0	0	13	282	155	127
PCT1127	ED	222	148	0	0	6	142	104	38
PCT1127	TO	965	443	0	0	19	424	259	165
PCT1128	MV	734	287	0	0	14	273	158	115
PCT1128	ED	145	108	0	1	8	99	72	27
PCT1128	TO	879	395	0	1	22	372	230	142
PCT1129	MV	790	314	0	0	24	290	182	108
PCT1129	ED	246	146	0	0	16	130	92	38
PCT1129	TO	1036	460	0	0	40	420	274	146
PCT1131	MV	694	280	0	1	23	256	149	107
PCT1131	ED	166	111	0	0	11	100	79	21
PCT1131	TO	860	391	0	1	34	356	228	128
PCT1132	MV	838	370	0	0	31	339	213	126
PCT1132	ED	194	103	0	0	7	96	65	31
PCT1132	TO	1032	473	0	0	38	435	278	157
PCT1133	MV	716	336	0	0	11	325	212	113
PCT1133	ED	159	113	0	0	10	103	71	32
PCT1133	TO	875	449	0	0	21	428	283	145
PCT1134	MV	585	293	0	1	13	279	163	116
PCT1134	ED	182	127	0	0	12	115	92	23
PCT1134	TO	767	420	0	1	25	394	255	139
PCT1135	MV	465	220	0	0	7	213	133	80
PCT1135	ED	91	61	0	0	1	60	49	11
PCT1135	TO	556	281	0	0	8	273	182	91
PCT1136	MV	710	342	0	0	19	323	204	119
PCT1136	ED	157	117	0	0	6	111	83	28
PCT1136	TO	867	459	0	0	25	434	287	147
PCT1141	MV	836	394	0	0	17	377	256	121
PCT1141	ED	220	185	0	0	12	173	131	42
PCT1141	TO	1056	579	0	0	29	550	387	163
PCT1142	MV	721	330	0	0	22	308	222	86
PCT1142	ED	175	119	0	0	7	112	87	25
PCT1142	TO	896	449	0	0	29	420	309	111
PCT1143	MV	824	360	0	0	22	338	232	106
PCT1143	ED	225	189	0	0	12	177	149	28
PCT1143	TO	1049	549	0	0	34	515	381	134
PCT1144	MV	727	327	0	0	13	314	202	112
PCT1144	ED	220	165	0	0	14	151	116	35
PCT1144	TO	947	492	0	0	27	465	318	147
PCT1145	MV	753	411	0	0	29	382	252	130
PCT1145	ED	152	152	0	0	8	144	119	25
PCT1145	TO	905	563	0	0	37	526	371	155
PCT1146	MV	839	364	0	2	19	343	254	89
PCT1146	ED	215	159	0	0	8	151	116	35
PCT1146	TO	1054	523	0	2	27	494	370	124
PCT1147	MV	673	310	0	0	17	293	206	87
PCT1147	ED	212	159	0	0	12	147	111	36
PCT1147	TO	885	469	0	0	29	440	317	123
PCT1148	MV	804	370	0	0	21	349	216	133
PCT1148	ED	224	158	0	0	16	142	104	38
PCT1148	TO	1028	528	0	0	37	491	320	171
PCT1149	MV	710	320	0	0	20	300	183	117
PCT1149	ED	229	161	0	0	10	151	116	35
PCT1149	TO	939	481	0	0	30	451	299	152
PCT1151	MV	0	0	0	0	0	0	0	0
PCT1151	ED	0	0	0	0	0	0	0	0
PCT1151	TO	0	0	0	0	0	0	0	0
PCT1152	MV	710	315	0	0	28	287	199	88
PCT1152	ED	180	137	0	0	7	130	96	34
PCT1152	TO	890	452	0	0	35	417	295	122
PCT1153	MV	730	285	0	0	17	268	187	81
PCT1153	ED	210	181	0	0	11	170	108	62
PCT1153	TO	940	466	0	0	28	438	295	143
PCT1154	MV	0	0	0	0	0	0	0	0
PCT1154	ED	0	0	0	0	0	0	0	0
PCT1154	TO	0	0	0	0	0	0	0	0
PCT7001	MV	632	331	0	0	21	310	250	60
PCT7001	ED	141	149	0	1	12	136	119	17
PCT7001	TO	773	480	0	1	33	446	369	77
PCT7002	MV	598	270	0	0	30	240	178	62
PCT7002	ED	116	142	0	0	18	124	106	18
PCT7002	TO	714	412	0	0	48	364	284	80
PCT7003	MV	759	435	0	0	30	405	322	83
PCT7003	ED	147	193	0	0	21	172	139	33
PCT7003	TO	906	628	0	0	51	577	461	116
PCT7004	MV	764	418	0	0	34	384	304	80
PCT7004	ED	149	225	0	0	19	206	172	34
PCT7004	TO	913	643	0	0	53	590	476	114
PCT7005	MV	698	351	0	0	26	325	275	50
PCT7005	ED	161	230	0	0	21	209	178	31
PCT7005	TO	859	581	0	0	47	534	453	81
PCT7006	MV	729	361	0	0	30	331	273	58
PCT7006	ED	203	240	0	0	21	219	184	35
PCT7006	TO	932	601	0	0	51	550	457	93
PCT7007	MV	777	438	0	0	32	406	329	77
PCT7007	ED	180	242	0	1	18	223	189	34
PCT7007	TO	957	680	0	1	50	629	518	111
PCT7008	MV	732	369	0	0	41	328	254	74
PCT7008	ED	177	254	0	0	23	231	188	43
PCT7008	TO	909	623	0	0	64	559	442	117
PCT7009	MV	752	391	0	0	32	359	284	75
PCT7009	ED	119	160	0	0	15	145	117	28
PCT7009	TO	871	551	0	0	47	504	401	103
PCT7011	MV	704	231	0	0	18	213	178	35
PCT7011	ED	269	142	0	0	11	131	109	22
PCT7011	TO	973	373	0	0	29	344	287	57
PCT7012	MV	999	489	0	1	37	451	367	84
PCT7012	ED	227	308	0	0	28	280	229	51
PCT7012	TO	1226	797	0	1	65	731	596	135
PCT7013	MV	984	431	0	0	34	397	338	59
PCT7013	ED	155	259	0	0	24	235	195	40
PCT7013	TO	1139	690	0	0	58	632	533	99
PCT7014	MV	610	305	0	0	31	274	235	39
PCT7014	ED	109	182	0	0	26	156	122	34
PCT7014	TO	719	487	0	0	57	430	357	73
PCT7015	MV	110	41	0	0	4	37	32	5
PCT7015	ED	0	5	0	0	1	4	4	0
PCT7015	TO	110	46	0	0	5	41	36	5
PCT7016	MV	655	239	0	0	12	227	154	73
PCT7016	ED	277	124	0	0	8	116	97	19
PCT7016	TO	932	363	0	0	20	343	251	92
PCT7017	MV	543	182	0	0	19	163	125	38
PCT7017	ED	238	92	0	0	12	80	72	8
PCT7017	TO	781	274	0	0	31	243	197	46
PCT7018	MV	847	358	0	0	26	332	206	126
PCT7018	ED	200	103	0	0	10	93	76	17
PCT7018	TO	1047	461	0	0	36	425	282	143
PCT7019	MV	734	356	0	0	21	335	217	118
PCT7019	ED	166	112	0	0	8	104	83	21
PCT7019	TO	900	468	0	0	29	439	300	139
PCT7021	MV	679	271	0	0	18	253	195	58
PCT7021	ED	288	159	0	0	11	148	125	23
PCT7021	TO	967	430	0	0	29	401	320	81
PCT7022	MV	770	340	0	1	27	312	248	64
PCT7022	ED	193	93	0	0	5	88	78	10
PCT7022	TO	963	433	0	1	32	400	326	74
PCT7023	MV	687	331	0	0	19	312	245	67
PCT7023	ED	233	118	0	0	11	107	95	12
PCT7023	TO	920	449	0	0	30	419	340	79
PCT7024	MV	251	51	0	0	2	49	42	7
PCT7024	ED	190	35	0	0	5	30	28	2
PCT7024	TO	441	86	0	0	7	79	70	9
PCT7025	MV	316	97	0	1	5	91	72	19
PCT7025	ED	167	66	0	0	3	63	50	13
PCT7025	TO	483	163	0	1	8	154	122	32
PCT7026	MV	819	337	0	0	19	318	201	117
PCT7026	ED	191	125	0	0	14	111	83	28
PCT7026	TO	1010	462	0	0	33	429	284	145
PCT7027	MV	677	272	0	0	17	255	171	84
PCT7027	ED	219	143	0	0	9	134	106	28
PCT7027	TO	896	415	0	0	26	389	277	112
PCT7028	MV	586	221	0	0	16	205	172	33
PCT7028	ED	270	151	0	0	11	140	108	32
PCT7028	TO	856	372	0	0	27	345	280	65
PCT7029	MV	643	209	0	0	24	185	151	34
PCT7029	ED	266	82	0	1	5	76	60	16
PCT7029	TO	909	291	0	1	29	261	211	50
PCT7030	MV	654	274	0	0	12	262	167	95
PCT7030	ED	141	80	0	0	3	77	43	34
PCT7030	TO	795	354	0	0	15	339	210	129
PCT7031	MV	622	265	0	0	22	243	175	68
PCT7031	ED	72	78	0	0	9	69	57	12
PCT7031	TO	694	343	0	0	31	312	232	80
PCT7032	MV	643	266	0	0	20	246	180	66
PCT7032	ED	238	105	0	0	11	94	73	21
PCT7032	TO	881	371	0	0	31	340	253	87
PCT7033	MV	549	214	0	0	15	199	135	64
PCT7033	ED	229	136	0	1	13	122	88	34
PCT7033	TO	778	350	0	1	28	321	223	98
PCT7034	MV	620	142	0	0	18	124	108	16
PCT7034	ED	318	111	0	0	9	102	88	14
PCT7034	TO	938	253	0	0	27	226	196	30
PCT7035	MV	567	238	0	0	17	221	167	54
PCT7035	ED	152	101	0	0	8	93	79	14
PCT7035	TO	719	339	0	0	25	314	246	68
PCT7036	MV	781	267	0	0	18	249	172	77
PCT7036	ED	193	79	0	0	7	72	62	10
PCT7036	TO	974	346	0	0	25	321	234	87
PCT7037	MV	434	64	0	0	1	63	49	14
PCT7037	ED	312	65	0	0	10	55	48	7
PCT7037	TO	746	129	0	0	11	118	97	21
PCT7038	MV	758	308	0	2	21	285	170	115
PCT7038	ED	203	105	0	0	9	96	79	17
PCT7038	TO	961	413	0	2	30	381	249	132
PCT7039	MV	636	244	0	0	24	220	130	90
PCT7039	ED	201	146	0	0	4	142	96	46
PCT7039	TO	837	390	0	0	28	362	226	136
PCT7041	MV	66	29	0	0	4	25	16	9
PCT7041	ED	0	2	0	0	0	2	0	2
PCT7041	TO	66	31	0	0	4	27	16	11
PCT7042	MV	514	224	0	0	11	213	145	68
PCT7042	ED	146	96	0	0	5	91	68	23
PCT7042	TO	660	320	0	0	16	304	213	91
PCT7043	MV	754	295	0	0	21	274	179	95
PCT7043	ED	224	122	0	0	9	113	91	22
PCT7043	TO	978	417	0	0	30	387	270	117
PCT7044	MV	586	150	0	0	5	145	117	28
PCT7044	ED	266	95	0	0	14	81	64	17
PCT7044	TO	852	245	0	0	19	226	181	45
PCT7045	MV	632	268	0	0	18	250	150	100
PCT7045	ED	154	80	0	0	10	70	44	26
PCT7045	TO	786	348	0	0	28	320	194	126
PCT7046	MV	334	134	0	0	11	123	77	46
PCT7046	ED	96	76	0	0	6	70	55	15
PCT7046	TO	430	210	0	0	17	193	132	61
PCT7047	MV	733	315	0	0	17	298	185	113
PCT7047	ED	150	100	0	0	11	89	69	20
PCT7047	TO	883	415	0	0	28	387	254	133
PCT7048	MV	685	267	0	0	21	246	177	69
PCT7048	ED	196	80	0	0	6	74	54	20
PCT7048	TO	881	347	0	0	27	320	231	89
PCT7049	MV	616	248	0	0	17	231	128	103
PCT7049	ED	210	104	0	0	6	98	68	30
PCT7049	TO	826	352	0	0	23	329	196	133
PCT7051	MV	715	311	0	0	25	286	164	122
PCT7051	ED	165	105	0	0	9	96	71	25
PCT7051	TO	880	416	0	0	34	382	235	147
PCT7052	MV	722	298	0	0	9	289	176	113
PCT7052	ED	184	135	0	0	13	122	95	27
PCT7052	TO	906	433	0	0	22	411	271	140
PCT7053	MV	542	227	0	0	27	200	117	83
PCT7053	ED	43	70	0	0	4	66	47	19
PCT7053	TO	585	297	0	0	31	266	164	102
PCT7054	MV	863	310	0	0	24	286	229	57
PCT7054	ED	273	170	0	0	10	160	131	29
PCT7054	TO	1136	480	0	0	34	446	360	86
PCT7055	MV	732	292	0	0	20	272	192	80
PCT7055	ED	94	150	0	0	17	133	113	20
PCT7055	TO	826	442	0	0	37	405	305	100
PCT7056	MV	619	277	0	0	28	249	188	61
PCT7056	ED	86	179	0	0	21	158	124	34
PCT7056	TO	705	456	0	0	49	407	312	95
PCT7101	MV	147	99	0	0	7	92	84	8
PCT7101	ED	0	9	0	0	4	5	5	0
PCT7101	TO	147	108	0	0	11	97	89	8
PCT7201	MV	789	384	0	0	30	354	243	111
PCT7201	ED	146	195	0	0	27	168	135	33
PCT7201	TO	935	579	0	0	57	522	378	144
PCT7202	MV	708	309	0	1	36	272	187	85
PCT7202	ED	143	188	0	0	19	169	125	44
PCT7202	TO	851	497	0	1	55	441	312	129
PCT7203	MV	693	321	0	0	37	284	211	73
PCT7203	ED	186	217	0	0	28	189	139	50
PCT7203	TO	879	538	0	0	65	473	350	123
PCT7204	MV	773	425	0	0	55	370	281	89
PCT7204	ED	126	206	0	0	32	174	135	39
PCT7204	TO	899	631	0	0	87	544	416	128
PCT7205	MV	724	360	0	0	29	331	251	80
PCT7205	ED	147	203	0	0	19	184	135	49
PCT7205	TO	871	563	0	0	48	515	386	129
PCT7206	MV	299	129	0	0	12	117	88	29
PCT7206	ED	78	130	0	0	15	115	92	23
PCT7206	TO	377	259	0	0	27	232	180	52
PCT7207	MV	744	333	0	0	29	304	207	97
PCT7207	ED	123	177	0	0	14	163	137	26
PCT7207	TO	867	510	0	0	43	467	344	123
PCT7208	MV	492	254	0	0	32	222	150	72
PCT7208	ED	78	110	0	0	12	98	87	11
PCT7208	TO	570	364	0	0	44	320	237	83
PCT7209	MV	595	343	0	0	32	311	228	83
PCT7209	ED	52	82	0	0	6	76	62	14
PCT7209	TO	647	425	0	0	38	387	290	97
PCT7301	MV	813	319	0	0	24	295	221	74
PCT7301	ED	201	154	0	0	12	142	112	30
PCT7301	TO	1014	473	0	0	36	437	333	104
PCT7302	MV	713	352	0	0	36	316	212	104
PCT7302	ED	136	153	0	0	15	138	113	25
PCT7302	TO	849	505	0	0	51	454	325	129
PCT7303	MV	869	376	0	0	36	340	256	84
PCT7303	ED	199	255	0	0	37	218	167	51
PCT7303	TO	1068	631	0	0	73	558	423	135
PCT7304	MV	803	367	0	0	30	337	257	80
PCT7304	ED	198	239	0	0	18	221	168	53
PCT7304	TO	1001	606	0	0	48	558	425	133
PCT7305	MV	714	390	0	0	38	352	236	116
PCT7305	ED	153	206	0	0	16	190	143	47
PCT7305	TO	867	596	0	0	54	542	379	163
PCT7306	MV	801	375	0	0	39	336	213	123
PCT7306	ED	243	222	0	0	37	185	146	39
PCT7306	TO	1044	597	0	0	76	521	359	162
PCT7307	MV	605	276	0	0	19	257	177	80
PCT7307	ED	169	155	0	0	20	135	109	26
PCT7307	TO	774	431	0	0	39	392	286	106
PCT7308	MV	520	257	0	0	13	244	175	69
PCT7308	ED	105	175	0	0	18	157	128	29
PCT7308	TO	625	432	0	0	31	401	303	98
PCT7309	MV	691	324	0	0	34	290	215	75
PCT7309	ED	167	214	0	0	21	193	157	36
PCT7309	TO	858	538	0	0	55	483	372	111
PCT7311	MV	698	336	0	0	24	312	251	61
PCT7311	ED	208	250	0	0	24	226	177	49
PCT7311	TO	906	586	0	0	48	538	428	110
PCT7312	MV	700	397	0	0	26	371	257	114
PCT7312	ED	110	176	0	0	18	158	116	42
PCT7312	TO	810	573	0	0	44	529	373	156
PCT7313	MV	819	375	0	0	23	352	260	92
PCT7313	ED	184	181	0	0	29	152	118	34
PCT7313	TO	1003	556	0	0	52	504	378	126
PCT7314	MV	612	226	0	0	27	199	147	52
PCT7314	ED	147	89	0	0	12	77	58	19
PCT7314	TO	759	315	0	0	39	276	205	71
PCT7315	MV	570	207	0	0	13	194	136	58
PCT7315	ED	195	181	0	0	18	163	128	35
PCT7315	TO	765	388	0	0	31	357	264	93
PCT7316	MV	654	261	0	0	33	228	155	73
PCT7316	ED	178	161	0	0	16	145	116	29
PCT7316	TO	832	422	0	0	49	373	271	102
PCT7317	MV	744	350	0	0	24	326	217	109
PCT7317	ED	146	162	0	0	18	144	122	22
PCT7317	TO	890	512	0	0	42	470	339	131
PCT7318	MV	605	294	0	0	37	257	187	70
PCT7318	ED	118	150	0	0	25	125	94	31
PCT7318	TO	723	444	0	0	62	382	281	101
PCT7319	MV	861	346	0	0	28	318	225	93
PCT7319	ED	188	208	0	0	26	182	134	48
PCT7319	TO	1049	554	0	0	54	500	359	141
PCT7321	MV	557	202	0	0	20	182	119	63
PCT7321	ED	102	106	0	0	12	94	66	28
PCT7321	TO	659	308	0	0	32	276	185	91
PCT7322	MV	742	296	0	0	39	257	178	79
PCT7322	ED	146	56	0	0	6	50	45	5
PCT7322	TO	888	352	0	0	45	307	223	84
PCT7323	MV	790	369	0	0	49	320	234	86
PCT7323	ED	166	180	0	0	22	158	123	35
PCT7323	TO	956	549	0	0	71	478	357	121
PCT7324	MV	587	260	0	0	30	230	171	59
PCT7324	ED	150	136	0	0	14	122	85	37
PCT7324	TO	737	396	0	0	44	352	256	96
PCT7325	MV	714	328	0	0	30	298	231	67
PCT7325	ED	172	183	0	0	20	163	122	41
PCT7325	TO	886	511	0	0	50	461	353	108
PCT7326	MV	685	304	0	0	28	276	204	72
PCT7326	ED	174	187	0	0	33	154	115	39
PCT7326	TO	859	491	0	0	61	430	319	111
PCT7327	MV	561	230	0	0	32	198	134	64
PCT7327	ED	126	59	0	0	5	54	47	7
PCT7327	TO	687	289	0	0	37	252	181	71
PCT7328	MV	829	334	0	0	56	278	181	97
PCT7328	ED	173	85	0	0	17	68	53	15
PCT7328	TO	1002	419	0	0	73	346	234	112
PCT7329	MV	556	228	0	0	25	203	147	56
PCT7329	ED	95	105	0	0	14	91	64	27
PCT7329	TO	651	333	0	0	39	294	211	83
PCT7331	MV	710	363	0	0	42	321	233	88
PCT7331	ED	160	170	0	0	21	149	108	41
PCT7331	TO	870	533	0	0	63	470	341	129
PCT7332	MV	654	265	0	0	28	237	181	56
PCT7332	ED	136	173	0	0	17	156	136	20
PCT7332	TO	790	438	0	0	45	393	317	76
PCT7333	MV	822	392	0	0	32	360	266	94
PCT7333	ED	193	241	0	0	26	215	176	39
PCT7333	TO	1015	633	0	0	58	575	442	133
PCT7334	MV	688	307	0	0	19	288	226	62
PCT7334	ED	131	170	0	0	13	157	130	27
PCT7334	TO	819	477	0	0	32	445	356	89
PCT7335	MV	788	390	0	0	43	347	248	99
PCT7335	ED	146	217	0	1	21	195	162	33
PCT7335	TO	934	607	0	1	64	542	410	132
PCT7336	MV	779	405	0	0	29	376	236	140
PCT7336	ED	175	189	0	0	19	170	129	41
PCT7336	TO	954	594	0	0	48	546	365	181
PCT7337	MV	772	387	0	0	44	343	239	104
PCT7337	ED	125	143	0	0	9	134	109	25
PCT7337	TO	897	530	0	0	53	477	348	129
PCT7338	MV	770	360	0	0	44	316	217	99
PCT7338	ED	125	104	0	0	12	92	71	21
PCT7338	TO	895	464	0	0	56	408	288	120
PCT7339	MV	605	270	0	0	25	245	199	46
PCT7339	ED	150	149	0	0	8	141	107	34
PCT7339	TO	755	419	0	0	33	386	306	80
PCT7341	MV	675	292	0	0	34	258	199	59
PCT7341	ED	178	183	0	1	19	163	136	27
PCT7341	TO	853	475	0	1	53	421	335	86
PCT7342	MV	674	326	0	0	21	305	231	74
PCT7342	ED	230	269	0	0	22	247	187	60
PCT7342	TO	904	595	0	0	43	552	418	134
PCT7343	MV	554	253	0	0	27	226	191	35
PCT7343	ED	150	176	0	0	25	151	117	34
PCT7343	TO	704	429	0	0	52	377	308	69
PCT7344	MV	863	393	0	0	35	358	265	93
PCT7344	ED	201	238	0	0	27	211	175	36
PCT7344	TO	1064	631	0	0	62	569	440	129
PCT7345	MV	904	434	0	0	39	395	321	74
PCT7345	ED	210	253	0	0	20	233	181	52
PCT7345	TO	1114	687	0	0	59	628	502	126
PCT7346	MV	681	288	0	0	26	262	205	57
PCT7346	ED	208	209	0	0	23	186	151	35
PCT7346	TO	889	497	0	0	49	448	356	92
PCT7347	MV	833	371	0	0	36	335	291	44
PCT7347	ED	170	192	0	0	20	172	148	24
PCT7347	TO	1003	563	0	0	56	507	439	68
PCT7348	MV	650	279	0	0	24	255	199	56
PCT7348	ED	193	159	0	0	17	142	118	24
PCT7348	TO	843	438	0	0	41	397	317	80
PCT7349	MV	710	318	0	0	23	295	218	77
PCT7349	ED	202	178	0	0	18	160	134	26
PCT7349	TO	912	496	0	0	41	455	352	103
PCT7501	MV	456	248	0	0	29	219	153	66
PCT7501	ED	95	127	0	0	17	110	84	26
PCT7501	TO	551	375	0	0	46	329	237	92
PCT7502	MV	669	318	0	0	32	286	210	76
PCT7502	ED	120	167	0	0	24	143	118	25
PCT7502	TO	789	485	0	0	56	429	328	101
PCT7503	MV	614	286	0	0	23	263	212	51
PCT7503	ED	148	163	0	0	22	141	108	33
PCT7503	TO	762	449	0	0	45	404	320	84
PCT7504	MV	404	175	0	0	17	158	126	32
PCT7504	ED	84	92	0	0	9	83	73	10
PCT7504	TO	488	267	0	0	26	241	199	42
PCT7505	MV	729	406	0	0	46	360	290	70
PCT7505	ED	133	143	0	0	7	136	111	25
PCT7505	TO	862	549	0	0	53	496	401	95
PCT7506	MV	842	365	0	0	41	324	249	75
PCT7506	ED	158	206	0	0	25	181	157	24
PCT7506	TO	1000	571	0	0	66	505	406	99
PCT7507	MV	694	291	0	0	23	268	224	44
PCT7507	ED	262	156	0	0	8	148	130	18
PCT7507	TO	956	447	0	0	31	416	354	62
PCT7508	MV	618	375	0	0	36	339	259	80
PCT7508	ED	126	131	0	0	10	121	102	19
PCT7508	TO	744	506	0	0	46	460	361	99
PCT7509	MV	756	399	0	0	33	366	267	99
PCT7509	ED	173	184	0	0	18	166	128	38
PCT7509	TO	929	583	0	0	51	532	395	137
PCT7512	MV	476	248	0	0	22	226	176	50
PCT7512	ED	124	120	0	0	13	107	83	24
PCT7512	TO	600	368	0	0	35	333	259	74
PCT7513	MV	575	248	0	0	28	220	182	38
PCT7513	ED	231	159	0	0	18	141	119	22
PCT7513	TO	806	407	0	0	46	361	301	60
PCT7514	MV	709	242	0	0	33	209	165	44
PCT7514	ED	207	100	0	0	16	84	73	11
PCT7514	TO	916	342	0	0	49	293	238	55
PCT7515	MV	664	323	0	0	22	301	232	69
PCT7515	ED	200	131	0	0	17	114	96	18
PCT7515	TO	864	454	0	0	39	415	328	87
PCT7516	MV	773	424	0	0	27	397	308	89
PCT7516	ED	147	152	0	0	10	142	108	34
PCT7516	TO	920	576	0	0	37	539	416	123
PCT7517	MV	645	362	0	0	38	324	273	51
PCT7517	ED	223	266	0	0	26	240	209	31
PCT7517	TO	868	628	0	0	64	564	482	82
PCT7518	MV	708	396	0	0	35	361	294	67
PCT7518	ED	218	273	0	0	26	247	220	27
PCT7518	TO	926	669	0	0	61	608	514	94
PCT7519	MV	543	261	0	0	28	233	196	37
PCT7519	ED	172	194	0	0	17	177	150	27
PCT7519	TO	715	455	0	0	45	410	346	64
PCT7521	MV	597	323	0	0	32	291	254	37
PCT7521	ED	182	222	0	0	15	207	178	29
PCT7521	TO	779	545	0	0	47	498	432	66
PCT7522	MV	588	302	0	0	26	276	237	39
PCT7522	ED	171	221	0	0	27	194	167	27
PCT7522	TO	759	523	0	0	53	470	404	66
PCT7523	MV	564	285	0	0	24	261	220	41
PCT7523	ED	180	247	0	0	20	227	198	29
PCT7523	TO	744	532	0	0	44	488	418	70
PCT7524	MV	481	228	0	0	25	203	170	33
PCT7524	ED	143	154	0	0	16	138	124	14
PCT7524	TO	624	382	0	0	41	341	294	47
PCT7525	MV	594	247	0	0	25	222	188	34
PCT7525	ED	170	159	0	0	18	141	130	11
PCT7525	TO	764	406	0	0	43	363	318	45
PCT7526	MV	825	397	0	0	49	348	292	56
PCT7526	ED	163	258	0	0	28	230	185	45
PCT7526	TO	988	655	0	0	77	578	477	101
PCT7527	MV	538	296	0	0	29	267	223	44
PCT7527	ED	172	157	0	0	15	142	129	13
PCT7527	TO	710	453	0	0	44	409	352	57
PCT7529	MV	749	367	0	0	35	332	298	34
PCT7529	ED	154	261	0	0	16	245	212	33
PCT7529	TO	903	628	0	0	51	577	510	67
PCT7531	MV	714	336	0	0	30	306	264	42
PCT7531	ED	159	211	0	0	17	194	173	21
PCT7531	TO	873	547	0	0	47	500	437	63
PCT7532	MV	668	330	0	0	27	303	255	48
PCT7532	ED	167	225	0	0	28	197	151	46
PCT7532	TO	835	555	0	0	55	500	406	94
PCT7533	MV	777	405	0	1	41	363	309	54
PCT7533	ED	193	286	0	0	22	264	220	44
PCT7533	TO	970	691	0	1	63	627	529	98
PCT7534	MV	670	377	0	0	37	340	288	52
PCT7534	ED	233	259	0	0	25	234	216	18
PCT7534	TO	903	636	0	0	62	574	504	70
PCT7535	MV	606	303	0	0	25	278	232	46
PCT7535	ED	139	218	0	0	24	194	176	18
PCT7535	TO	745	521	0	0	49	472	408	64
PCT7536	MV	670	347	0	0	23	324	275	49
PCT7536	ED	163	231	0	0	28	203	176	27
PCT7536	TO	833	578	0	0	51	527	451	76
PCT7537	MV	619	302	0	0	24	278	241	37
PCT7537	ED	126	221	0	0	19	202	180	22
PCT7537	TO	745	523	0	0	43	480	421	59
PCT7538	MV	562	324	0	0	20	304	265	39
PCT7538	ED	189	233	0	0	22	211	186	25
PCT7538	TO	751	557	0	0	42	515	451	64
PCT7539	MV	696	376	0	0	29	347	302	45
PCT7539	ED	225	277	0	0	28	249	213	36
PCT7539	TO	921	653	0	0	57	596	515	81
PCT7541	MV	601	296	0	0	34	262	219	43
PCT7541	ED	169	236	0	0	26	210	184	26
PCT7541	TO	770	532	0	0	60	472	403	69
PCT7542	MV	632	325	0	0	16	309	265	44
PCT7542	ED	192	222	0	0	12	210	191	19
PCT7542	TO	824	547	0	0	28	519	456	63
PCT7543	MV	694	373	0	0	18	355	308	47
PCT7543	ED	230	191	0	0	21	170	150	20
PCT7543	TO	924	564	0	0	39	525	458	67
PCT7544	MV	731	389	0	0	36	353	293	60
PCT7544	ED	168	232	0	0	24	208	180	28
PCT7544	TO	899	621	0	0	60	561	473	88
PCT7545	MV	723	386	0	1	32	353	291	62
PCT7545	ED	172	211	0	0	27	184	152	32
PCT7545	TO	895	597	0	1	59	537	443	94
PCT7546	MV	770	419	0	0	27	392	344	48
PCT7546	ED	183	277	0	0	26	251	208	43
PCT7546	TO	953	696	0	0	53	643	552	91
PCT7547	MV	799	427	0	0	26	401	351	50
PCT7547	ED	182	270	0	0	22	248	231	17
PCT7547	TO	981	697	0	0	48	649	582	67
PCT7548	MV	803	450	0	0	38	412	360	52
PCT7548	ED	248	281	0	0	26	255	229	26
PCT7548	TO	1051	731	0	0	64	667	589	78
PCT7549	MV	660	359	0	0	32	327	270	57
PCT7549	ED	146	200	0	0	25	175	155	20
PCT7549	TO	806	559	0	0	57	502	425	77
PCT7551	MV	587	304	0	0	18	286	247	39
PCT7551	ED	136	233	0	0	19	214	171	43
PCT7551	TO	723	537	0	0	37	500	418	82
PCT7552	MV	561	289	0	0	33	256	226	30
PCT7552	ED	124	185	0	0	27	158	134	24
PCT7552	TO	685	474	0	0	60	414	360	54
PCT7553	MV	191	96	0	0	7	89	71	18
PCT7553	ED	0	19	0	0	2	17	12	5
PCT7553	TO	191	115	0	0	9	106	83	23
PCT7554	MV	653	382	0	0	36	346	279	67
PCT7554	ED	168	226	0	0	21	205	170	35
PCT7554	TO	821	608	0	0	57	551	449	102
PCT7555	MV	662	418	0	0	36	382	313	69
PCT7555	ED	210	258	0	0	18	240	215	25
PCT7555	TO	872	676	0	0	54	622	528	94
PCT7556	MV	812	514	0	1	32	481	390	91
PCT7556	ED	154	236	0	0	30	206	163	43
PCT7556	TO	966	750	0	1	62	687	553	134
PCT7601	MV	485	207	0	0	17	190	163	27
PCT7601	ED	192	125	0	0	15	110	91	19
PCT7601	TO	677	332	0	0	32	300	254	46
PCT7602	MV	654	277	0	0	22	255	203	52
PCT7602	ED	232	150	0	0	13	137	122	15
PCT7602	TO	886	427	0	0	35	392	325	67
PCT7603	MV	615	296	0	0	28	268	217	51
PCT7603	ED	200	208	0	0	15	193	157	36
PCT7603	TO	815	504	0	0	43	461	374	87
PCT7604	MV	685	270	0	1	18	251	220	31
PCT7604	ED	259	187	0	0	29	158	126	32
PCT7604	TO	944	457	0	1	47	409	346	63
PCT7605	MV	469	192	0	1	16	175	138	37
PCT7605	ED	192	98	0	0	10	88	74	14
PCT7605	TO	661	290	0	1	26	263	212	51
PCT7606	MV	673	267	0	0	25	242	196	46
PCT7606	ED	210	123	0	0	14	109	91	18
PCT7606	TO	883	390	0	0	39	351	287	64
PCT7607	MV	712	288	0	0	23	265	209	56
PCT7607	ED	207	143	0	0	12	131	109	22
PCT7607	TO	919	431	0	0	35	396	318	78
PCT7608	MV	279	96	0	0	9	87	63	24
PCT7608	ED	101	28	0	0	2	26	24	2
PCT7608	TO	380	124	0	0	11	113	87	26
PCT7609	MV	699	287	0	0	27	260	196	64
PCT7609	ED	185	76	0	0	10	66	56	10
PCT7609	TO	884	363	0	0	37	326	252	74
PCT7611	MV	586	236	0	0	17	219	186	33
PCT7611	ED	202	70	0	0	6	64	55	9
PCT7611	TO	788	306	0	0	23	283	241	42
PCT7612	MV	452	216	0	0	17	199	147	52
PCT7612	ED	105	61	0	0	7	54	41	13
PCT7612	TO	557	277	0	0	24	253	188	65
PCT7613	MV	634	244	0	0	22	222	180	42
PCT7613	ED	249	123	0	0	8	115	100	15
PCT7613	TO	883	367	0	0	30	337	280	57
PCT7614	MV	713	255	0	0	28	227	180	47
PCT7614	ED	203	133	0	0	12	121	105	16
PCT7614	TO	916	388	0	0	40	348	285	63
PCT7615	MV	510	165	0	1	13	151	120	31
PCT7615	ED	240	91	0	0	9	82	71	11
PCT7615	TO	750	256	0	1	22	233	191	42
PCT7616	MV	754	332	0	0	34	298	242	56
PCT7616	ED	82	191	0	0	18	173	147	26
PCT7616	TO	836	523	0	0	52	471	389	82
PCT7617	MV	583	222	0	0	26	196	163	33
PCT7617	ED	169	78	0	0	12	66	50	16
PCT7617	TO	752	300	0	0	38	262	213	49
PCT7618	MV	763	365	0	0	21	344	258	86
PCT7618	ED	151	141	0	0	21	120	96	24
PCT7618	TO	914	506	0	0	42	464	354	110
PCT7619	MV	938	439	0	0	33	406	329	77
PCT7619	ED	169	207	0	0	22	185	151	34
PCT7619	TO	1107	646	0	0	55	591	480	111
PCT7621	MV	1006	443	0	0	34	409	324	85
PCT7621	ED	149	185	0	0	25	160	129	31
PCT7621	TO	1155	628	0	0	59	569	453	116
PCT7622	MV	697	216	0	0	22	194	158	36
PCT7622	ED	263	127	0	0	22	105	88	17
PCT7622	TO	960	343	0	0	44	299	246	53
PCT7623	MV	767	256	0	1	26	229	183	46
PCT7623	ED	237	167	0	0	18	149	131	18
PCT7623	TO	1004	423	0	1	44	378	314	64
PCT7624	MV	652	210	0	0	17	193	161	32
PCT7624	ED	223	114	0	0	20	94	79	15
PCT7624	TO	875	324	0	0	37	287	240	47
PCT7625	MV	749	396	0	0	55	341	256	85
PCT7625	ED	73	51	0	0	4	47	43	4
PCT7625	TO	822	447	0	0	59	388	299	89
PCT7626	MV	945	404	0	0	48	356	257	99
PCT7626	ED	128	164	0	0	16	148	127	21
PCT7626	TO	1073	568	0	0	64	504	384	120
PCT7627	MV	457	196	0	0	25	171	127	44
PCT7627	ED	67	80	0	0	12	68	55	13
PCT7627	TO	524	276	0	0	37	239	182	57
PCT7628	MV	718	333	0	0	19	314	248	66
PCT7628	ED	220	185	0	0	15	170	138	32
PCT7628	TO	938	518	0	0	34	484	386	98
PCT7629	MV	691	277	0	0	27	250	204	46
PCT7629	ED	162	159	0	0	18	141	119	22
PCT7629	TO	853	436	0	0	45	391	323	68
PCT7631	MV	1009	442	0	0	30	412	330	82
PCT7631	ED	210	213	0	0	22	191	162	29
PCT7631	TO	1219	655	0	0	52	603	492	111
PCT7632	MV	1002	414	0	1	30	383	310	73
PCT7632	ED	169	237	0	0	21	216	180	36
PCT7632	TO	1171	651	0	1	51	599	490	109
PCT7633	MV	609	278	0	0	21	257	201	56
PCT7633	ED	126	124	0	0	14	110	91	19
PCT7633	TO	735	402	0	0	35	367	292	75
PCT7634	MV	704	344	0	0	46	298	236	62
PCT7634	ED	186	155	0	1	24	130	97	33
PCT7634	TO	890	499	0	1	70	428	333	95
PCT7635	MV	665	274	0	0	20	254	194	60
PCT7635	ED	188	145	0	0	11	134	100	34
PCT7635	TO	853	419	0	0	31	388	294	94
PCT7636	MV	798	331	0	0	26	305	224	81
PCT7636	ED	161	188	0	0	17	171	137	34
PCT7636	TO	959	519	0	0	43	476	361	115
PCT7637	MV	747	344	0	0	34	310	208	102
PCT7637	ED	121	169	0	1	22	146	121	25
PCT7637	TO	868	513	0	1	56	456	329	127
PCT7638	MV	806	374	0	1	38	335	216	119
PCT7638	ED	83	148	0	0	16	132	84	48
PCT7638	TO	889	522	0	1	54	467	300	167
PCT7639	MV	889	397	0	1	34	362	255	107
PCT7639	ED	133	175	0	0	31	144	109	35
PCT7639	TO	1022	572	0	1	65	506	364	142
PCT7641	MV	817	401	0	1	24	376	248	128
PCT7641	ED	134	158	0	0	11	147	108	39
PCT7641	TO	951	559	0	1	35	523	356	167
PCT7642	MV	647	314	0	0	33	281	211	70
PCT7642	ED	118	157	0	0	26	131	103	28
PCT7642	TO	765	471	0	0	59	412	314	98
PCT7643	MV	810	434	0	0	35	399	282	117
PCT7643	ED	131	135	0	0	18	117	92	25
PCT7643	TO	941	569	0	0	53	516	374	142
PCT7644	MV	1014	404	0	0	39	365	274	91
PCT7644	ED	162	234	0	0	25	209	174	35
PCT7644	TO	1176	638	0	0	64	574	448	126
PCT7645	MV	595	286	0	0	26	260	184	76
PCT7645	ED	61	112	0	0	16	96	71	25
PCT7645	TO	656	398	0	0	42	356	255	101
PCT7646	MV	1032	485	0	0	42	443	341	102
PCT7646	ED	121	251	0	0	43	208	174	34
PCT7646	TO	1153	736	0	0	85	651	515	136
PCT7647	MV	724	212	0	0	6	206	161	45
PCT7647	ED	263	148	0	0	16	132	102	30
PCT7647	TO	987	360	0	0	22	338	263	75
PCT7648	MV	2	1	0	0	1	0	0	0
PCT7648	ED	0	0	0	0	0	0	0	0
PCT7648	TO	2	1	0	0	1	0	0	0
PCT7649	MV	724	286	0	0	15	271	217	54
PCT7649	ED	176	152	0	0	14	138	118	20
PCT7649	TO	900	438	0	0	29	409	335	74
PCT7651	MV	834	334	0	0	28	306	211	95
PCT7651	ED	113	169	0	0	26	143	106	37
PCT7651	TO	947	503	0	0	54	449	317	132
PCT7652	MV	535	209	0	0	20	189	137	52
PCT7652	ED	100	122	0	0	14	108	85	23
PCT7652	TO	635	331	0	0	34	297	222	75
PCT7653	MV	750	337	0	0	35	302	239	63
PCT7653	ED	89	146	0	0	18	128	102	26
PCT7653	TO	839	483	0	0	53	430	341	89
PCT7654	MV	413	191	0	0	14	177	141	36
PCT7654	ED	53	106	0	0	9	97	78	19
PCT7654	TO	466	297	0	0	23	274	219	55
PCT7655	MV	583	216	0	0	11	205	151	54
PCT7655	ED	96	127	0	0	20	107	86	21
PCT7655	TO	679	343	0	0	31	312	237	75
PCT7656	MV	603	309	0	0	28	281	203	78
PCT7656	ED	35	81	0	0	12	69	44	25
PCT7656	TO	638	390	0	0	40	350	247	103
PCT7657	MV	561	270	0	0	24	246	180	66
PCT7657	ED	37	109	0	0	16	93	78	15
PCT7657	TO	598	379	0	0	40	339	258	81
PCT7701	MV	869	482	0	0	41	441	331	110
PCT7701	ED	195	251	0	0	26	225	174	51
PCT7701	TO	1064	733	0	0	67	666	505	161
PCT7702	MV	623	378	0	0	20	358	250	108
PCT7702	ED	133	146	0	0	15	131	97	34
PCT7702	TO	756	524	0	0	35	489	347	142
PCT7703	MV	174	71	0	0	5	66	55	11
PCT7703	ED	0	1	0	0	1	0	0	0
PCT7703	TO	174	72	0	0	6	66	55	11
PCT7704	MV	798	491	0	0	42	449	296	153
PCT7704	ED	204	221	0	0	16	205	136	69
PCT7704	TO	1002	712	0	0	58	654	432	222
PCT7705	MV	470	286	0	0	20	266	173	93
PCT7705	ED	125	148	0	0	8	140	88	52
PCT7705	TO	595	434	0	0	28	406	261	145
PCT7706	MV	687	451	0	0	30	421	272	149
PCT7706	ED	179	198	0	0	10	188	118	70
PCT7706	TO	866	649	0	0	40	609	390	219
PCT7707	MV	683	432	0	0	36	396	290	106
PCT7707	ED	189	226	0	0	17	209	137	72
PCT7707	TO	872	658	0	0	53	605	427	178
PCT7708	MV	710	462	0	0	37	425	278	147
PCT7708	ED	165	192	0	0	14	178	124	54
PCT7708	TO	875	654	0	0	51	603	402	201
PCT7709	MV	324	194	0	0	10	184	126	58
PCT7709	ED	82	107	0	0	8	99	74	25
PCT7709	TO	406	301	0	0	18	283	200	83
PCT7711	MV	658	380	0	1	26	353	264	89
PCT7711	ED	153	163	0	0	8	155	122	33
PCT7711	TO	811	543	0	1	34	508	386	122
PCT7712	MV	425	259	0	1	16	242	188	54
PCT7712	ED	107	135	0	1	14	120	96	24
PCT7712	TO	532	394	0	2	30	362	284	78
PCT7801	MV	824	487	0	0	37	450	342	108
PCT7801	ED	150	249	0	0	19	230	184	46
PCT7801	TO	974	736	0	0	56	680	526	154
PCT7802	MV	647	402	0	0	36	366	301	65
PCT7802	ED	151	212	0	0	15	197	168	29
PCT7802	TO	798	614	0	0	51	563	469	94
PCT7803	MV	718	476	0	0	46	430	340	90
PCT7803	ED	113	160	0	0	14	146	117	29
PCT7803	TO	831	636	0	0	60	576	457	119
PCT7804	MV	734	463	0	0	52	411	327	84
PCT7804	ED	151	246	0	0	29	217	174	43
PCT7804	TO	885	709	0	0	81	628	501	127
PCT7805	MV	644	402	0	0	44	358	283	75
PCT7805	ED	156	216	0	0	20	196	173	23
PCT7805	TO	800	618	0	0	64	554	456	98
PCT7806	MV	602	362	0	0	29	333	291	42
PCT7806	ED	153	208	0	1	18	189	163	26
PCT7806	TO	755	570	0	1	47	522	454	68
PCT7807	MV	642	363	0	0	28	335	272	63
PCT7807	ED	185	247	0	0	24	223	188	35
PCT7807	TO	827	610	0	0	52	558	460	98
PCT7808	MV	525	297	0	0	29	268	224	44
PCT7808	ED	129	170	0	0	19	151	126	25
PCT7808	TO	654	467	0	0	48	419	350	69
PCT7809	MV	624	352	0	0	26	326	283	43
PCT7809	ED	140	184	0	0	16	168	151	17
PCT7809	TO	764	536	0	0	42	494	434	60
PCT7811	MV	582	311	0	0	22	289	242	47
PCT7811	ED	176	218	0	0	18	200	167	33
PCT7811	TO	758	529	0	0	40	489	409	80
PCT7812	MV	680	371	0	0	38	333	282	51
PCT7812	ED	217	232	0	0	26	206	176	30
PCT7812	TO	897	603	0	0	64	539	458	81
PCT7813	MV	843	486	0	0	27	459	389	70
PCT7813	ED	225	300	0	0	24	276	242	34
PCT7813	TO	1068	786	0	0	51	735	631	104
PCT7814	MV	660	281	0	1	21	259	217	42
PCT7814	ED	241	191	0	0	24	167	148	19
PCT7814	TO	901	472	0	1	45	426	365	61
PCT7815	MV	749	465	0	0	51	414	333	81
PCT7815	ED	168	231	0	0	26	205	166	39
PCT7815	TO	917	696	0	0	77	619	499	120
PCT7816	MV	724	475	0	0	45	430	347	83
PCT7816	ED	148	213	0	0	19	194	151	43
PCT7816	TO	872	688	0	0	64	624	498	126
PCT7817	MV	652	396	0	0	20	376	325	51
PCT7817	ED	186	237	0	0	16	221	191	30
PCT7817	TO	838	633	0	0	36	597	516	81
PCT7818	MV	668	393	0	0	30	363	301	62
PCT7818	ED	171	205	0	0	13	192	158	34
PCT7818	TO	839	598	0	0	43	555	459	96
PCT7819	MV	635	353	0	0	34	319	247	72
PCT7819	ED	139	183	0	0	19	164	132	32
PCT7819	TO	774	536	0	0	53	483	379	104
PCT7821	MV	806	520	0	0	30	490	403	87
PCT7821	ED	170	249	0	0	17	232	186	46
PCT7821	TO	976	769	0	0	47	722	589	133
PCT7822	MV	673	396	0	0	31	365	296	69
PCT7822	ED	219	258	0	0	27	231	180	51
PCT7822	TO	892	654	0	0	58	596	476	120
PCT7823	MV	706	411	0	0	34	377	308	69
PCT7823	ED	177	275	0	0	21	254	224	30
PCT7823	TO	883	686	0	0	55	631	532	99
PCT7824	MV	615	338	0	0	30	308	245	63
PCT7824	ED	153	219	0	0	20	199	169	30
PCT7824	TO	768	557	0	0	50	507	414	93
PCT7825	MV	457	252	0	0	17	235	206	29
PCT7825	ED	151	186	0	0	5	181	157	24
PCT7825	TO	608	438	0	0	22	416	363	53
PCT7826	MV	486	263	0	0	17	246	209	37
PCT7826	ED	204	227	0	0	20	207	185	22
PCT7826	TO	690	490	0	0	37	453	394	59
PCT7827	MV	609	320	0	0	26	294	248	46
PCT7827	ED	217	222	0	0	27	195	170	25
PCT7827	TO	826	542	0	0	53	489	418	71
PCT7828	MV	857	479	0	0	39	440	331	109
PCT7828	ED	171	251	0	0	29	222	172	50
PCT7828	TO	1028	730	0	0	68	662	503	159
PCT7829	MV	742	468	0	0	30	438	335	103
PCT7829	ED	149	204	0	0	16	188	153	35
PCT7829	TO	891	672	0	0	46	626	488	138
PCT7831	MV	763	486	0	0	48	438	352	86
PCT7831	ED	139	205	0	0	16	189	147	42
PCT7831	TO	902	691	0	0	64	627	499	128
PCT7832	MV	663	415	0	0	35	380	318	62
PCT7832	ED	118	170	0	0	19	151	128	23
PCT7832	TO	781	585	0	0	54	531	446	85
PCT7833	MV	587	345	0	0	29	316	266	50
PCT7833	ED	146	191	0	0	16	175	154	21
PCT7833	TO	733	536	0	0	45	491	420	71
PCT7834	MV	700	377	0	0	34	343	296	47
PCT7834	ED	194	258	0	0	25	233	204	29
PCT7834	TO	894	635	0	0	59	576	500	76
PCT7835	MV	721	430	0	0	29	401	282	119
PCT7835	ED	142	202	0	0	16	186	147	39
PCT7835	TO	863	632	0	0	45	587	429	158
PCT7836	MV	850	507	0	0	37	470	342	128
PCT7836	ED	193	232	0	0	10	222	180	42
PCT7836	TO	1043	739	0	0	47	692	522	170
PCT7837	MV	718	425	0	0	48	377	293	84
PCT7837	ED	205	264	0	0	27	237	204	33
PCT7837	TO	923	689	0	0	75	614	497	117
PCT7838	MV	752	494	0	0	39	455	352	103
PCT7838	ED	143	210	0	0	14	196	162	34
PCT7838	TO	895	704	0	0	53	651	514	137
PCT7839	MV	731	459	0	0	45	414	328	86
PCT7839	ED	130	201	0	0	18	183	149	34
PCT7839	TO	861	660	0	0	63	597	477	120
PCT7841	MV	752	459	0	0	32	427	341	86
PCT7841	ED	198	264	0	0	24	240	200	40
PCT7841	TO	950	723	0	0	56	667	541	126
PCT7842	MV	702	396	0	0	33	363	304	59
PCT7842	ED	177	243	0	0	17	226	192	34
PCT7842	TO	879	639	0	0	50	589	496	93
PCT7843	MV	546	296	0	0	20	276	229	47
PCT7843	ED	183	220	0	0	19	201	166	35
PCT7843	TO	729	516	0	0	39	477	395	82
PCT7844	MV	499	282	0	0	23	259	235	24
PCT7844	ED	152	187	0	0	17	170	151	19
PCT7844	TO	651	469	0	0	40	429	386	43
PCT7845	MV	676	405	0	0	27	378	307	71
PCT7845	ED	204	225	0	0	20	205	162	43
PCT7845	TO	880	630	0	0	47	583	469	114
PCT7846	MV	736	467	0	0	53	414	318	96
PCT7846	ED	172	234	0	0	24	210	173	37
PCT7846	TO	908	701	0	0	77	624	491	133
PCT7847	MV	698	432	0	0	40	392	321	71
PCT7847	ED	193	231	0	0	10	221	179	42
PCT7847	TO	891	663	0	0	50	613	500	113
PCT7848	MV	665	438	0	0	27	411	322	89
PCT7848	ED	182	226	0	0	23	203	166	37
PCT7848	TO	847	664	0	0	50	614	488	126
PCT7849	MV	729	443	0	0	44	399	318	81
PCT7849	ED	172	260	0	0	28	232	202	30
PCT7849	TO	901	703	0	0	72	631	520	111
PCT7851	MV	414	272	0	0	21	251	171	80
PCT7851	ED	112	118	0	0	8	110	79	31
PCT7851	TO	526	390	0	0	29	361	250	111
PCT7852	MV	533	351	0	0	29	322	220	102
PCT7852	ED	111	133	0	0	11	122	91	31
PCT7852	TO	644	484	0	0	40	444	311	133
PCT7853	MV	694	395	0	0	36	359	265	94
PCT7853	ED	161	196	0	0	12	184	139	45
PCT7853	TO	855	591	0	0	48	543	404	139
PCT7854	MV	703	430	0	0	38	392	313	79
PCT7854	ED	175	221	0	0	21	200	162	38
PCT7854	TO	878	651	0	0	59	592	475	117
PCT7855	MV	763	451	0	0	41	410	324	86
PCT7855	ED	211	264	0	0	22	242	198	44
PCT7855	TO	974	715	0	0	63	652	522	130
PCT7856	MV	643	378	0	0	28	350	295	55
PCT7856	ED	204	250	0	0	21	229	191	38
PCT7856	TO	847	628	0	0	49	579	486	93
PCT7857	MV	748	438	0	0	42	396	310	86
PCT7857	ED	158	220	0	0	21	199	170	29
PCT7857	TO	906	658	0	0	63	595	480	115
PCT7858	MV	622	351	0	0	30	321	281	40
PCT7858	ED	157	206	0	0	23	183	158	25
PCT7858	TO	779	557	0	0	53	504	439	65
PCT7859	MV	747	465	0	0	36	429	324	105
PCT7859	ED	152	224	0	0	27	197	154	43
PCT7859	TO	899	689	0	0	63	626	478	148
PCT7861	MV	699	435	0	0	30	405	312	93
PCT7861	ED	164	217	0	0	12	205	167	38
PCT7861	TO	863	652	0	0	42	610	479	131
PCT7862	MV	669	404	0	0	23	381	287	94
PCT7862	ED	195	241	0	0	18	223	184	39
PCT7862	TO	864	645	0	0	41	604	471	133
PCT7863	MV	693	376	0	0	33	343	286	57
PCT7863	ED	208	273	0	0	18	255	205	50
PCT7863	TO	901	649	0	0	51	598	491	107
PCT7864	MV	661	376	0	0	32	344	274	70
PCT7864	ED	153	208	0	0	20	188	161	27
PCT7864	TO	814	584	0	0	52	532	435	97
PCT7865	MV	677	410	0	0	33	377	296	81
PCT7865	ED	163	201	0	0	15	186	151	35
PCT7865	TO	840	611	0	0	48	563	447	116
PCT7866	MV	690	447	0	0	22	425	288	137
PCT7866	ED	158	192	0	0	9	183	122	61
PCT7866	TO	848	639	0	0	31	608	410	198
PCT7867	MV	766	475	0	0	31	444	366	78
PCT7867	ED	212	235	0	0	22	213	171	42
PCT7867	TO	978	710	0	0	53	657	537	120
PCT7868	MV	659	376	0	0	19	357	271	86
PCT7868	ED	217	219	0	0	17	202	161	41
PCT7868	TO	876	595	0	0	36	559	432	127
PCT7869	MV	683	445	0	1	31	413	330	83
PCT7869	ED	178	225	0	0	17	208	173	35
PCT7869	TO	861	670	0	1	48	621	503	118
PCT7871	MV	702	466	0	0	40	426	338	88
PCT7871	ED	200	199	0	0	15	184	143	41
PCT7871	TO	902	665	0	0	55	610	481	129
PCT7872	MV	675	422	0	0	26	396	322	74
PCT7872	ED	199	232	0	0	14	218	165	53
PCT7872	TO	874	654	0	0	40	614	487	127
PCT7873	MV	689	445	0	0	35	410	331	79
PCT7873	ED	202	256	0	0	20	236	190	46
PCT7873	TO	891	701	0	0	55	646	521	125
PCT7874	MV	370	191	0	0	11	180	146	34
PCT7874	ED	119	131	0	0	10	121	96	25
PCT7874	TO	489	322	0	0	21	301	242	59
PCT7875	MV	500	253	0	1	11	241	185	56
PCT7875	ED	147	158	0	0	10	148	118	30
PCT7875	TO	647	411	0	1	21	389	303	86
PCT7876	MV	462	258	0	0	24	234	197	37
PCT7876	ED	106	129	0	0	17	112	94	18
PCT7876	TO	568	387	0	0	41	346	291	55
PCT7901	MV	399	192	0	0	14	178	153	25
PCT7901	ED	150	104	0	0	10	94	83	11
PCT7901	TO	549	296	0	0	24	272	236	36
PCT7902	MV	680	291	0	0	12	279	245	34
PCT7902	ED	232	208	0	0	18	190	164	26
PCT7902	TO	912	499	0	0	30	469	409	60
PCT7903	MV	623	286	0	0	24	262	216	46
PCT7903	ED	229	196	0	0	17	179	160	19
PCT7903	TO	852	482	0	0	41	441	376	65
PCT7904	MV	680	299	0	0	24	275	233	42
PCT7904	ED	157	187	0	1	18	168	147	21
PCT7904	TO	837	486	0	1	42	443	380	63
PCT7905	MV	684	356	0	0	24	332	270	62
PCT7905	ED	191	226	0	0	16	210	189	21
PCT7905	TO	875	582	0	0	40	542	459	83
PCT7906	MV	599	283	0	0	22	261	222	39
PCT7906	ED	187	206	0	0	26	180	157	23
PCT7906	TO	786	489	0	0	48	441	379	62
PCT7907	MV	704	345	0	1	19	325	279	46
PCT7907	ED	238	251	0	0	23	228	200	28
PCT7907	TO	942	596	0	1	42	553	479	74
PCT7908	MV	752	366	0	0	28	338	294	44
PCT7908	ED	240	250	0	0	19	231	207	24
PCT7908	TO	992	616	0	0	47	569	501	68
PCT7909	MV	558	311	0	0	26	285	252	33
PCT7909	ED	185	179	0	0	16	163	140	23
PCT7909	TO	743	490	0	0	42	448	392	56
PCT7911	MV	666	323	0	0	29	294	241	53
PCT7911	ED	205	207	0	0	17	190	160	30
PCT7911	TO	871	530	0	0	46	484	401	83
PCT7912	MV	800	370	0	0	29	341	307	34
PCT7912	ED	259	263	0	1	30	232	209	23
PCT7912	TO	1059	633	0	1	59	573	516	57
PCT7913	MV	661	352	0	0	14	338	293	45
PCT7913	ED	262	303	0	1	16	286	236	50
PCT7913	TO	923	655	0	1	30	624	529	95
PCT7914	MV	716	391	0	0	30	361	298	63
PCT7914	ED	186	217	0	0	22	195	160	35
PCT7914	TO	902	608	0	0	52	556	458	98
PCT7915	MV	605	290	0	0	26	264	223	41
PCT7915	ED	238	249	0	0	15	234	197	37
PCT7915	TO	843	539	0	0	41	498	420	78
PCT7916	MV	639	338	0	0	21	317	274	43
PCT7916	ED	219	231	0	0	17	214	191	23
PCT7916	TO	858	569	0	0	38	531	465	66
PCT7917	MV	716	358	0	0	22	336	293	43
PCT7917	ED	271	262	0	0	23	239	213	26
PCT7917	TO	987	620	0	0	45	575	506	69
PCT7918	MV	597	297	0	0	18	279	244	35
PCT7918	ED	227	202	0	0	19	183	161	22
PCT7918	TO	824	499	0	0	37	462	405	57
PCT7919	MV	609	309	0	0	16	293	253	40
PCT7919	ED	257	251	0	0	19	232	209	23
PCT7919	TO	866	560	0	0	35	525	462	63
PCT7921	MV	682	310	0	0	18	292	249	43
PCT7921	ED	229	181	0	0	14	167	144	23
PCT7921	TO	911	491	0	0	32	459	393	66
PCT7922	MV	648	314	0	0	17	297	254	43
PCT7922	ED	210	247	0	0	17	230	202	28
PCT7922	TO	858	561	0	0	34	527	456	71
PCT7923	MV	666	338	0	0	17	321	253	68
PCT7923	ED	214	261	0	0	23	238	204	34
PCT7923	TO	880	599	0	0	40	559	457	102
PCT7924	MV	650	305	0	0	21	284	234	50
PCT7924	ED	201	191	0	0	16	175	148	27
PCT7924	TO	851	496	0	0	37	459	382	77
PCT7925	MV	434	227	0	0	22	205	169	36
PCT7925	ED	110	127	0	0	5	122	101	21
PCT7925	TO	544	354	0	0	27	327	270	57
PCT7926	MV	610	341	0	0	27	314	259	55
PCT7926	ED	178	199	0	0	11	188	153	35
PCT7926	TO	788	540	0	0	38	502	412	90
PCT7927	MV	580	335	0	0	23	312	254	58
PCT7927	ED	162	217	0	0	17	200	170	30
PCT7927	TO	742	552	0	0	40	512	424	88
PCT7928	MV	700	397	0	0	22	375	320	55
PCT7928	ED	217	276	0	0	12	264	236	28
PCT7928	TO	917	673	0	0	34	639	556	83
PCT7929	MV	678	424	0	0	23	401	345	56
PCT7929	ED	169	225	0	0	15	210	182	28
PCT7929	TO	847	649	0	0	38	611	527	84
PCT7931	MV	610	378	0	1	32	345	286	59
PCT7931	ED	141	187	0	0	17	170	144	26
PCT7931	TO	751	565	0	1	49	515	430	85
PCT7932	MV	443	277	0	0	26	251	194	57
PCT7932	ED	118	117	0	0	10	107	88	19
PCT7932	TO	561	394	0	0	36	358	282	76
PCT7933	MV	8	6	0	0	0	6	4	2
PCT7933	ED	0	0	0	0	0	0	0	0
PCT7933	TO	8	6	0	0	0	6	4	2
PCT7934	MV	702	413	0	0	29	384	340	44
PCT7934	ED	182	202	0	0	17	185	157	28
PCT7934	TO	884	615	0	0	46	569	497	72
PCT7935	MV	716	440	0	0	33	407	337	70
PCT7935	ED	227	277	0	0	24	253	217	36
PCT7935	TO	943	717	0	0	57	660	554	106
PCT7936	MV	620	373	0	0	28	345	281	64
PCT7936	ED	236	271	0	0	18	253	217	36
PCT7936	TO	856	644	0	0	46	598	498	100
PCT7937	MV	698	406	0	0	28	378	303	75
PCT7937	ED	202	218	0	0	20	198	168	30
PCT7937	TO	900	624	0	0	48	576	471	105
PCT7938	MV	536	301	0	0	14	287	233	54
PCT7938	ED	215	153	0	0	11	142	120	22
PCT7938	TO	751	454	0	0	25	429	353	76
PCT7939	MV	481	292	0	0	30	262	225	37
PCT7939	ED	205	239	0	0	19	220	186	34
PCT7939	TO	686	531	0	0	49	482	411	71
PCT7941	MV	576	305	0	0	30	275	217	58
PCT7941	ED	196	202	0	0	14	188	151	37
PCT7941	TO	772	507	0	0	44	463	368	95
PCT7942	MV	658	333	0	0	19	314	248	66
PCT7942	ED	274	191	0	0	13	178	150	28
PCT7942	TO	932	524	0	0	32	492	398	94
PCT7943	MV	686	370	0	0	20	350	266	84
PCT7943	ED	214	241	0	0	19	222	172	50
PCT7943	TO	900	611	0	0	39	572	438	134
PCT7944	MV	584	343	0	0	29	314	271	43
PCT7944	ED	230	241	0	0	20	221	189	32
PCT7944	TO	814	584	0	0	49	535	460	75
PCT7945	MV	726	339	0	0	23	316	254	62
PCT7945	ED	228	139	0	0	10	129	110	19
PCT7945	TO	954	478	0	0	33	445	364	81
PCT7946	MV	779	369	0	0	16	353	223	130
PCT7946	ED	206	145	0	0	11	134	105	29
PCT7946	TO	985	514	0	0	27	487	328	159
PCT7947	MV	792	333	0	0	24	309	181	128
PCT7947	ED	194	150	0	0	11	139	106	33
PCT7947	TO	986	483	0	0	35	448	287	161
PCT7948	MV	730	375	0	0	26	349	204	145
PCT7948	ED	200	161	0	0	9	152	113	39
PCT7948	TO	930	536	0	0	35	501	317	184
PCT7949	MV	484	234	0	0	13	221	123	98
PCT7949	ED	106	84	0	0	9	75	56	19
PCT7949	TO	590	318	0	0	22	296	179	117
PCT7951	MV	731	366	0	0	26	340	175	165
PCT7951	ED	156	116	0	0	11	105	69	36
PCT7951	TO	887	482	0	0	37	445	244	201
PCT7952	MV	730	294	0	0	21	273	157	116
PCT7952	ED	182	132	0	0	13	119	78	41
PCT7952	TO	912	426	0	0	34	392	235	157
PCT7953	MV	669	331	0	0	19	312	173	139
PCT7953	ED	161	140	0	0	10	130	82	48
PCT7953	TO	830	471	0	0	29	442	255	187
PCT7954	MV	0	0	0	0	0	0	0	0
PCT7954	ED	0	0	0	0	0	0	0	0
PCT7954	TO	0	0	0	0	0	0	0	0
PCT7955	MV	774	351	0	0	23	328	186	142
PCT7955	ED	173	142	0	0	17	125	79	46
PCT7955	TO	947	493	0	0	40	453	265	188
PCT7956	MV	699	267	0	0	10	257	156	101
PCT7956	ED	170	84	0	0	5	79	63	16
PCT7956	TO	869	351	0	0	15	336	219	117
PCT7957	MV	538	261	0	0	18	243	172	71
PCT7957	ED	135	120	0	0	10	110	85	25
PCT7957	TO	673	381	0	0	28	353	257	96
PCT7958	MV	297	108	0	0	7	101	74	27
PCT7958	ED	0	14	0	0	2	12	10	2
PCT7958	TO	297	122	0	0	9	113	84	29
PCT7959	MV	541	230	0	0	23	207	184	23
PCT7959	ED	145	162	0	0	14	148	137	11
PCT7959	TO	686	392	0	0	37	355	321	34
PCT9001	MV	284	101	0	0	2	99	76	23
PCT9001	ED	0	7	0	0	1	6	6	0
PCT9001	TO	284	108	0	0	3	105	82	23
PCT9101	MV	712	380	0	3	24	353	246	107
PCT9101	ED	201	210	0	0	15	195	142	53
PCT9101	TO	913	590	0	3	39	548	388	160
PCT9102	MV	788	395	0	0	30	365	269	96
PCT9102	ED	204	201	0	0	18	183	136	47
PCT9102	TO	992	596	0	0	48	548	405	143
PCT9103	MV	719	382	0	0	41	341	253	88
PCT9103	ED	238	226	0	0	22	204	142	62
PCT9103	TO	957	608	0	0	63	545	395	150
PCT9104	MV	810	383	0	0	33	350	249	101
PCT9104	ED	220	205	0	0	17	188	150	38
PCT9104	TO	1030	588	0	0	50	538	399	139
PCT9105	MV	719	413	0	0	27	386	262	124
PCT9105	ED	199	241	0	0	24	217	165	52
PCT9105	TO	918	654	0	0	51	603	427	176
PCT9106	MV	748	399	0	0	32	367	274	93
PCT9106	ED	198	268	0	0	28	240	181	59
PCT9106	TO	946	667	0	0	60	607	455	152
PCT9107	MV	636	306	0	0	29	277	209	68
PCT9107	ED	208	187	0	0	17	170	133	37
PCT9107	TO	844	493	0	0	46	447	342	105
PCT9108	MV	610	338	0	0	28	310	237	73
PCT9108	ED	200	197	0	0	11	186	145	41
PCT9108	TO	810	535	0	0	39	496	382	114
PCT9109	MV	672	300	0	0	26	274	201	73
PCT9109	ED	211	213	0	0	13	200	160	40
PCT9109	TO	883	513	0	0	39	474	361	113
PCT9111	MV	639	318	0	0	28	290	202	88
PCT9111	ED	195	196	0	0	20	176	147	29
PCT9111	TO	834	514	0	0	48	466	349	117
PCT9112	MV	742	352	0	0	26	326	251	75
PCT9112	ED	219	218	0	0	13	205	159	46
PCT9112	TO	961	570	0	0	39	531	410	121
PCT9113	MV	797	373	0	0	34	339	252	87
PCT9113	ED	207	264	0	0	21	243	186	57
PCT9113	TO	1004	637	0	0	55	582	438	144
PCT9114	MV	659	294	0	0	25	269	204	65
PCT9114	ED	231	202	0	0	17	185	155	30
PCT9114	TO	890	496	0	0	42	454	359	95
PCT9115	MV	699	325	0	0	28	297	229	68
PCT9115	ED	182	198	0	0	19	179	154	25
PCT9115	TO	881	523	0	0	47	476	383	93
PCT9116	MV	782	347	0	0	25	322	237	85
PCT9116	ED	179	225	0	0	21	204	156	48
PCT9116	TO	961	572	0	0	46	526	393	133
PCT9117	MV	629	328	0	0	22	306	215	91
PCT9117	ED	171	207	0	0	16	191	139	52
PCT9117	TO	800	535	0	0	38	497	354	143
PCT9118	MV	742	341	0	0	29	312	207	105
PCT9118	ED	242	256	0	0	22	234	174	60
PCT9118	TO	984	597	0	0	51	546	381	165
PCT9119	MV	703	389	0	0	29	360	237	123
PCT9119	ED	197	171	0	0	17	154	126	28
PCT9119	TO	900	560	0	0	46	514	363	151
PCT9121	MV	735	336	0	0	18	318	222	96
PCT9121	ED	218	207	0	0	13	194	132	62
PCT9121	TO	953	543	0	0	31	512	354	158
PCT9122	MV	775	365	0	0	27	338	226	112
PCT9122	ED	192	184	0	0	26	158	122	36
PCT9122	TO	967	549	0	0	53	496	348	148
PCT9123	MV	661	319	0	0	19	300	199	101
PCT9123	ED	191	206	0	0	19	187	149	38
PCT9123	TO	852	525	0	0	38	487	348	139
PCT9124	MV	736	354	0	0	22	332	214	118
PCT9124	ED	167	175	0	0	12	163	133	30
PCT9124	TO	903	529	0	0	34	495	347	148
PCT9125	MV	681	360	0	0	22	338	244	94
PCT9125	ED	188	188	0	0	18	170	137	33
PCT9125	TO	869	548	0	0	40	508	381	127
PCT9126	MV	819	386	0	0	28	358	223	135
PCT9126	ED	194	224	0	0	15	209	165	44
PCT9126	TO	1013	610	0	0	43	567	388	179
PCT9127	MV	748	384	0	0	37	347	265	82
PCT9127	ED	223	241	0	0	13	228	173	55
PCT9127	TO	971	625	0	0	50	575	438	137
PCT9128	MV	628	336	0	0	30	306	214	92
PCT9128	ED	190	211	0	0	17	194	155	39
PCT9128	TO	818	547	0	0	47	500	369	131
PCT9129	MV	587	273	0	0	15	258	187	71
PCT9129	ED	151	170	0	0	10	160	134	26
PCT9129	TO	738	443	0	0	25	418	321	97
PCT9131	MV	596	288	0	0	15	273	187	86
PCT9131	ED	138	176	0	0	11	165	123	42
PCT9131	TO	734	464	0	0	26	438	310	128
PCT9132	MV	627	263	0	1	24	238	192	46
PCT9132	ED	194	197	0	0	21	176	143	33
PCT9132	TO	821	460	0	1	45	414	335	79
PCT9133	MV	808	383	0	0	22	361	279	82
PCT9133	ED	209	250	0	0	22	228	185	43
PCT9133	TO	1017	633	0	0	44	589	464	125
PCT9134	MV	736	328	0	0	26	302	212	90
PCT9134	ED	155	187	0	0	14	173	137	36
PCT9134	TO	891	515	0	0	40	475	349	126
PCT9135	MV	640	305	0	0	20	285	195	90
PCT9135	ED	182	173	0	0	13	160	109	51
PCT9135	TO	822	478	0	0	33	445	304	141
PCT9136	MV	706	368	0	0	33	335	238	97
PCT9136	ED	212	206	0	0	18	188	151	37
PCT9136	TO	918	574	0	0	51	523	389	134
PCT9137	MV	806	389	0	0	28	361	259	102
PCT9137	ED	209	210	0	0	22	188	151	37
PCT9137	TO	1015	599	0	0	50	549	410	139
PCT9138	MV	770	401	0	0	22	379	275	104
PCT9138	ED	175	171	0	0	13	158	117	41
PCT9138	TO	945	572	0	0	35	537	392	145
PCT9139	MV	828	424	0	1	34	389	260	129
PCT9139	ED	190	207	0	0	18	189	141	48
PCT9139	TO	1018	631	0	1	52	578	401	177
PCT9141	MV	789	419	0	0	38	381	252	129
PCT9141	ED	184	189	0	0	13	176	133	43
PCT9141	TO	973	608	0	0	51	557	385	172
PCT9142	MV	747	366	0	0	22	344	254	90
PCT9142	ED	239	236	0	0	24	212	167	45
PCT9142	TO	986	602	0	0	46	556	421	135
PCT9143	MV	706	362	0	0	21	341	219	122
PCT9143	ED	208	202	0	0	14	188	142	46
PCT9143	TO	914	564	0	0	35	529	361	168
PCT9144	MV	767	376	0	0	22	354	245	109
PCT9144	ED	203	238	0	0	17	221	179	42
PCT9144	TO	970	614	0	0	39	575	424	151
PCT9145	MV	681	335	0	0	21	314	237	77
PCT9145	ED	194	216	0	0	15	201	151	50
PCT9145	TO	875	551	0	0	36	515	388	127
PCT9146	MV	725	354	0	0	29	325	248	77
PCT9146	ED	160	215	0	0	26	189	152	37
PCT9146	TO	885	569	0	0	55	514	400	114
PCT9147	MV	765	373	0	1	28	344	263	81
PCT9147	ED	225	227	0	0	20	207	164	43
PCT9147	TO	990	600	0	1	48	551	427	124
PCT9148	MV	779	398	0	0	31	367	280	87
PCT9148	ED	235	256	0	0	24	232	185	47
PCT9148	TO	1014	654	0	0	55	599	465	134
PCT9149	MV	813	388	0	0	30	358	273	85
PCT9149	ED	178	292	0	1	22	269	222	47
PCT9149	TO	991	680	0	1	52	627	495	132
PCT9151	MV	693	352	0	0	34	318	239	79
PCT9151	ED	168	228	0	0	21	207	162	45
PCT9151	TO	861	580	0	0	55	525	401	124
PCT9152	MV	550	198	0	0	12	186	148	38
PCT9152	ED	187	356	0	0	30	326	275	51
PCT9152	TO	737	554	0	0	42	512	423	89
PCT9201	MV	785	358	0	0	31	327	283	44
PCT9201	ED	186	252	0	0	17	235	201	34
PCT9201	TO	971	610	0	0	48	562	484	78
PCT9202	MV	819	368	0	1	39	328	254	74
PCT9202	ED	177	253	0	0	19	234	193	41
PCT9202	TO	996	621	0	1	58	562	447	115
PCT9203	MV	847	374	0	0	55	319	209	110
PCT9203	ED	155	208	0	0	26	182	117	65
PCT9203	TO	1002	582	0	0	81	501	326	175
PCT9204	MV	686	309	0	0	34	275	176	99
PCT9204	ED	176	219	0	0	31	188	135	53
PCT9204	TO	862	528	0	0	65	463	311	152
PCT9205	MV	622	289	0	0	37	252	182	70
PCT9205	ED	114	171	0	0	25	146	101	45
PCT9205	TO	736	460	0	0	62	398	283	115
PCT9206	MV	741	355	0	0	36	319	179	140
PCT9206	ED	188	208	0	0	34	174	100	74
PCT9206	TO	929	563	0	0	70	493	279	214
PCT9207	MV	824	370	0	1	32	337	221	116
PCT9207	ED	165	208	0	0	17	191	125	66
PCT9207	TO	989	578	0	1	49	528	346	182
PCT9208	MV	808	359	0	0	34	325	224	101
PCT9208	ED	179	199	0	0	22	177	124	53
PCT9208	TO	987	558	0	0	56	502	348	154
PCT9209	MV	615	276	0	0	29	247	155	92
PCT9209	ED	156	190	0	0	33	157	99	58
PCT9209	TO	771	466	0	0	62	404	254	150
PCT9211	MV	730	314	0	0	35	279	165	114
PCT9211	ED	161	191	0	0	24	167	116	51
PCT9211	TO	891	505	0	0	59	446	281	165
PCT9212	MV	671	284	0	1	26	257	176	81
PCT9212	ED	137	192	0	1	38	153	105	48
PCT9212	TO	808	476	0	2	64	410	281	129
PCT9213	MV	776	350	0	0	44	306	220	86
PCT9213	ED	161	212	0	0	27	185	133	52
PCT9213	TO	937	562	0	0	71	491	353	138
PCT9214	MV	517	236	0	0	19	217	146	71
PCT9214	ED	110	157	0	0	28	129	86	43
PCT9214	TO	627	393	0	0	47	346	232	114
PCT9215	MV	524	246	0	0	17	229	142	87
PCT9215	ED	120	152	0	1	20	131	90	41
PCT9215	TO	644	398	0	1	37	360	232	128
PCT9216	MV	669	266	0	0	34	232	154	78
PCT9216	ED	155	223	0	0	26	197	135	62
PCT9216	TO	824	489	0	0	60	429	289	140
PCT9217	MV	588	269	0	0	16	253	170	83
PCT9217	ED	117	160	0	0	10	150	104	46
PCT9217	TO	705	429	0	0	26	403	274	129
PCT9218	MV	652	278	0	1	26	251	158	93
PCT9218	ED	164	188	0	0	22	166	122	44
PCT9218	TO	816	466	0	1	48	417	280	137
PCT9219	MV	646	292	0	0	35	257	194	63
PCT9219	ED	144	204	0	0	28	176	135	41
PCT9219	TO	790	496	0	0	63	433	329	104
PCT9221	MV	562	325	0	0	26	299	176	123
PCT9221	ED	89	145	0	0	15	130	98	32
PCT9221	TO	651	470	0	0	41	429	274	155
PCT9222	MV	773	374	0	0	37	337	214	123
PCT9222	ED	137	210	0	0	30	180	132	48
PCT9222	TO	910	584	0	0	67	517	346	171
PCT9223	MV	558	268	0	0	19	249	164	85
PCT9223	ED	109	127	0	0	13	114	73	41
PCT9223	TO	667	395	0	0	32	363	237	126
PCT9224	MV	768	380	0	0	36	344	240	104
PCT9224	ED	181	220	0	0	26	194	138	56
PCT9224	TO	949	600	0	0	62	538	378	160
PCT9225	MV	757	304	0	0	33	271	183	88
PCT9225	ED	169	234	0	0	27	207	159	48
PCT9225	TO	926	538	0	0	60	478	342	136
PCT9226	MV	741	357	0	0	45	312	240	72
PCT9226	ED	155	239	0	0	31	208	161	47
PCT9226	TO	896	596	0	0	76	520	401	119
PCT9227	MV	605	373	0	0	29	344	238	106
PCT9227	ED	124	156	0	0	7	149	107	42
PCT9227	TO	729	529	0	0	36	493	345	148
PCT9228	MV	578	314	0	0	29	285	194	91
PCT9228	ED	160	188	0	0	13	175	131	44
PCT9228	TO	738	502	0	0	42	460	325	135
PCT9229	MV	460	257	0	0	18	239	175	64
PCT9229	ED	119	147	0	0	17	130	92	38
PCT9229	TO	579	404	0	0	35	369	267	102
PCT9231	MV	726	354	0	0	27	327	255	72
PCT9231	ED	236	282	0	0	32	250	189	61
PCT9231	TO	962	636	0	0	59	577	444	133
PCT9232	MV	608	295	0	1	25	269	185	84
PCT9232	ED	126	183	0	0	21	162	114	48
PCT9232	TO	734	478	0	1	46	431	299	132
PCT9233	MV	668	332	0	0	35	297	196	101
PCT9233	ED	150	201	0	0	28	173	133	40
PCT9233	TO	818	533	0	0	63	470	329	141
PCT9234	MV	643	322	0	0	22	300	205	95
PCT9234	ED	91	155	0	0	25	130	99	31
PCT9234	TO	734	477	0	0	47	430	304	126
PCT9235	MV	703	368	0	0	36	332	210	122
PCT9235	ED	160	212	0	0	18	194	138	56
PCT9235	TO	863	580	0	0	54	526	348	178
PCT9236	MV	537	283	0	0	23	260	184	76
PCT9236	ED	136	148	0	0	22	126	93	33
PCT9236	TO	673	431	0	0	45	386	277	109
PCT9237	MV	779	396	0	0	33	363	262	101
PCT9237	ED	118	206	0	0	23	183	139	44
PCT9237	TO	897	602	0	0	56	546	401	145
PCT9238	MV	687	330	0	0	38	292	195	97
PCT9238	ED	118	192	0	0	25	167	118	49
PCT9238	TO	805	522	0	0	63	459	313	146
PCT9239	MV	740	391	0	0	48	343	236	107
PCT9239	ED	124	174	0	0	23	151	113	38
PCT9239	TO	864	565	0	0	71	494	349	145
PCT9241	MV	819	404	0	0	39	365	251	114
PCT9241	ED	141	211	0	0	22	189	150	39
PCT9241	TO	960	615	0	0	61	554	401	153
PCT9242	MV	771	350	0	0	40	310	233	77
PCT9242	ED	172	238	0	0	32	206	161	45
PCT9242	TO	943	588	0	0	72	516	394	122
PCT9243	MV	480	242	0	0	24	218	162	56
PCT9243	ED	123	154	0	0	22	132	102	30
PCT9243	TO	603	396	0	0	46	350	264	86
PCT9244	MV	756	399	0	0	50	349	277	72
PCT9244	ED	154	206	0	0	18	188	145	43
PCT9244	TO	910	605	0	0	68	537	422	115
PCT9245	MV	616	301	0	0	36	265	190	75
PCT9245	ED	98	145	0	0	13	132	98	34
PCT9245	TO	714	446	0	0	49	397	288	109
PCT9246	MV	815	434	0	0	39	395	283	112
PCT9246	ED	155	214	0	0	27	187	152	35
PCT9246	TO	970	648	0	0	66	582	435	147
PCT9247	MV	764	381	0	1	31	349	248	101
PCT9247	ED	148	225	0	0	28	197	151	46
PCT9247	TO	912	606	0	1	59	546	399	147
PCT9248	MV	757	360	0	0	34	326	267	59
PCT9248	ED	150	211	0	0	18	193	161	32
PCT9248	TO	907	571	0	0	52	519	428	91
PCT9249	MV	724	379	0	0	34	345	267	78
PCT9249	ED	191	235	0	0	23	212	161	51
PCT9249	TO	915	614	0	0	57	557	428	129
PCT9251	MV	792	393	0	0	36	357	263	94
PCT9251	ED	174	248	0	0	21	227	171	56
PCT9251	TO	966	641	0	0	57	584	434	150
PCT9252	MV	811	383	0	0	39	344	230	114
PCT9252	ED	142	211	0	0	21	190	139	51
PCT9252	TO	953	594	0	0	60	534	369	165
PCT9253	MV	599	300	0	0	19	281	195	86
PCT9253	ED	162	170	0	0	15	155	120	35
PCT9253	TO	761	470	0	0	34	436	315	121
PCT9254	MV	758	415	0	1	41	373	289	84
PCT9254	ED	163	229	0	0	29	200	151	49
PCT9254	TO	921	644	0	1	70	573	440	133
PCT9255	MV	437	196	0	0	21	175	135	40
PCT9255	ED	113	155	0	0	21	134	109	25
PCT9255	TO	550	351	0	0	42	309	244	65
PCT9256	MV	367	169	0	0	16	153	123	30
PCT9256	ED	95	134	0	0	15	119	90	29
PCT9256	TO	462	303	0	0	31	272	213	59
PCT9257	MV	320	165	0	0	19	146	119	27
PCT9257	ED	0	23	0	0	5	18	18	0
PCT9257	TO	320	188	0	0	24	164	137	27
PCT9258	MV	583	307	0	0	31	276	200	76
PCT9258	ED	120	162	0	0	14	148	125	23
PCT9258	TO	703	469	0	0	45	424	325	99
PCT9401	MV	796	359	0	0	19	340	271	69
PCT9401	ED	242	259	0	0	24	235	204	31
PCT9401	TO	1038	618	0	0	43	575	475	100
PCT9402	MV	775	378	0	0	21	357	260	97
PCT9402	ED	242	226	0	0	18	208	167	41
PCT9402	TO	1017	604	0	0	39	565	427	138
PCT9403	MV	731	349	0	0	15	334	229	105
PCT9403	ED	190	183	0	0	11	172	145	27
PCT9403	TO	921	532	0	0	26	506	374	132
PCT9404	MV	753	345	0	0	23	322	209	113
PCT9404	ED	191	209	0	0	16	193	143	50
PCT9404	TO	944	554	0	0	39	515	352	163
PCT9405	MV	629	278	0	0	24	254	164	90
PCT9405	ED	151	145	0	0	7	138	92	46
PCT9405	TO	780	423	0	0	31	392	256	136
PCT9406	MV	695	332	0	0	19	313	214	99
PCT9406	ED	188	198	0	0	21	177	120	57
PCT9406	TO	883	530	0	0	40	490	334	156
PCT9407	MV	712	369	0	0	24	345	262	83
PCT9407	ED	201	195	0	1	19	175	133	42
PCT9407	TO	913	564	0	1	43	520	395	125
PCT9408	MV	711	324	0	0	24	300	238	62
PCT9408	ED	152	195	0	0	16	179	146	33
PCT9408	TO	863	519	0	0	40	479	384	95
PCT9409	MV	443	227	0	0	23	204	161	43
PCT9409	ED	158	172	0	0	6	166	143	23
PCT9409	TO	601	399	0	0	29	370	304	66
PCT9411	MV	816	378	0	0	28	350	277	73
PCT9411	ED	191	239	0	0	17	222	178	44
PCT9411	TO	1007	617	0	0	45	572	455	117
PCT9412	MV	668	340	0	0	26	314	200	114
PCT9412	ED	202	199	0	0	14	185	147	38
PCT9412	TO	870	539	0	0	40	499	347	152
PCT9413	MV	757	379	0	0	39	340	224	116
PCT9413	ED	179	185	0	0	17	168	128	40
PCT9413	TO	936	564	0	0	56	508	352	156
PCT9414	MV	734	361	0	0	23	338	215	123
PCT9414	ED	186	162	0	0	10	152	117	35
PCT9414	TO	920	523	0	0	33	490	332	158
PCT9415	MV	634	315	0	0	18	297	197	100
PCT9415	ED	154	138	0	0	4	134	103	31
PCT9415	TO	788	453	0	0	22	431	300	131
PCT9416	MV	769	391	0	0	34	357	240	117
PCT9416	ED	230	206	0	1	9	196	142	54
PCT9416	TO	999	597	0	1	43	553	382	171
PCT9417	MV	629	322	0	0	21	301	179	122
PCT9417	ED	145	153	0	0	5	148	110	38
PCT9417	TO	774	475	0	0	26	449	289	160
PCT9418	MV	631	310	0	0	25	285	169	116
PCT9418	ED	188	161	0	0	11	150	95	55
PCT9418	TO	819	471	0	0	36	435	264	171
PCT9419	MV	736	371	0	0	36	335	191	144
PCT9419	ED	173	148	0	0	9	139	87	52
PCT9419	TO	909	519	0	0	45	474	278	196
PCT9421	MV	752	341	0	0	25	316	175	141
PCT9421	ED	173	172	0	0	8	164	110	54
PCT9421	TO	925	513	0	0	33	480	285	195
PCT9422	MV	831	413	0	0	29	384	253	131
PCT9422	ED	270	222	0	0	24	198	150	48
PCT9422	TO	1101	635	0	0	53	582	403	179
PCT9423	MV	714	318	0	1	31	286	185	101
PCT9423	ED	190	187	0	0	15	172	131	41
PCT9423	TO	904	505	0	1	46	458	316	142
PCT9424	MV	799	386	0	0	27	359	226	133
PCT9424	ED	210	171	0	0	17	154	113	41
PCT9424	TO	1009	557	0	0	44	513	339	174
PCT9425	MV	789	348	0	0	32	316	198	118
PCT9425	ED	187	183	0	0	15	168	119	49
PCT9425	TO	976	531	0	0	47	484	317	167
PCT9426	MV	697	326	0	0	22	304	165	139
PCT9426	ED	156	159	0	0	15	144	97	47
PCT9426	TO	853	485	0	0	37	448	262	186
PCT9427	MV	799	386	0	0	24	362	201	161
PCT9427	ED	188	171	0	0	23	148	98	50
PCT9427	TO	987	557	0	0	47	510	299	211
PCT9428	MV	811	353	0	0	33	320	198	122
PCT9428	ED	179	163	0	0	13	150	114	36
PCT9428	TO	990	516	0	0	46	470	312	158
PCT9429	MV	709	344	0	0	23	321	170	151
PCT9429	ED	197	175	0	0	16	159	103	56
PCT9429	TO	906	519	0	0	39	480	273	207
PCT9431	MV	832	413	0	1	32	380	210	170
PCT9431	ED	204	189	0	0	10	179	123	56
PCT9431	TO	1036	602	0	1	42	559	333	226
PCT9432	MV	743	361	0	1	32	328	198	130
PCT9432	ED	215	156	0	0	14	142	105	37
PCT9432	TO	958	517	0	1	46	470	303	167
PCT9433	MV	794	374	0	0	33	341	198	143
PCT9433	ED	164	137	0	0	7	130	81	49
PCT9433	TO	958	511	0	0	40	471	279	192
PCT9434	MV	785	387	0	0	34	353	235	118
PCT9434	ED	227	240	0	0	28	212	155	57
PCT9434	TO	1012	627	0	0	62	565	390	175
PCT9435	MV	779	366	0	0	27	339	196	143
PCT9435	ED	225	218	0	0	15	203	131	72
PCT9435	TO	1004	584	0	0	42	542	327	215
PCT9436	MV	842	387	0	0	25	362	224	138
PCT9436	ED	226	176	0	0	16	160	118	42
PCT9436	TO	1068	563	0	0	41	522	342	180
PCT9437	MV	736	376	0	1	23	352	213	139
PCT9437	ED	191	173	0	0	9	164	111	53
PCT9437	TO	927	549	0	1	32	516	324	192
PCT9438	MV	837	421	0	0	31	390	230	160
PCT9438	ED	152	129	0	0	10	119	85	34
PCT9438	TO	989	550	0	0	41	509	315	194
PCT9439	MV	718	344	0	0	24	320	189	131
PCT9439	ED	199	150	0	0	20	130	89	41
PCT9439	TO	917	494	0	0	44	450	278	172
PCT9441	MV	778	396	0	0	23	373	238	135
PCT9441	ED	193	188	0	0	15	173	131	42
PCT9441	TO	971	584	0	0	38	546	369	177
PCT9442	MV	830	382	0	0	32	350	207	143
PCT9442	ED	210	232	0	0	11	221	156	65
PCT9442	TO	1040	614	0	0	43	571	363	208
PCT9443	MV	760	363	0	0	23	340	223	117
PCT9443	ED	195	173	0	0	11	162	117	45
PCT9443	TO	955	536	0	0	34	502	340	162
PCT9444	MV	768	343	0	0	16	327	194	133
PCT9444	ED	197	154	0	0	15	139	100	39
PCT9444	TO	965	497	0	0	31	466	294	172
PCT9445	MV	830	407	0	0	29	378	244	134
PCT9445	ED	166	181	0	0	14	167	122	45
PCT9445	TO	996	588	0	0	43	545	366	179
PCT9446	MV	900	466	0	0	40	426	246	180
PCT9446	ED	216	185	0	0	17	168	121	47
PCT9446	TO	1116	651	0	0	57	594	367	227
PCT9447	MV	729	395	0	0	29	366	220	146
PCT9447	ED	192	203	0	0	21	182	133	49
PCT9447	TO	921	598	0	0	50	548	353	195
PCT9448	MV	742	347	0	0	20	327	198	129
PCT9448	ED	198	185	0	0	14	171	132	39
PCT9448	TO	940	532	0	0	34	498	330	168
PCT9449	MV	719	342	0	0	20	322	183	139
PCT9449	ED	162	129	0	0	7	122	78	44
PCT9449	TO	881	471	0	0	27	444	261	183
PCT9451	MV	353	178	0	0	10	168	87	81
PCT9451	ED	88	71	0	0	5	66	43	23
PCT9451	TO	441	249	0	0	15	234	130	104
PCT9452	MV	647	336	0	0	27	309	182	127
PCT9452	ED	195	199	0	0	16	183	108	75
PCT9452	TO	842	535	0	0	43	492	290	202
PCT9453	MV	409	220	0	0	18	202	115	87
PCT9453	ED	115	88	0	0	9	79	48	31
PCT9453	TO	524	308	0	0	27	281	163	118
PCT9501	MV	150	92	0	1	12	79	62	17
PCT9501	ED	0	5	0	0	1	4	3	1
PCT9501	TO	150	97	0	1	13	83	65	18
PCT9502	MV	251	136	0	0	13	123	98	25
PCT9502	ED	0	12	0	0	2	10	7	3
PCT9502	TO	251	148	0	0	15	133	105	28
PCT9503	MV	550	263	0	0	34	229	200	29
PCT9503	ED	150	139	0	0	16	123	112	11
PCT9503	TO	700	402	0	0	50	352	312	40
PCT9505	MV	589	296	0	0	25	271	213	58
PCT9505	ED	176	147	0	0	11	136	113	23
PCT9505	TO	765	443	0	0	36	407	326	81
PCT9506	MV	547	233	0	0	18	215	181	34
PCT9506	ED	207	147	0	0	12	135	121	14
PCT9506	TO	754	380	0	0	30	350	302	48
PCT9507	MV	556	306	0	0	18	288	244	44
PCT9507	ED	160	206	0	0	20	186	158	28
PCT9507	TO	716	512	0	0	38	474	402	72
PCT9508	MV	632	320	0	0	22	298	261	37
PCT9508	ED	148	212	0	0	25	187	162	25
PCT9508	TO	780	532	0	0	47	485	423	62
PCT9509	MV	585	297	0	0	25	272	223	49
PCT9509	ED	142	196	0	0	20	176	158	18
PCT9509	TO	727	493	0	0	45	448	381	67
PCT9511	MV	458	242	0	0	18	224	187	37
PCT9511	ED	176	179	0	0	16	163	135	28
PCT9511	TO	634	421	0	0	34	387	322	65
PCT9512	MV	617	328	0	0	21	307	259	48
PCT9512	ED	160	209	0	0	17	192	164	28
PCT9512	TO	777	537	0	0	38	499	423	76
PCT9513	MV	686	335	0	0	25	310	276	34
PCT9513	ED	191	202	0	0	14	188	165	23
PCT9513	TO	877	537	0	0	39	498	441	57
PCT9514	MV	713	353	0	0	33	320	271	49
PCT9514	ED	183	247	0	0	13	234	201	33
PCT9514	TO	896	600	0	0	46	554	472	82
PCT9515	MV	543	306	0	0	23	283	222	61
PCT9515	ED	169	192	0	0	25	167	127	40
PCT9515	TO	712	498	0	0	48	450	349	101
PCT9516	MV	705	367	0	0	30	337	257	80
PCT9516	ED	184	221	0	0	20	201	156	45
PCT9516	TO	889	588	0	0	50	538	413	125
PCT9517	MV	626	335	0	0	29	306	250	56
PCT9517	ED	162	200	0	0	26	174	155	19
PCT9517	TO	788	535	0	0	55	480	405	75
PCT9518	MV	642	319	0	0	28	291	242	49
PCT9518	ED	146	218	0	0	22	196	162	34
PCT9518	TO	788	537	0	0	50	487	404	83
PCT9519	MV	693	370	0	0	22	348	289	59
PCT9519	ED	198	260	0	0	21	239	194	45
PCT9519	TO	891	630	0	0	43	587	483	104
PCT9521	MV	687	352	0	0	33	319	269	50
PCT9521	ED	214	256	0	0	31	225	192	33
PCT9521	TO	901	608	0	0	64	544	461	83
PCT9701	MV	498	271	0	0	21	250	179	71
PCT9701	ED	156	163	0	0	10	153	123	30
PCT9701	TO	654	434	0	0	31	403	302	101
PCT9702	MV	554	309	0	0	18	291	214	77
PCT9702	ED	166	196	0	0	10	186	155	31
PCT9702	TO	720	505	0	0	28	477	369	108
PCT9703	MV	809	403	0	0	39	364	220	144
PCT9703	ED	182	200	0	0	13	187	142	45
PCT9703	TO	991	603	0	0	52	551	362	189
PCT9704	MV	760	426	0	0	34	392	269	123
PCT9704	ED	199	244	0	0	16	228	173	55
PCT9704	TO	959	670	0	0	50	620	442	178
PCT9705	MV	754	421	0	0	31	390	291	99
PCT9705	ED	175	203	0	0	22	181	148	33
PCT9705	TO	929	624	0	0	53	571	439	132
PCT9706	MV	49	35	0	0	2	33	30	3
PCT9706	ED	0	1	0	0	0	1	1	0
PCT9706	TO	49	36	0	0	2	34	31	3
PCT9707	MV	687	359	0	0	21	338	198	140
PCT9707	ED	139	146	0	0	16	130	83	47
PCT9707	TO	826	505	0	0	37	468	281	187
PCT9708	MV	786	432	0	0	40	392	292	100
PCT9708	ED	175	216	0	0	17	199	154	45
PCT9708	TO	961	648	0	0	57	591	446	145
PCT9709	MV	831	429	0	0	40	389	251	138
PCT9709	ED	209	230	0	0	11	219	157	62
PCT9709	TO	1040	659	0	0	51	608	408	200
PCT9711	MV	502	307	0	0	25	282	199	83
PCT9711	ED	144	168	0	0	13	155	103	52
PCT9711	TO	646	475	0	0	38	437	302	135
PCT9712	MV	534	337	0	0	26	311	200	111
PCT9712	ED	127	138	0	0	1	137	94	43
PCT9712	TO	661	475	0	0	27	448	294	154
PCT9713	MV	747	391	0	0	22	369	207	162
PCT9713	ED	203	182	0	0	12	170	119	51
PCT9713	TO	950	573	0	0	34	539	326	213
PCT9714	MV	795	447	0	0	33	414	255	159
PCT9714	ED	156	178	0	0	8	170	111	59
PCT9714	TO	951	625	0	0	41	584	366	218
PCT9715	MV	449	242	0	1	15	226	149	77
PCT9715	ED	130	157	0	0	6	151	112	39
PCT9715	TO	579	399	0	1	21	377	261	116
PCT9716	MV	745	401	0	0	28	373	240	133
PCT9716	ED	221	217	0	0	18	199	133	66
PCT9716	TO	966	618	0	0	46	572	373	199
PCT9717	MV	753	439	0	0	26	413	252	161
PCT9717	ED	224	194	0	0	15	179	118	61
PCT9717	TO	977	633	0	0	41	592	370	222
PCT9718	MV	749	451	0	0	35	416	287	129
PCT9718	ED	152	185	0	0	10	175	113	62
PCT9718	TO	901	636	0	0	45	591	400	191
PCT9719	MV	747	465	0	0	24	441	284	157
PCT9719	ED	173	191	0	0	18	173	113	60
PCT9719	TO	920	656	0	0	42	614	397	217
PCT9721	MV	498	291	0	1	25	265	158	107
PCT9721	ED	164	174	0	1	7	166	104	62
PCT9721	TO	662	465	0	2	32	431	262	169
PCT9722	MV	513	315	0	0	21	294	181	113
PCT9722	ED	84	101	0	0	11	90	66	24
PCT9722	TO	597	416	0	0	32	384	247	137
PCT9723	MV	436	224	0	0	14	210	92	118
PCT9723	ED	72	66	0	0	5	61	35	26
PCT9723	TO	508	290	0	0	19	271	127	144
PCT9724	MV	851	456	0	0	26	430	191	239
PCT9724	ED	169	144	0	1	9	134	72	62
PCT9724	TO	1020	600	0	1	35	564	263	301
PCT9725	MV	814	439	0	0	28	411	216	195
PCT9725	ED	157	166	0	0	14	152	86	66
PCT9725	TO	971	605	0	0	42	563	302	261
PCT9726	MV	630	217	0	0	21	196	146	50
PCT9726	ED	-14	280	0	0	21	259	219	40
PCT9726	TO	616	497	0	0	42	455	365	90
PCT9727	MV	404	227	0	2	15	210	118	92
PCT9727	ED	56	64	0	0	6	58	42	16
PCT9727	TO	460	291	0	2	21	268	160	108
PCT9728	MV	751	447	0	0	26	421	247	174
PCT9728	ED	212	184	0	0	9	175	108	67
PCT9728	TO	963	631	0	0	35	596	355	241
PCT9729	MV	654	338	0	0	25	313	185	128
PCT9729	ED	164	174	0	0	12	162	103	59
PCT9729	TO	818	512	0	0	37	475	288	187
PCT9731	MV	436	246	0	0	14	232	139	93
PCT9731	ED	143	145	0	0	7	138	82	56
PCT9731	TO	579	391	0	0	21	370	221	149
PCT9732	MV	73	47	0	0	4	43	28	15
PCT9732	ED	0	3	0	0	1	2	2	0
PCT9732	TO	73	50	0	0	5	45	30	15
PCT9733	MV	240	162	0	0	6	156	125	31
PCT9733	ED	0	12	0	0	2	10	7	3
PCT9733	TO	240	174	0	0	8	166	132	34
PCT9734	MV	473	290	0	0	17	273	174	99
PCT9734	ED	131	131	0	0	5	126	76	50
PCT9734	TO	604	421	0	0	22	399	250	149
PCT9735	MV	650	390	0	0	25	365	226	139
PCT9735	ED	170	187	0	0	27	160	104	56
PCT9735	TO	820	577	0	0	52	525	330	195
PCT9736	MV	586	329	0	0	19	310	214	96
PCT9736	ED	150	187	0	0	18	169	115	54
PCT9736	TO	736	516	0	0	37	479	329	150
PCT9737	MV	637	390	0	0	31	359	236	123
PCT9737	ED	154	164	0	0	12	152	113	39
PCT9737	TO	791	554	0	0	43	511	349	162
PCT9738	MV	688	320	0	0	26	294	214	80
PCT9738	ED	150	118	0	1	9	108	79	29
PCT9738	TO	838	438	0	1	35	402	293	109
PCT9739	MV	674	273	0	0	11	262	218	44
PCT9739	ED	115	249	0	0	20	229	204	25
PCT9739	TO	789	522	0	0	31	491	422	69
PCT9741	MV	842	174	0	0	14	160	142	18
PCT9741	ED	-401	453	0	0	53	400	344	56
PCT9741	TO	441	627	0	0	67	560	486	74
PCT9742	MV	530	229	0	0	13	216	131	85
PCT9742	ED	165	163	0	0	9	154	105	49
PCT9742	TO	695	392	0	0	22	370	236	134
PCT9743	MV	913	405	0	0	19	386	298	88
PCT9743	ED	227	261	0	0	27	234	184	50
PCT9743	TO	1140	666	0	0	46	620	482	138
PCT9744	MV	783	334	0	0	28	306	239	67
PCT9744	ED	160	262	0	0	37	225	186	39
PCT9744	TO	943	596	0	0	65	531	425	106
PCT9745	MV	791	321	0	0	24	297	229	68
PCT9745	ED	201	237	0	0	20	217	185	32
PCT9745	TO	992	558	0	0	44	514	414	100
PCT9746	MV	714	374	0	0	19	355	222	133
PCT9746	ED	189	154	0	0	10	144	96	48
PCT9746	TO	903	528	0	0	29	499	318	181
PCT9747	MV	772	401	0	0	29	372	272	100
PCT9747	ED	204	193	0	0	15	178	127	51
PCT9747	TO	976	594	0	0	44	550	399	151
PCT9748	MV	746	425	0	0	26	399	262	137
PCT9748	ED	167	164	0	0	10	154	105	49
PCT9748	TO	913	589	0	0	36	553	367	186
PCT9749	MV	750	289	0	0	15	274	188	86
PCT9749	ED	188	170	0	0	9	161	134	27
PCT9749	TO	938	459	0	0	24	435	322	113
PCT9751	MV	857	475	0	0	36	439	285	154
PCT9751	ED	214	205	0	0	23	182	136	46
PCT9751	TO	1071	680	0	0	59	621	421	200
PCT9752	MV	563	330	0	0	21	309	188	121
PCT9752	ED	134	156	0	0	6	150	112	38
PCT9752	TO	697	486	0	0	27	459	300	159
PCT9753	MV	617	300	0	0	22	278	194	84
PCT9753	ED	145	168	0	0	7	161	120	41
PCT9753	TO	762	468	0	0	29	439	314	125
PCT9754	MV	545	317	0	1	17	299	237	62
PCT9754	ED	162	149	0	0	13	136	106	30
PCT9754	TO	707	466	0	1	30	435	343	92
PCT9755	MV	441	240	0	0	21	219	160	59
PCT9755	ED	139	134	0	0	6	128	97	31
PCT9755	TO	580	374	0	0	27	347	257	90
PCT9756	MV	805	365	0	0	26	339	207	132
PCT9756	ED	162	153	0	0	11	142	103	39
PCT9756	TO	967	518	0	0	37	481	310	171
PCT9801	MV	320	163	0	0	15	148	109	39
PCT9801	ED	88	68	0	0	5	63	50	13
PCT9801	TO	408	231	0	0	20	211	159	52
PCT9900	MV	0	0	0	0	0	0	0	0
PCT9900	ED	0	0	0	0	0	0	0	0
PCT9900	TO	0	0	0	0	0	0	0	0
PCT9901	MV	0	0	0	0	0	0	0	0
PCT9901	ED	0	0	0	0	0	0	0	0
PCT9901	TO	0	0	0	0	0	0	0	0
PCT9902	MV	0	0	0	0	0	0	0	0
PCT9902	ED	0	0	0	0	0	0	0	0
PCT9902	TO	0	0	0	0	0	0	0	0
CONG12	MV	355625	175442	0	44	14306	161092	120084	41008
CONG12	ED	90223	96085	0	18	8977	87090	69412	17678
CONG12	TO	445848	271527	0	62	23283	248182	189496	58686
CONG14	MV	47258	22461	0	7	1431	21023	13780	7243
CONG14	ED	10793	10916	0	4	849	10063	7451	2612
CONG14	TO	58051	33377	0	11	2280	31086	21231	9855
ASSM17	MV	232812	115055	0	26	9375	105654	81549	24105
ASSM17	ED	59610	61730	0	13	5797	55920	45751	10169
ASSM17	TO	292422	176785	0	39	15172	161574	127300	34274
ASSM19	MV	170071	82848	0	25	6362	76461	52315	24146
ASSM19	ED	41406	45271	0	9	4029	41233	31112	10121
ASSM19	TO	211477	128119	0	34	10391	117694	83427	34267
SUPV1	MV	33870	16645	0	6	1253	15386	11067	4319
SUPV1	ED	9246	10132	0	1	856	9275	7244	2031
SUPV1	TO	43116	26777	0	7	2109	24661	18311	6350
SUPV2	MV	41438	20052	0	8	1979	18065	12738	5327
SUPV2	ED	8608	11685	0	2	1359	10324	7699	2625
SUPV2	TO	50046	31737	0	10	3338	28389	20437	7952
SUPV3	MV	31945	14472	0	0	1384	13088	9561	3527
SUPV3	ED	7432	7841	0	2	860	6979	5501	1478
SUPV3	TO	39377	22313	0	2	2244	20067	15062	5005
SUPV4	MV	35051	16947	0	4	1236	15707	9901	5806
SUPV4	ED	9043	8532	0	2	664	7866	5722	2144
SUPV4	TO	44094	25479	0	6	1900	23573	15623	7950
SUPV5	MV	41973	21589	0	4	1864	19721	16360	3361
SUPV5	ED	10927	13129	0	0	1289	11840	10113	1727
SUPV5	TO	52900	34718	0	4	3153	31561	26473	5088
SUPV6	MV	35759	15272	0	8	1329	13935	10682	3253
SUPV6	ED	7936	7226	0	2	847	6377	5177	1200
SUPV6	TO	43695	22498	0	10	2176	20312	15859	4453
SUPV7	MV	38894	20831	0	7	1447	19377	12902	6475
SUPV7	ED	8549	10568	0	4	804	9760	7075	2685
SUPV7	TO	47443	31399	0	11	2251	29137	19977	9160
SUPV8	MV	46374	27611	0	3	2229	25379	20292	5087
SUPV8	ED	11803	15032	0	1	1289	13742	11330	2412
SUPV8	TO	58177	42643	0	4	3518	39121	31622	7499
SUPV9	MV	33168	16843	0	2	1155	15686	12394	3292
SUPV9	ED	10095	10044	0	3	805	9236	7775	1461
SUPV9	TO	43263	26887	0	5	1960	24922	20169	4753
SUPV10	MV	33768	14153	0	5	1053	13095	9587	3508
SUPV10	ED	9345	6711	0	4	595	6112	4925	1187
SUPV10	TO	43113	20864	0	9	1648	19207	14512	4695
SUPV11	MV	30643	13488	0	4	808	12676	8380	4296
SUPV11	ED	8032	6101	0	1	458	5642	4302	1340
SUPV11	TO	38675	19589	0	5	1266	18318	12682	5636
NEIG1	MV	15466	5990	0	2	419	5569	3985	1584
NEIG1	ED	5019	2611	0	2	216	2393	1921	472
NEIG1	TO	20485	8601	0	4	635	7962	5906	2056
NEIG2	MV	14029	6299	0	0	631	5668	4070	1598
NEIG2	ED	3238	3340	0	1	394	2945	2294	651
NEIG2	TO	17267	9639	0	1	1025	8613	6364	2249
NEIG3	MV	22051	9527	0	3	889	8635	6704	1931
NEIG3	ED	5968	4993	0	1	513	4479	3642	837
NEIG3	TO	28019	14520	0	4	1402	13114	10346	2768
NEIG4	MV	5630	3506	0	1	250	3255	2431	824
NEIG4	ED	1430	1651	0	1	135	1515	1156	359
NEIG4	TO	7060	5157	0	2	385	4770	3587	1183
NEIG5	MV	22699	10156	0	4	630	9522	6195	3327
NEIG5	ED	5894	4403	0	1	320	4082	3070	1012
NEIG5	TO	28593	14559	0	5	950	13604	9265	4339
NEIG6	MV	11529	5996	0	2	500	5494	4677	817
NEIG6	ED	2333	3919	0	0	374	3545	3081	464
NEIG6	TO	13862	9915	0	2	874	9039	7758	1281
NEIG7	MV	9819	4149	0	0	234	3915	2689	1226
NEIG7	ED	2576	2089	0	0	163	1926	1519	407
NEIG7	TO	12395	6238	0	0	397	5841	4208	1633
NEIG8	MV	7628	4046	0	0	335	3711	2974	737
NEIG8	ED	2030	2570	0	0	232	2338	1945	393
NEIG8	TO	9658	6616	0	0	567	6049	4919	1130
NEIG9	MV	7422	3163	0	0	211	2952	1985	967
NEIG9	ED	836	2236	0	2	215	2019	1594	425
NEIG9	TO	8258	5399	0	2	426	4971	3579	1392
NEIG10	MV	8173	3963	0	0	338	3625	2727	898
NEIG10	ED	1849	2658	0	1	244	2413	1944	469
NEIG10	TO	10022	6621	0	1	582	6038	4671	1367
NEIG11	MV	33512	15582	0	6	1586	13990	9834	4156
NEIG11	ED	5928	9051	0	2	1097	7952	5922	2030
NEIG11	TO	39440	24633	0	8	2683	21942	15756	6186
NEIG12	MV	23578	11896	0	2	863	11031	9328	1703
NEIG12	ED	7427	7902	0	4	709	7189	6236	953
NEIG12	TO	31005	19798	0	6	1572	18220	15564	2656
NEIG14	MV	6791	4011	0	1	293	3717	3088	629
NEIG14	ED	1942	2316	0	0	166	2150	1833	317
NEIG14	TO	8733	6327	0	1	459	5867	4921	946
NEIG15	MV	5781	2687	0	0	220	2467	1751	716
NEIG15	ED	1307	1499	0	0	154	1345	1062	283
NEIG15	TO	7088	4186	0	0	374	3812	2813	999
NEIG13	MV	13553	8198	0	0	676	7522	5893	1629
NEIG13	ED	3435	4443	0	0	364	4079	3364	715
NEIG13	TO	16988	12641	0	0	1040	11601	9257	2344
NEIG26	MV	7830	3542	0	0	218	3324	1985	1339
NEIG26	ED	1802	1386	0	0	113	1273	914	359
NEIG26	TO	9632	4928	0	0	331	4597	2899	1698
NEIG16	MV	14624	6988	0	1	598	6389	5033	1356
NEIG16	ED	2732	3781	0	1	403	3377	2785	592
NEIG16	TO	17356	10769	0	2	1001	9766	7818	1948
NEIG17	MV	29449	14468	0	6	1085	13377	9575	3802
NEIG17	ED	8176	8551	0	0	713	7838	6097	1741
NEIG17	TO	37625	23019	0	6	1798	21215	15672	5543
NEIG19	MV	7164	4039	0	2	279	3758	3028	730
NEIG19	ED	2407	2408	0	0	177	2231	1820	411
NEIG19	TO	9571	6447	0	2	456	5989	4848	1141
NEIG18	MV	6458	3427	0	1	280	3146	2194	952
NEIG18	ED	1563	2033	0	0	213	1820	1349	471
NEIG18	TO	8021	5460	0	1	493	4966	3543	1423
NEIG20	MV	20913	8936	0	5	777	8154	6144	2010
NEIG20	ED	4164	4219	0	2	505	3712	2964	748
NEIG20	TO	25077	13155	0	7	1282	11866	9108	2758
NEIG21	MV	34608	16720	0	4	1213	15503	9740	5763
NEIG21	ED	8885	8360	0	2	658	7700	5579	2121
NEIG21	TO	43493	25080	0	6	1871	23203	15319	7884
NEIG22	MV	15383	9329	0	0	784	8545	6906	1639
NEIG22	ED	3510	4904	0	0	426	4478	3703	775
NEIG22	TO	18893	14233	0	0	1210	13023	10609	2414
NEIG23	MV	6638	2527	0	2	175	2350	1478	872
NEIG23	ED	1850	947	0	0	79	868	652	216
NEIG23	TO	8488	3474	0	2	254	3218	2130	1088
NEIG24	MV	28440	16175	0	6	1140	15029	9941	5088
NEIG24	ED	6934	7515	0	1	535	6979	4870	2109
NEIG24	TO	35374	23690	0	7	1675	22008	14811	7197
NEIG25	MV	23715	12583	0	3	1113	11467	9509	1958
NEIG25	ED	7781	7216	0	1	708	6507	5547	960
NEIG25	TO	31496	19799	0	4	1821	17974	15056	2918
