area_id	subtotal_type	RSReg	RSCst	RSRej	RSOvr	RSUnd	RSTot	7:YES	8:NO
ALLPCTS	TO	503899	144603	0	25	13380	131198	89377	41821
ALLPCTS	ED	102888	72177	0	18	7198	64961	48435	16526
ALLPCTS	MV	401011	72426	0	7	6182	66237	40942	25295
PCT1101	MV	446	89	0	0	8	81	54	27
PCT1101	ED	116	60	0	0	9	51	38	13
PCT1101	TO	562	149	0	0	17	132	92	40
PCT1102	MV	767	120	0	0	6	114	49	65
PCT1102	ED	237	158	0	0	14	144	109	35
PCT1102	TO	1004	278	0	0	20	258	158	100
PCT1103	MV	747	147	0	0	4	143	70	73
PCT1103	ED	224	142	0	0	13	129	89	40
PCT1103	TO	971	289	0	0	17	272	159	113
PCT1104	MV	750	122	0	0	7	115	77	38
PCT1104	ED	268	119	0	0	8	111	80	31
PCT1104	TO	1018	241	0	0	15	226	157	69
PCT1106	MV	595	93	0	0	3	90	48	42
PCT1106	ED	176	96	0	0	8	88	60	28
PCT1106	TO	771	189	0	0	11	178	108	70
PCT1107	MV	602	100	0	0	8	92	46	46
PCT1107	ED	149	76	0	0	8	68	50	18
PCT1107	TO	751	176	0	0	16	160	96	64
PCT1108	MV	718	117	0	0	8	109	64	45
PCT1108	ED	205	114	0	0	17	97	73	24
PCT1108	TO	923	231	0	0	25	206	137	69
PCT1109	MV	649	108	0	0	8	100	54	46
PCT1109	ED	173	97	0	0	7	90	60	30
PCT1109	TO	822	205	0	0	15	190	114	76
PCT1111	MV	841	150	0	0	11	139	74	65
PCT1111	ED	205	118	0	0	8	110	88	22
PCT1111	TO	1046	268	0	0	19	249	162	87
PCT1112	MV	641	100	0	0	8	92	44	48
PCT1112	ED	161	76	0	0	5	71	57	14
PCT1112	TO	802	176	0	0	13	163	101	62
PCT1113	MV	674	102	0	0	11	91	55	36
PCT1113	ED	121	65	0	0	8	57	42	15
PCT1113	TO	795	167	0	0	19	148	97	51
PCT1114	MV	766	102	0	0	5	97	62	35
PCT1114	ED	225	97	0	0	12	85	65	20
PCT1114	TO	991	199	0	0	17	182	127	55
PCT1115	MV	739	114	0	0	8	106	58	48
PCT1115	ED	197	85	0	0	9	76	57	19
PCT1115	TO	936	199	0	0	17	182	115	67
PCT1116	MV	702	141	0	0	14	127	78	49
PCT1116	ED	229	118	0	0	9	109	83	26
PCT1116	TO	931	259	0	0	23	236	161	75
PCT1117	MV	654	103	0	0	4	99	52	47
PCT1117	ED	192	71	0	0	6	65	53	12
PCT1117	TO	846	174	0	0	10	164	105	59
PCT1118	MV	841	123	0	0	5	118	76	42
PCT1118	ED	224	100	0	0	10	90	63	27
PCT1118	TO	1065	223	0	0	15	208	139	69
PCT1119	MV	658	114	0	0	8	106	56	50
PCT1119	ED	139	73	0	0	5	68	54	14
PCT1119	TO	797	187	0	0	13	174	110	64
PCT1121	MV	556	115	0	0	7	108	59	49
PCT1121	ED	149	81	0	0	8	73	41	32
PCT1121	TO	705	196	0	0	15	181	100	81
PCT1122	MV	518	67	0	0	5	62	30	32
PCT1122	ED	119	70	0	0	8	62	42	20
PCT1122	TO	637	137	0	0	13	124	72	52
PCT1123	MV	720	77	0	0	3	74	39	35
PCT1123	ED	218	89	0	1	5	83	61	22
PCT1123	TO	938	166	0	1	8	157	100	57
PCT1124	MV	616	96	0	0	4	92	43	49
PCT1124	ED	213	72	0	0	7	65	53	12
PCT1124	TO	829	168	0	0	11	157	96	61
PCT1125	MV	913	154	0	0	20	134	69	65
PCT1125	ED	184	65	0	0	9	56	46	10
PCT1125	TO	1097	219	0	0	29	190	115	75
PCT1126	MV	811	149	0	0	13	136	75	61
PCT1126	ED	201	68	0	0	3	65	40	25
PCT1126	TO	1012	217	0	0	16	201	115	86
PCT1127	MV	742	123	0	0	10	113	50	63
PCT1127	ED	223	99	0	0	5	94	63	31
PCT1127	TO	965	222	0	0	15	207	113	94
PCT1128	MV	733	111	0	0	7	104	48	56
PCT1128	ED	146	59	0	0	8	51	35	16
PCT1128	TO	879	170	0	0	15	155	83	72
PCT1129	MV	786	129	0	0	5	124	76	48
PCT1129	ED	250	108	0	0	15	93	60	33
PCT1129	TO	1036	237	0	0	20	217	136	81
PCT1131	MV	693	103	0	0	10	93	43	50
PCT1131	ED	167	60	0	0	5	55	38	17
PCT1131	TO	860	163	0	0	15	148	81	67
PCT1132	MV	835	152	0	0	8	144	79	65
PCT1132	ED	197	59	0	0	3	56	39	17
PCT1132	TO	1032	211	0	0	11	200	118	82
PCT1133	MV	715	140	0	0	4	136	73	63
PCT1133	ED	160	74	0	0	5	69	48	21
PCT1133	TO	875	214	0	0	9	205	121	84
PCT1134	MV	584	122	0	0	10	112	51	61
PCT1134	ED	183	80	0	0	10	70	48	22
PCT1134	TO	767	202	0	0	20	182	99	83
PCT1135	MV	464	83	0	0	5	78	38	40
PCT1135	ED	92	50	0	0	3	47	32	15
PCT1135	TO	556	133	0	0	8	125	70	55
PCT1136	MV	709	152	0	0	11	141	70	71
PCT1136	ED	158	77	0	0	7	70	43	27
PCT1136	TO	867	229	0	0	18	211	113	98
PCT1141	MV	834	144	0	0	3	141	77	64
PCT1141	ED	222	123	0	0	9	114	72	42
PCT1141	TO	1056	267	0	0	12	255	149	106
PCT1142	MV	721	111	0	0	10	101	57	44
PCT1142	ED	175	87	0	0	4	83	66	17
PCT1142	TO	896	198	0	0	14	184	123	61
PCT1143	MV	822	152	0	0	15	137	85	52
PCT1143	ED	227	113	0	0	11	102	79	23
PCT1143	TO	1049	265	0	0	26	239	164	75
PCT1144	MV	725	110	0	0	8	102	55	47
PCT1144	ED	222	121	0	0	15	106	71	35
PCT1144	TO	947	231	0	0	23	208	126	82
PCT1145	MV	752	146	0	0	12	134	81	53
PCT1145	ED	153	114	0	0	10	104	74	30
PCT1145	TO	905	260	0	0	22	238	155	83
PCT1146	MV	837	143	0	0	11	132	78	54
PCT1146	ED	217	109	0	0	11	98	71	27
PCT1146	TO	1054	252	0	0	22	230	149	81
PCT1147	MV	671	100	0	0	4	96	67	29
PCT1147	ED	214	107	0	0	8	99	72	27
PCT1147	TO	885	207	0	0	12	195	139	56
PCT1148	MV	802	148	0	0	8	140	78	62
PCT1148	ED	226	116	0	0	13	103	67	36
PCT1148	TO	1028	264	0	0	21	243	145	98
PCT1149	MV	708	107	0	0	6	101	61	40
PCT1149	ED	231	118	0	0	10	108	78	30
PCT1149	TO	939	225	0	0	16	209	139	70
PCT1151	MV	0	0	0	0	0	0	0	0
PCT1151	ED	0	0	0	0	0	0	0	0
PCT1151	TO	0	0	0	0	0	0	0	0
PCT1152	MV	710	112	0	0	6	106	72	34
PCT1152	ED	180	85	0	0	7	78	54	24
PCT1152	TO	890	197	0	0	13	184	126	58
PCT1153	MV	730	114	0	0	12	102	65	37
PCT1153	ED	210	116	0	0	10	106	59	47
PCT1153	TO	940	230	0	0	22	208	124	84
PCT1154	MV	0	0	0	0	0	0	0	0
PCT1154	ED	0	0	0	0	0	0	0	0
PCT1154	TO	0	0	0	0	0	0	0	0
PCT7001	MV	630	112	0	0	6	106	76	30
PCT7001	ED	143	101	0	0	8	93	70	23
PCT7001	TO	773	213	0	0	14	199	146	53
PCT7002	MV	595	81	0	0	10	71	51	20
PCT7002	ED	119	88	0	0	4	84	69	15
PCT7002	TO	714	169	0	0	14	155	120	35
PCT7003	MV	759	147	0	0	8	139	98	41
PCT7003	ED	147	144	0	0	15	129	101	28
PCT7003	TO	906	291	0	0	23	268	199	69
PCT7004	MV	763	146	0	0	13	133	98	35
PCT7004	ED	150	142	0	0	12	130	103	27
PCT7004	TO	913	288	0	0	25	263	201	62
PCT7005	MV	696	142	0	1	11	130	93	37
PCT7005	ED	163	162	0	0	24	138	109	29
PCT7005	TO	859	304	0	1	35	268	202	66
PCT7006	MV	726	119	0	0	10	109	85	24
PCT7006	ED	206	149	0	0	13	136	108	28
PCT7006	TO	932	268	0	0	23	245	193	52
PCT7007	MV	775	145	0	0	10	135	88	47
PCT7007	ED	182	168	0	0	23	145	113	32
PCT7007	TO	957	313	0	0	33	280	201	79
PCT7008	MV	732	154	0	0	17	137	75	62
PCT7008	ED	177	189	0	0	17	172	142	30
PCT7008	TO	909	343	0	0	34	309	217	92
PCT7009	MV	749	141	0	0	10	131	88	43
PCT7009	ED	122	91	0	0	6	85	57	28
PCT7009	TO	871	232	0	0	16	216	145	71
PCT7011	MV	703	66	0	0	5	61	42	19
PCT7011	ED	270	87	0	0	4	83	63	20
PCT7011	TO	973	153	0	0	9	144	105	39
PCT7012	MV	996	192	0	0	14	178	129	49
PCT7012	ED	230	203	0	0	22	181	144	37
PCT7012	TO	1226	395	0	0	36	359	273	86
PCT7013	MV	983	122	0	0	4	118	86	32
PCT7013	ED	156	151	0	0	14	137	117	20
PCT7013	TO	1139	273	0	0	18	255	203	52
PCT7014	MV	608	90	0	0	10	80	60	20
PCT7014	ED	111	111	0	0	15	96	69	27
PCT7014	TO	719	201	0	0	25	176	129	47
PCT7015	MV	128	13	0	0	3	10	6	4
PCT7015	ED	-18	0	0	0	0	0	0	0
PCT7015	TO	110	13	0	0	3	10	6	4
PCT7016	MV	654	85	0	0	5	80	47	33
PCT7016	ED	278	75	0	0	8	67	54	13
PCT7016	TO	932	160	0	0	13	147	101	46
PCT7017	MV	539	52	0	0	5	47	35	12
PCT7017	ED	242	53	0	0	8	45	36	9
PCT7017	TO	781	105	0	0	13	92	71	21
PCT7018	MV	846	130	0	0	12	118	71	47
PCT7018	ED	201	56	0	0	5	51	40	11
PCT7018	TO	1047	186	0	0	17	169	111	58
PCT7019	MV	733	130	0	0	10	120	72	48
PCT7019	ED	167	73	0	0	8	65	56	9
PCT7019	TO	900	203	0	0	18	185	128	57
PCT7021	MV	674	78	0	0	4	74	56	18
PCT7021	ED	293	106	0	0	12	94	76	18
PCT7021	TO	967	184	0	0	16	168	132	36
PCT7022	MV	766	109	0	0	12	97	60	37
PCT7022	ED	197	54	0	0	3	51	43	8
PCT7022	TO	963	163	0	0	15	148	103	45
PCT7023	MV	684	142	0	0	9	133	91	42
PCT7023	ED	236	71	0	0	7	64	53	11
PCT7023	TO	920	213	0	0	16	197	144	53
PCT7024	MV	251	25	0	0	1	24	17	7
PCT7024	ED	190	20	0	0	4	16	11	5
PCT7024	TO	441	45	0	0	5	40	28	12
PCT7025	MV	316	41	0	0	2	39	27	12
PCT7025	ED	167	39	0	0	2	37	26	11
PCT7025	TO	483	80	0	0	4	76	53	23
PCT7026	MV	815	137	0	0	8	129	66	63
PCT7026	ED	195	72	0	0	6	66	48	18
PCT7026	TO	1010	209	0	0	14	195	114	81
PCT7027	MV	675	96	0	0	6	90	58	32
PCT7027	ED	221	96	0	0	8	88	66	22
PCT7027	TO	896	192	0	0	14	178	124	54
PCT7028	MV	584	85	0	0	6	79	58	21
PCT7028	ED	272	97	0	0	4	93	76	17
PCT7028	TO	856	182	0	0	10	172	134	38
PCT7029	MV	641	80	0	0	7	73	51	22
PCT7029	ED	268	39	0	0	1	38	30	8
PCT7029	TO	909	119	0	0	8	111	81	30
PCT7030	MV	654	128	0	0	6	122	49	73
PCT7030	ED	141	58	0	0	4	54	28	26
PCT7030	TO	795	186	0	0	10	176	77	99
PCT7031	MV	619	119	0	0	14	105	60	45
PCT7031	ED	75	48	0	0	5	43	31	12
PCT7031	TO	694	167	0	0	19	148	91	57
PCT7032	MV	639	112	0	0	10	102	62	40
PCT7032	ED	242	51	0	0	2	49	40	9
PCT7032	TO	881	163	0	0	12	151	102	49
PCT7033	MV	546	96	0	0	9	87	54	33
PCT7033	ED	232	86	0	0	10	76	58	18
PCT7033	TO	778	182	0	0	19	163	112	51
PCT7034	MV	618	52	0	0	6	46	32	14
PCT7034	ED	320	57	0	0	5	52	40	12
PCT7034	TO	938	109	0	0	11	98	72	26
PCT7035	MV	567	86	0	0	7	79	50	29
PCT7035	ED	152	52	0	0	7	45	35	10
PCT7035	TO	719	138	0	0	14	124	85	39
PCT7036	MV	780	108	0	0	9	99	45	54
PCT7036	ED	194	39	0	0	4	35	25	10
PCT7036	TO	974	147	0	0	13	134	70	64
PCT7037	MV	431	31	0	0	0	31	20	11
PCT7037	ED	315	38	0	0	6	32	23	9
PCT7037	TO	746	69	0	0	6	63	43	20
PCT7038	MV	757	145	0	0	14	131	68	63
PCT7038	ED	204	58	0	0	10	48	33	15
PCT7038	TO	961	203	0	0	24	179	101	78
PCT7039	MV	636	106	0	0	15	91	48	43
PCT7039	ED	201	104	0	0	7	97	61	36
PCT7039	TO	837	210	0	0	22	188	109	79
PCT7041	MV	70	13	0	0	1	12	2	10
PCT7041	ED	-4	0	0	0	0	0	0	0
PCT7041	TO	66	13	0	0	1	12	2	10
PCT7042	MV	514	88	0	0	4	84	53	31
PCT7042	ED	146	58	0	0	3	55	32	23
PCT7042	TO	660	146	0	0	7	139	85	54
PCT7043	MV	753	116	0	0	6	110	62	48
PCT7043	ED	225	78	0	0	3	75	49	26
PCT7043	TO	978	194	0	0	9	185	111	74
PCT7044	MV	584	67	0	0	5	62	39	23
PCT7044	ED	268	33	0	0	3	30	18	12
PCT7044	TO	852	100	0	0	8	92	57	35
PCT7045	MV	632	120	0	0	13	107	67	40
PCT7045	ED	154	53	0	0	3	50	26	24
PCT7045	TO	786	173	0	0	16	157	93	64
PCT7046	MV	334	45	0	0	3	42	24	18
PCT7046	ED	96	48	0	0	4	44	33	11
PCT7046	TO	430	93	0	0	7	86	57	29
PCT7047	MV	730	135	0	0	11	124	67	57
PCT7047	ED	153	62	0	0	7	55	35	20
PCT7047	TO	883	197	0	0	18	179	102	77
PCT7048	MV	684	108	0	1	7	100	64	36
PCT7048	ED	197	56	0	0	7	49	38	11
PCT7048	TO	881	164	0	1	14	149	102	47
PCT7049	MV	615	105	0	0	7	98	54	44
PCT7049	ED	211	70	0	0	9	61	42	19
PCT7049	TO	826	175	0	0	16	159	96	63
PCT7051	MV	715	129	0	0	9	120	52	68
PCT7051	ED	165	70	0	0	8	62	42	20
PCT7051	TO	880	199	0	0	17	182	94	88
PCT7052	MV	720	121	0	0	10	111	50	61
PCT7052	ED	186	84	0	0	5	79	56	23
PCT7052	TO	906	205	0	0	15	190	106	84
PCT7053	MV	542	102	0	0	10	92	57	35
PCT7053	ED	43	40	0	0	4	36	29	7
PCT7053	TO	585	142	0	0	14	128	86	42
PCT7054	MV	860	98	0	0	9	89	60	29
PCT7054	ED	276	105	0	0	6	99	71	28
PCT7054	TO	1136	203	0	0	15	188	131	57
PCT7055	MV	728	120	0	0	14	106	69	37
PCT7055	ED	98	76	0	0	10	66	49	17
PCT7055	TO	826	196	0	0	24	172	118	54
PCT7056	MV	617	85	0	0	7	78	52	26
PCT7056	ED	88	119	0	0	16	103	82	21
PCT7056	TO	705	204	0	0	23	181	134	47
PCT7101	MV	161	31	0	0	1	30	22	8
PCT7101	ED	-14	0	0	0	0	0	0	0
PCT7101	TO	147	31	0	0	1	30	22	8
PCT7201	MV	787	145	0	0	13	132	71	61
PCT7201	ED	148	98	0	0	17	81	58	23
PCT7201	TO	935	243	0	0	30	213	129	84
PCT7202	MV	706	136	0	0	13	123	66	57
PCT7202	ED	145	123	0	0	15	108	71	37
PCT7202	TO	851	259	0	0	28	231	137	94
PCT7203	MV	693	116	0	0	15	101	58	43
PCT7203	ED	186	148	0	0	20	128	94	34
PCT7203	TO	879	264	0	0	35	229	152	77
PCT7204	MV	771	164	0	0	22	142	94	48
PCT7204	ED	128	116	0	0	19	97	66	31
PCT7204	TO	899	280	0	0	41	239	160	79
PCT7205	MV	723	132	0	0	11	121	73	48
PCT7205	ED	148	133	0	0	24	109	81	28
PCT7205	TO	871	265	0	0	35	230	154	76
PCT7206	MV	298	41	0	0	5	36	26	10
PCT7206	ED	79	76	0	0	7	69	54	15
PCT7206	TO	377	117	0	0	12	105	80	25
PCT7207	MV	742	119	0	0	10	109	65	44
PCT7207	ED	125	117	0	0	17	100	75	25
PCT7207	TO	867	236	0	0	27	209	140	69
PCT7208	MV	491	92	0	0	15	77	43	34
PCT7208	ED	79	60	0	0	5	55	44	11
PCT7208	TO	570	152	0	0	20	132	87	45
PCT7209	MV	595	199	0	0	25	174	110	64
PCT7209	ED	52	63	0	0	7	56	46	10
PCT7209	TO	647	262	0	0	32	230	156	74
PCT7301	MV	810	129	0	0	9	120	66	54
PCT7301	ED	204	112	0	0	17	95	75	20
PCT7301	TO	1014	241	0	0	26	215	141	74
PCT7302	MV	713	175	0	0	21	154	89	65
PCT7302	ED	136	116	0	0	14	102	76	26
PCT7302	TO	849	291	0	0	35	256	165	91
PCT7303	MV	864	148	0	0	10	138	93	45
PCT7303	ED	204	141	0	0	19	122	90	32
PCT7303	TO	1068	289	0	0	29	260	183	77
PCT7304	MV	802	137	0	0	17	120	63	57
PCT7304	ED	199	163	0	0	11	152	117	35
PCT7304	TO	1001	300	0	0	28	272	180	92
PCT7305	MV	710	162	0	0	16	146	78	68
PCT7305	ED	157	141	0	0	11	130	88	42
PCT7305	TO	867	303	0	0	27	276	166	110
PCT7306	MV	800	122	0	0	13	109	60	49
PCT7306	ED	244	152	0	0	22	130	95	35
PCT7306	TO	1044	274	0	0	35	239	155	84
PCT7307	MV	604	96	0	0	10	86	47	39
PCT7307	ED	170	101	0	0	11	90	70	20
PCT7307	TO	774	197	0	0	21	176	117	59
PCT7308	MV	516	106	0	0	7	99	60	39
PCT7308	ED	109	126	0	0	10	116	88	28
PCT7308	TO	625	232	0	0	17	215	148	67
PCT7309	MV	690	116	0	0	7	109	70	39
PCT7309	ED	168	156	0	0	22	134	93	41
PCT7309	TO	858	272	0	0	29	243	163	80
PCT7311	MV	698	107	0	0	12	95	55	40
PCT7311	ED	208	169	0	0	15	154	126	28
PCT7311	TO	906	276	0	0	27	249	181	68
PCT7312	MV	697	150	0	0	15	135	76	59
PCT7312	ED	113	120	0	0	13	107	73	34
PCT7312	TO	810	270	0	0	28	242	149	93
PCT7313	MV	818	173	0	0	19	154	86	68
PCT7313	ED	185	115	0	0	16	99	72	27
PCT7313	TO	1003	288	0	0	35	253	158	95
PCT7314	MV	612	124	0	0	17	107	61	46
PCT7314	ED	147	56	0	0	7	49	31	18
PCT7314	TO	759	180	0	0	24	156	92	64
PCT7315	MV	568	82	0	0	5	77	47	30
PCT7315	ED	197	117	0	0	12	105	75	30
PCT7315	TO	765	199	0	0	17	182	122	60
PCT7316	MV	654	119	0	0	14	105	63	42
PCT7316	ED	178	100	0	0	13	87	64	23
PCT7316	TO	832	219	0	0	27	192	127	65
PCT7317	MV	744	146	0	0	10	136	81	55
PCT7317	ED	146	107	0	0	12	95	70	25
PCT7317	TO	890	253	0	0	22	231	151	80
PCT7318	MV	604	142	0	0	16	126	87	39
PCT7318	ED	119	99	0	0	16	83	56	27
PCT7318	TO	723	241	0	0	32	209	143	66
PCT7319	MV	858	111	0	0	11	100	58	42
PCT7319	ED	191	113	0	0	19	94	68	26
PCT7319	TO	1049	224	0	0	30	194	126	68
PCT7321	MV	557	86	0	0	10	76	40	36
PCT7321	ED	102	62	0	0	6	56	38	18
PCT7321	TO	659	148	0	0	16	132	78	54
PCT7322	MV	740	164	0	0	26	138	79	59
PCT7322	ED	148	25	0	0	4	21	17	4
PCT7322	TO	888	189	0	0	30	159	96	63
PCT7323	MV	788	128	0	0	15	113	73	40
PCT7323	ED	168	126	0	0	16	110	78	32
PCT7323	TO	956	254	0	0	31	223	151	72
PCT7324	MV	585	89	0	0	6	83	56	27
PCT7324	ED	152	88	0	0	13	75	49	26
PCT7324	TO	737	177	0	0	19	158	105	53
PCT7325	MV	712	115	0	0	14	101	64	37
PCT7325	ED	174	121	0	0	20	101	70	31
PCT7325	TO	886	236	0	0	34	202	134	68
PCT7326	MV	684	105	0	0	14	91	49	42
PCT7326	ED	175	116	0	0	20	96	69	27
PCT7326	TO	859	221	0	0	34	187	118	69
PCT7327	MV	561	130	0	0	28	102	46	56
PCT7327	ED	126	37	0	0	2	35	24	11
PCT7327	TO	687	167	0	0	30	137	70	67
PCT7328	MV	829	188	0	0	44	144	83	61
PCT7328	ED	173	46	0	0	5	41	32	9
PCT7328	TO	1002	234	0	0	49	185	115	70
PCT7329	MV	552	125	0	0	22	103	49	54
PCT7329	ED	99	56	0	0	3	53	38	15
PCT7329	TO	651	181	0	0	25	156	87	69
PCT7331	MV	710	171	0	0	18	153	70	83
PCT7331	ED	160	129	0	0	20	109	68	41
PCT7331	TO	870	300	0	0	38	262	138	124
PCT7332	MV	652	101	0	0	9	92	71	21
PCT7332	ED	138	113	0	0	4	109	96	13
PCT7332	TO	790	214	0	0	13	201	167	34
PCT7333	MV	821	143	0	0	27	116	80	36
PCT7333	ED	194	161	0	0	15	146	113	33
PCT7333	TO	1015	304	0	0	42	262	193	69
PCT7334	MV	684	117	0	0	8	109	69	40
PCT7334	ED	135	105	0	0	8	97	70	27
PCT7334	TO	819	222	0	0	16	206	139	67
PCT7335	MV	786	145	0	0	14	131	73	58
PCT7335	ED	148	144	0	0	20	124	102	22
PCT7335	TO	934	289	0	0	34	255	175	80
PCT7336	MV	779	147	0	0	12	135	64	71
PCT7336	ED	175	128	0	0	18	110	80	30
PCT7336	TO	954	275	0	0	30	245	144	101
PCT7337	MV	772	167	0	0	19	148	71	77
PCT7337	ED	125	84	0	0	9	75	54	21
PCT7337	TO	897	251	0	0	28	223	125	98
PCT7338	MV	768	189	0	0	23	166	84	82
PCT7338	ED	127	70	0	0	9	61	45	16
PCT7338	TO	895	259	0	0	32	227	129	98
PCT7339	MV	603	116	0	0	11	105	72	33
PCT7339	ED	152	89	0	0	3	86	61	25
PCT7339	TO	755	205	0	0	14	191	133	58
PCT7341	MV	673	100	0	0	12	88	59	29
PCT7341	ED	180	131	0	0	9	122	92	30
PCT7341	TO	853	231	0	0	21	210	151	59
PCT7342	MV	672	117	0	0	9	108	70	38
PCT7342	ED	232	200	0	0	20	180	140	40
PCT7342	TO	904	317	0	0	29	288	210	78
PCT7343	MV	553	88	0	0	3	85	72	13
PCT7343	ED	151	116	0	0	12	104	84	20
PCT7343	TO	704	204	0	0	15	189	156	33
PCT7344	MV	862	151	0	0	12	139	93	46
PCT7344	ED	202	160	0	0	11	149	113	36
PCT7344	TO	1064	311	0	0	23	288	206	82
PCT7345	MV	900	159	0	0	10	149	99	50
PCT7345	ED	214	170	0	0	19	151	119	32
PCT7345	TO	1114	329	0	0	29	300	218	82
PCT7346	MV	677	111	0	0	6	105	69	36
PCT7346	ED	212	126	0	0	17	109	87	22
PCT7346	TO	889	237	0	0	23	214	156	58
PCT7347	MV	827	152	0	0	11	141	118	23
PCT7347	ED	176	98	0	0	12	86	71	15
PCT7347	TO	1003	250	0	0	23	227	189	38
PCT7348	MV	644	122	0	0	11	111	76	35
PCT7348	ED	199	100	0	0	12	88	70	18
PCT7348	TO	843	222	0	0	23	199	146	53
PCT7349	MV	709	158	0	0	14	144	97	47
PCT7349	ED	203	104	0	0	13	91	70	21
PCT7349	TO	912	262	0	0	27	235	167	68
PCT7501	MV	455	75	0	0	6	69	38	31
PCT7501	ED	96	90	0	0	17	73	50	23
PCT7501	TO	551	165	0	0	23	142	88	54
PCT7502	MV	668	107	0	0	11	96	40	56
PCT7502	ED	121	99	0	0	13	86	64	22
PCT7502	TO	789	206	0	0	24	182	104	78
PCT7503	MV	610	112	0	0	11	101	70	31
PCT7503	ED	152	100	0	0	15	85	59	26
PCT7503	TO	762	212	0	0	26	186	129	57
PCT7504	MV	404	72	0	0	7	65	36	29
PCT7504	ED	84	52	0	0	7	45	35	10
PCT7504	TO	488	124	0	0	14	110	71	39
PCT7505	MV	729	198	0	0	23	175	125	50
PCT7505	ED	133	96	0	0	7	89	67	22
PCT7505	TO	862	294	0	0	30	264	192	72
PCT7506	MV	837	122	0	0	13	109	66	43
PCT7506	ED	163	111	0	0	12	99	90	9
PCT7506	TO	1000	233	0	0	25	208	156	52
PCT7507	MV	690	120	0	0	8	112	79	33
PCT7507	ED	266	95	0	0	6	89	69	20
PCT7507	TO	956	215	0	0	14	201	148	53
PCT7508	MV	617	164	0	0	18	146	102	44
PCT7508	ED	127	103	0	0	11	92	71	21
PCT7508	TO	744	267	0	0	29	238	173	65
PCT7509	MV	755	180	0	0	18	162	109	53
PCT7509	ED	174	145	0	0	12	133	105	28
PCT7509	TO	929	325	0	0	30	295	214	81
PCT7512	MV	473	102	0	0	11	91	63	28
PCT7512	ED	127	85	0	0	8	77	55	22
PCT7512	TO	600	187	0	0	19	168	118	50
PCT7513	MV	573	100	0	0	13	87	66	21
PCT7513	ED	233	107	0	0	19	88	71	17
PCT7513	TO	806	207	0	0	32	175	137	38
PCT7514	MV	707	110	0	0	15	95	68	27
PCT7514	ED	209	59	0	0	10	49	34	15
PCT7514	TO	916	169	0	0	25	144	102	42
PCT7515	MV	660	83	0	0	2	81	53	28
PCT7515	ED	204	90	0	0	14	76	59	17
PCT7515	TO	864	173	0	0	16	157	112	45
PCT7516	MV	771	175	0	0	17	158	101	57
PCT7516	ED	149	118	0	0	8	110	78	32
PCT7516	TO	920	293	0	0	25	268	179	89
PCT7517	MV	644	128	0	0	10	118	92	26
PCT7517	ED	224	179	0	0	17	162	130	32
PCT7517	TO	868	307	0	0	27	280	222	58
PCT7518	MV	707	105	0	0	11	94	71	23
PCT7518	ED	219	185	0	0	17	168	139	29
PCT7518	TO	926	290	0	0	28	262	210	52
PCT7519	MV	541	66	0	0	7	59	44	15
PCT7519	ED	174	136	0	0	14	122	106	16
PCT7519	TO	715	202	0	0	21	181	150	31
PCT7521	MV	595	100	0	0	8	92	81	11
PCT7521	ED	184	149	0	0	10	139	125	14
PCT7521	TO	779	249	0	0	18	231	206	25
PCT7522	MV	586	88	0	0	9	79	62	17
PCT7522	ED	173	158	0	0	22	136	114	22
PCT7522	TO	759	246	0	0	31	215	176	39
PCT7523	MV	561	79	0	0	11	68	54	14
PCT7523	ED	183	169	0	1	15	153	130	23
PCT7523	TO	744	248	0	1	26	221	184	37
PCT7524	MV	476	75	0	0	10	65	48	17
PCT7524	ED	148	102	0	0	14	88	74	14
PCT7524	TO	624	177	0	0	24	153	122	31
PCT7525	MV	592	74	0	0	6	68	52	16
PCT7525	ED	172	94	0	0	12	82	70	12
PCT7525	TO	764	168	0	0	18	150	122	28
PCT7526	MV	818	134	0	0	16	118	90	28
PCT7526	ED	170	147	0	0	18	129	105	24
PCT7526	TO	988	281	0	0	34	247	195	52
PCT7527	MV	536	93	0	0	8	85	56	29
PCT7527	ED	174	112	0	0	9	103	80	23
PCT7527	TO	710	205	0	0	17	188	136	52
PCT7529	MV	747	103	0	0	7	96	77	19
PCT7529	ED	156	185	0	0	15	170	142	28
PCT7529	TO	903	288	0	0	22	266	219	47
PCT7531	MV	713	80	0	0	7	73	56	17
PCT7531	ED	160	132	0	0	5	127	107	20
PCT7531	TO	873	212	0	0	12	200	163	37
PCT7532	MV	665	100	0	0	5	95	73	22
PCT7532	ED	170	126	0	1	12	113	90	23
PCT7532	TO	835	226	0	1	17	208	163	45
PCT7533	MV	774	117	0	0	11	106	88	18
PCT7533	ED	196	185	0	0	20	165	142	23
PCT7533	TO	970	302	0	0	31	271	230	41
PCT7534	MV	667	104	0	0	8	96	78	18
PCT7534	ED	236	177	0	0	16	161	140	21
PCT7534	TO	903	281	0	0	24	257	218	39
PCT7535	MV	604	91	0	0	14	77	63	14
PCT7535	ED	141	151	0	0	21	130	108	22
PCT7535	TO	745	242	0	0	35	207	171	36
PCT7536	MV	669	91	0	0	4	87	70	17
PCT7536	ED	164	170	0	0	18	152	127	25
PCT7536	TO	833	261	0	0	22	239	197	42
PCT7537	MV	616	78	0	0	10	68	50	18
PCT7537	ED	129	148	0	0	14	134	112	22
PCT7537	TO	745	226	0	0	24	202	162	40
PCT7538	MV	561	100	0	0	12	88	67	21
PCT7538	ED	190	172	0	0	19	153	138	15
PCT7538	TO	751	272	0	0	31	241	205	36
PCT7539	MV	694	92	0	0	6	86	68	18
PCT7539	ED	227	187	0	0	16	171	156	15
PCT7539	TO	921	279	0	0	22	257	224	33
PCT7541	MV	597	82	0	0	10	72	51	21
PCT7541	ED	173	159	0	0	21	138	115	23
PCT7541	TO	770	241	0	0	31	210	166	44
PCT7542	MV	630	86	0	0	6	80	63	17
PCT7542	ED	194	166	0	0	11	155	126	29
PCT7542	TO	824	252	0	0	17	235	189	46
PCT7543	MV	692	108	0	0	8	100	74	26
PCT7543	ED	232	138	0	0	13	125	99	26
PCT7543	TO	924	246	0	0	21	225	173	52
PCT7544	MV	731	128	0	0	14	114	88	26
PCT7544	ED	168	159	0	0	17	142	123	19
PCT7544	TO	899	287	0	0	31	256	211	45
PCT7545	MV	720	134	0	0	14	120	94	26
PCT7545	ED	175	146	0	0	17	129	105	24
PCT7545	TO	895	280	0	0	31	249	199	50
PCT7546	MV	769	105	0	0	12	93	81	12
PCT7546	ED	184	209	0	0	21	188	143	45
PCT7546	TO	953	314	0	0	33	281	224	57
PCT7547	MV	791	131	0	0	10	121	95	26
PCT7547	ED	190	172	0	0	15	157	145	12
PCT7547	TO	981	303	0	0	25	278	240	38
PCT7548	MV	801	150	0	0	7	143	107	36
PCT7548	ED	250	201	0	0	19	182	155	27
PCT7548	TO	1051	351	0	0	26	325	262	63
PCT7549	MV	659	137	0	0	9	128	94	34
PCT7549	ED	147	140	0	0	20	120	101	19
PCT7549	TO	806	277	0	0	29	248	195	53
PCT7551	MV	586	76	0	0	3	73	60	13
PCT7551	ED	137	171	0	0	11	160	130	30
PCT7551	TO	723	247	0	0	14	233	190	43
PCT7552	MV	561	94	0	0	10	84	62	22
PCT7552	ED	124	127	0	0	15	112	91	21
PCT7552	TO	685	221	0	0	25	196	153	43
PCT7553	MV	210	38	0	0	0	38	25	13
PCT7553	ED	-19	0	0	0	0	0	0	0
PCT7553	TO	191	38	0	0	0	38	25	13
PCT7554	MV	653	106	0	0	10	96	65	31
PCT7554	ED	168	177	0	0	21	156	112	44
PCT7554	TO	821	283	0	0	31	252	177	75
PCT7555	MV	662	126	0	0	13	113	79	34
PCT7555	ED	210	210	0	0	27	183	147	36
PCT7555	TO	872	336	0	0	40	296	226	70
PCT7556	MV	813	158	0	0	12	146	103	43
PCT7556	ED	153	165	0	0	16	149	111	38
PCT7556	TO	966	323	0	0	28	295	214	81
PCT7601	MV	484	94	0	0	5	89	62	27
PCT7601	ED	193	89	0	0	12	77	60	17
PCT7601	TO	677	183	0	0	17	166	122	44
PCT7602	MV	653	120	0	0	11	109	76	33
PCT7602	ED	233	103	0	0	11	92	74	18
PCT7602	TO	886	223	0	0	22	201	150	51
PCT7603	MV	610	119	0	0	12	107	81	26
PCT7603	ED	205	167	0	0	15	152	116	36
PCT7603	TO	815	286	0	0	27	259	197	62
PCT7604	MV	684	116	0	0	9	107	80	27
PCT7604	ED	260	133	0	0	18	115	86	29
PCT7604	TO	944	249	0	0	27	222	166	56
PCT7605	MV	466	94	0	0	10	84	61	23
PCT7605	ED	195	62	0	0	6	56	32	24
PCT7605	TO	661	156	0	0	16	140	93	47
PCT7606	MV	671	114	0	0	16	98	73	25
PCT7606	ED	212	79	0	0	3	76	61	15
PCT7606	TO	883	193	0	0	19	174	134	40
PCT7607	MV	707	119	0	0	13	106	78	28
PCT7607	ED	212	100	0	0	5	95	74	21
PCT7607	TO	919	219	0	0	18	201	152	49
PCT7608	MV	279	67	0	0	12	55	27	28
PCT7608	ED	101	19	0	0	0	19	16	3
PCT7608	TO	380	86	0	0	12	74	43	31
PCT7609	MV	698	178	0	0	27	151	105	46
PCT7609	ED	186	49	0	0	6	43	30	13
PCT7609	TO	884	227	0	0	33	194	135	59
PCT7611	MV	586	126	0	0	15	111	82	29
PCT7611	ED	202	43	0	0	3	40	34	6
PCT7611	TO	788	169	0	0	18	151	116	35
PCT7612	MV	452	95	0	0	5	90	59	31
PCT7612	ED	105	29	0	0	1	28	20	8
PCT7612	TO	557	124	0	0	6	118	79	39
PCT7613	MV	629	100	0	0	11	89	63	26
PCT7613	ED	254	86	0	0	6	80	68	12
PCT7613	TO	883	186	0	0	17	169	131	38
PCT7614	MV	708	109	0	0	11	98	72	26
PCT7614	ED	208	78	0	0	7	71	59	12
PCT7614	TO	916	187	0	0	18	169	131	38
PCT7615	MV	510	75	0	0	8	67	47	20
PCT7615	ED	240	58	0	0	4	54	42	12
PCT7615	TO	750	133	0	0	12	121	89	32
PCT7616	MV	750	77	0	0	7	70	52	18
PCT7616	ED	86	86	0	0	11	75	58	17
PCT7616	TO	836	163	0	0	18	145	110	35
PCT7617	MV	583	113	0	0	21	92	62	30
PCT7617	ED	169	42	0	0	11	31	28	3
PCT7617	TO	752	155	0	0	32	123	90	33
PCT7618	MV	762	133	0	0	11	122	82	40
PCT7618	ED	152	84	0	0	13	71	53	18
PCT7618	TO	914	217	0	0	24	193	135	58
PCT7619	MV	932	158	0	0	18	140	84	56
PCT7619	ED	175	117	0	0	12	105	80	25
PCT7619	TO	1107	275	0	0	30	245	164	81
PCT7621	MV	1000	177	0	0	16	161	113	48
PCT7621	ED	155	103	0	0	12	91	73	18
PCT7621	TO	1155	280	0	0	28	252	186	66
PCT7622	MV	695	100	0	0	6	94	78	16
PCT7622	ED	265	73	0	0	9	64	52	12
PCT7622	TO	960	173	0	0	15	158	130	28
PCT7623	MV	762	99	0	1	11	87	58	29
PCT7623	ED	242	98	0	0	9	89	75	14
PCT7623	TO	1004	197	0	1	20	176	133	43
PCT7624	MV	649	118	0	0	7	111	74	37
PCT7624	ED	226	72	0	0	12	60	49	11
PCT7624	TO	875	190	0	0	19	171	123	48
PCT7625	MV	747	265	0	0	49	216	140	76
PCT7625	ED	75	34	0	0	3	31	25	6
PCT7625	TO	822	299	0	0	52	247	165	82
PCT7626	MV	944	158	0	0	20	138	76	62
PCT7626	ED	129	105	0	0	9	96	68	28
PCT7626	TO	1073	263	0	0	29	234	144	90
PCT7627	MV	456	81	0	0	8	73	34	39
PCT7627	ED	68	57	0	0	8	49	33	16
PCT7627	TO	524	138	0	0	16	122	67	55
PCT7628	MV	716	116	0	0	8	108	73	35
PCT7628	ED	222	110	0	0	11	99	81	18
PCT7628	TO	938	226	0	0	19	207	154	53
PCT7629	MV	685	100	0	0	16	84	61	23
PCT7629	ED	168	86	0	0	7	79	67	12
PCT7629	TO	853	186	0	0	23	163	128	35
PCT7631	MV	1007	164	0	0	13	151	101	50
PCT7631	ED	212	110	0	0	11	99	73	26
PCT7631	TO	1219	274	0	0	24	250	174	76
PCT7632	MV	995	154	0	0	8	146	104	42
PCT7632	ED	176	128	0	0	9	119	93	26
PCT7632	TO	1171	282	0	0	17	265	197	68
PCT7633	MV	608	134	0	0	16	118	72	46
PCT7633	ED	127	96	0	0	13	83	60	23
PCT7633	TO	735	230	0	0	29	201	132	69
PCT7634	MV	704	162	0	0	11	151	103	48
PCT7634	ED	186	101	0	0	15	86	58	28
PCT7634	TO	890	263	0	0	26	237	161	76
PCT7635	MV	662	103	0	0	7	96	63	33
PCT7635	ED	191	62	0	0	5	57	41	16
PCT7635	TO	853	165	0	0	12	153	104	49
PCT7636	MV	797	130	0	0	9	121	79	42
PCT7636	ED	162	107	0	0	12	95	70	25
PCT7636	TO	959	237	0	0	21	216	149	67
PCT7637	MV	746	143	0	0	13	130	76	54
PCT7637	ED	122	98	0	0	14	84	58	26
PCT7637	TO	868	241	0	0	27	214	134	80
PCT7638	MV	806	156	0	0	9	147	81	66
PCT7638	ED	83	87	0	0	11	76	39	37
PCT7638	TO	889	243	0	0	20	223	120	103
PCT7639	MV	888	138	0	0	18	120	79	41
PCT7639	ED	134	132	0	0	30	102	67	35
PCT7639	TO	1022	270	0	0	48	222	146	76
PCT7641	MV	817	182	0	0	15	167	85	82
PCT7641	ED	134	92	0	0	9	83	60	23
PCT7641	TO	951	274	0	0	24	250	145	105
PCT7642	MV	646	92	0	0	7	85	57	28
PCT7642	ED	119	79	0	0	19	60	40	20
PCT7642	TO	765	171	0	0	26	145	97	48
PCT7643	MV	808	177	0	0	13	164	105	59
PCT7643	ED	133	105	0	0	16	89	62	27
PCT7643	TO	941	282	0	0	29	253	167	86
PCT7644	MV	1013	141	0	0	11	130	84	46
PCT7644	ED	163	142	0	0	15	127	102	25
PCT7644	TO	1176	283	0	0	26	257	186	71
PCT7645	MV	595	127	0	0	9	118	64	54
PCT7645	ED	61	56	0	0	8	48	36	12
PCT7645	TO	656	183	0	0	17	166	100	66
PCT7646	MV	1029	157	0	0	14	143	80	63
PCT7646	ED	124	133	0	0	17	116	91	25
PCT7646	TO	1153	290	0	0	31	259	171	88
PCT7647	MV	721	85	0	0	2	83	54	29
PCT7647	ED	266	79	0	0	7	72	61	11
PCT7647	TO	987	164	0	0	9	155	115	40
PCT7648	MV	2	0	0	0	0	0	0	0
PCT7648	ED	0	0	0	0	0	0	0	0
PCT7648	TO	2	0	0	0	0	0	0	0
PCT7649	MV	714	127	0	0	6	121	80	41
PCT7649	ED	186	78	0	0	5	73	57	16
PCT7649	TO	900	205	0	0	11	194	137	57
PCT7651	MV	833	124	0	0	9	115	76	39
PCT7651	ED	114	72	0	0	10	62	43	19
PCT7651	TO	947	196	0	0	19	177	119	58
PCT7652	MV	530	77	0	0	4	73	46	27
PCT7652	ED	105	86	0	0	7	79	58	21
PCT7652	TO	635	163	0	0	11	152	104	48
PCT7653	MV	749	107	0	0	20	87	62	25
PCT7653	ED	90	79	0	0	7	72	51	21
PCT7653	TO	839	186	0	0	27	159	113	46
PCT7654	MV	407	66	0	0	7	59	38	21
PCT7654	ED	59	83	0	0	11	72	61	11
PCT7654	TO	466	149	0	0	18	131	99	32
PCT7655	MV	578	92	0	0	5	87	59	28
PCT7655	ED	101	59	0	0	12	47	36	11
PCT7655	TO	679	151	0	0	17	134	95	39
PCT7656	MV	603	130	0	0	15	115	64	51
PCT7656	ED	35	40	0	0	5	35	21	14
PCT7656	TO	638	170	0	0	20	150	85	65
PCT7657	MV	559	75	0	0	8	67	38	29
PCT7657	ED	39	61	0	0	7	54	34	20
PCT7657	TO	598	136	0	0	15	121	72	49
PCT7701	MV	868	190	0	0	22	168	118	50
PCT7701	ED	196	173	0	0	20	153	122	31
PCT7701	TO	1064	363	0	0	42	321	240	81
PCT7702	MV	623	125	0	0	6	119	62	57
PCT7702	ED	133	103	0	0	11	92	64	28
PCT7702	TO	756	228	0	0	17	211	126	85
PCT7703	MV	187	42	0	0	1	41	29	12
PCT7703	ED	-13	0	0	0	0	0	0	0
PCT7703	TO	174	42	0	0	1	41	29	12
PCT7704	MV	798	186	0	0	17	169	88	81
PCT7704	ED	204	173	0	0	13	160	103	57
PCT7704	TO	1002	359	0	0	30	329	191	138
PCT7705	MV	467	119	0	0	7	112	63	49
PCT7705	ED	128	110	0	0	11	99	61	38
PCT7705	TO	595	229	0	0	18	211	124	87
PCT7706	MV	686	177	0	0	13	164	98	66
PCT7706	ED	180	162	0	0	14	148	94	54
PCT7706	TO	866	339	0	0	27	312	192	120
PCT7707	MV	683	148	0	0	10	138	74	64
PCT7707	ED	189	179	0	0	10	169	114	55
PCT7707	TO	872	327	0	0	20	307	188	119
PCT7708	MV	710	182	0	0	17	165	91	74
PCT7708	ED	165	152	0	0	15	137	95	42
PCT7708	TO	875	334	0	0	32	302	186	116
PCT7709	MV	322	67	0	0	2	65	38	27
PCT7709	ED	84	90	0	0	6	84	60	24
PCT7709	TO	406	157	0	0	8	149	98	51
PCT7711	MV	657	127	0	0	12	115	61	54
PCT7711	ED	154	125	0	0	9	116	83	33
PCT7711	TO	811	252	0	0	21	231	144	87
PCT7712	MV	423	81	0	0	4	77	53	24
PCT7712	ED	109	106	0	0	9	97	75	22
PCT7712	TO	532	187	0	0	13	174	128	46
PCT7801	MV	821	162	0	0	12	150	86	64
PCT7801	ED	153	190	0	0	15	175	132	43
PCT7801	TO	974	352	0	0	27	325	218	107
PCT7802	MV	646	154	0	0	13	141	92	49
PCT7802	ED	152	157	0	0	13	144	121	23
PCT7802	TO	798	311	0	0	26	285	213	72
PCT7803	MV	717	166	0	0	10	156	103	53
PCT7803	ED	114	128	0	0	15	113	80	33
PCT7803	TO	831	294	0	0	25	269	183	86
PCT7804	MV	729	148	0	0	10	138	97	41
PCT7804	ED	156	180	0	0	23	157	121	36
PCT7804	TO	885	328	0	0	33	295	218	77
PCT7805	MV	641	142	0	1	18	123	82	41
PCT7805	ED	159	155	0	0	15	140	114	26
PCT7805	TO	800	297	0	1	33	263	196	67
PCT7806	MV	601	99	0	0	7	92	67	25
PCT7806	ED	154	152	0	0	13	139	117	22
PCT7806	TO	755	251	0	0	20	231	184	47
PCT7807	MV	642	137	0	0	6	131	103	28
PCT7807	ED	185	174	0	0	19	155	131	24
PCT7807	TO	827	311	0	0	25	286	234	52
PCT7808	MV	525	91	0	0	5	86	61	25
PCT7808	ED	129	129	0	0	17	112	91	21
PCT7808	TO	654	220	0	0	22	198	152	46
PCT7809	MV	624	132	0	0	12	120	94	26
PCT7809	ED	140	135	0	0	15	120	103	17
PCT7809	TO	764	267	0	0	27	240	197	43
PCT7811	MV	575	94	0	0	11	83	63	20
PCT7811	ED	183	155	0	0	13	142	120	22
PCT7811	TO	758	249	0	0	24	225	183	42
PCT7812	MV	680	146	0	0	15	131	98	33
PCT7812	ED	217	163	0	1	16	146	121	25
PCT7812	TO	897	309	0	1	31	277	219	58
PCT7813	MV	836	171	0	0	14	157	111	46
PCT7813	ED	232	214	0	0	23	191	160	31
PCT7813	TO	1068	385	0	0	37	348	271	77
PCT7814	MV	660	99	0	0	7	92	70	22
PCT7814	ED	241	118	0	0	12	106	84	22
PCT7814	TO	901	217	0	0	19	198	154	44
PCT7815	MV	749	167	0	0	17	150	101	49
PCT7815	ED	168	176	0	0	16	160	129	31
PCT7815	TO	917	343	0	0	33	310	230	80
PCT7816	MV	721	164	0	0	21	143	104	39
PCT7816	ED	151	149	0	0	12	137	99	38
PCT7816	TO	872	313	0	0	33	280	203	77
PCT7817	MV	648	149	0	0	10	139	107	32
PCT7817	ED	190	182	0	0	16	166	139	27
PCT7817	TO	838	331	0	0	26	305	246	59
PCT7818	MV	667	126	0	0	12	114	90	24
PCT7818	ED	172	149	0	0	12	137	114	23
PCT7818	TO	839	275	0	0	24	251	204	47
PCT7819	MV	632	120	0	0	7	113	88	25
PCT7819	ED	142	89	0	0	9	80	65	15
PCT7819	TO	774	209	0	0	16	193	153	40
PCT7821	MV	806	155	0	0	13	142	102	40
PCT7821	ED	170	189	0	0	16	173	129	44
PCT7821	TO	976	344	0	0	29	315	231	84
PCT7822	MV	673	140	0	0	14	126	105	21
PCT7822	ED	219	222	0	0	24	198	149	49
PCT7822	TO	892	362	0	0	38	324	254	70
PCT7823	MV	703	159	0	0	11	148	97	51
PCT7823	ED	180	188	0	0	10	178	146	32
PCT7823	TO	883	347	0	0	21	326	243	83
PCT7824	MV	613	104	0	0	7	97	68	29
PCT7824	ED	155	158	0	0	19	139	111	28
PCT7824	TO	768	262	0	0	26	236	179	57
PCT7825	MV	457	82	0	0	6	76	63	13
PCT7825	ED	151	130	0	0	9	121	98	23
PCT7825	TO	608	212	0	0	15	197	161	36
PCT7826	MV	485	82	0	0	9	73	59	14
PCT7826	ED	205	162	0	0	14	148	125	23
PCT7826	TO	690	244	0	0	23	221	184	37
PCT7827	MV	601	80	0	0	7	73	58	15
PCT7827	ED	225	145	0	0	17	128	108	20
PCT7827	TO	826	225	0	0	24	201	166	35
PCT7828	MV	855	178	0	0	16	162	104	58
PCT7828	ED	173	177	0	0	19	158	117	41
PCT7828	TO	1028	355	0	0	35	320	221	99
PCT7829	MV	740	151	0	0	12	139	98	41
PCT7829	ED	151	151	0	0	5	146	118	28
PCT7829	TO	891	302	0	0	17	285	216	69
PCT7831	MV	762	174	0	0	17	157	114	43
PCT7831	ED	140	137	0	0	10	127	97	30
PCT7831	TO	902	311	0	0	27	284	211	73
PCT7832	MV	662	154	0	0	11	143	110	33
PCT7832	ED	119	127	0	0	11	116	92	24
PCT7832	TO	781	281	0	0	22	259	202	57
PCT7833	MV	585	102	0	0	8	94	69	25
PCT7833	ED	148	145	0	0	15	130	108	22
PCT7833	TO	733	247	0	0	23	224	177	47
PCT7834	MV	696	109	0	0	9	100	73	27
PCT7834	ED	198	175	0	0	19	156	128	28
PCT7834	TO	894	284	0	0	28	256	201	55
PCT7835	MV	720	158	0	0	9	149	94	55
PCT7835	ED	143	147	0	0	15	132	97	35
PCT7835	TO	863	305	0	0	24	281	191	90
PCT7836	MV	849	209	0	0	19	190	123	67
PCT7836	ED	194	169	0	0	10	159	121	38
PCT7836	TO	1043	378	0	0	29	349	244	105
PCT7837	MV	717	140	0	0	16	124	90	34
PCT7837	ED	206	198	0	0	14	184	142	42
PCT7837	TO	923	338	0	0	30	308	232	76
PCT7838	MV	752	174	0	0	14	160	90	70
PCT7838	ED	143	155	0	0	16	139	107	32
PCT7838	TO	895	329	0	0	30	299	197	102
PCT7839	MV	731	156	0	0	12	144	95	49
PCT7839	ED	130	136	0	0	13	123	91	32
PCT7839	TO	861	292	0	0	25	267	186	81
PCT7841	MV	752	138	0	0	9	129	93	36
PCT7841	ED	198	207	0	0	18	189	152	37
PCT7841	TO	950	345	0	0	27	318	245	73
PCT7842	MV	701	114	0	1	5	108	86	22
PCT7842	ED	178	154	0	0	10	144	115	29
PCT7842	TO	879	268	0	1	15	252	201	51
PCT7843	MV	545	88	0	0	7	81	59	22
PCT7843	ED	184	163	0	0	16	147	125	22
PCT7843	TO	729	251	0	0	23	228	184	44
PCT7844	MV	499	84	0	0	7	77	62	15
PCT7844	ED	152	136	0	0	16	120	100	20
PCT7844	TO	651	220	0	0	23	197	162	35
PCT7845	MV	675	129	0	0	7	122	79	43
PCT7845	ED	205	177	0	0	17	160	117	43
PCT7845	TO	880	306	0	0	24	282	196	86
PCT7846	MV	735	147	0	0	10	137	81	56
PCT7846	ED	173	166	0	0	14	152	115	37
PCT7846	TO	908	313	0	0	24	289	196	93
PCT7847	MV	698	142	0	0	12	130	84	46
PCT7847	ED	193	181	0	1	12	168	123	45
PCT7847	TO	891	323	0	1	24	298	207	91
PCT7848	MV	663	131	0	0	8	123	93	30
PCT7848	ED	184	168	0	0	22	146	117	29
PCT7848	TO	847	299	0	0	30	269	210	59
PCT7849	MV	729	141	0	0	13	128	101	27
PCT7849	ED	172	186	0	0	22	164	143	21
PCT7849	TO	901	327	0	0	35	292	244	48
PCT7851	MV	413	113	0	0	10	103	56	47
PCT7851	ED	113	84	0	1	10	73	42	31
PCT7851	TO	526	197	0	1	20	176	98	78
PCT7852	MV	532	139	0	0	11	128	78	50
PCT7852	ED	112	103	0	0	10	93	62	31
PCT7852	TO	644	242	0	0	21	221	140	81
PCT7853	MV	694	136	0	0	14	122	78	44
PCT7853	ED	161	137	0	0	10	127	87	40
PCT7853	TO	855	273	0	0	24	249	165	84
PCT7854	MV	703	138	0	0	20	118	88	30
PCT7854	ED	175	172	0	0	17	155	125	30
PCT7854	TO	878	310	0	0	37	273	213	60
PCT7855	MV	760	150	0	1	18	131	92	39
PCT7855	ED	214	202	0	1	27	174	133	41
PCT7855	TO	974	352	0	2	45	305	225	80
PCT7856	MV	643	106	0	0	9	97	65	32
PCT7856	ED	204	193	0	0	12	181	137	44
PCT7856	TO	847	299	0	0	21	278	202	76
PCT7857	MV	745	144	0	0	14	130	88	42
PCT7857	ED	161	153	0	0	9	144	119	25
PCT7857	TO	906	297	0	0	23	274	207	67
PCT7858	MV	618	120	0	0	14	106	87	19
PCT7858	ED	161	147	0	0	13	134	110	24
PCT7858	TO	779	267	0	0	27	240	197	43
PCT7859	MV	747	152	0	0	12	140	100	40
PCT7859	ED	152	165	0	0	23	142	104	38
PCT7859	TO	899	317	0	0	35	282	204	78
PCT7861	MV	699	144	0	0	13	131	87	44
PCT7861	ED	164	171	0	0	9	162	136	26
PCT7861	TO	863	315	0	0	22	293	223	70
PCT7862	MV	669	143	0	0	14	129	81	48
PCT7862	ED	195	197	0	0	21	176	133	43
PCT7862	TO	864	340	0	0	35	305	214	91
PCT7863	MV	690	102	0	0	6	96	75	21
PCT7863	ED	211	205	0	0	17	188	145	43
PCT7863	TO	901	307	0	0	23	284	220	64
PCT7864	MV	660	115	0	0	9	106	75	31
PCT7864	ED	154	157	0	0	18	139	103	36
PCT7864	TO	814	272	0	0	27	245	178	67
PCT7865	MV	677	132	0	0	10	122	77	45
PCT7865	ED	163	157	0	0	13	144	109	35
PCT7865	TO	840	289	0	0	23	266	186	80
PCT7866	MV	689	173	0	0	16	157	91	66
PCT7866	ED	159	141	0	0	11	130	88	42
PCT7866	TO	848	314	0	0	27	287	179	108
PCT7867	MV	763	179	0	0	20	159	105	54
PCT7867	ED	215	182	0	0	23	159	119	40
PCT7867	TO	978	361	0	0	43	318	224	94
PCT7868	MV	657	157	0	0	12	145	100	45
PCT7868	ED	219	161	0	0	15	146	109	37
PCT7868	TO	876	318	0	0	27	291	209	82
PCT7869	MV	682	157	0	0	14	143	102	41
PCT7869	ED	179	189	0	0	20	169	125	44
PCT7869	TO	861	346	0	0	34	312	227	85
PCT7871	MV	701	153	0	0	11	142	95	47
PCT7871	ED	201	157	0	0	18	139	98	41
PCT7871	TO	902	310	0	0	29	281	193	88
PCT7872	MV	675	149	0	0	7	142	92	50
PCT7872	ED	199	185	0	0	14	171	123	48
PCT7872	TO	874	334	0	0	21	313	215	98
PCT7873	MV	687	135	0	0	11	124	92	32
PCT7873	ED	204	212	0	0	19	193	147	46
PCT7873	TO	891	347	0	0	30	317	239	78
PCT7874	MV	370	58	0	0	4	54	39	15
PCT7874	ED	119	107	0	1	9	97	73	24
PCT7874	TO	489	165	0	1	13	151	112	39
PCT7875	MV	500	83	0	0	5	78	55	23
PCT7875	ED	147	114	0	0	10	104	78	26
PCT7875	TO	647	197	0	0	15	182	133	49
PCT7876	MV	462	93	0	0	12	81	59	22
PCT7876	ED	106	91	0	0	16	75	64	11
PCT7876	TO	568	184	0	0	28	156	123	33
PCT7901	MV	399	81	0	0	7	74	53	21
PCT7901	ED	150	65	0	0	5	60	52	8
PCT7901	TO	549	146	0	0	12	134	105	29
PCT7902	MV	678	102	0	0	11	91	64	27
PCT7902	ED	234	139	0	0	9	130	107	23
PCT7902	TO	912	241	0	0	20	221	171	50
PCT7903	MV	620	107	0	0	13	94	70	24
PCT7903	ED	232	123	0	0	14	109	94	15
PCT7903	TO	852	230	0	0	27	203	164	39
PCT7904	MV	675	104	0	0	9	95	70	25
PCT7904	ED	162	115	0	1	11	103	90	13
PCT7904	TO	837	219	0	1	20	198	160	38
PCT7905	MV	683	145	0	0	14	131	93	38
PCT7905	ED	192	183	0	0	12	171	137	34
PCT7905	TO	875	328	0	0	26	302	230	72
PCT7906	MV	596	79	0	0	2	77	56	21
PCT7906	ED	190	115	0	0	15	100	89	11
PCT7906	TO	786	194	0	0	17	177	145	32
PCT7907	MV	702	112	0	0	8	104	84	20
PCT7907	ED	240	163	0	0	19	144	116	28
PCT7907	TO	942	275	0	0	27	248	200	48
PCT7908	MV	748	142	0	0	24	118	90	28
PCT7908	ED	244	169	0	0	18	151	127	24
PCT7908	TO	992	311	0	0	42	269	217	52
PCT7909	MV	558	89	0	0	7	82	62	20
PCT7909	ED	185	140	0	0	11	129	109	20
PCT7909	TO	743	229	0	0	18	211	171	40
PCT7911	MV	666	107	0	0	8	99	68	31
PCT7911	ED	205	129	0	0	8	121	101	20
PCT7911	TO	871	236	0	0	16	220	169	51
PCT7912	MV	799	118	0	0	9	109	85	24
PCT7912	ED	260	176	0	0	20	156	135	21
PCT7912	TO	1059	294	0	0	29	265	220	45
PCT7913	MV	658	123	0	0	7	116	88	28
PCT7913	ED	265	212	0	0	13	199	159	40
PCT7913	TO	923	335	0	0	20	315	247	68
PCT7914	MV	715	106	0	0	6	100	74	26
PCT7914	ED	187	140	0	0	14	126	101	25
PCT7914	TO	902	246	0	0	20	226	175	51
PCT7915	MV	604	87	0	0	6	81	59	22
PCT7915	ED	239	181	0	0	10	171	143	28
PCT7915	TO	843	268	0	0	16	252	202	50
PCT7916	MV	637	100	0	0	3	97	70	27
PCT7916	ED	221	160	0	0	14	146	129	17
PCT7916	TO	858	260	0	0	17	243	199	44
PCT7917	MV	714	112	0	0	6	106	79	27
PCT7917	ED	273	187	0	0	12	175	154	21
PCT7917	TO	987	299	0	0	18	281	233	48
PCT7918	MV	594	79	0	0	2	77	61	16
PCT7918	ED	230	143	0	0	10	133	111	22
PCT7918	TO	824	222	0	0	12	210	172	38
PCT7919	MV	608	102	0	0	6	96	75	21
PCT7919	ED	258	175	0	0	9	166	145	21
PCT7919	TO	866	277	0	0	15	262	220	42
PCT7921	MV	679	113	0	0	8	105	75	30
PCT7921	ED	232	101	0	0	5	96	79	17
PCT7921	TO	911	214	0	0	13	201	154	47
PCT7922	MV	644	114	0	0	4	110	90	20
PCT7922	ED	214	155	0	0	16	139	115	24
PCT7922	TO	858	269	0	0	20	249	205	44
PCT7923	MV	665	108	0	0	7	101	68	33
PCT7923	ED	215	170	0	0	14	156	125	31
PCT7923	TO	880	278	0	0	21	257	193	64
PCT7924	MV	648	93	0	0	3	90	64	26
PCT7924	ED	203	124	0	0	13	111	90	21
PCT7924	TO	851	217	0	0	16	201	154	47
PCT7925	MV	434	81	0	0	6	75	52	23
PCT7925	ED	110	89	0	0	7	82	68	14
PCT7925	TO	544	170	0	0	13	157	120	37
PCT7926	MV	610	97	0	0	10	87	65	22
PCT7926	ED	178	150	0	0	10	140	113	27
PCT7926	TO	788	247	0	0	20	227	178	49
PCT7927	MV	579	106	0	0	9	97	72	25
PCT7927	ED	163	152	0	0	9	143	110	33
PCT7927	TO	742	258	0	0	18	240	182	58
PCT7928	MV	700	130	0	0	11	119	87	32
PCT7928	ED	217	208	0	0	9	199	165	34
PCT7928	TO	917	338	0	0	20	318	252	66
PCT7929	MV	678	128	0	0	10	118	83	35
PCT7929	ED	169	170	0	0	16	154	124	30
PCT7929	TO	847	298	0	0	26	272	207	65
PCT7931	MV	609	114	0	0	7	107	73	34
PCT7931	ED	142	149	0	0	15	134	112	22
PCT7931	TO	751	263	0	0	22	241	185	56
PCT7932	MV	442	98	0	0	5	93	57	36
PCT7932	ED	119	95	0	0	13	82	61	21
PCT7932	TO	561	193	0	0	18	175	118	57
PCT7933	MV	9	2	0	0	0	2	2	0
PCT7933	ED	-1	0	0	0	0	0	0	0
PCT7933	TO	8	2	0	0	0	2	2	0
PCT7934	MV	701	140	0	0	15	125	91	34
PCT7934	ED	183	154	0	1	19	134	113	21
PCT7934	TO	884	294	0	1	34	259	204	55
PCT7935	MV	715	138	0	0	9	129	90	39
PCT7935	ED	228	225	0	0	22	203	170	33
PCT7935	TO	943	363	0	0	31	332	260	72
PCT7936	MV	619	119	0	0	8	111	87	24
PCT7936	ED	237	220	0	1	14	205	169	36
PCT7936	TO	856	339	0	1	22	316	256	60
PCT7937	MV	697	143	0	0	12	131	100	31
PCT7937	ED	203	171	0	0	14	157	131	26
PCT7937	TO	900	314	0	0	26	288	231	57
PCT7938	MV	536	105	0	0	8	97	68	29
PCT7938	ED	215	120	0	0	11	109	88	21
PCT7938	TO	751	225	0	0	19	206	156	50
PCT7939	MV	480	76	0	0	9	67	50	17
PCT7939	ED	206	191	0	0	15	176	149	27
PCT7939	TO	686	267	0	0	24	243	199	44
PCT7941	MV	574	92	0	0	14	78	66	12
PCT7941	ED	198	170	0	0	14	156	128	28
PCT7941	TO	772	262	0	0	28	234	194	40
PCT7942	MV	658	134	0	0	4	130	102	28
PCT7942	ED	274	141	0	0	10	131	105	26
PCT7942	TO	932	275	0	0	14	261	207	54
PCT7943	MV	686	128	0	0	9	119	79	40
PCT7943	ED	214	156	0	0	11	145	102	43
PCT7943	TO	900	284	0	0	20	264	181	83
PCT7944	MV	583	104	0	0	11	93	70	23
PCT7944	ED	231	196	0	0	14	182	143	39
PCT7944	TO	814	300	0	0	25	275	213	62
PCT7945	MV	725	116	0	0	10	106	80	26
PCT7945	ED	229	82	0	0	7	75	68	7
PCT7945	TO	954	198	0	0	17	181	148	33
PCT7946	MV	779	161	0	0	12	149	90	59
PCT7946	ED	206	114	0	0	10	104	77	27
PCT7946	TO	985	275	0	0	22	253	167	86
PCT7947	MV	791	160	0	0	17	143	73	70
PCT7947	ED	195	93	0	0	5	88	55	33
PCT7947	TO	986	253	0	0	22	231	128	103
PCT7948	MV	730	151	0	0	13	138	77	61
PCT7948	ED	200	119	0	0	8	111	76	35
PCT7948	TO	930	270	0	0	21	249	153	96
PCT7949	MV	483	107	0	0	9	98	46	52
PCT7949	ED	107	56	0	0	10	46	30	16
PCT7949	TO	590	163	0	0	19	144	76	68
PCT7951	MV	729	149	0	0	11	138	61	77
PCT7951	ED	158	90	0	0	9	81	46	35
PCT7951	TO	887	239	0	0	20	219	107	112
PCT7952	MV	730	105	0	0	5	100	45	55
PCT7952	ED	182	86	0	0	9	77	53	24
PCT7952	TO	912	191	0	0	14	177	98	79
PCT7953	MV	668	136	0	0	4	132	69	63
PCT7953	ED	162	106	0	0	8	98	58	40
PCT7953	TO	830	242	0	0	12	230	127	103
PCT7954	MV	0	0	0	0	0	0	0	0
PCT7954	ED	0	0	0	0	0	0	0	0
PCT7954	TO	0	0	0	0	0	0	0	0
PCT7955	MV	774	120	0	0	7	113	65	48
PCT7955	ED	173	97	0	0	12	85	61	24
PCT7955	TO	947	217	0	0	19	198	126	72
PCT7956	MV	699	102	0	0	2	100	50	50
PCT7956	ED	170	39	0	1	2	36	26	10
PCT7956	TO	869	141	0	1	4	136	76	60
PCT7957	MV	537	101	0	0	11	90	56	34
PCT7957	ED	136	83	0	0	8	75	59	16
PCT7957	TO	673	184	0	0	19	165	115	50
PCT7958	MV	320	36	0	0	3	33	25	8
PCT7958	ED	-23	0	0	0	0	0	0	0
PCT7958	TO	297	36	0	0	3	33	25	8
PCT7959	MV	537	86	0	0	8	78	55	23
PCT7959	ED	149	65	0	0	9	56	52	4
PCT7959	TO	686	151	0	0	17	134	107	27
PCT9001	MV	313	39	0	0	1	38	30	8
PCT9001	ED	-29	0	0	0	0	0	0	0
PCT9001	TO	284	39	0	0	1	38	30	8
PCT9101	MV	711	162	0	0	10	152	78	74
PCT9101	ED	202	150	0	0	10	140	95	45
PCT9101	TO	913	312	0	0	20	292	173	119
PCT9102	MV	785	134	0	0	7	127	78	49
PCT9102	ED	207	126	0	0	12	114	81	33
PCT9102	TO	992	260	0	0	19	241	159	82
PCT9103	MV	717	147	0	0	12	135	80	55
PCT9103	ED	240	153	0	0	17	136	84	52
PCT9103	TO	957	300	0	0	29	271	164	107
PCT9104	MV	808	143	0	0	11	132	79	53
PCT9104	ED	222	152	0	0	10	142	107	35
PCT9104	TO	1030	295	0	0	21	274	186	88
PCT9105	MV	719	152	0	0	13	139	77	62
PCT9105	ED	199	173	0	0	23	150	99	51
PCT9105	TO	918	325	0	0	36	289	176	113
PCT9106	MV	745	149	0	0	15	134	89	45
PCT9106	ED	201	178	0	0	15	163	120	43
PCT9106	TO	946	327	0	0	30	297	209	88
PCT9107	MV	635	124	0	0	11	113	80	33
PCT9107	ED	209	118	0	1	16	101	81	20
PCT9107	TO	844	242	0	1	27	214	161	53
PCT9108	MV	610	104	0	0	11	93	65	28
PCT9108	ED	200	136	0	0	9	127	98	29
PCT9108	TO	810	240	0	0	20	220	163	57
PCT9109	MV	672	103	0	0	6	97	66	31
PCT9109	ED	211	162	0	0	11	151	115	36
PCT9109	TO	883	265	0	0	17	248	181	67
PCT9111	MV	638	123	0	0	18	105	64	41
PCT9111	ED	196	134	0	0	19	115	87	28
PCT9111	TO	834	257	0	0	37	220	151	69
PCT9112	MV	742	129	0	0	10	119	82	37
PCT9112	ED	219	160	0	0	13	147	112	35
PCT9112	TO	961	289	0	0	23	266	194	72
PCT9113	MV	795	126	0	0	11	115	83	32
PCT9113	ED	209	180	0	0	23	157	102	55
PCT9113	TO	1004	306	0	0	34	272	185	87
PCT9114	MV	657	107	0	0	7	100	65	35
PCT9114	ED	233	147	0	0	16	131	105	26
PCT9114	TO	890	254	0	0	23	231	170	61
PCT9115	MV	697	122	0	0	12	110	74	36
PCT9115	ED	184	155	0	0	19	136	108	28
PCT9115	TO	881	277	0	0	31	246	182	64
PCT9116	MV	781	129	0	0	10	119	80	39
PCT9116	ED	180	148	0	0	16	132	97	35
PCT9116	TO	961	277	0	0	26	251	177	74
PCT9117	MV	628	139	0	0	14	125	73	52
PCT9117	ED	172	158	0	0	11	147	99	48
PCT9117	TO	800	297	0	0	25	272	172	100
PCT9118	MV	738	105	0	0	6	99	49	50
PCT9118	ED	246	165	0	0	18	147	110	37
PCT9118	TO	984	270	0	0	24	246	159	87
PCT9119	MV	703	152	0	0	10	142	61	81
PCT9119	ED	197	120	0	0	15	105	81	24
PCT9119	TO	900	272	0	0	25	247	142	105
PCT9121	MV	733	114	0	0	4	110	49	61
PCT9121	ED	220	141	0	0	11	130	83	47
PCT9121	TO	953	255	0	0	15	240	132	108
PCT9122	MV	773	143	0	0	14	129	79	50
PCT9122	ED	194	122	0	0	17	105	79	26
PCT9122	TO	967	265	0	0	31	234	158	76
PCT9123	MV	661	121	0	0	12	109	59	50
PCT9123	ED	191	139	0	0	13	126	94	32
PCT9123	TO	852	260	0	0	25	235	153	82
PCT9124	MV	734	131	0	0	9	122	64	58
PCT9124	ED	169	118	0	0	12	106	78	28
PCT9124	TO	903	249	0	0	21	228	142	86
PCT9125	MV	680	132	0	0	6	126	80	46
PCT9125	ED	189	124	0	0	12	112	77	35
PCT9125	TO	869	256	0	0	18	238	157	81
PCT9126	MV	817	172	0	0	15	157	84	73
PCT9126	ED	196	152	0	0	14	138	103	35
PCT9126	TO	1013	324	0	0	29	295	187	108
PCT9127	MV	748	141	0	0	10	131	75	56
PCT9127	ED	223	184	0	0	16	168	123	45
PCT9127	TO	971	325	0	0	26	299	198	101
PCT9128	MV	626	93	0	0	9	84	56	28
PCT9128	ED	192	166	0	0	23	143	105	38
PCT9128	TO	818	259	0	0	32	227	161	66
PCT9129	MV	586	107	0	0	10	97	49	48
PCT9129	ED	152	129	0	0	7	122	95	27
PCT9129	TO	738	236	0	0	17	219	144	75
PCT9131	MV	596	119	0	0	6	113	68	45
PCT9131	ED	138	111	0	0	15	96	68	28
PCT9131	TO	734	230	0	0	21	209	136	73
PCT9132	MV	628	85	0	0	9	76	58	18
PCT9132	ED	193	130	0	0	13	117	89	28
PCT9132	TO	821	215	0	0	22	193	147	46
PCT9133	MV	806	172	0	0	18	154	89	65
PCT9133	ED	211	157	0	0	11	146	115	31
PCT9133	TO	1017	329	0	0	29	300	204	96
PCT9134	MV	734	121	0	0	7	114	63	51
PCT9134	ED	157	102	0	0	14	88	60	28
PCT9134	TO	891	223	0	0	21	202	123	79
PCT9135	MV	639	134	0	0	12	122	62	60
PCT9135	ED	183	125	0	0	5	120	70	50
PCT9135	TO	822	259	0	0	17	242	132	110
PCT9136	MV	706	124	0	0	8	116	60	56
PCT9136	ED	212	139	0	0	19	120	93	27
PCT9136	TO	918	263	0	0	27	236	153	83
PCT9137	MV	804	153	0	0	16	137	83	54
PCT9137	ED	211	133	0	0	8	125	85	40
PCT9137	TO	1015	286	0	0	24	262	168	94
PCT9138	MV	769	157	0	0	10	147	76	71
PCT9138	ED	176	119	0	0	12	107	77	30
PCT9138	TO	945	276	0	0	22	254	153	101
PCT9139	MV	826	158	0	0	6	152	88	64
PCT9139	ED	192	141	0	0	12	129	88	41
PCT9139	TO	1018	299	0	0	18	281	176	105
PCT9141	MV	788	160	0	0	15	145	90	55
PCT9141	ED	185	144	0	0	15	129	92	37
PCT9141	TO	973	304	0	0	30	274	182	92
PCT9142	MV	747	146	0	0	8	138	89	49
PCT9142	ED	239	162	0	0	17	145	105	40
PCT9142	TO	986	308	0	0	25	283	194	89
PCT9143	MV	703	149	0	0	12	137	77	60
PCT9143	ED	211	150	0	0	13	137	99	38
PCT9143	TO	914	299	0	0	25	274	176	98
PCT9144	MV	765	152	0	0	11	141	77	64
PCT9144	ED	205	177	0	0	13	164	126	38
PCT9144	TO	970	329	0	0	24	305	203	102
PCT9145	MV	680	117	0	0	13	104	70	34
PCT9145	ED	195	157	0	0	10	147	99	48
PCT9145	TO	875	274	0	0	23	251	169	82
PCT9146	MV	725	120	0	0	15	105	66	39
PCT9146	ED	160	143	0	0	13	130	98	32
PCT9146	TO	885	263	0	0	28	235	164	71
PCT9147	MV	763	111	0	0	10	101	64	37
PCT9147	ED	227	161	0	0	14	147	111	36
PCT9147	TO	990	272	0	0	24	248	175	73
PCT9148	MV	778	135	0	0	12	123	82	41
PCT9148	ED	236	177	0	0	20	157	120	37
PCT9148	TO	1014	312	0	0	32	280	202	78
PCT9149	MV	808	124	0	0	10	114	69	45
PCT9149	ED	183	240	0	1	23	216	173	43
PCT9149	TO	991	364	0	1	33	330	242	88
PCT9151	MV	691	133	0	0	9	124	86	38
PCT9151	ED	170	111	0	0	6	105	69	36
PCT9151	TO	861	244	0	0	15	229	155	74
PCT9152	MV	544	63	0	0	4	59	47	12
PCT9152	ED	193	124	0	0	12	112	95	17
PCT9152	TO	737	187	0	0	16	171	142	29
PCT9201	MV	784	110	0	0	7	103	84	19
PCT9201	ED	187	166	0	0	17	149	123	26
PCT9201	TO	971	276	0	0	24	252	207	45
PCT9202	MV	819	126	0	0	15	111	79	32
PCT9202	ED	177	164	0	0	19	145	110	35
PCT9202	TO	996	290	0	0	34	256	189	67
PCT9203	MV	847	142	0	0	20	122	58	64
PCT9203	ED	155	120	0	0	14	106	54	52
PCT9203	TO	1002	262	0	0	34	228	112	116
PCT9204	MV	686	115	0	0	11	104	52	52
PCT9204	ED	176	138	0	0	14	124	80	44
PCT9204	TO	862	253	0	0	25	228	132	96
PCT9205	MV	620	119	0	0	19	100	71	29
PCT9205	ED	116	92	0	0	17	75	44	31
PCT9205	TO	736	211	0	0	36	175	115	60
PCT9206	MV	741	141	0	0	16	125	53	72
PCT9206	ED	188	149	0	0	30	119	68	51
PCT9206	TO	929	290	0	0	46	244	121	123
PCT9207	MV	824	129	0	0	14	115	52	63
PCT9207	ED	165	130	0	0	16	114	64	50
PCT9207	TO	989	259	0	0	30	229	116	113
PCT9208	MV	806	127	0	0	12	115	66	49
PCT9208	ED	181	127	0	0	14	113	71	42
PCT9208	TO	987	254	0	0	26	228	137	91
PCT9209	MV	615	100	0	0	8	92	47	45
PCT9209	ED	156	119	0	0	18	101	64	37
PCT9209	TO	771	219	0	0	26	193	111	82
PCT9211	MV	730	114	0	0	15	99	49	50
PCT9211	ED	161	132	0	0	19	113	68	45
PCT9211	TO	891	246	0	0	34	212	117	95
PCT9212	MV	670	100	0	0	5	95	51	44
PCT9212	ED	138	114	0	0	18	96	59	37
PCT9212	TO	808	214	0	0	23	191	110	81
PCT9213	MV	774	138	0	0	10	128	77	51
PCT9213	ED	163	130	0	0	14	116	78	38
PCT9213	TO	937	268	0	0	24	244	155	89
PCT9214	MV	514	95	0	0	6	89	40	49
PCT9214	ED	113	103	0	0	18	85	54	31
PCT9214	TO	627	198	0	0	24	174	94	80
PCT9215	MV	523	97	0	0	5	92	37	55
PCT9215	ED	121	100	0	0	14	86	54	32
PCT9215	TO	644	197	0	0	19	178	91	87
PCT9216	MV	668	95	0	0	11	84	51	33
PCT9216	ED	156	125	0	0	14	111	69	42
PCT9216	TO	824	220	0	0	25	195	120	75
PCT9217	MV	587	89	0	0	8	81	55	26
PCT9217	ED	118	87	0	0	7	80	50	30
PCT9217	TO	705	176	0	0	15	161	105	56
PCT9218	MV	649	97	0	0	11	86	37	49
PCT9218	ED	167	112	0	0	9	103	61	42
PCT9218	TO	816	209	0	0	20	189	98	91
PCT9219	MV	643	95	0	0	9	86	54	32
PCT9219	ED	147	116	0	0	11	105	80	25
PCT9219	TO	790	211	0	0	20	191	134	57
PCT9221	MV	561	144	0	0	7	137	52	85
PCT9221	ED	90	99	0	0	12	87	50	37
PCT9221	TO	651	243	0	0	19	224	102	122
PCT9222	MV	773	145	0	0	17	128	58	70
PCT9222	ED	137	116	0	0	15	101	67	34
PCT9222	TO	910	261	0	0	32	229	125	104
PCT9223	MV	557	124	0	0	8	116	49	67
PCT9223	ED	110	59	0	0	8	51	30	21
PCT9223	TO	667	183	0	0	16	167	79	88
PCT9224	MV	767	173	0	0	11	162	94	68
PCT9224	ED	182	151	0	0	22	129	79	50
PCT9224	TO	949	324	0	0	33	291	173	118
PCT9225	MV	757	109	0	0	15	94	62	32
PCT9225	ED	169	156	0	0	29	127	88	39
PCT9225	TO	926	265	0	0	44	221	150	71
PCT9226	MV	739	140	0	0	17	123	71	52
PCT9226	ED	157	143	0	0	17	126	77	49
PCT9226	TO	896	283	0	0	34	249	148	101
PCT9227	MV	605	150	0	0	13	137	81	56
PCT9227	ED	124	114	0	0	7	107	58	49
PCT9227	TO	729	264	0	0	20	244	139	105
PCT9228	MV	577	114	0	0	10	104	54	50
PCT9228	ED	161	141	0	0	12	129	71	58
PCT9228	TO	738	255	0	0	22	233	125	108
PCT9229	MV	460	106	0	0	12	94	53	41
PCT9229	ED	119	106	0	0	11	95	57	38
PCT9229	TO	579	212	0	0	23	189	110	79
PCT9231	MV	725	133	0	0	14	119	76	43
PCT9231	ED	237	208	0	0	26	182	136	46
PCT9231	TO	962	341	0	0	40	301	212	89
PCT9232	MV	608	98	0	0	7	91	50	41
PCT9232	ED	126	140	0	0	20	120	77	43
PCT9232	TO	734	238	0	0	27	211	127	84
PCT9233	MV	668	140	0	0	11	129	54	75
PCT9233	ED	150	141	0	0	23	118	78	40
PCT9233	TO	818	281	0	0	34	247	132	115
PCT9234	MV	643	134	0	0	16	118	57	61
PCT9234	ED	91	112	0	0	18	94	46	48
PCT9234	TO	734	246	0	0	34	212	103	109
PCT9235	MV	703	143	0	0	8	135	58	77
PCT9235	ED	160	140	0	0	14	126	79	47
PCT9235	TO	863	283	0	0	22	261	137	124
PCT9236	MV	538	114	0	0	15	99	58	41
PCT9236	ED	135	101	0	0	15	86	54	32
PCT9236	TO	673	215	0	0	30	185	112	73
PCT9237	MV	778	129	0	0	9	120	61	59
PCT9237	ED	119	134	0	0	15	119	84	35
PCT9237	TO	897	263	0	0	24	239	145	94
PCT9238	MV	686	126	0	0	15	111	59	52
PCT9238	ED	119	118	0	0	19	99	64	35
PCT9238	TO	805	244	0	0	34	210	123	87
PCT9239	MV	740	176	0	0	22	154	89	65
PCT9239	ED	124	117	0	0	17	100	64	36
PCT9239	TO	864	293	0	0	39	254	153	101
PCT9241	MV	819	156	0	0	11	145	92	53
PCT9241	ED	141	139	0	0	19	120	86	34
PCT9241	TO	960	295	0	0	30	265	178	87
PCT9242	MV	771	125	0	0	13	112	58	54
PCT9242	ED	172	155	0	0	18	137	94	43
PCT9242	TO	943	280	0	0	31	249	152	97
PCT9243	MV	480	75	0	0	10	65	32	33
PCT9243	ED	123	113	0	0	15	98	70	28
PCT9243	TO	603	188	0	0	25	163	102	61
PCT9244	MV	753	114	0	0	13	101	66	35
PCT9244	ED	157	121	0	0	10	111	82	29
PCT9244	TO	910	235	0	0	23	212	148	64
PCT9245	MV	615	105	0	0	10	95	53	42
PCT9245	ED	99	91	0	0	14	77	57	20
PCT9245	TO	714	196	0	0	24	172	110	62
PCT9246	MV	815	161	0	0	12	149	70	79
PCT9246	ED	155	140	0	0	23	117	94	23
PCT9246	TO	970	301	0	0	35	266	164	102
PCT9247	MV	761	139	0	0	14	125	75	50
PCT9247	ED	151	156	0	0	29	127	89	38
PCT9247	TO	912	295	0	0	43	252	164	88
PCT9248	MV	755	130	0	0	17	113	75	38
PCT9248	ED	152	145	0	0	18	127	91	36
PCT9248	TO	907	275	0	0	35	240	166	74
PCT9249	MV	724	137	0	0	14	123	67	56
PCT9249	ED	191	171	0	0	23	148	95	53
PCT9249	TO	915	308	0	0	37	271	162	109
PCT9251	MV	792	143	0	0	13	130	71	59
PCT9251	ED	174	179	0	0	20	159	109	50
PCT9251	TO	966	322	0	0	33	289	180	109
PCT9252	MV	809	162	0	0	11	151	89	62
PCT9252	ED	144	127	0	0	15	112	91	21
PCT9252	TO	953	289	0	0	26	263	180	83
PCT9253	MV	599	100	0	0	6	94	57	37
PCT9253	ED	162	116	0	0	9	107	72	35
PCT9253	TO	761	216	0	0	15	201	129	72
PCT9254	MV	756	162	0	0	6	156	101	55
PCT9254	ED	165	155	0	0	23	132	97	35
PCT9254	TO	921	317	0	0	29	288	198	90
PCT9255	MV	435	52	0	0	3	49	26	23
PCT9255	ED	115	112	0	0	15	97	75	22
PCT9255	TO	550	164	0	0	18	146	101	45
PCT9256	MV	365	61	0	0	3	58	33	25
PCT9256	ED	97	74	0	0	10	64	50	14
PCT9256	TO	462	135	0	0	13	122	83	39
PCT9257	MV	356	36	0	0	5	31	23	8
PCT9257	ED	-36	0	0	0	0	0	0	0
PCT9257	TO	320	36	0	0	5	31	23	8
PCT9258	MV	582	114	0	0	8	106	57	49
PCT9258	ED	121	103	0	0	11	92	72	20
PCT9258	TO	703	217	0	0	19	198	129	69
PCT9401	MV	790	129	0	0	8	121	86	35
PCT9401	ED	248	176	0	0	18	158	130	28
PCT9401	TO	1038	305	0	0	26	279	216	63
PCT9402	MV	772	120	0	0	13	107	60	47
PCT9402	ED	245	159	0	0	16	143	112	31
PCT9402	TO	1017	279	0	0	29	250	172	78
PCT9403	MV	731	125	0	0	7	118	67	51
PCT9403	ED	190	123	0	0	8	115	90	25
PCT9403	TO	921	248	0	0	15	233	157	76
PCT9404	MV	751	115	0	0	12	103	46	57
PCT9404	ED	193	154	0	0	15	139	99	40
PCT9404	TO	944	269	0	0	27	242	145	97
PCT9405	MV	626	106	0	0	11	95	51	44
PCT9405	ED	154	104	0	0	7	97	59	38
PCT9405	TO	780	210	0	0	18	192	110	82
PCT9406	MV	694	111	0	0	10	101	58	43
PCT9406	ED	189	150	0	0	10	140	95	45
PCT9406	TO	883	261	0	0	20	241	153	88
PCT9407	MV	712	123	0	0	15	108	60	48
PCT9407	ED	201	131	0	0	19	112	82	30
PCT9407	TO	913	254	0	0	34	220	142	78
PCT9408	MV	708	104	0	0	14	90	67	23
PCT9408	ED	155	125	0	0	14	111	90	21
PCT9408	TO	863	229	0	0	28	201	157	44
PCT9409	MV	443	81	0	0	6	75	50	25
PCT9409	ED	158	127	0	0	11	116	96	20
PCT9409	TO	601	208	0	0	17	191	146	45
PCT9411	MV	815	106	0	0	12	94	74	20
PCT9411	ED	192	135	0	0	12	123	100	23
PCT9411	TO	1007	241	0	0	24	217	174	43
PCT9412	MV	667	128	0	0	6	122	70	52
PCT9412	ED	203	138	0	0	12	126	96	30
PCT9412	TO	870	266	0	0	18	248	166	82
PCT9413	MV	756	130	0	0	9	121	58	63
PCT9413	ED	180	127	0	0	12	115	86	29
PCT9413	TO	936	257	0	0	21	236	144	92
PCT9414	MV	733	156	0	0	11	145	75	70
PCT9414	ED	187	107	0	0	10	97	63	34
PCT9414	TO	920	263	0	0	21	242	138	104
PCT9415	MV	633	112	0	0	13	99	53	46
PCT9415	ED	155	96	0	0	7	89	62	27
PCT9415	TO	788	208	0	0	20	188	115	73
PCT9416	MV	768	157	0	0	16	141	73	68
PCT9416	ED	231	143	0	0	7	136	100	36
PCT9416	TO	999	300	0	0	23	277	173	104
PCT9417	MV	628	143	0	0	10	133	64	69
PCT9417	ED	146	110	0	0	6	104	69	35
PCT9417	TO	774	253	0	0	16	237	133	104
PCT9418	MV	627	129	0	0	18	111	49	62
PCT9418	ED	192	122	0	0	11	111	72	39
PCT9418	TO	819	251	0	0	29	222	121	101
PCT9419	MV	736	144	0	0	13	131	61	70
PCT9419	ED	173	107	0	0	9	98	54	44
PCT9419	TO	909	251	0	0	22	229	115	114
PCT9421	MV	751	128	0	0	6	122	56	66
PCT9421	ED	174	112	0	0	6	106	70	36
PCT9421	TO	925	240	0	0	12	228	126	102
PCT9422	MV	831	153	0	0	14	139	79	60
PCT9422	ED	270	145	0	0	14	131	88	43
PCT9422	TO	1101	298	0	0	28	270	167	103
PCT9423	MV	710	100	0	0	6	94	52	42
PCT9423	ED	194	121	0	0	9	112	80	32
PCT9423	TO	904	221	0	0	15	206	132	74
PCT9424	MV	795	136	0	0	8	128	74	54
PCT9424	ED	214	114	0	0	12	102	76	26
PCT9424	TO	1009	250	0	0	20	230	150	80
PCT9425	MV	789	134	0	0	13	121	73	48
PCT9425	ED	187	114	0	0	13	101	77	24
PCT9425	TO	976	248	0	0	26	222	150	72
PCT9426	MV	693	110	0	0	9	101	44	57
PCT9426	ED	160	104	0	0	16	88	48	40
PCT9426	TO	853	214	0	0	25	189	92	97
PCT9427	MV	795	154	0	0	8	146	47	99
PCT9427	ED	192	115	0	1	19	95	59	36
PCT9427	TO	987	269	0	1	27	241	106	135
PCT9428	MV	809	136	0	0	11	125	70	55
PCT9428	ED	181	113	0	0	12	101	68	33
PCT9428	TO	990	249	0	0	23	226	138	88
PCT9429	MV	705	120	0	0	9	111	52	59
PCT9429	ED	201	124	0	0	21	103	63	40
PCT9429	TO	906	244	0	0	30	214	115	99
PCT9431	MV	831	154	0	0	16	138	47	91
PCT9431	ED	205	125	0	0	6	119	71	48
PCT9431	TO	1036	279	0	0	22	257	118	139
PCT9432	MV	742	134	0	0	8	126	64	62
PCT9432	ED	216	117	0	0	10	107	65	42
PCT9432	TO	958	251	0	0	18	233	129	104
PCT9433	MV	790	155	0	0	18	137	62	75
PCT9433	ED	168	93	0	0	6	87	45	42
PCT9433	TO	958	248	0	0	24	224	107	117
PCT9434	MV	779	132	0	0	12	120	63	57
PCT9434	ED	233	162	0	0	22	140	112	28
PCT9434	TO	1012	294	0	0	34	260	175	85
PCT9435	MV	774	141	0	0	10	131	65	66
PCT9435	ED	230	157	0	0	10	147	100	47
PCT9435	TO	1004	298	0	0	20	278	165	113
PCT9436	MV	840	154	0	0	8	146	71	75
PCT9436	ED	228	129	0	0	11	118	80	38
PCT9436	TO	1068	283	0	0	19	264	151	113
PCT9437	MV	733	192	0	0	16	176	94	82
PCT9437	ED	194	130	0	0	8	122	90	32
PCT9437	TO	927	322	0	0	24	298	184	114
PCT9438	MV	833	179	0	0	11	168	84	84
PCT9438	ED	156	83	0	0	8	75	54	21
PCT9438	TO	989	262	0	0	19	243	138	105
PCT9439	MV	718	123	0	0	5	118	48	70
PCT9439	ED	199	111	0	0	11	100	62	38
PCT9439	TO	917	234	0	0	16	218	110	108
PCT9441	MV	772	134	0	0	16	118	61	57
PCT9441	ED	199	125	0	0	21	104	77	27
PCT9441	TO	971	259	0	0	37	222	138	84
PCT9442	MV	825	133	0	0	14	119	70	49
PCT9442	ED	215	156	0	0	15	141	103	38
PCT9442	TO	1040	289	0	0	29	260	173	87
PCT9443	MV	758	142	0	0	11	131	70	61
PCT9443	ED	197	109	0	0	7	102	67	35
PCT9443	TO	955	251	0	0	18	233	137	96
PCT9444	MV	760	144	0	0	6	138	71	67
PCT9444	ED	205	94	0	0	11	83	52	31
PCT9444	TO	965	238	0	0	17	221	123	98
PCT9445	MV	820	143	0	0	10	133	69	64
PCT9445	ED	176	113	0	0	11	102	71	31
PCT9445	TO	996	256	0	0	21	235	140	95
PCT9446	MV	899	178	0	0	15	163	66	97
PCT9446	ED	217	145	0	0	17	128	96	32
PCT9446	TO	1116	323	0	0	32	291	162	129
PCT9447	MV	726	127	0	0	11	116	58	58
PCT9447	ED	195	143	0	0	11	132	86	46
PCT9447	TO	921	270	0	0	22	248	144	104
PCT9448	MV	737	143	0	0	7	136	73	63
PCT9448	ED	203	127	0	0	9	118	83	35
PCT9448	TO	940	270	0	0	16	254	156	98
PCT9449	MV	717	132	0	0	11	121	52	69
PCT9449	ED	164	96	0	0	7	89	54	35
PCT9449	TO	881	228	0	0	18	210	106	104
PCT9451	MV	353	55	0	0	4	51	20	31
PCT9451	ED	88	54	0	0	6	48	27	21
PCT9451	TO	441	109	0	0	10	99	47	52
PCT9452	MV	646	108	0	0	10	98	50	48
PCT9452	ED	196	134	0	1	12	121	79	42
PCT9452	TO	842	242	0	1	22	219	129	90
PCT9453	MV	408	99	0	0	7	92	33	59
PCT9453	ED	116	70	0	0	8	62	38	24
PCT9453	TO	524	169	0	0	15	154	71	83
PCT9501	MV	158	36	0	0	8	28	18	10
PCT9501	ED	-8	0	0	0	0	0	0	0
PCT9501	TO	150	36	0	0	8	28	18	10
PCT9502	MV	291	41	0	0	2	39	21	18
PCT9502	ED	-40	0	0	0	0	0	0	0
PCT9502	TO	251	41	0	0	2	39	21	18
PCT9503	MV	549	109	0	0	15	94	77	17
PCT9503	ED	151	82	0	0	11	71	62	9
PCT9503	TO	700	191	0	0	26	165	139	26
PCT9505	MV	589	112	0	0	10	102	71	31
PCT9505	ED	176	110	0	0	8	102	84	18
PCT9505	TO	765	222	0	0	18	204	155	49
PCT9506	MV	547	76	0	0	4	72	45	27
PCT9506	ED	207	128	0	0	16	112	92	20
PCT9506	TO	754	204	0	0	20	184	137	47
PCT9507	MV	556	90	0	0	11	79	61	18
PCT9507	ED	160	152	0	0	20	132	110	22
PCT9507	TO	716	242	0	0	31	211	171	40
PCT9508	MV	627	101	0	0	6	95	74	21
PCT9508	ED	153	132	0	0	10	122	109	13
PCT9508	TO	780	233	0	0	16	217	183	34
PCT9509	MV	585	85	0	0	2	83	60	23
PCT9509	ED	142	121	0	0	10	111	92	19
PCT9509	TO	727	206	0	0	12	194	152	42
PCT9511	MV	456	56	0	0	7	49	36	13
PCT9511	ED	178	120	0	0	9	111	89	22
PCT9511	TO	634	176	0	0	16	160	125	35
PCT9512	MV	614	97	0	0	11	86	59	27
PCT9512	ED	163	132	0	0	9	123	103	20
PCT9512	TO	777	229	0	0	20	209	162	47
PCT9513	MV	686	104	0	0	8	96	78	18
PCT9513	ED	191	126	0	0	10	116	97	19
PCT9513	TO	877	230	0	0	18	212	175	37
PCT9514	MV	713	95	0	0	8	87	67	20
PCT9514	ED	183	167	0	0	19	148	125	23
PCT9514	TO	896	262	0	0	27	235	192	43
PCT9515	MV	541	94	0	0	6	88	66	22
PCT9515	ED	171	133	0	0	11	122	97	25
PCT9515	TO	712	227	0	0	17	210	163	47
PCT9516	MV	705	128	0	0	12	116	76	40
PCT9516	ED	184	157	0	0	15	142	104	38
PCT9516	TO	889	285	0	0	27	258	180	78
PCT9517	MV	624	125	0	0	8	117	82	35
PCT9517	ED	164	135	0	0	20	115	95	20
PCT9517	TO	788	260	0	0	28	232	177	55
PCT9518	MV	641	87	0	0	8	79	54	25
PCT9518	ED	147	146	0	0	6	140	115	25
PCT9518	TO	788	233	0	0	14	219	169	50
PCT9519	MV	692	105	0	0	10	95	72	23
PCT9519	ED	199	170	0	0	15	155	124	31
PCT9519	TO	891	275	0	0	25	250	196	54
PCT9521	MV	684	115	0	0	5	110	85	25
PCT9521	ED	217	190	0	0	20	170	139	31
PCT9521	TO	901	305	0	0	25	280	224	56
PCT9701	MV	498	95	0	0	5	90	56	34
PCT9701	ED	156	135	0	0	8	127	100	27
PCT9701	TO	654	230	0	0	13	217	156	61
PCT9702	MV	553	88	0	0	9	79	53	26
PCT9702	ED	167	143	0	0	12	131	111	20
PCT9702	TO	720	231	0	0	21	210	164	46
PCT9703	MV	808	144	0	0	11	133	73	60
PCT9703	ED	183	142	0	0	11	131	87	44
PCT9703	TO	991	286	0	0	22	264	160	104
PCT9704	MV	759	150	0	0	14	136	77	59
PCT9704	ED	200	196	0	0	24	172	126	46
PCT9704	TO	959	346	0	0	38	308	203	105
PCT9705	MV	752	155	0	0	14	141	99	42
PCT9705	ED	177	142	0	0	16	126	103	23
PCT9705	TO	929	297	0	0	30	267	202	65
PCT9706	MV	57	7	0	0	0	7	5	2
PCT9706	ED	-8	0	0	0	0	0	0	0
PCT9706	TO	49	7	0	0	0	7	5	2
PCT9707	MV	686	138	0	0	13	125	60	65
PCT9707	ED	140	101	0	0	11	90	55	35
PCT9707	TO	826	239	0	0	24	215	115	100
PCT9708	MV	785	159	0	0	19	140	88	52
PCT9708	ED	176	157	0	0	14	143	109	34
PCT9708	TO	961	316	0	0	33	283	197	86
PCT9709	MV	829	139	0	0	10	129	64	65
PCT9709	ED	211	178	0	0	10	168	111	57
PCT9709	TO	1040	317	0	0	20	297	175	122
PCT9711	MV	502	119	0	0	13	106	59	47
PCT9711	ED	144	138	0	0	12	126	72	54
PCT9711	TO	646	257	0	0	25	232	131	101
PCT9712	MV	534	125	0	0	17	108	52	56
PCT9712	ED	127	116	0	0	4	112	75	37
PCT9712	TO	661	241	0	0	21	220	127	93
PCT9713	MV	746	157	0	0	8	149	80	69
PCT9713	ED	204	137	0	0	16	121	71	50
PCT9713	TO	950	294	0	0	24	270	151	119
PCT9714	MV	792	181	0	0	12	169	73	96
PCT9714	ED	159	133	0	0	6	127	77	50
PCT9714	TO	951	314	0	0	18	296	150	146
PCT9715	MV	449	100	0	0	8	92	39	53
PCT9715	ED	130	134	0	0	7	127	81	46
PCT9715	TO	579	234	0	0	15	219	120	99
PCT9716	MV	743	152	0	0	10	142	68	74
PCT9716	ED	223	164	0	0	13	151	99	52
PCT9716	TO	966	316	0	0	23	293	167	126
PCT9717	MV	750	138	0	0	6	132	79	53
PCT9717	ED	227	144	0	0	18	126	83	43
PCT9717	TO	977	282	0	0	24	258	162	96
PCT9718	MV	742	171	0	0	15	156	86	70
PCT9718	ED	159	144	0	0	7	137	91	46
PCT9718	TO	901	315	0	0	22	293	177	116
PCT9719	MV	747	153	0	0	11	142	74	68
PCT9719	ED	173	150	0	0	8	142	88	54
PCT9719	TO	920	303	0	0	19	284	162	122
PCT9721	MV	498	91	0	0	7	84	44	40
PCT9721	ED	164	133	0	0	6	127	74	53
PCT9721	TO	662	224	0	0	13	211	118	93
PCT9722	MV	511	135	0	0	9	126	71	55
PCT9722	ED	86	76	0	0	5	71	47	24
PCT9722	TO	597	211	0	0	14	197	118	79
PCT9723	MV	434	107	0	0	8	99	33	66
PCT9723	ED	74	44	0	0	5	39	18	21
PCT9723	TO	508	151	0	0	13	138	51	87
PCT9724	MV	847	189	0	0	15	174	68	106
PCT9724	ED	173	99	0	0	5	94	55	39
PCT9724	TO	1020	288	0	0	20	268	123	145
PCT9725	MV	800	166	0	0	10	156	65	91
PCT9725	ED	171	95	0	0	12	83	38	45
PCT9725	TO	971	261	0	0	22	239	103	136
PCT9726	MV	523	62	0	0	7	55	36	19
PCT9726	ED	93	102	0	0	7	95	74	21
PCT9726	TO	616	164	0	0	14	150	110	40
PCT9727	MV	400	89	0	0	3	86	33	53
PCT9727	ED	60	33	0	0	4	29	16	13
PCT9727	TO	460	122	0	0	7	115	49	66
PCT9728	MV	750	178	0	0	9	169	67	102
PCT9728	ED	213	137	0	0	12	125	77	48
PCT9728	TO	963	315	0	0	21	294	144	150
PCT9729	MV	654	148	0	0	10	138	53	85
PCT9729	ED	164	128	0	0	6	122	70	52
PCT9729	TO	818	276	0	0	16	260	123	137
PCT9731	MV	436	86	0	0	8	78	29	49
PCT9731	ED	143	111	0	0	10	101	52	49
PCT9731	TO	579	197	0	0	18	179	81	98
PCT9732	MV	78	16	0	0	0	16	8	8
PCT9732	ED	-5	0	0	0	0	0	0	0
PCT9732	TO	73	16	0	0	0	16	8	8
PCT9733	MV	260	55	0	0	1	54	34	20
PCT9733	ED	-20	0	0	0	0	0	0	0
PCT9733	TO	240	55	0	0	1	54	34	20
PCT9734	MV	473	111	0	0	8	103	57	46
PCT9734	ED	131	109	0	0	9	100	62	38
PCT9734	TO	604	220	0	0	17	203	119	84
PCT9735	MV	650	140	0	0	8	132	57	75
PCT9735	ED	170	132	0	0	20	112	67	45
PCT9735	TO	820	272	0	0	28	244	124	120
PCT9736	MV	585	126	0	0	9	117	67	50
PCT9736	ED	151	151	0	0	11	140	83	57
PCT9736	TO	736	277	0	0	20	257	150	107
PCT9737	MV	636	172	0	0	12	160	95	65
PCT9737	ED	155	135	0	0	12	123	79	44
PCT9737	TO	791	307	0	0	24	283	174	109
PCT9738	MV	684	152	0	0	17	135	85	50
PCT9738	ED	154	64	0	0	8	56	37	19
PCT9738	TO	838	216	0	0	25	191	122	69
PCT9739	MV	619	86	0	0	3	83	53	30
PCT9739	ED	170	88	0	0	4	84	68	16
PCT9739	TO	789	174	0	0	7	167	121	46
PCT9741	MV	326	15	0	0	1	14	13	1
PCT9741	ED	115	10	0	0	1	9	7	2
PCT9741	TO	441	25	0	0	2	23	20	3
PCT9742	MV	529	86	0	0	7	79	29	50
PCT9742	ED	166	98	0	0	8	90	55	35
PCT9742	TO	695	184	0	0	15	169	84	85
PCT9743	MV	891	161	0	0	9	152	90	62
PCT9743	ED	249	170	0	0	17	153	120	33
PCT9743	TO	1140	331	0	0	26	305	210	95
PCT9744	MV	739	141	0	1	10	130	84	46
PCT9744	ED	204	121	0	0	15	106	73	33
PCT9744	TO	943	262	0	1	25	236	157	79
PCT9745	MV	745	120	0	0	8	112	83	29
PCT9745	ED	247	128	0	0	13	115	85	30
PCT9745	TO	992	248	0	0	21	227	168	59
PCT9746	MV	711	146	0	0	6	140	73	67
PCT9746	ED	192	118	0	0	11	107	66	41
PCT9746	TO	903	264	0	0	17	247	139	108
PCT9747	MV	766	132	0	0	8	124	68	56
PCT9747	ED	210	145	0	0	14	131	98	33
PCT9747	TO	976	277	0	0	22	255	166	89
PCT9748	MV	746	149	0	0	6	143	92	51
PCT9748	ED	167	116	0	1	10	105	57	48
PCT9748	TO	913	265	0	1	16	248	149	99
PCT9749	MV	747	99	0	0	7	92	64	28
PCT9749	ED	191	108	0	0	7	101	74	27
PCT9749	TO	938	207	0	0	14	193	138	55
PCT9751	MV	854	174	0	0	13	161	96	65
PCT9751	ED	217	151	0	1	14	136	96	40
PCT9751	TO	1071	325	0	1	27	297	192	105
PCT9752	MV	563	145	0	0	8	137	76	61
PCT9752	ED	134	108	0	0	7	101	70	31
PCT9752	TO	697	253	0	0	15	238	146	92
PCT9753	MV	615	108	0	0	9	99	65	34
PCT9753	ED	147	123	0	0	4	119	88	31
PCT9753	TO	762	231	0	0	13	218	153	65
PCT9754	MV	542	104	0	0	4	100	74	26
PCT9754	ED	165	113	0	0	9	104	84	20
PCT9754	TO	707	217	0	0	13	204	158	46
PCT9755	MV	441	86	0	0	13	73	47	26
PCT9755	ED	139	99	0	0	7	92	72	20
PCT9755	TO	580	185	0	0	20	165	119	46
PCT9756	MV	798	158	0	0	13	145	63	82
PCT9756	ED	169	106	0	0	9	97	64	33
PCT9756	TO	967	264	0	0	22	242	127	115
PCT9801	MV	320	63	0	0	5	58	40	18
PCT9801	ED	88	52	0	0	5	47	35	12
PCT9801	TO	408	115	0	0	10	105	75	30
PCT9900	MV	0	0	0	0	0	0	0	0
PCT9900	ED	0	0	0	0	0	0	0	0
PCT9900	TO	0	0	0	0	0	0	0	0
PCT9901	MV	0	0	0	0	0	0	0	0
PCT9901	ED	0	0	0	0	0	0	0	0
PCT9901	TO	0	0	0	0	0	0	0	0
PCT9902	MV	0	0	0	0	0	0	0	0
PCT9902	ED	0	0	0	0	0	0	0	0
PCT9902	TO	0	0	0	0	0	0	0	0
