area_id	subtotal_type	RSReg	RSCst	RSRej	RSOvr	RSUnd	RSTot	9:YES	10:NO
ALLPCTS	TO	503899	265563	0	71	20277	245215	170721	74494
ALLPCTS	ED	101847	72177	0	28	5596	66553	48642	17911
ALLPCTS	MV	402052	193386	0	43	14681	178662	122079	56583
PCT1101	MV	447	211	0	0	14	197	135	62
PCT1101	ED	115	60	0	0	5	55	43	12
PCT1101	TO	562	271	0	0	19	252	178	74
PCT1102	MV	771	364	0	0	23	341	205	136
PCT1102	ED	233	158	0	0	10	148	108	40
PCT1102	TO	1004	522	0	0	33	489	313	176
PCT1103	MV	748	360	0	0	16	344	237	107
PCT1103	ED	223	142	0	0	7	135	97	38
PCT1103	TO	971	502	0	0	23	479	334	145
PCT1104	MV	750	340	0	0	18	322	219	103
PCT1104	ED	268	119	0	0	6	113	84	29
PCT1104	TO	1018	459	0	0	24	435	303	132
PCT1106	MV	597	246	0	0	17	229	137	92
PCT1106	ED	174	96	0	0	8	88	51	37
PCT1106	TO	771	342	0	0	25	317	188	129
PCT1107	MV	606	281	0	0	18	263	149	114
PCT1107	ED	145	76	0	0	7	69	46	23
PCT1107	TO	751	357	0	0	25	332	195	137
PCT1108	MV	721	350	0	0	19	331	231	100
PCT1108	ED	202	114	0	0	13	101	68	33
PCT1108	TO	923	464	0	0	32	432	299	133
PCT1109	MV	650	278	0	0	15	263	153	110
PCT1109	ED	172	97	0	0	5	92	61	31
PCT1109	TO	822	375	0	0	20	355	214	141
PCT1111	MV	845	346	0	0	23	323	183	140
PCT1111	ED	201	118	0	0	8	110	80	30
PCT1111	TO	1046	464	0	0	31	433	263	170
PCT1112	MV	642	271	0	0	13	258	160	98
PCT1112	ED	160	76	0	0	3	73	56	17
PCT1112	TO	802	347	0	0	16	331	216	115
PCT1113	MV	674	280	0	0	24	256	144	112
PCT1113	ED	121	65	0	0	6	59	44	15
PCT1113	TO	795	345	0	0	30	315	188	127
PCT1114	MV	768	324	0	0	26	298	199	99
PCT1114	ED	223	97	0	0	12	85	59	26
PCT1114	TO	991	421	0	0	38	383	258	125
PCT1115	MV	741	287	0	0	22	265	164	101
PCT1115	ED	195	85	0	0	6	79	60	19
PCT1115	TO	936	372	0	0	28	344	224	120
PCT1116	MV	709	305	0	0	26	279	191	88
PCT1116	ED	222	118	0	0	9	109	77	32
PCT1116	TO	931	423	0	0	35	388	268	120
PCT1117	MV	659	250	0	0	14	236	132	104
PCT1117	ED	187	71	0	0	2	69	49	20
PCT1117	TO	846	321	0	0	16	305	181	124
PCT1118	MV	843	353	0	0	14	339	220	119
PCT1118	ED	222	100	0	1	8	91	60	31
PCT1118	TO	1065	453	0	1	22	430	280	150
PCT1119	MV	659	302	0	0	18	284	182	102
PCT1119	ED	138	73	0	0	4	69	52	17
PCT1119	TO	797	375	0	0	22	353	234	119
PCT1121	MV	556	261	0	0	17	244	129	115
PCT1121	ED	149	81	0	0	6	75	48	27
PCT1121	TO	705	342	0	0	23	319	177	142
PCT1122	MV	519	243	0	0	21	222	116	106
PCT1122	ED	118	70	0	0	7	63	43	20
PCT1122	TO	637	313	0	0	28	285	159	126
PCT1123	MV	722	254	0	0	13	241	151	90
PCT1123	ED	216	89	0	0	4	85	52	33
PCT1123	TO	938	343	0	0	17	326	203	123
PCT1124	MV	621	240	0	0	9	231	137	94
PCT1124	ED	208	72	0	0	6	66	48	18
PCT1124	TO	829	312	0	0	15	297	185	112
PCT1125	MV	916	353	0	0	38	315	177	138
PCT1125	ED	181	65	0	0	8	57	45	12
PCT1125	TO	1097	418	0	0	46	372	222	150
PCT1126	MV	811	304	0	1	18	285	172	113
PCT1126	ED	201	68	0	0	2	66	40	26
PCT1126	TO	1012	372	0	1	20	351	212	139
PCT1127	MV	742	290	0	0	19	271	141	130
PCT1127	ED	223	99	0	0	7	92	58	34
PCT1127	TO	965	389	0	0	26	363	199	164
PCT1128	MV	733	292	0	0	17	275	143	132
PCT1128	ED	146	59	0	0	5	54	37	17
PCT1128	TO	879	351	0	0	22	329	180	149
PCT1129	MV	788	310	0	0	25	285	158	127
PCT1129	ED	248	108	0	0	11	97	62	35
PCT1129	TO	1036	418	0	0	36	382	220	162
PCT1131	MV	693	276	0	0	27	249	131	118
PCT1131	ED	167	60	0	0	4	56	40	16
PCT1131	TO	860	336	0	0	31	305	171	134
PCT1132	MV	837	368	0	0	29	339	198	141
PCT1132	ED	195	59	0	0	2	57	30	27
PCT1132	TO	1032	427	0	0	31	396	228	168
PCT1133	MV	716	332	0	0	17	315	189	126
PCT1133	ED	159	74	0	0	3	71	44	27
PCT1133	TO	875	406	0	0	20	386	233	153
PCT1134	MV	584	285	0	0	17	268	138	130
PCT1134	ED	183	80	0	0	8	72	47	25
PCT1134	TO	767	365	0	0	25	340	185	155
PCT1135	MV	464	216	0	0	11	205	119	86
PCT1135	ED	92	50	0	1	2	47	29	18
PCT1135	TO	556	266	0	1	13	252	148	104
PCT1136	MV	710	335	0	0	18	317	187	130
PCT1136	ED	157	77	0	0	6	71	43	28
PCT1136	TO	867	412	0	0	24	388	230	158
PCT1141	MV	836	387	0	1	19	367	220	147
PCT1141	ED	220	123	0	0	8	115	80	35
PCT1141	TO	1056	510	0	1	27	482	300	182
PCT1142	MV	721	322	0	0	32	290	195	95
PCT1142	ED	175	87	0	0	4	83	69	14
PCT1142	TO	896	409	0	0	36	373	264	109
PCT1143	MV	823	358	0	0	31	327	203	124
PCT1143	ED	226	113	0	0	7	106	73	33
PCT1143	TO	1049	471	0	0	38	433	276	157
PCT1144	MV	727	319	0	0	15	304	200	104
PCT1144	ED	220	121	0	0	9	112	76	36
PCT1144	TO	947	440	0	0	24	416	276	140
PCT1145	MV	752	411	0	0	28	383	232	151
PCT1145	ED	153	114	0	0	8	106	75	31
PCT1145	TO	905	525	0	0	36	489	307	182
PCT1146	MV	837	359	0	0	25	334	206	128
PCT1146	ED	217	109	0	0	6	103	77	26
PCT1146	TO	1054	468	0	0	31	437	283	154
PCT1147	MV	671	303	0	0	15	288	184	104
PCT1147	ED	214	107	0	0	8	99	73	26
PCT1147	TO	885	410	0	0	23	387	257	130
PCT1148	MV	804	364	0	0	23	341	205	136
PCT1148	ED	224	116	0	0	8	108	67	41
PCT1148	TO	1028	480	0	0	31	449	272	177
PCT1149	MV	709	316	0	0	18	298	166	132
PCT1149	ED	230	118	0	0	9	109	77	32
PCT1149	TO	939	434	0	0	27	407	243	164
PCT1151	MV	0	0	0	0	0	0	0	0
PCT1151	ED	0	0	0	0	0	0	0	0
PCT1151	TO	0	0	0	0	0	0	0	0
PCT1152	MV	710	308	0	0	28	280	160	120
PCT1152	ED	180	85	0	0	5	80	50	30
PCT1152	TO	890	393	0	0	33	360	210	150
PCT1153	MV	730	283	0	0	29	254	175	79
PCT1153	ED	210	116	0	0	10	106	66	40
PCT1153	TO	940	399	0	0	39	360	241	119
PCT1154	MV	0	0	0	0	0	0	0	0
PCT1154	ED	0	0	0	0	0	0	0	0
PCT1154	TO	0	0	0	0	0	0	0	0
PCT7001	MV	632	322	0	0	23	299	223	76
PCT7001	ED	141	101	0	0	6	95	68	27
PCT7001	TO	773	423	0	0	29	394	291	103
PCT7002	MV	598	259	0	0	22	237	189	48
PCT7002	ED	116	88	0	0	4	84	66	18
PCT7002	TO	714	347	0	0	26	321	255	66
PCT7003	MV	759	427	0	0	27	400	286	114
PCT7003	ED	147	144	0	0	9	135	96	39
PCT7003	TO	906	571	0	0	36	535	382	153
PCT7004	MV	764	411	0	0	30	381	283	98
PCT7004	ED	149	142	0	0	10	132	97	35
PCT7004	TO	913	553	0	0	40	513	380	133
PCT7005	MV	697	342	0	0	24	318	241	77
PCT7005	ED	162	162	0	0	18	144	115	29
PCT7005	TO	859	504	0	0	42	462	356	106
PCT7006	MV	728	349	0	0	29	320	247	73
PCT7006	ED	204	149	0	0	5	144	110	34
PCT7006	TO	932	498	0	0	34	464	357	107
PCT7007	MV	777	427	0	0	27	400	270	130
PCT7007	ED	180	168	0	0	16	152	112	40
PCT7007	TO	957	595	0	0	43	552	382	170
PCT7008	MV	732	362	0	0	27	335	230	105
PCT7008	ED	177	189	0	1	13	175	136	39
PCT7008	TO	909	551	0	1	40	510	366	144
PCT7009	MV	752	387	0	0	29	358	256	102
PCT7009	ED	119	91	0	0	4	87	53	34
PCT7009	TO	871	478	0	0	33	445	309	136
PCT7011	MV	703	228	0	0	16	212	142	70
PCT7011	ED	270	87	0	0	6	81	59	22
PCT7011	TO	973	315	0	0	22	293	201	92
PCT7012	MV	999	479	0	0	40	439	323	116
PCT7012	ED	227	203	0	0	18	185	140	45
PCT7012	TO	1226	682	0	0	58	624	463	161
PCT7013	MV	984	271	0	0	14	257	200	57
PCT7013	ED	155	151	0	0	11	140	106	34
PCT7013	TO	1139	422	0	0	25	397	306	91
PCT7014	MV	609	295	0	0	20	275	202	73
PCT7014	ED	110	111	0	0	14	97	78	19
PCT7014	TO	719	406	0	0	34	372	280	92
PCT7015	MV	128	39	0	0	6	33	23	10
PCT7015	ED	-18	0	0	0	0	0	0	0
PCT7015	TO	110	39	0	0	6	33	23	10
PCT7016	MV	654	235	0	0	18	217	116	101
PCT7016	ED	278	75	0	0	5	70	49	21
PCT7016	TO	932	310	0	0	23	287	165	122
PCT7017	MV	543	182	0	0	29	153	98	55
PCT7017	ED	238	53	0	0	10	43	31	12
PCT7017	TO	781	235	0	0	39	196	129	67
PCT7018	MV	847	353	0	0	27	326	160	166
PCT7018	ED	200	56	0	0	5	51	39	12
PCT7018	TO	1047	409	0	0	32	377	199	178
PCT7019	MV	733	351	0	0	26	325	173	152
PCT7019	ED	167	73	0	0	7	66	47	19
PCT7019	TO	900	424	0	0	33	391	220	171
PCT7021	MV	679	268	0	0	28	240	165	75
PCT7021	ED	288	106	0	0	10	96	72	24
PCT7021	TO	967	374	0	0	38	336	237	99
PCT7022	MV	770	301	0	0	28	273	177	96
PCT7022	ED	193	54	0	0	1	53	43	10
PCT7022	TO	963	355	0	0	29	326	220	106
PCT7023	MV	687	328	0	1	24	303	172	131
PCT7023	ED	233	71	0	1	7	63	39	24
PCT7023	TO	920	399	0	2	31	366	211	155
PCT7024	MV	251	50	0	0	3	47	31	16
PCT7024	ED	190	20	0	0	4	16	10	6
PCT7024	TO	441	70	0	0	7	63	41	22
PCT7025	MV	316	93	0	0	7	86	53	33
PCT7025	ED	167	39	0	0	3	36	24	12
PCT7025	TO	483	132	0	0	10	122	77	45
PCT7026	MV	818	332	0	0	21	311	158	153
PCT7026	ED	192	72	0	0	7	65	41	24
PCT7026	TO	1010	404	0	0	28	376	199	177
PCT7027	MV	676	266	0	0	27	239	137	102
PCT7027	ED	220	96	0	0	6	90	58	32
PCT7027	TO	896	362	0	0	33	329	195	134
PCT7028	MV	585	215	0	0	12	203	115	88
PCT7028	ED	271	97	0	0	8	89	61	28
PCT7028	TO	856	312	0	0	20	292	176	116
PCT7029	MV	642	205	0	0	24	181	109	72
PCT7029	ED	267	39	0	0	3	36	20	16
PCT7029	TO	909	244	0	0	27	217	129	88
PCT7030	MV	654	274	0	1	11	262	140	122
PCT7030	ED	141	58	0	0	1	57	27	30
PCT7030	TO	795	332	0	1	12	319	167	152
PCT7031	MV	621	257	0	0	25	232	159	73
PCT7031	ED	73	48	0	0	6	42	30	12
PCT7031	TO	694	305	0	0	31	274	189	85
PCT7032	MV	642	264	0	1	22	241	148	93
PCT7032	ED	239	51	0	0	2	49	34	15
PCT7032	TO	881	315	0	1	24	290	182	108
PCT7033	MV	549	210	0	0	23	187	99	88
PCT7033	ED	229	86	0	0	9	77	46	31
PCT7033	TO	778	296	0	0	32	264	145	119
PCT7034	MV	620	136	0	1	17	118	76	42
PCT7034	ED	318	57	0	0	5	52	25	27
PCT7034	TO	938	193	0	1	22	170	101	69
PCT7035	MV	567	232	0	0	17	215	135	80
PCT7035	ED	152	52	0	0	7	45	34	11
PCT7035	TO	719	284	0	0	24	260	169	91
PCT7036	MV	780	259	0	1	22	236	119	117
PCT7036	ED	194	39	0	0	2	37	19	18
PCT7036	TO	974	298	0	1	24	273	138	135
PCT7037	MV	433	62	0	0	2	60	43	17
PCT7037	ED	313	38	0	0	7	31	17	14
PCT7037	TO	746	100	0	0	9	91	60	31
PCT7038	MV	758	304	0	0	24	280	150	130
PCT7038	ED	203	58	0	0	8	50	31	19
PCT7038	TO	961	362	0	0	32	330	181	149
PCT7039	MV	636	240	0	0	22	218	118	100
PCT7039	ED	201	104	0	0	4	100	63	37
PCT7039	TO	837	344	0	0	26	318	181	137
PCT7041	MV	70	29	0	0	4	25	10	15
PCT7041	ED	-4	0	0	0	0	0	0	0
PCT7041	TO	66	29	0	0	4	25	10	15
PCT7042	MV	514	219	0	0	14	205	126	79
PCT7042	ED	146	58	0	0	3	55	42	13
PCT7042	TO	660	277	0	0	17	260	168	92
PCT7043	MV	754	290	0	0	28	262	165	97
PCT7043	ED	224	78	0	1	4	73	46	27
PCT7043	TO	978	368	0	1	32	335	211	124
PCT7044	MV	586	133	0	0	5	128	65	63
PCT7044	ED	266	33	0	0	2	31	22	9
PCT7044	TO	852	166	0	0	7	159	87	72
PCT7045	MV	632	264	0	0	24	240	124	116
PCT7045	ED	154	53	0	0	2	51	28	23
PCT7045	TO	786	317	0	0	26	291	152	139
PCT7046	MV	334	130	0	0	8	122	68	54
PCT7046	ED	96	48	0	0	3	45	27	18
PCT7046	TO	430	178	0	0	11	167	95	72
PCT7047	MV	730	309	0	0	20	289	150	139
PCT7047	ED	153	62	0	0	5	57	39	18
PCT7047	TO	883	371	0	0	25	346	189	157
PCT7048	MV	685	263	0	0	16	247	131	116
PCT7048	ED	196	56	0	0	5	51	29	22
PCT7048	TO	881	319	0	0	21	298	160	138
PCT7049	MV	616	239	0	0	18	221	106	115
PCT7049	ED	210	70	0	0	5	65	28	37
PCT7049	TO	826	309	0	0	23	286	134	152
PCT7051	MV	715	301	0	1	27	273	131	142
PCT7051	ED	165	70	0	0	8	62	45	17
PCT7051	TO	880	371	0	1	35	335	176	159
PCT7052	MV	721	291	0	0	13	278	149	129
PCT7052	ED	185	84	0	0	5	79	47	32
PCT7052	TO	906	375	0	0	18	357	196	161
PCT7053	MV	542	226	0	0	30	196	114	82
PCT7053	ED	43	40	0	0	4	36	25	11
PCT7053	TO	585	266	0	0	34	232	139	93
PCT7054	MV	862	305	0	0	22	283	174	109
PCT7054	ED	274	105	0	0	7	98	60	38
PCT7054	TO	1136	410	0	0	29	381	234	147
PCT7055	MV	732	289	0	0	21	268	191	77
PCT7055	ED	94	76	0	0	8	68	54	14
PCT7055	TO	826	365	0	0	29	336	245	91
PCT7056	MV	618	269	0	0	23	246	179	67
PCT7056	ED	87	119	0	0	14	105	77	28
PCT7056	TO	705	388	0	0	37	351	256	95
PCT7101	MV	162	99	0	0	6	93	79	14
PCT7101	ED	-15	0	0	0	0	0	0	0
PCT7101	TO	147	99	0	0	6	93	79	14
PCT7201	MV	788	374	0	0	28	346	247	99
PCT7201	ED	147	98	0	0	9	89	68	21
PCT7201	TO	935	472	0	0	37	435	315	120
PCT7202	MV	707	303	0	0	24	279	170	109
PCT7202	ED	144	123	0	0	11	112	76	36
PCT7202	TO	851	426	0	0	35	391	246	145
PCT7203	MV	693	316	0	0	28	288	207	81
PCT7203	ED	186	148	0	0	15	133	116	17
PCT7203	TO	879	464	0	0	43	421	323	98
PCT7204	MV	773	411	0	0	37	374	259	115
PCT7204	ED	126	116	0	0	16	100	67	33
PCT7204	TO	899	527	0	0	53	474	326	148
PCT7205	MV	724	357	0	0	27	330	220	110
PCT7205	ED	147	133	0	0	14	119	89	30
PCT7205	TO	871	490	0	0	41	449	309	140
PCT7206	MV	299	127	0	0	11	116	84	32
PCT7206	ED	78	76	0	0	5	71	56	15
PCT7206	TO	377	203	0	0	16	187	140	47
PCT7207	MV	744	329	0	0	21	308	209	99
PCT7207	ED	123	117	0	0	13	104	83	21
PCT7207	TO	867	446	0	0	34	412	292	120
PCT7208	MV	492	248	0	0	26	222	159	63
PCT7208	ED	78	60	0	1	5	54	39	15
PCT7208	TO	570	308	0	1	31	276	198	78
PCT7209	MV	595	338	0	0	36	302	176	126
PCT7209	ED	52	63	0	0	5	58	42	16
PCT7209	TO	647	401	0	0	41	360	218	142
PCT7301	MV	812	312	0	0	18	294	210	84
PCT7301	ED	202	112	0	0	12	100	73	27
PCT7301	TO	1014	424	0	0	30	394	283	111
PCT7302	MV	713	345	0	0	33	312	201	111
PCT7302	ED	136	116	0	0	11	105	68	37
PCT7302	TO	849	461	0	0	44	417	269	148
PCT7303	MV	869	370	0	0	24	346	246	100
PCT7303	ED	199	141	0	0	11	130	104	26
PCT7303	TO	1068	511	0	0	35	476	350	126
PCT7304	MV	802	359	0	1	24	334	252	82
PCT7304	ED	199	163	0	0	6	157	129	28
PCT7304	TO	1001	522	0	1	30	491	381	110
PCT7305	MV	713	372	0	0	26	346	230	116
PCT7305	ED	154	141	0	0	9	132	92	40
PCT7305	TO	867	513	0	0	35	478	322	156
PCT7306	MV	801	365	0	0	37	328	227	101
PCT7306	ED	243	152	0	1	12	139	105	34
PCT7306	TO	1044	517	0	1	49	467	332	135
PCT7307	MV	605	264	0	0	9	255	173	82
PCT7307	ED	169	101	0	0	10	91	78	13
PCT7307	TO	774	365	0	0	19	346	251	95
PCT7308	MV	520	249	0	0	13	236	160	76
PCT7308	ED	105	126	0	0	9	117	91	26
PCT7308	TO	625	375	0	0	22	353	251	102
PCT7309	MV	691	317	0	0	27	290	196	94
PCT7309	ED	167	156	0	0	11	145	103	42
PCT7309	TO	858	473	0	0	38	435	299	136
PCT7311	MV	698	325	0	0	20	305	198	107
PCT7311	ED	208	169	0	0	14	155	126	29
PCT7311	TO	906	494	0	0	34	460	324	136
PCT7312	MV	699	384	0	0	32	352	215	137
PCT7312	ED	111	120	0	0	10	110	58	52
PCT7312	TO	810	504	0	0	42	462	273	189
PCT7313	MV	818	365	0	0	23	342	236	106
PCT7313	ED	185	115	0	0	13	102	78	24
PCT7313	TO	1003	480	0	0	36	444	314	130
PCT7314	MV	612	222	0	0	32	190	115	75
PCT7314	ED	147	56	0	0	6	50	40	10
PCT7314	TO	759	278	0	0	38	240	155	85
PCT7315	MV	570	202	0	0	17	185	128	57
PCT7315	ED	195	117	0	0	9	108	80	28
PCT7315	TO	765	319	0	0	26	293	208	85
PCT7316	MV	654	255	0	0	29	226	144	82
PCT7316	ED	178	100	0	0	7	93	71	22
PCT7316	TO	832	355	0	0	36	319	215	104
PCT7317	MV	744	339	0	0	22	317	210	107
PCT7317	ED	146	107	0	0	9	98	72	26
PCT7317	TO	890	446	0	0	31	415	282	133
PCT7318	MV	605	289	0	0	36	253	150	103
PCT7318	ED	118	99	0	0	14	85	58	27
PCT7318	TO	723	388	0	0	50	338	208	130
PCT7319	MV	861	340	0	0	26	314	220	94
PCT7319	ED	188	113	0	0	14	99	63	36
PCT7319	TO	1049	453	0	0	40	413	283	130
PCT7321	MV	557	200	0	0	24	176	112	64
PCT7321	ED	102	62	0	0	6	56	39	17
PCT7321	TO	659	262	0	0	30	232	151	81
PCT7322	MV	742	292	0	0	36	256	137	119
PCT7322	ED	146	25	0	0	3	22	19	3
PCT7322	TO	888	317	0	0	39	278	156	122
PCT7323	MV	789	362	0	1	36	325	252	73
PCT7323	ED	167	126	0	0	11	115	92	23
PCT7323	TO	956	488	0	1	47	440	344	96
PCT7324	MV	586	253	0	0	23	230	172	58
PCT7324	ED	151	88	0	0	15	73	49	24
PCT7324	TO	737	341	0	0	38	303	221	82
PCT7325	MV	714	315	0	0	33	282	198	84
PCT7325	ED	172	121	0	0	12	109	79	30
PCT7325	TO	886	436	0	0	45	391	277	114
PCT7326	MV	685	298	0	0	30	268	169	99
PCT7326	ED	174	116	0	0	18	98	68	30
PCT7326	TO	859	414	0	0	48	366	237	129
PCT7327	MV	561	224	0	0	33	191	94	97
PCT7327	ED	126	37	0	0	1	36	26	10
PCT7327	TO	687	261	0	0	34	227	120	107
PCT7328	MV	829	321	0	0	64	257	123	134
PCT7328	ED	173	46	0	0	6	40	29	11
PCT7328	TO	1002	367	0	0	70	297	152	145
PCT7329	MV	556	222	0	0	23	199	119	80
PCT7329	ED	95	56	0	0	5	51	33	18
PCT7329	TO	651	278	0	0	28	250	152	98
PCT7331	MV	710	358	0	0	33	325	201	124
PCT7331	ED	160	129	0	0	20	109	71	38
PCT7331	TO	870	487	0	0	53	434	272	162
PCT7332	MV	654	256	0	0	23	233	183	50
PCT7332	ED	136	113	0	0	3	110	94	16
PCT7332	TO	790	369	0	0	26	343	277	66
PCT7333	MV	822	385	0	0	31	354	257	97
PCT7333	ED	193	161	0	0	13	148	114	34
PCT7333	TO	1015	546	0	0	44	502	371	131
PCT7334	MV	686	301	0	0	18	283	212	71
PCT7334	ED	133	105	0	0	7	98	70	28
PCT7334	TO	819	406	0	0	25	381	282	99
PCT7335	MV	788	385	0	0	33	352	227	125
PCT7335	ED	146	144	0	0	13	131	100	31
PCT7335	TO	934	529	0	0	46	483	327	156
PCT7336	MV	778	396	0	0	24	372	241	131
PCT7336	ED	176	128	0	0	15	113	76	37
PCT7336	TO	954	524	0	0	39	485	317	168
PCT7337	MV	772	379	0	0	34	345	220	125
PCT7337	ED	125	84	0	0	6	78	49	29
PCT7337	TO	897	463	0	0	40	423	269	154
PCT7338	MV	769	353	0	0	33	320	192	128
PCT7338	ED	126	70	0	0	6	64	51	13
PCT7338	TO	895	423	0	0	39	384	243	141
PCT7339	MV	605	262	0	0	20	242	177	65
PCT7339	ED	150	89	0	0	5	84	57	27
PCT7339	TO	755	351	0	0	25	326	234	92
PCT7341	MV	675	288	0	0	29	259	187	72
PCT7341	ED	178	131	0	0	7	124	100	24
PCT7341	TO	853	419	0	0	36	383	287	96
PCT7342	MV	673	316	0	0	21	295	220	75
PCT7342	ED	231	200	0	0	17	183	140	43
PCT7342	TO	904	516	0	0	38	478	360	118
PCT7343	MV	554	242	0	0	17	225	185	40
PCT7343	ED	150	116	0	0	9	107	83	24
PCT7343	TO	704	358	0	0	26	332	268	64
PCT7344	MV	863	378	0	0	22	356	247	109
PCT7344	ED	201	160	0	0	8	152	119	33
PCT7344	TO	1064	538	0	0	30	508	366	142
PCT7345	MV	903	418	0	0	32	386	306	80
PCT7345	ED	211	170	0	0	15	155	122	33
PCT7345	TO	1114	588	0	0	47	541	428	113
PCT7346	MV	680	280	0	0	22	258	200	58
PCT7346	ED	209	126	0	0	12	114	93	21
PCT7346	TO	889	406	0	0	34	372	293	79
PCT7347	MV	833	356	0	0	31	325	275	50
PCT7347	ED	170	98	0	0	8	90	75	15
PCT7347	TO	1003	454	0	0	39	415	350	65
PCT7348	MV	649	268	0	0	20	248	191	57
PCT7348	ED	194	100	0	0	8	92	72	20
PCT7348	TO	843	368	0	0	28	340	263	77
PCT7349	MV	710	310	0	0	22	288	195	93
PCT7349	ED	202	104	0	0	8	96	77	19
PCT7349	TO	912	414	0	0	30	384	272	112
PCT7501	MV	456	241	0	0	29	212	139	73
PCT7501	ED	95	90	0	0	8	82	55	27
PCT7501	TO	551	331	0	0	37	294	194	100
PCT7502	MV	668	310	0	0	24	286	193	93
PCT7502	ED	121	99	0	0	11	88	63	25
PCT7502	TO	789	409	0	0	35	374	256	118
PCT7503	MV	614	281	0	0	27	254	182	72
PCT7503	ED	148	100	0	0	12	88	68	20
PCT7503	TO	762	381	0	0	39	342	250	92
PCT7504	MV	404	173	0	0	16	157	108	49
PCT7504	ED	84	52	0	0	8	44	32	12
PCT7504	TO	488	225	0	0	24	201	140	61
PCT7505	MV	729	397	0	0	37	360	259	101
PCT7505	ED	133	96	0	0	7	89	72	17
PCT7505	TO	862	493	0	0	44	449	331	118
PCT7506	MV	842	360	0	0	37	323	233	90
PCT7506	ED	158	111	0	0	8	103	85	18
PCT7506	TO	1000	471	0	0	45	426	318	108
PCT7507	MV	693	286	0	0	23	263	200	63
PCT7507	ED	263	95	0	0	4	91	68	23
PCT7507	TO	956	381	0	0	27	354	268	86
PCT7508	MV	618	370	0	0	35	335	247	88
PCT7508	ED	126	103	0	1	8	94	72	22
PCT7508	TO	744	473	0	1	43	429	319	110
PCT7509	MV	756	396	0	0	22	374	259	115
PCT7509	ED	173	145	0	0	11	134	93	41
PCT7509	TO	929	541	0	0	33	508	352	156
PCT7512	MV	475	245	0	0	22	223	135	88
PCT7512	ED	125	85	0	0	7	78	57	21
PCT7512	TO	600	330	0	0	29	301	192	109
PCT7513	MV	575	243	0	0	32	211	161	50
PCT7513	ED	231	107	0	0	19	88	74	14
PCT7513	TO	806	350	0	0	51	299	235	64
PCT7514	MV	709	238	0	0	36	202	141	61
PCT7514	ED	207	59	0	0	14	45	31	14
PCT7514	TO	916	297	0	0	50	247	172	75
PCT7515	MV	663	311	0	0	22	289	200	89
PCT7515	ED	201	90	0	0	12	78	62	16
PCT7515	TO	864	401	0	0	34	367	262	105
PCT7516	MV	773	415	0	0	26	389	292	97
PCT7516	ED	147	118	0	0	5	113	81	32
PCT7516	TO	920	533	0	0	31	502	373	129
PCT7517	MV	645	354	0	0	37	317	252	65
PCT7517	ED	223	179	0	0	13	166	140	26
PCT7517	TO	868	533	0	0	50	483	392	91
PCT7518	MV	708	381	0	0	34	347	272	75
PCT7518	ED	218	185	0	0	13	172	145	27
PCT7518	TO	926	566	0	0	47	519	417	102
PCT7519	MV	543	254	0	0	25	229	184	45
PCT7519	ED	172	136	0	0	10	126	105	21
PCT7519	TO	715	390	0	0	35	355	289	66
PCT7521	MV	597	312	0	0	21	291	240	51
PCT7521	ED	182	149	0	0	8	141	117	24
PCT7521	TO	779	461	0	0	29	432	357	75
PCT7522	MV	588	291	0	0	22	269	224	45
PCT7522	ED	171	158	0	0	12	146	124	22
PCT7522	TO	759	449	0	0	34	415	348	67
PCT7523	MV	564	282	0	1	23	258	206	52
PCT7523	ED	180	169	0	0	10	159	124	35
PCT7523	TO	744	451	0	1	33	417	330	87
PCT7524	MV	480	221	0	0	17	204	165	39
PCT7524	ED	144	102	0	0	5	97	76	21
PCT7524	TO	624	323	0	0	22	301	241	60
PCT7525	MV	594	243	0	0	27	216	168	48
PCT7525	ED	170	94	0	0	10	84	69	15
PCT7525	TO	764	337	0	0	37	300	237	63
PCT7526	MV	825	390	0	0	42	348	278	70
PCT7526	ED	163	147	0	0	14	133	102	31
PCT7526	TO	988	537	0	0	56	481	380	101
PCT7527	MV	538	291	0	0	29	262	205	57
PCT7527	ED	172	112	0	0	5	107	88	19
PCT7527	TO	710	403	0	0	34	369	293	76
PCT7529	MV	748	361	0	0	24	337	282	55
PCT7529	ED	155	185	0	0	9	176	146	30
PCT7529	TO	903	546	0	0	33	513	428	85
PCT7531	MV	714	328	0	0	17	311	267	44
PCT7531	ED	159	132	0	0	2	130	112	18
PCT7531	TO	873	460	0	0	19	441	379	62
PCT7532	MV	668	325	0	0	23	302	222	80
PCT7532	ED	167	126	0	0	11	115	75	40
PCT7532	TO	835	451	0	0	34	417	297	120
PCT7533	MV	776	395	0	0	34	361	289	72
PCT7533	ED	194	185	0	0	14	171	146	25
PCT7533	TO	970	580	0	0	48	532	435	97
PCT7534	MV	670	363	0	0	25	338	281	57
PCT7534	ED	233	177	0	0	14	163	139	24
PCT7534	TO	903	540	0	0	39	501	420	81
PCT7535	MV	606	297	0	0	30	267	218	49
PCT7535	ED	139	151	0	1	16	134	117	17
PCT7535	TO	745	448	0	1	46	401	335	66
PCT7536	MV	670	337	0	0	15	322	264	58
PCT7536	ED	163	170	0	0	13	157	132	25
PCT7536	TO	833	507	0	0	28	479	396	83
PCT7537	MV	619	294	0	0	19	275	222	53
PCT7537	ED	126	148	0	0	12	136	110	26
PCT7537	TO	745	442	0	0	31	411	332	79
PCT7538	MV	562	313	0	0	19	294	234	60
PCT7538	ED	189	172	0	0	10	162	136	26
PCT7538	TO	751	485	0	0	29	456	370	86
PCT7539	MV	696	363	0	0	23	340	282	58
PCT7539	ED	225	187	0	0	8	179	161	18
PCT7539	TO	921	550	0	0	31	519	443	76
PCT7541	MV	600	289	0	0	23	266	220	46
PCT7541	ED	170	159	0	0	15	144	124	20
PCT7541	TO	770	448	0	0	38	410	344	66
PCT7542	MV	631	315	0	0	18	297	256	41
PCT7542	ED	193	166	0	0	7	159	135	24
PCT7542	TO	824	481	0	0	25	456	391	65
PCT7543	MV	694	365	0	0	19	346	289	57
PCT7543	ED	230	138	0	0	11	127	109	18
PCT7543	TO	924	503	0	0	30	473	398	75
PCT7544	MV	731	383	0	0	34	349	290	59
PCT7544	ED	168	159	0	0	11	148	123	25
PCT7544	TO	899	542	0	0	45	497	413	84
PCT7545	MV	723	385	0	0	29	356	290	66
PCT7545	ED	172	146	0	0	12	134	117	17
PCT7545	TO	895	531	0	0	41	490	407	83
PCT7546	MV	770	413	0	0	26	387	315	72
PCT7546	ED	183	209	0	0	13	196	146	50
PCT7546	TO	953	622	0	0	39	583	461	122
PCT7547	MV	796	413	0	0	31	382	328	54
PCT7547	ED	185	172	0	0	12	160	141	19
PCT7547	TO	981	585	0	0	43	542	469	73
PCT7548	MV	802	434	0	0	26	408	337	71
PCT7548	ED	249	201	0	0	8	193	166	27
PCT7548	TO	1051	635	0	0	34	601	503	98
PCT7549	MV	660	350	0	0	27	323	244	79
PCT7549	ED	146	140	0	0	18	122	95	27
PCT7549	TO	806	490	0	0	45	445	339	106
PCT7551	MV	587	295	0	0	17	278	220	58
PCT7551	ED	136	171	0	0	10	161	118	43
PCT7551	TO	723	466	0	0	27	439	338	101
PCT7552	MV	561	282	0	1	24	257	196	61
PCT7552	ED	124	127	0	1	13	113	87	26
PCT7552	TO	685	409	0	2	37	370	283	87
PCT7553	MV	211	94	0	0	8	86	64	22
PCT7553	ED	-20	0	0	0	0	0	0	0
PCT7553	TO	191	94	0	0	8	86	64	22
PCT7554	MV	653	372	0	0	33	339	255	84
PCT7554	ED	168	177	0	0	16	161	118	43
PCT7554	TO	821	549	0	0	49	500	373	127
PCT7555	MV	662	407	0	0	36	371	277	94
PCT7555	ED	210	210	0	0	16	194	139	55
PCT7555	TO	872	617	0	0	52	565	416	149
PCT7556	MV	813	505	0	0	26	479	354	125
PCT7556	ED	153	165	0	0	15	150	105	45
PCT7556	TO	966	670	0	0	41	629	459	170
PCT7601	MV	485	205	0	0	16	189	138	51
PCT7601	ED	192	89	0	0	10	79	67	12
PCT7601	TO	677	294	0	0	26	268	205	63
PCT7602	MV	654	271	0	0	21	250	201	49
PCT7602	ED	232	103	0	0	9	94	84	10
PCT7602	TO	886	374	0	0	30	344	285	59
PCT7603	MV	612	285	0	0	24	261	216	45
PCT7603	ED	203	167	0	0	10	157	133	24
PCT7603	TO	815	452	0	0	34	418	349	69
PCT7604	MV	685	261	0	1	19	241	196	45
PCT7604	ED	259	133	0	0	15	118	97	21
PCT7604	TO	944	394	0	1	34	359	293	66
PCT7605	MV	468	184	0	0	19	165	110	55
PCT7605	ED	193	62	0	0	5	57	41	16
PCT7605	TO	661	246	0	0	24	222	151	71
PCT7606	MV	673	263	0	0	29	234	177	57
PCT7606	ED	210	79	0	0	6	73	57	16
PCT7606	TO	883	342	0	0	35	307	234	73
PCT7607	MV	712	282	0	0	20	262	204	58
PCT7607	ED	207	100	0	0	3	97	79	18
PCT7607	TO	919	382	0	0	23	359	283	76
PCT7608	MV	279	96	0	0	8	88	48	40
PCT7608	ED	101	19	0	0	1	18	14	4
PCT7608	TO	380	115	0	0	9	106	62	44
PCT7609	MV	699	280	0	0	40	240	154	86
PCT7609	ED	185	49	0	0	6	43	30	13
PCT7609	TO	884	329	0	0	46	283	184	99
PCT7611	MV	586	230	0	0	17	213	155	58
PCT7611	ED	202	43	0	0	3	40	31	9
PCT7611	TO	788	273	0	0	20	253	186	67
PCT7612	MV	452	213	0	2	13	198	134	64
PCT7612	ED	105	29	0	0	0	29	19	10
PCT7612	TO	557	242	0	2	13	227	153	74
PCT7613	MV	634	236	0	0	19	217	161	56
PCT7613	ED	249	86	0	1	7	78	63	15
PCT7613	TO	883	322	0	1	26	295	224	71
PCT7614	MV	712	244	0	0	26	218	167	51
PCT7614	ED	204	78	0	0	6	72	58	14
PCT7614	TO	916	322	0	0	32	290	225	65
PCT7615	MV	510	162	0	0	14	148	111	37
PCT7615	ED	240	58	0	0	3	55	47	8
PCT7615	TO	750	220	0	0	17	203	158	45
PCT7616	MV	754	325	0	0	34	291	239	52
PCT7616	ED	82	86	0	1	8	77	57	20
PCT7616	TO	836	411	0	1	42	368	296	72
PCT7617	MV	583	218	0	0	29	189	131	58
PCT7617	ED	169	42	0	0	6	36	27	9
PCT7617	TO	752	260	0	0	35	225	158	67
PCT7618	MV	763	360	0	0	28	332	257	75
PCT7618	ED	151	84	0	0	7	77	55	22
PCT7618	TO	914	444	0	0	35	409	312	97
PCT7619	MV	937	432	0	0	31	401	330	71
PCT7619	ED	170	117	0	0	12	105	91	14
PCT7619	TO	1107	549	0	0	43	506	421	85
PCT7621	MV	1006	437	0	0	24	413	323	90
PCT7621	ED	149	103	0	0	11	92	69	23
PCT7621	TO	1155	540	0	0	35	505	392	113
PCT7622	MV	697	213	0	0	13	200	144	56
PCT7622	ED	263	73	0	0	8	65	54	11
PCT7622	TO	960	286	0	0	21	265	198	67
PCT7623	MV	767	255	0	1	22	232	172	60
PCT7623	ED	237	98	0	0	8	90	72	18
PCT7623	TO	1004	353	0	1	30	322	244	78
PCT7624	MV	651	205	0	0	18	187	127	60
PCT7624	ED	224	72	0	0	10	62	53	9
PCT7624	TO	875	277	0	0	28	249	180	69
PCT7625	MV	749	386	0	0	68	318	176	142
PCT7625	ED	73	34	0	0	2	32	18	14
PCT7625	TO	822	420	0	0	70	350	194	156
PCT7626	MV	944	396	0	0	42	354	241	113
PCT7626	ED	129	105	0	0	6	99	72	27
PCT7626	TO	1073	501	0	0	48	453	313	140
PCT7627	MV	456	194	0	0	18	176	111	65
PCT7627	ED	68	57	0	0	6	51	38	13
PCT7627	TO	524	251	0	0	24	227	149	78
PCT7628	MV	718	324	0	0	21	303	237	66
PCT7628	ED	220	110	0	0	3	107	83	24
PCT7628	TO	938	434	0	0	24	410	320	90
PCT7629	MV	691	266	0	0	22	244	191	53
PCT7629	ED	162	86	0	0	5	81	60	21
PCT7629	TO	853	352	0	0	27	325	251	74
PCT7631	MV	1009	433	0	0	35	398	290	108
PCT7631	ED	210	110	0	0	8	102	83	19
PCT7631	TO	1219	543	0	0	43	500	373	127
PCT7632	MV	1002	411	0	0	24	387	306	81
PCT7632	ED	169	128	0	0	6	122	95	27
PCT7632	TO	1171	539	0	0	30	509	401	108
PCT7633	MV	609	278	0	0	28	250	165	85
PCT7633	ED	126	96	0	0	9	87	71	16
PCT7633	TO	735	374	0	0	37	337	236	101
PCT7634	MV	704	338	0	0	42	296	203	93
PCT7634	ED	186	101	0	0	13	88	57	31
PCT7634	TO	890	439	0	0	55	384	260	124
PCT7635	MV	665	267	0	0	13	254	172	82
PCT7635	ED	188	62	0	0	4	58	48	10
PCT7635	TO	853	329	0	0	17	312	220	92
PCT7636	MV	797	321	0	0	28	293	223	70
PCT7636	ED	162	107	0	0	8	99	69	30
PCT7636	TO	959	428	0	0	36	392	292	100
PCT7637	MV	747	340	0	0	35	305	199	106
PCT7637	ED	121	98	0	1	7	90	56	34
PCT7637	TO	868	438	0	1	42	395	255	140
PCT7638	MV	806	370	0	0	34	336	208	128
PCT7638	ED	83	87	0	0	9	78	43	35
PCT7638	TO	889	457	0	0	43	414	251	163
PCT7639	MV	889	390	0	0	33	357	241	116
PCT7639	ED	133	132	0	0	22	110	82	28
PCT7639	TO	1022	522	0	0	55	467	323	144
PCT7641	MV	817	397	0	0	22	375	228	147
PCT7641	ED	134	92	0	0	5	87	52	35
PCT7641	TO	951	489	0	0	27	462	280	182
PCT7642	MV	647	305	0	0	17	288	171	117
PCT7642	ED	118	79	0	0	10	69	40	29
PCT7642	TO	765	384	0	0	27	357	211	146
PCT7643	MV	810	429	0	0	28	401	281	120
PCT7643	ED	131	105	0	0	13	92	61	31
PCT7643	TO	941	534	0	0	41	493	342	151
PCT7644	MV	1014	397	0	1	39	357	271	86
PCT7644	ED	162	142	0	0	10	132	107	25
PCT7644	TO	1176	539	0	1	49	489	378	111
PCT7645	MV	595	282	0	0	22	260	153	107
PCT7645	ED	61	56	0	0	9	47	33	14
PCT7645	TO	656	338	0	0	31	307	186	121
PCT7646	MV	1032	480	0	0	42	438	318	120
PCT7646	ED	121	133	0	0	23	110	86	24
PCT7646	TO	1153	613	0	0	65	548	404	144
PCT7647	MV	724	206	0	0	8	198	141	57
PCT7647	ED	263	79	0	0	7	72	58	14
PCT7647	TO	987	285	0	0	15	270	199	71
PCT7648	MV	2	1	0	0	1	0	0	0
PCT7648	ED	0	0	0	0	0	0	0	0
PCT7648	TO	2	1	0	0	1	0	0	0
PCT7649	MV	722	284	0	0	15	269	184	85
PCT7649	ED	178	78	0	0	5	73	49	24
PCT7649	TO	900	362	0	0	20	342	233	109
PCT7651	MV	834	323	0	0	31	292	209	83
PCT7651	ED	113	72	0	0	5	67	49	18
PCT7651	TO	947	395	0	0	36	359	258	101
PCT7652	MV	534	200	0	0	15	185	133	52
PCT7652	ED	101	86	0	0	7	79	60	19
PCT7652	TO	635	286	0	0	22	264	193	71
PCT7653	MV	750	322	0	0	36	286	216	70
PCT7653	ED	89	79	0	0	6	73	50	23
PCT7653	TO	839	401	0	0	42	359	266	93
PCT7654	MV	413	188	0	0	13	175	129	46
PCT7654	ED	53	83	0	0	12	71	55	16
PCT7654	TO	466	271	0	0	25	246	184	62
PCT7655	MV	582	211	0	0	11	200	139	61
PCT7655	ED	97	59	0	0	11	48	38	10
PCT7655	TO	679	270	0	0	22	248	177	71
PCT7656	MV	603	302	0	0	27	275	169	106
PCT7656	ED	35	40	0	0	3	37	29	8
PCT7656	TO	638	342	0	0	30	312	198	114
PCT7657	MV	561	265	0	0	27	238	167	71
PCT7657	ED	37	61	0	0	5	56	41	15
PCT7657	TO	598	326	0	0	32	294	208	86
PCT7701	MV	868	474	0	0	47	427	307	120
PCT7701	ED	196	173	0	0	16	157	112	45
PCT7701	TO	1064	647	0	0	63	584	419	165
PCT7702	MV	623	369	0	0	22	347	208	139
PCT7702	ED	133	103	0	0	5	98	67	31
PCT7702	TO	756	472	0	0	27	445	275	170
PCT7703	MV	187	71	0	0	10	61	41	20
PCT7703	ED	-13	0	0	0	0	0	0	0
PCT7703	TO	174	71	0	0	10	61	41	20
PCT7704	MV	798	485	0	0	38	447	254	193
PCT7704	ED	204	173	0	0	10	163	92	71
PCT7704	TO	1002	658	0	0	48	610	346	264
PCT7705	MV	470	281	0	0	20	261	156	105
PCT7705	ED	125	110	0	0	10	100	51	49
PCT7705	TO	595	391	0	0	30	361	207	154
PCT7706	MV	686	446	0	0	31	415	254	161
PCT7706	ED	180	162	0	0	12	150	92	58
PCT7706	TO	866	608	0	0	43	565	346	219
PCT7707	MV	683	424	0	0	28	396	257	139
PCT7707	ED	189	179	0	0	10	169	105	64
PCT7707	TO	872	603	0	0	38	565	362	203
PCT7708	MV	710	455	0	0	33	422	270	152
PCT7708	ED	165	152	0	0	12	140	92	48
PCT7708	TO	875	607	0	0	45	562	362	200
PCT7709	MV	322	191	0	0	12	179	119	60
PCT7709	ED	84	90	0	0	4	86	68	18
PCT7709	TO	406	281	0	0	16	265	187	78
PCT7711	MV	658	372	0	0	22	350	241	109
PCT7711	ED	153	125	0	0	5	120	89	31
PCT7711	TO	811	497	0	0	27	470	330	140
PCT7712	MV	423	254	0	0	14	240	182	58
PCT7712	ED	109	106	0	0	7	99	70	29
PCT7712	TO	532	360	0	0	21	339	252	87
PCT7801	MV	823	469	0	0	23	446	319	127
PCT7801	ED	151	190	0	0	12	178	125	53
PCT7801	TO	974	659	0	0	35	624	444	180
PCT7802	MV	646	393	0	0	27	366	259	107
PCT7802	ED	152	157	0	1	10	146	118	28
PCT7802	TO	798	550	0	1	37	512	377	135
PCT7803	MV	718	470	0	0	25	445	342	103
PCT7803	ED	113	128	0	0	9	119	90	29
PCT7803	TO	831	598	0	0	34	564	432	132
PCT7804	MV	733	459	0	0	39	420	335	85
PCT7804	ED	152	180	0	0	20	160	120	40
PCT7804	TO	885	639	0	0	59	580	455	125
PCT7805	MV	644	389	0	0	32	357	296	61
PCT7805	ED	156	155	0	0	10	145	128	17
PCT7805	TO	800	544	0	0	42	502	424	78
PCT7806	MV	602	353	0	1	29	323	257	66
PCT7806	ED	153	152	0	0	10	142	125	17
PCT7806	TO	755	505	0	1	39	465	382	83
PCT7807	MV	642	353	0	0	20	333	287	46
PCT7807	ED	185	174	0	0	12	162	147	15
PCT7807	TO	827	527	0	0	32	495	434	61
PCT7808	MV	525	288	0	0	25	263	222	41
PCT7808	ED	129	129	0	0	14	115	99	16
PCT7808	TO	654	417	0	0	39	378	321	57
PCT7809	MV	624	348	0	0	25	323	284	39
PCT7809	ED	140	135	0	0	8	127	111	16
PCT7809	TO	764	483	0	0	33	450	395	55
PCT7811	MV	582	303	0	0	22	281	232	49
PCT7811	ED	176	155	0	0	5	150	123	27
PCT7811	TO	758	458	0	0	27	431	355	76
PCT7812	MV	680	364	0	0	28	336	287	49
PCT7812	ED	217	163	0	0	10	153	121	32
PCT7812	TO	897	527	0	0	38	489	408	81
PCT7813	MV	842	478	0	0	21	457	383	74
PCT7813	ED	226	214	0	1	17	196	169	27
PCT7813	TO	1068	692	0	1	38	653	552	101
PCT7814	MV	660	274	0	0	17	257	207	50
PCT7814	ED	241	118	0	0	10	108	86	22
PCT7814	TO	901	392	0	0	27	365	293	72
PCT7815	MV	749	460	0	0	41	419	326	93
PCT7815	ED	168	176	0	0	6	170	139	31
PCT7815	TO	917	636	0	0	47	589	465	124
PCT7816	MV	724	466	0	0	34	432	360	72
PCT7816	ED	148	149	0	0	8	141	109	32
PCT7816	TO	872	615	0	0	42	573	469	104
PCT7817	MV	652	386	0	0	10	376	331	45
PCT7817	ED	186	182	0	0	9	173	150	23
PCT7817	TO	838	568	0	0	19	549	481	68
PCT7818	MV	668	389	0	0	21	368	310	58
PCT7818	ED	171	149	0	0	8	141	120	21
PCT7818	TO	839	538	0	0	29	509	430	79
PCT7819	MV	635	346	0	0	26	320	256	64
PCT7819	ED	139	89	0	0	9	80	68	12
PCT7819	TO	774	435	0	0	35	400	324	76
PCT7821	MV	806	513	0	0	16	497	406	91
PCT7821	ED	170	189	0	0	10	179	141	38
PCT7821	TO	976	702	0	0	26	676	547	129
PCT7822	MV	673	390	0	0	21	369	319	50
PCT7822	ED	219	222	0	0	21	201	159	42
PCT7822	TO	892	612	0	0	42	570	478	92
PCT7823	MV	706	398	0	0	23	375	312	63
PCT7823	ED	177	188	0	0	5	183	161	22
PCT7823	TO	883	586	0	0	28	558	473	85
PCT7824	MV	614	324	0	0	23	301	244	57
PCT7824	ED	154	158	0	0	16	142	115	27
PCT7824	TO	768	482	0	0	39	443	359	84
PCT7825	MV	457	248	0	0	15	233	203	30
PCT7825	ED	151	130	0	0	6	124	105	19
PCT7825	TO	608	378	0	0	21	357	308	49
PCT7826	MV	486	256	0	0	13	243	204	39
PCT7826	ED	204	162	0	0	11	151	131	20
PCT7826	TO	690	418	0	0	24	394	335	59
PCT7827	MV	607	312	0	0	20	292	231	61
PCT7827	ED	219	145	0	0	10	135	118	17
PCT7827	TO	826	457	0	0	30	427	349	78
PCT7828	MV	857	469	0	0	34	435	328	107
PCT7828	ED	171	177	0	1	20	156	117	39
PCT7828	TO	1028	646	0	1	54	591	445	146
PCT7829	MV	742	456	0	0	33	423	323	100
PCT7829	ED	149	151	0	1	6	144	114	30
PCT7829	TO	891	607	0	1	39	567	437	130
PCT7831	MV	763	478	0	0	36	442	340	102
PCT7831	ED	139	137	0	0	7	130	103	27
PCT7831	TO	902	615	0	0	43	572	443	129
PCT7832	MV	663	401	0	1	24	376	301	75
PCT7832	ED	118	127	0	0	8	119	89	30
PCT7832	TO	781	528	0	1	32	495	390	105
PCT7833	MV	587	339	0	0	21	318	265	53
PCT7833	ED	146	145	0	0	16	129	109	20
PCT7833	TO	733	484	0	0	37	447	374	73
PCT7834	MV	700	363	0	0	32	331	278	53
PCT7834	ED	194	175	0	0	14	161	127	34
PCT7834	TO	894	538	0	0	46	492	405	87
PCT7835	MV	721	423	0	1	24	398	301	97
PCT7835	ED	142	147	0	0	15	132	97	35
PCT7835	TO	863	570	0	1	39	530	398	132
PCT7836	MV	850	503	0	0	35	468	362	106
PCT7836	ED	193	169	0	1	6	162	126	36
PCT7836	TO	1043	672	0	1	41	630	488	142
PCT7837	MV	717	416	0	0	35	381	278	103
PCT7837	ED	206	198	0	0	16	182	136	46
PCT7837	TO	923	614	0	0	51	563	414	149
PCT7838	MV	752	484	0	0	31	453	331	122
PCT7838	ED	143	155	0	0	12	143	116	27
PCT7838	TO	895	639	0	0	43	596	447	149
PCT7839	MV	731	445	0	1	36	408	309	99
PCT7839	ED	130	136	0	0	7	129	98	31
PCT7839	TO	861	581	0	1	43	537	407	130
PCT7841	MV	752	449	0	0	34	415	315	100
PCT7841	ED	198	207	0	0	15	192	141	51
PCT7841	TO	950	656	0	0	49	607	456	151
PCT7842	MV	702	382	0	0	27	355	288	67
PCT7842	ED	177	154	0	1	7	146	113	33
PCT7842	TO	879	536	0	1	34	501	401	100
PCT7843	MV	546	289	0	0	15	274	216	58
PCT7843	ED	183	163	0	0	12	151	128	23
PCT7843	TO	729	452	0	0	27	425	344	81
PCT7844	MV	499	276	0	1	24	251	215	36
PCT7844	ED	152	136	0	0	13	123	100	23
PCT7844	TO	651	412	0	1	37	374	315	59
PCT7845	MV	676	393	0	0	24	369	276	93
PCT7845	ED	204	177	0	0	14	163	123	40
PCT7845	TO	880	570	0	0	38	532	399	133
PCT7846	MV	736	454	0	0	43	411	297	114
PCT7846	ED	172	166	0	0	13	153	112	41
PCT7846	TO	908	620	0	0	56	564	409	155
PCT7847	MV	698	421	0	0	33	388	304	84
PCT7847	ED	193	181	0	0	8	173	134	39
PCT7847	TO	891	602	0	0	41	561	438	123
PCT7848	MV	665	427	0	0	20	407	288	119
PCT7848	ED	182	168	0	0	20	148	111	37
PCT7848	TO	847	595	0	0	40	555	399	156
PCT7849	MV	729	427	0	0	34	393	299	94
PCT7849	ED	172	186	0	0	17	169	137	32
PCT7849	TO	901	613	0	0	51	562	436	126
PCT7851	MV	414	266	0	0	22	244	145	99
PCT7851	ED	112	84	0	0	8	76	40	36
PCT7851	TO	526	350	0	0	30	320	185	135
PCT7852	MV	533	347	0	0	28	319	219	100
PCT7852	ED	111	103	0	0	8	95	62	33
PCT7852	TO	644	450	0	0	36	414	281	133
PCT7853	MV	694	382	0	0	32	350	243	107
PCT7853	ED	161	137	0	0	8	129	85	44
PCT7853	TO	855	519	0	0	40	479	328	151
PCT7854	MV	703	422	0	0	41	381	288	93
PCT7854	ED	175	172	0	0	11	161	127	34
PCT7854	TO	878	594	0	0	52	542	415	127
PCT7855	MV	763	440	0	0	35	405	295	110
PCT7855	ED	211	202	0	0	18	184	143	41
PCT7855	TO	974	642	0	0	53	589	438	151
PCT7856	MV	643	362	0	0	21	341	253	88
PCT7856	ED	204	193	0	0	14	179	143	36
PCT7856	TO	847	555	0	0	35	520	396	124
PCT7857	MV	748	427	0	0	37	390	291	99
PCT7857	ED	158	153	0	1	12	140	103	37
PCT7857	TO	906	580	0	1	49	530	394	136
PCT7858	MV	622	345	0	0	26	319	265	54
PCT7858	ED	157	147	0	0	9	138	111	27
PCT7858	TO	779	492	0	0	35	457	376	81
PCT7859	MV	747	457	0	0	34	423	312	111
PCT7859	ED	152	165	0	0	17	148	109	39
PCT7859	TO	899	622	0	0	51	571	421	150
PCT7861	MV	699	424	0	0	20	404	301	103
PCT7861	ED	164	171	0	0	11	160	124	36
PCT7861	TO	863	595	0	0	31	564	425	139
PCT7862	MV	669	397	0	0	28	369	287	82
PCT7862	ED	195	197	0	0	10	187	139	48
PCT7862	TO	864	594	0	0	38	556	426	130
PCT7863	MV	692	361	0	0	27	334	259	75
PCT7863	ED	209	205	0	0	7	198	158	40
PCT7863	TO	901	566	0	0	34	532	417	115
PCT7864	MV	661	365	0	0	32	333	241	92
PCT7864	ED	153	157	0	0	13	144	106	38
PCT7864	TO	814	522	0	0	45	477	347	130
PCT7865	MV	677	402	0	0	39	363	275	88
PCT7865	ED	163	157	0	0	8	149	119	30
PCT7865	TO	840	559	0	0	47	512	394	118
PCT7866	MV	690	444	0	0	31	413	257	156
PCT7866	ED	158	141	0	0	8	133	88	45
PCT7866	TO	848	585	0	0	39	546	345	201
PCT7867	MV	766	462	0	0	26	436	320	116
PCT7867	ED	212	182	0	0	16	166	121	45
PCT7867	TO	978	644	0	0	42	602	441	161
PCT7868	MV	659	368	0	0	22	346	243	103
PCT7868	ED	217	161	0	0	12	149	105	44
PCT7868	TO	876	529	0	0	34	495	348	147
PCT7869	MV	682	436	0	0	21	415	303	112
PCT7869	ED	179	189	0	0	16	173	132	41
PCT7869	TO	861	625	0	0	37	588	435	153
PCT7871	MV	702	456	0	0	32	424	323	101
PCT7871	ED	200	157	0	0	10	147	97	50
PCT7871	TO	902	613	0	0	42	571	420	151
PCT7872	MV	675	410	0	0	26	384	276	108
PCT7872	ED	199	185	0	0	11	174	124	50
PCT7872	TO	874	595	0	0	37	558	400	158
PCT7873	MV	688	437	0	0	28	409	298	111
PCT7873	ED	203	212	0	0	19	193	148	45
PCT7873	TO	891	649	0	0	47	602	446	156
PCT7874	MV	370	187	0	0	9	178	134	44
PCT7874	ED	119	107	0	0	8	99	76	23
PCT7874	TO	489	294	0	0	17	277	210	67
PCT7875	MV	500	247	0	0	18	229	155	74
PCT7875	ED	147	114	0	0	6	108	82	26
PCT7875	TO	647	361	0	0	24	337	237	100
PCT7876	MV	462	250	0	0	23	227	197	30
PCT7876	ED	106	91	0	0	15	76	62	14
PCT7876	TO	568	341	0	0	38	303	259	44
PCT7901	MV	399	191	0	0	11	180	153	27
PCT7901	ED	150	65	0	0	3	62	55	7
PCT7901	TO	549	256	0	0	14	242	208	34
PCT7902	MV	680	286	0	0	13	273	211	62
PCT7902	ED	232	139	0	0	7	132	111	21
PCT7902	TO	912	425	0	0	20	405	322	83
PCT7903	MV	622	278	0	0	17	261	213	48
PCT7903	ED	230	123	0	0	10	113	94	19
PCT7903	TO	852	401	0	0	27	374	307	67
PCT7904	MV	678	289	0	0	21	268	207	61
PCT7904	ED	159	115	0	0	8	107	91	16
PCT7904	TO	837	404	0	0	29	375	298	77
PCT7905	MV	684	354	0	1	22	331	271	60
PCT7905	ED	191	183	0	0	8	175	141	34
PCT7905	TO	875	537	0	1	30	506	412	94
PCT7906	MV	599	276	0	0	16	260	223	37
PCT7906	ED	187	115	0	0	13	102	92	10
PCT7906	TO	786	391	0	0	29	362	315	47
PCT7907	MV	704	339	0	0	16	323	273	50
PCT7907	ED	238	163	0	0	14	149	127	22
PCT7907	TO	942	502	0	0	30	472	400	72
PCT7908	MV	752	359	0	0	21	338	259	79
PCT7908	ED	240	169	0	0	14	155	129	26
PCT7908	TO	992	528	0	0	35	493	388	105
PCT7909	MV	558	308	0	0	21	287	251	36
PCT7909	ED	185	140	0	1	6	133	107	26
PCT7909	TO	743	448	0	1	27	420	358	62
PCT7911	MV	666	315	0	0	20	295	225	70
PCT7911	ED	205	129	0	0	10	119	97	22
PCT7911	TO	871	444	0	0	30	414	322	92
PCT7912	MV	800	368	0	0	18	350	298	52
PCT7912	ED	259	176	0	0	21	155	125	30
PCT7912	TO	1059	544	0	0	39	505	423	82
PCT7913	MV	659	345	0	0	10	335	270	65
PCT7913	ED	264	212	0	0	7	205	164	41
PCT7913	TO	923	557	0	0	17	540	434	106
PCT7914	MV	715	381	0	1	28	352	280	72
PCT7914	ED	187	140	0	0	13	127	102	25
PCT7914	TO	902	521	0	1	41	479	382	97
PCT7915	MV	605	279	0	0	20	259	208	51
PCT7915	ED	238	181	0	1	6	174	136	38
PCT7915	TO	843	460	0	1	26	433	344	89
PCT7916	MV	639	321	0	0	15	306	252	54
PCT7916	ED	219	160	0	0	10	150	136	14
PCT7916	TO	858	481	0	0	25	456	388	68
PCT7917	MV	716	353	0	0	18	335	278	57
PCT7917	ED	271	187	0	0	5	182	154	28
PCT7917	TO	987	540	0	0	23	517	432	85
PCT7918	MV	597	296	0	1	21	274	233	41
PCT7918	ED	227	143	0	0	6	137	110	27
PCT7918	TO	824	439	0	1	27	411	343	68
PCT7919	MV	608	305	0	0	19	286	231	55
PCT7919	ED	258	175	0	0	10	165	142	23
PCT7919	TO	866	480	0	0	29	451	373	78
PCT7921	MV	682	302	0	0	17	285	224	61
PCT7921	ED	229	101	0	0	4	97	78	19
PCT7921	TO	911	403	0	0	21	382	302	80
PCT7922	MV	648	309	0	0	19	290	227	63
PCT7922	ED	210	155	0	0	9	146	119	27
PCT7922	TO	858	464	0	0	28	436	346	90
PCT7923	MV	666	331	0	1	20	310	237	73
PCT7923	ED	214	170	0	0	9	161	134	27
PCT7923	TO	880	501	0	1	29	471	371	100
PCT7924	MV	649	294	0	0	15	279	217	62
PCT7924	ED	202	124	0	0	5	119	93	26
PCT7924	TO	851	418	0	0	20	398	310	88
PCT7925	MV	434	222	0	0	17	205	164	41
PCT7925	ED	110	89	0	0	4	85	67	18
PCT7925	TO	544	311	0	0	21	290	231	59
PCT7926	MV	610	328	0	0	22	306	229	77
PCT7926	ED	178	150	0	0	12	138	106	32
PCT7926	TO	788	478	0	0	34	444	335	109
PCT7927	MV	580	325	0	0	27	298	244	54
PCT7927	ED	162	152	0	0	6	146	117	29
PCT7927	TO	742	477	0	0	33	444	361	83
PCT7928	MV	700	389	0	0	22	367	300	67
PCT7928	ED	217	208	0	0	4	204	167	37
PCT7928	TO	917	597	0	0	26	571	467	104
PCT7929	MV	678	419	0	0	21	398	298	100
PCT7929	ED	169	170	0	0	12	158	114	44
PCT7929	TO	847	589	0	0	33	556	412	144
PCT7931	MV	610	368	0	0	30	338	274	64
PCT7931	ED	141	149	0	0	12	137	108	29
PCT7931	TO	751	517	0	0	42	475	382	93
PCT7932	MV	443	276	0	0	19	257	175	82
PCT7932	ED	118	95	0	0	10	85	61	24
PCT7932	TO	561	371	0	0	29	342	236	106
PCT7933	MV	9	6	0	0	0	6	3	3
PCT7933	ED	-1	0	0	0	0	0	0	0
PCT7933	TO	8	6	0	0	0	6	3	3
PCT7934	MV	702	398	0	0	31	367	289	78
PCT7934	ED	182	154	0	0	18	136	116	20
PCT7934	TO	884	552	0	0	49	503	405	98
PCT7935	MV	715	429	0	0	32	397	320	77
PCT7935	ED	228	225	0	1	19	205	176	29
PCT7935	TO	943	654	0	1	51	602	496	106
PCT7936	MV	620	365	0	0	28	337	270	67
PCT7936	ED	236	220	0	0	7	213	170	43
PCT7936	TO	856	585	0	0	35	550	440	110
PCT7937	MV	698	404	0	0	31	373	290	83
PCT7937	ED	202	171	0	0	8	163	140	23
PCT7937	TO	900	575	0	0	39	536	430	106
PCT7938	MV	536	297	0	0	20	277	214	63
PCT7938	ED	215	120	0	0	5	115	93	22
PCT7938	TO	751	417	0	0	25	392	307	85
PCT7939	MV	481	279	0	0	19	260	213	47
PCT7939	ED	205	191	0	0	12	179	143	36
PCT7939	TO	686	470	0	0	31	439	356	83
PCT7941	MV	575	298	0	0	20	278	219	59
PCT7941	ED	197	170	0	0	14	156	119	37
PCT7941	TO	772	468	0	0	34	434	338	96
PCT7942	MV	658	324	0	0	22	302	222	80
PCT7942	ED	274	141	0	0	8	133	99	34
PCT7942	TO	932	465	0	0	30	435	321	114
PCT7943	MV	687	361	0	0	20	341	237	104
PCT7943	ED	213	156	0	0	13	143	99	44
PCT7943	TO	900	517	0	0	33	484	336	148
PCT7944	MV	584	332	0	0	30	302	230	72
PCT7944	ED	230	196	0	0	11	185	141	44
PCT7944	TO	814	528	0	0	41	487	371	116
PCT7945	MV	726	331	0	0	24	307	224	83
PCT7945	ED	228	82	0	0	10	72	53	19
PCT7945	TO	954	413	0	0	34	379	277	102
PCT7946	MV	779	361	0	0	17	344	199	145
PCT7946	ED	206	114	0	0	10	104	77	27
PCT7946	TO	985	475	0	0	27	448	276	172
PCT7947	MV	791	329	0	0	26	303	169	134
PCT7947	ED	195	93	0	0	6	87	56	31
PCT7947	TO	986	422	0	0	32	390	225	165
PCT7948	MV	730	364	0	0	26	338	200	138
PCT7948	ED	200	119	0	0	5	114	71	43
PCT7948	TO	930	483	0	0	31	452	271	181
PCT7949	MV	484	230	0	0	14	216	103	113
PCT7949	ED	106	56	0	0	6	50	31	19
PCT7949	TO	590	286	0	0	20	266	134	132
PCT7951	MV	730	363	0	0	27	336	186	150
PCT7951	ED	157	90	0	0	6	84	54	30
PCT7951	TO	887	453	0	0	33	420	240	180
PCT7952	MV	730	290	0	0	23	267	139	128
PCT7952	ED	182	86	0	0	9	77	47	30
PCT7952	TO	912	376	0	0	32	344	186	158
PCT7953	MV	669	327	0	0	21	306	152	154
PCT7953	ED	161	106	0	0	4	102	60	42
PCT7953	TO	830	433	0	0	25	408	212	196
PCT7954	MV	0	0	0	0	0	0	0	0
PCT7954	ED	0	0	0	0	0	0	0	0
PCT7954	TO	0	0	0	0	0	0	0	0
PCT7955	MV	774	341	0	0	26	315	181	134
PCT7955	ED	173	97	0	0	12	85	51	34
PCT7955	TO	947	438	0	0	38	400	232	168
PCT7956	MV	699	260	0	0	12	248	133	115
PCT7956	ED	170	39	0	0	2	37	23	14
PCT7956	TO	869	299	0	0	14	285	156	129
PCT7957	MV	538	256	0	0	18	238	161	77
PCT7957	ED	135	83	0	0	9	74	53	21
PCT7957	TO	673	339	0	0	27	312	214	98
PCT7958	MV	320	103	0	0	6	97	57	40
PCT7958	ED	-23	0	0	0	0	0	0	0
PCT7958	TO	297	103	0	0	6	97	57	40
PCT7959	MV	541	226	0	0	21	205	164	41
PCT7959	ED	145	65	0	0	7	58	53	5
PCT7959	TO	686	291	0	0	28	263	217	46
PCT9001	MV	314	99	0	0	6	93	66	27
PCT9001	ED	-30	0	0	0	0	0	0	0
PCT9001	TO	284	99	0	0	6	93	66	27
PCT9101	MV	712	372	0	0	23	349	225	124
PCT9101	ED	201	150	0	0	11	139	92	47
PCT9101	TO	913	522	0	0	34	488	317	171
PCT9102	MV	787	388	0	0	28	360	246	114
PCT9102	ED	205	126	0	0	7	119	89	30
PCT9102	TO	992	514	0	0	35	479	335	144
PCT9103	MV	718	377	0	0	34	343	226	117
PCT9103	ED	239	153	0	0	16	137	87	50
PCT9103	TO	957	530	0	0	50	480	313	167
PCT9104	MV	810	381	0	0	26	355	244	111
PCT9104	ED	220	152	0	0	12	140	108	32
PCT9104	TO	1030	533	0	0	38	495	352	143
PCT9105	MV	719	410	0	0	23	387	247	140
PCT9105	ED	199	173	0	0	18	155	106	49
PCT9105	TO	918	583	0	0	41	542	353	189
PCT9106	MV	746	384	0	0	27	357	249	108
PCT9106	ED	200	178	0	0	13	165	112	53
PCT9106	TO	946	562	0	0	40	522	361	161
PCT9107	MV	635	300	0	1	26	273	197	76
PCT9107	ED	209	118	0	0	9	109	80	29
PCT9107	TO	844	418	0	1	35	382	277	105
PCT9108	MV	610	332	0	0	34	298	219	79
PCT9108	ED	200	136	0	0	8	128	94	34
PCT9108	TO	810	468	0	0	42	426	313	113
PCT9109	MV	672	293	0	0	27	266	190	76
PCT9109	ED	211	162	0	0	7	155	115	40
PCT9109	TO	883	455	0	0	34	421	305	116
PCT9111	MV	638	315	0	0	28	287	218	69
PCT9111	ED	196	134	0	0	15	119	87	32
PCT9111	TO	834	449	0	0	43	406	305	101
PCT9112	MV	742	346	0	0	21	325	233	92
PCT9112	ED	219	160	0	0	8	152	109	43
PCT9112	TO	961	506	0	0	29	477	342	135
PCT9113	MV	795	365	0	1	29	335	242	93
PCT9113	ED	209	180	0	0	15	165	108	57
PCT9113	TO	1004	545	0	1	44	500	350	150
PCT9114	MV	659	289	0	0	17	272	192	80
PCT9114	ED	231	147	0	0	9	138	121	17
PCT9114	TO	890	436	0	0	26	410	313	97
PCT9115	MV	699	319	0	0	24	295	213	82
PCT9115	ED	182	155	0	0	17	138	106	32
PCT9115	TO	881	474	0	0	41	433	319	114
PCT9116	MV	782	342	0	0	24	318	237	81
PCT9116	ED	179	148	0	0	13	135	108	27
PCT9116	TO	961	490	0	0	37	453	345	108
PCT9117	MV	629	325	0	0	21	304	187	117
PCT9117	ED	171	158	0	0	7	151	103	48
PCT9117	TO	800	483	0	0	28	455	290	165
PCT9118	MV	738	338	0	0	25	313	198	115
PCT9118	ED	246	165	0	0	14	151	110	41
PCT9118	TO	984	503	0	0	39	464	308	156
PCT9119	MV	703	383	0	0	26	357	206	151
PCT9119	ED	197	120	0	0	14	106	79	27
PCT9119	TO	900	503	0	0	40	463	285	178
PCT9121	MV	734	326	0	0	17	309	189	120
PCT9121	ED	219	141	0	0	9	132	89	43
PCT9121	TO	953	467	0	0	26	441	278	163
PCT9122	MV	774	362	0	0	26	336	199	137
PCT9122	ED	193	122	0	0	15	107	71	36
PCT9122	TO	967	484	0	0	41	443	270	173
PCT9123	MV	661	319	0	0	21	298	197	101
PCT9123	ED	191	139	0	0	11	128	89	39
PCT9123	TO	852	458	0	0	32	426	286	140
PCT9124	MV	735	347	0	0	18	329	212	117
PCT9124	ED	168	118	0	0	3	115	83	32
PCT9124	TO	903	465	0	0	21	444	295	149
PCT9125	MV	680	350	0	0	21	329	220	109
PCT9125	ED	189	124	0	0	8	116	82	34
PCT9125	TO	869	474	0	0	29	445	302	143
PCT9126	MV	819	379	0	0	29	350	213	137
PCT9126	ED	194	152	0	0	9	143	99	44
PCT9126	TO	1013	531	0	0	38	493	312	181
PCT9127	MV	748	375	0	0	37	338	228	110
PCT9127	ED	223	184	0	0	11	173	128	45
PCT9127	TO	971	559	0	0	48	511	356	155
PCT9128	MV	628	330	0	0	21	309	200	109
PCT9128	ED	190	166	0	0	15	151	99	52
PCT9128	TO	818	496	0	0	36	460	299	161
PCT9129	MV	587	268	0	0	15	253	198	55
PCT9129	ED	151	129	0	0	3	126	96	30
PCT9129	TO	738	397	0	0	18	379	294	85
PCT9131	MV	596	280	0	0	16	264	184	80
PCT9131	ED	138	111	0	0	9	102	80	22
PCT9131	TO	734	391	0	0	25	366	264	102
PCT9132	MV	627	258	0	0	22	236	181	55
PCT9132	ED	194	130	0	0	10	120	96	24
PCT9132	TO	821	388	0	0	32	356	277	79
PCT9133	MV	808	373	0	0	31	342	225	117
PCT9133	ED	209	157	0	0	8	149	116	33
PCT9133	TO	1017	530	0	0	39	491	341	150
PCT9134	MV	736	254	0	0	16	238	144	94
PCT9134	ED	155	102	0	0	7	95	70	25
PCT9134	TO	891	356	0	0	23	333	214	119
PCT9135	MV	640	301	0	0	21	280	180	100
PCT9135	ED	182	125	0	0	5	120	81	39
PCT9135	TO	822	426	0	0	26	400	261	139
PCT9136	MV	706	360	0	0	31	329	224	105
PCT9136	ED	212	139	0	0	11	128	97	31
PCT9136	TO	918	499	0	0	42	457	321	136
PCT9137	MV	804	381	0	0	34	347	223	124
PCT9137	ED	211	133	0	0	6	127	94	33
PCT9137	TO	1015	514	0	0	40	474	317	157
PCT9138	MV	770	396	0	0	28	368	228	140
PCT9138	ED	175	119	0	0	10	109	78	31
PCT9138	TO	945	515	0	0	38	477	306	171
PCT9139	MV	828	415	0	0	30	385	230	155
PCT9139	ED	190	141	0	0	9	132	81	51
PCT9139	TO	1018	556	0	0	39	517	311	206
PCT9141	MV	789	413	0	0	37	376	244	132
PCT9141	ED	184	144	0	0	12	132	88	44
PCT9141	TO	973	557	0	0	49	508	332	176
PCT9142	MV	747	360	0	0	21	339	239	100
PCT9142	ED	239	162	0	0	10	152	116	36
PCT9142	TO	986	522	0	0	31	491	355	136
PCT9143	MV	705	357	0	0	20	337	191	146
PCT9143	ED	209	150	0	0	7	143	104	39
PCT9143	TO	914	507	0	0	27	480	295	185
PCT9144	MV	766	371	0	0	21	350	215	135
PCT9144	ED	204	177	0	0	13	164	122	42
PCT9144	TO	970	548	0	0	34	514	337	177
PCT9145	MV	681	329	0	0	19	310	225	85
PCT9145	ED	194	157	0	0	12	145	111	34
PCT9145	TO	875	486	0	0	31	455	336	119
PCT9146	MV	725	350	0	0	26	324	262	62
PCT9146	ED	160	143	0	0	13	130	93	37
PCT9146	TO	885	493	0	0	39	454	355	99
PCT9147	MV	765	368	0	0	30	338	253	85
PCT9147	ED	225	161	0	0	10	151	111	40
PCT9147	TO	990	529	0	0	40	489	364	125
PCT9148	MV	778	389	0	0	23	366	269	97
PCT9148	ED	236	177	0	0	17	160	115	45
PCT9148	TO	1014	566	0	0	40	526	384	142
PCT9149	MV	812	372	0	0	21	351	253	98
PCT9149	ED	179	240	0	0	16	224	168	56
PCT9149	TO	991	612	0	0	37	575	421	154
PCT9151	MV	693	342	0	0	32	310	232	78
PCT9151	ED	168	111	0	0	7	104	72	32
PCT9151	TO	861	453	0	0	39	414	304	110
PCT9152	MV	550	196	0	0	14	182	135	47
PCT9152	ED	187	124	0	1	13	110	87	23
PCT9152	TO	737	320	0	1	27	292	222	70
PCT9201	MV	784	347	0	0	25	322	262	60
PCT9201	ED	187	166	0	0	14	152	125	27
PCT9201	TO	971	513	0	0	39	474	387	87
PCT9202	MV	819	361	0	0	38	323	235	88
PCT9202	ED	177	164	0	0	14	150	111	39
PCT9202	TO	996	525	0	0	52	473	346	127
PCT9203	MV	847	366	0	0	55	311	165	146
PCT9203	ED	155	120	0	0	14	106	59	47
PCT9203	TO	1002	486	0	0	69	417	224	193
PCT9204	MV	686	302	0	0	34	268	158	110
PCT9204	ED	176	138	0	0	10	128	76	52
PCT9204	TO	862	440	0	0	44	396	234	162
PCT9205	MV	621	278	0	0	39	239	153	86
PCT9205	ED	115	92	0	0	16	76	50	26
PCT9205	TO	736	370	0	0	55	315	203	112
PCT9206	MV	741	349	0	2	36	311	166	145
PCT9206	ED	188	149	0	0	24	125	77	48
PCT9206	TO	929	498	0	2	60	436	243	193
PCT9207	MV	824	366	0	0	27	339	195	144
PCT9207	ED	165	130	0	0	12	118	76	42
PCT9207	TO	989	496	0	0	39	457	271	186
PCT9208	MV	808	348	0	0	36	312	215	97
PCT9208	ED	179	127	0	0	14	113	77	36
PCT9208	TO	987	475	0	0	50	425	292	133
PCT9209	MV	615	274	0	0	25	249	145	104
PCT9209	ED	156	119	0	0	13	106	71	35
PCT9209	TO	771	393	0	0	38	355	216	139
PCT9211	MV	730	308	0	1	31	276	174	102
PCT9211	ED	161	132	0	0	13	119	81	38
PCT9211	TO	891	440	0	1	44	395	255	140
PCT9212	MV	671	278	0	1	27	250	165	85
PCT9212	ED	137	114	0	0	18	96	67	29
PCT9212	TO	808	392	0	1	45	346	232	114
PCT9213	MV	776	342	0	1	37	304	210	94
PCT9213	ED	161	130	0	0	15	115	75	40
PCT9213	TO	937	472	0	1	52	419	285	134
PCT9214	MV	517	232	0	0	16	216	125	91
PCT9214	ED	110	103	0	0	17	86	47	39
PCT9214	TO	627	335	0	0	33	302	172	130
PCT9215	MV	524	240	0	0	15	225	144	81
PCT9215	ED	120	100	0	0	11	89	50	39
PCT9215	TO	644	340	0	0	26	314	194	120
PCT9216	MV	669	260	0	0	33	227	157	70
PCT9216	ED	155	125	0	0	7	118	87	31
PCT9216	TO	824	385	0	0	40	345	244	101
PCT9217	MV	587	263	0	0	15	248	157	91
PCT9217	ED	118	87	0	0	6	81	59	22
PCT9217	TO	705	350	0	0	21	329	216	113
PCT9218	MV	652	275	0	0	30	245	175	70
PCT9218	ED	164	112	0	0	5	107	76	31
PCT9218	TO	816	387	0	0	35	352	251	101
PCT9219	MV	646	285	0	0	28	257	186	71
PCT9219	ED	144	116	0	0	8	108	77	31
PCT9219	TO	790	401	0	0	36	365	263	102
PCT9221	MV	562	318	0	0	19	299	133	166
PCT9221	ED	89	99	0	0	11	88	49	39
PCT9221	TO	651	417	0	0	30	387	182	205
PCT9222	MV	773	365	0	0	31	334	211	123
PCT9222	ED	137	116	0	0	10	106	71	35
PCT9222	TO	910	481	0	0	41	440	282	158
PCT9223	MV	558	264	0	0	16	248	150	98
PCT9223	ED	109	59	0	0	7	52	36	16
PCT9223	TO	667	323	0	0	23	300	186	114
PCT9224	MV	768	376	0	0	27	349	214	135
PCT9224	ED	181	151	0	0	18	133	86	47
PCT9224	TO	949	527	0	0	45	482	300	182
PCT9225	MV	757	301	0	0	30	271	204	67
PCT9225	ED	169	156	0	1	17	138	97	41
PCT9225	TO	926	457	0	1	47	409	301	108
PCT9226	MV	741	350	0	0	40	310	198	112
PCT9226	ED	155	143	0	0	11	132	91	41
PCT9226	TO	896	493	0	0	51	442	289	153
PCT9227	MV	605	363	0	0	33	330	166	164
PCT9227	ED	124	114	0	0	6	108	64	44
PCT9227	TO	729	477	0	0	39	438	230	208
PCT9228	MV	577	306	0	0	25	281	136	145
PCT9228	ED	161	141	0	0	11	130	72	58
PCT9228	TO	738	447	0	0	36	411	208	203
PCT9229	MV	460	252	0	0	25	227	133	94
PCT9229	ED	119	106	0	0	9	97	54	43
PCT9229	TO	579	358	0	0	34	324	187	137
PCT9231	MV	726	340	0	0	22	318	211	107
PCT9231	ED	236	208	0	0	19	189	125	64
PCT9231	TO	962	548	0	0	41	507	336	171
PCT9232	MV	608	288	0	0	22	266	156	110
PCT9232	ED	126	140	0	0	10	130	86	44
PCT9232	TO	734	428	0	0	32	396	242	154
PCT9233	MV	668	317	0	0	30	287	138	149
PCT9233	ED	150	141	0	0	17	124	76	48
PCT9233	TO	818	458	0	0	47	411	214	197
PCT9234	MV	643	306	0	0	20	286	170	116
PCT9234	ED	91	112	0	0	15	97	58	39
PCT9234	TO	734	418	0	0	35	383	228	155
PCT9235	MV	703	356	0	1	33	322	158	164
PCT9235	ED	160	140	0	0	15	125	65	60
PCT9235	TO	863	496	0	1	48	447	223	224
PCT9236	MV	537	274	0	0	26	248	159	89
PCT9236	ED	136	101	0	0	13	88	57	31
PCT9236	TO	673	375	0	0	39	336	216	120
PCT9237	MV	779	388	0	0	37	351	218	133
PCT9237	ED	118	134	0	0	14	120	72	48
PCT9237	TO	897	522	0	0	51	471	290	181
PCT9238	MV	687	325	0	0	35	290	170	120
PCT9238	ED	118	118	0	0	13	105	64	41
PCT9238	TO	805	443	0	0	48	395	234	161
PCT9239	MV	740	383	0	1	48	334	207	127
PCT9239	ED	124	117	0	0	13	104	59	45
PCT9239	TO	864	500	0	1	61	438	266	172
PCT9241	MV	819	394	0	0	32	362	241	121
PCT9241	ED	141	139	0	0	11	128	90	38
PCT9241	TO	960	533	0	0	43	490	331	159
PCT9242	MV	771	341	0	0	41	300	221	79
PCT9242	ED	172	155	0	0	14	141	103	38
PCT9242	TO	943	496	0	0	55	441	324	117
PCT9243	MV	480	239	0	0	20	219	144	75
PCT9243	ED	123	113	0	0	13	100	67	33
PCT9243	TO	603	352	0	0	33	319	211	108
PCT9244	MV	755	390	0	0	52	338	231	107
PCT9244	ED	155	121	0	0	7	114	87	27
PCT9244	TO	910	511	0	0	59	452	318	134
PCT9245	MV	616	292	0	0	32	260	158	102
PCT9245	ED	98	91	0	0	6	85	59	26
PCT9245	TO	714	383	0	0	38	345	217	128
PCT9246	MV	815	425	0	0	38	387	241	146
PCT9246	ED	155	140	0	0	22	118	84	34
PCT9246	TO	970	565	0	0	60	505	325	180
PCT9247	MV	764	376	0	0	32	344	231	113
PCT9247	ED	148	156	0	1	24	131	95	36
PCT9247	TO	912	532	0	1	56	475	326	149
PCT9248	MV	757	354	0	0	38	316	241	75
PCT9248	ED	150	145	0	0	12	133	105	28
PCT9248	TO	907	499	0	0	50	449	346	103
PCT9249	MV	724	369	0	0	34	335	236	99
PCT9249	ED	191	171	0	0	19	152	104	48
PCT9249	TO	915	540	0	0	53	487	340	147
PCT9251	MV	792	389	0	0	32	357	236	121
PCT9251	ED	174	179	0	0	13	166	108	58
PCT9251	TO	966	568	0	0	45	523	344	179
PCT9252	MV	810	374	0	0	25	349	228	121
PCT9252	ED	143	127	0	0	9	118	81	37
PCT9252	TO	953	501	0	0	34	467	309	158
PCT9253	MV	599	295	0	0	22	273	169	104
PCT9253	ED	162	116	0	0	9	107	77	30
PCT9253	TO	761	411	0	0	31	380	246	134
PCT9254	MV	758	403	0	0	24	379	248	131
PCT9254	ED	163	155	0	0	16	139	97	42
PCT9254	TO	921	558	0	0	40	518	345	173
PCT9255	MV	436	194	0	0	25	169	119	50
PCT9255	ED	114	112	0	0	12	100	78	22
PCT9255	TO	550	306	0	0	37	269	197	72
PCT9256	MV	367	166	0	0	13	153	111	42
PCT9256	ED	95	74	0	0	7	67	52	15
PCT9256	TO	462	240	0	0	20	220	163	57
PCT9257	MV	359	157	0	0	14	143	113	30
PCT9257	ED	-39	0	0	0	0	0	0	0
PCT9257	TO	320	157	0	0	14	143	113	30
PCT9258	MV	583	301	0	0	26	275	167	108
PCT9258	ED	120	103	0	0	6	97	65	32
PCT9258	TO	703	404	0	0	32	372	232	140
PCT9401	MV	794	354	0	0	19	335	254	81
PCT9401	ED	244	176	0	0	9	167	137	30
PCT9401	TO	1038	530	0	0	28	502	391	111
PCT9402	MV	774	369	0	0	20	349	240	109
PCT9402	ED	243	159	0	0	12	147	117	30
PCT9402	TO	1017	528	0	0	32	496	357	139
PCT9403	MV	731	338	0	0	15	323	207	116
PCT9403	ED	190	123	0	0	10	113	86	27
PCT9403	TO	921	461	0	0	25	436	293	143
PCT9404	MV	752	344	0	1	26	317	202	115
PCT9404	ED	192	154	0	0	11	143	96	47
PCT9404	TO	944	498	0	1	37	460	298	162
PCT9405	MV	628	275	0	0	21	254	165	89
PCT9405	ED	152	104	0	0	2	102	63	39
PCT9405	TO	780	379	0	0	23	356	228	128
PCT9406	MV	694	323	0	0	20	303	204	99
PCT9406	ED	189	150	0	0	10	140	92	48
PCT9406	TO	883	473	0	0	30	443	296	147
PCT9407	MV	712	363	0	0	28	335	225	110
PCT9407	ED	201	131	0	0	17	114	80	34
PCT9407	TO	913	494	0	0	45	449	305	144
PCT9408	MV	709	310	0	0	23	287	223	64
PCT9408	ED	154	125	0	0	11	114	95	19
PCT9408	TO	863	435	0	0	34	401	318	83
PCT9409	MV	443	220	0	0	22	198	149	49
PCT9409	ED	158	127	0	0	9	118	97	21
PCT9409	TO	601	347	0	0	31	316	246	70
PCT9411	MV	816	364	0	0	24	340	254	86
PCT9411	ED	191	135	0	0	8	127	98	29
PCT9411	TO	1007	499	0	0	32	467	352	115
PCT9412	MV	668	335	0	0	14	321	207	114
PCT9412	ED	202	138	0	0	12	126	89	37
PCT9412	TO	870	473	0	0	26	447	296	151
PCT9413	MV	757	366	0	0	32	334	199	135
PCT9413	ED	179	127	0	0	9	118	76	42
PCT9413	TO	936	493	0	0	41	452	275	177
PCT9414	MV	734	358	0	0	36	322	213	109
PCT9414	ED	186	107	0	0	5	102	62	40
PCT9414	TO	920	465	0	0	41	424	275	149
PCT9415	MV	634	307	0	0	27	280	170	110
PCT9415	ED	154	96	0	0	4	92	66	26
PCT9415	TO	788	403	0	0	31	372	236	136
PCT9416	MV	768	382	0	0	47	335	212	123
PCT9416	ED	231	143	0	0	11	132	92	40
PCT9416	TO	999	525	0	0	58	467	304	163
PCT9417	MV	628	317	0	0	29	288	163	125
PCT9417	ED	146	110	0	0	7	103	68	35
PCT9417	TO	774	427	0	0	36	391	231	160
PCT9418	MV	627	304	0	0	27	277	150	127
PCT9418	ED	192	122	0	0	8	114	66	48
PCT9418	TO	819	426	0	0	35	391	216	175
PCT9419	MV	736	363	0	0	27	336	192	144
PCT9419	ED	173	107	0	0	7	100	51	49
PCT9419	TO	909	470	0	0	34	436	243	193
PCT9421	MV	752	330	0	0	27	303	158	145
PCT9421	ED	173	112	0	0	5	107	74	33
PCT9421	TO	925	442	0	0	32	410	232	178
PCT9422	MV	831	406	0	0	34	372	221	151
PCT9422	ED	270	145	0	0	10	135	87	48
PCT9422	TO	1101	551	0	0	44	507	308	199
PCT9423	MV	711	309	0	0	28	281	168	113
PCT9423	ED	193	121	0	0	7	114	74	40
PCT9423	TO	904	430	0	0	35	395	242	153
PCT9424	MV	797	379	0	0	27	352	212	140
PCT9424	ED	212	114	0	0	8	106	68	38
PCT9424	TO	1009	493	0	0	35	458	280	178
PCT9425	MV	789	339	0	0	29	310	177	133
PCT9425	ED	187	114	0	0	11	103	72	31
PCT9425	TO	976	453	0	0	40	413	249	164
PCT9426	MV	696	317	0	0	21	296	187	109
PCT9426	ED	157	104	0	0	12	92	54	38
PCT9426	TO	853	421	0	0	33	388	241	147
PCT9427	MV	797	377	0	0	22	355	189	166
PCT9427	ED	190	115	0	0	17	98	62	36
PCT9427	TO	987	492	0	0	39	453	251	202
PCT9428	MV	809	343	0	0	26	317	176	141
PCT9428	ED	181	113	0	0	11	102	74	28
PCT9428	TO	990	456	0	0	37	419	250	169
PCT9429	MV	707	339	0	0	30	309	160	149
PCT9429	ED	199	124	0	0	15	109	60	49
PCT9429	TO	906	463	0	0	45	418	220	198
PCT9431	MV	831	408	0	0	36	372	191	181
PCT9431	ED	205	125	0	0	7	118	74	44
PCT9431	TO	1036	533	0	0	43	490	265	225
PCT9432	MV	742	352	0	0	36	316	184	132
PCT9432	ED	216	117	0	0	8	109	69	40
PCT9432	TO	958	469	0	0	44	425	253	172
PCT9433	MV	792	372	0	0	36	336	179	157
PCT9433	ED	166	93	0	0	5	88	46	42
PCT9433	TO	958	465	0	0	41	424	225	199
PCT9434	MV	780	384	0	0	28	356	216	140
PCT9434	ED	232	162	0	0	22	140	95	45
PCT9434	TO	1012	546	0	0	50	496	311	185
PCT9435	MV	776	364	0	0	19	345	204	141
PCT9435	ED	228	157	0	0	7	150	97	53
PCT9435	TO	1004	521	0	0	26	495	301	194
PCT9436	MV	840	379	0	0	22	357	196	161
PCT9436	ED	228	129	0	0	11	118	69	49
PCT9436	TO	1068	508	0	0	33	475	265	210
PCT9437	MV	735	369	0	0	28	341	211	130
PCT9437	ED	192	130	0	0	5	125	80	45
PCT9437	TO	927	499	0	0	33	466	291	175
PCT9438	MV	836	410	0	1	22	387	214	173
PCT9438	ED	153	83	0	0	8	75	48	27
PCT9438	TO	989	493	0	1	30	462	262	200
PCT9439	MV	718	337	0	1	19	317	178	139
PCT9439	ED	199	111	0	0	13	98	56	42
PCT9439	TO	917	448	0	1	32	415	234	181
PCT9441	MV	773	390	0	0	33	357	228	129
PCT9441	ED	198	125	0	0	15	110	78	32
PCT9441	TO	971	515	0	0	48	467	306	161
PCT9442	MV	827	370	0	0	39	331	197	134
PCT9442	ED	213	156	0	0	11	145	100	45
PCT9442	TO	1040	526	0	0	50	476	297	179
PCT9443	MV	759	353	0	0	28	325	190	135
PCT9443	ED	196	109	0	0	7	102	67	35
PCT9443	TO	955	462	0	0	35	427	257	170
PCT9444	MV	764	332	0	0	17	315	165	150
PCT9444	ED	201	94	0	0	11	83	59	24
PCT9444	TO	965	426	0	0	28	398	224	174
PCT9445	MV	824	399	0	0	30	369	205	164
PCT9445	ED	172	113	0	0	11	102	66	36
PCT9445	TO	996	512	0	0	41	471	271	200
PCT9446	MV	900	461	0	0	35	426	232	194
PCT9446	ED	216	145	0	1	12	132	88	44
PCT9446	TO	1116	606	0	1	47	558	320	238
PCT9447	MV	728	387	0	0	22	365	206	159
PCT9447	ED	193	143	0	0	9	134	89	45
PCT9447	TO	921	530	0	0	31	499	295	204
PCT9448	MV	740	338	0	0	18	320	205	115
PCT9448	ED	200	127	0	0	10	117	87	30
PCT9448	TO	940	465	0	0	28	437	292	145
PCT9449	MV	717	337	0	0	28	309	162	147
PCT9449	ED	164	96	0	0	5	91	60	31
PCT9449	TO	881	433	0	0	33	400	222	178
PCT9451	MV	353	176	0	0	13	163	65	98
PCT9451	ED	88	54	0	0	6	48	34	14
PCT9451	TO	441	230	0	0	19	211	99	112
PCT9452	MV	647	327	0	0	28	299	156	143
PCT9452	ED	195	134	0	0	10	124	71	53
PCT9452	TO	842	461	0	0	38	423	227	196
PCT9453	MV	409	216	0	0	17	199	94	105
PCT9453	ED	115	70	0	0	9	61	29	32
PCT9453	TO	524	286	0	0	26	260	123	137
PCT9501	MV	158	92	0	0	10	82	58	24
PCT9501	ED	-8	0	0	0	0	0	0	0
PCT9501	TO	150	92	0	0	10	82	58	24
PCT9502	MV	294	133	0	0	15	118	87	31
PCT9502	ED	-43	0	0	0	0	0	0	0
PCT9502	TO	251	133	0	0	15	118	87	31
PCT9503	MV	550	259	0	0	31	228	167	61
PCT9503	ED	150	82	0	0	7	75	56	19
PCT9503	TO	700	341	0	0	38	303	223	80
PCT9505	MV	589	291	0	0	25	266	189	77
PCT9505	ED	176	110	0	0	10	100	76	24
PCT9505	TO	765	401	0	0	35	366	265	101
PCT9506	MV	547	229	0	0	17	212	159	53
PCT9506	ED	207	128	0	0	12	116	87	29
PCT9506	TO	754	357	0	0	29	328	246	82
PCT9507	MV	556	301	0	0	23	278	222	56
PCT9507	ED	160	152	0	0	19	133	107	26
PCT9507	TO	716	453	0	0	42	411	329	82
PCT9508	MV	632	306	0	0	19	287	246	41
PCT9508	ED	148	132	0	0	7	125	110	15
PCT9508	TO	780	438	0	0	26	412	356	56
PCT9509	MV	585	294	0	0	21	273	221	52
PCT9509	ED	142	121	0	0	9	112	97	15
PCT9509	TO	727	415	0	0	30	385	318	67
PCT9511	MV	457	235	0	1	13	221	177	44
PCT9511	ED	177	120	0	0	6	114	91	23
PCT9511	TO	634	355	0	1	19	335	268	67
PCT9512	MV	617	319	0	0	19	300	254	46
PCT9512	ED	160	132	0	0	7	125	103	22
PCT9512	TO	777	451	0	0	26	425	357	68
PCT9513	MV	686	323	0	0	23	300	250	50
PCT9513	ED	191	126	0	0	7	119	104	15
PCT9513	TO	877	449	0	0	30	419	354	65
PCT9514	MV	713	347	0	0	36	311	244	67
PCT9514	ED	183	167	0	0	15	152	116	36
PCT9514	TO	896	514	0	0	51	463	360	103
PCT9515	MV	542	293	0	0	21	272	198	74
PCT9515	ED	170	133	0	0	14	119	91	28
PCT9515	TO	712	426	0	0	35	391	289	102
PCT9516	MV	705	357	0	0	24	333	237	96
PCT9516	ED	184	157	0	0	13	144	105	39
PCT9516	TO	889	514	0	0	37	477	342	135
PCT9517	MV	625	333	0	0	22	311	231	80
PCT9517	ED	163	135	0	0	17	118	97	21
PCT9517	TO	788	468	0	0	39	429	328	101
PCT9518	MV	641	312	0	0	22	290	220	70
PCT9518	ED	147	146	0	0	7	139	112	27
PCT9518	TO	788	458	0	0	29	429	332	97
PCT9519	MV	693	361	0	0	16	345	261	84
PCT9519	ED	198	170	0	0	12	158	120	38
PCT9519	TO	891	531	0	0	28	503	381	122
PCT9521	MV	687	348	0	0	29	319	249	70
PCT9521	ED	214	190	0	0	14	176	144	32
PCT9521	TO	901	538	0	0	43	495	393	102
PCT9701	MV	498	266	0	0	11	255	182	73
PCT9701	ED	156	135	0	0	5	130	93	37
PCT9701	TO	654	401	0	0	16	385	275	110
PCT9702	MV	553	296	0	0	13	283	201	82
PCT9702	ED	167	143	0	0	5	138	111	27
PCT9702	TO	720	439	0	0	18	421	312	109
PCT9703	MV	808	398	0	0	37	361	217	144
PCT9703	ED	183	142	0	0	7	135	98	37
PCT9703	TO	991	540	0	0	44	496	315	181
PCT9704	MV	759	417	0	0	33	384	232	152
PCT9704	ED	200	196	0	0	18	178	110	68
PCT9704	TO	959	613	0	0	51	562	342	220
PCT9705	MV	753	403	0	0	30	373	254	119
PCT9705	ED	176	142	0	0	13	129	97	32
PCT9705	TO	929	545	0	0	43	502	351	151
PCT9706	MV	57	33	0	0	2	31	21	10
PCT9706	ED	-8	0	0	0	0	0	0	0
PCT9706	TO	49	33	0	0	2	31	21	10
PCT9707	MV	687	352	0	0	20	332	171	161
PCT9707	ED	139	101	0	0	10	91	58	33
PCT9707	TO	826	453	0	0	30	423	229	194
PCT9708	MV	786	425	0	1	44	380	255	125
PCT9708	ED	175	157	0	0	10	147	100	47
PCT9708	TO	961	582	0	1	54	527	355	172
PCT9709	MV	831	418	0	0	31	387	216	171
PCT9709	ED	209	178	0	0	10	168	101	67
PCT9709	TO	1040	596	0	0	41	555	317	238
PCT9711	MV	502	306	0	0	18	288	160	128
PCT9711	ED	144	138	0	0	8	130	71	59
PCT9711	TO	646	444	0	0	26	418	231	187
PCT9712	MV	534	327	0	0	25	302	164	138
PCT9712	ED	127	116	0	0	3	113	65	48
PCT9712	TO	661	443	0	0	28	415	229	186
PCT9713	MV	746	384	0	0	24	360	175	185
PCT9713	ED	204	137	0	0	12	125	67	58
PCT9713	TO	950	521	0	0	36	485	242	243
PCT9714	MV	795	436	0	0	36	400	213	187
PCT9714	ED	156	133	0	0	5	128	69	59
PCT9714	TO	951	569	0	0	41	528	282	246
PCT9715	MV	449	237	0	0	18	219	106	113
PCT9715	ED	130	134	0	0	6	128	64	64
PCT9715	TO	579	371	0	0	24	347	170	177
PCT9716	MV	744	394	0	1	26	367	211	156
PCT9716	ED	222	164	0	0	12	152	91	61
PCT9716	TO	966	558	0	1	38	519	302	217
PCT9717	MV	753	424	0	0	33	391	218	173
PCT9717	ED	224	144	0	0	12	132	89	43
PCT9717	TO	977	568	0	0	45	523	307	216
PCT9718	MV	742	443	0	0	31	412	253	159
PCT9718	ED	159	144	0	0	9	135	87	48
PCT9718	TO	901	587	0	0	40	547	340	207
PCT9719	MV	747	451	0	0	27	424	229	195
PCT9719	ED	173	150	0	0	7	143	86	57
PCT9719	TO	920	601	0	0	34	567	315	252
PCT9721	MV	498	284	0	0	21	263	147	116
PCT9721	ED	164	133	0	0	7	126	60	66
PCT9721	TO	662	417	0	0	28	389	207	182
PCT9722	MV	513	311	0	0	18	293	164	129
PCT9722	ED	84	76	0	0	5	71	48	23
PCT9722	TO	597	387	0	0	23	364	212	152
PCT9723	MV	434	219	0	0	9	210	85	125
PCT9723	ED	74	44	0	0	4	40	18	22
PCT9723	TO	508	263	0	0	13	250	103	147
PCT9724	MV	848	450	0	0	30	420	160	260
PCT9724	ED	172	99	0	0	3	96	53	43
PCT9724	TO	1020	549	0	0	33	516	213	303
PCT9725	MV	806	431	0	0	31	400	180	220
PCT9725	ED	165	95	0	0	10	85	37	48
PCT9725	TO	971	526	0	0	41	485	217	268
PCT9726	MV	565	214	0	0	25	189	125	64
PCT9726	ED	51	102	0	0	6	96	65	31
PCT9726	TO	616	316	0	0	31	285	190	95
PCT9727	MV	403	220	0	2	13	205	109	96
PCT9727	ED	57	33	0	0	4	29	20	9
PCT9727	TO	460	253	0	2	17	234	129	105
PCT9728	MV	750	441	0	0	23	418	195	223
PCT9728	ED	213	137	0	0	10	127	71	56
PCT9728	TO	963	578	0	0	33	545	266	279
PCT9729	MV	654	331	0	0	21	310	141	169
PCT9729	ED	164	128	0	0	6	122	55	67
PCT9729	TO	818	459	0	0	27	432	196	236
PCT9731	MV	436	238	0	0	14	224	112	112
PCT9731	ED	143	111	0	0	9	102	52	50
PCT9731	TO	579	349	0	0	23	326	164	162
PCT9732	MV	78	47	0	0	5	42	17	25
PCT9732	ED	-5	0	0	0	0	0	0	0
PCT9732	TO	73	47	0	0	5	42	17	25
PCT9733	MV	261	154	0	0	7	147	104	43
PCT9733	ED	-21	0	0	0	0	0	0	0
PCT9733	TO	240	154	0	0	7	147	104	43
PCT9734	MV	473	283	0	0	16	267	141	126
PCT9734	ED	131	109	0	0	6	103	52	51
PCT9734	TO	604	392	0	0	22	370	193	177
PCT9735	MV	650	384	0	0	23	361	196	165
PCT9735	ED	170	132	0	0	17	115	54	61
PCT9735	TO	820	516	0	0	40	476	250	226
PCT9736	MV	586	318	0	0	18	300	158	142
PCT9736	ED	150	151	0	0	12	139	79	60
PCT9736	TO	736	469	0	0	30	439	237	202
PCT9737	MV	636	383	0	0	26	357	232	125
PCT9737	ED	155	135	0	0	8	127	81	46
PCT9737	TO	791	518	0	0	34	484	313	171
PCT9738	MV	687	311	0	0	28	283	187	96
PCT9738	ED	151	64	0	0	6	58	37	21
PCT9738	TO	838	375	0	0	34	341	224	117
PCT9739	MV	639	263	0	0	15	248	192	56
PCT9739	ED	150	88	0	0	4	84	67	17
PCT9739	TO	789	351	0	0	19	332	259	73
PCT9741	MV	508	168	0	0	17	151	121	30
PCT9741	ED	-67	10	0	0	1	9	8	1
PCT9741	TO	441	178	0	0	18	160	129	31
PCT9742	MV	529	222	0	0	11	211	103	108
PCT9742	ED	166	98	0	0	8	90	54	36
PCT9742	TO	695	320	0	0	19	301	157	144
PCT9743	MV	898	393	0	0	20	373	263	110
PCT9743	ED	242	170	0	0	14	156	125	31
PCT9743	TO	1140	563	0	0	34	529	388	141
PCT9744	MV	752	328	0	0	34	294	194	100
PCT9744	ED	191	121	0	0	17	104	76	28
PCT9744	TO	943	449	0	0	51	398	270	128
PCT9745	MV	755	313	0	0	32	281	194	87
PCT9745	ED	237	128	0	0	10	118	90	28
PCT9745	TO	992	441	0	0	42	399	284	115
PCT9746	MV	712	365	0	0	15	350	193	157
PCT9746	ED	191	118	0	1	11	106	58	48
PCT9746	TO	903	483	0	1	26	456	251	205
PCT9747	MV	768	393	0	0	29	364	229	135
PCT9747	ED	208	145	0	0	9	136	97	39
PCT9747	TO	976	538	0	0	38	500	326	174
PCT9748	MV	746	420	0	0	27	393	253	140
PCT9748	ED	167	116	0	0	6	110	67	43
PCT9748	TO	913	536	0	0	33	503	320	183
PCT9749	MV	749	281	0	0	18	263	166	97
PCT9749	ED	189	108	0	0	4	104	73	31
PCT9749	TO	938	389	0	0	22	367	239	128
PCT9751	MV	856	463	0	0	28	435	271	164
PCT9751	ED	215	151	0	0	13	138	86	52
PCT9751	TO	1071	614	0	0	41	573	357	216
PCT9752	MV	563	323	0	0	23	300	182	118
PCT9752	ED	134	108	0	0	6	102	71	31
PCT9752	TO	697	431	0	0	29	402	253	149
PCT9753	MV	617	293	0	0	19	274	189	85
PCT9753	ED	145	123	0	0	3	120	85	35
PCT9753	TO	762	416	0	0	22	394	274	120
PCT9754	MV	544	316	0	0	18	298	207	91
PCT9754	ED	163	113	0	0	6	107	78	29
PCT9754	TO	707	429	0	0	24	405	285	120
PCT9755	MV	441	238	0	0	23	215	149	66
PCT9755	ED	139	99	0	0	3	96	66	30
PCT9755	TO	580	337	0	0	26	311	215	96
PCT9756	MV	801	362	0	0	27	335	199	136
PCT9756	ED	166	106	0	0	9	97	66	31
PCT9756	TO	967	468	0	0	36	432	265	167
PCT9801	MV	320	158	0	0	12	146	100	46
PCT9801	ED	88	52	0	0	4	48	32	16
PCT9801	TO	408	210	0	0	16	194	132	62
PCT9900	MV	0	0	0	0	0	0	0	0
PCT9900	ED	0	0	0	0	0	0	0	0
PCT9900	TO	0	0	0	0	0	0	0	0
PCT9901	MV	0	0	0	0	0	0	0	0
PCT9901	ED	0	0	0	0	0	0	0	0
PCT9901	TO	0	0	0	0	0	0	0	0
PCT9902	MV	0	0	0	0	0	0	0	0
PCT9902	ED	0	0	0	0	0	0	0	0
PCT9902	TO	0	0	0	0	0	0	0	0
CONG12	MV	355422	171399	0	40	13214	158145	109986	48159
CONG12	ED	90426	65251	0	25	5116	60110	44500	15610
CONG12	TO	445848	236650	0	65	18330	218255	154486	63769
CONG14	MV	46630	21987	0	3	1467	20517	12093	8424
CONG14	ED	11421	6926	0	3	480	6443	4142	2301
CONG14	TO	58051	28913	0	6	1947	26960	16235	10725
ASSM17	MV	232714	112342	0	25	8536	103781	74909	28872
ASSM17	ED	59708	41964	0	21	3205	38738	29604	9134
ASSM17	TO	292422	154306	0	46	11741	142519	104513	38006
ASSM19	MV	169338	81044	0	18	6145	74881	47170	27711
ASSM19	ED	42139	30213	0	7	2391	27815	19038	8777
ASSM19	TO	211477	111257	0	25	8536	102696	66208	36488
SUPV1	MV	33848	16279	0	2	1167	15110	10241	4869
SUPV1	ED	9268	6893	0	1	502	6390	4630	1760
SUPV1	TO	43116	23172	0	3	1669	21500	14871	6629
SUPV2	MV	41429	19608	0	7	1804	17797	11385	6412
SUPV2	ED	8617	7551	0	3	753	6795	4611	2184
SUPV2	TO	50046	27159	0	10	2557	24592	15996	8596
SUPV3	MV	31930	14092	0	2	1215	12875	8803	4072
SUPV3	ED	7447	5109	0	1	444	4664	3486	1178
SUPV3	TO	39377	19201	0	3	1659	17539	12289	5250
SUPV4	MV	34985	16592	0	3	1255	15334	9155	6179
SUPV4	ED	9109	5869	0	1	460	5408	3618	1790
SUPV4	TO	44094	22461	0	4	1715	20742	12773	7969
SUPV5	MV	41957	21096	0	3	1657	19436	15109	4327
SUPV5	ED	10943	8955	0	3	696	8256	6616	1640
SUPV5	TO	52900	30051	0	6	2353	27692	21725	5967
SUPV6	MV	35745	14963	0	5	1281	13677	9767	3910
SUPV6	ED	7950	4327	0	3	393	3931	2981	950
SUPV6	TO	43695	19290	0	8	1674	17608	12748	4860
SUPV7	MV	38328	20392	0	4	1420	18968	11325	7643
SUPV7	ED	9115	7178	0	1	480	6697	4244	2453
SUPV7	TO	47443	27570	0	5	1900	25665	15569	10096
SUPV8	MV	46363	26976	0	5	1861	25110	19406	5704
SUPV8	ED	11814	11078	0	7	791	10280	8045	2235
SUPV8	TO	58177	38054	0	12	2652	35390	27451	7939
SUPV9	MV	33157	16480	0	4	1070	15406	11500	3906
SUPV9	ED	10106	7052	0	3	459	6590	5202	1388
SUPV9	TO	43263	23532	0	7	1529	21996	16702	5294
SUPV10	MV	33748	13671	0	6	1072	12593	7915	4678
SUPV10	ED	9365	4180	0	3	336	3841	2665	1176
SUPV10	TO	43113	17851	0	9	1408	16434	10580	5854
SUPV11	MV	30562	13237	0	2	879	12356	7473	4883
SUPV11	ED	8113	3985	0	2	282	3701	2544	1157
SUPV11	TO	38675	17222	0	4	1161	16057	10017	6040
NEIG1	MV	15456	5842	0	4	493	5345	3114	2231
NEIG1	ED	5029	1543	0	2	128	1413	930	483
NEIG1	TO	20485	7385	0	6	621	6758	4044	2714
NEIG2	MV	14025	6157	0	1	592	5564	3667	1897
NEIG2	ED	3242	2161	0	1	208	1952	1417	535
NEIG2	TO	17267	8318	0	2	800	7516	5084	2432
NEIG3	MV	22038	9268	0	3	815	8450	6125	2325
NEIG3	ED	5981	3247	0	2	269	2976	2321	655
NEIG3	TO	28019	12515	0	5	1084	11426	8446	2980
NEIG4	MV	5628	3436	0	0	241	3195	2244	951
NEIG4	ED	1432	1236	0	0	94	1142	777	365
NEIG4	TO	7060	4672	0	0	335	4337	3021	1316
NEIG5	MV	22668	9994	0	2	697	9295	5582	3713
NEIG5	ED	5925	2958	0	1	212	2745	1882	863
NEIG5	TO	28593	12952	0	3	909	12040	7464	4576
NEIG6	MV	11525	5835	0	1	432	5402	4328	1074
NEIG6	ED	2337	2735	0	2	200	2533	2053	480
NEIG6	TO	13862	8570	0	3	632	7935	6381	1554
NEIG7	MV	9764	4044	0	0	239	3805	2356	1449
NEIG7	ED	2631	1293	0	1	87	1205	833	372
NEIG7	TO	12395	5337	0	1	326	5010	3189	1821
NEIG8	MV	7624	3949	0	0	284	3665	2735	930
NEIG8	ED	2034	1820	0	0	145	1675	1299	376
NEIG8	TO	9658	5769	0	0	429	5340	4034	1306
NEIG9	MV	6892	3090	0	0	241	2849	1701	1148
NEIG9	ED	1366	921	0	0	75	846	576	270
NEIG9	TO	8258	4011	0	0	316	3695	2277	1418
NEIG10	MV	8170	3814	0	0	306	3508	2449	1059
NEIG10	ED	1852	1658	0	1	139	1518	1114	404
NEIG10	TO	10022	5472	0	1	445	5026	3563	1463
NEIG11	MV	33505	15264	0	6	1459	13799	9004	4795
NEIG11	ED	5935	5701	0	3	591	5107	3535	1572
NEIG11	TO	39440	20965	0	9	2050	18906	12539	6367
NEIG12	MV	23568	11636	0	5	741	10890	8829	2061
NEIG12	ED	7437	5267	0	3	344	4920	4048	872
NEIG12	TO	31005	16903	0	8	1085	15810	12877	2933
NEIG14	MV	6790	3923	0	0	280	3643	2853	790
NEIG14	ED	1943	1783	0	1	112	1670	1342	328
NEIG14	TO	8733	5706	0	1	392	5313	4195	1118
NEIG15	MV	5778	2610	0	1	169	2440	1682	758
NEIG15	ED	1310	1007	0	0	77	930	707	223
NEIG15	TO	7088	3617	0	1	246	3370	2389	981
NEIG13	MV	13551	7997	0	1	593	7403	5541	1862
NEIG13	ED	3437	3361	0	2	240	3119	2395	724
NEIG13	TO	16988	11358	0	3	833	10522	7936	2586
NEIG26	MV	7828	3472	0	0	234	3238	1816	1422
NEIG26	ED	1804	941	0	0	72	869	565	304
NEIG26	TO	9632	4413	0	0	306	4107	2381	1726
NEIG16	MV	14619	6688	0	1	521	6166	4492	1674
NEIG16	ED	2737	2400	0	1	207	2192	1644	548
NEIG16	TO	17356	9088	0	2	728	8358	6136	2222
NEIG17	MV	29430	14222	0	2	1028	13192	8902	4290
NEIG17	ED	8195	5965	0	0	428	5537	4015	1522
NEIG17	TO	37625	20187	0	2	1456	18729	12917	5812
NEIG19	MV	7162	3939	0	0	257	3682	2725	957
NEIG19	ED	2409	1863	0	0	133	1730	1309	421
NEIG19	TO	9571	5802	0	0	390	5412	4034	1378
NEIG18	MV	6455	3322	0	1	260	3061	1764	1297
NEIG18	ED	1566	1453	0	0	133	1320	818	502
NEIG18	TO	8021	4775	0	1	393	4381	2582	1799
NEIG20	MV	20904	8767	0	1	720	8046	5586	2460
NEIG20	ED	4173	2417	0	1	219	2197	1622	575
NEIG20	TO	25077	11184	0	2	939	10243	7208	3035
NEIG21	MV	34542	16372	0	3	1233	15136	9006	6130
NEIG21	ED	8951	5742	0	1	451	5290	3521	1769
NEIG21	TO	43493	22114	0	4	1684	20426	12527	7899
NEIG22	MV	15378	9122	0	2	579	8541	6855	1686
NEIG22	ED	3515	3598	0	4	241	3353	2716	637
NEIG22	TO	18893	12720	0	6	820	11894	9571	2323
NEIG23	MV	6633	2470	0	2	189	2279	1206	1073
NEIG23	ED	1855	598	0	0	49	549	326	223
NEIG23	TO	8488	3068	0	2	238	2828	1532	1296
NEIG24	MV	28412	15843	0	4	1096	14743	8694	6049
NEIG24	ED	6962	5659	0	1	375	5283	3255	2028
NEIG24	TO	35374	21502	0	5	1471	20026	11949	8077
NEIG25	MV	23707	12310	0	3	982	11325	8823	2502
NEIG25	ED	7789	4850	0	1	367	4482	3622	860
NEIG25	TO	31496	17160	0	4	1349	15807	12445	3362
