area_id	subtotal_type	RSReg	RSCst	RSRej	RSOvr	RSUnd	RSTot	7:YES	8:NO
ALLPCTS	TO	503899	304904	0	51	32353	272500	192238	80262
ALLPCTS	ED	101264	107001	0	20	13643	93338	69563	23775
ALLPCTS	MV	402635	197903	0	31	18710	179162	122675	56487
PCT1101	MV	448	216	0	0	14	202	140	62
PCT1101	ED	114	93	0	0	14	79	61	18
PCT1101	TO	562	309	0	0	28	281	201	80
PCT1102	MV	774	370	0	0	28	342	181	161
PCT1102	ED	230	209	0	0	23	186	141	45
PCT1102	TO	1004	579	0	0	51	528	322	206
PCT1103	MV	749	373	0	0	26	347	215	132
PCT1103	ED	222	194	0	0	21	173	117	56
PCT1103	TO	971	567	0	0	47	520	332	188
PCT1104	MV	751	343	0	0	25	318	217	101
PCT1104	ED	267	169	0	0	18	151	107	44
PCT1104	TO	1018	512	0	0	43	469	324	145
PCT1106	MV	598	255	0	0	18	237	143	94
PCT1106	ED	173	149	0	0	15	134	89	45
PCT1106	TO	771	404	0	0	33	371	232	139
PCT1107	MV	612	288	0	0	20	268	157	111
PCT1107	ED	139	125	0	0	12	113	82	31
PCT1107	TO	751	413	0	0	32	381	239	142
PCT1108	MV	725	360	0	0	26	334	230	104
PCT1108	ED	198	159	0	0	25	134	95	39
PCT1108	TO	923	519	0	0	51	468	325	143
PCT1109	MV	653	285	0	0	22	263	160	103
PCT1109	ED	169	141	0	0	15	126	84	42
PCT1109	TO	822	426	0	0	37	389	244	145
PCT1111	MV	849	354	0	0	33	321	188	133
PCT1111	ED	197	189	0	0	16	173	138	35
PCT1111	TO	1046	543	0	0	49	494	326	168
PCT1112	MV	643	280	0	0	22	258	168	90
PCT1112	ED	159	119	0	0	9	110	89	21
PCT1112	TO	802	399	0	0	31	368	257	111
PCT1113	MV	675	286	0	0	23	263	159	104
PCT1113	ED	120	108	0	0	20	88	73	15
PCT1113	TO	795	394	0	0	43	351	232	119
PCT1114	MV	769	328	0	0	26	302	193	109
PCT1114	ED	222	167	0	0	23	144	118	26
PCT1114	TO	991	495	0	0	49	446	311	135
PCT1115	MV	743	295	0	0	26	269	168	101
PCT1115	ED	193	131	0	0	18	113	91	22
PCT1115	TO	936	426	0	0	44	382	259	123
PCT1116	MV	715	309	0	0	26	283	184	99
PCT1116	ED	216	197	0	0	19	178	136	42
PCT1116	TO	931	506	0	0	45	461	320	141
PCT1117	MV	665	259	0	0	23	236	145	91
PCT1117	ED	181	152	0	0	18	134	112	22
PCT1117	TO	846	411	0	0	41	370	257	113
PCT1118	MV	846	366	0	0	22	344	225	119
PCT1118	ED	219	164	0	0	18	146	108	38
PCT1118	TO	1065	530	0	0	40	490	333	157
PCT1119	MV	659	305	0	0	22	283	184	99
PCT1119	ED	138	117	0	0	12	105	84	21
PCT1119	TO	797	422	0	0	34	388	268	120
PCT1121	MV	556	269	0	0	29	240	132	108
PCT1121	ED	149	123	0	0	12	111	70	41
PCT1121	TO	705	392	0	0	41	351	202	149
PCT1122	MV	519	247	0	1	24	222	108	114
PCT1122	ED	118	97	0	0	11	86	55	31
PCT1122	TO	637	344	0	1	35	308	163	145
PCT1123	MV	730	258	0	0	16	242	153	89
PCT1123	ED	208	151	0	1	13	137	102	35
PCT1123	TO	938	409	0	1	29	379	255	124
PCT1124	MV	631	246	0	0	15	231	140	91
PCT1124	ED	198	125	0	0	13	112	88	24
PCT1124	TO	829	371	0	0	28	343	228	115
PCT1125	MV	919	365	0	0	40	325	178	147
PCT1125	ED	178	115	0	0	15	100	77	23
PCT1125	TO	1097	480	0	0	55	425	255	170
PCT1126	MV	812	308	0	0	27	281	173	108
PCT1126	ED	200	108	0	0	4	104	67	37
PCT1126	TO	1012	416	0	0	31	385	240	145
PCT1127	MV	743	295	0	0	16	279	150	129
PCT1127	ED	222	148	0	0	7	141	101	40
PCT1127	TO	965	443	0	0	23	420	251	169
PCT1128	MV	734	287	0	0	23	264	142	122
PCT1128	ED	145	108	0	0	16	92	62	30
PCT1128	TO	879	395	0	0	39	356	204	152
PCT1129	MV	790	314	0	0	29	285	173	112
PCT1129	ED	246	146	0	0	23	123	82	41
PCT1129	TO	1036	460	0	0	52	408	255	153
PCT1131	MV	694	280	0	0	32	248	134	114
PCT1131	ED	166	111	0	0	13	98	68	30
PCT1131	TO	860	391	0	0	45	346	202	144
PCT1132	MV	838	370	0	0	26	344	209	135
PCT1132	ED	194	103	0	0	12	91	68	23
PCT1132	TO	1032	473	0	0	38	435	277	158
PCT1133	MV	716	336	0	0	15	321	193	128
PCT1133	ED	159	113	0	0	9	104	66	38
PCT1133	TO	875	449	0	0	24	425	259	166
PCT1134	MV	585	293	0	0	21	272	138	134
PCT1134	ED	182	127	0	0	15	112	77	35
PCT1134	TO	767	420	0	0	36	384	215	169
PCT1135	MV	465	220	0	0	13	207	114	93
PCT1135	ED	91	61	0	0	4	57	38	19
PCT1135	TO	556	281	0	0	17	264	152	112
PCT1136	MV	710	342	0	0	22	320	177	143
PCT1136	ED	157	117	0	0	13	104	64	40
PCT1136	TO	867	459	0	0	35	424	241	183
PCT1141	MV	836	394	0	0	28	366	216	150
PCT1141	ED	220	185	0	0	17	168	118	50
PCT1141	TO	1056	579	0	0	45	534	334	200
PCT1142	MV	721	330	0	0	40	290	184	106
PCT1142	ED	175	119	0	0	7	112	87	25
PCT1142	TO	896	449	0	0	47	402	271	131
PCT1143	MV	824	360	0	0	42	318	210	108
PCT1143	ED	225	189	0	0	21	168	137	31
PCT1143	TO	1049	549	0	0	63	486	347	139
PCT1144	MV	727	327	0	1	19	307	181	126
PCT1144	ED	220	165	0	0	24	141	98	43
PCT1144	TO	947	492	0	1	43	448	279	169
PCT1145	MV	753	411	0	0	33	378	240	138
PCT1145	ED	152	152	0	0	13	139	104	35
PCT1145	TO	905	563	0	0	46	517	344	173
PCT1146	MV	839	364	0	0	27	337	215	122
PCT1146	ED	215	159	0	0	16	143	97	46
PCT1146	TO	1054	523	0	0	43	480	312	168
PCT1147	MV	673	310	0	0	21	289	191	98
PCT1147	ED	212	159	0	0	16	143	104	39
PCT1147	TO	885	469	0	0	37	432	295	137
PCT1148	MV	804	370	0	0	28	342	207	135
PCT1148	ED	224	158	0	0	25	133	89	44
PCT1148	TO	1028	528	0	0	53	475	296	179
PCT1149	MV	710	320	0	0	31	289	176	113
PCT1149	ED	229	161	0	0	13	148	110	38
PCT1149	TO	939	481	0	0	44	437	286	151
PCT1151	MV	0	0	0	0	0	0	0	0
PCT1151	ED	0	0	0	0	0	0	0	0
PCT1151	TO	0	0	0	0	0	0	0	0
PCT1152	MV	710	315	0	0	31	284	191	93
PCT1152	ED	180	137	0	0	11	126	94	32
PCT1152	TO	890	452	0	0	42	410	285	125
PCT1153	MV	730	285	0	0	33	252	171	81
PCT1153	ED	210	181	0	0	17	164	100	64
PCT1153	TO	940	466	0	0	50	416	271	145
PCT1154	MV	0	0	0	0	0	0	0	0
PCT1154	ED	0	0	0	0	0	0	0	0
PCT1154	TO	0	0	0	0	0	0	0	0
PCT7001	MV	632	331	0	0	29	302	234	68
PCT7001	ED	141	149	0	0	14	135	104	31
PCT7001	TO	773	480	0	0	43	437	338	99
PCT7002	MV	598	270	0	0	30	240	185	55
PCT7002	ED	116	142	0	0	15	127	103	24
PCT7002	TO	714	412	0	0	45	367	288	79
PCT7003	MV	759	435	0	0	38	397	293	104
PCT7003	ED	147	193	0	0	28	165	132	33
PCT7003	TO	906	628	0	0	66	562	425	137
PCT7004	MV	764	418	0	0	35	383	290	93
PCT7004	ED	149	225	0	0	27	198	153	45
PCT7004	TO	913	643	0	0	62	581	443	138
PCT7005	MV	698	351	0	1	33	317	249	68
PCT7005	ED	161	230	0	0	36	194	147	47
PCT7005	TO	859	581	0	1	69	511	396	115
PCT7006	MV	729	361	0	0	34	327	267	60
PCT7006	ED	203	240	0	0	31	209	167	42
PCT7006	TO	932	601	0	0	65	536	434	102
PCT7007	MV	777	438	0	0	41	397	286	111
PCT7007	ED	180	242	0	0	33	209	163	46
PCT7007	TO	957	680	0	0	74	606	449	157
PCT7008	MV	732	369	0	0	44	325	214	111
PCT7008	ED	177	254	0	0	29	225	180	45
PCT7008	TO	909	623	0	0	73	550	394	156
PCT7009	MV	752	391	0	0	31	360	271	89
PCT7009	ED	119	160	0	0	19	141	104	37
PCT7009	TO	871	551	0	0	50	501	375	126
PCT7011	MV	704	231	0	0	17	214	160	54
PCT7011	ED	269	142	0	0	12	130	95	35
PCT7011	TO	973	373	0	0	29	344	255	89
PCT7012	MV	999	489	0	0	45	444	338	106
PCT7012	ED	227	308	0	0	44	264	212	52
PCT7012	TO	1226	797	0	0	89	708	550	158
PCT7013	MV	984	431	0	0	40	391	298	93
PCT7013	ED	155	259	0	0	36	223	177	46
PCT7013	TO	1139	690	0	0	76	614	475	139
PCT7014	MV	610	305	0	0	38	267	213	54
PCT7014	ED	109	182	0	0	28	154	108	46
PCT7014	TO	719	487	0	0	66	421	321	100
PCT7015	MV	110	41	0	0	7	34	27	7
PCT7015	ED	0	5	0	0	0	5	3	2
PCT7015	TO	110	46	0	0	7	39	30	9
PCT7016	MV	655	239	0	0	22	217	134	83
PCT7016	ED	277	124	0	0	10	114	88	26
PCT7016	TO	932	363	0	0	32	331	222	109
PCT7017	MV	543	182	0	0	22	160	122	38
PCT7017	ED	238	92	0	0	13	79	60	19
PCT7017	TO	781	274	0	0	35	239	182	57
PCT7018	MV	847	358	0	0	32	326	209	117
PCT7018	ED	200	103	0	0	9	94	73	21
PCT7018	TO	1047	461	0	0	41	420	282	138
PCT7019	MV	734	356	0	0	28	328	207	121
PCT7019	ED	166	112	0	0	13	99	78	21
PCT7019	TO	900	468	0	0	41	427	285	142
PCT7021	MV	679	271	0	0	22	249	184	65
PCT7021	ED	288	159	0	0	22	137	107	30
PCT7021	TO	967	430	0	0	44	386	291	95
PCT7022	MV	770	340	0	0	34	306	221	85
PCT7022	ED	193	93	0	0	8	85	71	14
PCT7022	TO	963	433	0	0	42	391	292	99
PCT7023	MV	687	331	0	0	26	305	231	74
PCT7023	ED	233	118	0	0	12	106	89	17
PCT7023	TO	920	449	0	0	38	411	320	91
PCT7024	MV	251	51	0	0	3	48	34	14
PCT7024	ED	190	35	0	0	6	29	21	8
PCT7024	TO	441	86	0	0	9	77	55	22
PCT7025	MV	316	97	0	0	7	90	63	27
PCT7025	ED	167	66	0	0	3	63	47	16
PCT7025	TO	483	163	0	0	10	153	110	43
PCT7026	MV	819	337	0	0	18	319	170	149
PCT7026	ED	191	125	0	0	21	104	73	31
PCT7026	TO	1010	462	0	0	39	423	243	180
PCT7027	MV	677	272	0	0	22	250	173	77
PCT7027	ED	219	143	0	0	15	128	101	27
PCT7027	TO	896	415	0	0	37	378	274	104
PCT7028	MV	586	221	0	0	22	199	150	49
PCT7028	ED	270	151	0	0	9	142	112	30
PCT7028	TO	856	372	0	0	31	341	262	79
PCT7029	MV	643	209	0	0	29	180	126	54
PCT7029	ED	266	82	0	0	6	76	56	20
PCT7029	TO	909	291	0	0	35	256	182	74
PCT7030	MV	654	274	0	0	12	262	124	138
PCT7030	ED	141	80	0	0	7	73	42	31
PCT7030	TO	795	354	0	0	19	335	166	169
PCT7031	MV	622	265	0	0	27	238	138	100
PCT7031	ED	72	78	0	0	10	68	50	18
PCT7031	TO	694	343	0	0	37	306	188	118
PCT7032	MV	643	266	0	0	23	243	162	81
PCT7032	ED	238	105	0	0	10	95	69	26
PCT7032	TO	881	371	0	0	33	338	231	107
PCT7033	MV	549	214	0	0	24	190	127	63
PCT7033	ED	229	136	0	0	17	119	92	27
PCT7033	TO	778	350	0	0	41	309	219	90
PCT7034	MV	620	142	0	0	16	126	99	27
PCT7034	ED	318	111	0	0	12	99	73	26
PCT7034	TO	938	253	0	0	28	225	172	53
PCT7035	MV	567	238	0	0	20	218	149	69
PCT7035	ED	152	101	0	0	14	87	67	20
PCT7035	TO	719	339	0	0	34	305	216	89
PCT7036	MV	781	267	0	0	33	234	131	103
PCT7036	ED	193	79	0	0	11	68	51	17
PCT7036	TO	974	346	0	0	44	302	182	120
PCT7037	MV	434	64	0	0	1	63	37	26
PCT7037	ED	312	65	0	0	13	52	38	14
PCT7037	TO	746	129	0	0	14	115	75	40
PCT7038	MV	758	308	0	1	29	278	163	115
PCT7038	ED	203	105	0	0	15	90	62	28
PCT7038	TO	961	413	0	1	44	368	225	143
PCT7039	MV	636	244	0	0	24	220	123	97
PCT7039	ED	201	146	0	0	8	138	89	49
PCT7039	TO	837	390	0	0	32	358	212	146
PCT7041	MV	66	29	0	0	4	25	10	15
PCT7041	ED	0	2	0	0	0	2	1	1
PCT7041	TO	66	31	0	0	4	27	11	16
PCT7042	MV	514	224	0	0	15	209	137	72
PCT7042	ED	146	96	0	0	5	91	61	30
PCT7042	TO	660	320	0	0	20	300	198	102
PCT7043	MV	754	295	0	0	28	267	168	99
PCT7043	ED	224	122	0	0	14	108	73	35
PCT7043	TO	978	417	0	0	42	375	241	134
PCT7044	MV	586	150	0	0	11	139	98	41
PCT7044	ED	266	95	0	0	12	83	51	32
PCT7044	TO	852	245	0	0	23	222	149	73
PCT7045	MV	632	268	0	0	28	240	130	110
PCT7045	ED	154	80	0	0	13	67	36	31
PCT7045	TO	786	348	0	0	41	307	166	141
PCT7046	MV	334	134	0	0	12	122	74	48
PCT7046	ED	96	76	0	0	8	68	52	16
PCT7046	TO	430	210	0	0	20	190	126	64
PCT7047	MV	733	315	0	0	24	291	174	117
PCT7047	ED	150	100	0	0	18	82	54	28
PCT7047	TO	883	415	0	0	42	373	228	145
PCT7048	MV	685	267	0	1	15	251	153	98
PCT7048	ED	196	80	0	0	9	71	54	17
PCT7048	TO	881	347	0	1	24	322	207	115
PCT7049	MV	616	248	0	0	27	221	122	99
PCT7049	ED	210	104	0	0	13	91	67	24
PCT7049	TO	826	352	0	0	40	312	189	123
PCT7051	MV	715	311	0	0	22	289	138	151
PCT7051	ED	165	105	0	0	13	92	64	28
PCT7051	TO	880	416	0	0	35	381	202	179
PCT7052	MV	722	298	0	0	17	281	154	127
PCT7052	ED	184	135	0	0	16	119	78	41
PCT7052	TO	906	433	0	0	33	400	232	168
PCT7053	MV	542	227	0	0	33	194	122	72
PCT7053	ED	43	70	0	0	7	63	46	17
PCT7053	TO	585	297	0	0	40	257	168	89
PCT7054	MV	863	310	0	0	23	287	201	86
PCT7054	ED	273	170	0	0	13	157	115	42
PCT7054	TO	1136	480	0	0	36	444	316	128
PCT7055	MV	732	292	0	0	28	264	187	77
PCT7055	ED	94	150	0	0	23	127	96	31
PCT7055	TO	826	442	0	0	51	391	283	108
PCT7056	MV	619	277	0	0	29	248	184	64
PCT7056	ED	86	179	0	0	30	149	116	33
PCT7056	TO	705	456	0	0	59	397	300	97
PCT7101	MV	147	99	0	0	10	89	70	19
PCT7101	ED	0	9	0	0	3	6	4	2
PCT7101	TO	147	108	0	0	13	95	74	21
PCT7201	MV	789	384	0	0	40	344	208	136
PCT7201	ED	146	195	0	0	35	160	114	46
PCT7201	TO	935	579	0	0	75	504	322	182
PCT7202	MV	708	309	0	0	34	275	165	110
PCT7202	ED	143	188	0	0	28	160	102	58
PCT7202	TO	851	497	0	0	62	435	267	168
PCT7203	MV	693	321	0	0	40	281	182	99
PCT7203	ED	186	217	0	0	31	186	133	53
PCT7203	TO	879	538	0	0	71	467	315	152
PCT7204	MV	773	425	0	0	50	375	267	108
PCT7204	ED	126	206	0	0	39	167	114	53
PCT7204	TO	899	631	0	0	89	542	381	161
PCT7205	MV	724	360	0	0	35	325	211	114
PCT7205	ED	147	203	0	0	32	171	127	44
PCT7205	TO	871	563	0	0	67	496	338	158
PCT7206	MV	299	129	0	0	13	116	85	31
PCT7206	ED	78	130	0	0	21	109	81	28
PCT7206	TO	377	259	0	0	34	225	166	59
PCT7207	MV	744	333	0	0	35	298	200	98
PCT7207	ED	123	177	0	0	28	149	109	40
PCT7207	TO	867	510	0	0	63	447	309	138
PCT7208	MV	492	254	0	0	32	222	152	70
PCT7208	ED	78	110	0	0	15	95	79	16
PCT7208	TO	570	364	0	0	47	317	231	86
PCT7209	MV	595	343	0	0	39	304	210	94
PCT7209	ED	52	82	0	0	11	71	59	12
PCT7209	TO	647	425	0	0	50	375	269	106
PCT7301	MV	813	319	0	0	27	292	192	100
PCT7301	ED	201	154	0	0	23	131	107	24
PCT7301	TO	1014	473	0	0	50	423	299	124
PCT7302	MV	713	352	0	0	43	309	205	104
PCT7302	ED	136	153	0	0	22	131	91	40
PCT7302	TO	849	505	0	0	65	440	296	144
PCT7303	MV	869	376	0	0	34	342	244	98
PCT7303	ED	199	255	0	0	51	204	141	63
PCT7303	TO	1068	631	0	0	85	546	385	161
PCT7304	MV	803	367	0	0	43	324	214	110
PCT7304	ED	198	239	0	0	19	220	169	51
PCT7304	TO	1001	606	0	0	62	544	383	161
PCT7305	MV	714	390	0	0	40	350	208	142
PCT7305	ED	153	206	0	0	18	188	125	63
PCT7305	TO	867	596	0	0	58	538	333	205
PCT7306	MV	801	375	0	0	46	329	185	144
PCT7306	ED	243	222	0	0	50	172	121	51
PCT7306	TO	1044	597	0	0	96	501	306	195
PCT7307	MV	605	276	0	0	22	254	168	86
PCT7307	ED	169	155	0	0	26	129	100	29
PCT7307	TO	774	431	0	0	48	383	268	115
PCT7308	MV	520	257	0	0	20	237	163	74
PCT7308	ED	105	175	0	0	23	152	115	37
PCT7308	TO	625	432	0	0	43	389	278	111
PCT7309	MV	691	324	0	0	35	289	201	88
PCT7309	ED	167	214	0	0	37	177	125	52
PCT7309	TO	858	538	0	0	72	466	326	140
PCT7311	MV	698	336	0	0	36	300	200	100
PCT7311	ED	208	250	0	0	32	218	159	59
PCT7311	TO	906	586	0	0	68	518	359	159
PCT7312	MV	700	397	0	0	46	351	218	133
PCT7312	ED	110	176	0	0	27	149	104	45
PCT7312	TO	810	573	0	0	73	500	322	178
PCT7313	MV	819	375	0	0	36	339	223	116
PCT7313	ED	184	181	0	0	35	146	100	46
PCT7313	TO	1003	556	0	0	71	485	323	162
PCT7314	MV	612	226	0	0	29	197	107	90
PCT7314	ED	147	89	0	0	16	73	49	24
PCT7314	TO	759	315	0	0	45	270	156	114
PCT7315	MV	570	207	0	0	15	192	126	66
PCT7315	ED	195	181	0	0	24	157	118	39
PCT7315	TO	765	388	0	0	39	349	244	105
PCT7316	MV	654	261	0	0	30	231	149	82
PCT7316	ED	178	161	0	0	23	138	98	40
PCT7316	TO	832	422	0	0	53	369	247	122
PCT7317	MV	744	350	0	0	25	325	210	115
PCT7317	ED	146	162	0	0	20	142	105	37
PCT7317	TO	890	512	0	0	45	467	315	152
PCT7318	MV	605	294	0	0	37	257	177	80
PCT7318	ED	118	150	0	0	30	120	86	34
PCT7318	TO	723	444	0	0	67	377	263	114
PCT7319	MV	861	346	0	0	40	306	199	107
PCT7319	ED	188	208	0	0	42	166	119	47
PCT7319	TO	1049	554	0	0	82	472	318	154
PCT7321	MV	557	202	0	0	21	181	113	68
PCT7321	ED	102	106	0	0	13	93	62	31
PCT7321	TO	659	308	0	0	34	274	175	99
PCT7322	MV	742	296	0	0	48	248	128	120
PCT7322	ED	146	56	0	0	9	47	39	8
PCT7322	TO	888	352	0	0	57	295	167	128
PCT7323	MV	790	369	0	0	47	322	223	99
PCT7323	ED	166	180	0	0	27	153	103	50
PCT7323	TO	956	549	0	0	74	475	326	149
PCT7324	MV	587	260	0	0	28	232	156	76
PCT7324	ED	150	136	0	0	24	112	75	37
PCT7324	TO	737	396	0	0	52	344	231	113
PCT7325	MV	714	328	0	0	40	288	192	96
PCT7325	ED	172	183	0	0	32	151	102	49
PCT7325	TO	886	511	0	0	72	439	294	145
PCT7326	MV	685	304	0	1	38	265	166	99
PCT7326	ED	174	187	0	0	33	154	114	40
PCT7326	TO	859	491	0	1	71	419	280	139
PCT7327	MV	561	230	0	0	38	192	95	97
PCT7327	ED	126	59	0	0	5	54	39	15
PCT7327	TO	687	289	0	0	43	246	134	112
PCT7328	MV	829	334	0	0	67	267	155	112
PCT7328	ED	173	85	0	0	19	66	51	15
PCT7328	TO	1002	419	0	0	86	333	206	127
PCT7329	MV	556	228	0	0	33	195	113	82
PCT7329	ED	95	105	0	0	19	86	66	20
PCT7329	TO	651	333	0	0	52	281	179	102
PCT7331	MV	710	363	0	0	49	314	182	132
PCT7331	ED	160	170	0	0	27	143	91	52
PCT7331	TO	870	533	0	0	76	457	273	184
PCT7332	MV	654	265	0	0	27	238	189	49
PCT7332	ED	136	173	0	0	19	154	132	22
PCT7332	TO	790	438	0	0	46	392	321	71
PCT7333	MV	822	392	0	0	47	345	249	96
PCT7333	ED	193	241	0	0	31	210	162	48
PCT7333	TO	1015	633	0	0	78	555	411	144
PCT7334	MV	688	307	0	0	23	284	193	91
PCT7334	ED	131	170	0	0	18	152	108	44
PCT7334	TO	819	477	0	0	41	436	301	135
PCT7335	MV	788	390	0	1	45	344	221	123
PCT7335	ED	146	217	0	0	44	173	141	32
PCT7335	TO	934	607	0	1	89	517	362	155
PCT7336	MV	779	405	0	0	41	364	232	132
PCT7336	ED	175	189	0	0	31	158	109	49
PCT7336	TO	954	594	0	0	72	522	341	181
PCT7337	MV	772	387	0	0	43	344	212	132
PCT7337	ED	125	143	0	0	18	125	91	34
PCT7337	TO	897	530	0	0	61	469	303	166
PCT7338	MV	770	360	0	0	49	311	181	130
PCT7338	ED	125	104	0	0	15	89	68	21
PCT7338	TO	895	464	0	0	64	400	249	151
PCT7339	MV	605	270	0	0	31	239	179	60
PCT7339	ED	150	149	0	0	12	137	100	37
PCT7339	TO	755	419	0	0	43	376	279	97
PCT7341	MV	675	292	0	0	36	256	181	75
PCT7341	ED	178	183	0	0	21	162	126	36
PCT7341	TO	853	475	0	0	57	418	307	111
PCT7342	MV	674	326	0	0	26	300	221	79
PCT7342	ED	230	269	0	0	28	241	184	57
PCT7342	TO	904	595	0	0	54	541	405	136
PCT7343	MV	554	253	0	0	17	236	196	40
PCT7343	ED	150	176	0	0	28	148	117	31
PCT7343	TO	704	429	0	0	45	384	313	71
PCT7344	MV	863	393	0	0	33	360	249	111
PCT7344	ED	201	238	0	0	32	206	162	44
PCT7344	TO	1064	631	0	0	65	566	411	155
PCT7345	MV	904	434	0	0	35	399	303	96
PCT7345	ED	210	253	0	0	33	220	170	50
PCT7345	TO	1114	687	0	0	68	619	473	146
PCT7346	MV	681	288	0	0	30	258	186	72
PCT7346	ED	208	209	0	0	30	179	140	39
PCT7346	TO	889	497	0	0	60	437	326	111
PCT7347	MV	833	371	0	0	40	331	274	57
PCT7347	ED	170	192	0	0	26	166	132	34
PCT7347	TO	1003	563	0	0	66	497	406	91
PCT7348	MV	650	279	0	0	32	247	179	68
PCT7348	ED	193	159	0	0	25	134	102	32
PCT7348	TO	843	438	0	0	57	381	281	100
PCT7349	MV	710	318	0	0	31	287	198	89
PCT7349	ED	202	178	0	0	29	149	118	31
PCT7349	TO	912	496	0	0	60	436	316	120
PCT7501	MV	456	248	0	0	33	215	139	76
PCT7501	ED	95	127	0	0	23	104	67	37
PCT7501	TO	551	375	0	0	56	319	206	113
PCT7502	MV	669	318	0	0	35	283	170	113
PCT7502	ED	120	167	0	0	26	141	111	30
PCT7502	TO	789	485	0	0	61	424	281	143
PCT7503	MV	614	286	0	0	27	259	193	66
PCT7503	ED	148	163	0	0	28	135	93	42
PCT7503	TO	762	449	0	0	55	394	286	108
PCT7504	MV	404	175	0	0	14	161	105	56
PCT7504	ED	84	92	0	0	12	80	64	16
PCT7504	TO	488	267	0	0	26	241	169	72
PCT7505	MV	729	406	0	2	52	352	264	88
PCT7505	ED	133	143	0	0	16	127	95	32
PCT7505	TO	862	549	0	2	68	479	359	120
PCT7506	MV	842	365	0	0	40	325	233	92
PCT7506	ED	158	206	0	0	35	171	149	22
PCT7506	TO	1000	571	0	0	75	496	382	114
PCT7507	MV	694	291	0	0	25	266	195	71
PCT7507	ED	262	156	0	0	16	140	109	31
PCT7507	TO	956	447	0	0	41	406	304	102
PCT7508	MV	618	375	0	0	42	333	237	96
PCT7508	ED	126	131	0	0	14	117	93	24
PCT7508	TO	744	506	0	0	56	450	330	120
PCT7509	MV	756	399	0	0	40	359	265	94
PCT7509	ED	173	184	0	0	20	164	132	32
PCT7509	TO	929	583	0	0	60	523	397	126
PCT7512	MV	476	248	0	0	26	222	161	61
PCT7512	ED	124	120	0	0	16	104	74	30
PCT7512	TO	600	368	0	0	42	326	235	91
PCT7513	MV	575	248	0	0	31	217	170	47
PCT7513	ED	231	159	0	0	29	130	105	25
PCT7513	TO	806	407	0	0	60	347	275	72
PCT7514	MV	709	242	0	0	37	205	147	58
PCT7514	ED	207	100	0	0	17	83	58	25
PCT7514	TO	916	342	0	0	54	288	205	83
PCT7515	MV	664	323	0	1	19	303	220	83
PCT7515	ED	200	131	0	0	22	109	84	25
PCT7515	TO	864	454	0	1	41	412	304	108
PCT7516	MV	773	424	0	0	35	389	272	117
PCT7516	ED	147	152	0	0	15	137	96	41
PCT7516	TO	920	576	0	0	50	526	368	158
PCT7517	MV	645	362	0	0	43	319	264	55
PCT7517	ED	223	266	0	0	40	226	180	46
PCT7517	TO	868	628	0	0	83	545	444	101
PCT7518	MV	708	396	0	0	45	351	283	68
PCT7518	ED	218	273	0	0	30	243	199	44
PCT7518	TO	926	669	0	0	75	594	482	112
PCT7519	MV	543	261	0	0	35	226	182	44
PCT7519	ED	172	194	0	0	27	167	140	27
PCT7519	TO	715	455	0	0	62	393	322	71
PCT7521	MV	597	323	0	0	29	294	252	42
PCT7521	ED	182	222	0	0	22	200	174	26
PCT7521	TO	779	545	0	0	51	494	426	68
PCT7522	MV	588	302	0	0	27	275	223	52
PCT7522	ED	171	221	0	0	38	183	151	32
PCT7522	TO	759	523	0	0	65	458	374	84
PCT7523	MV	564	285	0	0	30	255	217	38
PCT7523	ED	180	247	0	1	25	221	181	40
PCT7523	TO	744	532	0	1	55	476	398	78
PCT7524	MV	481	228	0	0	24	204	170	34
PCT7524	ED	143	154	0	0	24	130	111	19
PCT7524	TO	624	382	0	0	48	334	281	53
PCT7525	MV	594	247	0	0	33	214	171	43
PCT7525	ED	170	159	0	0	26	133	111	22
PCT7525	TO	764	406	0	0	59	347	282	65
PCT7526	MV	825	397	0	0	51	346	292	54
PCT7526	ED	163	258	0	0	38	220	174	46
PCT7526	TO	988	655	0	0	89	566	466	100
PCT7527	MV	538	296	0	0	31	265	208	57
PCT7527	ED	172	157	0	0	19	138	107	31
PCT7527	TO	710	453	0	0	50	403	315	88
PCT7529	MV	749	367	0	0	28	339	292	47
PCT7529	ED	154	261	0	0	28	233	196	37
PCT7529	TO	903	628	0	0	56	572	488	84
PCT7531	MV	714	336	0	0	29	307	265	42
PCT7531	ED	159	211	0	0	20	191	163	28
PCT7531	TO	873	547	0	0	49	498	428	70
PCT7532	MV	668	330	0	0	23	307	247	60
PCT7532	ED	167	225	0	1	30	194	153	41
PCT7532	TO	835	555	0	1	53	501	400	101
PCT7533	MV	777	405	0	0	39	366	305	61
PCT7533	ED	193	286	0	0	33	253	211	42
PCT7533	TO	970	691	0	0	72	619	516	103
PCT7534	MV	670	377	0	0	43	334	269	65
PCT7534	ED	233	259	0	0	33	226	194	32
PCT7534	TO	903	636	0	0	76	560	463	97
PCT7535	MV	606	303	0	0	35	268	215	53
PCT7535	ED	139	218	0	0	36	182	151	31
PCT7535	TO	745	521	0	0	71	450	366	84
PCT7536	MV	670	347	0	0	26	321	264	57
PCT7536	ED	163	231	0	0	30	201	166	35
PCT7536	TO	833	578	0	0	56	522	430	92
PCT7537	MV	619	302	0	0	26	276	222	54
PCT7537	ED	126	221	0	0	22	199	163	36
PCT7537	TO	745	523	0	0	48	475	385	90
PCT7538	MV	562	324	0	0	25	299	243	56
PCT7538	ED	189	233	0	0	32	201	173	28
PCT7538	TO	751	557	0	0	57	500	416	84
PCT7539	MV	696	376	0	0	23	353	303	50
PCT7539	ED	225	277	0	0	34	243	218	25
PCT7539	TO	921	653	0	0	57	596	521	75
PCT7541	MV	601	296	0	0	32	264	214	50
PCT7541	ED	169	236	0	0	36	200	168	32
PCT7541	TO	770	532	0	0	68	464	382	82
PCT7542	MV	632	325	0	0	21	304	256	48
PCT7542	ED	192	222	0	0	20	202	164	38
PCT7542	TO	824	547	0	0	41	506	420	86
PCT7543	MV	694	373	0	0	28	345	271	74
PCT7543	ED	230	191	0	0	34	157	125	32
PCT7543	TO	924	564	0	0	62	502	396	106
PCT7544	MV	731	389	0	0	41	348	278	70
PCT7544	ED	168	232	0	0	28	204	167	37
PCT7544	TO	899	621	0	0	69	552	445	107
PCT7545	MV	723	386	0	0	39	347	273	74
PCT7545	ED	172	211	0	0	29	182	153	29
PCT7545	TO	895	597	0	0	68	529	426	103
PCT7546	MV	770	419	0	0	37	382	324	58
PCT7546	ED	183	277	0	0	34	243	189	54
PCT7546	TO	953	696	0	0	71	625	513	112
PCT7547	MV	799	427	0	0	37	390	342	48
PCT7547	ED	182	270	0	0	33	237	213	24
PCT7547	TO	981	697	0	0	70	627	555	72
PCT7548	MV	803	450	0	0	36	414	328	86
PCT7548	ED	248	281	0	0	37	244	207	37
PCT7548	TO	1051	731	0	0	73	658	535	123
PCT7549	MV	660	359	0	0	40	319	261	58
PCT7549	ED	146	200	0	0	30	170	144	26
PCT7549	TO	806	559	0	0	70	489	405	84
PCT7551	MV	587	304	0	0	25	279	237	42
PCT7551	ED	136	233	0	0	24	209	172	37
PCT7551	TO	723	537	0	0	49	488	409	79
PCT7552	MV	561	289	0	0	36	253	202	51
PCT7552	ED	124	185	0	0	33	152	123	29
PCT7552	TO	685	474	0	0	69	405	325	80
PCT7553	MV	191	96	0	0	7	89	61	28
PCT7553	ED	0	19	0	0	4	15	9	6
PCT7553	TO	191	115	0	0	11	104	70	34
PCT7554	MV	653	382	0	0	40	342	263	79
PCT7554	ED	168	226	0	0	30	196	142	54
PCT7554	TO	821	608	0	0	70	538	405	133
PCT7555	MV	662	418	0	0	44	374	297	77
PCT7555	ED	210	258	0	0	36	222	180	42
PCT7555	TO	872	676	0	0	80	596	477	119
PCT7556	MV	812	514	0	0	39	475	368	107
PCT7556	ED	154	236	0	0	33	203	150	53
PCT7556	TO	966	750	0	0	72	678	518	160
PCT7601	MV	485	207	0	0	17	190	134	56
PCT7601	ED	192	125	0	0	20	105	83	22
PCT7601	TO	677	332	0	0	37	295	217	78
PCT7602	MV	654	277	0	0	21	256	188	68
PCT7602	ED	232	150	0	0	18	132	111	21
PCT7602	TO	886	427	0	0	39	388	299	89
PCT7603	MV	615	296	0	0	33	263	205	58
PCT7603	ED	200	208	0	0	22	186	140	46
PCT7603	TO	815	504	0	0	55	449	345	104
PCT7604	MV	685	270	0	0	18	252	197	55
PCT7604	ED	259	187	0	0	33	154	114	40
PCT7604	TO	944	457	0	0	51	406	311	95
PCT7605	MV	469	192	0	0	20	172	129	43
PCT7605	ED	192	98	0	0	11	87	56	31
PCT7605	TO	661	290	0	0	31	259	185	74
PCT7606	MV	673	267	0	0	38	229	176	53
PCT7606	ED	210	123	0	0	14	109	88	21
PCT7606	TO	883	390	0	0	52	338	264	74
PCT7607	MV	712	288	0	0	25	263	199	64
PCT7607	ED	207	143	0	0	13	130	97	33
PCT7607	TO	919	431	0	0	38	393	296	97
PCT7608	MV	279	96	0	0	15	81	44	37
PCT7608	ED	101	28	0	0	2	26	22	4
PCT7608	TO	380	124	0	0	17	107	66	41
PCT7609	MV	699	287	0	0	40	247	172	75
PCT7609	ED	185	76	0	0	11	65	44	21
PCT7609	TO	884	363	0	0	51	312	216	96
PCT7611	MV	586	236	0	0	23	213	150	63
PCT7611	ED	202	70	0	0	9	61	51	10
PCT7611	TO	788	306	0	0	32	274	201	73
PCT7612	MV	452	216	0	0	19	197	130	67
PCT7612	ED	105	61	0	0	6	55	40	15
PCT7612	TO	557	277	0	0	25	252	170	82
PCT7613	MV	634	244	0	0	25	219	168	51
PCT7613	ED	249	123	0	0	13	110	91	19
PCT7613	TO	883	367	0	0	38	329	259	70
PCT7614	MV	713	255	0	0	25	230	183	47
PCT7614	ED	203	133	0	0	16	117	94	23
PCT7614	TO	916	388	0	0	41	347	277	70
PCT7615	MV	510	165	0	0	18	147	111	36
PCT7615	ED	240	91	0	0	10	81	64	17
PCT7615	TO	750	256	0	0	28	228	175	53
PCT7616	MV	754	332	0	0	43	289	216	73
PCT7616	ED	82	191	0	0	33	158	114	44
PCT7616	TO	836	523	0	0	76	447	330	117
PCT7617	MV	583	222	0	0	35	187	133	54
PCT7617	ED	169	78	0	0	18	60	51	9
PCT7617	TO	752	300	0	0	53	247	184	63
PCT7618	MV	763	365	0	0	34	331	233	98
PCT7618	ED	151	141	0	0	22	119	87	32
PCT7618	TO	914	506	0	0	56	450	320	130
PCT7619	MV	938	439	0	0	44	395	295	100
PCT7619	ED	169	207	0	0	30	177	135	42
PCT7619	TO	1107	646	0	0	74	572	430	142
PCT7621	MV	1006	443	0	0	41	402	310	92
PCT7621	ED	149	185	0	0	33	152	119	33
PCT7621	TO	1155	628	0	0	74	554	429	125
PCT7622	MV	697	216	0	0	13	203	158	45
PCT7622	ED	263	127	0	0	18	109	91	18
PCT7622	TO	960	343	0	0	31	312	249	63
PCT7623	MV	767	256	0	1	28	227	165	62
PCT7623	ED	237	167	0	0	20	147	122	25
PCT7623	TO	1004	423	0	1	48	374	287	87
PCT7624	MV	652	210	0	0	18	192	138	54
PCT7624	ED	223	114	0	0	20	94	73	21
PCT7624	TO	875	324	0	0	38	286	211	75
PCT7625	MV	749	396	0	0	66	330	208	122
PCT7625	ED	73	51	0	0	5	46	37	9
PCT7625	TO	822	447	0	0	71	376	245	131
PCT7626	MV	945	404	0	0	52	352	219	133
PCT7626	ED	128	164	0	0	21	143	103	40
PCT7626	TO	1073	568	0	0	73	495	322	173
PCT7627	MV	457	196	0	0	23	173	99	74
PCT7627	ED	67	80	0	0	14	66	42	24
PCT7627	TO	524	276	0	0	37	239	141	98
PCT7628	MV	718	333	0	0	30	303	233	70
PCT7628	ED	220	185	0	0	24	161	126	35
PCT7628	TO	938	518	0	0	54	464	359	105
PCT7629	MV	691	277	0	0	28	249	198	51
PCT7629	ED	162	159	0	0	22	137	107	30
PCT7629	TO	853	436	0	0	50	386	305	81
PCT7631	MV	1009	442	0	0	48	394	290	104
PCT7631	ED	210	213	0	0	26	187	142	45
PCT7631	TO	1219	655	0	0	74	581	432	149
PCT7632	MV	1002	414	0	0	31	383	288	95
PCT7632	ED	169	237	0	0	28	209	169	40
PCT7632	TO	1171	651	0	0	59	592	457	135
PCT7633	MV	609	278	0	0	31	247	170	77
PCT7633	ED	126	124	0	0	20	104	78	26
PCT7633	TO	735	402	0	0	51	351	248	103
PCT7634	MV	704	344	0	0	40	304	214	90
PCT7634	ED	186	155	0	0	29	126	89	37
PCT7634	TO	890	499	0	0	69	430	303	127
PCT7635	MV	665	274	0	0	22	252	170	82
PCT7635	ED	188	145	0	0	15	130	100	30
PCT7635	TO	853	419	0	0	37	382	270	112
PCT7636	MV	798	331	0	0	36	295	207	88
PCT7636	ED	161	188	0	0	27	161	123	38
PCT7636	TO	959	519	0	0	63	456	330	126
PCT7637	MV	747	344	0	0	40	304	198	106
PCT7637	ED	121	169	0	0	31	138	95	43
PCT7637	TO	868	513	0	0	71	442	293	149
PCT7638	MV	806	374	0	0	38	336	202	134
PCT7638	ED	83	148	0	0	24	124	67	57
PCT7638	TO	889	522	0	0	62	460	269	191
PCT7639	MV	889	397	0	0	44	353	239	114
PCT7639	ED	133	175	0	0	46	129	82	47
PCT7639	TO	1022	572	0	0	90	482	321	161
PCT7641	MV	817	401	0	0	29	372	219	153
PCT7641	ED	134	158	0	1	18	139	94	45
PCT7641	TO	951	559	0	1	47	511	313	198
PCT7642	MV	647	314	0	0	44	270	202	68
PCT7642	ED	118	157	0	0	38	119	82	37
PCT7642	TO	765	471	0	0	82	389	284	105
PCT7643	MV	810	434	0	0	37	397	254	143
PCT7643	ED	131	135	0	0	25	110	77	33
PCT7643	TO	941	569	0	0	62	507	331	176
PCT7644	MV	1014	404	0	0	51	353	250	103
PCT7644	ED	162	234	0	0	36	198	149	49
PCT7644	TO	1176	638	0	0	87	551	399	152
PCT7645	MV	595	286	0	0	28	258	163	95
PCT7645	ED	61	112	0	0	17	95	61	34
PCT7645	TO	656	398	0	0	45	353	224	129
PCT7646	MV	1032	485	0	0	46	439	313	126
PCT7646	ED	121	251	0	0	52	199	152	47
PCT7646	TO	1153	736	0	0	98	638	465	173
PCT7647	MV	724	212	0	0	5	207	149	58
PCT7647	ED	263	148	0	0	18	130	106	24
PCT7647	TO	987	360	0	0	23	337	255	82
PCT7648	MV	2	1	0	0	1	0	0	0
PCT7648	ED	0	0	0	0	0	0	0	0
PCT7648	TO	2	1	0	0	1	0	0	0
PCT7649	MV	724	286	0	0	21	265	182	83
PCT7649	ED	176	152	0	0	16	136	107	29
PCT7649	TO	900	438	0	0	37	401	289	112
PCT7651	MV	834	334	0	0	32	302	204	98
PCT7651	ED	113	169	0	0	32	137	94	43
PCT7651	TO	947	503	0	0	64	439	298	141
PCT7652	MV	535	209	0	0	21	188	126	62
PCT7652	ED	100	122	0	0	14	108	77	31
PCT7652	TO	635	331	0	0	35	296	203	93
PCT7653	MV	750	337	0	0	46	291	207	84
PCT7653	ED	89	146	0	0	23	123	87	36
PCT7653	TO	839	483	0	0	69	414	294	120
PCT7654	MV	413	191	0	0	20	171	123	48
PCT7654	ED	53	106	0	0	15	91	73	18
PCT7654	TO	466	297	0	0	35	262	196	66
PCT7655	MV	583	216	0	0	12	204	140	64
PCT7655	ED	96	127	0	0	21	106	72	34
PCT7655	TO	679	343	0	0	33	310	212	98
PCT7656	MV	603	309	0	0	37	272	169	103
PCT7656	ED	35	81	0	0	18	63	37	26
PCT7656	TO	638	390	0	0	55	335	206	129
PCT7657	MV	561	270	0	0	32	238	169	69
PCT7657	ED	37	109	0	0	18	91	61	30
PCT7657	TO	598	379	0	0	50	329	230	99
PCT7701	MV	869	482	0	0	47	435	331	104
PCT7701	ED	195	251	0	0	39	212	169	43
PCT7701	TO	1064	733	0	0	86	647	500	147
PCT7702	MV	623	378	0	1	27	350	224	126
PCT7702	ED	133	146	0	0	22	124	83	41
PCT7702	TO	756	524	0	1	49	474	307	167
PCT7703	MV	174	71	0	0	8	63	46	17
PCT7703	ED	0	1	0	0	1	0	0	0
PCT7703	TO	174	72	0	0	9	63	46	17
PCT7704	MV	798	491	0	0	47	444	277	167
PCT7704	ED	204	221	0	0	25	196	125	71
PCT7704	TO	1002	712	0	0	72	640	402	238
PCT7705	MV	470	286	0	0	22	264	160	104
PCT7705	ED	125	148	0	0	15	133	81	52
PCT7705	TO	595	434	0	0	37	397	241	156
PCT7706	MV	687	451	0	0	39	412	255	157
PCT7706	ED	179	198	0	0	17	181	116	65
PCT7706	TO	866	649	0	0	56	593	371	222
PCT7707	MV	683	432	0	0	34	398	268	130
PCT7707	ED	189	226	0	0	17	209	141	68
PCT7707	TO	872	658	0	0	51	607	409	198
PCT7708	MV	710	462	0	0	46	416	275	141
PCT7708	ED	165	192	0	0	24	168	110	58
PCT7708	TO	875	654	0	0	70	584	385	199
PCT7709	MV	324	194	0	0	18	176	120	56
PCT7709	ED	82	107	0	0	11	96	68	28
PCT7709	TO	406	301	0	0	29	272	188	84
PCT7711	MV	658	380	0	0	34	346	234	112
PCT7711	ED	153	163	0	0	16	147	107	40
PCT7711	TO	811	543	0	0	50	493	341	152
PCT7712	MV	425	259	0	0	16	243	182	61
PCT7712	ED	107	135	0	0	15	120	92	28
PCT7712	TO	532	394	0	0	31	363	274	89
PCT7801	MV	824	487	0	0	40	447	315	132
PCT7801	ED	150	249	0	0	25	224	170	54
PCT7801	TO	974	736	0	0	65	671	485	186
PCT7802	MV	647	402	0	1	34	367	261	106
PCT7802	ED	151	212	0	0	26	186	148	38
PCT7802	TO	798	614	0	1	60	553	409	144
PCT7803	MV	718	476	0	1	51	424	312	112
PCT7803	ED	113	160	0	0	22	138	97	41
PCT7803	TO	831	636	0	1	73	562	409	153
PCT7804	MV	734	463	0	0	44	419	333	86
PCT7804	ED	151	246	0	0	35	211	161	50
PCT7804	TO	885	709	0	0	79	630	494	136
PCT7805	MV	644	402	0	1	44	357	262	95
PCT7805	ED	156	216	0	0	21	195	157	38
PCT7805	TO	800	618	0	1	65	552	419	133
PCT7806	MV	602	362	0	0	33	329	261	68
PCT7806	ED	153	208	0	0	28	180	151	29
PCT7806	TO	755	570	0	0	61	509	412	97
PCT7807	MV	642	363	0	0	29	334	270	64
PCT7807	ED	185	247	0	0	28	219	181	38
PCT7807	TO	827	610	0	0	57	553	451	102
PCT7808	MV	525	297	0	1	35	261	224	37
PCT7808	ED	129	170	0	0	27	143	114	29
PCT7808	TO	654	467	0	1	62	404	338	66
PCT7809	MV	624	352	0	0	28	324	265	59
PCT7809	ED	140	184	0	0	26	158	136	22
PCT7809	TO	764	536	0	0	54	482	401	81
PCT7811	MV	582	311	0	0	34	277	239	38
PCT7811	ED	176	218	0	0	24	194	163	31
PCT7811	TO	758	529	0	0	58	471	402	69
PCT7812	MV	680	371	0	0	34	337	264	73
PCT7812	ED	217	232	0	1	34	197	160	37
PCT7812	TO	897	603	0	1	68	534	424	110
PCT7813	MV	843	486	0	0	33	453	361	92
PCT7813	ED	225	300	0	0	32	268	224	44
PCT7813	TO	1068	786	0	0	65	721	585	136
PCT7814	MV	660	281	0	0	26	255	206	49
PCT7814	ED	241	191	0	0	27	164	124	40
PCT7814	TO	901	472	0	0	53	419	330	89
PCT7815	MV	749	465	0	0	51	414	317	97
PCT7815	ED	168	231	0	0	31	200	157	43
PCT7815	TO	917	696	0	0	82	614	474	140
PCT7816	MV	724	475	0	0	47	428	323	105
PCT7816	ED	148	213	0	0	24	189	137	52
PCT7816	TO	872	688	0	0	71	617	460	157
PCT7817	MV	652	396	0	0	22	374	298	76
PCT7817	ED	186	237	0	0	23	214	176	38
PCT7817	TO	838	633	0	0	45	588	474	114
PCT7818	MV	668	393	0	0	36	357	289	68
PCT7818	ED	171	205	0	0	22	183	154	29
PCT7818	TO	839	598	0	0	58	540	443	97
PCT7819	MV	635	353	0	0	23	330	262	68
PCT7819	ED	139	183	0	0	24	159	126	33
PCT7819	TO	774	536	0	0	47	489	388	101
PCT7821	MV	806	520	0	0	40	480	367	113
PCT7821	ED	170	249	0	1	25	223	164	59
PCT7821	TO	976	769	0	1	65	703	531	172
PCT7822	MV	673	396	0	0	40	356	296	60
PCT7822	ED	219	258	0	0	29	229	171	58
PCT7822	TO	892	654	0	0	69	585	467	118
PCT7823	MV	706	411	0	0	36	375	286	89
PCT7823	ED	177	275	0	0	31	244	198	46
PCT7823	TO	883	686	0	0	67	619	484	135
PCT7824	MV	615	338	0	1	35	302	234	68
PCT7824	ED	153	219	0	0	31	188	152	36
PCT7824	TO	768	557	0	1	66	490	386	104
PCT7825	MV	457	252	0	0	20	232	208	24
PCT7825	ED	151	186	0	0	16	170	138	32
PCT7825	TO	608	438	0	0	36	402	346	56
PCT7826	MV	486	263	0	0	27	236	194	42
PCT7826	ED	204	227	0	0	32	195	164	31
PCT7826	TO	690	490	0	0	59	431	358	73
PCT7827	MV	609	320	0	0	28	292	235	57
PCT7827	ED	217	222	0	0	31	191	163	28
PCT7827	TO	826	542	0	0	59	483	398	85
PCT7828	MV	857	479	0	0	47	432	313	119
PCT7828	ED	171	251	0	0	36	215	160	55
PCT7828	TO	1028	730	0	0	83	647	473	174
PCT7829	MV	742	468	0	0	41	427	309	118
PCT7829	ED	149	204	0	0	15	189	147	42
PCT7829	TO	891	672	0	0	56	616	456	160
PCT7831	MV	763	486	0	0	58	428	321	107
PCT7831	ED	139	205	0	0	19	186	138	48
PCT7831	TO	902	691	0	0	77	614	459	155
PCT7832	MV	663	415	0	0	35	380	292	88
PCT7832	ED	118	170	0	0	22	148	118	30
PCT7832	TO	781	585	0	0	57	528	410	118
PCT7833	MV	587	345	0	0	32	313	265	48
PCT7833	ED	146	191	0	0	22	169	142	27
PCT7833	TO	733	536	0	0	54	482	407	75
PCT7834	MV	700	377	0	0	40	337	273	64
PCT7834	ED	194	258	0	0	34	224	185	39
PCT7834	TO	894	635	0	0	74	561	458	103
PCT7835	MV	721	430	0	0	29	401	273	128
PCT7835	ED	142	202	0	0	22	180	133	47
PCT7835	TO	863	632	0	0	51	581	406	175
PCT7836	MV	850	507	0	0	46	461	330	131
PCT7836	ED	193	232	0	0	15	217	164	53
PCT7836	TO	1043	739	0	0	61	678	494	184
PCT7837	MV	718	425	0	0	48	377	280	97
PCT7837	ED	205	264	0	0	26	238	180	58
PCT7837	TO	923	689	0	0	74	615	460	155
PCT7838	MV	752	494	0	0	49	445	302	143
PCT7838	ED	143	210	0	0	29	181	138	43
PCT7838	TO	895	704	0	0	78	626	440	186
PCT7839	MV	731	459	0	0	48	411	291	120
PCT7839	ED	130	201	0	0	29	172	121	51
PCT7839	TO	861	660	0	0	77	583	412	171
PCT7841	MV	752	459	0	0	53	406	306	100
PCT7841	ED	198	264	0	0	27	237	191	46
PCT7841	TO	950	723	0	0	80	643	497	146
PCT7842	MV	702	396	0	1	34	361	295	66
PCT7842	ED	177	243	0	0	21	222	180	42
PCT7842	TO	879	639	0	1	55	583	475	108
PCT7843	MV	546	296	0	0	21	275	218	57
PCT7843	ED	183	220	0	0	25	195	162	33
PCT7843	TO	729	516	0	0	46	470	380	90
PCT7844	MV	499	282	0	0	30	252	205	47
PCT7844	ED	152	187	0	0	22	165	138	27
PCT7844	TO	651	469	0	0	52	417	343	74
PCT7845	MV	676	405	0	0	36	369	272	97
PCT7845	ED	204	225	0	0	28	197	146	51
PCT7845	TO	880	630	0	0	64	566	418	148
PCT7846	MV	736	467	0	0	53	414	298	116
PCT7846	ED	172	234	0	0	30	204	157	47
PCT7846	TO	908	701	0	0	83	618	455	163
PCT7847	MV	698	432	0	0	52	380	287	93
PCT7847	ED	193	231	0	1	23	207	154	53
PCT7847	TO	891	663	0	1	75	587	441	146
PCT7848	MV	665	438	0	0	32	406	311	95
PCT7848	ED	182	226	0	0	35	191	152	39
PCT7848	TO	847	664	0	0	67	597	463	134
PCT7849	MV	729	443	0	0	40	403	307	96
PCT7849	ED	172	260	0	0	39	221	185	36
PCT7849	TO	901	703	0	0	79	624	492	132
PCT7851	MV	414	272	0	0	25	247	151	96
PCT7851	ED	112	118	0	1	15	102	60	42
PCT7851	TO	526	390	0	1	40	349	211	138
PCT7852	MV	533	351	0	0	36	315	207	108
PCT7852	ED	111	133	0	0	15	118	79	39
PCT7852	TO	644	484	0	0	51	433	286	147
PCT7853	MV	694	395	0	0	41	354	251	103
PCT7853	ED	161	196	0	0	22	174	118	56
PCT7853	TO	855	591	0	0	63	528	369	159
PCT7854	MV	703	430	0	0	56	374	279	95
PCT7854	ED	175	221	0	0	31	190	150	40
PCT7854	TO	878	651	0	0	87	564	429	135
PCT7855	MV	763	451	0	1	53	397	297	100
PCT7855	ED	211	264	0	1	38	225	171	54
PCT7855	TO	974	715	0	2	91	622	468	154
PCT7856	MV	643	378	0	0	33	345	259	86
PCT7856	ED	204	250	0	0	21	229	176	53
PCT7856	TO	847	628	0	0	54	574	435	139
PCT7857	MV	748	438	0	0	46	392	289	103
PCT7857	ED	158	220	0	0	20	200	162	38
PCT7857	TO	906	658	0	0	66	592	451	141
PCT7858	MV	622	351	0	0	33	318	264	54
PCT7858	ED	157	206	0	0	28	178	148	30
PCT7858	TO	779	557	0	0	61	496	412	84
PCT7859	MV	747	465	0	0	45	420	302	118
PCT7859	ED	152	224	0	0	38	186	138	48
PCT7859	TO	899	689	0	0	83	606	440	166
PCT7861	MV	699	435	0	0	32	403	298	105
PCT7861	ED	164	217	0	0	16	201	167	34
PCT7861	TO	863	652	0	0	48	604	465	139
PCT7862	MV	669	404	0	0	35	369	288	81
PCT7862	ED	195	241	0	0	28	213	161	52
PCT7862	TO	864	645	0	0	63	582	449	133
PCT7863	MV	693	376	0	0	34	342	275	67
PCT7863	ED	208	273	0	0	28	245	183	62
PCT7863	TO	901	649	0	0	62	587	458	129
PCT7864	MV	661	376	0	0	40	336	254	82
PCT7864	ED	153	208	0	0	29	179	135	44
PCT7864	TO	814	584	0	0	69	515	389	126
PCT7865	MV	677	410	0	0	38	372	278	94
PCT7865	ED	163	201	0	0	26	175	132	43
PCT7865	TO	840	611	0	0	64	547	410	137
PCT7866	MV	690	447	0	0	45	402	251	151
PCT7866	ED	158	192	0	0	17	175	120	55
PCT7866	TO	848	639	0	0	62	577	371	206
PCT7867	MV	766	475	0	0	39	436	313	123
PCT7867	ED	212	235	0	0	35	200	154	46
PCT7867	TO	978	710	0	0	74	636	467	169
PCT7868	MV	659	376	0	0	31	345	240	105
PCT7868	ED	217	219	0	0	22	197	144	53
PCT7868	TO	876	595	0	0	53	542	384	158
PCT7869	MV	683	445	0	0	37	408	315	93
PCT7869	ED	178	225	0	0	31	194	142	52
PCT7869	TO	861	670	0	0	68	602	457	145
PCT7871	MV	702	466	0	0	48	418	318	100
PCT7871	ED	200	199	0	0	28	171	123	48
PCT7871	TO	902	665	0	0	76	589	441	148
PCT7872	MV	675	422	0	0	30	392	280	112
PCT7872	ED	199	232	0	0	26	206	151	55
PCT7872	TO	874	654	0	0	56	598	431	167
PCT7873	MV	689	445	0	0	42	403	309	94
PCT7873	ED	202	256	0	0	28	228	168	60
PCT7873	TO	891	701	0	0	70	631	477	154
PCT7874	MV	370	191	0	0	13	178	139	39
PCT7874	ED	119	131	0	1	14	116	85	31
PCT7874	TO	489	322	0	1	27	294	224	70
PCT7875	MV	500	253	0	0	23	230	170	60
PCT7875	ED	147	158	0	0	18	140	109	31
PCT7875	TO	647	411	0	0	41	370	279	91
PCT7876	MV	462	258	0	0	28	230	185	45
PCT7876	ED	106	129	0	0	23	106	91	15
PCT7876	TO	568	387	0	0	51	336	276	60
PCT7901	MV	399	192	0	0	16	176	141	35
PCT7901	ED	150	104	0	0	13	91	79	12
PCT7901	TO	549	296	0	0	29	267	220	47
PCT7902	MV	680	291	0	0	22	269	225	44
PCT7902	ED	232	208	0	0	23	185	152	33
PCT7902	TO	912	499	0	0	45	454	377	77
PCT7903	MV	623	286	0	0	23	263	209	54
PCT7903	ED	229	196	0	0	30	166	141	25
PCT7903	TO	852	482	0	0	53	429	350	79
PCT7904	MV	680	299	0	0	27	272	201	71
PCT7904	ED	157	187	0	1	20	166	144	22
PCT7904	TO	837	486	0	1	47	438	345	93
PCT7905	MV	684	356	0	0	26	330	249	81
PCT7905	ED	191	226	0	0	19	207	166	41
PCT7905	TO	875	582	0	0	45	537	415	122
PCT7906	MV	599	283	0	0	20	263	205	58
PCT7906	ED	187	206	0	0	27	179	151	28
PCT7906	TO	786	489	0	0	47	442	356	86
PCT7907	MV	704	345	0	0	19	326	262	64
PCT7907	ED	238	251	0	0	34	217	181	36
PCT7907	TO	942	596	0	0	53	543	443	100
PCT7908	MV	752	366	0	0	44	322	254	68
PCT7908	ED	240	250	0	0	31	219	177	42
PCT7908	TO	992	616	0	0	75	541	431	110
PCT7909	MV	558	311	0	0	29	282	241	41
PCT7909	ED	185	179	0	0	19	160	135	25
PCT7909	TO	743	490	0	0	48	442	376	66
PCT7911	MV	666	323	0	0	26	297	226	71
PCT7911	ED	205	207	0	0	19	188	156	32
PCT7911	TO	871	530	0	0	45	485	382	103
PCT7912	MV	800	370	0	0	25	345	289	56
PCT7912	ED	259	263	0	0	37	226	192	34
PCT7912	TO	1059	633	0	0	62	571	481	90
PCT7913	MV	661	352	0	0	21	331	261	70
PCT7913	ED	262	303	0	0	22	281	225	56
PCT7913	TO	923	655	0	0	43	612	486	126
PCT7914	MV	716	391	0	0	41	350	278	72
PCT7914	ED	186	217	0	0	28	189	148	41
PCT7914	TO	902	608	0	0	69	539	426	113
PCT7915	MV	605	290	0	0	23	267	216	51
PCT7915	ED	238	249	0	0	22	227	191	36
PCT7915	TO	843	539	0	0	45	494	407	87
PCT7916	MV	639	338	0	0	23	315	253	62
PCT7916	ED	219	231	0	0	28	203	177	26
PCT7916	TO	858	569	0	0	51	518	430	88
PCT7917	MV	716	358	0	0	25	333	280	53
PCT7917	ED	271	262	0	0	24	238	210	28
PCT7917	TO	987	620	0	0	49	571	490	81
PCT7918	MV	597	297	0	0	20	277	232	45
PCT7918	ED	227	202	0	0	22	180	151	29
PCT7918	TO	824	499	0	0	42	457	383	74
PCT7919	MV	609	309	0	1	26	282	238	44
PCT7919	ED	257	251	0	0	23	228	195	33
PCT7919	TO	866	560	0	1	49	510	433	77
PCT7921	MV	682	310	0	0	21	289	220	69
PCT7921	ED	229	181	0	0	19	162	131	31
PCT7921	TO	911	491	0	0	40	451	351	100
PCT7922	MV	648	314	0	0	18	296	256	40
PCT7922	ED	210	247	0	0	33	214	175	39
PCT7922	TO	858	561	0	0	51	510	431	79
PCT7923	MV	666	338	0	0	27	311	235	76
PCT7923	ED	214	261	0	0	32	229	188	41
PCT7923	TO	880	599	0	0	59	540	423	117
PCT7924	MV	650	305	0	0	16	289	227	62
PCT7924	ED	201	191	0	0	25	166	137	29
PCT7924	TO	851	496	0	0	41	455	364	91
PCT7925	MV	434	227	0	0	23	204	159	45
PCT7925	ED	110	127	0	0	11	116	93	23
PCT7925	TO	544	354	0	0	34	320	252	68
PCT7926	MV	610	341	0	0	29	312	255	57
PCT7926	ED	178	199	0	0	17	182	146	36
PCT7926	TO	788	540	0	0	46	494	401	93
PCT7927	MV	580	335	0	0	31	304	249	55
PCT7927	ED	162	217	0	0	24	193	154	39
PCT7927	TO	742	552	0	0	55	497	403	94
PCT7928	MV	700	397	0	0	32	365	285	80
PCT7928	ED	217	276	0	0	22	254	207	47
PCT7928	TO	917	673	0	0	54	619	492	127
PCT7929	MV	678	424	0	0	36	388	305	83
PCT7929	ED	169	225	0	0	26	199	152	47
PCT7929	TO	847	649	0	0	62	587	457	130
PCT7931	MV	610	378	0	0	39	339	246	93
PCT7931	ED	141	187	0	0	24	163	131	32
PCT7931	TO	751	565	0	0	63	502	377	125
PCT7932	MV	443	277	0	0	23	254	178	76
PCT7932	ED	118	117	0	0	18	99	74	25
PCT7932	TO	561	394	0	0	41	353	252	101
PCT7933	MV	8	6	0	0	1	5	3	2
PCT7933	ED	0	0	0	0	0	0	0	0
PCT7933	TO	8	6	0	0	1	5	3	2
PCT7934	MV	702	413	0	0	37	376	306	70
PCT7934	ED	182	202	0	1	29	172	143	29
PCT7934	TO	884	615	0	1	66	548	449	99
PCT7935	MV	716	440	0	0	38	402	315	87
PCT7935	ED	227	277	0	0	35	242	199	43
PCT7935	TO	943	717	0	0	73	644	514	130
PCT7936	MV	620	373	0	0	34	339	273	66
PCT7936	ED	236	271	0	1	26	244	198	46
PCT7936	TO	856	644	0	1	60	583	471	112
PCT7937	MV	698	406	0	0	32	374	294	80
PCT7937	ED	202	218	0	0	28	190	156	34
PCT7937	TO	900	624	0	0	60	564	450	114
PCT7938	MV	536	301	0	0	19	282	211	71
PCT7938	ED	215	153	0	0	20	133	105	28
PCT7938	TO	751	454	0	0	39	415	316	99
PCT7939	MV	481	292	0	0	23	269	222	47
PCT7939	ED	205	239	0	0	21	218	183	35
PCT7939	TO	686	531	0	0	44	487	405	82
PCT7941	MV	576	305	0	0	31	274	236	38
PCT7941	ED	196	202	0	0	18	184	150	34
PCT7941	TO	772	507	0	0	49	458	386	72
PCT7942	MV	658	333	0	0	20	313	237	76
PCT7942	ED	274	191	0	0	17	174	140	34
PCT7942	TO	932	524	0	0	37	487	377	110
PCT7943	MV	686	370	0	0	23	347	245	102
PCT7943	ED	214	241	0	0	27	214	151	63
PCT7943	TO	900	611	0	0	50	561	396	165
PCT7944	MV	584	343	0	0	40	303	244	59
PCT7944	ED	230	241	0	0	22	219	174	45
PCT7944	TO	814	584	0	0	62	522	418	104
PCT7945	MV	726	339	0	0	30	309	235	74
PCT7945	ED	228	139	0	0	14	125	105	20
PCT7945	TO	954	478	0	0	44	434	340	94
PCT7946	MV	779	369	0	0	24	345	204	141
PCT7946	ED	206	145	0	0	14	131	94	37
PCT7946	TO	985	514	0	0	38	476	298	178
PCT7947	MV	792	333	0	0	33	300	162	138
PCT7947	ED	194	150	0	0	16	134	86	48
PCT7947	TO	986	483	0	0	49	434	248	186
PCT7948	MV	730	375	0	0	33	342	203	139
PCT7948	ED	200	161	0	0	17	144	103	41
PCT7948	TO	930	536	0	0	50	486	306	180
PCT7949	MV	484	234	0	0	20	214	116	98
PCT7949	ED	106	84	0	0	16	68	48	20
PCT7949	TO	590	318	0	0	36	282	164	118
PCT7951	MV	731	366	0	0	27	339	184	155
PCT7951	ED	156	116	0	0	16	100	55	45
PCT7951	TO	887	482	0	0	43	439	239	200
PCT7952	MV	730	294	0	0	25	269	140	129
PCT7952	ED	182	132	0	0	16	116	82	34
PCT7952	TO	912	426	0	0	41	385	222	163
PCT7953	MV	669	331	0	0	23	308	175	133
PCT7953	ED	161	140	0	0	10	130	79	51
PCT7953	TO	830	471	0	0	33	438	254	184
PCT7954	MV	0	0	0	0	0	0	0	0
PCT7954	ED	0	0	0	0	0	0	0	0
PCT7954	TO	0	0	0	0	0	0	0	0
PCT7955	MV	774	351	0	0	34	317	184	133
PCT7955	ED	173	142	0	0	24	118	83	35
PCT7955	TO	947	493	0	0	58	435	267	168
PCT7956	MV	699	267	0	0	19	248	140	108
PCT7956	ED	170	84	0	1	8	75	58	17
PCT7956	TO	869	351	0	1	27	323	198	125
PCT7957	MV	538	261	0	0	27	234	160	74
PCT7957	ED	135	120	0	0	14	106	83	23
PCT7957	TO	673	381	0	0	41	340	243	97
PCT7958	MV	297	108	0	0	7	101	67	34
PCT7958	ED	0	14	0	0	3	11	8	3
PCT7958	TO	297	122	0	0	10	112	75	37
PCT7959	MV	541	230	0	0	27	203	164	39
PCT7959	ED	145	162	0	0	23	139	119	20
PCT7959	TO	686	392	0	0	50	342	283	59
PCT9001	MV	284	101	0	0	6	95	72	23
PCT9001	ED	0	7	0	0	1	6	5	1
PCT9001	TO	284	108	0	0	7	101	77	24
PCT9101	MV	712	380	0	0	29	351	210	141
PCT9101	ED	201	210	0	0	25	185	124	61
PCT9101	TO	913	590	0	0	54	536	334	202
PCT9102	MV	788	395	0	1	39	355	234	121
PCT9102	ED	204	201	0	0	28	173	124	49
PCT9102	TO	992	596	0	1	67	528	358	170
PCT9103	MV	719	382	0	0	39	343	222	121
PCT9103	ED	238	226	0	0	28	198	129	69
PCT9103	TO	957	608	0	0	67	541	351	190
PCT9104	MV	810	383	0	0	33	350	230	120
PCT9104	ED	220	205	0	0	23	182	140	42
PCT9104	TO	1030	588	0	0	56	532	370	162
PCT9105	MV	719	413	0	0	36	377	246	131
PCT9105	ED	199	241	0	0	31	210	140	70
PCT9105	TO	918	654	0	0	67	587	386	201
PCT9106	MV	748	399	0	0	40	359	250	109
PCT9106	ED	198	268	0	0	35	233	167	66
PCT9106	TO	946	667	0	0	75	592	417	175
PCT9107	MV	636	306	0	0	34	272	194	78
PCT9107	ED	208	187	0	1	30	156	129	27
PCT9107	TO	844	493	0	1	64	428	323	105
PCT9108	MV	610	338	0	0	37	301	212	89
PCT9108	ED	200	197	0	0	17	180	136	44
PCT9108	TO	810	535	0	0	54	481	348	133
PCT9109	MV	672	300	0	0	29	271	195	76
PCT9109	ED	211	213	0	0	21	192	146	46
PCT9109	TO	883	513	0	0	50	463	341	122
PCT9111	MV	639	318	0	0	35	283	198	85
PCT9111	ED	195	196	0	0	30	166	125	41
PCT9111	TO	834	514	0	0	65	449	323	126
PCT9112	MV	742	352	0	0	38	314	223	91
PCT9112	ED	219	218	0	0	23	195	149	46
PCT9112	TO	961	570	0	0	61	509	372	137
PCT9113	MV	797	373	0	0	36	337	252	85
PCT9113	ED	207	264	0	0	39	225	150	75
PCT9113	TO	1004	637	0	0	75	562	402	160
PCT9114	MV	659	294	0	0	21	273	198	75
PCT9114	ED	231	202	0	0	28	174	142	32
PCT9114	TO	890	496	0	0	49	447	340	107
PCT9115	MV	699	325	0	1	34	290	199	91
PCT9115	ED	182	198	0	0	25	173	135	38
PCT9115	TO	881	523	0	1	59	463	334	129
PCT9116	MV	782	347	0	0	29	318	227	91
PCT9116	ED	179	225	0	0	28	197	140	57
PCT9116	TO	961	572	0	0	57	515	367	148
PCT9117	MV	629	328	0	0	31	297	194	103
PCT9117	ED	171	207	0	0	23	184	126	58
PCT9117	TO	800	535	0	0	54	481	320	161
PCT9118	MV	742	341	0	0	43	298	178	120
PCT9118	ED	242	256	0	0	32	224	164	60
PCT9118	TO	984	597	0	0	75	522	342	180
PCT9119	MV	703	389	0	0	29	360	199	161
PCT9119	ED	197	171	0	0	22	149	115	34
PCT9119	TO	900	560	0	0	51	509	314	195
PCT9121	MV	735	336	0	0	27	309	189	120
PCT9121	ED	218	207	0	0	20	187	126	61
PCT9121	TO	953	543	0	0	47	496	315	181
PCT9122	MV	775	365	0	0	37	328	192	136
PCT9122	ED	192	184	0	0	31	153	109	44
PCT9122	TO	967	549	0	0	68	481	301	180
PCT9123	MV	661	319	0	0	30	289	173	116
PCT9123	ED	191	206	0	0	31	175	129	46
PCT9123	TO	852	525	0	0	61	464	302	162
PCT9124	MV	736	354	0	0	24	330	205	125
PCT9124	ED	167	175	0	0	18	157	118	39
PCT9124	TO	903	529	0	0	42	487	323	164
PCT9125	MV	681	360	0	0	24	336	216	120
PCT9125	ED	188	188	0	0	26	162	114	48
PCT9125	TO	869	548	0	0	50	498	330	168
PCT9126	MV	819	386	0	0	33	353	206	147
PCT9126	ED	194	224	0	0	27	197	145	52
PCT9126	TO	1013	610	0	0	60	550	351	199
PCT9127	MV	748	384	0	0	40	344	224	120
PCT9127	ED	223	241	0	0	25	216	157	59
PCT9127	TO	971	625	0	0	65	560	381	179
PCT9128	MV	628	336	0	0	32	304	201	103
PCT9128	ED	190	211	0	0	29	182	133	49
PCT9128	TO	818	547	0	0	61	486	334	152
PCT9129	MV	587	273	0	0	20	253	158	95
PCT9129	ED	151	170	0	0	12	158	123	35
PCT9129	TO	738	443	0	0	32	411	281	130
PCT9131	MV	596	288	0	0	22	266	166	100
PCT9131	ED	138	176	0	0	22	154	112	42
PCT9131	TO	734	464	0	0	44	420	278	142
PCT9132	MV	627	263	0	0	30	233	172	61
PCT9132	ED	194	197	0	0	25	172	133	39
PCT9132	TO	821	460	0	0	55	405	305	100
PCT9133	MV	808	383	0	0	41	342	234	108
PCT9133	ED	209	250	0	0	26	224	178	46
PCT9133	TO	1017	633	0	0	67	566	412	154
PCT9134	MV	736	328	0	0	30	298	188	110
PCT9134	ED	155	187	0	0	26	161	119	42
PCT9134	TO	891	515	0	0	56	459	307	152
PCT9135	MV	640	305	0	0	28	277	164	113
PCT9135	ED	182	173	0	0	15	158	99	59
PCT9135	TO	822	478	0	0	43	435	263	172
PCT9136	MV	706	368	0	0	38	330	216	114
PCT9136	ED	212	206	0	0	33	173	134	39
PCT9136	TO	918	574	0	0	71	503	350	153
PCT9137	MV	806	389	0	0	36	353	228	125
PCT9137	ED	209	210	0	0	28	182	119	63
PCT9137	TO	1015	599	0	0	64	535	347	188
PCT9138	MV	770	401	0	0	30	371	223	148
PCT9138	ED	175	171	0	0	19	152	104	48
PCT9138	TO	945	572	0	0	49	523	327	196
PCT9139	MV	828	424	0	0	36	388	240	148
PCT9139	ED	190	207	0	0	27	180	116	64
PCT9139	TO	1018	631	0	0	63	568	356	212
PCT9141	MV	789	419	0	0	39	380	234	146
PCT9141	ED	184	189	0	0	22	167	119	48
PCT9141	TO	973	608	0	0	61	547	353	194
PCT9142	MV	747	366	0	1	24	341	236	105
PCT9142	ED	239	236	0	0	29	207	154	53
PCT9142	TO	986	602	0	1	53	548	390	158
PCT9143	MV	706	362	0	0	31	331	207	124
PCT9143	ED	208	202	0	0	23	179	128	51
PCT9143	TO	914	564	0	0	54	510	335	175
PCT9144	MV	767	376	0	1	30	345	212	133
PCT9144	ED	203	238	0	0	20	218	169	49
PCT9144	TO	970	614	0	1	50	563	381	182
PCT9145	MV	681	335	0	0	24	311	213	98
PCT9145	ED	194	216	0	0	21	195	134	61
PCT9145	TO	875	551	0	0	45	506	347	159
PCT9146	MV	725	354	0	0	35	319	233	86
PCT9146	ED	160	215	0	0	28	187	143	44
PCT9146	TO	885	569	0	0	63	506	376	130
PCT9147	MV	765	373	0	1	34	338	243	95
PCT9147	ED	225	227	0	0	28	199	154	45
PCT9147	TO	990	600	0	1	62	537	397	140
PCT9148	MV	779	398	0	0	35	363	270	93
PCT9148	ED	235	256	0	0	35	221	167	54
PCT9148	TO	1014	654	0	0	70	584	437	147
PCT9149	MV	813	388	0	0	36	352	244	108
PCT9149	ED	178	292	0	1	33	258	206	52
PCT9149	TO	991	680	0	1	69	610	450	160
PCT9151	MV	693	352	0	0	32	320	236	84
PCT9151	ED	168	228	0	0	29	199	139	60
PCT9151	TO	861	580	0	0	61	519	375	144
PCT9152	MV	550	198	0	0	18	180	148	32
PCT9152	ED	187	356	0	0	37	319	271	48
PCT9152	TO	737	554	0	0	55	499	419	80
PCT9201	MV	785	358	0	0	36	322	264	58
PCT9201	ED	186	252	0	0	26	226	183	43
PCT9201	TO	971	610	0	0	62	548	447	101
PCT9202	MV	819	368	0	0	41	327	240	87
PCT9202	ED	177	253	0	0	40	213	162	51
PCT9202	TO	996	621	0	0	81	540	402	138
PCT9203	MV	847	374	0	0	69	305	174	131
PCT9203	ED	155	208	0	0	36	172	89	83
PCT9203	TO	1002	582	0	0	105	477	263	214
PCT9204	MV	686	309	0	0	39	270	159	111
PCT9204	ED	176	219	0	0	34	185	123	62
PCT9204	TO	862	528	0	0	73	455	282	173
PCT9205	MV	622	289	0	1	41	247	183	64
PCT9205	ED	114	171	0	0	30	141	81	60
PCT9205	TO	736	460	0	1	71	388	264	124
PCT9206	MV	741	355	0	0	41	314	175	139
PCT9206	ED	188	208	0	0	48	160	90	70
PCT9206	TO	929	563	0	0	89	474	265	209
PCT9207	MV	824	370	0	0	41	329	179	150
PCT9207	ED	165	208	0	0	35	173	98	75
PCT9207	TO	989	578	0	0	76	502	277	225
PCT9208	MV	808	359	0	0	36	323	207	116
PCT9208	ED	179	199	0	0	31	168	108	60
PCT9208	TO	987	558	0	0	67	491	315	176
PCT9209	MV	615	276	0	0	32	244	144	100
PCT9209	ED	156	190	0	0	38	152	96	56
PCT9209	TO	771	466	0	0	70	396	240	156
PCT9211	MV	730	314	0	0	44	270	154	116
PCT9211	ED	161	191	0	0	32	159	99	60
PCT9211	TO	891	505	0	0	76	429	253	176
PCT9212	MV	671	284	0	1	36	247	164	83
PCT9212	ED	137	192	0	0	40	152	98	54
PCT9212	TO	808	476	0	1	76	399	262	137
PCT9213	MV	776	350	0	0	34	316	215	101
PCT9213	ED	161	212	0	0	30	182	118	64
PCT9213	TO	937	562	0	0	64	498	333	165
PCT9214	MV	517	236	0	0	19	217	130	87
PCT9214	ED	110	157	0	0	32	125	80	45
PCT9214	TO	627	393	0	0	51	342	210	132
PCT9215	MV	524	246	0	0	18	228	130	98
PCT9215	ED	120	152	0	0	25	127	78	49
PCT9215	TO	644	398	0	0	43	355	208	147
PCT9216	MV	669	266	0	0	45	221	134	87
PCT9216	ED	155	223	0	0	35	188	121	67
PCT9216	TO	824	489	0	0	80	409	255	154
PCT9217	MV	588	269	0	0	22	247	159	88
PCT9217	ED	117	160	0	0	16	144	87	57
PCT9217	TO	705	429	0	0	38	391	246	145
PCT9218	MV	652	278	0	1	37	240	142	98
PCT9218	ED	164	188	0	0	25	163	105	58
PCT9218	TO	816	466	0	1	62	403	247	156
PCT9219	MV	646	292	0	0	46	246	169	77
PCT9219	ED	144	204	0	0	37	167	118	49
PCT9219	TO	790	496	0	0	83	413	287	126
PCT9221	MV	562	325	0	0	25	300	153	147
PCT9221	ED	89	145	0	0	23	122	67	55
PCT9221	TO	651	470	0	0	48	422	220	202
PCT9222	MV	773	374	0	0	30	344	204	140
PCT9222	ED	137	210	0	0	43	167	111	56
PCT9222	TO	910	584	0	0	73	511	315	196
PCT9223	MV	558	268	0	0	24	244	140	104
PCT9223	ED	109	127	0	0	17	110	63	47
PCT9223	TO	667	395	0	0	41	354	203	151
PCT9224	MV	768	380	0	0	38	342	207	135
PCT9224	ED	181	220	0	0	44	176	106	70
PCT9224	TO	949	600	0	0	82	518	313	205
PCT9225	MV	757	304	0	0	31	273	186	87
PCT9225	ED	169	234	0	0	42	192	133	59
PCT9225	TO	926	538	0	0	73	465	319	146
PCT9226	MV	741	357	0	0	51	306	200	106
PCT9226	ED	155	239	0	0	43	196	127	69
PCT9226	TO	896	596	0	0	94	502	327	175
PCT9227	MV	605	373	0	0	43	330	209	121
PCT9227	ED	124	156	0	0	13	143	86	57
PCT9227	TO	729	529	0	0	56	473	295	178
PCT9228	MV	578	314	0	0	24	290	177	113
PCT9228	ED	160	188	0	0	23	165	97	68
PCT9228	TO	738	502	0	0	47	455	274	181
PCT9229	MV	460	257	0	0	30	227	150	77
PCT9229	ED	119	147	0	0	24	123	74	49
PCT9229	TO	579	404	0	0	54	350	224	126
PCT9231	MV	726	354	0	0	35	319	229	90
PCT9231	ED	236	282	0	0	38	244	172	72
PCT9231	TO	962	636	0	0	73	563	401	162
PCT9232	MV	608	295	0	0	37	258	167	91
PCT9232	ED	126	183	0	0	34	149	94	55
PCT9232	TO	734	478	0	0	71	407	261	146
PCT9233	MV	668	332	0	0	37	295	161	134
PCT9233	ED	150	201	0	0	37	164	109	55
PCT9233	TO	818	533	0	0	74	459	270	189
PCT9234	MV	643	322	0	0	37	285	170	115
PCT9234	ED	91	155	0	0	29	126	66	60
PCT9234	TO	734	477	0	0	66	411	236	175
PCT9235	MV	703	368	0	0	41	327	174	153
PCT9235	ED	160	212	0	0	26	186	120	66
PCT9235	TO	863	580	0	0	67	513	294	219
PCT9236	MV	537	283	0	0	28	255	168	87
PCT9236	ED	136	148	0	0	26	122	72	50
PCT9236	TO	673	431	0	0	54	377	240	137
PCT9237	MV	779	396	0	0	44	352	229	123
PCT9237	ED	118	206	0	0	31	175	128	47
PCT9237	TO	897	602	0	0	75	527	357	170
PCT9238	MV	687	330	0	0	43	287	172	115
PCT9238	ED	118	192	0	0	36	156	104	52
PCT9238	TO	805	522	0	0	79	443	276	167
PCT9239	MV	740	391	0	0	55	336	208	128
PCT9239	ED	124	174	0	0	32	142	93	49
PCT9239	TO	864	565	0	0	87	478	301	177
PCT9241	MV	819	404	0	0	49	355	243	112
PCT9241	ED	141	211	0	0	30	181	131	50
PCT9241	TO	960	615	0	0	79	536	374	162
PCT9242	MV	771	350	0	0	46	304	211	93
PCT9242	ED	172	238	0	0	43	195	136	59
PCT9242	TO	943	588	0	0	89	499	347	152
PCT9243	MV	480	242	0	0	32	210	147	63
PCT9243	ED	123	154	0	0	24	130	93	37
PCT9243	TO	603	396	0	0	56	340	240	100
PCT9244	MV	756	399	0	0	55	344	243	101
PCT9244	ED	154	206	0	0	24	182	126	56
PCT9244	TO	910	605	0	0	79	526	369	157
PCT9245	MV	616	301	0	0	43	258	157	101
PCT9245	ED	98	145	0	0	25	120	86	34
PCT9245	TO	714	446	0	0	68	378	243	135
PCT9246	MV	815	434	0	0	39	395	242	153
PCT9246	ED	155	214	0	0	32	182	135	47
PCT9246	TO	970	648	0	0	71	577	377	200
PCT9247	MV	764	381	0	0	42	339	229	110
PCT9247	ED	148	225	0	0	42	183	123	60
PCT9247	TO	912	606	0	0	84	522	352	170
PCT9248	MV	757	360	0	0	42	318	219	99
PCT9248	ED	150	211	0	0	31	180	129	51
PCT9248	TO	907	571	0	0	73	498	348	150
PCT9249	MV	724	379	0	0	43	336	218	118
PCT9249	ED	191	235	0	0	31	204	135	69
PCT9249	TO	915	614	0	0	74	540	353	187
PCT9251	MV	792	393	0	0	44	349	224	125
PCT9251	ED	174	248	0	0	33	215	149	66
PCT9251	TO	966	641	0	0	77	564	373	191
PCT9252	MV	811	383	0	0	36	347	215	132
PCT9252	ED	142	211	0	0	31	180	136	44
PCT9252	TO	953	594	0	0	67	527	351	176
PCT9253	MV	599	300	0	0	26	274	186	88
PCT9253	ED	162	170	0	0	18	152	105	47
PCT9253	TO	761	470	0	0	44	426	291	135
PCT9254	MV	758	415	0	0	40	375	264	111
PCT9254	ED	163	229	0	0	38	191	146	45
PCT9254	TO	921	644	0	0	78	566	410	156
PCT9255	MV	437	196	0	0	25	171	117	54
PCT9255	ED	113	155	0	0	24	131	103	28
PCT9255	TO	550	351	0	0	49	302	220	82
PCT9256	MV	367	169	0	0	17	152	101	51
PCT9256	ED	95	134	0	0	19	115	90	25
PCT9256	TO	462	303	0	0	36	267	191	76
PCT9257	MV	320	165	0	0	19	146	113	33
PCT9257	ED	0	23	0	0	6	17	13	4
PCT9257	TO	320	188	0	0	25	163	126	37
PCT9258	MV	583	307	0	0	33	274	172	102
PCT9258	ED	120	162	0	0	21	141	107	34
PCT9258	TO	703	469	0	0	54	415	279	136
PCT9401	MV	796	359	0	0	26	333	252	81
PCT9401	ED	242	259	0	0	32	227	178	49
PCT9401	TO	1038	618	0	0	58	560	430	130
PCT9402	MV	775	378	0	0	34	344	245	99
PCT9402	ED	242	226	0	0	30	196	155	41
PCT9402	TO	1017	604	0	0	64	540	400	140
PCT9403	MV	731	349	0	0	26	323	210	113
PCT9403	ED	190	183	0	0	15	168	134	34
PCT9403	TO	921	532	0	0	41	491	344	147
PCT9404	MV	753	345	0	0	25	320	182	138
PCT9404	ED	191	209	0	0	27	182	127	55
PCT9404	TO	944	554	0	0	52	502	309	193
PCT9405	MV	629	278	0	0	28	250	140	110
PCT9405	ED	151	145	0	0	11	134	84	50
PCT9405	TO	780	423	0	0	39	384	224	160
PCT9406	MV	695	332	0	0	29	303	190	113
PCT9406	ED	188	198	0	0	21	177	126	51
PCT9406	TO	883	530	0	0	50	480	316	164
PCT9407	MV	712	369	0	0	35	334	225	109
PCT9407	ED	201	195	0	0	30	165	121	44
PCT9407	TO	913	564	0	0	65	499	346	153
PCT9408	MV	711	324	0	0	34	290	234	56
PCT9408	ED	152	195	0	0	23	172	137	35
PCT9408	TO	863	519	0	0	57	462	371	91
PCT9409	MV	443	227	0	0	27	200	145	55
PCT9409	ED	158	172	0	0	15	157	126	31
PCT9409	TO	601	399	0	0	42	357	271	86
PCT9411	MV	816	378	0	0	42	336	256	80
PCT9411	ED	191	239	0	0	25	214	178	36
PCT9411	TO	1007	617	0	0	67	550	434	116
PCT9412	MV	668	340	0	0	23	317	207	110
PCT9412	ED	202	199	0	0	20	179	137	42
PCT9412	TO	870	539	0	0	43	496	344	152
PCT9413	MV	757	379	0	0	47	332	195	137
PCT9413	ED	179	185	0	0	23	162	113	49
PCT9413	TO	936	564	0	0	70	494	308	186
PCT9414	MV	734	361	0	0	36	325	192	133
PCT9414	ED	186	162	0	0	17	145	96	49
PCT9414	TO	920	523	0	0	53	470	288	182
PCT9415	MV	634	315	0	0	30	285	165	120
PCT9415	ED	154	138	0	0	7	131	91	40
PCT9415	TO	788	453	0	0	37	416	256	160
PCT9416	MV	769	391	0	0	43	348	212	136
PCT9416	ED	230	206	0	0	15	191	140	51
PCT9416	TO	999	597	0	0	58	539	352	187
PCT9417	MV	629	322	0	0	34	288	164	124
PCT9417	ED	145	153	0	0	15	138	94	44
PCT9417	TO	774	475	0	0	49	426	258	168
PCT9418	MV	631	310	0	0	34	276	153	123
PCT9418	ED	188	161	0	0	17	144	98	46
PCT9418	TO	819	471	0	0	51	420	251	169
PCT9419	MV	736	371	0	0	33	338	174	164
PCT9419	ED	173	148	0	0	13	135	81	54
PCT9419	TO	909	519	0	0	46	473	255	218
PCT9421	MV	752	341	0	0	31	310	173	137
PCT9421	ED	173	172	0	0	12	160	113	47
PCT9421	TO	925	513	0	0	43	470	286	184
PCT9422	MV	831	413	0	0	39	374	225	149
PCT9422	ED	270	222	0	0	28	194	135	59
PCT9422	TO	1101	635	0	0	67	568	360	208
PCT9423	MV	714	318	0	0	35	283	176	107
PCT9423	ED	190	187	0	0	18	169	124	45
PCT9423	TO	904	505	0	0	53	452	300	152
PCT9424	MV	799	386	0	0	31	355	203	152
PCT9424	ED	210	171	0	0	27	144	100	44
PCT9424	TO	1009	557	0	0	58	499	303	196
PCT9425	MV	789	348	0	0	37	311	170	141
PCT9425	ED	187	183	0	0	22	161	116	45
PCT9425	TO	976	531	0	0	59	472	286	186
PCT9426	MV	697	326	0	0	29	297	157	140
PCT9426	ED	156	159	0	0	23	136	86	50
PCT9426	TO	853	485	0	0	52	433	243	190
PCT9427	MV	799	386	0	0	27	359	165	194
PCT9427	ED	188	171	0	1	31	139	92	47
PCT9427	TO	987	557	0	1	58	498	257	241
PCT9428	MV	811	353	0	0	38	315	170	145
PCT9428	ED	179	163	0	0	21	142	98	44
PCT9428	TO	990	516	0	0	59	457	268	189
PCT9429	MV	709	344	0	0	37	307	164	143
PCT9429	ED	197	175	0	0	29	146	92	54
PCT9429	TO	906	519	0	0	66	453	256	197
PCT9431	MV	832	413	0	0	51	362	170	192
PCT9431	ED	204	189	0	0	11	178	113	65
PCT9431	TO	1036	602	0	0	62	540	283	257
PCT9432	MV	743	361	0	0	40	321	182	139
PCT9432	ED	215	156	0	0	18	138	86	52
PCT9432	TO	958	517	0	0	58	459	268	191
PCT9433	MV	794	374	0	0	47	327	179	148
PCT9433	ED	164	137	0	0	9	128	70	58
PCT9433	TO	958	511	0	0	56	455	249	206
PCT9434	MV	785	387	0	0	44	343	218	125
PCT9434	ED	227	240	0	0	39	201	156	45
PCT9434	TO	1012	627	0	0	83	544	374	170
PCT9435	MV	779	366	0	0	27	339	196	143
PCT9435	ED	225	218	0	0	21	197	138	59
PCT9435	TO	1004	584	0	0	48	536	334	202
PCT9436	MV	842	387	0	0	20	367	208	159
PCT9436	ED	226	176	0	0	20	156	106	50
PCT9436	TO	1068	563	0	0	40	523	314	209
PCT9437	MV	736	376	0	0	35	341	190	151
PCT9437	ED	191	173	0	0	16	157	114	43
PCT9437	TO	927	549	0	0	51	498	304	194
PCT9438	MV	837	421	0	0	32	389	223	166
PCT9438	ED	152	129	0	0	14	115	87	28
PCT9438	TO	989	550	0	0	46	504	310	194
PCT9439	MV	718	344	0	0	22	322	174	148
PCT9439	ED	199	150	0	0	22	128	80	48
PCT9439	TO	917	494	0	0	44	450	254	196
PCT9441	MV	778	396	0	0	49	347	213	134
PCT9441	ED	193	188	0	0	29	159	119	40
PCT9441	TO	971	584	0	0	78	506	332	174
PCT9442	MV	830	382	0	0	41	341	206	135
PCT9442	ED	210	232	0	0	27	205	148	57
PCT9442	TO	1040	614	0	0	68	546	354	192
PCT9443	MV	760	363	0	0	28	335	201	134
PCT9443	ED	195	173	0	0	23	150	98	52
PCT9443	TO	955	536	0	0	51	485	299	186
PCT9444	MV	768	343	0	0	19	324	189	135
PCT9444	ED	197	154	0	0	25	129	86	43
PCT9444	TO	965	497	0	0	44	453	275	178
PCT9445	MV	830	407	0	0	37	370	224	146
PCT9445	ED	166	181	0	0	23	158	107	51
PCT9445	TO	996	588	0	0	60	528	331	197
PCT9446	MV	900	466	0	0	45	421	212	209
PCT9446	ED	216	185	0	0	25	160	116	44
PCT9446	TO	1116	651	0	0	70	581	328	253
PCT9447	MV	729	395	0	0	30	365	209	156
PCT9447	ED	192	203	0	0	21	182	124	58
PCT9447	TO	921	598	0	0	51	547	333	214
PCT9448	MV	742	347	0	0	27	320	187	133
PCT9448	ED	198	185	0	0	19	166	121	45
PCT9448	TO	940	532	0	0	46	486	308	178
PCT9449	MV	719	342	0	0	33	309	150	159
PCT9449	ED	162	129	0	0	12	117	71	46
PCT9449	TO	881	471	0	0	45	426	221	205
PCT9451	MV	353	178	0	0	15	163	77	86
PCT9451	ED	88	71	0	0	8	63	37	26
PCT9451	TO	441	249	0	0	23	226	114	112
PCT9452	MV	647	336	0	0	24	312	175	137
PCT9452	ED	195	199	0	1	20	178	119	59
PCT9452	TO	842	535	0	1	44	490	294	196
PCT9453	MV	409	220	0	0	21	199	93	106
PCT9453	ED	115	88	0	0	12	76	45	31
PCT9453	TO	524	308	0	0	33	275	138	137
PCT9501	MV	150	92	0	0	17	75	44	31
PCT9501	ED	0	5	0	0	2	3	2	1
PCT9501	TO	150	97	0	0	19	78	46	32
PCT9502	MV	251	136	0	0	13	123	83	40
PCT9502	ED	0	12	0	0	2	10	9	1
PCT9502	TO	251	148	0	0	15	133	92	41
PCT9503	MV	550	263	0	0	36	227	179	48
PCT9503	ED	150	139	0	0	23	116	103	13
PCT9503	TO	700	402	0	0	59	343	282	61
PCT9505	MV	589	296	0	0	30	266	194	72
PCT9505	ED	176	147	0	0	16	131	109	22
PCT9505	TO	765	443	0	0	46	397	303	94
PCT9506	MV	547	233	0	0	19	214	153	61
PCT9506	ED	207	147	0	0	19	128	103	25
PCT9506	TO	754	380	0	0	38	342	256	86
PCT9507	MV	556	306	0	0	28	278	216	62
PCT9507	ED	160	206	0	0	32	174	143	31
PCT9507	TO	716	512	0	0	60	452	359	93
PCT9508	MV	632	320	0	0	28	292	248	44
PCT9508	ED	148	212	0	0	31	181	157	24
PCT9508	TO	780	532	0	0	59	473	405	68
PCT9509	MV	585	297	0	0	26	271	217	54
PCT9509	ED	142	196	0	0	31	165	133	32
PCT9509	TO	727	493	0	0	57	436	350	86
PCT9511	MV	458	242	0	0	21	221	183	38
PCT9511	ED	176	179	0	0	23	156	125	31
PCT9511	TO	634	421	0	0	44	377	308	69
PCT9512	MV	617	328	0	0	26	302	241	61
PCT9512	ED	160	209	0	0	27	182	153	29
PCT9512	TO	777	537	0	0	53	484	394	90
PCT9513	MV	686	335	0	0	30	305	250	55
PCT9513	ED	191	202	0	0	26	176	142	34
PCT9513	TO	877	537	0	0	56	481	392	89
PCT9514	MV	713	353	0	0	42	311	251	60
PCT9514	ED	183	247	0	0	26	221	188	33
PCT9514	TO	896	600	0	0	68	532	439	93
PCT9515	MV	543	306	0	0	25	281	205	76
PCT9515	ED	169	192	0	0	23	169	137	32
PCT9515	TO	712	498	0	0	48	450	342	108
PCT9516	MV	705	367	0	0	36	331	241	90
PCT9516	ED	184	221	0	0	30	191	138	53
PCT9516	TO	889	588	0	0	66	522	379	143
PCT9517	MV	626	335	0	0	23	312	239	73
PCT9517	ED	162	200	0	0	29	171	137	34
PCT9517	TO	788	535	0	0	52	483	376	107
PCT9518	MV	642	319	0	0	35	284	226	58
PCT9518	ED	146	218	0	0	20	198	164	34
PCT9518	TO	788	537	0	0	55	482	390	92
PCT9519	MV	693	370	0	0	29	341	274	67
PCT9519	ED	198	260	0	0	34	226	178	48
PCT9519	TO	891	630	0	0	63	567	452	115
PCT9521	MV	687	352	0	0	29	323	276	47
PCT9521	ED	214	256	0	0	35	221	179	42
PCT9521	TO	901	608	0	0	64	544	455	89
PCT9701	MV	498	271	0	0	28	243	170	73
PCT9701	ED	156	163	0	0	11	152	121	31
PCT9701	TO	654	434	0	0	39	395	291	104
PCT9702	MV	554	309	0	0	22	287	206	81
PCT9702	ED	166	196	0	0	21	175	145	30
PCT9702	TO	720	505	0	0	43	462	351	111
PCT9703	MV	809	403	0	0	40	363	233	130
PCT9703	ED	182	200	0	0	18	182	120	62
PCT9703	TO	991	603	0	0	58	545	353	192
PCT9704	MV	760	426	0	0	46	380	227	153
PCT9704	ED	199	244	0	0	37	207	147	60
PCT9704	TO	959	670	0	0	83	587	374	213
PCT9705	MV	754	421	0	0	41	380	268	112
PCT9705	ED	175	203	0	0	26	177	145	32
PCT9705	TO	929	624	0	0	67	557	413	144
PCT9706	MV	49	35	0	0	1	34	25	9
PCT9706	ED	0	1	0	0	0	1	1	0
PCT9706	TO	49	36	0	0	1	35	26	9
PCT9707	MV	687	359	0	0	35	324	179	145
PCT9707	ED	139	146	0	0	20	126	72	54
PCT9707	TO	826	505	0	0	55	450	251	199
PCT9708	MV	786	432	0	0	50	382	271	111
PCT9708	ED	175	216	0	0	24	192	145	47
PCT9708	TO	961	648	0	0	74	574	416	158
PCT9709	MV	831	429	0	0	51	378	234	144
PCT9709	ED	209	230	0	0	19	211	143	68
PCT9709	TO	1040	659	0	0	70	589	377	212
PCT9711	MV	502	307	0	0	29	278	180	98
PCT9711	ED	144	168	0	0	19	149	86	63
PCT9711	TO	646	475	0	0	48	427	266	161
PCT9712	MV	534	337	0	0	33	304	160	144
PCT9712	ED	127	138	0	0	9	129	86	43
PCT9712	TO	661	475	0	0	42	433	246	187
PCT9713	MV	747	391	0	0	38	353	200	153
PCT9713	ED	203	182	0	0	27	155	93	62
PCT9713	TO	950	573	0	0	65	508	293	215
PCT9714	MV	795	447	0	0	34	413	220	193
PCT9714	ED	156	178	0	0	12	166	101	65
PCT9714	TO	951	625	0	0	46	579	321	258
PCT9715	MV	449	242	0	0	21	221	128	93
PCT9715	ED	130	157	0	0	10	147	93	54
PCT9715	TO	579	399	0	0	31	368	221	147
PCT9716	MV	745	401	0	0	26	375	212	163
PCT9716	ED	221	217	0	0	23	194	134	60
PCT9716	TO	966	618	0	0	49	569	346	223
PCT9717	MV	753	439	0	0	34	405	252	153
PCT9717	ED	224	194	0	0	26	168	111	57
PCT9717	TO	977	633	0	0	60	573	363	210
PCT9718	MV	749	451	0	0	34	417	267	150
PCT9718	ED	152	185	0	0	11	174	120	54
PCT9718	TO	901	636	0	0	45	591	387	204
PCT9719	MV	747	465	0	0	36	429	257	172
PCT9719	ED	173	191	0	0	18	173	108	65
PCT9719	TO	920	656	0	0	54	602	365	237
PCT9721	MV	498	291	0	0	26	265	153	112
PCT9721	ED	164	174	0	0	14	160	94	66
PCT9721	TO	662	465	0	0	40	425	247	178
PCT9722	MV	513	315	0	0	24	291	178	113
PCT9722	ED	84	101	0	0	12	89	59	30
PCT9722	TO	597	416	0	0	36	380	237	143
PCT9723	MV	436	224	0	0	17	207	87	120
PCT9723	ED	72	66	0	0	8	58	31	27
PCT9723	TO	508	290	0	0	25	265	118	147
PCT9724	MV	851	456	0	0	42	414	161	253
PCT9724	ED	169	144	0	0	12	132	79	53
PCT9724	TO	1020	600	0	0	54	546	240	306
PCT9725	MV	814	439	0	0	28	411	192	219
PCT9725	ED	157	166	0	0	22	144	75	69
PCT9725	TO	971	605	0	0	50	555	267	288
PCT9726	MV	630	217	0	0	28	189	133	56
PCT9726	ED	-14	280	0	0	37	243	204	39
PCT9726	TO	616	497	0	0	65	432	337	95
PCT9727	MV	404	227	0	2	12	213	117	96
PCT9727	ED	56	64	0	0	11	53	36	17
PCT9727	TO	460	291	0	2	23	266	153	113
PCT9728	MV	751	447	0	0	30	417	217	200
PCT9728	ED	212	184	0	0	17	167	98	69
PCT9728	TO	963	631	0	0	47	584	315	269
PCT9729	MV	654	338	0	0	23	315	149	166
PCT9729	ED	164	174	0	0	14	160	97	63
PCT9729	TO	818	512	0	0	37	475	246	229
PCT9731	MV	436	246	0	0	15	231	127	104
PCT9731	ED	143	145	0	0	16	129	67	62
PCT9731	TO	579	391	0	0	31	360	194	166
PCT9732	MV	73	47	0	0	4	43	19	24
PCT9732	ED	0	3	0	0	1	2	0	2
PCT9732	TO	73	50	0	0	5	45	19	26
PCT9733	MV	240	162	0	0	5	157	114	43
PCT9733	ED	0	12	0	0	3	9	7	2
PCT9733	TO	240	174	0	0	8	166	121	45
PCT9734	MV	473	290	0	0	20	270	166	104
PCT9734	ED	131	131	0	0	12	119	76	43
PCT9734	TO	604	421	0	0	32	389	242	147
PCT9735	MV	650	390	0	0	29	361	201	160
PCT9735	ED	170	187	0	0	31	156	95	61
PCT9735	TO	820	577	0	0	60	517	296	221
PCT9736	MV	586	329	0	0	23	306	181	125
PCT9736	ED	150	187	0	0	20	167	100	67
PCT9736	TO	736	516	0	0	43	473	281	192
PCT9737	MV	637	390	0	0	28	362	235	127
PCT9737	ED	154	164	0	0	19	145	96	49
PCT9737	TO	791	554	0	0	47	507	331	176
PCT9738	MV	688	320	0	0	31	289	206	83
PCT9738	ED	150	118	0	0	15	103	73	30
PCT9738	TO	838	438	0	0	46	392	279	113
PCT9739	MV	674	273	0	0	11	262	199	63
PCT9739	ED	115	249	0	0	30	219	175	44
PCT9739	TO	789	522	0	0	41	481	374	107
PCT9741	MV	842	174	0	0	18	156	137	19
PCT9741	ED	-401	453	0	0	65	388	328	60
PCT9741	TO	441	627	0	0	83	544	465	79
PCT9742	MV	530	229	0	0	17	212	99	113
PCT9742	ED	165	163	0	0	14	149	101	48
PCT9742	TO	695	392	0	0	31	361	200	161
PCT9743	MV	913	405	0	0	28	377	269	108
PCT9743	ED	227	261	0	0	31	230	181	49
PCT9743	TO	1140	666	0	0	59	607	450	157
PCT9744	MV	783	334	0	1	27	306	211	95
PCT9744	ED	160	262	0	0	49	213	163	50
PCT9744	TO	943	596	0	1	76	519	374	145
PCT9745	MV	791	321	0	0	30	291	215	76
PCT9745	ED	201	237	0	0	27	210	163	47
PCT9745	TO	992	558	0	0	57	501	378	123
PCT9746	MV	714	374	0	0	19	355	206	149
PCT9746	ED	189	154	0	0	14	140	86	54
PCT9746	TO	903	528	0	0	33	495	292	203
PCT9747	MV	772	401	0	0	30	371	228	143
PCT9747	ED	204	193	0	0	21	172	130	42
PCT9747	TO	976	594	0	0	51	543	358	185
PCT9748	MV	746	425	0	0	37	388	251	137
PCT9748	ED	167	164	0	1	17	146	81	65
PCT9748	TO	913	589	0	1	54	534	332	202
PCT9749	MV	750	289	0	0	23	266	179	87
PCT9749	ED	188	170	0	0	14	156	126	30
PCT9749	TO	938	459	0	0	37	422	305	117
PCT9751	MV	857	475	0	0	41	434	267	167
PCT9751	ED	214	205	0	1	27	177	128	49
PCT9751	TO	1071	680	0	1	68	611	395	216
PCT9752	MV	563	330	0	0	24	306	190	116
PCT9752	ED	134	156	0	0	14	142	96	46
PCT9752	TO	697	486	0	0	38	448	286	162
PCT9753	MV	617	300	0	0	26	274	179	95
PCT9753	ED	145	168	0	0	11	157	114	43
PCT9753	TO	762	468	0	0	37	431	293	138
PCT9754	MV	545	317	0	0	20	297	212	85
PCT9754	ED	162	149	0	0	16	133	105	28
PCT9754	TO	707	466	0	0	36	430	317	113
PCT9755	MV	441	240	0	0	25	215	148	67
PCT9755	ED	139	134	0	0	10	124	91	33
PCT9755	TO	580	374	0	0	35	339	239	100
PCT9756	MV	805	365	0	0	28	337	190	147
PCT9756	ED	162	153	0	0	19	134	90	44
PCT9756	TO	967	518	0	0	47	471	280	191
PCT9801	MV	320	163	0	0	13	150	106	44
PCT9801	ED	88	68	0	0	7	61	45	16
PCT9801	TO	408	231	0	0	20	211	151	60
PCT9900	MV	0	0	0	0	0	0	0	0
PCT9900	ED	0	0	0	0	0	0	0	0
PCT9900	TO	0	0	0	0	0	0	0	0
PCT9901	MV	0	0	0	0	0	0	0	0
PCT9901	ED	0	0	0	0	0	0	0	0
PCT9901	TO	0	0	0	0	0	0	0	0
PCT9902	MV	0	0	0	0	0	0	0	0
PCT9902	ED	0	0	0	0	0	0	0	0
PCT9902	TO	0	0	0	0	0	0	0	0
CONG12	MV	355625	175442	0	27	16977	158438	110204	48234
CONG12	ED	90223	96085	0	17	12445	83623	62705	20918
CONG12	TO	445848	271527	0	44	29422	242061	172909	69152
CONG14	MV	47258	22461	0	4	1733	20724	12471	8253
CONG14	ED	10793	10916	0	3	1198	9715	6858	2857
CONG14	TO	58051	33377	0	7	2931	30439	19329	11110
ASSM17	MV	232812	115055	0	19	11014	104022	75222	28800
ASSM17	ED	59610	61730	0	13	7919	53798	41442	12356
ASSM17	TO	292422	176785	0	32	18933	157820	116664	41156
ASSM19	MV	170071	82848	0	12	7696	75140	47453	27687
ASSM19	ED	41406	45271	0	7	5724	39540	28121	11419
ASSM19	TO	211477	128119	0	19	13420	114680	75574	39106
SUPV1	MV	33870	16645	0	5	1518	15122	10002	5120
SUPV1	ED	9246	10132	0	2	1236	8894	6537	2357
SUPV1	TO	43116	26777	0	7	2754	24016	16539	7477
SUPV2	MV	41438	20052	0	3	2279	17770	11407	6363
SUPV2	ED	8608	11685	0	0	1863	9822	6617	3205
SUPV2	TO	50046	31737	0	3	4142	27592	18024	9568
SUPV3	MV	31945	14472	0	2	1599	12871	8555	4316
SUPV3	ED	7432	7841	0	0	1166	6675	4936	1739
SUPV3	TO	39377	22313	0	2	2765	19546	13491	6055
SUPV4	MV	35051	16947	0	0	1577	15370	9020	6350
SUPV4	ED	9043	8532	0	2	981	7549	5313	2236
SUPV4	TO	44094	25479	0	2	2558	22919	14333	8586
SUPV5	MV	41973	21589	0	3	2096	19490	15353	4137
SUPV5	ED	10927	13129	0	2	1746	11381	9252	2129
SUPV5	TO	52900	34718	0	5	3842	30871	24605	6266
SUPV6	MV	35759	15272	0	1	1584	13687	9639	4048
SUPV6	ED	7936	7226	0	1	1085	6140	4576	1564
SUPV6	TO	43695	22498	0	2	2669	19827	14215	5612
SUPV7	MV	38894	20831	0	4	1726	19101	11877	7224
SUPV7	ED	8549	10568	0	2	1176	9390	6508	2882
SUPV7	TO	47443	31399	0	6	2902	28491	18385	10106
SUPV8	MV	46374	27611	0	7	2590	25014	18948	6066
SUPV8	ED	11803	15032	0	6	1797	13229	10289	2940
SUPV8	TO	58177	42643	0	13	4387	38243	29237	9006
SUPV9	MV	33168	16843	0	1	1378	15464	11595	3869
SUPV9	ED	10095	10044	0	4	1126	8914	7161	1753
SUPV9	TO	43263	26887	0	5	2504	24378	18756	5622
SUPV10	MV	33768	14153	0	3	1280	12870	8726	4144
SUPV10	ED	9345	6711	0	0	811	5900	4426	1474
SUPV10	TO	43113	20864	0	3	2091	18770	13152	5618
SUPV11	MV	30643	13488	0	2	1083	12403	7553	4850
SUPV11	ED	8032	6101	0	1	656	5444	3948	1496
SUPV11	TO	38675	19589	0	3	1739	17847	11501	6346
NEIG1	MV	15466	5990	0	0	529	5461	3596	1865
NEIG1	ED	5019	2611	0	0	279	2332	1735	597
NEIG1	TO	20485	8601	0	0	808	7793	5331	2462
NEIG2	MV	14029	6299	0	2	745	5552	3540	2012
NEIG2	ED	3238	3340	0	0	552	2788	2007	781
NEIG2	TO	17267	9639	0	2	1297	8340	5547	2793
NEIG3	MV	22051	9527	0	0	1035	8492	6069	2423
NEIG3	ED	5968	4993	0	0	676	4317	3309	1008
NEIG3	TO	28019	14520	0	0	1711	12809	9378	3431
NEIG4	MV	5630	3506	0	0	326	3180	2215	965
NEIG4	ED	1430	1651	0	1	207	1443	1028	415
NEIG4	TO	7060	5157	0	1	533	4623	3243	1380
NEIG5	MV	22699	10156	0	2	833	9321	5604	3717
NEIG5	ED	5894	4403	0	0	479	3924	2785	1139
NEIG5	TO	28593	14559	0	2	1312	13245	8389	4856
NEIG6	MV	11529	5996	0	0	585	5411	4424	987
NEIG6	ED	2333	3919	0	0	506	3413	2816	597
NEIG6	TO	13862	9915	0	0	1091	8824	7240	1584
NEIG7	MV	9819	4149	0	0	314	3835	2424	1411
NEIG7	ED	2576	2089	0	1	217	1871	1424	447
NEIG7	TO	12395	6238	0	1	531	5706	3848	1858
NEIG8	MV	7628	4046	0	0	383	3663	2818	845
NEIG8	ED	2030	2570	0	0	308	2262	1808	454
NEIG8	TO	9658	6616	0	0	691	5925	4626	1299
NEIG9	MV	7422	3163	0	1	260	2902	1810	1092
NEIG9	ED	836	2236	0	0	296	1940	1472	468
NEIG9	TO	8258	5399	0	1	556	4842	3282	1560
NEIG10	MV	8173	3963	0	0	390	3573	2464	1109
NEIG10	ED	1849	2658	0	1	348	2309	1755	554
NEIG10	TO	10022	6621	0	1	738	5882	4219	1663
NEIG11	MV	33512	15582	0	3	1807	13772	8862	4910
NEIG11	ED	5928	9051	0	0	1495	7556	5086	2470
NEIG11	TO	39440	24633	0	3	3302	21328	13948	7380
NEIG12	MV	23578	11896	0	2	990	10904	8749	2155
NEIG12	ED	7427	7902	0	2	933	6967	5767	1200
NEIG12	TO	31005	19798	0	4	1923	17871	14516	3355
NEIG14	MV	6791	4011	0	0	354	3657	2865	792
NEIG14	ED	1942	2316	0	2	260	2054	1653	401
NEIG14	TO	8733	6327	0	2	614	5711	4518	1193
NEIG15	MV	5781	2687	0	0	254	2433	1604	829
NEIG15	ED	1307	1499	0	0	202	1297	953	344
NEIG15	TO	7088	4186	0	0	456	3730	2557	1173
NEIG13	MV	13553	8198	0	1	805	7392	5483	1909
NEIG13	ED	3435	4443	0	2	511	3930	3037	893
NEIG13	TO	16988	12641	0	3	1316	11322	8520	2802
NEIG26	MV	7830	3542	0	0	291	3251	1882	1369
NEIG26	ED	1802	1386	0	1	159	1226	841	385
NEIG26	TO	9632	4928	0	1	450	4477	2723	1754
NEIG16	MV	14624	6988	0	1	695	6292	4628	1664
NEIG16	ED	2732	3781	0	0	545	3236	2479	757
NEIG16	TO	17356	10769	0	1	1240	9528	7107	2421
NEIG17	MV	29449	14468	0	5	1316	13147	8620	4527
NEIG17	ED	8176	8551	0	1	1042	7508	5491	2017
NEIG17	TO	37625	23019	0	6	2358	20655	14111	6544
NEIG19	MV	7164	4039	0	0	331	3708	2843	865
NEIG19	ED	2407	2408	0	1	256	2151	1663	488
NEIG19	TO	9571	6447	0	1	587	5859	4506	1353
NEIG18	MV	6458	3427	0	0	360	3067	1933	1134
NEIG18	ED	1563	2033	0	0	290	1743	1125	618
NEIG18	TO	8021	5460	0	0	650	4810	3058	1752
NEIG20	MV	20913	8936	0	1	903	8032	5555	2477
NEIG20	ED	4164	4219	0	1	645	3573	2630	943
NEIG20	TO	25077	13155	0	2	1548	11605	8185	3420
NEIG21	MV	34608	16720	0	0	1550	15170	8875	6295
NEIG21	ED	8885	8360	0	2	966	7392	5187	2205
NEIG21	TO	43493	25080	0	2	2516	22562	14062	8500
NEIG22	MV	15383	9329	0	5	866	8458	6482	1976
NEIG22	ED	3510	4904	0	1	569	4334	3383	951
NEIG22	TO	18893	14233	0	6	1435	12792	9865	2927
NEIG23	MV	6638	2527	0	2	221	2304	1317	987
NEIG23	ED	1850	947	0	0	122	825	572	253
NEIG23	TO	8488	3474	0	2	343	3129	1889	1240
NEIG24	MV	28440	16175	0	3	1349	14823	9140	5683
NEIG24	ED	6934	7515	0	2	800	6713	4462	2251
NEIG24	TO	35374	23690	0	5	2149	21536	13602	7934
NEIG25	MV	23715	12583	0	3	1218	11362	8873	2489
NEIG25	ED	7781	7216	0	2	980	6234	5095	1139
NEIG25	TO	31496	19799	0	5	2198	17596	13968	3628
