area_id	subtotal_type	RSReg	RSCst	RSRej	RSOvr	RSUnd	RSTot	9:YES	10:NO
ALLPCTS	TO	503899	281773	0	76	22690	259007	180791	78216
ALLPCTS	ED	101053	84584	0	30	7545	77009	56219	20790
ALLPCTS	MV	402846	197189	0	46	15145	181998	124572	57426
PCT1101	MV	448	215	0	0	14	201	136	65
PCT1101	ED	114	61	0	0	5	56	44	12
PCT1101	TO	562	276	0	0	19	257	180	77
PCT1102	MV	774	369	0	0	23	346	209	137
PCT1102	ED	230	162	0	0	12	150	110	40
PCT1102	TO	1004	531	0	0	35	496	319	177
PCT1103	MV	749	371	0	0	16	355	244	111
PCT1103	ED	222	144	0	0	7	137	99	38
PCT1103	TO	971	515	0	0	23	492	343	149
PCT1104	MV	751	343	0	0	18	325	219	106
PCT1104	ED	267	122	0	0	7	115	85	30
PCT1104	TO	1018	465	0	0	25	440	304	136
PCT1106	MV	598	255	0	0	21	234	141	93
PCT1106	ED	173	97	0	0	8	89	52	37
PCT1106	TO	771	352	0	0	29	323	193	130
PCT1107	MV	612	287	0	0	19	268	152	116
PCT1107	ED	139	76	0	0	7	69	46	23
PCT1107	TO	751	363	0	0	26	337	198	139
PCT1108	MV	725	360	0	0	20	340	234	106
PCT1108	ED	198	116	0	0	13	103	69	34
PCT1108	TO	923	476	0	0	33	443	303	140
PCT1109	MV	653	284	0	0	15	269	158	111
PCT1109	ED	169	99	0	0	5	94	63	31
PCT1109	TO	822	383	0	0	20	363	221	142
PCT1111	MV	849	354	0	0	24	330	187	143
PCT1111	ED	197	118	0	0	8	110	80	30
PCT1111	TO	1046	472	0	0	32	440	267	173
PCT1112	MV	643	278	0	0	14	264	166	98
PCT1112	ED	159	79	0	0	3	76	59	17
PCT1112	TO	802	357	0	0	17	340	225	115
PCT1113	MV	675	286	0	0	26	260	146	114
PCT1113	ED	120	65	0	0	6	59	44	15
PCT1113	TO	795	351	0	0	32	319	190	129
PCT1114	MV	769	328	0	0	26	302	200	102
PCT1114	ED	222	98	0	0	13	85	59	26
PCT1114	TO	991	426	0	0	39	387	259	128
PCT1115	MV	743	295	0	0	22	273	171	102
PCT1115	ED	193	89	0	0	6	83	64	19
PCT1115	TO	936	384	0	0	28	356	235	121
PCT1116	MV	715	308	0	0	26	282	194	88
PCT1116	ED	216	119	0	0	9	110	78	32
PCT1116	TO	931	427	0	0	35	392	272	120
PCT1117	MV	665	258	0	0	16	242	137	105
PCT1117	ED	181	72	0	0	3	69	49	20
PCT1117	TO	846	330	0	0	19	311	186	125
PCT1118	MV	846	357	0	0	15	342	221	121
PCT1118	ED	219	106	0	1	10	95	63	32
PCT1118	TO	1065	463	0	1	25	437	284	153
PCT1119	MV	659	303	0	0	18	285	182	103
PCT1119	ED	138	75	0	0	5	70	53	17
PCT1119	TO	797	378	0	0	23	355	235	120
PCT1121	MV	556	268	0	0	19	249	132	117
PCT1121	ED	149	87	0	0	6	81	53	28
PCT1121	TO	705	355	0	0	25	330	185	145
PCT1122	MV	519	245	0	0	21	224	117	107
PCT1122	ED	118	71	0	0	7	64	44	20
PCT1122	TO	637	316	0	0	28	288	161	127
PCT1123	MV	730	257	0	0	15	242	152	90
PCT1123	ED	208	89	0	0	4	85	52	33
PCT1123	TO	938	346	0	0	19	327	204	123
PCT1124	MV	630	246	0	0	10	236	141	95
PCT1124	ED	199	76	0	0	6	70	51	19
PCT1124	TO	829	322	0	0	16	306	192	114
PCT1125	MV	919	364	0	0	38	326	184	142
PCT1125	ED	178	68	0	0	9	59	47	12
PCT1125	TO	1097	432	0	0	47	385	231	154
PCT1126	MV	812	308	0	1	19	288	174	114
PCT1126	ED	200	68	0	0	2	66	40	26
PCT1126	TO	1012	376	0	1	21	354	214	140
PCT1127	MV	743	293	0	0	19	274	143	131
PCT1127	ED	222	101	0	0	7	94	60	34
PCT1127	TO	965	394	0	0	26	368	203	165
PCT1128	MV	734	287	0	0	15	272	141	131
PCT1128	ED	145	59	0	0	5	54	37	17
PCT1128	TO	879	346	0	0	20	326	178	148
PCT1129	MV	790	314	0	0	25	289	161	128
PCT1129	ED	246	109	0	0	11	98	62	36
PCT1129	TO	1036	423	0	0	36	387	223	164
PCT1131	MV	694	280	0	0	28	252	132	120
PCT1131	ED	166	61	0	0	4	57	40	17
PCT1131	TO	860	341	0	0	32	309	172	137
PCT1132	MV	839	370	0	0	29	341	199	142
PCT1132	ED	193	60	0	0	2	58	31	27
PCT1132	TO	1032	430	0	0	31	399	230	169
PCT1133	MV	716	334	0	0	17	317	191	126
PCT1133	ED	159	74	0	0	3	71	44	27
PCT1133	TO	875	408	0	0	20	388	235	153
PCT1134	MV	585	293	0	0	18	275	140	135
PCT1134	ED	182	80	0	0	8	72	47	25
PCT1134	TO	767	373	0	0	26	347	187	160
PCT1135	MV	465	218	0	0	11	207	121	86
PCT1135	ED	91	51	0	1	2	48	30	18
PCT1135	TO	556	269	0	1	13	255	151	104
PCT1136	MV	710	340	0	0	19	321	190	131
PCT1136	ED	157	79	0	0	6	73	44	29
PCT1136	TO	867	419	0	0	25	394	234	160
PCT1141	MV	836	393	0	1	20	372	224	148
PCT1141	ED	220	124	0	0	8	116	81	35
PCT1141	TO	1056	517	0	1	28	488	305	183
PCT1142	MV	721	324	0	0	32	292	196	96
PCT1142	ED	175	87	0	0	4	83	69	14
PCT1142	TO	896	411	0	0	36	375	265	110
PCT1143	MV	824	360	0	0	31	329	205	124
PCT1143	ED	225	116	0	0	7	109	76	33
PCT1143	TO	1049	476	0	0	38	438	281	157
PCT1144	MV	727	326	0	0	16	310	203	107
PCT1144	ED	220	121	0	0	9	112	76	36
PCT1144	TO	947	447	0	0	25	422	279	143
PCT1145	MV	753	411	0	0	28	383	232	151
PCT1145	ED	152	114	0	0	8	106	75	31
PCT1145	TO	905	525	0	0	36	489	307	182
PCT1146	MV	839	364	0	0	25	339	209	130
PCT1146	ED	215	110	0	0	6	104	77	27
PCT1146	TO	1054	474	0	0	31	443	286	157
PCT1147	MV	673	309	0	0	17	292	188	104
PCT1147	ED	212	108	0	0	8	100	74	26
PCT1147	TO	885	417	0	0	25	392	262	130
PCT1148	MV	804	368	0	0	23	345	209	136
PCT1148	ED	224	119	0	0	8	111	69	42
PCT1148	TO	1028	487	0	0	31	456	278	178
PCT1149	MV	710	319	0	0	19	300	166	134
PCT1149	ED	229	119	0	0	9	110	78	32
PCT1149	TO	939	438	0	0	28	410	244	166
PCT1152	MV	710	313	0	0	29	284	163	121
PCT1152	ED	180	87	0	0	5	82	51	31
PCT1152	TO	890	400	0	0	34	366	214	152
PCT1153	MV	730	285	0	0	29	256	177	79
PCT1153	ED	210	117	0	0	10	107	66	41
PCT1153	TO	940	402	0	0	39	363	243	120
PCT7001	MV	632	329	0	0	23	306	228	78
PCT7001	ED	141	105	0	0	6	99	71	28
PCT7001	TO	773	434	0	0	29	405	299	106
PCT7002	MV	598	267	0	0	23	244	193	51
PCT7002	ED	116	90	0	0	4	86	67	19
PCT7002	TO	714	357	0	0	27	330	260	70
PCT7003	MV	759	432	0	0	27	405	288	117
PCT7003	ED	147	144	0	0	9	135	96	39
PCT7003	TO	906	576	0	0	36	540	384	156
PCT7004	MV	764	416	0	0	31	385	285	100
PCT7004	ED	149	146	0	0	11	135	99	36
PCT7004	TO	913	562	0	0	42	520	384	136
PCT7005	MV	698	350	0	0	26	324	246	78
PCT7005	ED	161	163	0	0	18	145	116	29
PCT7005	TO	859	513	0	0	44	469	362	107
PCT7006	MV	729	360	0	0	31	329	253	76
PCT7006	ED	203	153	0	0	6	147	112	35
PCT7006	TO	932	513	0	0	37	476	365	111
PCT7007	MV	777	437	0	0	30	407	276	131
PCT7007	ED	180	174	0	0	16	158	117	41
PCT7007	TO	957	611	0	0	46	565	393	172
PCT7008	MV	732	367	0	0	30	337	232	105
PCT7008	ED	177	194	0	1	13	180	140	40
PCT7008	TO	909	561	0	1	43	517	372	145
PCT7009	MV	752	390	0	0	29	361	259	102
PCT7009	ED	119	95	0	0	4	91	56	35
PCT7009	TO	871	485	0	0	33	452	315	137
PCT7011	MV	704	231	0	0	17	214	144	70
PCT7011	ED	269	88	0	0	7	81	59	22
PCT7011	TO	973	319	0	0	24	295	203	92
PCT7012	MV	999	487	0	0	40	447	329	118
PCT7012	ED	227	209	0	0	18	191	145	46
PCT7012	TO	1226	696	0	0	58	638	474	164
PCT7013	MV	984	427	0	0	25	402	322	80
PCT7013	ED	155	157	0	0	11	146	112	34
PCT7013	TO	1139	584	0	0	36	548	434	114
PCT7014	MV	610	303	0	0	20	283	208	75
PCT7014	ED	109	115	0	0	16	99	80	19
PCT7014	TO	719	418	0	0	36	382	288	94
PCT7015	MV	128	40	0	0	6	34	23	11
PCT7015	ED	-18	0	0	0	0	0	0	0
PCT7015	TO	110	40	0	0	6	34	23	11
PCT7016	MV	655	239	0	0	18	221	119	102
PCT7016	ED	277	79	0	0	6	73	50	23
PCT7016	TO	932	318	0	0	24	294	169	125
PCT7017	MV	543	180	0	0	26	154	97	57
PCT7017	ED	238	53	0	0	10	43	31	12
PCT7017	TO	781	233	0	0	36	197	128	69
PCT7018	MV	847	357	0	0	27	330	162	168
PCT7018	ED	200	56	0	0	5	51	39	12
PCT7018	TO	1047	413	0	0	32	381	201	180
PCT7019	MV	734	355	0	0	26	329	175	154
PCT7019	ED	166	74	0	0	7	67	48	19
PCT7019	TO	900	429	0	0	33	396	223	173
PCT7021	MV	679	271	0	0	28	243	167	76
PCT7021	ED	288	108	0	0	10	98	74	24
PCT7021	TO	967	379	0	0	38	341	241	100
PCT7022	MV	770	312	0	0	28	284	184	100
PCT7022	ED	193	55	0	0	1	54	43	11
PCT7022	TO	963	367	0	0	29	338	227	111
PCT7023	MV	687	331	0	1	24	306	174	132
PCT7023	ED	233	72	0	1	7	64	40	24
PCT7023	TO	920	403	0	2	31	370	214	156
PCT7024	MV	251	50	0	0	3	47	31	16
PCT7024	ED	190	20	0	0	4	16	10	6
PCT7024	TO	441	70	0	0	7	63	41	22
PCT7025	MV	316	95	0	0	7	88	55	33
PCT7025	ED	167	39	0	0	3	36	24	12
PCT7025	TO	483	134	0	0	10	124	79	45
PCT7026	MV	819	336	0	0	21	315	161	154
PCT7026	ED	191	72	0	0	7	65	41	24
PCT7026	TO	1010	408	0	0	28	380	202	178
PCT7027	MV	677	270	0	0	27	243	140	103
PCT7027	ED	219	99	0	0	6	93	61	32
PCT7027	TO	896	369	0	0	33	336	201	135
PCT7028	MV	585	220	0	0	14	206	118	88
PCT7028	ED	271	100	0	0	8	92	62	30
PCT7028	TO	856	320	0	0	22	298	180	118
PCT7029	MV	642	209	0	0	24	185	110	75
PCT7029	ED	267	40	0	0	3	37	20	17
PCT7029	TO	909	249	0	0	27	222	130	92
PCT7030	MV	654	274	0	1	11	262	140	122
PCT7030	ED	141	59	0	0	1	58	27	31
PCT7030	TO	795	333	0	1	12	320	167	153
PCT7031	MV	622	263	0	0	25	238	161	77
PCT7031	ED	72	49	0	0	6	43	31	12
PCT7031	TO	694	312	0	0	31	281	192	89
PCT7032	MV	643	266	0	1	22	243	149	94
PCT7032	ED	238	54	0	0	3	51	36	15
PCT7032	TO	881	320	0	1	25	294	185	109
PCT7033	MV	549	214	0	0	23	191	100	91
PCT7033	ED	229	86	0	0	9	77	46	31
PCT7033	TO	778	300	0	0	32	268	146	122
PCT7034	MV	620	142	0	1	17	124	77	47
PCT7034	ED	318	60	0	0	5	55	26	29
PCT7034	TO	938	202	0	1	22	179	103	76
PCT7035	MV	567	237	0	0	17	220	139	81
PCT7035	ED	152	54	0	0	7	47	35	12
PCT7035	TO	719	291	0	0	24	267	174	93
PCT7036	MV	781	263	0	1	22	240	121	119
PCT7036	ED	193	39	0	0	2	37	19	18
PCT7036	TO	974	302	0	1	24	277	140	137
PCT7037	MV	434	63	0	0	2	61	44	17
PCT7037	ED	312	38	0	0	7	31	17	14
PCT7037	TO	746	101	0	0	9	92	61	31
PCT7038	MV	758	308	0	1	25	282	150	132
PCT7038	ED	203	60	0	0	8	52	31	21
PCT7038	TO	961	368	0	1	33	334	181	153
PCT7039	MV	636	243	0	0	22	221	120	101
PCT7039	ED	201	104	0	0	4	100	63	37
PCT7039	TO	837	347	0	0	26	321	183	138
PCT7041	MV	70	29	0	0	4	25	10	15
PCT7041	ED	-4	0	0	0	0	0	0	0
PCT7041	TO	66	29	0	0	4	25	10	15
PCT7042	MV	514	222	0	0	15	207	128	79
PCT7042	ED	146	62	0	0	3	59	45	14
PCT7042	TO	660	284	0	0	18	266	173	93
PCT7043	MV	754	295	0	0	29	266	169	97
PCT7043	ED	224	79	0	1	4	74	47	27
PCT7043	TO	978	374	0	1	33	340	216	124
PCT7044	MV	586	149	0	0	7	142	76	66
PCT7044	ED	266	36	0	0	2	34	23	11
PCT7044	TO	852	185	0	0	9	176	99	77
PCT7045	MV	632	267	0	0	24	243	125	118
PCT7045	ED	154	53	0	0	2	51	28	23
PCT7045	TO	786	320	0	0	26	294	153	141
PCT7046	MV	334	132	0	0	8	124	70	54
PCT7046	ED	96	48	0	0	3	45	27	18
PCT7046	TO	430	180	0	0	11	169	97	72
PCT7047	MV	733	315	0	0	21	294	152	142
PCT7047	ED	150	62	0	0	5	57	39	18
PCT7047	TO	883	377	0	0	26	351	191	160
PCT7048	MV	685	267	0	0	16	251	134	117
PCT7048	ED	196	59	0	0	5	54	29	25
PCT7048	TO	881	326	0	0	21	305	163	142
PCT7049	MV	616	247	0	0	19	228	110	118
PCT7049	ED	210	71	0	0	5	66	28	38
PCT7049	TO	826	318	0	0	24	294	138	156
PCT7051	MV	715	306	0	1	29	276	132	144
PCT7051	ED	165	70	0	0	8	62	45	17
PCT7051	TO	880	376	0	1	37	338	177	161
PCT7052	MV	722	296	0	0	13	283	153	130
PCT7052	ED	184	88	0	0	6	82	49	33
PCT7052	TO	906	384	0	0	19	365	202	163
PCT7053	MV	542	227	0	0	30	197	115	82
PCT7053	ED	43	42	0	0	4	38	27	11
PCT7053	TO	585	269	0	0	34	235	142	93
PCT7054	MV	863	310	0	0	23	287	177	110
PCT7054	ED	273	109	0	0	7	102	64	38
PCT7054	TO	1136	419	0	0	30	389	241	148
PCT7055	MV	732	292	0	0	21	271	193	78
PCT7055	ED	94	78	0	0	8	70	55	15
PCT7055	TO	826	370	0	0	29	341	248	93
PCT7056	MV	618	275	0	0	23	252	185	67
PCT7056	ED	87	122	0	0	16	106	78	28
PCT7056	TO	705	397	0	0	39	358	263	95
PCT7101	MV	162	99	0	0	6	93	79	14
PCT7101	ED	-15	4	0	0	1	3	2	1
PCT7101	TO	147	103	0	0	7	96	81	15
PCT7201	MV	788	383	0	0	31	352	250	102
PCT7201	ED	147	170	0	0	18	152	114	38
PCT7201	TO	935	553	0	0	49	504	364	140
PCT7202	MV	708	308	0	0	24	284	173	111
PCT7202	ED	143	158	0	0	16	142	97	45
PCT7202	TO	851	466	0	0	40	426	270	156
PCT7203	MV	693	321	0	0	30	291	209	82
PCT7203	ED	186	187	0	0	22	165	138	27
PCT7203	TO	879	508	0	0	52	456	347	109
PCT7204	MV	773	422	0	0	40	382	267	115
PCT7204	ED	126	157	0	0	25	132	91	41
PCT7204	TO	899	579	0	0	65	514	358	156
PCT7205	MV	724	360	0	0	27	333	221	112
PCT7205	ED	147	177	0	0	16	161	114	47
PCT7205	TO	871	537	0	0	43	494	335	159
PCT7206	MV	299	129	0	0	11	118	85	33
PCT7206	ED	78	106	0	0	12	94	72	22
PCT7206	TO	377	235	0	0	23	212	157	55
PCT7207	MV	744	333	0	0	21	312	213	99
PCT7207	ED	123	154	0	0	18	136	107	29
PCT7207	TO	867	487	0	0	39	448	320	128
PCT7208	MV	492	253	0	0	28	225	161	64
PCT7208	ED	78	97	0	1	12	84	65	19
PCT7208	TO	570	350	0	1	40	309	226	83
PCT7209	MV	595	341	0	0	36	305	176	129
PCT7209	ED	52	75	0	0	7	68	50	18
PCT7209	TO	647	416	0	0	43	373	226	147
PCT7301	MV	813	319	0	0	18	301	215	86
PCT7301	ED	201	143	0	0	16	127	91	36
PCT7301	TO	1014	462	0	0	34	428	306	122
PCT7302	MV	713	352	0	0	34	318	207	111
PCT7302	ED	136	140	0	0	15	125	83	42
PCT7302	TO	849	492	0	0	49	443	290	153
PCT7303	MV	869	376	0	0	25	351	250	101
PCT7303	ED	199	172	0	0	19	153	123	30
PCT7303	TO	1068	548	0	0	44	504	373	131
PCT7304	MV	802	366	0	1	25	340	257	83
PCT7304	ED	199	185	0	0	8	177	144	33
PCT7304	TO	1001	551	0	1	33	517	401	116
PCT7305	MV	713	386	0	0	29	357	241	116
PCT7305	ED	154	155	0	0	10	145	103	42
PCT7305	TO	867	541	0	0	39	502	344	158
PCT7306	MV	801	374	0	0	39	335	232	103
PCT7306	ED	243	194	0	1	24	169	126	43
PCT7306	TO	1044	568	0	1	63	504	358	146
PCT7307	MV	605	272	0	0	11	261	178	83
PCT7307	ED	169	130	0	0	18	112	97	15
PCT7307	TO	774	402	0	0	29	373	275	98
PCT7308	MV	520	257	0	0	13	244	165	79
PCT7308	ED	105	158	0	0	16	142	109	33
PCT7308	TO	625	415	0	0	29	386	274	112
PCT7309	MV	691	324	0	0	29	295	201	94
PCT7309	ED	167	191	0	0	19	172	127	45
PCT7309	TO	858	515	0	0	48	467	328	139
PCT7311	MV	698	333	0	0	21	312	203	109
PCT7311	ED	208	218	0	0	24	194	157	37
PCT7311	TO	906	551	0	0	45	506	360	146
PCT7312	MV	700	395	0	0	37	358	219	139
PCT7312	ED	110	162	0	0	18	144	81	63
PCT7312	TO	810	557	0	0	55	502	300	202
PCT7313	MV	819	373	0	0	24	349	241	108
PCT7313	ED	184	163	0	0	24	139	105	34
PCT7313	TO	1003	536	0	0	48	488	346	142
PCT7314	MV	612	226	0	0	32	194	118	76
PCT7314	ED	147	85	0	0	12	73	54	19
PCT7314	TO	759	311	0	0	44	267	172	95
PCT7315	MV	570	206	0	0	17	189	132	57
PCT7315	ED	195	135	0	0	12	123	93	30
PCT7315	TO	765	341	0	0	29	312	225	87
PCT7316	MV	654	261	0	0	29	232	148	84
PCT7316	ED	178	131	0	0	10	121	94	27
PCT7316	TO	832	392	0	0	39	353	242	111
PCT7317	MV	744	350	0	0	23	327	219	108
PCT7317	ED	146	114	0	0	11	103	76	27
PCT7317	TO	890	464	0	0	34	430	295	135
PCT7318	MV	605	293	0	0	36	257	154	103
PCT7318	ED	118	108	0	0	18	90	60	30
PCT7318	TO	723	401	0	0	54	347	214	133
PCT7319	MV	861	345	0	0	26	319	224	95
PCT7319	ED	188	185	0	0	27	158	108	50
PCT7319	TO	1049	530	0	0	53	477	332	145
PCT7321	MV	557	202	0	0	24	178	114	64
PCT7321	ED	102	85	0	0	8	77	55	22
PCT7321	TO	659	287	0	0	32	255	169	86
PCT7322	MV	742	294	0	0	37	257	137	120
PCT7322	ED	146	50	0	0	8	42	37	5
PCT7322	TO	888	344	0	0	45	299	174	125
PCT7323	MV	790	368	0	1	36	331	257	74
PCT7323	ED	166	160	0	0	20	140	111	29
PCT7323	TO	956	528	0	1	56	471	368	103
PCT7324	MV	587	260	0	0	24	236	178	58
PCT7324	ED	150	89	0	0	15	74	50	24
PCT7324	TO	737	349	0	0	39	310	228	82
PCT7325	MV	714	327	0	0	34	293	205	88
PCT7325	ED	172	124	0	0	13	111	81	30
PCT7325	TO	886	451	0	0	47	404	286	118
PCT7326	MV	685	304	0	0	30	274	174	100
PCT7326	ED	174	159	0	0	25	134	95	39
PCT7326	TO	859	463	0	0	55	408	269	139
PCT7327	MV	561	230	0	0	34	196	98	98
PCT7327	ED	126	49	0	0	2	47	36	11
PCT7327	TO	687	279	0	0	36	243	134	109
PCT7328	MV	829	333	0	0	66	267	128	139
PCT7328	ED	173	67	0	0	14	53	41	12
PCT7328	TO	1002	400	0	0	80	320	169	151
PCT7329	MV	556	227	0	0	23	204	121	83
PCT7329	ED	95	78	0	0	8	70	47	23
PCT7329	TO	651	305	0	0	31	274	168	106
PCT7331	MV	710	361	0	0	33	328	204	124
PCT7331	ED	160	162	0	0	26	136	90	46
PCT7331	TO	870	523	0	0	59	464	294	170
PCT7332	MV	654	264	0	0	24	240	186	54
PCT7332	ED	136	149	0	0	9	140	121	19
PCT7332	TO	790	413	0	0	33	380	307	73
PCT7333	MV	822	390	0	0	31	359	262	97
PCT7333	ED	193	224	0	0	23	201	160	41
PCT7333	TO	1015	614	0	0	54	560	422	138
PCT7334	MV	688	307	0	0	18	289	217	72
PCT7334	ED	131	135	0	0	12	123	92	31
PCT7334	TO	819	442	0	0	30	412	309	103
PCT7335	MV	788	389	0	0	35	354	228	126
PCT7335	ED	146	191	0	0	23	168	128	40
PCT7335	TO	934	580	0	0	58	522	356	166
PCT7336	MV	779	405	0	0	25	380	246	134
PCT7336	ED	175	178	0	0	23	155	105	50
PCT7336	TO	954	583	0	0	48	535	351	184
PCT7337	MV	772	386	0	0	35	351	226	125
PCT7337	ED	125	112	0	0	8	104	66	38
PCT7337	TO	897	498	0	0	43	455	292	163
PCT7338	MV	770	360	0	0	34	326	196	130
PCT7338	ED	125	91	0	0	10	81	65	16
PCT7338	TO	895	451	0	0	44	407	261	146
PCT7339	MV	605	270	0	0	21	249	182	67
PCT7339	ED	150	122	0	0	6	116	83	33
PCT7339	TO	755	392	0	0	27	365	265	100
PCT7341	MV	675	291	0	0	29	262	190	72
PCT7341	ED	178	160	0	0	7	153	121	32
PCT7341	TO	853	451	0	0	36	415	311	104
PCT7342	MV	674	324	0	0	21	303	227	76
PCT7342	ED	230	245	0	0	21	224	166	58
PCT7342	TO	904	569	0	0	42	527	393	134
PCT7343	MV	554	252	0	0	18	234	194	40
PCT7343	ED	150	150	0	0	15	135	105	30
PCT7343	TO	704	402	0	0	33	369	299	70
PCT7344	MV	863	392	0	0	23	369	255	114
PCT7344	ED	201	211	0	0	20	191	151	40
PCT7344	TO	1064	603	0	0	43	560	406	154
PCT7345	MV	904	434	0	0	33	401	320	81
PCT7345	ED	210	217	0	0	21	196	154	42
PCT7345	TO	1114	651	0	0	54	597	474	123
PCT7346	MV	681	288	0	0	22	266	208	58
PCT7346	ED	208	174	0	0	22	152	122	30
PCT7346	TO	889	462	0	0	44	418	330	88
PCT7347	MV	833	371	0	0	31	340	288	52
PCT7347	ED	170	123	0	0	11	112	94	18
PCT7347	TO	1003	494	0	0	42	452	382	70
PCT7348	MV	650	279	0	0	22	257	196	61
PCT7348	ED	193	116	0	0	10	106	84	22
PCT7348	TO	843	395	0	0	32	363	280	83
PCT7349	MV	710	316	0	0	23	293	198	95
PCT7349	ED	202	145	0	0	14	131	104	27
PCT7349	TO	912	461	0	0	37	424	302	122
PCT7501	MV	456	248	0	0	29	219	143	76
PCT7501	ED	95	116	0	0	12	104	70	34
PCT7501	TO	551	364	0	0	41	323	213	110
PCT7502	MV	668	315	0	0	25	290	195	95
PCT7502	ED	121	143	0	0	18	125	90	35
PCT7502	TO	789	458	0	0	43	415	285	130
PCT7503	MV	614	286	0	0	28	258	186	72
PCT7503	ED	148	138	0	0	18	120	91	29
PCT7503	TO	762	424	0	0	46	378	277	101
PCT7504	MV	404	175	0	0	16	159	110	49
PCT7504	ED	84	84	0	0	11	73	56	17
PCT7504	TO	488	259	0	0	27	232	166	66
PCT7505	MV	729	405	0	0	40	365	262	103
PCT7505	ED	133	130	0	0	15	115	92	23
PCT7505	TO	862	535	0	0	55	480	354	126
PCT7506	MV	842	364	0	0	37	327	237	90
PCT7506	ED	158	162	0	0	16	146	121	25
PCT7506	TO	1000	526	0	0	53	473	358	115
PCT7507	MV	694	289	0	0	24	265	201	64
PCT7507	ED	262	133	0	0	8	125	88	37
PCT7507	TO	956	422	0	0	32	390	289	101
PCT7508	MV	618	373	0	0	35	338	250	88
PCT7508	ED	126	118	0	1	8	109	82	27
PCT7508	TO	744	491	0	1	43	447	332	115
PCT7509	MV	756	399	0	0	22	377	261	116
PCT7509	ED	173	169	0	0	16	153	107	46
PCT7509	TO	929	568	0	0	38	530	368	162
PCT7512	MV	475	248	0	0	22	226	138	88
PCT7512	ED	125	89	0	0	9	80	59	21
PCT7512	TO	600	337	0	0	31	306	197	109
PCT7513	MV	575	248	0	0	32	216	165	51
PCT7513	ED	231	143	0	0	27	116	91	25
PCT7513	TO	806	391	0	0	59	332	256	76
PCT7514	MV	709	242	0	0	36	206	143	63
PCT7514	ED	207	76	0	0	17	59	42	17
PCT7514	TO	916	318	0	0	53	265	185	80
PCT7515	MV	663	322	0	0	22	300	209	91
PCT7515	ED	201	114	0	0	16	98	79	19
PCT7515	TO	864	436	0	0	38	398	288	110
PCT7516	MV	773	423	0	0	26	397	299	98
PCT7516	ED	147	131	0	0	6	125	88	37
PCT7516	TO	920	554	0	0	32	522	387	135
PCT7517	MV	645	362	0	0	39	323	258	65
PCT7517	ED	223	234	0	0	20	214	177	37
PCT7517	TO	868	596	0	0	59	537	435	102
PCT7518	MV	708	392	0	0	35	357	280	77
PCT7518	ED	218	247	0	0	20	227	191	36
PCT7518	TO	926	639	0	0	55	584	471	113
PCT7519	MV	543	260	0	0	25	235	190	45
PCT7519	ED	172	172	0	0	15	157	131	26
PCT7519	TO	715	432	0	0	40	392	321	71
PCT7521	MV	597	319	0	0	22	297	246	51
PCT7521	ED	182	205	0	0	16	189	155	34
PCT7521	TO	779	524	0	0	38	486	401	85
PCT7522	MV	588	301	0	0	23	278	231	47
PCT7522	ED	171	192	0	0	15	177	148	29
PCT7522	TO	759	493	0	0	38	455	379	76
PCT7523	MV	564	285	0	1	24	260	208	52
PCT7523	ED	180	221	0	0	16	205	160	45
PCT7523	TO	744	506	0	1	40	465	368	97
PCT7524	MV	480	228	0	0	18	210	169	41
PCT7524	ED	144	130	0	0	9	121	93	28
PCT7524	TO	624	358	0	0	27	331	262	69
PCT7525	MV	594	246	0	0	27	219	170	49
PCT7525	ED	170	130	0	0	19	111	83	28
PCT7525	TO	764	376	0	0	46	330	253	77
PCT7526	MV	826	395	0	0	42	353	282	71
PCT7526	ED	162	219	0	0	25	194	150	44
PCT7526	TO	988	614	0	0	67	547	432	115
PCT7527	MV	538	296	0	0	30	266	208	58
PCT7527	ED	172	126	0	0	8	118	96	22
PCT7527	TO	710	422	0	0	38	384	304	80
PCT7529	MV	749	366	0	0	25	341	286	55
PCT7529	ED	154	231	0	0	16	215	176	39
PCT7529	TO	903	597	0	0	41	556	462	94
PCT7531	MV	714	336	0	0	17	319	275	44
PCT7531	ED	159	179	0	0	8	171	142	29
PCT7531	TO	873	515	0	0	25	490	417	73
PCT7532	MV	668	329	0	0	23	306	226	80
PCT7532	ED	167	185	0	0	21	164	118	46
PCT7532	TO	835	514	0	0	44	470	344	126
PCT7533	MV	776	405	0	0	35	370	297	73
PCT7533	ED	194	252	0	0	21	231	196	35
PCT7533	TO	970	657	0	0	56	601	493	108
PCT7534	MV	670	376	0	0	27	349	290	59
PCT7534	ED	233	231	0	0	20	211	180	31
PCT7534	TO	903	607	0	0	47	560	470	90
PCT7535	MV	606	300	0	0	30	270	221	49
PCT7535	ED	139	199	0	1	23	175	148	27
PCT7535	TO	745	499	0	1	53	445	369	76
PCT7536	MV	670	346	0	0	15	331	273	58
PCT7536	ED	163	216	0	0	20	196	157	39
PCT7536	TO	833	562	0	0	35	527	430	97
PCT7537	MV	619	301	0	0	19	282	227	55
PCT7537	ED	126	197	0	0	18	179	144	35
PCT7537	TO	745	498	0	0	37	461	371	90
PCT7538	MV	562	322	0	0	19	303	242	61
PCT7538	ED	189	212	0	0	14	198	167	31
PCT7538	TO	751	534	0	0	33	501	409	92
PCT7539	MV	696	374	0	0	23	351	291	60
PCT7539	ED	225	215	0	0	14	201	178	23
PCT7539	TO	921	589	0	0	37	552	469	83
PCT7541	MV	600	295	0	0	26	269	223	46
PCT7541	ED	170	214	0	0	26	188	165	23
PCT7541	TO	770	509	0	0	52	457	388	69
PCT7542	MV	632	324	0	0	18	306	263	43
PCT7542	ED	192	200	0	0	11	189	163	26
PCT7542	TO	824	524	0	0	29	495	426	69
PCT7543	MV	694	371	0	0	21	350	293	57
PCT7543	ED	230	173	0	0	20	153	131	22
PCT7543	TO	924	544	0	0	41	503	424	79
PCT7544	MV	731	389	0	0	34	355	296	59
PCT7544	ED	168	207	0	0	18	189	156	33
PCT7544	TO	899	596	0	0	52	544	452	92
PCT7545	MV	723	385	0	0	28	357	293	64
PCT7545	ED	172	192	0	0	17	175	153	22
PCT7545	TO	895	577	0	0	45	532	446	86
PCT7546	MV	770	418	0	0	28	390	316	74
PCT7546	ED	183	255	0	0	23	232	174	58
PCT7546	TO	953	673	0	0	51	622	490	132
PCT7547	MV	798	427	0	0	31	396	340	56
PCT7547	ED	183	227	0	0	20	207	183	24
PCT7547	TO	981	654	0	0	51	603	523	80
PCT7548	MV	802	450	0	0	30	420	344	76
PCT7548	ED	249	259	0	0	19	240	204	36
PCT7548	TO	1051	709	0	0	49	660	548	112
PCT7549	MV	660	358	0	0	28	330	248	82
PCT7549	ED	146	170	0	0	25	145	114	31
PCT7549	TO	806	528	0	0	53	475	362	113
PCT7551	MV	587	304	0	0	18	286	228	58
PCT7551	ED	136	178	0	0	12	166	123	43
PCT7551	TO	723	482	0	0	30	452	351	101
PCT7552	MV	561	285	0	1	24	260	199	61
PCT7552	ED	124	168	0	1	23	144	109	35
PCT7552	TO	685	453	0	2	47	404	308	96
PCT7553	MV	211	95	0	0	8	87	65	22
PCT7553	ED	-20	7	0	0	1	6	6	0
PCT7553	TO	191	102	0	0	9	93	71	22
PCT7554	MV	653	381	0	0	34	347	260	87
PCT7554	ED	168	216	0	0	20	196	145	51
PCT7554	TO	821	597	0	0	54	543	405	138
PCT7555	MV	662	416	0	0	40	376	281	95
PCT7555	ED	210	244	0	0	24	220	159	61
PCT7555	TO	872	660	0	0	64	596	440	156
PCT7556	MV	812	513	0	0	27	486	360	126
PCT7556	ED	154	214	0	0	25	189	140	49
PCT7556	TO	966	727	0	0	52	675	500	175
PCT7601	MV	485	207	0	0	16	191	140	51
PCT7601	ED	192	112	0	0	12	100	85	15
PCT7601	TO	677	319	0	0	28	291	225	66
PCT7602	MV	654	276	0	0	21	255	205	50
PCT7602	ED	232	128	0	0	13	115	101	14
PCT7602	TO	886	404	0	0	34	370	306	64
PCT7603	MV	615	295	0	0	26	269	222	47
PCT7603	ED	200	174	0	0	12	162	136	26
PCT7603	TO	815	469	0	0	38	431	358	73
PCT7604	MV	685	270	0	1	19	250	203	47
PCT7604	ED	259	164	0	0	22	142	114	28
PCT7604	TO	944	434	0	1	41	392	317	75
PCT7605	MV	468	192	0	0	20	172	115	57
PCT7605	ED	193	84	0	0	9	75	50	25
PCT7605	TO	661	276	0	0	29	247	165	82
PCT7606	MV	673	267	0	0	30	237	178	59
PCT7606	ED	210	99	0	0	9	90	70	20
PCT7606	TO	883	366	0	0	39	327	248	79
PCT7607	MV	712	288	0	0	21	267	207	60
PCT7607	ED	207	127	0	0	5	122	97	25
PCT7607	TO	919	415	0	0	26	389	304	85
PCT7608	MV	279	96	0	0	8	88	48	40
PCT7608	ED	101	26	0	0	1	25	19	6
PCT7608	TO	380	122	0	0	9	113	67	46
PCT7609	MV	699	286	0	0	42	244	158	86
PCT7609	ED	185	69	0	0	10	59	42	17
PCT7609	TO	884	355	0	0	52	303	200	103
PCT7611	MV	586	235	0	0	18	217	158	59
PCT7611	ED	202	47	0	0	5	42	33	9
PCT7611	TO	788	282	0	0	23	259	191	68
PCT7612	MV	452	216	0	2	13	201	137	64
PCT7612	ED	105	47	0	0	3	44	33	11
PCT7612	TO	557	263	0	2	16	245	170	75
PCT7613	MV	634	244	0	0	21	223	167	56
PCT7613	ED	249	107	0	1	11	95	76	19
PCT7613	TO	883	351	0	1	32	318	243	75
PCT7614	MV	713	254	0	0	26	228	174	54
PCT7614	ED	203	114	0	0	10	104	85	19
PCT7614	TO	916	368	0	0	36	332	259	73
PCT7615	MV	510	165	0	0	15	150	113	37
PCT7615	ED	240	81	0	0	7	74	63	11
PCT7615	TO	750	246	0	0	22	224	176	48
PCT7616	MV	754	330	0	0	35	295	243	52
PCT7616	ED	82	144	0	1	15	128	102	26
PCT7616	TO	836	474	0	1	50	423	345	78
PCT7617	MV	583	222	0	0	30	192	131	61
PCT7617	ED	169	67	0	0	9	58	47	11
PCT7617	TO	752	289	0	0	39	250	178	72
PCT7618	MV	763	365	0	0	28	337	261	76
PCT7618	ED	151	114	0	0	12	102	76	26
PCT7618	TO	914	479	0	0	40	439	337	102
PCT7619	MV	937	439	0	0	31	408	336	72
PCT7619	ED	170	169	0	0	20	149	122	27
PCT7619	TO	1107	608	0	0	51	557	458	99
PCT7621	MV	1006	443	0	0	24	419	329	90
PCT7621	ED	149	150	0	0	19	131	103	28
PCT7621	TO	1155	593	0	0	43	550	432	118
PCT7622	MV	697	215	0	0	13	202	145	57
PCT7622	ED	263	98	0	0	11	87	73	14
PCT7622	TO	960	313	0	0	24	289	218	71
PCT7623	MV	767	256	0	1	22	233	173	60
PCT7623	ED	237	143	0	0	13	130	98	32
PCT7623	TO	1004	399	0	1	35	363	271	92
PCT7624	MV	652	209	0	0	18	191	129	62
PCT7624	ED	223	97	0	0	15	82	71	11
PCT7624	TO	875	306	0	0	33	273	200	73
PCT7625	MV	749	394	0	0	70	324	180	144
PCT7625	ED	73	39	0	0	2	37	21	16
PCT7625	TO	822	433	0	0	72	361	201	160
PCT7626	MV	944	401	0	0	42	359	246	113
PCT7626	ED	129	134	0	0	11	123	89	34
PCT7626	TO	1073	535	0	0	53	482	335	147
PCT7627	MV	457	196	0	0	18	178	113	65
PCT7627	ED	67	65	0	0	7	58	41	17
PCT7627	TO	524	261	0	0	25	236	154	82
PCT7628	MV	718	332	0	0	21	311	244	67
PCT7628	ED	220	156	0	0	10	146	111	35
PCT7628	TO	938	488	0	0	31	457	355	102
PCT7629	MV	691	276	0	0	24	252	194	58
PCT7629	ED	162	131	0	0	9	122	87	35
PCT7629	TO	853	407	0	0	33	374	281	93
PCT7631	MV	1009	441	0	0	35	406	297	109
PCT7631	ED	210	159	0	0	17	142	113	29
PCT7631	TO	1219	600	0	0	52	548	410	138
PCT7632	MV	1002	414	0	0	24	390	308	82
PCT7632	ED	169	188	0	0	18	170	133	37
PCT7632	TO	1171	602	0	0	42	560	441	119
PCT7633	MV	609	278	0	0	28	250	165	85
PCT7633	ED	126	108	0	0	11	97	79	18
PCT7633	TO	735	386	0	0	39	347	244	103
PCT7634	MV	704	344	0	0	44	300	206	94
PCT7634	ED	186	143	0	0	22	121	84	37
PCT7634	TO	890	487	0	0	66	421	290	131
PCT7635	MV	665	274	0	0	13	261	178	83
PCT7635	ED	188	83	0	0	9	74	61	13
PCT7635	TO	853	357	0	0	22	335	239	96
PCT7636	MV	798	330	0	0	28	302	231	71
PCT7636	ED	161	155	0	0	14	141	104	37
PCT7636	TO	959	485	0	0	42	443	335	108
PCT7637	MV	747	344	0	0	36	308	200	108
PCT7637	ED	121	145	0	1	20	124	80	44
PCT7637	TO	868	489	0	1	56	432	280	152
PCT7638	MV	806	372	0	0	34	338	209	129
PCT7638	ED	83	132	0	0	13	119	69	50
PCT7638	TO	889	504	0	0	47	457	278	179
PCT7639	MV	889	396	0	0	34	362	243	119
PCT7639	ED	133	154	0	0	23	131	95	36
PCT7639	TO	1022	550	0	0	57	493	338	155
PCT7641	MV	817	400	0	0	22	378	231	147
PCT7641	ED	134	141	0	0	12	129	78	51
PCT7641	TO	951	541	0	0	34	507	309	198
PCT7642	MV	647	311	0	0	17	294	175	119
PCT7642	ED	118	129	0	0	16	113	72	41
PCT7642	TO	765	440	0	0	33	407	247	160
PCT7643	MV	810	433	0	0	29	404	283	121
PCT7643	ED	131	115	0	0	18	97	65	32
PCT7643	TO	941	548	0	0	47	501	348	153
PCT7644	MV	1014	404	0	1	39	364	276	88
PCT7644	ED	162	186	0	0	18	168	136	32
PCT7644	TO	1176	590	0	1	57	532	412	120
PCT7645	MV	595	286	0	0	23	263	156	107
PCT7645	ED	61	96	0	0	14	82	49	33
PCT7645	TO	656	382	0	0	37	345	205	140
PCT7646	MV	1032	485	0	0	43	442	321	121
PCT7646	ED	121	179	0	0	33	146	113	33
PCT7646	TO	1153	664	0	0	76	588	434	154
PCT7647	MV	724	211	0	0	8	203	145	58
PCT7647	ED	263	117	0	0	11	106	85	21
PCT7647	TO	987	328	0	0	19	309	230	79
PCT7648	MV	2	1	0	0	1	0	0	0
PCT7648	TO	2	1	0	0	1	0	0	0
PCT7649	MV	723	286	0	0	15	271	186	85
PCT7649	ED	177	108	0	0	9	99	70	29
PCT7649	TO	900	394	0	0	24	370	256	114
PCT7651	MV	834	332	0	0	31	301	215	86
PCT7651	ED	113	110	0	0	9	101	69	32
PCT7651	TO	947	442	0	0	40	402	284	118
PCT7652	MV	535	208	0	0	16	192	140	52
PCT7652	ED	100	98	0	0	8	90	68	22
PCT7652	TO	635	306	0	0	24	282	208	74
PCT7653	MV	750	335	0	0	39	296	224	72
PCT7653	ED	89	95	0	0	9	86	59	27
PCT7653	TO	839	430	0	0	48	382	283	99
PCT7654	MV	413	191	0	0	14	177	131	46
PCT7654	ED	53	91	0	0	12	79	60	19
PCT7654	TO	466	282	0	0	26	256	191	65
PCT7655	MV	583	215	0	0	11	204	142	62
PCT7655	ED	96	84	0	0	17	67	52	15
PCT7655	TO	679	299	0	0	28	271	194	77
PCT7656	MV	603	308	0	0	28	280	173	107
PCT7656	ED	35	67	0	0	11	56	42	14
PCT7656	TO	638	375	0	0	39	336	215	121
PCT7657	MV	561	269	0	0	28	241	169	72
PCT7657	ED	37	89	0	0	11	78	55	23
PCT7657	TO	598	358	0	0	39	319	224	95
PCT7701	MV	868	481	0	0	47	434	313	121
PCT7701	ED	196	175	0	0	16	159	112	47
PCT7701	TO	1064	656	0	0	63	593	425	168
PCT7702	MV	623	377	0	0	22	355	211	144
PCT7702	ED	133	107	0	0	6	101	70	31
PCT7702	TO	756	484	0	0	28	456	281	175
PCT7703	MV	187	71	0	0	10	61	41	20
PCT7703	ED	-13	0	0	0	0	0	0	0
PCT7703	TO	174	71	0	0	10	61	41	20
PCT7704	MV	798	490	0	0	38	452	256	196
PCT7704	ED	204	175	0	0	11	164	92	72
PCT7704	TO	1002	665	0	0	49	616	348	268
PCT7705	MV	470	285	0	0	20	265	160	105
PCT7705	ED	125	110	0	0	10	100	51	49
PCT7705	TO	595	395	0	0	30	365	211	154
PCT7706	MV	687	447	0	0	31	416	255	161
PCT7706	ED	179	163	0	0	12	151	92	59
PCT7706	TO	866	610	0	0	43	567	347	220
PCT7707	MV	683	432	0	0	29	403	262	141
PCT7707	ED	189	179	0	0	10	169	105	64
PCT7707	TO	872	611	0	0	39	572	367	205
PCT7708	MV	710	462	0	0	34	428	273	155
PCT7708	ED	165	154	0	0	12	142	93	49
PCT7708	TO	875	616	0	0	46	570	366	204
PCT7709	MV	324	194	0	0	12	182	120	62
PCT7709	ED	82	90	0	0	4	86	68	18
PCT7709	TO	406	284	0	0	16	268	188	80
PCT7711	MV	658	379	0	0	22	357	246	111
PCT7711	ED	153	126	0	0	5	121	90	31
PCT7711	TO	811	505	0	0	27	478	336	142
PCT7712	MV	425	258	0	0	14	244	186	58
PCT7712	ED	107	109	0	0	7	102	72	30
PCT7712	TO	532	367	0	0	21	346	258	88
PCT7801	MV	823	479	0	0	24	455	328	127
PCT7801	ED	151	196	0	0	13	183	128	55
PCT7801	TO	974	675	0	0	37	638	456	182
PCT7802	MV	646	402	0	0	28	374	266	108
PCT7802	ED	152	160	0	1	11	148	120	28
PCT7802	TO	798	562	0	1	39	522	386	136
PCT7803	MV	718	476	0	0	27	449	345	104
PCT7803	ED	113	129	0	0	9	120	91	29
PCT7803	TO	831	605	0	0	36	569	436	133
PCT7804	MV	734	463	0	0	40	423	338	85
PCT7804	ED	151	182	0	0	21	161	121	40
PCT7804	TO	885	645	0	0	61	584	459	125
PCT7805	MV	644	400	0	0	35	365	301	64
PCT7805	ED	156	157	0	0	11	146	129	17
PCT7805	TO	800	557	0	0	46	511	430	81
PCT7806	MV	602	361	0	1	29	331	263	68
PCT7806	ED	153	154	0	0	10	144	127	17
PCT7806	TO	755	515	0	1	39	475	390	85
PCT7807	MV	642	363	0	0	21	342	295	47
PCT7807	ED	185	176	0	0	12	164	149	15
PCT7807	TO	827	539	0	0	33	506	444	62
PCT7808	MV	525	296	0	0	26	270	229	41
PCT7808	ED	129	132	0	0	14	118	101	17
PCT7808	TO	654	428	0	0	40	388	330	58
PCT7809	MV	624	351	0	0	26	325	286	39
PCT7809	ED	140	137	0	0	8	129	112	17
PCT7809	TO	764	488	0	0	34	454	398	56
PCT7811	MV	582	311	0	0	22	289	240	49
PCT7811	ED	176	157	0	0	5	152	125	27
PCT7811	TO	758	468	0	0	27	441	365	76
PCT7812	MV	680	369	0	0	28	341	292	49
PCT7812	ED	217	168	0	0	11	157	125	32
PCT7812	TO	897	537	0	0	39	498	417	81
PCT7813	MV	843	483	0	0	21	462	387	75
PCT7813	ED	225	217	0	1	17	199	171	28
PCT7813	TO	1068	700	0	1	38	661	558	103
PCT7814	MV	660	281	0	0	17	264	212	52
PCT7814	ED	241	120	0	0	10	110	87	23
PCT7814	TO	901	401	0	0	27	374	299	75
PCT7815	MV	749	465	0	0	42	423	328	95
PCT7815	ED	168	181	0	0	8	173	142	31
PCT7815	TO	917	646	0	0	50	596	470	126
PCT7816	MV	724	472	0	0	35	437	364	73
PCT7816	ED	148	151	0	0	9	142	110	32
PCT7816	TO	872	623	0	0	44	579	474	105
PCT7817	MV	652	396	0	0	11	385	337	48
PCT7817	ED	186	185	0	0	9	176	153	23
PCT7817	TO	838	581	0	0	20	561	490	71
PCT7818	MV	668	393	0	0	21	372	314	58
PCT7818	ED	171	150	0	0	8	142	120	22
PCT7818	TO	839	543	0	0	29	514	434	80
PCT7819	MV	635	352	0	0	27	325	259	66
PCT7819	ED	139	91	0	0	9	82	70	12
PCT7819	TO	774	443	0	0	36	407	329	78
PCT7821	MV	806	519	0	0	18	501	409	92
PCT7821	ED	170	190	0	0	10	180	141	39
PCT7821	TO	976	709	0	0	28	681	550	131
PCT7822	MV	673	395	0	0	22	373	323	50
PCT7822	ED	219	224	0	0	21	203	161	42
PCT7822	TO	892	619	0	0	43	576	484	92
PCT7823	MV	706	410	0	0	25	385	322	63
PCT7823	ED	177	189	0	0	5	184	162	22
PCT7823	TO	883	599	0	0	30	569	484	85
PCT7824	MV	615	335	0	0	25	310	251	59
PCT7824	ED	153	158	0	0	16	142	115	27
PCT7824	TO	768	493	0	0	41	452	366	86
PCT7825	MV	457	252	0	0	15	237	207	30
PCT7825	ED	151	132	0	0	7	125	106	19
PCT7825	TO	608	384	0	0	22	362	313	49
PCT7826	MV	486	263	0	0	13	250	210	40
PCT7826	ED	204	163	0	0	11	152	132	20
PCT7826	TO	690	426	0	0	24	402	342	60
PCT7827	MV	607	318	0	0	24	294	233	61
PCT7827	ED	219	147	0	0	11	136	119	17
PCT7827	TO	826	465	0	0	35	430	352	78
PCT7828	MV	857	478	0	0	34	444	334	110
PCT7828	ED	171	183	0	1	23	159	119	40
PCT7828	TO	1028	661	0	1	57	603	453	150
PCT7829	MV	742	466	0	0	33	433	333	100
PCT7829	ED	149	151	0	1	6	144	114	30
PCT7829	TO	891	617	0	1	39	577	447	130
PCT7831	MV	763	485	0	0	37	448	345	103
PCT7831	ED	139	139	0	0	7	132	105	27
PCT7831	TO	902	624	0	0	44	580	450	130
PCT7832	MV	663	413	0	1	26	386	306	80
PCT7832	ED	118	128	0	0	8	120	90	30
PCT7832	TO	781	541	0	1	34	506	396	110
PCT7833	MV	587	343	0	0	21	322	269	53
PCT7833	ED	146	146	0	0	16	130	110	20
PCT7833	TO	733	489	0	0	37	452	379	73
PCT7834	MV	700	375	0	0	36	339	284	55
PCT7834	ED	194	179	0	0	14	165	131	34
PCT7834	TO	894	554	0	0	50	504	415	89
PCT7835	MV	721	428	0	1	24	403	304	99
PCT7835	ED	142	148	0	0	15	133	98	35
PCT7835	TO	863	576	0	1	39	536	402	134
PCT7836	MV	850	505	0	0	35	470	364	106
PCT7836	ED	193	171	0	1	7	163	127	36
PCT7836	TO	1043	676	0	1	42	633	491	142
PCT7837	MV	718	424	0	0	37	387	283	104
PCT7837	ED	205	202	0	0	17	185	138	47
PCT7837	TO	923	626	0	0	54	572	421	151
PCT7838	MV	752	493	0	0	32	461	336	125
PCT7838	ED	143	158	0	0	12	146	118	28
PCT7838	TO	895	651	0	0	44	607	454	153
PCT7839	MV	731	456	0	1	38	417	315	102
PCT7839	ED	130	140	0	0	8	132	100	32
PCT7839	TO	861	596	0	1	46	549	415	134
PCT7841	MV	752	458	0	0	35	423	323	100
PCT7841	ED	198	207	0	0	15	192	141	51
PCT7841	TO	950	665	0	0	50	615	464	151
PCT7842	MV	702	394	0	0	30	364	295	69
PCT7842	ED	177	155	0	1	7	147	114	33
PCT7842	TO	879	549	0	1	37	511	409	102
PCT7843	MV	546	295	0	0	17	278	220	58
PCT7843	ED	183	165	0	0	12	153	129	24
PCT7843	TO	729	460	0	0	29	431	349	82
PCT7844	MV	499	281	0	1	24	256	218	38
PCT7844	ED	152	137	0	0	13	124	100	24
PCT7844	TO	651	418	0	1	37	380	318	62
PCT7845	MV	676	405	0	0	27	378	284	94
PCT7845	ED	204	178	0	0	14	164	124	40
PCT7845	TO	880	583	0	0	41	542	408	134
PCT7846	MV	736	464	0	0	47	417	302	115
PCT7846	ED	172	171	0	0	18	153	112	41
PCT7846	TO	908	635	0	0	65	570	414	156
PCT7847	MV	698	429	0	0	34	395	310	85
PCT7847	ED	193	183	0	0	9	174	135	39
PCT7847	TO	891	612	0	0	43	569	445	124
PCT7848	MV	665	437	0	0	23	414	294	120
PCT7848	ED	182	169	0	0	20	149	111	38
PCT7848	TO	847	606	0	0	43	563	405	158
PCT7849	MV	729	443	0	0	36	407	308	99
PCT7849	ED	172	188	0	0	17	171	139	32
PCT7849	TO	901	631	0	0	53	578	447	131
PCT7851	MV	414	272	0	0	24	248	146	102
PCT7851	ED	112	85	0	0	8	77	41	36
PCT7851	TO	526	357	0	0	32	325	187	138
PCT7852	MV	533	350	0	0	30	320	220	100
PCT7852	ED	111	103	0	0	8	95	62	33
PCT7852	TO	644	453	0	0	38	415	282	133
PCT7853	MV	694	394	0	0	33	361	249	112
PCT7853	ED	161	139	0	0	9	130	86	44
PCT7853	TO	855	533	0	0	42	491	335	156
PCT7854	MV	703	430	0	0	42	388	292	96
PCT7854	ED	175	173	0	0	11	162	127	35
PCT7854	TO	878	603	0	0	53	550	419	131
PCT7855	MV	763	451	0	0	36	415	301	114
PCT7855	ED	211	204	0	0	19	185	144	41
PCT7855	TO	974	655	0	0	55	600	445	155
PCT7856	MV	643	376	0	0	25	351	261	90
PCT7856	ED	204	193	0	0	14	179	143	36
PCT7856	TO	847	569	0	0	39	530	404	126
PCT7857	MV	748	437	0	0	37	400	299	101
PCT7857	ED	158	156	0	1	12	143	105	38
PCT7857	TO	906	593	0	1	49	543	404	139
PCT7858	MV	622	349	0	0	26	323	269	54
PCT7858	ED	157	151	0	0	10	141	114	27
PCT7858	TO	779	500	0	0	36	464	383	81
PCT7859	MV	747	464	0	0	35	429	317	112
PCT7859	ED	152	167	0	0	18	149	110	39
PCT7859	TO	899	631	0	0	53	578	427	151
PCT7861	MV	699	432	0	0	25	407	303	104
PCT7861	ED	164	171	0	0	11	160	124	36
PCT7861	TO	863	603	0	0	36	567	427	140
PCT7862	MV	669	401	0	0	28	373	291	82
PCT7862	ED	195	198	0	0	10	188	140	48
PCT7862	TO	864	599	0	0	38	561	431	130
PCT7863	MV	693	373	0	0	30	343	266	77
PCT7863	ED	208	208	0	0	7	201	160	41
PCT7863	TO	901	581	0	0	37	544	426	118
PCT7864	MV	661	374	0	0	34	340	248	92
PCT7864	ED	153	157	0	0	13	144	106	38
PCT7864	TO	814	531	0	0	47	484	354	130
PCT7865	MV	677	408	0	0	41	367	278	89
PCT7865	ED	163	160	0	0	9	151	121	30
PCT7865	TO	840	568	0	0	50	518	399	119
PCT7866	MV	690	446	0	0	31	415	258	157
PCT7866	ED	158	143	0	0	9	134	89	45
PCT7866	TO	848	589	0	0	40	549	347	202
PCT7867	MV	766	470	0	0	27	443	327	116
PCT7867	ED	212	184	0	0	17	167	122	45
PCT7867	TO	978	654	0	0	44	610	449	161
PCT7868	MV	659	376	0	0	24	352	247	105
PCT7868	ED	217	162	0	0	12	150	106	44
PCT7868	TO	876	538	0	0	36	502	353	149
PCT7869	MV	683	441	0	0	21	420	305	115
PCT7869	ED	178	191	0	0	17	174	133	41
PCT7869	TO	861	632	0	0	38	594	438	156
PCT7871	MV	702	464	0	0	33	431	330	101
PCT7871	ED	200	157	0	0	10	147	97	50
PCT7871	TO	902	621	0	0	43	578	427	151
PCT7872	MV	675	420	0	0	28	392	281	111
PCT7872	ED	199	186	0	0	11	175	125	50
PCT7872	TO	874	606	0	0	39	567	406	161
PCT7873	MV	689	444	0	0	29	415	303	112
PCT7873	ED	202	214	0	0	19	195	148	47
PCT7873	TO	891	658	0	0	48	610	451	159
PCT7874	MV	370	191	0	0	9	182	137	45
PCT7874	ED	119	108	0	0	8	100	77	23
PCT7874	TO	489	299	0	0	17	282	214	68
PCT7875	MV	500	253	0	0	19	234	159	75
PCT7875	ED	147	115	0	0	6	109	83	26
PCT7875	TO	647	368	0	0	25	343	242	101
PCT7876	MV	462	257	0	0	23	234	203	31
PCT7876	ED	106	93	0	0	16	77	63	14
PCT7876	TO	568	350	0	0	39	311	266	45
PCT7901	MV	399	191	0	0	11	180	153	27
PCT7901	ED	150	67	0	0	3	64	57	7
PCT7901	TO	549	258	0	0	14	244	210	34
PCT7902	MV	680	290	0	0	13	277	215	62
PCT7902	ED	232	145	0	0	7	138	116	22
PCT7902	TO	912	435	0	0	20	415	331	84
PCT7903	MV	623	286	0	0	18	268	218	50
PCT7903	ED	229	125	0	0	10	115	96	19
PCT7903	TO	852	411	0	0	28	383	314	69
PCT7904	MV	680	299	0	0	21	278	215	63
PCT7904	ED	157	122	0	0	9	113	96	17
PCT7904	TO	837	421	0	0	30	391	311	80
PCT7905	MV	684	356	0	1	23	332	272	60
PCT7905	ED	191	183	0	0	8	175	141	34
PCT7905	TO	875	539	0	1	31	507	413	94
PCT7906	MV	599	283	0	0	17	266	229	37
PCT7906	ED	187	118	0	0	14	104	93	11
PCT7906	TO	786	401	0	0	31	370	322	48
PCT7907	MV	704	344	0	0	16	328	278	50
PCT7907	ED	238	165	0	0	14	151	129	22
PCT7907	TO	942	509	0	0	30	479	407	72
PCT7908	MV	752	366	0	0	21	345	264	81
PCT7908	ED	240	172	0	0	14	158	131	27
PCT7908	TO	992	538	0	0	35	503	395	108
PCT7909	MV	558	311	0	0	22	289	252	37
PCT7909	ED	185	141	0	1	7	133	107	26
PCT7909	TO	743	452	0	1	29	422	359	63
PCT7911	MV	666	322	0	0	20	302	231	71
PCT7911	ED	205	129	0	0	10	119	97	22
PCT7911	TO	871	451	0	0	30	421	328	93
PCT7912	MV	800	370	0	0	19	351	299	52
PCT7912	ED	259	182	0	0	23	159	126	33
PCT7912	TO	1059	552	0	0	42	510	425	85
PCT7913	MV	660	350	0	0	11	339	272	67
PCT7913	ED	263	216	0	0	8	208	166	42
PCT7913	TO	923	566	0	0	19	547	438	109
PCT7914	MV	715	390	0	1	29	360	288	72
PCT7914	ED	187	142	0	0	14	128	102	26
PCT7914	TO	902	532	0	1	43	488	390	98
PCT7915	MV	605	290	0	0	20	270	216	54
PCT7915	ED	238	183	0	1	6	176	138	38
PCT7915	TO	843	473	0	1	26	446	354	92
PCT7916	MV	639	335	0	0	18	317	263	54
PCT7916	ED	219	162	0	0	10	152	138	14
PCT7916	TO	858	497	0	0	28	469	401	68
PCT7917	MV	716	357	0	0	20	337	280	57
PCT7917	ED	271	187	0	0	5	182	154	28
PCT7917	TO	987	544	0	0	25	519	434	85
PCT7918	MV	597	297	0	1	21	275	234	41
PCT7918	ED	227	145	0	0	6	139	111	28
PCT7918	TO	824	442	0	1	27	414	345	69
PCT7919	MV	608	309	0	0	19	290	235	55
PCT7919	ED	258	177	0	0	10	167	143	24
PCT7919	TO	866	486	0	0	29	457	378	79
PCT7921	MV	682	310	0	0	17	293	229	64
PCT7921	ED	229	103	0	0	4	99	80	19
PCT7921	TO	911	413	0	0	21	392	309	83
PCT7922	MV	648	314	0	0	20	294	231	63
PCT7922	ED	210	157	0	0	9	148	121	27
PCT7922	TO	858	471	0	0	29	442	352	90
PCT7923	MV	666	337	0	1	20	316	243	73
PCT7923	ED	214	172	0	0	9	163	136	27
PCT7923	TO	880	509	0	1	29	479	379	100
PCT7924	MV	649	303	0	0	15	288	225	63
PCT7924	ED	202	126	0	0	5	121	95	26
PCT7924	TO	851	429	0	0	20	409	320	89
PCT7925	MV	434	225	0	0	18	207	166	41
PCT7925	ED	110	89	0	0	4	85	67	18
PCT7925	TO	544	314	0	0	22	292	233	59
PCT7926	MV	610	337	0	0	22	315	236	79
PCT7926	ED	178	150	0	0	12	138	106	32
PCT7926	TO	788	487	0	0	34	453	342	111
PCT7927	MV	580	335	0	0	28	307	253	54
PCT7927	ED	162	154	0	0	6	148	119	29
PCT7927	TO	742	489	0	0	34	455	372	83
PCT7928	MV	700	395	0	0	23	372	304	68
PCT7928	ED	217	208	0	0	4	204	167	37
PCT7928	TO	917	603	0	0	27	576	471	105
PCT7929	MV	678	424	0	0	21	403	302	101
PCT7929	ED	169	172	0	0	13	159	115	44
PCT7929	TO	847	596	0	0	34	562	417	145
PCT7931	MV	610	378	0	0	32	346	279	67
PCT7931	ED	141	150	0	0	12	138	109	29
PCT7931	TO	751	528	0	0	44	484	388	96
PCT7932	MV	443	277	0	0	19	258	176	82
PCT7932	ED	118	96	0	0	10	86	61	25
PCT7932	TO	561	373	0	0	29	344	237	107
PCT7933	MV	9	6	0	0	0	6	3	3
PCT7933	ED	-1	0	0	0	0	0	0	0
PCT7933	TO	8	6	0	0	0	6	3	3
PCT7934	MV	702	409	0	0	33	376	298	78
PCT7934	ED	182	156	0	0	18	138	117	21
PCT7934	TO	884	565	0	0	51	514	415	99
PCT7935	MV	716	436	0	0	32	404	326	78
PCT7935	ED	227	227	0	1	19	207	178	29
PCT7935	TO	943	663	0	1	51	611	504	107
PCT7936	MV	620	370	0	0	29	341	274	67
PCT7936	ED	236	221	0	0	7	214	171	43
PCT7936	TO	856	591	0	0	36	555	445	110
PCT7937	MV	698	406	0	0	31	375	292	83
PCT7937	ED	202	172	0	0	8	164	141	23
PCT7937	TO	900	578	0	0	39	539	433	106
PCT7938	MV	536	301	0	0	20	281	217	64
PCT7938	ED	215	121	0	0	5	116	94	22
PCT7938	TO	751	422	0	0	25	397	311	86
PCT7939	MV	481	289	0	0	21	268	218	50
PCT7939	ED	205	191	0	0	12	179	143	36
PCT7939	TO	686	480	0	0	33	447	361	86
PCT7941	MV	576	304	0	0	22	282	223	59
PCT7941	ED	196	173	0	0	14	159	121	38
PCT7941	TO	772	477	0	0	36	441	344	97
PCT7942	MV	658	333	0	0	24	309	229	80
PCT7942	ED	274	141	0	0	8	133	99	34
PCT7942	TO	932	474	0	0	32	442	328	114
PCT7943	MV	687	368	0	0	20	348	244	104
PCT7943	ED	213	158	0	0	14	144	100	44
PCT7943	TO	900	526	0	0	34	492	344	148
PCT7944	MV	584	342	0	0	32	310	238	72
PCT7944	ED	230	197	0	0	11	186	142	44
PCT7944	TO	814	539	0	0	43	496	380	116
PCT7945	MV	726	338	0	0	24	314	229	85
PCT7945	ED	228	85	0	0	10	75	55	20
PCT7945	TO	954	423	0	0	34	389	284	105
PCT7946	MV	779	366	0	0	17	349	202	147
PCT7946	ED	206	115	0	0	10	105	78	27
PCT7946	TO	985	481	0	0	27	454	280	174
PCT7947	MV	792	332	0	0	26	306	172	134
PCT7947	ED	194	95	0	0	6	89	56	33
PCT7947	TO	986	427	0	0	32	395	228	167
PCT7948	MV	730	373	0	0	27	346	207	139
PCT7948	ED	200	119	0	0	5	114	71	43
PCT7948	TO	930	492	0	0	32	460	278	182
PCT7949	MV	484	233	0	0	15	218	104	114
PCT7949	ED	106	57	0	0	7	50	31	19
PCT7949	TO	590	290	0	0	22	268	135	133
PCT7951	MV	731	366	0	0	27	339	188	151
PCT7951	ED	156	90	0	0	6	84	54	30
PCT7951	TO	887	456	0	0	33	423	242	181
PCT7952	MV	730	292	0	0	23	269	141	128
PCT7952	ED	182	86	0	0	9	77	47	30
PCT7952	TO	912	378	0	0	32	346	188	158
PCT7953	MV	669	331	0	0	21	310	154	156
PCT7953	ED	161	106	0	0	4	102	60	42
PCT7953	TO	830	437	0	0	25	412	214	198
PCT7955	MV	774	350	0	0	27	323	187	136
PCT7955	ED	173	101	0	0	12	89	52	37
PCT7955	TO	947	451	0	0	39	412	239	173
PCT7956	MV	699	267	0	0	14	253	136	117
PCT7956	ED	170	42	0	0	2	40	26	14
PCT7956	TO	869	309	0	0	16	293	162	131
PCT7957	MV	538	261	0	0	18	243	164	79
PCT7957	ED	135	85	0	0	10	75	54	21
PCT7957	TO	673	346	0	0	28	318	218	100
PCT7958	MV	320	104	0	0	6	98	57	41
PCT7958	ED	-23	0	0	0	0	0	0	0
PCT7958	TO	297	104	0	0	6	98	57	41
PCT7959	MV	541	230	0	0	22	208	167	41
PCT7959	ED	145	68	0	0	7	61	56	5
PCT7959	TO	686	298	0	0	29	269	223	46
PCT9001	MV	314	100	0	0	6	94	67	27
PCT9001	ED	-30	0	0	0	0	0	0	0
PCT9001	TO	284	100	0	0	6	94	67	27
PCT9101	MV	712	378	0	0	23	355	231	124
PCT9101	ED	201	195	0	0	22	173	114	59
PCT9101	TO	913	573	0	0	45	528	345	183
PCT9102	MV	788	393	0	0	28	365	251	114
PCT9102	ED	204	175	0	0	14	161	120	41
PCT9102	TO	992	568	0	0	42	526	371	155
PCT9103	MV	719	381	0	0	36	345	227	118
PCT9103	ED	238	194	0	0	18	176	120	56
PCT9103	TO	957	575	0	0	54	521	347	174
PCT9104	MV	810	382	0	0	27	355	244	111
PCT9104	ED	220	181	0	0	17	164	124	40
PCT9104	TO	1030	563	0	0	44	519	368	151
PCT9105	MV	719	413	0	0	23	390	249	141
PCT9105	ED	199	223	0	0	24	199	137	62
PCT9105	TO	918	636	0	0	47	589	386	203
PCT9106	MV	748	397	0	0	30	367	257	110
PCT9106	ED	198	225	0	0	26	199	134	65
PCT9106	TO	946	622	0	0	56	566	391	175
PCT9107	MV	636	305	0	1	27	277	200	77
PCT9107	ED	208	166	0	0	18	148	112	36
PCT9107	TO	844	471	0	1	45	425	312	113
PCT9108	MV	610	337	0	0	35	302	221	81
PCT9108	ED	200	143	0	0	10	133	98	35
PCT9108	TO	810	480	0	0	45	435	319	116
PCT9109	MV	672	300	0	0	28	272	195	77
PCT9109	ED	211	199	0	0	12	187	136	51
PCT9109	TO	883	499	0	0	40	459	331	128
PCT9111	MV	639	317	0	0	28	289	220	69
PCT9111	ED	195	170	0	0	21	149	112	37
PCT9111	TO	834	487	0	0	49	438	332	106
PCT9112	MV	742	351	0	0	22	329	237	92
PCT9112	ED	219	207	0	0	13	194	141	53
PCT9112	TO	961	558	0	0	35	523	378	145
PCT9113	MV	796	371	0	1	29	341	245	96
PCT9113	ED	208	245	0	0	25	220	148	72
PCT9113	TO	1004	616	0	1	54	561	393	168
PCT9114	MV	659	291	0	0	18	273	193	80
PCT9114	ED	231	184	0	0	17	167	144	23
PCT9114	TO	890	475	0	0	35	440	337	103
PCT9115	MV	699	322	0	0	25	297	214	83
PCT9115	ED	182	180	0	0	21	159	122	37
PCT9115	TO	881	502	0	0	46	456	336	120
PCT9116	MV	782	346	0	0	24	322	239	83
PCT9116	ED	179	181	0	0	16	165	128	37
PCT9116	TO	961	527	0	0	40	487	367	120
PCT9117	MV	629	328	0	0	21	307	189	118
PCT9117	ED	171	195	0	0	9	186	124	62
PCT9117	TO	800	523	0	0	30	493	313	180
PCT9118	MV	742	340	0	0	25	315	200	115
PCT9118	ED	242	228	0	0	25	203	152	51
PCT9118	TO	984	568	0	0	50	518	352	166
PCT9119	MV	703	387	0	0	26	361	209	152
PCT9119	ED	197	160	0	0	18	142	102	40
PCT9119	TO	900	547	0	0	44	503	311	192
PCT9121	MV	735	335	0	0	18	317	192	125
PCT9121	ED	218	185	0	0	12	173	114	59
PCT9121	TO	953	520	0	0	30	490	306	184
PCT9122	MV	775	364	0	0	27	337	200	137
PCT9122	ED	192	161	0	0	22	139	95	44
PCT9122	TO	967	525	0	0	49	476	295	181
PCT9123	MV	661	319	0	0	21	298	197	101
PCT9123	ED	191	190	0	0	19	171	124	47
PCT9123	TO	852	509	0	0	40	469	321	148
PCT9124	MV	736	351	0	0	18	333	214	119
PCT9124	ED	167	161	0	0	8	153	111	42
PCT9124	TO	903	512	0	0	26	486	325	161
PCT9125	MV	681	358	0	0	21	337	227	110
PCT9125	ED	188	154	0	0	13	141	95	46
PCT9125	TO	869	512	0	0	34	478	322	156
PCT9126	MV	819	385	0	0	31	354	214	140
PCT9126	ED	194	200	0	0	15	185	127	58
PCT9126	TO	1013	585	0	0	46	539	341	198
PCT9127	MV	748	382	0	0	41	341	231	110
PCT9127	ED	223	221	0	0	15	206	151	55
PCT9127	TO	971	603	0	0	56	547	382	165
PCT9128	MV	628	333	0	0	21	312	203	109
PCT9128	ED	190	196	0	0	17	179	117	62
PCT9128	TO	818	529	0	0	38	491	320	171
PCT9129	MV	587	272	0	0	15	257	198	59
PCT9129	ED	151	154	0	0	5	149	109	40
PCT9129	TO	738	426	0	0	20	406	307	99
PCT9131	MV	596	285	0	0	16	269	189	80
PCT9131	ED	138	154	0	0	13	141	108	33
PCT9131	TO	734	439	0	0	29	410	297	113
PCT9132	MV	627	262	0	0	22	240	185	55
PCT9132	ED	194	172	0	0	20	152	122	30
PCT9132	TO	821	434	0	0	42	392	307	85
PCT9133	MV	808	382	0	0	33	349	231	118
PCT9133	ED	209	214	0	0	14	200	151	49
PCT9133	TO	1017	596	0	0	47	549	382	167
PCT9134	MV	736	327	0	0	19	308	196	112
PCT9134	ED	155	106	0	0	7	99	74	25
PCT9134	TO	891	433	0	0	26	407	270	137
PCT9135	MV	640	305	0	0	21	284	183	101
PCT9135	ED	182	159	0	0	10	149	104	45
PCT9135	TO	822	464	0	0	31	433	287	146
PCT9136	MV	706	368	0	0	34	334	229	105
PCT9136	ED	212	165	0	0	17	148	109	39
PCT9136	TO	918	533	0	0	51	482	338	144
PCT9137	MV	806	389	0	0	35	354	229	125
PCT9137	ED	209	176	0	0	14	162	120	42
PCT9137	TO	1015	565	0	0	49	516	349	167
PCT9138	MV	770	398	0	0	28	370	229	141
PCT9138	ED	175	150	0	0	13	137	98	39
PCT9138	TO	945	548	0	0	41	507	327	180
PCT9139	MV	828	423	0	0	30	393	234	159
PCT9139	ED	190	178	0	0	15	163	100	63
PCT9139	TO	1018	601	0	0	45	556	334	222
PCT9141	MV	789	418	0	0	37	381	247	134
PCT9141	ED	184	173	0	0	16	157	104	53
PCT9141	TO	973	591	0	0	53	538	351	187
PCT9142	MV	747	364	0	0	22	342	240	102
PCT9142	ED	239	210	0	0	19	191	147	44
PCT9142	TO	986	574	0	0	41	533	387	146
PCT9143	MV	705	360	0	0	21	339	193	146
PCT9143	ED	209	172	0	0	11	161	114	47
PCT9143	TO	914	532	0	0	32	500	307	193
PCT9144	MV	767	376	0	0	22	354	219	135
PCT9144	ED	203	215	0	0	18	197	147	50
PCT9144	TO	970	591	0	0	40	551	366	185
PCT9145	MV	681	334	0	0	19	315	228	87
PCT9145	ED	194	178	0	0	13	165	127	38
PCT9145	TO	875	512	0	0	32	480	355	125
PCT9146	MV	725	353	0	0	27	326	264	62
PCT9146	ED	160	194	0	0	21	173	126	47
PCT9146	TO	885	547	0	0	48	499	390	109
PCT9147	MV	765	373	0	0	30	343	258	85
PCT9147	ED	225	211	0	0	17	194	147	47
PCT9147	TO	990	584	0	0	47	537	405	132
PCT9148	MV	779	397	0	0	25	372	273	99
PCT9148	ED	235	230	0	0	24	206	149	57
PCT9148	TO	1014	627	0	0	49	578	422	156
PCT9149	MV	813	385	0	0	23	362	262	100
PCT9149	ED	178	252	0	0	17	235	177	58
PCT9149	TO	991	637	0	0	40	597	439	158
PCT9151	MV	693	351	0	0	32	319	238	81
PCT9151	ED	168	116	0	0	7	109	77	32
PCT9151	TO	861	467	0	0	39	428	315	113
PCT9152	MV	550	196	0	0	14	182	135	47
PCT9152	ED	187	143	0	1	14	128	101	27
PCT9152	TO	737	339	0	1	28	310	236	74
PCT9201	MV	785	358	0	0	26	332	272	60
PCT9201	ED	186	228	0	0	20	208	171	37
PCT9201	TO	971	586	0	0	46	540	443	97
PCT9202	MV	819	368	0	0	42	326	236	90
PCT9202	ED	177	228	0	0	20	208	157	51
PCT9202	TO	996	596	0	0	62	534	393	141
PCT9203	MV	847	373	0	0	58	315	166	149
PCT9203	ED	155	191	0	0	26	165	97	68
PCT9203	TO	1002	564	0	0	84	480	263	217
PCT9204	MV	686	309	0	0	34	275	161	114
PCT9204	ED	176	198	0	0	25	173	106	67
PCT9204	TO	862	507	0	0	59	448	267	181
PCT9205	MV	621	288	0	0	41	247	159	88
PCT9205	ED	115	154	0	0	26	128	81	47
PCT9205	TO	736	442	0	0	67	375	240	135
PCT9206	MV	741	351	0	2	36	313	167	146
PCT9206	ED	188	194	0	0	38	156	96	60
PCT9206	TO	929	545	0	2	74	469	263	206
PCT9207	MV	824	370	0	0	28	342	196	146
PCT9207	ED	165	194	0	0	23	171	107	64
PCT9207	TO	989	564	0	0	51	513	303	210
PCT9208	MV	808	357	0	0	36	321	220	101
PCT9208	ED	179	179	0	0	22	157	103	54
PCT9208	TO	987	536	0	0	58	478	323	155
PCT9209	MV	615	276	0	0	26	250	146	104
PCT9209	ED	156	172	0	0	28	144	93	51
PCT9209	TO	771	448	0	0	54	394	239	155
PCT9211	MV	730	314	0	1	32	281	178	103
PCT9211	ED	161	155	0	0	17	138	95	43
PCT9211	TO	891	469	0	1	49	419	273	146
PCT9212	MV	671	284	0	1	27	256	169	87
PCT9212	ED	137	175	0	0	35	140	99	41
PCT9212	TO	808	459	0	1	62	396	268	128
PCT9213	MV	776	350	0	1	37	312	218	94
PCT9213	ED	161	200	0	0	25	175	115	60
PCT9213	TO	937	550	0	1	62	487	333	154
PCT9214	MV	517	236	0	0	16	220	127	93
PCT9214	ED	110	136	0	0	23	113	62	51
PCT9214	TO	627	372	0	0	39	333	189	144
PCT9215	MV	524	246	0	0	16	230	147	83
PCT9215	ED	120	131	0	0	15	116	67	49
PCT9215	TO	644	377	0	0	31	346	214	132
PCT9216	MV	669	264	0	0	33	231	161	70
PCT9216	ED	155	173	0	0	17	156	117	39
PCT9216	TO	824	437	0	0	50	387	278	109
PCT9217	MV	588	268	0	0	15	253	157	96
PCT9217	ED	117	134	0	0	9	125	86	39
PCT9217	TO	705	402	0	0	24	378	243	135
PCT9218	MV	652	278	0	0	30	248	176	72
PCT9218	ED	164	160	0	0	10	150	113	37
PCT9218	TO	816	438	0	0	40	398	289	109
PCT9219	MV	646	288	0	0	28	260	187	73
PCT9219	ED	144	172	0	0	22	150	102	48
PCT9219	TO	790	460	0	0	50	410	289	121
PCT9221	MV	562	322	0	0	19	303	134	169
PCT9221	ED	89	140	0	0	19	121	65	56
PCT9221	TO	651	462	0	0	38	424	199	225
PCT9222	MV	773	373	0	0	33	340	214	126
PCT9222	ED	137	176	0	0	21	155	102	53
PCT9222	TO	910	549	0	0	54	495	316	179
PCT9223	MV	558	266	0	1	16	249	151	98
PCT9223	ED	109	115	0	0	14	101	69	32
PCT9223	TO	667	381	0	1	30	350	220	130
PCT9224	MV	768	380	0	0	28	352	217	135
PCT9224	ED	181	168	0	0	23	145	92	53
PCT9224	TO	949	548	0	0	51	497	309	188
PCT9225	MV	757	303	0	0	31	272	205	67
PCT9225	ED	169	219	0	1	26	192	140	52
PCT9225	TO	926	522	0	1	57	464	345	119
PCT9226	MV	741	355	0	0	40	315	201	114
PCT9226	ED	155	179	0	0	19	160	113	47
PCT9226	TO	896	534	0	0	59	475	314	161
PCT9227	MV	605	372	0	0	35	337	171	166
PCT9227	ED	124	149	0	0	10	139	87	52
PCT9227	TO	729	521	0	0	45	476	258	218
PCT9228	MV	578	314	0	0	25	289	143	146
PCT9228	ED	160	180	0	0	21	159	93	66
PCT9228	TO	738	494	0	0	46	448	236	212
PCT9229	MV	460	257	0	0	25	232	137	95
PCT9229	ED	119	122	0	0	14	108	59	49
PCT9229	TO	579	379	0	0	39	340	196	144
PCT9231	MV	726	352	0	0	25	327	218	109
PCT9231	ED	236	264	0	0	26	238	155	83
PCT9231	TO	962	616	0	0	51	565	373	192
PCT9232	MV	608	293	0	0	23	270	159	111
PCT9232	ED	126	157	0	0	11	146	93	53
PCT9232	TO	734	450	0	0	34	416	252	164
PCT9233	MV	668	332	0	0	34	298	146	152
PCT9233	ED	150	188	0	0	29	159	92	67
PCT9233	TO	818	520	0	0	63	457	238	219
PCT9234	MV	643	319	0	0	20	299	179	120
PCT9234	ED	91	145	0	0	21	124	74	50
PCT9234	TO	734	464	0	0	41	423	253	170
PCT9235	MV	703	365	0	1	35	329	161	168
PCT9235	ED	160	195	0	0	26	169	93	76
PCT9235	TO	863	560	0	1	61	498	254	244
PCT9236	MV	537	283	0	0	26	257	167	90
PCT9236	ED	136	137	0	0	21	116	71	45
PCT9236	TO	673	420	0	0	47	373	238	135
PCT9237	MV	779	395	0	0	37	358	223	135
PCT9237	ED	118	183	0	0	20	163	96	67
PCT9237	TO	897	578	0	0	57	521	319	202
PCT9238	MV	687	330	0	0	36	294	171	123
PCT9238	ED	118	174	0	0	20	154	97	57
PCT9238	TO	805	504	0	0	56	448	268	180
PCT9239	MV	740	391	0	1	51	339	209	130
PCT9239	ED	124	161	0	0	26	135	80	55
PCT9239	TO	864	552	0	1	77	474	289	185
PCT9241	MV	819	403	0	0	36	367	246	121
PCT9241	ED	141	196	0	0	18	178	128	50
PCT9241	TO	960	599	0	0	54	545	374	171
PCT9242	MV	771	349	0	0	42	307	225	82
PCT9242	ED	172	215	0	0	28	187	137	50
PCT9242	TO	943	564	0	0	70	494	362	132
PCT9243	MV	480	242	0	0	20	222	146	76
PCT9243	ED	123	141	0	0	18	123	77	46
PCT9243	TO	603	383	0	0	38	345	223	122
PCT9244	MV	756	396	0	0	55	341	232	109
PCT9244	ED	154	186	0	0	16	170	122	48
PCT9244	TO	910	582	0	0	71	511	354	157
PCT9245	MV	616	300	0	0	32	268	166	102
PCT9245	ED	98	129	0	0	12	117	76	41
PCT9245	TO	714	429	0	0	44	385	242	143
PCT9246	MV	815	430	0	0	38	392	245	147
PCT9246	ED	155	196	0	0	28	168	114	54
PCT9246	TO	970	626	0	0	66	560	359	201
PCT9247	MV	764	381	0	0	32	349	236	113
PCT9247	ED	148	205	0	1	32	172	126	46
PCT9247	TO	912	586	0	1	64	521	362	159
PCT9248	MV	757	358	0	0	38	320	244	76
PCT9248	ED	150	192	0	0	22	170	131	39
PCT9248	TO	907	550	0	0	60	490	375	115
PCT9249	MV	724	379	0	0	34	345	243	102
PCT9249	ED	191	214	0	0	22	192	130	62
PCT9249	TO	915	593	0	0	56	537	373	164
PCT9251	MV	792	392	0	0	33	359	237	122
PCT9251	ED	174	236	0	0	23	213	135	78
PCT9251	TO	966	628	0	0	56	572	372	200
PCT9252	MV	811	382	0	0	27	355	232	123
PCT9252	ED	142	179	0	0	14	165	113	52
PCT9252	TO	953	561	0	0	41	520	345	175
PCT9253	MV	599	300	0	0	24	276	172	104
PCT9253	ED	162	150	0	0	16	134	96	38
PCT9253	TO	761	450	0	0	40	410	268	142
PCT9254	MV	758	415	0	0	26	389	257	132
PCT9254	ED	163	197	0	0	26	171	124	47
PCT9254	TO	921	612	0	0	52	560	381	179
PCT9255	MV	436	196	0	0	27	169	119	50
PCT9255	ED	114	135	0	0	15	120	91	29
PCT9255	TO	550	331	0	0	42	289	210	79
PCT9256	MV	367	169	0	0	13	156	113	43
PCT9256	ED	95	119	0	0	10	109	84	25
PCT9256	TO	462	288	0	0	23	265	197	68
PCT9257	MV	359	162	0	0	14	148	118	30
PCT9257	ED	-39	13	0	0	2	11	8	3
PCT9257	TO	320	175	0	0	16	159	126	33
PCT9258	MV	583	307	0	0	27	280	171	109
PCT9258	ED	120	148	0	0	12	136	97	39
PCT9258	TO	703	455	0	0	39	416	268	148
PCT9401	MV	796	358	0	0	19	339	256	83
PCT9401	ED	242	226	0	0	17	209	163	46
PCT9401	TO	1038	584	0	0	36	548	419	129
PCT9402	MV	775	377	0	0	20	357	246	111
PCT9402	ED	242	207	0	0	21	186	150	36
PCT9402	TO	1017	584	0	0	41	543	396	147
PCT9403	MV	731	348	0	0	16	332	214	118
PCT9403	ED	190	168	0	0	14	154	113	41
PCT9403	TO	921	516	0	0	30	486	327	159
PCT9404	MV	753	345	0	1	26	318	203	115
PCT9404	ED	191	197	0	0	20	177	121	56
PCT9404	TO	944	542	0	1	46	495	324	171
PCT9405	MV	629	276	0	0	21	255	166	89
PCT9405	ED	151	131	0	0	3	128	84	44
PCT9405	TO	780	407	0	0	24	383	250	133
PCT9406	MV	695	330	0	0	20	310	209	101
PCT9406	ED	188	169	0	0	15	154	102	52
PCT9406	TO	883	499	0	0	35	464	311	153
PCT9407	MV	712	368	0	0	28	340	229	111
PCT9407	ED	201	174	0	0	24	150	105	45
PCT9407	TO	913	542	0	0	52	490	334	156
PCT9408	MV	711	321	0	0	23	298	233	65
PCT9408	ED	152	171	0	0	14	157	126	31
PCT9408	TO	863	492	0	0	37	455	359	96
PCT9409	MV	443	226	0	0	26	200	151	49
PCT9409	ED	158	146	0	0	11	135	111	24
PCT9409	TO	601	372	0	0	37	335	262	73
PCT9411	MV	816	378	0	0	26	352	262	90
PCT9411	ED	191	212	0	0	19	193	151	42
PCT9411	TO	1007	590	0	0	45	545	413	132
PCT9412	MV	668	339	0	0	14	325	209	116
PCT9412	ED	202	186	0	0	18	168	114	54
PCT9412	TO	870	525	0	0	32	493	323	170
PCT9413	MV	757	375	0	0	35	340	203	137
PCT9413	ED	179	170	0	0	17	153	98	55
PCT9413	TO	936	545	0	0	52	493	301	192
PCT9414	MV	734	361	0	0	37	324	215	109
PCT9414	ED	186	142	0	0	9	133	85	48
PCT9414	TO	920	503	0	0	46	457	300	157
PCT9415	MV	634	315	0	0	27	288	173	115
PCT9415	ED	154	135	0	0	4	131	95	36
PCT9415	TO	788	450	0	0	31	419	268	151
PCT9416	MV	769	391	0	0	47	344	221	123
PCT9416	ED	230	151	0	0	12	139	95	44
PCT9416	TO	999	542	0	0	59	483	316	167
PCT9417	MV	629	321	0	0	29	292	166	126
PCT9417	ED	145	125	0	0	8	117	76	41
PCT9417	TO	774	446	0	0	37	409	242	167
PCT9418	MV	631	310	0	0	27	283	154	129
PCT9418	ED	188	141	0	0	9	132	79	53
PCT9418	TO	819	451	0	0	36	415	233	182
PCT9419	MV	736	369	0	0	28	341	195	146
PCT9419	ED	173	140	0	0	10	130	66	64
PCT9419	TO	909	509	0	0	38	471	261	210
PCT9421	MV	752	338	0	0	27	311	162	149
PCT9421	ED	173	154	0	0	9	145	98	47
PCT9421	TO	925	492	0	0	36	456	260	196
PCT9422	MV	831	413	0	0	37	376	225	151
PCT9422	ED	270	209	0	0	17	192	122	70
PCT9422	TO	1101	622	0	0	54	568	347	221
PCT9423	MV	714	316	0	0	28	288	172	116
PCT9423	ED	190	158	0	0	10	148	97	51
PCT9423	TO	904	474	0	0	38	436	269	167
PCT9424	MV	799	385	0	0	29	356	213	143
PCT9424	ED	210	154	0	0	14	140	92	48
PCT9424	TO	1009	539	0	0	43	496	305	191
PCT9425	MV	789	346	0	0	29	317	180	137
PCT9425	ED	187	171	0	0	20	151	106	45
PCT9425	TO	976	517	0	0	49	468	286	182
PCT9426	MV	697	324	0	0	21	303	192	111
PCT9426	ED	156	139	0	0	16	123	76	47
PCT9426	TO	853	463	0	0	37	426	268	158
PCT9427	MV	799	383	0	0	23	360	193	167
PCT9427	ED	188	149	0	0	24	125	81	44
PCT9427	TO	987	532	0	0	47	485	274	211
PCT9428	MV	811	351	0	0	28	323	180	143
PCT9428	ED	179	144	0	0	17	127	92	35
PCT9428	TO	990	495	0	0	45	450	272	178
PCT9429	MV	709	343	0	0	30	313	161	152
PCT9429	ED	197	146	0	0	18	128	72	56
PCT9429	TO	906	489	0	0	48	441	233	208
PCT9431	MV	832	412	0	0	36	376	195	181
PCT9431	ED	204	171	0	0	9	162	98	64
PCT9431	TO	1036	583	0	0	45	538	293	245
PCT9432	MV	743	358	0	0	37	321	188	133
PCT9432	ED	215	136	0	0	14	122	79	43
PCT9432	TO	958	494	0	0	51	443	267	176
PCT9433	MV	794	373	0	0	37	336	179	157
PCT9433	ED	164	124	0	0	7	117	62	55
PCT9433	TO	958	497	0	0	44	453	241	212
PCT9434	MV	785	387	0	0	30	357	217	140
PCT9434	ED	227	210	0	1	27	182	125	57
PCT9434	TO	1012	597	0	1	57	539	342	197
PCT9435	MV	779	366	0	0	20	346	205	141
PCT9435	ED	225	186	0	0	11	175	112	63
PCT9435	TO	1004	552	0	0	31	521	317	204
PCT9436	MV	842	386	0	0	24	362	198	164
PCT9436	ED	226	149	0	0	14	135	79	56
PCT9436	TO	1068	535	0	0	38	497	277	220
PCT9437	MV	736	376	0	0	28	348	214	134
PCT9437	ED	191	149	0	0	10	139	90	49
PCT9437	TO	927	525	0	0	38	487	304	183
PCT9438	MV	837	419	0	1	22	396	219	177
PCT9438	ED	152	108	0	0	11	97	66	31
PCT9438	TO	989	527	0	1	33	493	285	208
PCT9439	MV	718	343	0	1	20	322	182	140
PCT9439	ED	199	141	0	0	19	122	72	50
PCT9439	TO	917	484	0	1	39	444	254	190
PCT9441	MV	778	396	0	0	34	362	230	132
PCT9441	ED	193	166	0	0	17	149	106	43
PCT9441	TO	971	562	0	0	51	511	336	175
PCT9442	MV	830	379	0	0	40	339	203	136
PCT9442	ED	210	212	0	0	20	192	134	58
PCT9442	TO	1040	591	0	0	60	531	337	194
PCT9443	MV	759	362	0	0	28	334	196	138
PCT9443	ED	196	152	0	0	18	134	92	42
PCT9443	TO	955	514	0	0	46	468	288	180
PCT9444	MV	768	340	0	0	18	322	172	150
PCT9444	ED	197	134	0	0	17	117	80	37
PCT9444	TO	965	474	0	0	35	439	252	187
PCT9445	MV	829	406	0	0	33	373	206	167
PCT9445	ED	167	147	0	0	14	133	89	44
PCT9445	TO	996	553	0	0	47	506	295	211
PCT9446	MV	900	465	0	0	35	430	236	194
PCT9446	ED	216	178	0	1	15	162	105	57
PCT9446	TO	1116	643	0	1	50	592	341	251
PCT9447	MV	729	392	0	0	22	370	208	162
PCT9447	ED	192	181	0	0	13	168	118	50
PCT9447	TO	921	573	0	0	35	538	326	212
PCT9448	MV	742	347	0	0	19	328	208	120
PCT9448	ED	198	157	0	0	15	142	104	38
PCT9448	TO	940	504	0	0	34	470	312	158
PCT9449	MV	719	340	0	0	28	312	164	148
PCT9449	ED	162	119	0	0	7	112	71	41
PCT9449	TO	881	459	0	0	35	424	235	189
PCT9451	MV	353	178	0	0	13	165	67	98
PCT9451	ED	88	69	0	0	7	62	42	20
PCT9451	TO	441	247	0	0	20	227	109	118
PCT9452	MV	647	334	0	0	28	306	160	146
PCT9452	ED	195	186	0	0	15	171	105	66
PCT9452	TO	842	520	0	0	43	477	265	212
PCT9453	MV	409	217	0	0	17	200	95	105
PCT9453	ED	115	84	0	0	10	74	34	40
PCT9453	TO	524	301	0	0	27	274	129	145
PCT9501	MV	158	92	0	0	10	82	58	24
PCT9501	ED	-8	3	0	0	1	2	1	1
PCT9501	TO	150	95	0	0	11	84	59	25
PCT9502	MV	294	136	0	0	15	121	89	32
PCT9502	ED	-43	6	0	0	1	5	4	1
PCT9502	TO	251	142	0	0	16	126	93	33
PCT9503	MV	550	263	0	0	31	232	170	62
PCT9503	ED	150	122	0	0	13	109	79	30
PCT9503	TO	700	385	0	0	44	341	249	92
PCT9505	MV	589	296	0	0	26	270	191	79
PCT9505	ED	176	136	0	0	13	123	93	30
PCT9505	TO	765	432	0	0	39	393	284	109
PCT9506	MV	547	232	0	0	18	214	161	53
PCT9506	ED	207	138	0	0	12	126	92	34
PCT9506	TO	754	370	0	0	30	340	253	87
PCT9507	MV	556	306	0	0	24	282	226	56
PCT9507	ED	160	182	0	0	22	160	131	29
PCT9507	TO	716	488	0	0	46	442	357	85
PCT9508	MV	632	317	0	1	20	296	254	42
PCT9508	ED	148	185	0	0	23	162	140	22
PCT9508	TO	780	502	0	1	43	458	394	64
PCT9509	MV	585	296	0	0	21	275	223	52
PCT9509	ED	142	167	0	0	20	147	126	21
PCT9509	TO	727	463	0	0	41	422	349	73
PCT9511	MV	458	240	0	1	13	226	180	46
PCT9511	ED	176	163	0	0	12	151	121	30
PCT9511	TO	634	403	0	1	25	377	301	76
PCT9512	MV	617	327	0	0	20	307	259	48
PCT9512	ED	160	179	0	0	16	163	134	29
PCT9512	TO	777	506	0	0	36	470	393	77
PCT9513	MV	686	334	0	0	25	309	256	53
PCT9513	ED	191	188	0	0	14	174	146	28
PCT9513	TO	877	522	0	0	39	483	402	81
PCT9514	MV	713	352	0	0	36	316	249	67
PCT9514	ED	183	213	0	0	19	194	152	42
PCT9514	TO	896	565	0	0	55	510	401	109
PCT9515	MV	543	305	0	0	23	282	206	76
PCT9515	ED	169	164	0	0	21	143	110	33
PCT9515	TO	712	469	0	0	44	425	316	109
PCT9516	MV	705	366	0	0	24	342	243	99
PCT9516	ED	184	190	0	0	19	171	121	50
PCT9516	TO	889	556	0	0	43	513	364	149
PCT9517	MV	626	335	0	0	22	313	233	80
PCT9517	ED	162	173	0	0	22	151	117	34
PCT9517	TO	788	508	0	0	44	464	350	114
PCT9518	MV	642	316	0	0	22	294	222	72
PCT9518	ED	146	195	0	0	15	180	143	37
PCT9518	TO	788	511	0	0	37	474	365	109
PCT9519	MV	693	368	0	0	17	351	267	84
PCT9519	ED	198	239	0	0	23	216	162	54
PCT9519	TO	891	607	0	0	40	567	429	138
PCT9521	MV	687	352	0	0	29	323	253	70
PCT9521	ED	214	242	0	0	22	220	177	43
PCT9521	TO	901	594	0	0	51	543	430	113
PCT9701	MV	498	269	0	0	11	258	185	73
PCT9701	ED	156	139	0	0	6	133	95	38
PCT9701	TO	654	408	0	0	17	391	280	111
PCT9702	MV	554	305	0	0	13	292	208	84
PCT9702	ED	166	148	0	0	6	142	113	29
PCT9702	TO	720	453	0	0	19	434	321	113
PCT9703	MV	809	403	0	0	38	365	221	144
PCT9703	ED	182	147	0	0	8	139	102	37
PCT9703	TO	991	550	0	0	46	504	323	181
PCT9704	MV	760	422	0	0	34	388	234	154
PCT9704	ED	199	199	0	0	19	180	110	70
PCT9704	TO	959	621	0	0	53	568	344	224
PCT9705	MV	754	421	0	0	33	388	267	121
PCT9705	ED	175	146	0	0	14	132	100	32
PCT9705	TO	929	567	0	0	47	520	367	153
PCT9706	MV	57	34	0	0	3	31	21	10
PCT9706	ED	-8	0	0	0	0	0	0	0
PCT9706	TO	49	34	0	0	3	31	21	10
PCT9707	MV	687	358	0	0	21	337	174	163
PCT9707	ED	139	103	0	0	11	92	59	33
PCT9707	TO	826	461	0	0	32	429	233	196
PCT9708	MV	786	429	0	1	44	384	257	127
PCT9708	ED	175	159	0	0	10	149	102	47
PCT9708	TO	961	588	0	1	54	533	359	174
PCT9709	MV	831	427	0	0	34	393	219	174
PCT9709	ED	209	183	0	0	11	172	104	68
PCT9709	TO	1040	610	0	0	45	565	323	242
PCT9711	MV	502	307	0	0	18	289	160	129
PCT9711	ED	144	162	0	0	14	148	83	65
PCT9711	TO	646	469	0	0	32	437	243	194
PCT9712	MV	534	335	0	0	25	310	170	140
PCT9712	ED	127	118	0	0	3	115	65	50
PCT9712	TO	661	453	0	0	28	425	235	190
PCT9713	MV	747	389	0	0	24	365	179	186
PCT9713	ED	203	171	0	0	19	152	83	69
PCT9713	TO	950	560	0	0	43	517	262	255
PCT9714	MV	795	447	0	0	36	411	219	192
PCT9714	ED	156	137	0	0	5	132	73	59
PCT9714	TO	951	584	0	0	41	543	292	251
PCT9715	MV	449	241	0	0	18	223	110	113
PCT9715	ED	130	135	0	0	7	128	64	64
PCT9715	TO	579	376	0	0	25	351	174	177
PCT9716	MV	745	398	0	1	26	371	213	158
PCT9716	ED	221	167	0	0	12	155	92	63
PCT9716	TO	966	565	0	1	38	526	305	221
PCT9717	MV	753	437	0	0	36	401	226	175
PCT9717	ED	224	173	0	1	16	156	94	62
PCT9717	TO	977	610	0	1	52	557	320	237
PCT9718	MV	749	449	0	0	32	417	258	159
PCT9718	ED	152	145	0	0	9	136	87	49
PCT9718	TO	901	594	0	0	41	553	345	208
PCT9719	MV	747	463	0	0	27	436	236	200
PCT9719	ED	173	151	0	0	7	144	86	58
PCT9719	TO	920	614	0	0	34	580	322	258
PCT9721	MV	498	288	0	0	21	267	150	117
PCT9721	ED	164	135	0	0	7	128	60	68
PCT9721	TO	662	423	0	0	28	395	210	185
PCT9722	MV	513	315	0	0	18	297	167	130
PCT9722	ED	84	76	0	0	5	71	48	23
PCT9722	TO	597	391	0	0	23	368	215	153
PCT9723	MV	436	224	0	0	10	214	86	128
PCT9723	ED	72	46	0	0	4	42	20	22
PCT9723	TO	508	270	0	0	14	256	106	150
PCT9724	MV	851	451	0	0	30	421	161	260
PCT9724	ED	169	100	0	0	3	97	54	43
PCT9724	TO	1020	551	0	0	33	518	215	303
PCT9725	MV	814	437	0	0	31	406	185	221
PCT9725	ED	157	97	0	0	10	87	37	50
PCT9725	TO	971	534	0	0	41	493	222	271
PCT9726	MV	630	217	0	0	26	191	126	65
PCT9726	ED	-14	103	0	0	7	96	65	31
PCT9726	TO	616	320	0	0	33	287	191	96
PCT9727	MV	404	227	0	2	13	212	113	99
PCT9727	ED	56	35	0	0	4	31	22	9
PCT9727	TO	460	262	0	2	17	243	135	108
PCT9728	MV	751	446	0	0	24	422	199	223
PCT9728	ED	212	137	0	0	10	127	71	56
PCT9728	TO	963	583	0	0	34	549	270	279
PCT9729	MV	654	335	0	0	21	314	142	172
PCT9729	ED	164	131	0	0	6	125	56	69
PCT9729	TO	818	466	0	0	27	439	198	241
PCT9731	MV	436	245	0	0	15	230	118	112
PCT9731	ED	143	111	0	0	9	102	52	50
PCT9731	TO	579	356	0	0	24	332	170	162
PCT9732	MV	78	47	0	0	5	42	17	25
PCT9732	ED	-5	0	0	0	0	0	0	0
PCT9732	TO	73	47	0	0	5	42	17	25
PCT9733	MV	261	162	0	0	7	155	110	45
PCT9733	ED	-21	1	0	0	0	1	1	0
PCT9733	TO	240	163	0	0	7	156	111	45
PCT9734	MV	473	286	0	0	18	268	141	127
PCT9734	ED	131	110	0	0	7	103	52	51
PCT9734	TO	604	396	0	0	25	371	193	178
PCT9735	MV	650	386	0	0	23	363	197	166
PCT9735	ED	170	133	0	0	17	116	55	61
PCT9735	TO	820	519	0	0	40	479	252	227
PCT9736	MV	586	325	0	0	18	307	163	144
PCT9736	ED	150	155	0	0	13	142	81	61
PCT9736	TO	736	480	0	0	31	449	244	205
PCT9737	MV	637	388	0	0	26	362	236	126
PCT9737	ED	154	137	0	0	8	129	83	46
PCT9737	TO	791	525	0	0	34	491	319	172
PCT9738	MV	688	320	0	0	29	291	194	97
PCT9738	ED	150	66	0	0	6	60	38	22
PCT9738	TO	838	386	0	0	35	351	232	119
PCT9739	MV	674	270	0	0	15	255	197	58
PCT9739	ED	115	88	0	0	4	84	67	17
PCT9739	TO	789	358	0	0	19	339	264	75
PCT9741	MV	837	173	0	0	17	156	125	31
PCT9741	ED	-396	10	0	0	1	9	8	1
PCT9741	TO	441	183	0	0	18	165	133	32
PCT9742	MV	530	229	0	0	14	215	105	110
PCT9742	ED	165	101	0	0	8	93	57	36
PCT9742	TO	695	330	0	0	22	308	162	146
PCT9743	MV	913	400	0	0	20	380	266	114
PCT9743	ED	227	174	0	0	14	160	128	32
PCT9743	TO	1140	574	0	0	34	540	394	146
PCT9744	MV	783	333	0	0	34	299	196	103
PCT9744	ED	160	126	0	0	19	107	77	30
PCT9744	TO	943	459	0	0	53	406	273	133
PCT9745	MV	790	317	0	0	32	285	196	89
PCT9745	ED	202	129	0	0	10	119	91	28
PCT9745	TO	992	446	0	0	42	404	287	117
PCT9746	MV	714	373	0	0	15	358	201	157
PCT9746	ED	189	120	0	1	11	108	58	50
PCT9746	TO	903	493	0	1	26	466	259	207
PCT9747	MV	772	401	0	0	31	370	233	137
PCT9747	ED	204	146	0	0	9	137	97	40
PCT9747	TO	976	547	0	0	40	507	330	177
PCT9748	MV	746	425	0	0	28	397	255	142
PCT9748	ED	167	119	0	0	6	113	69	44
PCT9748	TO	913	544	0	0	34	510	324	186
PCT9749	MV	750	289	0	0	18	271	170	101
PCT9749	ED	188	109	0	0	4	105	74	31
PCT9749	TO	938	398	0	0	22	376	244	132
PCT9751	MV	857	472	0	0	29	443	279	164
PCT9751	ED	214	153	0	0	14	139	87	52
PCT9751	TO	1071	625	0	0	43	582	366	216
PCT9752	MV	563	328	0	0	23	305	182	123
PCT9752	ED	134	109	0	0	6	103	72	31
PCT9752	TO	697	437	0	0	29	408	254	154
PCT9753	MV	617	300	0	0	20	280	193	87
PCT9753	ED	145	123	0	0	3	120	85	35
PCT9753	TO	762	423	0	0	23	400	278	122
PCT9754	MV	545	317	0	0	18	299	208	91
PCT9754	ED	162	115	0	0	7	108	79	29
PCT9754	TO	707	432	0	0	25	407	287	120
PCT9755	MV	441	239	0	0	23	216	150	66
PCT9755	ED	139	99	0	0	3	96	66	30
PCT9755	TO	580	338	0	0	26	312	216	96
PCT9756	MV	805	364	0	0	27	337	200	137
PCT9756	ED	162	107	0	0	10	97	66	31
PCT9756	TO	967	471	0	0	37	434	266	168
PCT9801	MV	320	163	0	0	12	151	105	46
PCT9801	ED	88	53	0	0	5	48	32	16
PCT9801	TO	408	216	0	0	17	199	137	62
CONG12	MV	355594	174824	0	43	13642	161139	112253	48886
CONG12	ED	90254	77529	0	27	7045	70457	52003	18454
CONG12	TO	445848	252353	0	70	20687	231596	164256	67340
CONG14	MV	47252	22365	0	3	1503	20859	12319	8540
CONG14	ED	10799	7055	0	3	500	6552	4216	2336
CONG14	TO	58051	29420	0	6	2003	27411	16535	10876
ASSM17	MV	232787	114654	0	26	8817	105811	76492	29319
ASSM17	ED	59635	47539	0	21	4107	43411	33178	10233
ASSM17	TO	292422	162193	0	47	12924	149222	109670	39552
ASSM19	MV	170059	82535	0	20	6328	76187	48080	28107
ASSM19	ED	41418	37045	0	9	3438	33598	23041	10557
ASSM19	TO	211477	119580	0	29	9766	109785	71121	38664
SUPV1	MV	33868	16583	0	2	1204	15377	10438	4939
SUPV1	ED	9248	8645	0	1	753	7891	5715	2176
SUPV1	TO	43116	25228	0	3	1957	23268	16153	7115
SUPV2	MV	41435	19991	0	8	1866	18117	11606	6511
SUPV2	ED	8611	10358	0	3	1228	9127	6175	2952
SUPV2	TO	50046	30349	0	11	3094	27244	17781	9463
SUPV3	MV	31943	14432	0	2	1254	13176	9039	4137
SUPV3	ED	7434	6535	0	1	695	5839	4395	1444
SUPV3	TO	39377	20967	0	3	1949	19015	13434	5581
SUPV4	MV	35049	16883	0	3	1290	15590	9325	6265
SUPV4	ED	9045	7574	0	2	680	6892	4633	2259
SUPV4	TO	44094	24457	0	5	1970	22482	13958	8524
SUPV5	MV	41966	21520	0	4	1703	19813	15418	4395
SUPV5	ED	10934	11548	0	3	1107	10438	8320	2118
SUPV5	TO	52900	33068	0	7	2810	30251	23738	6513
SUPV6	MV	35755	15237	0	5	1312	13920	9953	3967
SUPV6	ED	7940	5858	0	3	637	5218	3936	1282
SUPV6	TO	43695	21095	0	8	1949	19138	13889	5249
SUPV7	MV	38887	20739	0	4	1451	19284	11541	7743
SUPV7	ED	8556	7372	0	2	515	6855	4333	2522
SUPV7	TO	47443	28111	0	6	1966	26139	15874	10265
SUPV8	MV	46370	27513	0	5	1950	25558	19761	5797
SUPV8	ED	11807	11215	0	7	823	10385	8130	2255
SUPV8	TO	58177	38728	0	12	2773	35943	27891	8052
SUPV9	MV	33165	16788	0	4	1105	15679	11728	3951
SUPV9	ED	10098	7144	0	3	470	6671	5263	1408
SUPV9	TO	43263	23932	0	7	1575	22350	16991	5359
SUPV10	MV	33765	14063	0	7	1105	12951	8176	4775
SUPV10	ED	9348	4282	0	3	346	3933	2728	1205
SUPV10	TO	43113	18345	0	10	1451	16884	10904	5980
SUPV11	MV	30643	13440	0	2	905	12533	7587	4946
SUPV11	ED	8032	4053	0	2	291	3760	2591	1169
SUPV11	TO	38675	17493	0	4	1196	16293	10178	6115
NEIG1	MV	15464	5944	0	4	496	5444	3175	2269
NEIG1	ED	5021	1583	0	2	131	1450	954	496
NEIG1	TO	20485	7527	0	6	627	6894	4129	2765
NEIG2	MV	14029	6280	0	1	610	5669	3751	1918
NEIG2	ED	3238	2815	0	1	333	2481	1824	657
NEIG2	TO	17267	9095	0	2	943	8150	5575	2575
NEIG3	MV	22050	9508	0	3	841	8664	6286	2378
NEIG3	ED	5969	4204	0	2	414	3788	2958	830
NEIG3	TO	28019	13712	0	5	1255	12452	9244	3208
NEIG4	MV	5630	3494	0	0	251	3243	2280	963
NEIG4	ED	1430	1249	0	0	98	1151	785	366
NEIG4	TO	7060	4743	0	0	349	4394	3065	1329
NEIG5	MV	22700	10125	0	2	709	9414	5656	3758
NEIG5	ED	5893	3002	0	1	219	2782	1910	872
NEIG5	TO	28593	13127	0	3	928	12196	7566	4630
NEIG6	MV	11526	5973	0	1	451	5521	4429	1092
NEIG6	ED	2336	3502	0	2	320	3180	2573	607
NEIG6	TO	13862	9475	0	3	771	8701	7002	1699
NEIG7	MV	9818	4131	0	0	253	3878	2406	1472
NEIG7	ED	2577	1320	0	1	91	1228	853	375
NEIG7	TO	12395	5451	0	1	344	5106	3259	1847
NEIG8	MV	7628	4028	0	0	293	3735	2790	945
NEIG8	ED	2030	2242	0	0	210	2032	1566	466
NEIG8	TO	9658	6270	0	0	503	5767	4356	1411
NEIG9	MV	7416	3142	0	0	244	2898	1732	1166
NEIG9	ED	842	939	0	0	78	861	585	276
NEIG9	TO	8258	4081	0	0	322	3759	2317	1442
NEIG10	MV	8172	3953	0	0	320	3633	2543	1090
NEIG10	ED	1850	2034	0	1	190	1843	1352	491
NEIG10	TO	10022	5987	0	1	510	5476	3895	1581
NEIG11	MV	33509	15534	0	7	1501	14026	9154	4872
NEIG11	ED	5931	7964	0	3	978	6983	4802	2181
NEIG11	TO	39440	23498	0	10	2479	21009	13956	7053
NEIG12	MV	23572	11865	0	5	769	11091	8999	2092
NEIG12	ED	7433	5385	0	3	359	5023	4132	891
NEIG12	TO	31005	17250	0	8	1128	16114	13131	2983
NEIG14	MV	6791	3992	0	0	288	3704	2906	798
NEIG14	ED	1942	1795	0	1	113	1681	1351	330
NEIG14	TO	8733	5787	0	1	401	5385	4257	1128
NEIG15	MV	5779	2678	0	1	178	2499	1732	767
NEIG15	ED	1309	1197	0	0	113	1084	826	258
NEIG15	TO	7088	3875	0	1	291	3583	2558	1025
NEIG13	MV	13553	8168	0	1	628	7539	5647	1892
NEIG13	ED	3435	3395	0	2	250	3143	2413	730
NEIG13	TO	16988	11563	0	3	878	10682	8060	2622
NEIG26	MV	7830	3526	0	0	240	3286	1850	1436
NEIG26	ED	1802	958	0	0	74	884	574	310
NEIG26	TO	9632	4484	0	0	314	4170	2424	1746
NEIG16	MV	14623	6960	0	1	551	6408	4686	1722
NEIG16	ED	2733	2592	0	1	246	2345	1760	585
NEIG16	TO	17356	9552	0	2	797	8753	6446	2307
NEIG17	MV	29447	14415	0	2	1057	13356	9022	4334
NEIG17	ED	8178	7576	0	0	657	6919	5013	1906
NEIG17	TO	37625	21991	0	2	1714	20275	14035	6240
NEIG19	MV	7165	4024	0	0	269	3755	2783	972
NEIG19	ED	2406	1880	0	0	135	1745	1320	425
NEIG19	TO	9571	5904	0	0	404	5500	4103	1397
NEIG18	MV	6458	3414	0	1	275	3138	1820	1318
NEIG18	ED	1563	1848	0	0	208	1640	1017	623
NEIG18	TO	8021	5262	0	1	483	4778	2837	1941
NEIG20	MV	20910	8912	0	1	731	8180	5689	2491
NEIG20	ED	4167	3399	0	1	371	3027	2219	808
NEIG20	TO	25077	12311	0	2	1102	11207	7908	3299
NEIG21	MV	34606	16657	0	3	1264	15390	9174	6216
NEIG21	ED	8887	7428	0	2	669	6757	4522	2235
NEIG21	TO	43493	24085	0	5	1933	22147	13696	8451
NEIG22	MV	15381	9297	0	2	604	8691	6977	1714
NEIG22	ED	3512	3650	0	4	253	3393	2748	645
NEIG22	TO	18893	12947	0	6	857	12084	9725	2359
NEIG23	MV	6638	2511	0	3	194	2314	1225	1089
NEIG23	ED	1850	604	0	0	49	555	326	229
NEIG23	TO	8488	3115	0	3	243	2869	1551	1318
NEIG24	MV	28439	16112	0	4	1124	14984	8860	6124
NEIG24	ED	6935	5821	0	2	404	5415	3328	2087
NEIG24	TO	35374	21933	0	6	1528	20399	12188	8211
NEIG25	MV	23712	12546	0	4	1004	11538	9000	2538
NEIG25	ED	7784	6202	0	1	582	5619	4508	1111
NEIG25	TO	31496	18748	0	5	1586	17157	13508	3649
