area_id	subtotal_type	RSReg	RSCst	RSRej	RSOvr	RSUnd	RSTot	7:YES	8:NO
ALLPCTS	TO	503899	281773	0	50	28059	253664	177976	75688
ALLPCTS	ED	101053	84584	0	19	9463	75102	55768	19334
ALLPCTS	MV	402846	197189	0	31	18596	178562	122208	56354
PCT1101	MV	448	215	0	0	14	201	140	61
PCT1101	ED	114	61	0	0	9	52	39	13
PCT1101	TO	562	276	0	0	23	253	179	74
PCT1102	MV	774	369	0	0	28	341	180	161
PCT1102	ED	230	162	0	0	16	146	111	35
PCT1102	TO	1004	531	0	0	44	487	291	196
PCT1103	MV	749	371	0	0	25	346	214	132
PCT1103	ED	222	144	0	0	13	131	91	40
PCT1103	TO	971	515	0	0	38	477	305	172
PCT1104	MV	751	343	0	0	25	318	217	101
PCT1104	ED	267	122	0	0	9	113	81	32
PCT1104	TO	1018	465	0	0	34	431	298	133
PCT1106	MV	598	255	0	0	18	237	143	94
PCT1106	ED	173	97	0	0	8	89	61	28
PCT1106	TO	771	352	0	0	26	326	204	122
PCT1107	MV	612	287	0	0	20	267	156	111
PCT1107	ED	139	76	0	0	8	68	50	18
PCT1107	TO	751	363	0	0	28	335	206	129
PCT1108	MV	725	360	0	0	26	334	230	104
PCT1108	ED	198	116	0	0	17	99	73	26
PCT1108	TO	923	476	0	0	43	433	303	130
PCT1109	MV	653	284	0	0	22	262	159	103
PCT1109	ED	169	99	0	0	7	92	61	31
PCT1109	TO	822	383	0	0	29	354	220	134
PCT1111	MV	849	354	0	0	33	321	188	133
PCT1111	ED	197	118	0	0	8	110	88	22
PCT1111	TO	1046	472	0	0	41	431	276	155
PCT1112	MV	643	278	0	0	22	256	166	90
PCT1112	ED	159	79	0	0	5	74	59	15
PCT1112	TO	802	357	0	0	27	330	225	105
PCT1113	MV	675	286	0	0	23	263	159	104
PCT1113	ED	120	65	0	0	8	57	42	15
PCT1113	TO	795	351	0	0	31	320	201	119
PCT1114	MV	769	328	0	0	26	302	193	109
PCT1114	ED	222	98	0	0	12	86	66	20
PCT1114	TO	991	426	0	0	38	388	259	129
PCT1115	MV	743	295	0	0	26	269	168	101
PCT1115	ED	193	89	0	0	9	80	61	19
PCT1115	TO	936	384	0	0	35	349	229	120
PCT1116	MV	715	308	0	0	26	282	183	99
PCT1116	ED	216	119	0	0	9	110	83	27
PCT1116	TO	931	427	0	0	35	392	266	126
PCT1117	MV	665	258	0	0	23	235	144	91
PCT1117	ED	181	72	0	0	7	65	53	12
PCT1117	TO	846	330	0	0	30	300	197	103
PCT1118	MV	846	357	0	0	21	336	221	115
PCT1118	ED	219	106	0	0	12	94	67	27
PCT1118	TO	1065	463	0	0	33	430	288	142
PCT1119	MV	659	303	0	0	21	282	183	99
PCT1119	ED	138	75	0	0	6	69	55	14
PCT1119	TO	797	378	0	0	27	351	238	113
PCT1121	MV	556	268	0	0	29	239	131	108
PCT1121	ED	149	87	0	0	8	79	46	33
PCT1121	TO	705	355	0	0	37	318	177	141
PCT1122	MV	519	245	0	1	24	220	106	114
PCT1122	ED	118	71	0	0	8	63	43	20
PCT1122	TO	637	316	0	1	32	283	149	134
PCT1123	MV	730	257	0	0	16	241	152	89
PCT1123	ED	208	89	0	1	5	83	61	22
PCT1123	TO	938	346	0	1	21	324	213	111
PCT1124	MV	630	246	0	0	15	231	140	91
PCT1124	ED	199	76	0	0	7	69	55	14
PCT1124	TO	829	322	0	0	22	300	195	105
PCT1125	MV	919	364	0	0	40	324	177	147
PCT1125	ED	178	68	0	0	10	58	48	10
PCT1125	TO	1097	432	0	0	50	382	225	157
PCT1126	MV	812	308	0	0	27	281	173	108
PCT1126	ED	200	68	0	0	3	65	40	25
PCT1126	TO	1012	376	0	0	30	346	213	133
PCT1127	MV	743	293	0	0	16	277	148	129
PCT1127	ED	222	101	0	0	5	96	64	32
PCT1127	TO	965	394	0	0	21	373	212	161
PCT1128	MV	734	287	0	0	23	264	142	122
PCT1128	ED	145	59	0	0	8	51	35	16
PCT1128	TO	879	346	0	0	31	315	177	138
PCT1129	MV	790	314	0	0	29	285	173	112
PCT1129	ED	246	109	0	0	15	94	60	34
PCT1129	TO	1036	423	0	0	44	379	233	146
PCT1131	MV	694	280	0	0	32	248	134	114
PCT1131	ED	166	61	0	0	5	56	39	17
PCT1131	TO	860	341	0	0	37	304	173	131
PCT1132	MV	839	370	0	0	26	344	209	135
PCT1132	ED	193	60	0	0	3	57	40	17
PCT1132	TO	1032	430	0	0	29	401	249	152
PCT1133	MV	716	334	0	0	15	319	192	127
PCT1133	ED	159	74	0	0	5	69	48	21
PCT1133	TO	875	408	0	0	20	388	240	148
PCT1134	MV	585	293	0	0	21	272	138	134
PCT1134	ED	182	80	0	0	10	70	48	22
PCT1134	TO	767	373	0	0	31	342	186	156
PCT1135	MV	465	218	0	0	13	205	112	93
PCT1135	ED	91	51	0	0	3	48	33	15
PCT1135	TO	556	269	0	0	16	253	145	108
PCT1136	MV	710	340	0	0	22	318	175	143
PCT1136	ED	157	79	0	0	7	72	45	27
PCT1136	TO	867	419	0	0	29	390	220	170
PCT1141	MV	836	393	0	0	27	366	216	150
PCT1141	ED	220	124	0	0	9	115	72	43
PCT1141	TO	1056	517	0	0	36	481	288	193
PCT1142	MV	721	324	0	0	40	284	180	104
PCT1142	ED	175	87	0	0	4	83	66	17
PCT1142	TO	896	411	0	0	44	367	246	121
PCT1143	MV	824	360	0	0	42	318	210	108
PCT1143	ED	225	116	0	0	11	105	82	23
PCT1143	TO	1049	476	0	0	53	423	292	131
PCT1144	MV	727	326	0	1	19	306	180	126
PCT1144	ED	220	121	0	0	15	106	71	35
PCT1144	TO	947	447	0	1	34	412	251	161
PCT1145	MV	753	411	0	0	33	378	240	138
PCT1145	ED	152	114	0	0	10	104	74	30
PCT1145	TO	905	525	0	0	43	482	314	168
PCT1146	MV	839	364	0	0	27	337	215	122
PCT1146	ED	215	110	0	0	11	99	72	27
PCT1146	TO	1054	474	0	0	38	436	287	149
PCT1147	MV	673	309	0	0	21	288	190	98
PCT1147	ED	212	108	0	0	8	100	73	27
PCT1147	TO	885	417	0	0	29	388	263	125
PCT1148	MV	804	368	0	0	28	340	206	134
PCT1148	ED	224	119	0	0	14	105	69	36
PCT1148	TO	1028	487	0	0	42	445	275	170
PCT1149	MV	710	319	0	0	31	288	176	112
PCT1149	ED	229	119	0	0	10	109	79	30
PCT1149	TO	939	438	0	0	41	397	255	142
PCT1152	MV	710	313	0	0	31	282	190	92
PCT1152	ED	180	87	0	0	7	80	56	24
PCT1152	TO	890	400	0	0	38	362	246	116
PCT1153	MV	730	285	0	0	33	252	171	81
PCT1153	ED	210	117	0	0	10	107	59	48
PCT1153	TO	940	402	0	0	43	359	230	129
PCT7001	MV	632	329	0	0	29	300	232	68
PCT7001	ED	141	105	0	0	8	97	72	25
PCT7001	TO	773	434	0	0	37	397	304	93
PCT7002	MV	598	267	0	0	30	237	182	55
PCT7002	ED	116	90	0	0	4	86	71	15
PCT7002	TO	714	357	0	0	34	323	253	70
PCT7003	MV	759	432	0	0	38	394	290	104
PCT7003	ED	147	144	0	0	15	129	101	28
PCT7003	TO	906	576	0	0	53	523	391	132
PCT7004	MV	764	416	0	0	35	381	288	93
PCT7004	ED	149	146	0	0	13	133	106	27
PCT7004	TO	913	562	0	0	48	514	394	120
PCT7005	MV	698	350	0	1	33	316	248	68
PCT7005	ED	161	163	0	0	24	139	110	29
PCT7005	TO	859	513	0	1	57	455	358	97
PCT7006	MV	729	360	0	0	33	327	267	60
PCT7006	ED	203	153	0	0	14	139	111	28
PCT7006	TO	932	513	0	0	47	466	378	88
PCT7007	MV	777	437	0	0	41	396	285	111
PCT7007	ED	180	174	0	0	24	150	117	33
PCT7007	TO	957	611	0	0	65	546	402	144
PCT7008	MV	732	367	0	0	43	324	214	110
PCT7008	ED	177	194	0	0	18	176	146	30
PCT7008	TO	909	561	0	0	61	500	360	140
PCT7009	MV	752	390	0	0	31	359	270	89
PCT7009	ED	119	95	0	0	7	88	60	28
PCT7009	TO	871	485	0	0	38	447	330	117
PCT7011	MV	704	231	0	0	17	214	160	54
PCT7011	ED	269	88	0	0	5	83	63	20
PCT7011	TO	973	319	0	0	22	297	223	74
PCT7012	MV	999	487	0	0	45	442	336	106
PCT7012	ED	227	209	0	0	22	187	150	37
PCT7012	TO	1226	696	0	0	67	629	486	143
PCT7013	MV	984	427	0	0	40	387	296	91
PCT7013	ED	155	157	0	0	15	142	120	22
PCT7013	TO	1139	584	0	0	55	529	416	113
PCT7014	MV	610	303	0	0	38	265	211	54
PCT7014	ED	109	115	0	0	17	98	70	28
PCT7014	TO	719	418	0	0	55	363	281	82
PCT7015	MV	128	40	0	0	7	33	26	7
PCT7015	ED	-18	0	0	0	0	0	0	0
PCT7015	TO	110	40	0	0	7	33	26	7
PCT7016	MV	655	239	0	0	22	217	134	83
PCT7016	ED	277	79	0	0	8	71	57	14
PCT7016	TO	932	318	0	0	30	288	191	97
PCT7017	MV	543	180	0	0	22	158	120	38
PCT7017	ED	238	53	0	0	8	45	36	9
PCT7017	TO	781	233	0	0	30	203	156	47
PCT7018	MV	847	357	0	0	32	325	208	117
PCT7018	ED	200	56	0	0	5	51	40	11
PCT7018	TO	1047	413	0	0	37	376	248	128
PCT7019	MV	734	355	0	0	28	327	206	121
PCT7019	ED	166	74	0	0	8	66	57	9
PCT7019	TO	900	429	0	0	36	393	263	130
PCT7021	MV	679	271	0	0	22	249	184	65
PCT7021	ED	288	108	0	0	12	96	77	19
PCT7021	TO	967	379	0	0	34	345	261	84
PCT7022	MV	770	312	0	0	33	279	195	84
PCT7022	ED	193	55	0	0	3	52	44	8
PCT7022	TO	963	367	0	0	36	331	239	92
PCT7023	MV	687	331	0	0	26	305	231	74
PCT7023	ED	233	72	0	0	7	65	54	11
PCT7023	TO	920	403	0	0	33	370	285	85
PCT7024	MV	251	50	0	0	3	47	34	13
PCT7024	ED	190	20	0	0	4	16	11	5
PCT7024	TO	441	70	0	0	7	63	45	18
PCT7025	MV	316	95	0	0	7	88	62	26
PCT7025	ED	167	39	0	0	2	37	26	11
PCT7025	TO	483	134	0	0	9	125	88	37
PCT7026	MV	819	336	0	0	18	318	169	149
PCT7026	ED	191	72	0	0	6	66	48	18
PCT7026	TO	1010	408	0	0	24	384	217	167
PCT7027	MV	677	270	0	0	22	248	171	77
PCT7027	ED	219	99	0	0	8	91	69	22
PCT7027	TO	896	369	0	0	30	339	240	99
PCT7028	MV	585	220	0	0	22	198	149	49
PCT7028	ED	271	100	0	0	5	95	78	17
PCT7028	TO	856	320	0	0	27	293	227	66
PCT7029	MV	642	209	0	0	29	180	126	54
PCT7029	ED	267	40	0	0	1	39	30	9
PCT7029	TO	909	249	0	0	30	219	156	63
PCT7030	MV	654	274	0	0	12	262	124	138
PCT7030	ED	141	59	0	0	4	55	29	26
PCT7030	TO	795	333	0	0	16	317	153	164
PCT7031	MV	622	263	0	0	27	236	138	98
PCT7031	ED	72	49	0	0	5	44	32	12
PCT7031	TO	694	312	0	0	32	280	170	110
PCT7032	MV	643	266	0	0	23	243	162	81
PCT7032	ED	238	54	0	0	3	51	40	11
PCT7032	TO	881	320	0	0	26	294	202	92
PCT7033	MV	549	214	0	0	24	190	127	63
PCT7033	ED	229	86	0	0	10	76	58	18
PCT7033	TO	778	300	0	0	34	266	185	81
PCT7034	MV	620	142	0	0	16	126	99	27
PCT7034	ED	318	60	0	0	5	55	42	13
PCT7034	TO	938	202	0	0	21	181	141	40
PCT7035	MV	567	237	0	0	20	217	148	69
PCT7035	ED	152	54	0	0	7	47	36	11
PCT7035	TO	719	291	0	0	27	264	184	80
PCT7036	MV	781	263	0	0	32	231	131	100
PCT7036	ED	193	39	0	0	4	35	25	10
PCT7036	TO	974	302	0	0	36	266	156	110
PCT7037	MV	434	63	0	0	1	62	37	25
PCT7037	ED	312	38	0	0	6	32	23	9
PCT7037	TO	746	101	0	0	7	94	60	34
PCT7038	MV	758	308	0	1	29	278	163	115
PCT7038	ED	203	60	0	0	10	50	35	15
PCT7038	TO	961	368	0	1	39	328	198	130
PCT7039	MV	636	243	0	0	24	219	122	97
PCT7039	ED	201	104	0	0	7	97	61	36
PCT7039	TO	837	347	0	0	31	316	183	133
PCT7041	MV	70	29	0	0	4	25	10	15
PCT7041	ED	-4	0	0	0	0	0	0	0
PCT7041	TO	66	29	0	0	4	25	10	15
PCT7042	MV	514	222	0	0	15	207	136	71
PCT7042	ED	146	62	0	0	3	59	35	24
PCT7042	TO	660	284	0	0	18	266	171	95
PCT7043	MV	754	295	0	0	28	267	168	99
PCT7043	ED	224	79	0	0	3	76	50	26
PCT7043	TO	978	374	0	0	31	343	218	125
PCT7044	MV	586	149	0	0	11	138	97	41
PCT7044	ED	266	36	0	0	3	33	20	13
PCT7044	TO	852	185	0	0	14	171	117	54
PCT7045	MV	632	267	0	0	28	239	130	109
PCT7045	ED	154	53	0	0	3	50	26	24
PCT7045	TO	786	320	0	0	31	289	156	133
PCT7046	MV	334	132	0	0	12	120	72	48
PCT7046	ED	96	48	0	0	4	44	33	11
PCT7046	TO	430	180	0	0	16	164	105	59
PCT7047	MV	733	315	0	0	24	291	174	117
PCT7047	ED	150	62	0	0	7	55	35	20
PCT7047	TO	883	377	0	0	31	346	209	137
PCT7048	MV	685	267	0	1	15	251	153	98
PCT7048	ED	196	59	0	0	7	52	39	13
PCT7048	TO	881	326	0	1	22	303	192	111
PCT7049	MV	616	247	0	0	26	221	122	99
PCT7049	ED	210	71	0	0	9	62	43	19
PCT7049	TO	826	318	0	0	35	283	165	118
PCT7051	MV	715	306	0	0	22	284	135	149
PCT7051	ED	165	70	0	0	8	62	42	20
PCT7051	TO	880	376	0	0	30	346	177	169
PCT7052	MV	722	296	0	0	17	279	152	127
PCT7052	ED	184	88	0	0	6	82	58	24
PCT7052	TO	906	384	0	0	23	361	210	151
PCT7053	MV	542	227	0	0	33	194	122	72
PCT7053	ED	43	42	0	0	4	38	31	7
PCT7053	TO	585	269	0	0	37	232	153	79
PCT7054	MV	863	310	0	0	23	287	201	86
PCT7054	ED	273	109	0	0	6	103	75	28
PCT7054	TO	1136	419	0	0	29	390	276	114
PCT7055	MV	732	292	0	0	28	264	187	77
PCT7055	ED	94	78	0	0	10	68	50	18
PCT7055	TO	826	370	0	0	38	332	237	95
PCT7056	MV	618	275	0	0	29	246	183	63
PCT7056	ED	87	122	0	0	18	104	83	21
PCT7056	TO	705	397	0	0	47	350	266	84
PCT7101	MV	162	99	0	0	10	89	70	19
PCT7101	ED	-15	4	0	0	1	3	2	1
PCT7101	TO	147	103	0	0	11	92	72	20
PCT7201	MV	788	383	0	0	40	343	208	135
PCT7201	ED	147	170	0	0	32	138	97	41
PCT7201	TO	935	553	0	0	72	481	305	176
PCT7202	MV	708	308	0	0	34	274	164	110
PCT7202	ED	143	158	0	0	23	135	86	49
PCT7202	TO	851	466	0	0	57	409	250	159
PCT7203	MV	693	321	0	0	40	281	182	99
PCT7203	ED	186	187	0	0	25	162	115	47
PCT7203	TO	879	508	0	0	65	443	297	146
PCT7204	MV	773	422	0	0	50	372	265	107
PCT7204	ED	126	157	0	0	28	129	88	41
PCT7204	TO	899	579	0	0	78	501	353	148
PCT7205	MV	724	360	0	0	35	325	211	114
PCT7205	ED	147	177	0	0	27	150	110	40
PCT7205	TO	871	537	0	0	62	475	321	154
PCT7206	MV	299	129	0	0	13	116	85	31
PCT7206	ED	78	106	0	0	14	92	72	20
PCT7206	TO	377	235	0	0	27	208	157	51
PCT7207	MV	744	333	0	0	35	298	200	98
PCT7207	ED	123	154	0	0	22	132	97	35
PCT7207	TO	867	487	0	0	57	430	297	133
PCT7208	MV	492	253	0	0	32	221	151	70
PCT7208	ED	78	97	0	0	12	85	70	15
PCT7208	TO	570	350	0	0	44	306	221	85
PCT7209	MV	595	341	0	0	39	302	208	94
PCT7209	ED	52	75	0	0	9	66	55	11
PCT7209	TO	647	416	0	0	48	368	263	105
PCT7301	MV	813	319	0	0	27	292	192	100
PCT7301	ED	201	143	0	0	22	121	98	23
PCT7301	TO	1014	462	0	0	49	413	290	123
PCT7302	MV	713	352	0	0	43	309	205	104
PCT7302	ED	136	140	0	0	16	124	86	38
PCT7302	TO	849	492	0	0	59	433	291	142
PCT7303	MV	869	376	0	0	34	342	244	98
PCT7303	ED	199	172	0	0	27	145	108	37
PCT7303	TO	1068	548	0	0	61	487	352	135
PCT7304	MV	802	366	0	0	43	323	214	109
PCT7304	ED	199	185	0	0	14	171	130	41
PCT7304	TO	1001	551	0	0	57	494	344	150
PCT7305	MV	713	386	0	0	40	346	207	139
PCT7305	ED	154	155	0	0	14	141	97	44
PCT7305	TO	867	541	0	0	54	487	304	183
PCT7306	MV	801	374	0	0	46	328	184	144
PCT7306	ED	243	194	0	0	34	160	116	44
PCT7306	TO	1044	568	0	0	80	488	300	188
PCT7307	MV	605	272	0	0	21	251	166	85
PCT7307	ED	169	130	0	0	20	110	81	29
PCT7307	TO	774	402	0	0	41	361	247	114
PCT7308	MV	520	257	0	0	20	237	163	74
PCT7308	ED	105	158	0	0	17	141	106	35
PCT7308	TO	625	415	0	0	37	378	269	109
PCT7309	MV	691	324	0	0	35	289	201	88
PCT7309	ED	167	191	0	0	28	163	116	47
PCT7309	TO	858	515	0	0	63	452	317	135
PCT7311	MV	698	333	0	0	36	297	199	98
PCT7311	ED	208	218	0	0	25	193	144	49
PCT7311	TO	906	551	0	0	61	490	343	147
PCT7312	MV	700	395	0	0	46	349	217	132
PCT7312	ED	110	162	0	0	25	137	93	44
PCT7312	TO	810	557	0	0	71	486	310	176
PCT7313	MV	819	373	0	0	36	337	221	116
PCT7313	ED	184	163	0	0	30	133	92	41
PCT7313	TO	1003	536	0	0	66	470	313	157
PCT7314	MV	612	226	0	0	29	197	107	90
PCT7314	ED	147	85	0	0	14	71	47	24
PCT7314	TO	759	311	0	0	43	268	154	114
PCT7315	MV	570	206	0	0	15	191	126	65
PCT7315	ED	195	135	0	0	14	121	88	33
PCT7315	TO	765	341	0	0	29	312	214	98
PCT7316	MV	654	261	0	0	30	231	149	82
PCT7316	ED	178	131	0	0	17	114	83	31
PCT7316	TO	832	392	0	0	47	345	232	113
PCT7317	MV	744	350	0	0	25	325	210	115
PCT7317	ED	146	114	0	0	14	100	75	25
PCT7317	TO	890	464	0	0	39	425	285	140
PCT7318	MV	605	293	0	0	37	256	176	80
PCT7318	ED	118	108	0	0	20	88	60	28
PCT7318	TO	723	401	0	0	57	344	236	108
PCT7319	MV	861	345	0	0	40	305	198	107
PCT7319	ED	188	185	0	0	36	149	104	45
PCT7319	TO	1049	530	0	0	76	454	302	152
PCT7321	MV	557	202	0	0	21	181	113	68
PCT7321	ED	102	85	0	0	10	75	53	22
PCT7321	TO	659	287	0	0	31	256	166	90
PCT7322	MV	742	294	0	0	48	246	128	118
PCT7322	ED	146	50	0	0	9	41	35	6
PCT7322	TO	888	344	0	0	57	287	163	124
PCT7323	MV	790	368	0	0	47	321	222	99
PCT7323	ED	166	160	0	0	25	135	93	42
PCT7323	TO	956	528	0	0	72	456	315	141
PCT7324	MV	587	260	0	0	28	232	156	76
PCT7324	ED	150	89	0	0	13	76	49	27
PCT7324	TO	737	349	0	0	41	308	205	103
PCT7325	MV	714	327	0	0	40	287	191	96
PCT7325	ED	172	124	0	0	21	103	72	31
PCT7325	TO	886	451	0	0	61	390	263	127
PCT7326	MV	685	304	0	1	38	265	166	99
PCT7326	ED	174	159	0	0	28	131	97	34
PCT7326	TO	859	463	0	1	66	396	263	133
PCT7327	MV	561	230	0	0	38	192	95	97
PCT7327	ED	126	49	0	0	3	46	32	14
PCT7327	TO	687	279	0	0	41	238	127	111
PCT7328	MV	829	333	0	0	67	266	154	112
PCT7328	ED	173	67	0	0	12	55	43	12
PCT7328	TO	1002	400	0	0	79	321	197	124
PCT7329	MV	556	227	0	0	33	194	112	82
PCT7329	ED	95	78	0	0	6	72	54	18
PCT7329	TO	651	305	0	0	39	266	166	100
PCT7331	MV	710	361	0	0	48	313	181	132
PCT7331	ED	160	162	0	0	25	137	87	50
PCT7331	TO	870	523	0	0	73	450	268	182
PCT7332	MV	654	264	0	0	27	237	188	49
PCT7332	ED	136	149	0	0	13	136	118	18
PCT7332	TO	790	413	0	0	40	373	306	67
PCT7333	MV	822	390	0	0	47	343	247	96
PCT7333	ED	193	224	0	0	24	200	155	45
PCT7333	TO	1015	614	0	0	71	543	402	141
PCT7334	MV	688	307	0	0	23	284	193	91
PCT7334	ED	131	135	0	0	14	121	89	32
PCT7334	TO	819	442	0	0	37	405	282	123
PCT7335	MV	788	389	0	1	44	344	221	123
PCT7335	ED	146	191	0	0	35	156	130	26
PCT7335	TO	934	580	0	1	79	500	351	149
PCT7336	MV	779	405	0	0	41	364	232	132
PCT7336	ED	175	178	0	0	29	149	105	44
PCT7336	TO	954	583	0	0	70	513	337	176
PCT7337	MV	772	386	0	0	43	343	211	132
PCT7337	ED	125	112	0	0	14	98	71	27
PCT7337	TO	897	498	0	0	57	441	282	159
PCT7338	MV	770	360	0	0	49	311	181	130
PCT7338	ED	125	91	0	0	12	79	59	20
PCT7338	TO	895	451	0	0	61	390	240	150
PCT7339	MV	605	270	0	0	31	239	179	60
PCT7339	ED	150	122	0	0	5	117	86	31
PCT7339	TO	755	392	0	0	36	356	265	91
PCT7341	MV	675	291	0	0	36	255	181	74
PCT7341	ED	178	160	0	0	14	146	112	34
PCT7341	TO	853	451	0	0	50	401	293	108
PCT7342	MV	674	324	0	0	26	298	219	79
PCT7342	ED	230	245	0	0	25	220	167	53
PCT7342	TO	904	569	0	0	51	518	386	132
PCT7343	MV	554	252	0	0	17	235	195	40
PCT7343	ED	150	150	0	0	22	128	100	28
PCT7343	TO	704	402	0	0	39	363	295	68
PCT7344	MV	863	392	0	0	33	359	248	111
PCT7344	ED	201	211	0	0	24	187	145	42
PCT7344	TO	1064	603	0	0	57	546	393	153
PCT7345	MV	904	434	0	0	35	399	303	96
PCT7345	ED	210	217	0	0	27	190	148	42
PCT7345	TO	1114	651	0	0	62	589	451	138
PCT7346	MV	681	288	0	0	30	258	186	72
PCT7346	ED	208	174	0	0	26	148	114	34
PCT7346	TO	889	462	0	0	56	406	300	106
PCT7347	MV	833	371	0	0	40	331	274	57
PCT7347	ED	170	123	0	0	17	106	86	20
PCT7347	TO	1003	494	0	0	57	437	360	77
PCT7348	MV	650	279	0	0	32	247	179	68
PCT7348	ED	193	116	0	0	13	103	81	22
PCT7348	TO	843	395	0	0	45	350	260	90
PCT7349	MV	710	316	0	0	30	286	198	88
PCT7349	ED	202	145	0	0	23	122	96	26
PCT7349	TO	912	461	0	0	53	408	294	114
PCT7501	MV	456	248	0	0	33	215	139	76
PCT7501	ED	95	116	0	0	21	95	60	35
PCT7501	TO	551	364	0	0	54	310	199	111
PCT7502	MV	668	315	0	0	35	280	170	110
PCT7502	ED	121	143	0	0	21	122	95	27
PCT7502	TO	789	458	0	0	56	402	265	137
PCT7503	MV	614	286	0	0	27	259	193	66
PCT7503	ED	148	138	0	0	24	114	77	37
PCT7503	TO	762	424	0	0	51	373	270	103
PCT7504	MV	404	175	0	0	14	161	105	56
PCT7504	ED	84	84	0	0	10	74	59	15
PCT7504	TO	488	259	0	0	24	235	164	71
PCT7505	MV	729	405	0	2	52	351	263	88
PCT7505	ED	133	130	0	0	14	116	85	31
PCT7505	TO	862	535	0	2	66	467	348	119
PCT7506	MV	842	364	0	0	40	324	232	92
PCT7506	ED	158	162	0	0	21	141	125	16
PCT7506	TO	1000	526	0	0	61	465	357	108
PCT7507	MV	694	289	0	0	25	264	194	70
PCT7507	ED	262	133	0	0	12	121	94	27
PCT7507	TO	956	422	0	0	37	385	288	97
PCT7508	MV	618	373	0	0	42	331	235	96
PCT7508	ED	126	118	0	0	11	107	84	23
PCT7508	TO	744	491	0	0	53	438	319	119
PCT7509	MV	756	399	0	0	40	359	265	94
PCT7509	ED	173	169	0	0	18	151	121	30
PCT7509	TO	929	568	0	0	58	510	386	124
PCT7512	MV	475	248	0	0	26	222	161	61
PCT7512	ED	125	89	0	0	9	80	58	22
PCT7512	TO	600	337	0	0	35	302	219	83
PCT7513	MV	575	248	0	0	31	217	170	47
PCT7513	ED	231	143	0	0	28	115	93	22
PCT7513	TO	806	391	0	0	59	332	263	69
PCT7514	MV	709	242	0	0	37	205	147	58
PCT7514	ED	207	76	0	0	13	63	43	20
PCT7514	TO	916	318	0	0	50	268	190	78
PCT7515	MV	663	322	0	1	19	302	219	83
PCT7515	ED	201	114	0	0	19	95	74	21
PCT7515	TO	864	436	0	1	38	397	293	104
PCT7516	MV	773	423	0	0	34	389	272	117
PCT7516	ED	147	131	0	0	8	123	84	39
PCT7516	TO	920	554	0	0	42	512	356	156
PCT7517	MV	645	362	0	0	43	319	264	55
PCT7517	ED	223	234	0	0	29	205	164	41
PCT7517	TO	868	596	0	0	72	524	428	96
PCT7518	MV	708	392	0	0	43	349	281	68
PCT7518	ED	218	247	0	0	24	223	182	41
PCT7518	TO	926	639	0	0	67	572	463	109
PCT7519	MV	543	260	0	0	35	225	181	44
PCT7519	ED	172	172	0	0	19	153	129	24
PCT7519	TO	715	432	0	0	54	378	310	68
PCT7521	MV	597	319	0	0	29	290	248	42
PCT7521	ED	182	205	0	0	17	188	164	24
PCT7521	TO	779	524	0	0	46	478	412	66
PCT7522	MV	588	301	0	0	26	275	223	52
PCT7522	ED	171	192	0	0	26	166	138	28
PCT7522	TO	759	493	0	0	52	441	361	80
PCT7523	MV	564	285	0	0	30	255	217	38
PCT7523	ED	180	221	0	1	22	198	166	32
PCT7523	TO	744	506	0	1	52	453	383	70
PCT7524	MV	480	228	0	0	24	204	170	34
PCT7524	ED	144	130	0	0	20	110	93	17
PCT7524	TO	624	358	0	0	44	314	263	51
PCT7525	MV	594	246	0	0	32	214	171	43
PCT7525	ED	170	130	0	0	22	108	90	18
PCT7525	TO	764	376	0	0	54	322	261	61
PCT7526	MV	826	395	0	0	51	344	290	54
PCT7526	ED	162	219	0	0	31	188	147	41
PCT7526	TO	988	614	0	0	82	532	437	95
PCT7527	MV	538	296	0	0	31	265	208	57
PCT7527	ED	172	126	0	0	11	115	90	25
PCT7527	TO	710	422	0	0	42	380	298	82
PCT7529	MV	749	366	0	0	28	338	291	47
PCT7529	ED	154	231	0	0	23	208	172	36
PCT7529	TO	903	597	0	0	51	546	463	83
PCT7531	MV	714	336	0	0	29	307	265	42
PCT7531	ED	159	179	0	0	13	166	139	27
PCT7531	TO	873	515	0	0	42	473	404	69
PCT7532	MV	668	329	0	0	23	306	246	60
PCT7532	ED	167	185	0	1	23	161	127	34
PCT7532	TO	835	514	0	1	46	467	373	94
PCT7533	MV	776	405	0	0	39	366	305	61
PCT7533	ED	194	252	0	0	29	223	189	34
PCT7533	TO	970	657	0	0	68	589	494	95
PCT7534	MV	670	376	0	0	43	333	268	65
PCT7534	ED	233	231	0	0	26	205	177	28
PCT7534	TO	903	607	0	0	69	538	445	93
PCT7535	MV	606	300	0	0	33	267	214	53
PCT7535	ED	139	199	0	0	31	168	138	30
PCT7535	TO	745	499	0	0	64	435	352	83
PCT7536	MV	670	346	0	0	26	320	263	57
PCT7536	ED	163	216	0	0	27	189	156	33
PCT7536	TO	833	562	0	0	53	509	419	90
PCT7537	MV	619	301	0	0	26	275	221	54
PCT7537	ED	126	197	0	0	21	176	145	31
PCT7537	TO	745	498	0	0	47	451	366	85
PCT7538	MV	562	322	0	0	25	297	241	56
PCT7538	ED	189	212	0	0	26	186	164	22
PCT7538	TO	751	534	0	0	51	483	405	78
PCT7539	MV	696	374	0	0	23	351	302	49
PCT7539	ED	225	215	0	0	22	193	174	19
PCT7539	TO	921	589	0	0	45	544	476	68
PCT7541	MV	600	295	0	0	32	263	213	50
PCT7541	ED	170	214	0	0	31	183	153	30
PCT7541	TO	770	509	0	0	63	446	366	80
PCT7542	MV	632	324	0	0	20	304	256	48
PCT7542	ED	192	200	0	0	16	184	150	34
PCT7542	TO	824	524	0	0	36	488	406	82
PCT7543	MV	694	371	0	0	27	344	270	74
PCT7543	ED	230	173	0	0	24	149	117	32
PCT7543	TO	924	544	0	0	51	493	387	106
PCT7544	MV	731	389	0	0	41	348	278	70
PCT7544	ED	168	207	0	0	25	182	151	31
PCT7544	TO	899	596	0	0	66	530	429	101
PCT7545	MV	723	385	0	0	39	346	272	74
PCT7545	ED	172	192	0	0	25	167	141	26
PCT7545	TO	895	577	0	0	64	513	413	100
PCT7546	MV	770	418	0	0	37	381	323	58
PCT7546	ED	183	255	0	0	30	225	172	53
PCT7546	TO	953	673	0	0	67	606	495	111
PCT7547	MV	798	427	0	0	37	390	342	48
PCT7547	ED	183	227	0	0	23	204	184	20
PCT7547	TO	981	654	0	0	60	594	526	68
PCT7548	MV	802	450	0	0	36	414	328	86
PCT7548	ED	249	259	0	0	31	228	197	31
PCT7548	TO	1051	709	0	0	67	642	525	117
PCT7549	MV	660	358	0	0	39	319	261	58
PCT7549	ED	146	170	0	0	26	144	120	24
PCT7549	TO	806	528	0	0	65	463	381	82
PCT7551	MV	587	304	0	0	25	279	237	42
PCT7551	ED	136	178	0	0	13	165	135	30
PCT7551	TO	723	482	0	0	38	444	372	72
PCT7552	MV	561	285	0	0	34	251	200	51
PCT7552	ED	124	168	0	0	29	139	112	27
PCT7552	TO	685	453	0	0	63	390	312	78
PCT7553	MV	211	95	0	0	7	88	60	28
PCT7553	ED	-20	7	0	0	1	6	3	3
PCT7553	TO	191	102	0	0	8	94	63	31
PCT7554	MV	653	381	0	0	39	342	263	79
PCT7554	ED	168	216	0	0	26	190	137	53
PCT7554	TO	821	597	0	0	65	532	400	132
PCT7555	MV	662	416	0	0	44	372	295	77
PCT7555	ED	210	244	0	0	36	208	166	42
PCT7555	TO	872	660	0	0	80	580	461	119
PCT7556	MV	812	513	0	0	39	474	367	107
PCT7556	ED	154	214	0	0	27	187	138	49
PCT7556	TO	966	727	0	0	66	661	505	156
PCT7601	MV	485	207	0	0	17	190	134	56
PCT7601	ED	192	112	0	0	15	97	76	21
PCT7601	TO	677	319	0	0	32	287	210	77
PCT7602	MV	654	276	0	0	21	255	187	68
PCT7602	ED	232	128	0	0	16	112	92	20
PCT7602	TO	886	404	0	0	37	367	279	88
PCT7603	MV	615	295	0	0	33	262	204	58
PCT7603	ED	200	174	0	0	17	157	120	37
PCT7603	TO	815	469	0	0	50	419	324	95
PCT7604	MV	685	270	0	0	18	252	197	55
PCT7604	ED	259	164	0	0	28	136	102	34
PCT7604	TO	944	434	0	0	46	388	299	89
PCT7605	MV	468	192	0	0	20	172	129	43
PCT7605	ED	193	84	0	0	8	76	46	30
PCT7605	TO	661	276	0	0	28	248	175	73
PCT7606	MV	673	267	0	0	38	229	176	53
PCT7606	ED	210	99	0	0	6	93	74	19
PCT7606	TO	883	366	0	0	44	322	250	72
PCT7607	MV	712	288	0	0	25	263	199	64
PCT7607	ED	207	127	0	0	7	120	89	31
PCT7607	TO	919	415	0	0	32	383	288	95
PCT7608	MV	279	96	0	0	15	81	44	37
PCT7608	ED	101	26	0	0	1	25	21	4
PCT7608	TO	380	122	0	0	16	106	65	41
PCT7609	MV	699	286	0	0	40	246	171	75
PCT7609	ED	185	69	0	0	10	59	40	19
PCT7609	TO	884	355	0	0	50	305	211	94
PCT7611	MV	586	235	0	0	23	212	149	63
PCT7611	ED	202	47	0	0	5	42	36	6
PCT7611	TO	788	282	0	0	28	254	185	69
PCT7612	MV	452	216	0	0	19	197	130	67
PCT7612	ED	105	47	0	0	4	43	30	13
PCT7612	TO	557	263	0	0	23	240	160	80
PCT7613	MV	634	244	0	0	25	219	168	51
PCT7613	ED	249	107	0	0	9	98	81	17
PCT7613	TO	883	351	0	0	34	317	249	68
PCT7614	MV	713	254	0	0	25	229	182	47
PCT7614	ED	203	114	0	0	11	103	86	17
PCT7614	TO	916	368	0	0	36	332	268	64
PCT7615	MV	510	165	0	0	18	147	111	36
PCT7615	ED	240	81	0	0	8	73	58	15
PCT7615	TO	750	246	0	0	26	220	169	51
PCT7616	MV	754	330	0	0	43	287	214	73
PCT7616	ED	82	144	0	0	20	124	90	34
PCT7616	TO	836	474	0	0	63	411	304	107
PCT7617	MV	583	222	0	0	35	187	133	54
PCT7617	ED	169	67	0	0	16	51	44	7
PCT7617	TO	752	289	0	0	51	238	177	61
PCT7618	MV	763	365	0	0	34	331	233	98
PCT7618	ED	151	114	0	0	17	97	72	25
PCT7618	TO	914	479	0	0	51	428	305	123
PCT7619	MV	937	439	0	0	44	395	295	100
PCT7619	ED	170	169	0	0	21	148	115	33
PCT7619	TO	1107	608	0	0	65	543	410	133
PCT7621	MV	1006	443	0	0	41	402	310	92
PCT7621	ED	149	150	0	0	23	127	100	27
PCT7621	TO	1155	593	0	0	64	529	410	119
PCT7622	MV	697	215	0	0	13	202	157	45
PCT7622	ED	263	98	0	0	13	85	73	12
PCT7622	TO	960	313	0	0	26	287	230	57
PCT7623	MV	767	256	0	1	28	227	165	62
PCT7623	ED	237	143	0	0	15	128	104	24
PCT7623	TO	1004	399	0	1	43	355	269	86
PCT7624	MV	652	209	0	0	18	191	137	54
PCT7624	ED	223	97	0	0	17	80	63	17
PCT7624	TO	875	306	0	0	35	271	200	71
PCT7625	MV	749	394	0	0	66	328	206	122
PCT7625	ED	73	39	0	0	3	36	28	8
PCT7625	TO	822	433	0	0	69	364	234	130
PCT7626	MV	944	401	0	0	51	350	217	133
PCT7626	ED	129	134	0	0	14	120	85	35
PCT7626	TO	1073	535	0	0	65	470	302	168
PCT7627	MV	457	196	0	0	23	173	99	74
PCT7627	ED	67	65	0	0	9	56	35	21
PCT7627	TO	524	261	0	0	32	229	134	95
PCT7628	MV	718	332	0	0	30	302	233	69
PCT7628	ED	220	156	0	0	18	138	110	28
PCT7628	TO	938	488	0	0	48	440	343	97
PCT7629	MV	691	276	0	0	28	248	197	51
PCT7629	ED	162	131	0	0	14	117	93	24
PCT7629	TO	853	407	0	0	42	365	290	75
PCT7631	MV	1009	441	0	0	48	393	289	104
PCT7631	ED	210	159	0	0	18	141	108	33
PCT7631	TO	1219	600	0	0	66	534	397	137
PCT7632	MV	1002	414	0	0	31	383	288	95
PCT7632	ED	169	188	0	0	20	168	136	32
PCT7632	TO	1171	602	0	0	51	551	424	127
PCT7633	MV	609	278	0	0	31	247	170	77
PCT7633	ED	126	108	0	0	15	93	68	25
PCT7633	TO	735	386	0	0	46	340	238	102
PCT7634	MV	704	344	0	0	40	304	214	90
PCT7634	ED	186	143	0	0	23	120	83	37
PCT7634	TO	890	487	0	0	63	424	297	127
PCT7635	MV	665	274	0	0	22	252	170	82
PCT7635	ED	188	83	0	0	10	73	53	20
PCT7635	TO	853	357	0	0	32	325	223	102
PCT7636	MV	798	330	0	0	35	295	207	88
PCT7636	ED	161	155	0	0	22	133	101	32
PCT7636	TO	959	485	0	0	57	428	308	120
PCT7637	MV	747	344	0	0	40	304	198	106
PCT7637	ED	121	145	0	0	28	117	82	35
PCT7637	TO	868	489	0	0	68	421	280	141
PCT7638	MV	806	372	0	0	37	335	201	134
PCT7638	ED	83	132	0	0	19	113	62	51
PCT7638	TO	889	504	0	0	56	448	263	185
PCT7639	MV	889	396	0	0	44	352	239	113
PCT7639	ED	133	154	0	0	34	120	75	45
PCT7639	TO	1022	550	0	0	78	472	314	158
PCT7641	MV	817	400	0	0	29	371	219	152
PCT7641	ED	134	141	0	1	15	125	85	40
PCT7641	TO	951	541	0	1	44	496	304	192
PCT7642	MV	647	311	0	0	44	267	199	68
PCT7642	ED	118	129	0	0	29	100	70	30
PCT7642	TO	765	440	0	0	73	367	269	98
PCT7643	MV	810	433	0	0	37	396	253	143
PCT7643	ED	131	115	0	0	19	96	69	27
PCT7643	TO	941	548	0	0	56	492	322	170
PCT7644	MV	1014	404	0	0	51	353	250	103
PCT7644	ED	162	186	0	0	23	163	127	36
PCT7644	TO	1176	590	0	0	74	516	377	139
PCT7645	MV	595	286	0	0	28	258	163	95
PCT7645	ED	61	96	0	0	13	83	53	30
PCT7645	TO	656	382	0	0	41	341	216	125
PCT7646	MV	1032	485	0	0	46	439	313	126
PCT7646	ED	121	179	0	0	27	152	118	34
PCT7646	TO	1153	664	0	0	73	591	431	160
PCT7647	MV	724	211	0	0	5	206	148	58
PCT7647	ED	263	117	0	0	11	106	89	17
PCT7647	TO	987	328	0	0	16	312	237	75
PCT7648	MV	2	1	0	0	1	0	0	0
PCT7648	TO	2	1	0	0	1	0	0	0
PCT7649	MV	723	286	0	0	21	265	182	83
PCT7649	ED	177	108	0	0	9	99	78	21
PCT7649	TO	900	394	0	0	30	364	260	104
PCT7651	MV	834	332	0	0	32	300	202	98
PCT7651	ED	113	110	0	0	18	92	64	28
PCT7651	TO	947	442	0	0	50	392	266	126
PCT7652	MV	535	208	0	0	21	187	126	61
PCT7652	ED	100	98	0	0	9	89	65	24
PCT7652	TO	635	306	0	0	30	276	191	85
PCT7653	MV	750	335	0	0	46	289	206	83
PCT7653	ED	89	95	0	0	10	85	59	26
PCT7653	TO	839	430	0	0	56	374	265	109
PCT7654	MV	413	191	0	0	20	171	123	48
PCT7654	ED	53	91	0	0	11	80	65	15
PCT7654	TO	466	282	0	0	31	251	188	63
PCT7655	MV	583	215	0	0	12	203	139	64
PCT7655	ED	96	84	0	0	18	66	43	23
PCT7655	TO	679	299	0	0	30	269	182	87
PCT7656	MV	603	308	0	0	37	271	168	103
PCT7656	ED	35	67	0	0	13	54	32	22
PCT7656	TO	638	375	0	0	50	325	200	125
PCT7657	MV	561	269	0	0	32	237	168	69
PCT7657	ED	37	89	0	0	14	75	51	24
PCT7657	TO	598	358	0	0	46	312	219	93
PCT7701	MV	868	481	0	0	47	434	330	104
PCT7701	ED	196	175	0	0	20	155	122	33
PCT7701	TO	1064	656	0	0	67	589	452	137
PCT7702	MV	623	377	0	1	26	350	224	126
PCT7702	ED	133	107	0	0	12	95	67	28
PCT7702	TO	756	484	0	1	38	445	291	154
PCT7703	MV	187	71	0	0	8	63	46	17
PCT7703	ED	-13	0	0	0	0	0	0	0
PCT7703	TO	174	71	0	0	8	63	46	17
PCT7704	MV	798	490	0	0	46	444	277	167
PCT7704	ED	204	175	0	0	14	161	104	57
PCT7704	TO	1002	665	0	0	60	605	381	224
PCT7705	MV	470	285	0	0	22	263	159	104
PCT7705	ED	125	110	0	0	11	99	61	38
PCT7705	TO	595	395	0	0	33	362	220	142
PCT7706	MV	687	447	0	0	38	409	253	156
PCT7706	ED	179	163	0	0	14	149	95	54
PCT7706	TO	866	610	0	0	52	558	348	210
PCT7707	MV	683	432	0	0	34	398	268	130
PCT7707	ED	189	179	0	0	10	169	114	55
PCT7707	TO	872	611	0	0	44	567	382	185
PCT7708	MV	710	462	0	0	46	416	275	141
PCT7708	ED	165	154	0	0	15	139	96	43
PCT7708	TO	875	616	0	0	61	555	371	184
PCT7709	MV	324	194	0	0	18	176	120	56
PCT7709	ED	82	90	0	0	6	84	60	24
PCT7709	TO	406	284	0	0	24	260	180	80
PCT7711	MV	658	379	0	0	33	346	234	112
PCT7711	ED	153	126	0	0	9	117	84	33
PCT7711	TO	811	505	0	0	42	463	318	145
PCT7712	MV	425	258	0	0	16	242	181	61
PCT7712	ED	107	109	0	0	9	100	77	23
PCT7712	TO	532	367	0	0	25	342	258	84
PCT7801	MV	823	479	0	0	39	440	310	130
PCT7801	ED	151	196	0	0	16	180	136	44
PCT7801	TO	974	675	0	0	55	620	446	174
PCT7802	MV	646	402	0	1	34	367	261	106
PCT7802	ED	152	160	0	0	14	146	122	24
PCT7802	TO	798	562	0	1	48	513	383	130
PCT7803	MV	718	476	0	1	51	424	312	112
PCT7803	ED	113	129	0	0	15	114	80	34
PCT7803	TO	831	605	0	1	66	538	392	146
PCT7804	MV	734	463	0	0	44	419	333	86
PCT7804	ED	151	182	0	0	24	158	122	36
PCT7804	TO	885	645	0	0	68	577	455	122
PCT7805	MV	644	400	0	1	44	355	260	95
PCT7805	ED	156	157	0	0	16	141	115	26
PCT7805	TO	800	557	0	1	60	496	375	121
PCT7806	MV	602	361	0	0	32	329	261	68
PCT7806	ED	153	154	0	0	13	141	119	22
PCT7806	TO	755	515	0	0	45	470	380	90
PCT7807	MV	642	363	0	0	29	334	270	64
PCT7807	ED	185	176	0	0	19	157	133	24
PCT7807	TO	827	539	0	0	48	491	403	88
PCT7808	MV	525	296	0	1	34	261	224	37
PCT7808	ED	129	132	0	0	18	114	92	22
PCT7808	TO	654	428	0	1	52	375	316	59
PCT7809	MV	624	351	0	0	28	323	264	59
PCT7809	ED	140	137	0	0	16	121	104	17
PCT7809	TO	764	488	0	0	44	444	368	76
PCT7811	MV	582	311	0	0	34	277	239	38
PCT7811	ED	176	157	0	0	13	144	122	22
PCT7811	TO	758	468	0	0	47	421	361	60
PCT7812	MV	680	369	0	0	33	336	263	73
PCT7812	ED	217	168	0	1	16	151	123	28
PCT7812	TO	897	537	0	1	49	487	386	101
PCT7813	MV	843	483	0	0	32	451	359	92
PCT7813	ED	225	217	0	0	23	194	162	32
PCT7813	TO	1068	700	0	0	55	645	521	124
PCT7814	MV	660	281	0	0	26	255	206	49
PCT7814	ED	241	120	0	0	12	108	84	24
PCT7814	TO	901	401	0	0	38	363	290	73
PCT7815	MV	749	465	0	0	51	414	317	97
PCT7815	ED	168	181	0	0	19	162	130	32
PCT7815	TO	917	646	0	0	70	576	447	129
PCT7816	MV	724	472	0	0	47	425	321	104
PCT7816	ED	148	151	0	0	13	138	100	38
PCT7816	TO	872	623	0	0	60	563	421	142
PCT7817	MV	652	396	0	0	22	374	298	76
PCT7817	ED	186	185	0	0	16	169	142	27
PCT7817	TO	838	581	0	0	38	543	440	103
PCT7818	MV	668	393	0	0	36	357	289	68
PCT7818	ED	171	150	0	0	12	138	115	23
PCT7818	TO	839	543	0	0	48	495	404	91
PCT7819	MV	635	352	0	0	23	329	261	68
PCT7819	ED	139	91	0	0	9	82	67	15
PCT7819	TO	774	443	0	0	32	411	328	83
PCT7821	MV	806	519	0	0	40	479	366	113
PCT7821	ED	170	190	0	0	16	174	130	44
PCT7821	TO	976	709	0	0	56	653	496	157
PCT7822	MV	673	395	0	0	39	356	296	60
PCT7822	ED	219	224	0	0	24	200	151	49
PCT7822	TO	892	619	0	0	63	556	447	109
PCT7823	MV	706	410	0	0	36	374	285	89
PCT7823	ED	177	189	0	0	10	179	147	32
PCT7823	TO	883	599	0	0	46	553	432	121
PCT7824	MV	615	335	0	1	34	300	232	68
PCT7824	ED	153	158	0	0	19	139	111	28
PCT7824	TO	768	493	0	1	53	439	343	96
PCT7825	MV	457	252	0	0	20	232	208	24
PCT7825	ED	151	132	0	0	9	123	100	23
PCT7825	TO	608	384	0	0	29	355	308	47
PCT7826	MV	486	263	0	0	27	236	194	42
PCT7826	ED	204	163	0	0	14	149	126	23
PCT7826	TO	690	426	0	0	41	385	320	65
PCT7827	MV	607	318	0	0	27	291	234	57
PCT7827	ED	219	147	0	0	18	129	109	20
PCT7827	TO	826	465	0	0	45	420	343	77
PCT7828	MV	857	478	0	0	46	432	313	119
PCT7828	ED	171	183	0	0	21	162	120	42
PCT7828	TO	1028	661	0	0	67	594	433	161
PCT7829	MV	742	466	0	0	40	426	308	118
PCT7829	ED	149	151	0	0	5	146	118	28
PCT7829	TO	891	617	0	0	45	572	426	146
PCT7831	MV	763	485	0	0	58	427	320	107
PCT7831	ED	139	139	0	0	10	129	99	30
PCT7831	TO	902	624	0	0	68	556	419	137
PCT7832	MV	663	413	0	0	35	378	291	87
PCT7832	ED	118	128	0	0	11	117	93	24
PCT7832	TO	781	541	0	0	46	495	384	111
PCT7833	MV	587	343	0	0	32	311	263	48
PCT7833	ED	146	146	0	0	16	130	108	22
PCT7833	TO	733	489	0	0	48	441	371	70
PCT7834	MV	700	375	0	0	40	335	271	64
PCT7834	ED	194	179	0	0	19	160	132	28
PCT7834	TO	894	554	0	0	59	495	403	92
PCT7835	MV	721	428	0	0	29	399	271	128
PCT7835	ED	142	148	0	0	15	133	98	35
PCT7835	TO	863	576	0	0	44	532	369	163
PCT7836	MV	850	505	0	0	45	460	330	130
PCT7836	ED	193	171	0	0	11	160	122	38
PCT7836	TO	1043	676	0	0	56	620	452	168
PCT7837	MV	718	424	0	0	47	377	280	97
PCT7837	ED	205	202	0	0	15	187	145	42
PCT7837	TO	923	626	0	0	62	564	425	139
PCT7838	MV	752	493	0	0	49	444	301	143
PCT7838	ED	143	158	0	0	16	142	109	33
PCT7838	TO	895	651	0	0	65	586	410	176
PCT7839	MV	731	456	0	0	48	408	288	120
PCT7839	ED	130	140	0	0	14	126	93	33
PCT7839	TO	861	596	0	0	62	534	381	153
PCT7841	MV	752	458	0	0	52	406	306	100
PCT7841	ED	198	207	0	0	18	189	152	37
PCT7841	TO	950	665	0	0	70	595	458	137
PCT7842	MV	702	394	0	1	34	359	294	65
PCT7842	ED	177	155	0	0	10	145	116	29
PCT7842	TO	879	549	0	1	44	504	410	94
PCT7843	MV	546	295	0	0	21	274	217	57
PCT7843	ED	183	165	0	0	17	148	126	22
PCT7843	TO	729	460	0	0	38	422	343	79
PCT7844	MV	499	281	0	0	30	251	204	47
PCT7844	ED	152	137	0	0	16	121	100	21
PCT7844	TO	651	418	0	0	46	372	304	68
PCT7845	MV	676	405	0	0	36	369	272	97
PCT7845	ED	204	178	0	0	17	161	118	43
PCT7845	TO	880	583	0	0	53	530	390	140
PCT7846	MV	736	464	0	0	51	413	297	116
PCT7846	ED	172	171	0	0	18	153	115	38
PCT7846	TO	908	635	0	0	69	566	412	154
PCT7847	MV	698	429	0	0	52	377	285	92
PCT7847	ED	193	183	0	1	12	170	125	45
PCT7847	TO	891	612	0	1	64	547	410	137
PCT7848	MV	665	437	0	0	32	405	310	95
PCT7848	ED	182	169	0	0	22	147	117	30
PCT7848	TO	847	606	0	0	54	552	427	125
PCT7849	MV	729	443	0	0	40	403	307	96
PCT7849	ED	172	188	0	0	22	166	145	21
PCT7849	TO	901	631	0	0	62	569	452	117
PCT7851	MV	414	272	0	0	25	247	151	96
PCT7851	ED	112	85	0	1	10	74	43	31
PCT7851	TO	526	357	0	1	35	321	194	127
PCT7852	MV	533	350	0	0	36	314	206	108
PCT7852	ED	111	103	0	0	10	93	62	31
PCT7852	TO	644	453	0	0	46	407	268	139
PCT7853	MV	694	394	0	0	41	353	250	103
PCT7853	ED	161	139	0	0	11	128	88	40
PCT7853	TO	855	533	0	0	52	481	338	143
PCT7854	MV	703	430	0	0	56	374	279	95
PCT7854	ED	175	173	0	0	18	155	125	30
PCT7854	TO	878	603	0	0	74	529	404	125
PCT7855	MV	763	451	0	1	53	397	297	100
PCT7855	ED	211	204	0	1	28	175	134	41
PCT7855	TO	974	655	0	2	81	572	431	141
PCT7856	MV	643	376	0	0	32	344	258	86
PCT7856	ED	204	193	0	0	12	181	137	44
PCT7856	TO	847	569	0	0	44	525	395	130
PCT7857	MV	748	437	0	0	46	391	288	103
PCT7857	ED	158	156	0	0	9	147	121	26
PCT7857	TO	906	593	0	0	55	538	409	129
PCT7858	MV	622	349	0	0	32	317	264	53
PCT7858	ED	157	151	0	0	14	137	113	24
PCT7858	TO	779	500	0	0	46	454	377	77
PCT7859	MV	747	464	0	0	45	419	301	118
PCT7859	ED	152	167	0	0	24	143	105	38
PCT7859	TO	899	631	0	0	69	562	406	156
PCT7861	MV	699	432	0	0	32	400	296	104
PCT7861	ED	164	171	0	0	9	162	136	26
PCT7861	TO	863	603	0	0	41	562	432	130
PCT7862	MV	669	401	0	0	33	368	287	81
PCT7862	ED	195	198	0	0	21	177	134	43
PCT7862	TO	864	599	0	0	54	545	421	124
PCT7863	MV	693	373	0	0	33	340	273	67
PCT7863	ED	208	208	0	0	17	191	147	44
PCT7863	TO	901	581	0	0	50	531	420	111
PCT7864	MV	661	374	0	0	40	334	253	81
PCT7864	ED	153	157	0	0	18	139	103	36
PCT7864	TO	814	531	0	0	58	473	356	117
PCT7865	MV	677	408	0	0	38	370	276	94
PCT7865	ED	163	160	0	0	14	146	111	35
PCT7865	TO	840	568	0	0	52	516	387	129
PCT7866	MV	690	446	0	0	45	401	251	150
PCT7866	ED	158	143	0	0	12	131	89	42
PCT7866	TO	848	589	0	0	57	532	340	192
PCT7867	MV	766	470	0	0	38	432	309	123
PCT7867	ED	212	184	0	0	24	160	119	41
PCT7867	TO	978	654	0	0	62	592	428	164
PCT7868	MV	659	376	0	0	31	345	240	105
PCT7868	ED	217	162	0	0	15	147	110	37
PCT7868	TO	876	538	0	0	46	492	350	142
PCT7869	MV	683	441	0	0	36	405	312	93
PCT7869	ED	178	191	0	0	22	169	125	44
PCT7869	TO	861	632	0	0	58	574	437	137
PCT7871	MV	702	464	0	0	47	417	317	100
PCT7871	ED	200	157	0	0	18	139	98	41
PCT7871	TO	902	621	0	0	65	556	415	141
PCT7872	MV	675	420	0	0	30	390	279	111
PCT7872	ED	199	186	0	0	14	172	124	48
PCT7872	TO	874	606	0	0	44	562	403	159
PCT7873	MV	689	444	0	0	42	402	308	94
PCT7873	ED	202	214	0	0	19	195	148	47
PCT7873	TO	891	658	0	0	61	597	456	141
PCT7874	MV	370	191	0	0	13	178	139	39
PCT7874	ED	119	108	0	1	9	98	74	24
PCT7874	TO	489	299	0	1	22	276	213	63
PCT7875	MV	500	253	0	0	23	230	170	60
PCT7875	ED	147	115	0	0	10	105	79	26
PCT7875	TO	647	368	0	0	33	335	249	86
PCT7876	MV	462	257	0	0	28	229	184	45
PCT7876	ED	106	93	0	0	17	76	65	11
PCT7876	TO	568	350	0	0	45	305	249	56
PCT7901	MV	399	191	0	0	16	175	140	35
PCT7901	ED	150	67	0	0	5	62	54	8
PCT7901	TO	549	258	0	0	21	237	194	43
PCT7902	MV	680	290	0	0	22	268	224	44
PCT7902	ED	232	145	0	0	9	136	112	24
PCT7902	TO	912	435	0	0	31	404	336	68
PCT7903	MV	623	286	0	0	23	263	209	54
PCT7903	ED	229	125	0	0	14	111	96	15
PCT7903	TO	852	411	0	0	37	374	305	69
PCT7904	MV	680	299	0	0	27	272	201	71
PCT7904	ED	157	122	0	1	12	109	95	14
PCT7904	TO	837	421	0	1	39	381	296	85
PCT7905	MV	684	356	0	0	26	330	249	81
PCT7905	ED	191	183	0	0	12	171	137	34
PCT7905	TO	875	539	0	0	38	501	386	115
PCT7906	MV	599	283	0	0	20	263	205	58
PCT7906	ED	187	118	0	0	16	102	90	12
PCT7906	TO	786	401	0	0	36	365	295	70
PCT7907	MV	704	344	0	0	19	325	261	64
PCT7907	ED	238	165	0	0	20	145	117	28
PCT7907	TO	942	509	0	0	39	470	378	92
PCT7908	MV	752	366	0	0	44	322	254	68
PCT7908	ED	240	172	0	0	18	154	129	25
PCT7908	TO	992	538	0	0	62	476	383	93
PCT7909	MV	558	311	0	0	29	282	241	41
PCT7909	ED	185	141	0	0	12	129	109	20
PCT7909	TO	743	452	0	0	41	411	350	61
PCT7911	MV	666	322	0	0	25	297	226	71
PCT7911	ED	205	129	0	0	8	121	101	20
PCT7911	TO	871	451	0	0	33	418	327	91
PCT7912	MV	800	370	0	0	25	345	289	56
PCT7912	ED	259	182	0	0	22	160	139	21
PCT7912	TO	1059	552	0	0	47	505	428	77
PCT7913	MV	660	350	0	0	21	329	259	70
PCT7913	ED	263	216	0	0	14	202	162	40
PCT7913	TO	923	566	0	0	35	531	421	110
PCT7914	MV	715	390	0	0	41	349	277	72
PCT7914	ED	187	142	0	0	15	127	101	26
PCT7914	TO	902	532	0	0	56	476	378	98
PCT7915	MV	605	290	0	0	23	267	216	51
PCT7915	ED	238	183	0	0	10	173	144	29
PCT7915	TO	843	473	0	0	33	440	360	80
PCT7916	MV	639	335	0	0	23	312	251	61
PCT7916	ED	219	162	0	0	15	147	129	18
PCT7916	TO	858	497	0	0	38	459	380	79
PCT7917	MV	716	357	0	0	25	332	279	53
PCT7917	ED	271	187	0	0	12	175	154	21
PCT7917	TO	987	544	0	0	37	507	433	74
PCT7918	MV	597	297	0	0	20	277	232	45
PCT7918	ED	227	145	0	0	10	135	113	22
PCT7918	TO	824	442	0	0	30	412	345	67
PCT7919	MV	608	309	0	1	26	282	238	44
PCT7919	ED	258	177	0	0	9	168	147	21
PCT7919	TO	866	486	0	1	35	450	385	65
PCT7921	MV	682	310	0	0	21	289	220	69
PCT7921	ED	229	103	0	0	5	98	81	17
PCT7921	TO	911	413	0	0	26	387	301	86
PCT7922	MV	648	314	0	0	18	296	256	40
PCT7922	ED	210	157	0	0	17	140	116	24
PCT7922	TO	858	471	0	0	35	436	372	64
PCT7923	MV	666	337	0	0	27	310	234	76
PCT7923	ED	214	172	0	0	14	158	127	31
PCT7923	TO	880	509	0	0	41	468	361	107
PCT7924	MV	649	303	0	0	15	288	226	62
PCT7924	ED	202	126	0	0	13	113	91	22
PCT7924	TO	851	429	0	0	28	401	317	84
PCT7925	MV	434	225	0	0	23	202	157	45
PCT7925	ED	110	89	0	0	7	82	68	14
PCT7925	TO	544	314	0	0	30	284	225	59
PCT7926	MV	610	337	0	0	26	311	254	57
PCT7926	ED	178	150	0	0	10	140	113	27
PCT7926	TO	788	487	0	0	36	451	367	84
PCT7927	MV	580	335	0	0	31	304	249	55
PCT7927	ED	162	154	0	0	9	145	112	33
PCT7927	TO	742	489	0	0	40	449	361	88
PCT7928	MV	700	395	0	0	31	364	285	79
PCT7928	ED	217	208	0	0	9	199	165	34
PCT7928	TO	917	603	0	0	40	563	450	113
PCT7929	MV	678	424	0	0	36	388	305	83
PCT7929	ED	169	172	0	0	17	155	125	30
PCT7929	TO	847	596	0	0	53	543	430	113
PCT7931	MV	610	378	0	0	39	339	246	93
PCT7931	ED	141	150	0	0	15	135	113	22
PCT7931	TO	751	528	0	0	54	474	359	115
PCT7932	MV	443	277	0	0	23	254	178	76
PCT7932	ED	118	96	0	0	13	83	62	21
PCT7932	TO	561	373	0	0	36	337	240	97
PCT7933	MV	9	6	0	0	1	5	3	2
PCT7933	ED	-1	0	0	0	0	0	0	0
PCT7933	TO	8	6	0	0	1	5	3	2
PCT7934	MV	702	409	0	0	37	372	303	69
PCT7934	ED	182	156	0	1	19	136	114	22
PCT7934	TO	884	565	0	1	56	508	417	91
PCT7935	MV	716	436	0	0	37	399	313	86
PCT7935	ED	227	227	0	0	23	204	171	33
PCT7935	TO	943	663	0	0	60	603	484	119
PCT7936	MV	620	370	0	0	33	337	271	66
PCT7936	ED	236	221	0	1	14	206	169	37
PCT7936	TO	856	591	0	1	47	543	440	103
PCT7937	MV	698	406	0	0	32	374	294	80
PCT7937	ED	202	172	0	0	14	158	132	26
PCT7937	TO	900	578	0	0	46	532	426	106
PCT7938	MV	536	301	0	0	19	282	211	71
PCT7938	ED	215	121	0	0	11	110	89	21
PCT7938	TO	751	422	0	0	30	392	300	92
PCT7939	MV	481	289	0	0	23	266	219	47
PCT7939	ED	205	191	0	0	15	176	149	27
PCT7939	TO	686	480	0	0	38	442	368	74
PCT7941	MV	576	304	0	0	30	274	236	38
PCT7941	ED	196	173	0	0	14	159	129	30
PCT7941	TO	772	477	0	0	44	433	365	68
PCT7942	MV	658	333	0	0	20	313	237	76
PCT7942	ED	274	141	0	0	10	131	105	26
PCT7942	TO	932	474	0	0	30	444	342	102
PCT7943	MV	687	368	0	0	23	345	243	102
PCT7943	ED	213	158	0	0	12	146	103	43
PCT7943	TO	900	526	0	0	35	491	346	145
PCT7944	MV	584	342	0	0	40	302	243	59
PCT7944	ED	230	197	0	0	14	183	144	39
PCT7944	TO	814	539	0	0	54	485	387	98
PCT7945	MV	726	338	0	0	30	308	234	74
PCT7945	ED	228	85	0	0	7	78	70	8
PCT7945	TO	954	423	0	0	37	386	304	82
PCT7946	MV	779	366	0	0	24	342	202	140
PCT7946	ED	206	115	0	0	10	105	77	28
PCT7946	TO	985	481	0	0	34	447	279	168
PCT7947	MV	792	332	0	0	32	300	162	138
PCT7947	ED	194	95	0	0	5	90	55	35
PCT7947	TO	986	427	0	0	37	390	217	173
PCT7948	MV	730	373	0	0	33	340	201	139
PCT7948	ED	200	119	0	0	8	111	76	35
PCT7948	TO	930	492	0	0	41	451	277	174
PCT7949	MV	484	233	0	0	20	213	116	97
PCT7949	ED	106	57	0	0	11	46	30	16
PCT7949	TO	590	290	0	0	31	259	146	113
PCT7951	MV	731	366	0	0	27	339	184	155
PCT7951	ED	156	90	0	0	9	81	46	35
PCT7951	TO	887	456	0	0	36	420	230	190
PCT7952	MV	730	292	0	0	24	268	139	129
PCT7952	ED	182	86	0	0	9	77	53	24
PCT7952	TO	912	378	0	0	33	345	192	153
PCT7953	MV	669	331	0	0	23	308	175	133
PCT7953	ED	161	106	0	0	8	98	58	40
PCT7953	TO	830	437	0	0	31	406	233	173
PCT7955	MV	774	350	0	0	34	316	183	133
PCT7955	ED	173	101	0	0	12	89	62	27
PCT7955	TO	947	451	0	0	46	405	245	160
PCT7956	MV	699	267	0	0	19	248	140	108
PCT7956	ED	170	42	0	1	2	39	29	10
PCT7956	TO	869	309	0	1	21	287	169	118
PCT7957	MV	538	261	0	0	27	234	160	74
PCT7957	ED	135	85	0	0	9	76	59	17
PCT7957	TO	673	346	0	0	36	310	219	91
PCT7958	MV	320	104	0	0	7	97	65	32
PCT7958	ED	-23	0	0	0	0	0	0	0
PCT7958	TO	297	104	0	0	7	97	65	32
PCT7959	MV	541	230	0	0	27	203	164	39
PCT7959	ED	145	68	0	0	9	59	54	5
PCT7959	TO	686	298	0	0	36	262	218	44
PCT9001	MV	314	100	0	0	6	94	72	22
PCT9001	ED	-30	0	0	0	0	0	0	0
PCT9001	TO	284	100	0	0	6	94	72	22
PCT9101	MV	712	378	0	0	29	349	209	140
PCT9101	ED	201	195	0	0	19	176	117	59
PCT9101	TO	913	573	0	0	48	525	326	199
PCT9102	MV	788	393	0	1	39	353	232	121
PCT9102	ED	204	175	0	0	22	153	110	43
PCT9102	TO	992	568	0	1	61	506	342	164
PCT9103	MV	719	381	0	0	38	343	222	121
PCT9103	ED	238	194	0	0	20	174	109	65
PCT9103	TO	957	575	0	0	58	517	331	186
PCT9104	MV	810	382	0	0	33	349	229	120
PCT9104	ED	220	181	0	0	16	165	125	40
PCT9104	TO	1030	563	0	0	49	514	354	160
PCT9105	MV	719	413	0	0	36	377	246	131
PCT9105	ED	199	223	0	0	30	193	129	64
PCT9105	TO	918	636	0	0	66	570	375	195
PCT9106	MV	748	397	0	0	40	357	248	109
PCT9106	ED	198	225	0	0	27	198	148	50
PCT9106	TO	946	622	0	0	67	555	396	159
PCT9107	MV	636	305	0	0	34	271	193	78
PCT9107	ED	208	166	0	1	25	140	116	24
PCT9107	TO	844	471	0	1	59	411	309	102
PCT9108	MV	610	337	0	0	37	300	211	89
PCT9108	ED	200	143	0	0	10	133	101	32
PCT9108	TO	810	480	0	0	47	433	312	121
PCT9109	MV	672	300	0	0	29	271	195	76
PCT9109	ED	211	199	0	0	17	182	137	45
PCT9109	TO	883	499	0	0	46	453	332	121
PCT9111	MV	639	317	0	0	35	282	197	85
PCT9111	ED	195	170	0	0	25	145	107	38
PCT9111	TO	834	487	0	0	60	427	304	123
PCT9112	MV	742	351	0	0	38	313	223	90
PCT9112	ED	219	207	0	0	22	185	141	44
PCT9112	TO	961	558	0	0	60	498	364	134
PCT9113	MV	796	371	0	0	36	335	250	85
PCT9113	ED	208	245	0	0	36	209	137	72
PCT9113	TO	1004	616	0	0	72	544	387	157
PCT9114	MV	659	291	0	0	20	271	196	75
PCT9114	ED	231	184	0	0	22	162	131	31
PCT9114	TO	890	475	0	0	42	433	327	106
PCT9115	MV	699	322	0	1	34	287	196	91
PCT9115	ED	182	180	0	0	23	157	123	34
PCT9115	TO	881	502	0	1	57	444	319	125
PCT9116	MV	782	346	0	0	28	318	227	91
PCT9116	ED	179	181	0	0	20	161	116	45
PCT9116	TO	961	527	0	0	48	479	343	136
PCT9117	MV	629	328	0	0	31	297	194	103
PCT9117	ED	171	195	0	0	16	179	122	57
PCT9117	TO	800	523	0	0	47	476	316	160
PCT9118	MV	742	340	0	0	43	297	177	120
PCT9118	ED	242	228	0	0	28	200	144	56
PCT9118	TO	984	568	0	0	71	497	321	176
PCT9119	MV	703	387	0	0	29	358	198	160
PCT9119	ED	197	160	0	0	18	142	110	32
PCT9119	TO	900	547	0	0	47	500	308	192
PCT9121	MV	735	335	0	0	27	308	188	120
PCT9121	ED	218	185	0	0	16	169	112	57
PCT9121	TO	953	520	0	0	43	477	300	177
PCT9122	MV	775	364	0	0	36	328	192	136
PCT9122	ED	192	161	0	0	25	136	96	40
PCT9122	TO	967	525	0	0	61	464	288	176
PCT9123	MV	661	319	0	0	30	289	173	116
PCT9123	ED	191	190	0	0	27	163	120	43
PCT9123	TO	852	509	0	0	57	452	293	159
PCT9124	MV	736	351	0	0	24	327	202	125
PCT9124	ED	167	161	0	0	17	144	106	38
PCT9124	TO	903	512	0	0	41	471	308	163
PCT9125	MV	681	358	0	0	24	334	214	120
PCT9125	ED	188	154	0	0	17	137	94	43
PCT9125	TO	869	512	0	0	41	471	308	163
PCT9126	MV	819	385	0	0	33	352	205	147
PCT9126	ED	194	200	0	0	23	177	129	48
PCT9126	TO	1013	585	0	0	56	529	334	195
PCT9127	MV	748	382	0	0	39	343	224	119
PCT9127	ED	223	221	0	0	22	199	143	56
PCT9127	TO	971	603	0	0	61	542	367	175
PCT9128	MV	628	333	0	0	31	302	199	103
PCT9128	ED	190	196	0	0	26	170	122	48
PCT9128	TO	818	529	0	0	57	472	321	151
PCT9129	MV	587	272	0	0	19	253	158	95
PCT9129	ED	151	154	0	0	9	145	111	34
PCT9129	TO	738	426	0	0	28	398	269	129
PCT9131	MV	596	285	0	0	22	263	163	100
PCT9131	ED	138	154	0	0	20	134	95	39
PCT9131	TO	734	439	0	0	42	397	258	139
PCT9132	MV	627	262	0	0	30	232	172	60
PCT9132	ED	194	172	0	0	23	149	117	32
PCT9132	TO	821	434	0	0	53	381	289	92
PCT9133	MV	808	382	0	0	41	341	233	108
PCT9133	ED	209	214	0	0	18	196	152	44
PCT9133	TO	1017	596	0	0	59	537	385	152
PCT9134	MV	736	327	0	0	30	297	188	109
PCT9134	ED	155	106	0	0	14	92	64	28
PCT9134	TO	891	433	0	0	44	389	252	137
PCT9135	MV	640	305	0	0	28	277	164	113
PCT9135	ED	182	159	0	0	12	147	91	56
PCT9135	TO	822	464	0	0	40	424	255	169
PCT9136	MV	706	368	0	0	38	330	216	114
PCT9136	ED	212	165	0	0	26	139	107	32
PCT9136	TO	918	533	0	0	64	469	323	146
PCT9137	MV	806	389	0	0	36	353	228	125
PCT9137	ED	209	176	0	0	18	158	102	56
PCT9137	TO	1015	565	0	0	54	511	330	181
PCT9138	MV	770	398	0	0	30	368	221	147
PCT9138	ED	175	150	0	0	15	135	91	44
PCT9138	TO	945	548	0	0	45	503	312	191
PCT9139	MV	828	423	0	0	36	387	240	147
PCT9139	ED	190	178	0	0	21	157	102	55
PCT9139	TO	1018	601	0	0	57	544	342	202
PCT9141	MV	789	418	0	0	39	379	233	146
PCT9141	ED	184	173	0	0	21	152	106	46
PCT9141	TO	973	591	0	0	60	531	339	192
PCT9142	MV	747	364	0	1	23	340	235	105
PCT9142	ED	239	210	0	0	27	183	138	45
PCT9142	TO	986	574	0	1	50	523	373	150
PCT9143	MV	705	360	0	0	30	330	207	123
PCT9143	ED	209	172	0	0	16	156	111	45
PCT9143	TO	914	532	0	0	46	486	318	168
PCT9144	MV	767	376	0	1	30	345	212	133
PCT9144	ED	203	215	0	0	16	199	152	47
PCT9144	TO	970	591	0	1	46	544	364	180
PCT9145	MV	681	334	0	0	24	310	212	98
PCT9145	ED	194	178	0	0	11	167	113	54
PCT9145	TO	875	512	0	0	35	477	325	152
PCT9146	MV	725	353	0	0	35	318	232	86
PCT9146	ED	160	194	0	0	21	173	133	40
PCT9146	TO	885	547	0	0	56	491	365	126
PCT9147	MV	765	373	0	1	34	338	243	95
PCT9147	ED	225	211	0	0	24	187	146	41
PCT9147	TO	990	584	0	1	58	525	389	136
PCT9148	MV	779	397	0	0	35	362	269	93
PCT9148	ED	235	230	0	0	29	201	151	50
PCT9148	TO	1014	627	0	0	64	563	420	143
PCT9149	MV	813	385	0	0	35	350	242	108
PCT9149	ED	178	252	0	1	25	226	181	45
PCT9149	TO	991	637	0	1	60	576	423	153
PCT9151	MV	693	351	0	0	32	319	236	83
PCT9151	ED	168	116	0	0	6	110	74	36
PCT9151	TO	861	467	0	0	38	429	310	119
PCT9152	MV	550	196	0	0	18	178	146	32
PCT9152	ED	187	143	0	0	13	130	111	19
PCT9152	TO	737	339	0	0	31	308	257	51
PCT9201	MV	785	358	0	0	36	322	264	58
PCT9201	ED	186	228	0	0	25	203	168	35
PCT9201	TO	971	586	0	0	61	525	432	93
PCT9202	MV	819	368	0	0	41	327	240	87
PCT9202	ED	177	228	0	0	33	195	148	47
PCT9202	TO	996	596	0	0	74	522	388	134
PCT9203	MV	847	373	0	0	69	304	173	131
PCT9203	ED	155	191	0	0	32	159	84	75
PCT9203	TO	1002	564	0	0	101	463	257	206
PCT9204	MV	686	309	0	0	39	270	159	111
PCT9204	ED	176	198	0	0	30	168	110	58
PCT9204	TO	862	507	0	0	69	438	269	169
PCT9205	MV	621	288	0	1	40	247	183	64
PCT9205	ED	115	154	0	0	26	128	73	55
PCT9205	TO	736	442	0	1	66	375	256	119
PCT9206	MV	741	351	0	0	41	310	174	136
PCT9206	ED	188	194	0	0	46	148	83	65
PCT9206	TO	929	545	0	0	87	458	257	201
PCT9207	MV	824	370	0	0	41	329	179	150
PCT9207	ED	165	194	0	0	30	164	93	71
PCT9207	TO	989	564	0	0	71	493	272	221
PCT9208	MV	808	357	0	0	36	321	205	116
PCT9208	ED	179	179	0	0	26	153	98	55
PCT9208	TO	987	536	0	0	62	474	303	171
PCT9209	MV	615	276	0	0	32	244	144	100
PCT9209	ED	156	172	0	0	35	137	87	50
PCT9209	TO	771	448	0	0	67	381	231	150
PCT9211	MV	730	314	0	0	44	270	154	116
PCT9211	ED	161	155	0	0	23	132	81	51
PCT9211	TO	891	469	0	0	67	402	235	167
PCT9212	MV	671	284	0	1	36	247	164	83
PCT9212	ED	137	175	0	0	35	140	91	49
PCT9212	TO	808	459	0	1	71	387	255	132
PCT9213	MV	776	350	0	0	34	316	215	101
PCT9213	ED	161	200	0	0	27	173	115	58
PCT9213	TO	937	550	0	0	61	489	330	159
PCT9214	MV	517	236	0	0	19	217	130	87
PCT9214	ED	110	136	0	0	26	110	70	40
PCT9214	TO	627	372	0	0	45	327	200	127
PCT9215	MV	524	246	0	0	18	228	130	98
PCT9215	ED	120	131	0	0	17	114	69	45
PCT9215	TO	644	377	0	0	35	342	199	143
PCT9216	MV	669	264	0	0	45	219	133	86
PCT9216	ED	155	173	0	0	24	149	98	51
PCT9216	TO	824	437	0	0	69	368	231	137
PCT9217	MV	588	268	0	0	22	246	159	87
PCT9217	ED	117	134	0	0	11	123	72	51
PCT9217	TO	705	402	0	0	33	369	231	138
PCT9218	MV	652	278	0	1	37	240	142	98
PCT9218	ED	164	160	0	0	15	145	90	55
PCT9218	TO	816	438	0	1	52	385	232	153
PCT9219	MV	646	288	0	0	44	244	167	77
PCT9219	ED	144	172	0	0	29	143	100	43
PCT9219	TO	790	460	0	0	73	387	267	120
PCT9221	MV	562	322	0	0	25	297	152	145
PCT9221	ED	89	140	0	0	20	120	67	53
PCT9221	TO	651	462	0	0	45	417	219	198
PCT9222	MV	773	373	0	0	30	343	203	140
PCT9222	ED	137	176	0	0	30	146	96	50
PCT9222	TO	910	549	0	0	60	489	299	190
PCT9223	MV	558	266	0	0	23	243	139	104
PCT9223	ED	109	115	0	0	15	100	57	43
PCT9223	TO	667	381	0	0	38	343	196	147
PCT9224	MV	768	380	0	0	38	342	207	135
PCT9224	ED	181	168	0	0	28	140	84	56
PCT9224	TO	949	548	0	0	66	482	291	191
PCT9225	MV	757	303	0	0	30	273	186	87
PCT9225	ED	169	219	0	0	37	182	127	55
PCT9225	TO	926	522	0	0	67	455	313	142
PCT9226	MV	741	355	0	0	51	304	198	106
PCT9226	ED	155	179	0	0	27	152	95	57
PCT9226	TO	896	534	0	0	78	456	293	163
PCT9227	MV	605	372	0	0	43	329	208	121
PCT9227	ED	124	149	0	0	11	138	81	57
PCT9227	TO	729	521	0	0	54	467	289	178
PCT9228	MV	578	314	0	0	24	290	177	113
PCT9228	ED	160	180	0	0	22	158	92	66
PCT9228	TO	738	494	0	0	46	448	269	179
PCT9229	MV	460	257	0	0	30	227	150	77
PCT9229	ED	119	122	0	0	16	106	63	43
PCT9229	TO	579	379	0	0	46	333	213	120
PCT9231	MV	726	352	0	0	35	317	228	89
PCT9231	ED	236	264	0	0	33	231	162	69
PCT9231	TO	962	616	0	0	68	548	390	158
PCT9232	MV	608	293	0	0	36	257	166	91
PCT9232	ED	126	157	0	0	23	134	85	49
PCT9232	TO	734	450	0	0	59	391	251	140
PCT9233	MV	668	332	0	0	37	295	161	134
PCT9233	ED	150	188	0	0	33	155	101	54
PCT9233	TO	818	520	0	0	70	450	262	188
PCT9234	MV	643	319	0	0	35	284	169	115
PCT9234	ED	91	145	0	0	25	120	61	59
PCT9234	TO	734	464	0	0	60	404	230	174
PCT9235	MV	703	365	0	0	40	325	173	152
PCT9235	ED	160	195	0	0	23	172	113	59
PCT9235	TO	863	560	0	0	63	497	286	211
PCT9236	MV	537	283	0	0	28	255	168	87
PCT9236	ED	136	137	0	0	24	113	65	48
PCT9236	TO	673	420	0	0	52	368	233	135
PCT9237	MV	779	395	0	0	44	351	228	123
PCT9237	ED	118	183	0	0	23	160	114	46
PCT9237	TO	897	578	0	0	67	511	342	169
PCT9238	MV	687	330	0	0	43	287	172	115
PCT9238	ED	118	174	0	0	34	140	95	45
PCT9238	TO	805	504	0	0	77	427	267	160
PCT9239	MV	740	391	0	0	55	336	208	128
PCT9239	ED	124	161	0	0	30	131	85	46
PCT9239	TO	864	552	0	0	85	467	293	174
PCT9241	MV	819	403	0	0	49	354	243	111
PCT9241	ED	141	196	0	0	27	169	122	47
PCT9241	TO	960	599	0	0	76	523	365	158
PCT9242	MV	771	349	0	0	46	303	210	93
PCT9242	ED	172	215	0	0	35	180	127	53
PCT9242	TO	943	564	0	0	81	483	337	146
PCT9243	MV	480	242	0	0	32	210	147	63
PCT9243	ED	123	141	0	0	19	122	89	33
PCT9243	TO	603	383	0	0	51	332	236	96
PCT9244	MV	756	396	0	0	54	342	241	101
PCT9244	ED	154	186	0	0	21	165	115	50
PCT9244	TO	910	582	0	0	75	507	356	151
PCT9245	MV	616	300	0	0	43	257	156	101
PCT9245	ED	98	129	0	0	21	108	77	31
PCT9245	TO	714	429	0	0	64	365	233	132
PCT9246	MV	815	430	0	0	37	393	240	153
PCT9246	ED	155	196	0	0	27	169	125	44
PCT9246	TO	970	626	0	0	64	562	365	197
PCT9247	MV	764	381	0	0	42	339	229	110
PCT9247	ED	148	205	0	0	38	167	114	53
PCT9247	TO	912	586	0	0	80	506	343	163
PCT9248	MV	757	358	0	0	42	316	217	99
PCT9248	ED	150	192	0	0	28	164	120	44
PCT9248	TO	907	550	0	0	70	480	337	143
PCT9249	MV	724	379	0	0	43	336	218	118
PCT9249	ED	191	214	0	0	25	189	123	66
PCT9249	TO	915	593	0	0	68	525	341	184
PCT9251	MV	792	392	0	0	43	349	224	125
PCT9251	ED	174	236	0	0	32	204	142	62
PCT9251	TO	966	628	0	0	75	553	366	187
PCT9252	MV	811	382	0	0	36	346	214	132
PCT9252	ED	142	179	0	0	22	157	118	39
PCT9252	TO	953	561	0	0	58	503	332	171
PCT9253	MV	599	300	0	0	26	274	186	88
PCT9253	ED	162	150	0	0	15	135	92	43
PCT9253	TO	761	450	0	0	41	409	278	131
PCT9254	MV	758	415	0	0	40	375	264	111
PCT9254	ED	163	197	0	0	34	163	124	39
PCT9254	TO	921	612	0	0	74	538	388	150
PCT9255	MV	436	196	0	0	25	171	117	54
PCT9255	ED	114	135	0	0	19	116	90	26
PCT9255	TO	550	331	0	0	44	287	207	80
PCT9256	MV	367	169	0	0	17	152	101	51
PCT9256	ED	95	119	0	0	16	103	80	23
PCT9256	TO	462	288	0	0	33	255	181	74
PCT9257	MV	359	162	0	0	18	144	112	32
PCT9257	ED	-39	13	0	0	2	11	9	2
PCT9257	TO	320	175	0	0	20	155	121	34
PCT9258	MV	583	307	0	0	33	274	172	102
PCT9258	ED	120	148	0	0	18	130	99	31
PCT9258	TO	703	455	0	0	51	404	271	133
PCT9401	MV	796	358	0	0	26	332	251	81
PCT9401	ED	242	226	0	0	28	198	157	41
PCT9401	TO	1038	584	0	0	54	530	408	122
PCT9402	MV	775	377	0	0	34	343	244	99
PCT9402	ED	242	207	0	0	27	180	141	39
PCT9402	TO	1017	584	0	0	61	523	385	138
PCT9403	MV	731	348	0	0	26	322	209	113
PCT9403	ED	190	168	0	0	13	155	122	33
PCT9403	TO	921	516	0	0	39	477	331	146
PCT9404	MV	753	345	0	0	25	320	182	138
PCT9404	ED	191	197	0	0	26	171	120	51
PCT9404	TO	944	542	0	0	51	491	302	189
PCT9405	MV	629	276	0	0	28	248	139	109
PCT9405	ED	151	131	0	0	9	122	74	48
PCT9405	TO	780	407	0	0	37	370	213	157
PCT9406	MV	695	330	0	0	28	302	189	113
PCT9406	ED	188	169	0	0	16	153	106	47
PCT9406	TO	883	499	0	0	44	455	295	160
PCT9407	MV	712	368	0	0	35	333	225	108
PCT9407	ED	201	174	0	0	25	149	109	40
PCT9407	TO	913	542	0	0	60	482	334	148
PCT9408	MV	711	321	0	0	34	287	231	56
PCT9408	ED	152	171	0	0	18	153	123	30
PCT9408	TO	863	492	0	0	52	440	354	86
PCT9409	MV	443	226	0	0	27	199	145	54
PCT9409	ED	158	146	0	0	13	133	109	24
PCT9409	TO	601	372	0	0	40	332	254	78
PCT9411	MV	816	378	0	0	42	336	256	80
PCT9411	ED	191	212	0	0	24	188	154	34
PCT9411	TO	1007	590	0	0	66	524	410	114
PCT9412	MV	668	339	0	0	23	316	207	109
PCT9412	ED	202	186	0	0	18	168	129	39
PCT9412	TO	870	525	0	0	41	484	336	148
PCT9413	MV	757	375	0	0	45	330	193	137
PCT9413	ED	179	170	0	0	21	149	105	44
PCT9413	TO	936	545	0	0	66	479	298	181
PCT9414	MV	734	361	0	0	36	325	192	133
PCT9414	ED	186	142	0	0	14	128	84	44
PCT9414	TO	920	503	0	0	50	453	276	177
PCT9415	MV	634	315	0	0	30	285	165	120
PCT9415	ED	154	135	0	0	7	128	89	39
PCT9415	TO	788	450	0	0	37	413	254	159
PCT9416	MV	769	391	0	0	43	348	212	136
PCT9416	ED	230	151	0	0	7	144	104	40
PCT9416	TO	999	542	0	0	50	492	316	176
PCT9417	MV	629	321	0	0	34	287	163	124
PCT9417	ED	145	125	0	0	7	118	78	40
PCT9417	TO	774	446	0	0	41	405	241	164
PCT9418	MV	631	310	0	0	34	276	153	123
PCT9418	ED	188	141	0	0	14	127	82	45
PCT9418	TO	819	451	0	0	48	403	235	168
PCT9419	MV	736	369	0	0	33	336	172	164
PCT9419	ED	173	140	0	0	12	128	74	54
PCT9419	TO	909	509	0	0	45	464	246	218
PCT9421	MV	752	338	0	0	31	307	172	135
PCT9421	ED	173	154	0	0	8	146	99	47
PCT9421	TO	925	492	0	0	39	453	271	182
PCT9422	MV	831	413	0	0	39	374	225	149
PCT9422	ED	270	209	0	0	22	187	129	58
PCT9422	TO	1101	622	0	0	61	561	354	207
PCT9423	MV	714	316	0	0	35	281	174	107
PCT9423	ED	190	158	0	0	13	145	106	39
PCT9423	TO	904	474	0	0	48	426	280	146
PCT9424	MV	799	385	0	0	31	354	203	151
PCT9424	ED	210	154	0	0	22	132	93	39
PCT9424	TO	1009	539	0	0	53	486	296	190
PCT9425	MV	789	346	0	0	37	309	168	141
PCT9425	ED	187	171	0	0	22	149	107	42
PCT9425	TO	976	517	0	0	59	458	275	183
PCT9426	MV	697	324	0	0	29	295	155	140
PCT9426	ED	156	139	0	0	20	119	73	46
PCT9426	TO	853	463	0	0	49	414	228	186
PCT9427	MV	799	383	0	0	26	357	164	193
PCT9427	ED	188	149	0	1	26	122	80	42
PCT9427	TO	987	532	0	1	52	479	244	235
PCT9428	MV	811	351	0	0	38	313	168	145
PCT9428	ED	179	144	0	0	18	126	87	39
PCT9428	TO	990	495	0	0	56	439	255	184
PCT9429	MV	709	343	0	0	36	307	164	143
PCT9429	ED	197	146	0	0	26	120	76	44
PCT9429	TO	906	489	0	0	62	427	240	187
PCT9431	MV	832	412	0	0	51	361	170	191
PCT9431	ED	204	171	0	0	9	162	102	60
PCT9431	TO	1036	583	0	0	60	523	272	251
PCT9432	MV	743	358	0	0	39	319	180	139
PCT9432	ED	215	136	0	0	15	121	72	49
PCT9432	TO	958	494	0	0	54	440	252	188
PCT9433	MV	794	373	0	0	47	326	178	148
PCT9433	ED	164	124	0	0	9	115	61	54
PCT9433	TO	958	497	0	0	56	441	239	202
PCT9434	MV	785	387	0	0	44	343	218	125
PCT9434	ED	227	210	0	0	32	178	139	39
PCT9434	TO	1012	597	0	0	76	521	357	164
PCT9435	MV	779	366	0	0	27	339	196	143
PCT9435	ED	225	186	0	0	16	170	118	52
PCT9435	TO	1004	552	0	0	43	509	314	195
PCT9436	MV	842	386	0	0	20	366	208	158
PCT9436	ED	226	149	0	0	13	136	90	46
PCT9436	TO	1068	535	0	0	33	502	298	204
PCT9437	MV	736	376	0	0	35	341	190	151
PCT9437	ED	191	149	0	0	12	137	100	37
PCT9437	TO	927	525	0	0	47	478	290	188
PCT9438	MV	837	419	0	0	32	387	222	165
PCT9438	ED	152	108	0	0	10	98	73	25
PCT9438	TO	989	527	0	0	42	485	295	190
PCT9439	MV	718	343	0	0	22	321	173	148
PCT9439	ED	199	141	0	0	17	124	77	47
PCT9439	TO	917	484	0	0	39	445	250	195
PCT9441	MV	778	396	0	0	49	347	213	134
PCT9441	ED	193	166	0	0	26	140	103	37
PCT9441	TO	971	562	0	0	75	487	316	171
PCT9442	MV	830	379	0	0	41	338	204	134
PCT9442	ED	210	212	0	0	24	188	137	51
PCT9442	TO	1040	591	0	0	65	526	341	185
PCT9443	MV	759	362	0	0	28	334	200	134
PCT9443	ED	196	152	0	0	20	132	83	49
PCT9443	TO	955	514	0	0	48	466	283	183
PCT9444	MV	768	340	0	0	19	321	186	135
PCT9444	ED	197	134	0	0	21	113	74	39
PCT9444	TO	965	474	0	0	40	434	260	174
PCT9445	MV	829	406	0	0	37	369	224	145
PCT9445	ED	167	147	0	0	16	131	89	42
PCT9445	TO	996	553	0	0	53	500	313	187
PCT9446	MV	900	465	0	0	45	420	211	209
PCT9446	ED	216	178	0	0	23	155	114	41
PCT9446	TO	1116	643	0	0	68	575	325	250
PCT9447	MV	729	392	0	0	30	362	206	156
PCT9447	ED	192	181	0	0	15	166	112	54
PCT9447	TO	921	573	0	0	45	528	318	210
PCT9448	MV	742	347	0	0	27	320	187	133
PCT9448	ED	198	157	0	0	15	142	104	38
PCT9448	TO	940	504	0	0	42	462	291	171
PCT9449	MV	719	340	0	0	33	307	148	159
PCT9449	ED	162	119	0	0	9	110	66	44
PCT9449	TO	881	459	0	0	42	417	214	203
PCT9451	MV	353	178	0	0	15	163	77	86
PCT9451	ED	88	69	0	0	8	61	35	26
PCT9451	TO	441	247	0	0	23	224	112	112
PCT9452	MV	647	334	0	0	24	310	174	136
PCT9452	ED	195	186	0	1	16	169	112	57
PCT9452	TO	842	520	0	1	40	479	286	193
PCT9453	MV	409	217	0	0	20	197	92	105
PCT9453	ED	115	84	0	0	9	75	44	31
PCT9453	TO	524	301	0	0	29	272	136	136
PCT9501	MV	158	92	0	0	17	75	44	31
PCT9501	ED	-8	3	0	0	1	2	1	1
PCT9501	TO	150	95	0	0	18	77	45	32
PCT9502	MV	294	136	0	0	13	123	83	40
PCT9502	ED	-43	6	0	0	1	5	5	0
PCT9502	TO	251	142	0	0	14	128	88	40
PCT9503	MV	550	263	0	0	36	227	179	48
PCT9503	ED	150	122	0	0	18	104	93	11
PCT9503	TO	700	385	0	0	54	331	272	59
PCT9505	MV	589	296	0	0	30	266	194	72
PCT9505	ED	176	136	0	0	11	125	104	21
PCT9505	TO	765	432	0	0	41	391	298	93
PCT9506	MV	547	232	0	0	19	213	153	60
PCT9506	ED	207	138	0	0	16	122	98	24
PCT9506	TO	754	370	0	0	35	335	251	84
PCT9507	MV	556	306	0	0	28	278	216	62
PCT9507	ED	160	182	0	0	27	155	130	25
PCT9507	TO	716	488	0	0	55	433	346	87
PCT9508	MV	632	317	0	0	26	291	247	44
PCT9508	ED	148	185	0	0	25	160	140	20
PCT9508	TO	780	502	0	0	51	451	387	64
PCT9509	MV	585	296	0	0	25	271	217	54
PCT9509	ED	142	167	0	0	25	142	117	25
PCT9509	TO	727	463	0	0	50	413	334	79
PCT9511	MV	458	240	0	0	21	219	182	37
PCT9511	ED	176	163	0	0	18	145	118	27
PCT9511	TO	634	403	0	0	39	364	300	64
PCT9512	MV	617	327	0	0	25	302	241	61
PCT9512	ED	160	179	0	0	19	160	132	28
PCT9512	TO	777	506	0	0	44	462	373	89
PCT9513	MV	686	334	0	0	30	304	249	55
PCT9513	ED	191	188	0	0	24	164	135	29
PCT9513	TO	877	522	0	0	54	468	384	84
PCT9514	MV	713	352	0	0	42	310	250	60
PCT9514	ED	183	213	0	0	23	190	161	29
PCT9514	TO	896	565	0	0	65	500	411	89
PCT9515	MV	543	305	0	0	24	281	205	76
PCT9515	ED	169	164	0	0	17	147	117	30
PCT9515	TO	712	469	0	0	41	428	322	106
PCT9516	MV	705	366	0	0	35	331	241	90
PCT9516	ED	184	190	0	0	20	170	125	45
PCT9516	TO	889	556	0	0	55	501	366	135
PCT9517	MV	626	335	0	0	23	312	239	73
PCT9517	ED	162	173	0	0	23	150	121	29
PCT9517	TO	788	508	0	0	46	462	360	102
PCT9518	MV	642	316	0	0	33	283	225	58
PCT9518	ED	146	195	0	0	14	181	149	32
PCT9518	TO	788	511	0	0	47	464	374	90
PCT9519	MV	693	368	0	0	28	340	273	67
PCT9519	ED	198	239	0	0	30	209	164	45
PCT9519	TO	891	607	0	0	58	549	437	112
PCT9521	MV	687	352	0	0	29	323	276	47
PCT9521	ED	214	242	0	0	30	212	174	38
PCT9521	TO	901	594	0	0	59	535	450	85
PCT9701	MV	498	269	0	0	28	241	168	73
PCT9701	ED	156	139	0	0	8	131	103	28
PCT9701	TO	654	408	0	0	36	372	271	101
PCT9702	MV	554	305	0	0	22	283	202	81
PCT9702	ED	166	148	0	0	13	135	114	21
PCT9702	TO	720	453	0	0	35	418	316	102
PCT9703	MV	809	403	0	0	40	363	233	130
PCT9703	ED	182	147	0	0	11	136	92	44
PCT9703	TO	991	550	0	0	51	499	325	174
PCT9704	MV	760	422	0	0	46	376	224	152
PCT9704	ED	199	199	0	0	26	173	126	47
PCT9704	TO	959	621	0	0	72	549	350	199
PCT9705	MV	754	421	0	0	41	380	268	112
PCT9705	ED	175	146	0	0	17	129	106	23
PCT9705	TO	929	567	0	0	58	509	374	135
PCT9706	MV	57	34	0	0	1	33	24	9
PCT9706	ED	-8	0	0	0	0	0	0	0
PCT9706	TO	49	34	0	0	1	33	24	9
PCT9707	MV	687	358	0	0	35	323	178	145
PCT9707	ED	139	103	0	0	12	91	56	35
PCT9707	TO	826	461	0	0	47	414	234	180
PCT9708	MV	786	429	0	0	50	379	268	111
PCT9708	ED	175	159	0	0	14	145	111	34
PCT9708	TO	961	588	0	0	64	524	379	145
PCT9709	MV	831	427	0	0	50	377	233	144
PCT9709	ED	209	183	0	0	11	172	115	57
PCT9709	TO	1040	610	0	0	61	549	348	201
PCT9711	MV	502	307	0	0	29	278	180	98
PCT9711	ED	144	162	0	0	19	143	81	62
PCT9711	TO	646	469	0	0	48	421	261	160
PCT9712	MV	534	335	0	0	33	302	158	144
PCT9712	ED	127	118	0	0	5	113	75	38
PCT9712	TO	661	453	0	0	38	415	233	182
PCT9713	MV	747	389	0	0	38	351	198	153
PCT9713	ED	203	171	0	0	25	146	86	60
PCT9713	TO	950	560	0	0	63	497	284	213
PCT9714	MV	795	447	0	0	34	413	220	193
PCT9714	ED	156	137	0	0	6	131	80	51
PCT9714	TO	951	584	0	0	40	544	300	244
PCT9715	MV	449	241	0	0	21	220	127	93
PCT9715	ED	130	135	0	0	8	127	81	46
PCT9715	TO	579	376	0	0	29	347	208	139
PCT9716	MV	745	398	0	0	26	372	209	163
PCT9716	ED	221	167	0	0	13	154	102	52
PCT9716	TO	966	565	0	0	39	526	311	215
PCT9717	MV	753	437	0	0	34	403	252	151
PCT9717	ED	224	173	0	0	25	148	95	53
PCT9717	TO	977	610	0	0	59	551	347	204
PCT9718	MV	749	449	0	0	34	415	265	150
PCT9718	ED	152	145	0	0	7	138	92	46
PCT9718	TO	901	594	0	0	41	553	357	196
PCT9719	MV	747	463	0	0	36	427	255	172
PCT9719	ED	173	151	0	0	8	143	88	55
PCT9719	TO	920	614	0	0	44	570	343	227
PCT9721	MV	498	288	0	0	24	264	152	112
PCT9721	ED	164	135	0	0	7	128	75	53
PCT9721	TO	662	423	0	0	31	392	227	165
PCT9722	MV	513	315	0	0	24	291	178	113
PCT9722	ED	84	76	0	0	5	71	47	24
PCT9722	TO	597	391	0	0	29	362	225	137
PCT9723	MV	436	224	0	0	17	207	87	120
PCT9723	ED	72	46	0	0	5	41	20	21
PCT9723	TO	508	270	0	0	22	248	107	141
PCT9724	MV	851	451	0	0	42	409	160	249
PCT9724	ED	169	100	0	0	6	94	55	39
PCT9724	TO	1020	551	0	0	48	503	215	288
PCT9725	MV	814	437	0	0	28	409	191	218
PCT9725	ED	157	97	0	0	12	85	39	46
PCT9725	TO	971	534	0	0	40	494	230	264
PCT9726	MV	630	217	0	0	28	189	133	56
PCT9726	ED	-14	103	0	0	8	95	74	21
PCT9726	TO	616	320	0	0	36	284	207	77
PCT9727	MV	404	227	0	2	12	213	117	96
PCT9727	ED	56	35	0	0	4	31	18	13
PCT9727	TO	460	262	0	2	16	244	135	109
PCT9728	MV	751	446	0	0	30	416	216	200
PCT9728	ED	212	137	0	0	12	125	77	48
PCT9728	TO	963	583	0	0	42	541	293	248
PCT9729	MV	654	335	0	0	22	313	147	166
PCT9729	ED	164	131	0	0	6	125	72	53
PCT9729	TO	818	466	0	0	28	438	219	219
PCT9731	MV	436	245	0	0	15	230	126	104
PCT9731	ED	143	111	0	0	10	101	52	49
PCT9731	TO	579	356	0	0	25	331	178	153
PCT9732	MV	78	47	0	0	4	43	19	24
PCT9732	ED	-5	0	0	0	0	0	0	0
PCT9732	TO	73	47	0	0	4	43	19	24
PCT9733	MV	261	162	0	0	5	157	114	43
PCT9733	ED	-21	1	0	0	0	1	1	0
PCT9733	TO	240	163	0	0	5	158	115	43
PCT9734	MV	473	286	0	0	20	266	163	103
PCT9734	ED	131	110	0	0	10	100	62	38
PCT9734	TO	604	396	0	0	30	366	225	141
PCT9735	MV	650	386	0	0	29	357	200	157
PCT9735	ED	170	133	0	0	20	113	68	45
PCT9735	TO	820	519	0	0	49	470	268	202
PCT9736	MV	586	325	0	0	21	304	180	124
PCT9736	ED	150	155	0	0	13	142	83	59
PCT9736	TO	736	480	0	0	34	446	263	183
PCT9737	MV	637	388	0	0	28	360	233	127
PCT9737	ED	154	137	0	0	13	124	80	44
PCT9737	TO	791	525	0	0	41	484	313	171
PCT9738	MV	688	320	0	0	31	289	206	83
PCT9738	ED	150	66	0	0	8	58	37	21
PCT9738	TO	838	386	0	0	39	347	243	104
PCT9739	MV	674	270	0	0	11	259	197	62
PCT9739	ED	115	88	0	0	4	84	68	16
PCT9739	TO	789	358	0	0	15	343	265	78
PCT9741	MV	837	173	0	0	18	155	137	18
PCT9741	ED	-396	10	0	0	1	9	7	2
PCT9741	TO	441	183	0	0	19	164	144	20
PCT9742	MV	530	229	0	0	17	212	99	113
PCT9742	ED	165	101	0	0	8	93	57	36
PCT9742	TO	695	330	0	0	25	305	156	149
PCT9743	MV	913	400	0	0	28	372	265	107
PCT9743	ED	227	174	0	0	17	157	123	34
PCT9743	TO	1140	574	0	0	45	529	388	141
PCT9744	MV	783	333	0	1	27	305	211	94
PCT9744	ED	160	126	0	0	17	109	76	33
PCT9744	TO	943	459	0	1	44	414	287	127
PCT9745	MV	790	317	0	0	30	287	213	74
PCT9745	ED	202	129	0	0	13	116	85	31
PCT9745	TO	992	446	0	0	43	403	298	105
PCT9746	MV	714	373	0	0	19	354	205	149
PCT9746	ED	189	120	0	0	11	109	67	42
PCT9746	TO	903	493	0	0	30	463	272	191
PCT9747	MV	772	401	0	0	30	371	228	143
PCT9747	ED	204	146	0	0	14	132	98	34
PCT9747	TO	976	547	0	0	44	503	326	177
PCT9748	MV	746	425	0	0	37	388	251	137
PCT9748	ED	167	119	0	1	10	108	58	50
PCT9748	TO	913	544	0	1	47	496	309	187
PCT9749	MV	750	289	0	0	23	266	179	87
PCT9749	ED	188	109	0	0	7	102	75	27
PCT9749	TO	938	398	0	0	30	368	254	114
PCT9751	MV	857	472	0	0	40	432	266	166
PCT9751	ED	214	153	0	1	14	138	98	40
PCT9751	TO	1071	625	0	1	54	570	364	206
PCT9752	MV	563	328	0	0	24	304	188	116
PCT9752	ED	134	109	0	0	7	102	71	31
PCT9752	TO	697	437	0	0	31	406	259	147
PCT9753	MV	617	300	0	0	26	274	179	95
PCT9753	ED	145	123	0	0	4	119	88	31
PCT9753	TO	762	423	0	0	30	393	267	126
PCT9754	MV	545	317	0	0	20	297	212	85
PCT9754	ED	162	115	0	0	10	105	85	20
PCT9754	TO	707	432	0	0	30	402	297	105
PCT9755	MV	441	239	0	0	25	214	147	67
PCT9755	ED	139	99	0	0	7	92	72	20
PCT9755	TO	580	338	0	0	32	306	219	87
PCT9756	MV	805	364	0	0	28	336	189	147
PCT9756	ED	162	107	0	0	10	97	64	33
PCT9756	TO	967	471	0	0	38	433	253	180
PCT9801	MV	320	163	0	0	13	150	106	44
PCT9801	ED	88	53	0	0	6	47	35	12
PCT9801	TO	408	216	0	0	19	197	141	56
CONG12	MV	355594	174824	0	27	16873	157924	109798	48126
CONG12	ED	90254	77529	0	16	8856	68657	51375	17282
CONG12	TO	445848	252353	0	43	25729	226581	161173	65408
CONG14	MV	47252	22365	0	4	1723	20638	12410	8228
CONG14	ED	10799	7055	0	3	607	6445	4393	2052
CONG14	TO	58051	29420	0	7	2330	27083	16803	10280
ASSM17	MV	232787	114654	0	19	10950	103685	74953	28732
ASSM17	ED	59635	47539	0	12	5221	42306	32701	9605
ASSM17	TO	292422	162193	0	31	16171	145991	107654	38337
ASSM19	MV	170059	82535	0	12	7646	74877	47255	27622
ASSM19	ED	41418	37045	0	7	4242	32796	23067	9729
ASSM19	TO	211477	119580	0	19	11888	107673	70322	37351
SUPV1	MV	33868	16583	0	5	1508	15070	9960	5110
SUPV1	ED	9248	8645	0	2	955	7688	5595	2093
SUPV1	TO	43116	25228	0	7	2463	22758	15555	7203
SUPV2	MV	41435	19991	0	3	2265	17723	11373	6350
SUPV2	ED	8611	10358	0	0	1535	8823	5929	2894
SUPV2	TO	50046	30349	0	3	3800	26546	17302	9244
SUPV3	MV	31943	14432	0	2	1595	12835	8532	4303
SUPV3	ED	7434	6535	0	0	876	5659	4201	1458
SUPV3	TO	39377	20967	0	2	2471	18494	12733	5761
SUPV4	MV	35049	16883	0	0	1570	15313	8978	6335
SUPV4	ED	9045	7574	0	2	811	6761	4715	2046
SUPV4	TO	44094	24457	0	2	2381	22074	13693	8381
SUPV5	MV	41966	21520	0	3	2074	19443	15313	4130
SUPV5	ED	10934	11548	0	2	1396	10150	8256	1894
SUPV5	TO	52900	33068	0	5	3470	29593	23569	6024
SUPV6	MV	35755	15237	0	1	1581	13655	9612	4043
SUPV6	ED	7940	5858	0	1	773	5084	3799	1285
SUPV6	TO	43695	21095	0	2	2354	18739	13411	5328
SUPV7	MV	38887	20739	0	4	1715	19020	11817	7203
SUPV7	ED	8556	7372	0	2	641	6729	4535	2194
SUPV7	TO	47443	28111	0	6	2356	25749	16352	9397
SUPV8	MV	46370	27513	0	7	2567	24939	18885	6054
SUPV8	ED	11807	11215	0	5	1080	10130	7918	2212
SUPV8	TO	58177	38728	0	12	3647	35069	26803	8266
SUPV9	MV	33165	16788	0	1	1367	15420	11559	3861
SUPV9	ED	10098	7144	0	4	607	6533	5276	1257
SUPV9	TO	43263	23932	0	5	1974	21953	16835	5118
SUPV10	MV	33765	14063	0	3	1275	12785	8659	4126
SUPV10	ED	9348	4282	0	0	415	3867	2925	942
SUPV10	TO	43113	18345	0	3	1690	16652	11584	5068
SUPV11	MV	30643	13440	0	2	1079	12359	7520	4839
SUPV11	ED	8032	4053	0	1	374	3678	2619	1059
SUPV11	TO	38675	17493	0	3	1453	16037	10139	5898
NEIG1	MV	15464	5944	0	0	528	5416	3556	1860
NEIG1	ED	5021	1583	0	0	133	1450	1098	352
NEIG1	TO	20485	7527	0	0	661	6866	4654	2212
NEIG2	MV	14029	6280	0	2	744	5534	3528	2006
NEIG2	ED	3238	2815	0	0	425	2390	1730	660
NEIG2	TO	17267	9095	0	2	1169	7924	5258	2666
NEIG3	MV	22050	9508	0	0	1033	8475	6054	2421
NEIG3	ED	5969	4204	0	0	499	3705	2840	865
NEIG3	TO	28019	13712	0	0	1532	12180	8894	3286
NEIG4	MV	5630	3494	0	0	324	3170	2206	964
NEIG4	ED	1430	1249	0	1	133	1115	791	324
NEIG4	TO	7060	4743	0	1	457	4285	2997	1288
NEIG5	MV	22700	10125	0	2	831	9292	5582	3710
NEIG5	ED	5893	3002	0	0	282	2720	1891	829
NEIG5	TO	28593	13127	0	2	1113	12012	7473	4539
NEIG6	MV	11526	5973	0	0	579	5394	4407	987
NEIG6	ED	2336	3502	0	0	413	3089	2550	539
NEIG6	TO	13862	9475	0	0	992	8483	6957	1526
NEIG7	MV	9818	4131	0	0	312	3819	2412	1407
NEIG7	ED	2577	1320	0	1	115	1204	902	302
NEIG7	TO	12395	5451	0	1	427	5023	3314	1709
NEIG8	MV	7628	4028	0	0	376	3652	2808	844
NEIG8	ED	2030	2242	0	0	244	1998	1597	401
NEIG8	TO	9658	6270	0	0	620	5650	4405	1245
NEIG9	MV	7416	3142	0	1	260	2881	1800	1081
NEIG9	ED	842	939	0	0	91	848	584	264
NEIG9	TO	8258	4081	0	1	351	3729	2384	1345
NEIG10	MV	8172	3953	0	0	387	3566	2459	1107
NEIG10	ED	1850	2034	0	1	242	1791	1346	445
NEIG10	TO	10022	5987	0	1	629	5357	3805	1552
NEIG11	MV	33509	15534	0	3	1799	13732	8835	4897
NEIG11	ED	5931	7964	0	0	1232	6732	4526	2206
NEIG11	TO	39440	23498	0	3	3031	20464	13361	7103
NEIG12	MV	23572	11865	0	2	985	10878	8726	2152
NEIG12	ED	7433	5385	0	2	490	4893	4068	825
NEIG12	TO	31005	17250	0	4	1475	15771	12794	2977
NEIG14	MV	6791	3992	0	0	348	3644	2855	789
NEIG14	ED	1942	1795	0	2	150	1643	1344	299
NEIG14	TO	8733	5787	0	2	498	5287	4199	1088
NEIG15	MV	5779	2678	0	0	253	2425	1601	824
NEIG15	ED	1309	1197	0	0	144	1053	781	272
NEIG15	TO	7088	3875	0	0	397	3478	2382	1096
NEIG13	MV	13553	8168	0	1	796	7371	5466	1905
NEIG13	ED	3435	3395	0	2	312	3081	2394	687
NEIG13	TO	16988	11563	0	3	1108	10452	7860	2592
NEIG26	MV	7830	3526	0	0	289	3237	1873	1364
NEIG26	ED	1802	958	0	1	86	871	580	291
NEIG26	TO	9632	4484	0	1	375	4108	2453	1655
NEIG16	MV	14623	6960	0	1	693	6266	4607	1659
NEIG16	ED	2733	2592	0	0	299	2293	1782	511
NEIG16	TO	17356	9552	0	1	992	8559	6389	2170
NEIG17	MV	29447	14415	0	5	1307	13103	8584	4519
NEIG17	ED	8178	7576	0	1	839	6736	4886	1850
NEIG17	TO	37625	21991	0	6	2146	19839	13470	6369
NEIG19	MV	7165	4024	0	0	329	3695	2831	864
NEIG19	ED	2406	1880	0	1	157	1722	1339	383
NEIG19	TO	9571	5904	0	1	486	5417	4170	1247
NEIG18	MV	6458	3414	0	0	356	3058	1926	1132
NEIG18	ED	1563	1848	0	0	243	1605	1035	570
NEIG18	TO	8021	5262	0	0	599	4663	2961	1702
NEIG20	MV	20910	8912	0	1	900	8011	5538	2473
NEIG20	ED	4167	3399	0	1	471	2927	2153	774
NEIG20	TO	25077	12311	0	2	1371	10938	7691	3247
NEIG21	MV	34606	16657	0	0	1543	15114	8833	6281
NEIG21	ED	8887	7428	0	2	798	6628	4606	2022
NEIG21	TO	43493	24085	0	2	2341	21742	13439	8303
NEIG22	MV	15381	9297	0	5	859	8433	6461	1972
NEIG22	ED	3512	3650	0	0	344	3306	2611	695
NEIG22	TO	18893	12947	0	5	1203	11739	9072	2667
NEIG23	MV	6638	2511	0	2	219	2290	1311	979
NEIG23	ED	1850	604	0	0	65	539	362	177
NEIG23	TO	8488	3115	0	2	284	2829	1673	1156
NEIG24	MV	28439	16112	0	3	1338	14771	9098	5673
NEIG24	ED	6935	5821	0	2	503	5316	3518	1798
NEIG24	TO	35374	21933	0	5	1841	20087	12616	7471
NEIG25	MV	23712	12546	0	3	1208	11335	8851	2484
NEIG25	ED	7784	6202	0	2	753	5447	4454	993
NEIG25	TO	31496	18748	0	5	1961	16782	13305	3477
