area_id	subtotal_type	RSReg	RSCst	RSRej	RSOvr	RSUnd	RSTot	1:YES	2:NO
ALLPCTS	TO	503899	144603	0	32	10320	134251	98511	35740
ALLPCTS	ED	503899	72177	0	16	4951	67210	52712	14498
ALLPCTS	MV	503899	72426	0	16	5369	67041	45799	21242
PCT1101	MV	562	89	0	0	10	79	52	27
PCT1101	ED	562	60	0	0	4	56	42	14
PCT1101	TO	562	149	0	0	14	135	94	41
PCT1102	MV	1004	120	0	0	5	115	70	45
PCT1102	ED	1004	158	0	0	7	151	109	42
PCT1102	TO	1004	278	0	0	12	266	179	87
PCT1103	MV	971	147	0	0	4	143	86	57
PCT1103	ED	971	142	0	0	6	136	99	37
PCT1103	TO	971	289	0	0	10	279	185	94
PCT1104	MV	1018	122	0	0	3	119	83	36
PCT1104	ED	1018	119	0	0	6	113	79	34
PCT1104	TO	1018	241	0	0	9	232	162	70
PCT1106	MV	771	93	0	0	6	87	46	41
PCT1106	ED	771	96	0	0	6	90	64	26
PCT1106	TO	771	189	0	0	12	177	110	67
PCT1107	MV	751	100	0	0	6	94	56	38
PCT1107	ED	751	76	0	0	4	72	56	16
PCT1107	TO	751	176	0	0	10	166	112	54
PCT1108	MV	923	117	0	0	8	109	78	31
PCT1108	ED	923	114	0	0	10	104	75	29
PCT1108	TO	923	231	0	0	18	213	153	60
PCT1109	MV	822	108	0	0	6	102	59	43
PCT1109	ED	822	97	0	0	4	93	66	27
PCT1109	TO	822	205	0	0	10	195	125	70
PCT1111	MV	1046	150	0	0	9	141	97	44
PCT1111	ED	1046	118	0	0	6	112	86	26
PCT1111	TO	1046	268	0	0	15	253	183	70
PCT1112	MV	802	100	0	0	8	92	58	34
PCT1112	ED	802	76	0	0	5	71	56	15
PCT1112	TO	802	176	0	0	13	163	114	49
PCT1113	MV	795	102	0	0	10	92	55	37
PCT1113	ED	795	65	0	0	5	60	43	17
PCT1113	TO	795	167	0	0	15	152	98	54
PCT1114	MV	991	102	0	0	4	98	70	28
PCT1114	ED	991	97	0	0	11	86	70	16
PCT1114	TO	991	199	0	0	15	184	140	44
PCT1115	MV	936	114	0	0	7	107	69	38
PCT1115	ED	936	85	0	0	5	80	65	15
PCT1115	TO	936	199	0	0	12	187	134	53
PCT1116	MV	931	141	0	0	11	130	87	43
PCT1116	ED	931	118	0	0	8	110	93	17
PCT1116	TO	931	259	0	0	19	240	180	60
PCT1117	MV	846	103	0	0	5	98	51	47
PCT1117	ED	846	71	0	0	2	69	56	13
PCT1117	TO	846	174	0	0	7	167	107	60
PCT1118	MV	1065	123	0	0	4	119	80	39
PCT1118	ED	1065	100	0	0	7	93	67	26
PCT1118	TO	1065	223	0	0	11	212	147	65
PCT1119	MV	797	114	0	0	6	108	78	30
PCT1119	ED	797	73	0	0	4	69	54	15
PCT1119	TO	797	187	0	0	10	177	132	45
PCT1121	MV	705	115	0	0	9	106	56	50
PCT1121	ED	705	81	0	0	4	77	49	28
PCT1121	TO	705	196	0	0	13	183	105	78
PCT1122	MV	637	67	0	0	4	63	38	25
PCT1122	ED	637	70	0	0	5	65	49	16
PCT1122	TO	637	137	0	0	9	128	87	41
PCT1123	MV	938	77	0	0	4	73	49	24
PCT1123	ED	938	89	0	0	4	85	63	22
PCT1123	TO	938	166	0	0	8	158	112	46
PCT1124	MV	829	96	0	0	1	95	52	43
PCT1124	ED	829	72	0	0	4	68	56	12
PCT1124	TO	829	168	0	0	5	163	108	55
PCT1125	MV	1097	154	0	0	14	140	86	54
PCT1125	ED	1097	65	0	0	5	60	51	9
PCT1125	TO	1097	219	0	0	19	200	137	63
PCT1126	MV	1012	149	0	0	12	137	88	49
PCT1126	ED	1012	68	0	0	1	67	46	21
PCT1126	TO	1012	217	0	0	13	204	134	70
PCT1127	MV	965	123	0	0	8	115	59	56
PCT1127	ED	965	99	0	0	6	93	68	25
PCT1127	TO	965	222	0	0	14	208	127	81
PCT1128	MV	879	111	0	0	3	108	59	49
PCT1128	ED	879	59	0	1	4	54	40	14
PCT1128	TO	879	170	0	1	7	162	99	63
PCT1129	MV	1036	129	0	0	3	126	86	40
PCT1129	ED	1036	108	0	0	11	97	67	30
PCT1129	TO	1036	237	0	0	14	223	153	70
PCT1131	MV	860	103	0	0	10	93	44	49
PCT1131	ED	860	60	0	0	5	55	43	12
PCT1131	TO	860	163	0	0	15	148	87	61
PCT1132	MV	1032	152	0	0	13	139	86	53
PCT1132	ED	1032	59	0	0	0	59	37	22
PCT1132	TO	1032	211	0	0	13	198	123	75
PCT1133	MV	875	140	0	0	3	137	74	63
PCT1133	ED	875	74	0	0	5	69	47	22
PCT1133	TO	875	214	0	0	8	206	121	85
PCT1134	MV	767	122	0	0	7	115	61	54
PCT1134	ED	767	80	0	0	7	73	59	14
PCT1134	TO	767	202	0	0	14	188	120	68
PCT1135	MV	556	83	0	0	4	79	53	26
PCT1135	ED	556	50	0	0	1	49	40	9
PCT1135	TO	556	133	0	0	5	128	93	35
PCT1136	MV	867	152	0	0	10	142	80	62
PCT1136	ED	867	77	0	0	4	73	52	21
PCT1136	TO	867	229	0	0	14	215	132	83
PCT1141	MV	1056	144	0	0	5	139	93	46
PCT1141	ED	1056	123	0	0	4	119	90	29
PCT1141	TO	1056	267	0	0	9	258	183	75
PCT1142	MV	896	111	0	0	9	102	68	34
PCT1142	ED	896	87	0	0	4	83	69	14
PCT1142	TO	896	198	0	0	13	185	137	48
PCT1143	MV	1049	152	0	0	9	143	101	42
PCT1143	ED	1049	113	0	0	5	108	90	18
PCT1143	TO	1049	265	0	0	14	251	191	60
PCT1144	MV	947	110	0	0	5	105	58	47
PCT1144	ED	947	121	0	0	7	114	86	28
PCT1144	TO	947	231	0	0	12	219	144	75
PCT1145	MV	905	146	0	0	14	132	80	52
PCT1145	ED	905	114	0	0	5	109	88	21
PCT1145	TO	905	260	0	0	19	241	168	73
PCT1146	MV	1054	143	0	0	6	137	95	42
PCT1146	ED	1054	109	0	0	4	105	83	22
PCT1146	TO	1054	252	0	0	10	242	178	64
PCT1147	MV	885	100	0	0	5	95	60	35
PCT1147	ED	885	107	0	0	6	101	77	24
PCT1147	TO	885	207	0	0	11	196	137	59
PCT1148	MV	1028	148	0	0	3	145	87	58
PCT1148	ED	1028	116	0	0	7	109	77	32
PCT1148	TO	1028	264	0	0	10	254	164	90
PCT1149	MV	939	107	0	0	7	100	59	41
PCT1149	ED	939	118	0	0	8	110	83	27
PCT1149	TO	939	225	0	0	15	210	142	68
PCT1151	MV	0	0	0	0	0	0	0	0
PCT1151	ED	0	0	0	0	0	0	0	0
PCT1151	TO	0	0	0	0	0	0	0	0
PCT1152	MV	890	112	0	0	8	104	78	26
PCT1152	ED	890	85	0	0	4	81	55	26
PCT1152	TO	890	197	0	0	12	185	133	52
PCT1153	MV	940	114	0	0	7	107	63	44
PCT1153	ED	940	116	0	0	6	110	62	48
PCT1153	TO	940	230	0	0	13	217	125	92
PCT1154	MV	0	0	0	0	0	0	0	0
PCT1154	ED	0	0	0	0	0	0	0	0
PCT1154	TO	0	0	0	0	0	0	0	0
PCT7001	MV	773	112	0	0	3	109	85	24
PCT7001	ED	773	101	0	1	7	93	81	12
PCT7001	TO	773	213	0	1	10	202	166	36
PCT7002	MV	714	81	0	0	10	71	46	25
PCT7002	ED	714	88	0	0	7	81	71	10
PCT7002	TO	714	169	0	0	17	152	117	35
PCT7003	MV	906	147	0	0	5	142	106	36
PCT7003	ED	906	144	0	0	12	132	104	28
PCT7003	TO	906	291	0	0	17	274	210	64
PCT7004	MV	913	146	0	0	11	135	101	34
PCT7004	ED	913	142	0	0	8	134	107	27
PCT7004	TO	913	288	0	0	19	269	208	61
PCT7005	MV	859	142	0	0	9	133	112	21
PCT7005	ED	859	162	0	0	14	148	124	24
PCT7005	TO	859	304	0	0	23	281	236	45
PCT7006	MV	932	119	0	0	11	108	83	25
PCT7006	ED	932	149	0	0	8	141	116	25
PCT7006	TO	932	268	0	0	19	249	199	50
PCT7007	MV	957	145	0	0	9	136	103	33
PCT7007	ED	957	168	0	1	10	157	130	27
PCT7007	TO	957	313	0	1	19	293	233	60
PCT7008	MV	909	154	0	0	14	140	106	34
PCT7008	ED	909	189	0	0	10	179	149	30
PCT7008	TO	909	343	0	0	24	319	255	64
PCT7009	MV	871	141	0	0	13	128	90	38
PCT7009	ED	871	91	0	0	4	87	66	21
PCT7009	TO	871	232	0	0	17	215	156	59
PCT7011	MV	973	66	0	0	4	62	51	11
PCT7011	ED	973	87	0	0	4	83	69	14
PCT7011	TO	973	153	0	0	8	145	120	25
PCT7012	MV	1226	192	0	1	16	175	136	39
PCT7012	ED	1226	203	0	0	15	188	158	30
PCT7012	TO	1226	395	0	1	31	363	294	69
PCT7013	MV	1139	122	0	0	5	117	96	21
PCT7013	ED	1139	151	0	0	11	140	119	21
PCT7013	TO	1139	273	0	0	16	257	215	42
PCT7014	MV	719	90	0	0	5	85	72	13
PCT7014	ED	719	111	0	0	13	98	80	18
PCT7014	TO	719	201	0	0	18	183	152	31
PCT7015	MV	110	13	0	0	2	11	11	0
PCT7015	ED	110	0	0	0	0	0	0	0
PCT7015	TO	110	13	0	0	2	11	11	0
PCT7016	MV	932	85	0	0	3	82	62	20
PCT7016	ED	932	75	0	0	4	71	58	13
PCT7016	TO	932	160	0	0	7	153	120	33
PCT7017	MV	781	52	0	0	4	48	37	11
PCT7017	ED	781	53	0	0	5	48	43	5
PCT7017	TO	781	105	0	0	9	96	80	16
PCT7018	MV	1047	130	0	0	7	123	82	41
PCT7018	ED	1047	56	0	0	4	52	46	6
PCT7018	TO	1047	186	0	0	11	175	128	47
PCT7019	MV	900	130	0	0	7	123	71	52
PCT7019	ED	900	73	0	0	4	69	59	10
PCT7019	TO	900	203	0	0	11	192	130	62
PCT7021	MV	967	78	0	0	6	72	54	18
PCT7021	ED	967	106	0	0	6	100	86	14
PCT7021	TO	967	184	0	0	12	172	140	32
PCT7022	MV	963	109	0	0	7	102	81	21
PCT7022	ED	963	54	0	0	1	53	46	7
PCT7022	TO	963	163	0	0	8	155	127	28
PCT7023	MV	920	142	0	0	5	137	104	33
PCT7023	ED	920	71	0	0	7	64	55	9
PCT7023	TO	920	213	0	0	12	201	159	42
PCT7024	MV	441	25	0	0	1	24	21	3
PCT7024	ED	441	20	0	0	2	18	18	0
PCT7024	TO	441	45	0	0	3	42	39	3
PCT7025	MV	483	41	0	0	1	40	35	5
PCT7025	ED	483	39	0	0	3	36	29	7
PCT7025	TO	483	80	0	0	4	76	64	12
PCT7026	MV	1010	137	0	0	7	130	81	49
PCT7026	ED	1010	72	0	0	4	68	50	18
PCT7026	TO	1010	209	0	0	11	198	131	67
PCT7027	MV	896	96	0	0	4	92	59	33
PCT7027	ED	896	96	0	0	5	91	71	20
PCT7027	TO	896	192	0	0	9	183	130	53
PCT7028	MV	856	85	0	0	5	80	62	18
PCT7028	ED	856	97	0	0	6	91	69	22
PCT7028	TO	856	182	0	0	11	171	131	40
PCT7029	MV	909	80	0	0	9	71	56	15
PCT7029	ED	909	39	0	0	1	38	28	10
PCT7029	TO	909	119	0	0	10	109	84	25
PCT7030	MV	795	128	0	0	4	124	63	61
PCT7030	ED	795	58	0	0	1	57	30	27
PCT7030	TO	795	186	0	0	5	181	93	88
PCT7031	MV	694	119	0	0	11	108	69	39
PCT7031	ED	694	48	0	0	5	43	34	9
PCT7031	TO	694	167	0	0	16	151	103	48
PCT7032	MV	881	112	0	0	9	103	73	30
PCT7032	ED	881	51	0	0	5	46	36	10
PCT7032	TO	881	163	0	0	14	149	109	40
PCT7033	MV	778	96	0	0	5	91	56	35
PCT7033	ED	778	86	0	0	7	79	54	25
PCT7033	TO	778	182	0	0	12	170	110	60
PCT7034	MV	938	52	0	0	5	47	42	5
PCT7034	ED	938	57	0	0	3	54	45	9
PCT7034	TO	938	109	0	0	8	101	87	14
PCT7035	MV	719	86	0	0	7	79	56	23
PCT7035	ED	719	52	0	0	3	49	44	5
PCT7035	TO	719	138	0	0	10	128	100	28
PCT7036	MV	974	108	0	0	5	103	65	38
PCT7036	ED	974	39	0	0	1	38	30	8
PCT7036	TO	974	147	0	0	6	141	95	46
PCT7037	MV	746	31	0	0	0	31	23	8
PCT7037	ED	746	38	0	0	5	33	31	2
PCT7037	TO	746	69	0	0	5	64	54	10
PCT7038	MV	961	145	0	0	13	132	75	57
PCT7038	ED	961	58	0	0	6	52	40	12
PCT7038	TO	961	203	0	0	19	184	115	69
PCT7039	MV	837	106	0	0	18	88	55	33
PCT7039	ED	837	104	0	0	3	101	63	38
PCT7039	TO	837	210	0	0	21	189	118	71
PCT7041	MV	66	13	0	0	2	11	8	3
PCT7041	ED	66	0	0	0	0	0	0	0
PCT7041	TO	66	13	0	0	2	11	8	3
PCT7042	MV	660	88	0	0	3	85	57	28
PCT7042	ED	660	58	0	0	2	56	41	15
PCT7042	TO	660	146	0	0	5	141	98	43
PCT7043	MV	978	116	0	0	7	109	77	32
PCT7043	ED	978	78	0	0	3	75	61	14
PCT7043	TO	978	194	0	0	10	184	138	46
PCT7044	MV	852	67	0	0	1	66	52	14
PCT7044	ED	852	33	0	0	2	31	25	6
PCT7044	TO	852	100	0	0	3	97	77	20
PCT7045	MV	786	120	0	0	9	111	77	34
PCT7045	ED	786	53	0	0	2	51	30	21
PCT7045	TO	786	173	0	0	11	162	107	55
PCT7046	MV	430	45	0	0	5	40	26	14
PCT7046	ED	430	48	0	0	6	42	30	12
PCT7046	TO	430	93	0	0	11	82	56	26
PCT7047	MV	883	135	0	0	7	128	65	63
PCT7047	ED	883	62	0	0	3	59	43	16
PCT7047	TO	883	197	0	0	10	187	108	79
PCT7048	MV	881	108	0	0	9	99	68	31
PCT7048	ED	881	56	0	0	4	52	36	16
PCT7048	TO	881	164	0	0	13	151	104	47
PCT7049	MV	826	105	0	0	1	104	61	43
PCT7049	ED	826	70	0	0	5	65	43	22
PCT7049	TO	826	175	0	0	6	169	104	65
PCT7051	MV	880	129	0	0	9	120	59	61
PCT7051	ED	880	70	0	0	7	63	44	19
PCT7051	TO	880	199	0	0	16	183	103	80
PCT7052	MV	906	121	0	0	4	117	59	58
PCT7052	ED	906	84	0	0	5	79	64	15
PCT7052	TO	906	205	0	0	9	196	123	73
PCT7053	MV	585	102	0	0	9	93	55	38
PCT7053	ED	585	40	0	0	4	36	26	10
PCT7053	TO	585	142	0	0	13	129	81	48
PCT7054	MV	1136	98	0	0	11	87	66	21
PCT7054	ED	1136	105	0	0	5	100	79	21
PCT7054	TO	1136	203	0	0	16	187	145	42
PCT7055	MV	826	120	0	0	7	113	75	38
PCT7055	ED	826	76	0	0	6	70	63	7
PCT7055	TO	826	196	0	0	13	183	138	45
PCT7056	MV	705	85	0	0	5	80	57	23
PCT7056	ED	705	119	0	0	12	107	83	24
PCT7056	TO	705	204	0	0	17	187	140	47
PCT7101	MV	147	31	0	0	2	29	26	3
PCT7101	ED	147	0	0	0	0	0	0	0
PCT7101	TO	147	31	0	0	2	29	26	3
PCT7201	MV	935	145	0	0	12	133	86	47
PCT7201	ED	935	98	0	0	11	87	71	16
PCT7201	TO	935	243	0	0	23	220	157	63
PCT7202	MV	851	136	0	1	17	118	74	44
PCT7202	ED	851	123	0	0	9	114	89	25
PCT7202	TO	851	259	0	1	26	232	163	69
PCT7203	MV	879	116	0	0	16	100	75	25
PCT7203	ED	879	148	0	0	21	127	97	30
PCT7203	TO	879	264	0	0	37	227	172	55
PCT7204	MV	899	164	0	0	27	137	95	42
PCT7204	ED	899	116	0	0	17	99	79	20
PCT7204	TO	899	280	0	0	44	236	174	62
PCT7205	MV	871	132	0	0	10	122	91	31
PCT7205	ED	871	133	0	0	15	118	86	32
PCT7205	TO	871	265	0	0	25	240	177	63
PCT7206	MV	377	41	0	0	4	37	28	9
PCT7206	ED	377	76	0	0	3	73	57	16
PCT7206	TO	377	117	0	0	7	110	85	25
PCT7207	MV	867	119	0	0	8	111	76	35
PCT7207	ED	867	117	0	0	7	110	97	13
PCT7207	TO	867	236	0	0	15	221	173	48
PCT7208	MV	570	92	0	0	16	76	44	32
PCT7208	ED	570	60	0	0	4	56	48	8
PCT7208	TO	570	152	0	0	20	132	92	40
PCT7209	MV	647	199	0	0	19	180	123	57
PCT7209	ED	647	63	0	0	3	60	49	11
PCT7209	TO	647	262	0	0	22	240	172	68
PCT7301	MV	1014	129	0	0	11	118	85	33
PCT7301	ED	1014	112	0	0	7	105	84	21
PCT7301	TO	1014	241	0	0	18	223	169	54
PCT7302	MV	849	175	0	0	23	152	98	54
PCT7302	ED	849	116	0	0	11	105	82	23
PCT7302	TO	849	291	0	0	34	257	180	77
PCT7303	MV	1068	148	0	0	11	137	99	38
PCT7303	ED	1068	141	0	0	10	131	102	29
PCT7303	TO	1068	289	0	0	21	268	201	67
PCT7304	MV	1001	137	0	0	11	126	84	42
PCT7304	ED	1001	163	0	0	10	153	117	36
PCT7304	TO	1001	300	0	0	21	279	201	78
PCT7305	MV	867	162	0	0	16	146	90	56
PCT7305	ED	867	141	0	0	10	131	99	32
PCT7305	TO	867	303	0	0	26	277	189	88
PCT7306	MV	1044	122	0	0	8	114	68	46
PCT7306	ED	1044	152	0	0	17	135	110	25
PCT7306	TO	1044	274	0	0	25	249	178	71
PCT7307	MV	774	96	0	0	8	88	53	35
PCT7307	ED	774	101	0	0	8	93	74	19
PCT7307	TO	774	197	0	0	16	181	127	54
PCT7308	MV	625	106	0	0	6	100	68	32
PCT7308	ED	625	126	0	0	9	117	94	23
PCT7308	TO	625	232	0	0	15	217	162	55
PCT7309	MV	858	116	0	0	9	107	70	37
PCT7309	ED	858	156	0	0	13	143	116	27
PCT7309	TO	858	272	0	0	22	250	186	64
PCT7311	MV	906	107	0	0	10	97	74	23
PCT7311	ED	906	169	0	0	11	158	125	33
PCT7311	TO	906	276	0	0	21	255	199	56
PCT7312	MV	810	150	0	0	8	142	92	50
PCT7312	ED	810	120	0	0	7	113	83	30
PCT7312	TO	810	270	0	0	15	255	175	80
PCT7313	MV	1003	173	0	0	13	160	111	49
PCT7313	ED	1003	115	0	0	14	101	79	22
PCT7313	TO	1003	288	0	0	27	261	190	71
PCT7314	MV	759	124	0	0	15	109	82	27
PCT7314	ED	759	56	0	0	4	52	39	13
PCT7314	TO	759	180	0	0	19	161	121	40
PCT7315	MV	765	82	0	0	6	76	55	21
PCT7315	ED	765	117	0	0	8	109	81	28
PCT7315	TO	765	199	0	0	14	185	136	49
PCT7316	MV	832	119	0	0	16	103	68	35
PCT7316	ED	832	100	0	0	11	89	73	16
PCT7316	TO	832	219	0	0	27	192	141	51
PCT7317	MV	890	146	0	0	12	134	84	50
PCT7317	ED	890	107	0	0	12	95	81	14
PCT7317	TO	890	253	0	0	24	229	165	64
PCT7318	MV	723	142	0	0	20	122	84	38
PCT7318	ED	723	99	0	0	13	86	63	23
PCT7318	TO	723	241	0	0	33	208	147	61
PCT7319	MV	1049	111	0	0	8	103	66	37
PCT7319	ED	1049	113	0	0	12	101	70	31
PCT7319	TO	1049	224	0	0	20	204	136	68
PCT7321	MV	659	86	0	0	10	76	49	27
PCT7321	ED	659	62	0	0	4	58	41	17
PCT7321	TO	659	148	0	0	14	134	90	44
PCT7322	MV	888	164	0	0	23	141	102	39
PCT7322	ED	888	25	0	0	3	22	18	4
PCT7322	TO	888	189	0	0	26	163	120	43
PCT7323	MV	956	128	0	0	11	117	84	33
PCT7323	ED	956	126	0	0	12	114	89	25
PCT7323	TO	956	254	0	0	23	231	173	58
PCT7324	MV	737	89	0	0	7	82	57	25
PCT7324	ED	737	88	0	0	7	81	58	23
PCT7324	TO	737	177	0	0	14	163	115	48
PCT7325	MV	886	115	0	0	11	104	77	27
PCT7325	ED	886	121	0	0	10	111	83	28
PCT7325	TO	886	236	0	0	21	215	160	55
PCT7326	MV	859	105	0	0	11	94	67	27
PCT7326	ED	859	116	0	0	17	99	75	24
PCT7326	TO	859	221	0	0	28	193	142	51
PCT7327	MV	687	130	0	0	21	109	74	35
PCT7327	ED	687	37	0	0	2	35	29	6
PCT7327	TO	687	167	0	0	23	144	103	41
PCT7328	MV	1002	188	0	0	32	156	103	53
PCT7328	ED	1002	46	0	0	4	42	30	12
PCT7328	TO	1002	234	0	0	36	198	133	65
PCT7329	MV	651	125	0	0	16	109	73	36
PCT7329	ED	651	56	0	0	3	53	39	14
PCT7329	TO	651	181	0	0	19	162	112	50
PCT7331	MV	870	171	0	0	18	153	105	48
PCT7331	ED	870	129	0	0	15	114	82	32
PCT7331	TO	870	300	0	0	33	267	187	80
PCT7332	MV	790	101	0	0	9	92	71	21
PCT7332	ED	790	113	0	0	6	107	94	13
PCT7332	TO	790	214	0	0	15	199	165	34
PCT7333	MV	1015	143	0	0	16	127	91	36
PCT7333	ED	1015	161	0	0	12	149	122	27
PCT7333	TO	1015	304	0	0	28	276	213	63
PCT7334	MV	819	117	0	0	5	112	84	28
PCT7334	ED	819	105	0	0	8	97	78	19
PCT7334	TO	819	222	0	0	13	209	162	47
PCT7335	MV	934	145	0	0	14	131	87	44
PCT7335	ED	934	144	0	1	9	134	110	24
PCT7335	TO	934	289	0	1	23	265	197	68
PCT7336	MV	954	147	0	0	10	137	76	61
PCT7336	ED	954	128	0	0	10	118	91	27
PCT7336	TO	954	275	0	0	20	255	167	88
PCT7337	MV	897	167	0	0	16	151	89	62
PCT7337	ED	897	84	0	0	5	79	61	18
PCT7337	TO	897	251	0	0	21	230	150	80
PCT7338	MV	895	189	0	0	21	168	101	67
PCT7338	ED	895	70	0	0	8	62	49	13
PCT7338	TO	895	259	0	0	29	230	150	80
PCT7339	MV	755	116	0	0	7	109	84	25
PCT7339	ED	755	89	0	0	2	87	71	16
PCT7339	TO	755	205	0	0	9	196	155	41
PCT7341	MV	853	100	0	0	10	90	66	24
PCT7341	ED	853	131	0	0	10	121	103	18
PCT7341	TO	853	231	0	0	20	211	169	42
PCT7342	MV	904	117	0	0	9	108	77	31
PCT7342	ED	904	200	0	0	16	184	140	44
PCT7342	TO	904	317	0	0	25	292	217	75
PCT7343	MV	704	88	0	0	6	82	67	15
PCT7343	ED	704	116	0	0	13	103	82	21
PCT7343	TO	704	204	0	0	19	185	149	36
PCT7344	MV	1064	151	0	0	9	142	95	47
PCT7344	ED	1064	160	0	0	11	149	121	28
PCT7344	TO	1064	311	0	0	20	291	216	75
PCT7345	MV	1114	159	0	0	13	146	104	42
PCT7345	ED	1114	170	0	0	10	160	126	34
PCT7345	TO	1114	329	0	0	23	306	230	76
PCT7346	MV	889	111	0	0	4	107	80	27
PCT7346	ED	889	126	0	0	13	113	89	24
PCT7346	TO	889	237	0	0	17	220	169	51
PCT7347	MV	1003	152	0	0	15	137	114	23
PCT7347	ED	1003	98	0	0	9	89	77	12
PCT7347	TO	1003	250	0	0	24	226	191	35
PCT7348	MV	843	122	0	0	9	113	87	26
PCT7348	ED	843	100	0	0	8	92	76	16
PCT7348	TO	843	222	0	0	17	205	163	42
PCT7349	MV	912	158	0	0	10	148	109	39
PCT7349	ED	912	104	0	0	8	96	79	17
PCT7349	TO	912	262	0	0	18	244	188	56
PCT7501	MV	551	75	0	0	5	70	42	28
PCT7501	ED	551	90	0	0	12	78	61	17
PCT7501	TO	551	165	0	0	17	148	103	45
PCT7502	MV	789	107	0	0	12	95	60	35
PCT7502	ED	789	99	0	0	10	89	72	17
PCT7502	TO	789	206	0	0	22	184	132	52
PCT7503	MV	762	112	0	0	12	100	78	22
PCT7503	ED	762	100	0	0	10	90	70	20
PCT7503	TO	762	212	0	0	22	190	148	42
PCT7504	MV	488	72	0	0	8	64	50	14
PCT7504	ED	488	52	0	0	5	47	41	6
PCT7504	TO	488	124	0	0	13	111	91	20
PCT7505	MV	862	198	0	0	24	174	138	36
PCT7505	ED	862	96	0	0	3	93	77	16
PCT7505	TO	862	294	0	0	27	267	215	52
PCT7506	MV	1000	122	0	0	11	111	76	35
PCT7506	ED	1000	111	0	0	10	101	91	10
PCT7506	TO	1000	233	0	0	21	212	167	45
PCT7507	MV	956	120	0	0	7	113	86	27
PCT7507	ED	956	95	0	0	2	93	81	12
PCT7507	TO	956	215	0	0	9	206	167	39
PCT7508	MV	744	164	0	0	17	147	112	35
PCT7508	ED	744	103	0	0	8	95	82	13
PCT7508	TO	744	267	0	0	25	242	194	48
PCT7509	MV	929	180	0	0	14	166	120	46
PCT7509	ED	929	145	0	0	12	133	105	28
PCT7509	TO	929	325	0	0	26	299	225	74
PCT7512	MV	600	102	0	0	7	95	74	21
PCT7512	ED	600	85	0	0	8	77	61	16
PCT7512	TO	600	187	0	0	15	172	135	37
PCT7513	MV	806	100	0	0	12	88	72	16
PCT7513	ED	806	107	0	0	9	98	86	12
PCT7513	TO	806	207	0	0	21	186	158	28
PCT7514	MV	916	110	0	0	16	94	72	22
PCT7514	ED	916	59	0	0	11	48	43	5
PCT7514	TO	916	169	0	0	27	142	115	27
PCT7515	MV	864	83	0	0	6	77	55	22
PCT7515	ED	864	90	0	0	9	81	67	14
PCT7515	TO	864	173	0	0	15	158	122	36
PCT7516	MV	920	175	0	0	12	163	126	37
PCT7516	ED	920	118	0	0	5	113	87	26
PCT7516	TO	920	293	0	0	17	276	213	63
PCT7517	MV	868	128	0	0	8	120	98	22
PCT7517	ED	868	179	0	0	13	166	143	23
PCT7517	TO	868	307	0	0	21	286	241	45
PCT7518	MV	926	105	0	0	8	97	77	20
PCT7518	ED	926	185	0	0	14	171	154	17
PCT7518	TO	926	290	0	0	22	268	231	37
PCT7519	MV	715	66	0	0	5	61	49	12
PCT7519	ED	715	136	0	0	8	128	109	19
PCT7519	TO	715	202	0	0	13	189	158	31
PCT7521	MV	779	100	0	0	10	90	81	9
PCT7521	ED	779	149	0	0	5	144	124	20
PCT7521	TO	779	249	0	0	15	234	205	29
PCT7522	MV	759	88	0	0	6	82	67	15
PCT7522	ED	759	158	0	0	13	145	125	20
PCT7522	TO	759	246	0	0	19	227	192	35
PCT7523	MV	744	79	0	0	8	71	57	14
PCT7523	ED	744	169	0	0	11	158	136	22
PCT7523	TO	744	248	0	0	19	229	193	36
PCT7524	MV	624	75	0	0	11	64	52	12
PCT7524	ED	624	102	0	0	8	94	84	10
PCT7524	TO	624	177	0	0	19	158	136	22
PCT7525	MV	764	74	0	0	5	69	56	13
PCT7525	ED	764	94	0	0	9	85	79	6
PCT7525	TO	764	168	0	0	14	154	135	19
PCT7526	MV	988	134	0	0	17	117	91	26
PCT7526	ED	988	147	0	0	14	133	112	21
PCT7526	TO	988	281	0	0	31	250	203	47
PCT7527	MV	710	93	0	0	4	89	74	15
PCT7527	ED	710	112	0	0	8	104	94	10
PCT7527	TO	710	205	0	0	12	193	168	25
PCT7529	MV	903	103	0	0	7	96	82	14
PCT7529	ED	903	185	0	0	7	178	152	26
PCT7529	TO	903	288	0	0	14	274	234	40
PCT7531	MV	873	80	0	0	5	75	61	14
PCT7531	ED	873	132	0	0	4	128	113	15
PCT7531	TO	873	212	0	0	9	203	174	29
PCT7532	MV	835	100	0	0	3	97	76	21
PCT7532	ED	835	126	0	0	11	115	83	32
PCT7532	TO	835	226	0	0	14	212	159	53
PCT7533	MV	970	117	0	0	10	107	92	15
PCT7533	ED	970	185	0	0	13	172	141	31
PCT7533	TO	970	302	0	0	23	279	233	46
PCT7534	MV	903	104	0	0	6	98	76	22
PCT7534	ED	903	177	0	0	13	164	150	14
PCT7534	TO	903	281	0	0	19	262	226	36
PCT7535	MV	745	91	0	0	6	85	69	16
PCT7535	ED	745	151	0	0	15	136	127	9
PCT7535	TO	745	242	0	0	21	221	196	25
PCT7536	MV	833	91	0	0	4	87	72	15
PCT7536	ED	833	170	0	0	18	152	134	18
PCT7536	TO	833	261	0	0	22	239	206	33
PCT7537	MV	745	78	0	0	7	71	61	10
PCT7537	ED	745	148	0	0	12	136	122	14
PCT7537	TO	745	226	0	0	19	207	183	24
PCT7538	MV	751	100	0	0	9	91	73	18
PCT7538	ED	751	172	0	0	14	158	139	19
PCT7538	TO	751	272	0	0	23	249	212	37
PCT7539	MV	921	92	0	0	12	80	66	14
PCT7539	ED	921	187	0	0	14	173	153	20
PCT7539	TO	921	279	0	0	26	253	219	34
PCT7541	MV	770	82	0	0	8	74	57	17
PCT7541	ED	770	159	0	0	12	147	127	20
PCT7541	TO	770	241	0	0	20	221	184	37
PCT7542	MV	824	86	0	0	3	83	64	19
PCT7542	ED	824	166	0	0	5	161	144	17
PCT7542	TO	824	252	0	0	8	244	208	36
PCT7543	MV	924	108	0	0	5	103	91	12
PCT7543	ED	924	138	0	0	7	131	114	17
PCT7543	TO	924	246	0	0	12	234	205	29
PCT7544	MV	899	128	0	0	11	117	102	15
PCT7544	ED	899	159	0	0	14	145	125	20
PCT7544	TO	899	287	0	0	25	262	227	35
PCT7545	MV	895	134	0	0	9	125	104	21
PCT7545	ED	895	146	0	0	14	132	110	22
PCT7545	TO	895	280	0	0	23	257	214	43
PCT7546	MV	953	105	0	0	9	96	81	15
PCT7546	ED	953	209	0	0	15	194	159	35
PCT7546	TO	953	314	0	0	24	290	240	50
PCT7547	MV	981	131	0	0	7	124	99	25
PCT7547	ED	981	172	0	0	8	164	156	8
PCT7547	TO	981	303	0	0	15	288	255	33
PCT7548	MV	1051	150	0	0	7	143	123	20
PCT7548	ED	1051	201	0	0	9	192	168	24
PCT7548	TO	1051	351	0	0	16	335	291	44
PCT7549	MV	806	137	0	0	9	128	100	28
PCT7549	ED	806	140	0	0	16	124	109	15
PCT7549	TO	806	277	0	0	25	252	209	43
PCT7551	MV	723	76	0	0	4	72	60	12
PCT7551	ED	723	171	0	0	10	161	125	36
PCT7551	TO	723	247	0	0	14	233	185	48
PCT7552	MV	685	94	0	0	12	82	71	11
PCT7552	ED	685	127	0	0	12	115	98	17
PCT7552	TO	685	221	0	0	24	197	169	28
PCT7553	MV	191	38	0	0	0	38	28	10
PCT7553	ED	191	0	0	0	0	0	0	0
PCT7553	TO	191	38	0	0	0	38	28	10
PCT7554	MV	821	106	0	0	8	98	75	23
PCT7554	ED	821	177	0	0	15	162	133	29
PCT7554	TO	821	283	0	0	23	260	208	52
PCT7555	MV	872	126	0	0	8	118	94	24
PCT7555	ED	872	210	0	0	14	196	176	20
PCT7555	TO	872	336	0	0	22	314	270	44
PCT7556	MV	966	158	0	0	6	152	112	40
PCT7556	ED	966	165	0	0	14	151	112	39
PCT7556	TO	966	323	0	0	20	303	224	79
PCT7601	MV	677	94	0	0	5	89	76	13
PCT7601	ED	677	89	0	0	8	81	67	14
PCT7601	TO	677	183	0	0	13	170	143	27
PCT7602	MV	886	120	0	0	11	109	82	27
PCT7602	ED	886	103	0	0	7	96	87	9
PCT7602	TO	886	223	0	0	18	205	169	36
PCT7603	MV	815	119	0	0	11	108	88	20
PCT7603	ED	815	167	0	0	9	158	127	31
PCT7603	TO	815	286	0	0	20	266	215	51
PCT7604	MV	944	116	0	0	10	106	86	20
PCT7604	ED	944	133	0	0	15	118	93	25
PCT7604	TO	944	249	0	0	25	224	179	45
PCT7605	MV	661	94	0	1	7	86	67	19
PCT7605	ED	661	62	0	0	6	56	48	8
PCT7605	TO	661	156	0	1	13	142	115	27
PCT7606	MV	883	114	0	0	9	105	83	22
PCT7606	ED	883	79	0	0	6	73	65	8
PCT7606	TO	883	193	0	0	15	178	148	30
PCT7607	MV	919	119	0	0	11	108	80	28
PCT7607	ED	919	100	0	0	4	96	78	18
PCT7607	TO	919	219	0	0	15	204	158	46
PCT7608	MV	380	67	0	0	8	59	41	18
PCT7608	ED	380	19	0	0	1	18	17	1
PCT7608	TO	380	86	0	0	9	77	58	19
PCT7609	MV	884	178	0	0	17	161	116	45
PCT7609	ED	884	49	0	0	5	44	36	8
PCT7609	TO	884	227	0	0	22	205	152	53
PCT7611	MV	788	126	0	0	13	113	99	14
PCT7611	ED	788	43	0	0	2	41	34	7
PCT7611	TO	788	169	0	0	15	154	133	21
PCT7612	MV	557	95	0	0	4	91	65	26
PCT7612	ED	557	29	0	0	1	28	21	7
PCT7612	TO	557	124	0	0	5	119	86	33
PCT7613	MV	883	100	0	0	7	93	71	22
PCT7613	ED	883	86	0	0	4	82	68	14
PCT7613	TO	883	186	0	0	11	175	139	36
PCT7614	MV	916	109	0	0	11	98	76	22
PCT7614	ED	916	78	0	0	4	74	61	13
PCT7614	TO	916	187	0	0	15	172	137	35
PCT7615	MV	750	75	0	0	7	68	49	19
PCT7615	ED	750	58	0	0	5	53	44	9
PCT7615	TO	750	133	0	0	12	121	93	28
PCT7616	MV	836	77	0	0	6	71	59	12
PCT7616	ED	836	86	0	0	6	80	71	9
PCT7616	TO	836	163	0	0	12	151	130	21
PCT7617	MV	752	113	0	0	16	97	83	14
PCT7617	ED	752	42	0	0	7	35	26	9
PCT7617	TO	752	155	0	0	23	132	109	23
PCT7618	MV	914	133	0	0	4	129	95	34
PCT7618	ED	914	84	0	0	11	73	55	18
PCT7618	TO	914	217	0	0	15	202	150	52
PCT7619	MV	1107	158	0	0	15	143	102	41
PCT7619	ED	1107	117	0	0	10	107	87	20
PCT7619	TO	1107	275	0	0	25	250	189	61
PCT7621	MV	1155	177	0	0	15	162	119	43
PCT7621	ED	1155	103	0	0	8	95	74	21
PCT7621	TO	1155	280	0	0	23	257	193	64
PCT7622	MV	960	100	0	0	13	87	75	12
PCT7622	ED	960	73	0	0	13	60	51	9
PCT7622	TO	960	173	0	0	26	147	126	21
PCT7623	MV	1004	99	0	1	11	87	65	22
PCT7623	ED	1004	98	0	0	10	88	79	9
PCT7623	TO	1004	197	0	1	21	175	144	31
PCT7624	MV	875	118	0	0	7	111	88	23
PCT7624	ED	875	72	0	0	12	60	51	9
PCT7624	TO	875	190	0	0	19	171	139	32
PCT7625	MV	822	265	0	0	38	227	171	56
PCT7625	ED	822	34	0	0	2	32	29	3
PCT7625	TO	822	299	0	0	40	259	200	59
PCT7626	MV	1073	158	0	0	16	142	98	44
PCT7626	ED	1073	105	0	0	5	100	85	15
PCT7626	TO	1073	263	0	0	21	242	183	59
PCT7627	MV	524	81	0	0	11	70	51	19
PCT7627	ED	524	57	0	0	6	51	39	12
PCT7627	TO	524	138	0	0	17	121	90	31
PCT7628	MV	938	116	0	0	5	111	83	28
PCT7628	ED	938	110	0	0	6	104	87	17
PCT7628	TO	938	226	0	0	11	215	170	45
PCT7629	MV	853	100	0	0	15	85	67	18
PCT7629	ED	853	86	0	0	7	79	65	14
PCT7629	TO	853	186	0	0	22	164	132	32
PCT7631	MV	1219	164	0	0	7	157	120	37
PCT7631	ED	1219	110	0	0	6	104	84	20
PCT7631	TO	1219	274	0	0	13	261	204	57
PCT7632	MV	1171	154	0	1	7	146	115	31
PCT7632	ED	1171	128	0	0	6	122	98	24
PCT7632	TO	1171	282	0	1	13	268	213	55
PCT7633	MV	735	134	0	0	12	122	90	32
PCT7633	ED	735	96	0	0	8	88	71	17
PCT7633	TO	735	230	0	0	20	210	161	49
PCT7634	MV	890	162	0	0	16	146	111	35
PCT7634	ED	890	101	0	1	12	88	66	22
PCT7634	TO	890	263	0	1	28	234	177	57
PCT7635	MV	853	103	0	0	7	96	68	28
PCT7635	ED	853	62	0	0	4	58	40	18
PCT7635	TO	853	165	0	0	11	154	108	46
PCT7636	MV	959	130	0	0	10	120	79	41
PCT7636	ED	959	107	0	0	4	103	82	21
PCT7636	TO	959	237	0	0	14	223	161	62
PCT7637	MV	868	143	0	0	14	129	83	46
PCT7637	ED	868	98	0	1	7	90	76	14
PCT7637	TO	868	241	0	1	21	219	159	60
PCT7638	MV	889	156	0	0	7	149	96	53
PCT7638	ED	889	87	0	0	9	78	48	30
PCT7638	TO	889	243	0	0	16	227	144	83
PCT7639	MV	1022	138	0	1	14	123	79	44
PCT7639	ED	1022	132	0	0	20	112	84	28
PCT7639	TO	1022	270	0	1	34	235	163	72
PCT7641	MV	951	182	0	1	12	169	105	64
PCT7641	ED	951	92	0	0	5	87	65	22
PCT7641	TO	951	274	0	1	17	256	170	86
PCT7642	MV	765	92	0	0	5	87	60	27
PCT7642	ED	765	79	0	0	14	65	53	12
PCT7642	TO	765	171	0	0	19	152	113	39
PCT7643	MV	941	177	0	0	10	167	108	59
PCT7643	ED	941	105	0	0	11	94	76	18
PCT7643	TO	941	282	0	0	21	261	184	77
PCT7644	MV	1176	141	0	0	11	130	91	39
PCT7644	ED	1176	142	0	0	8	134	115	19
PCT7644	TO	1176	283	0	0	19	264	206	58
PCT7645	MV	656	127	0	0	8	119	75	44
PCT7645	ED	656	56	0	0	7	49	40	9
PCT7645	TO	656	183	0	0	15	168	115	53
PCT7646	MV	1153	157	0	0	16	141	91	50
PCT7646	ED	1153	133	0	0	15	118	100	18
PCT7646	TO	1153	290	0	0	31	259	191	68
PCT7647	MV	987	85	0	0	3	82	64	18
PCT7647	ED	987	79	0	0	6	73	55	18
PCT7647	TO	987	164	0	0	9	155	119	36
PCT7648	MV	2	0	0	0	0	0	0	0
PCT7648	ED	2	0	0	0	0	0	0	0
PCT7648	TO	2	0	0	0	0	0	0	0
PCT7649	MV	900	127	0	0	5	122	98	24
PCT7649	ED	900	78	0	0	6	72	59	13
PCT7649	TO	900	205	0	0	11	194	157	37
PCT7651	MV	947	124	0	0	9	115	76	39
PCT7651	ED	947	72	0	0	9	63	44	19
PCT7651	TO	947	196	0	0	18	178	120	58
PCT7652	MV	635	77	0	0	5	72	47	25
PCT7652	ED	635	86	0	0	10	76	60	16
PCT7652	TO	635	163	0	0	15	148	107	41
PCT7653	MV	839	107	0	0	19	88	71	17
PCT7653	ED	839	79	0	0	8	71	60	11
PCT7653	TO	839	186	0	0	27	159	131	28
PCT7654	MV	466	66	0	0	4	62	46	16
PCT7654	ED	466	83	0	0	6	77	64	13
PCT7654	TO	466	149	0	0	10	139	110	29
PCT7655	MV	679	92	0	0	5	87	61	26
PCT7655	ED	679	59	0	0	11	48	40	8
PCT7655	TO	679	151	0	0	16	135	101	34
PCT7656	MV	638	130	0	0	10	120	85	35
PCT7656	ED	638	40	0	0	3	37	21	16
PCT7656	TO	638	170	0	0	13	157	106	51
PCT7657	MV	598	75	0	0	6	69	49	20
PCT7657	ED	598	61	0	0	5	56	47	9
PCT7657	TO	598	136	0	0	11	125	96	29
PCT7701	MV	1064	190	0	0	15	175	119	56
PCT7701	ED	1064	173	0	0	11	162	123	39
PCT7701	TO	1064	363	0	0	26	337	242	95
PCT7702	MV	756	125	0	0	5	120	71	49
PCT7702	ED	756	103	0	0	7	96	65	31
PCT7702	TO	756	228	0	0	12	216	136	80
PCT7703	MV	174	42	0	0	2	40	33	7
PCT7703	ED	174	0	0	0	0	0	0	0
PCT7703	TO	174	42	0	0	2	40	33	7
PCT7704	MV	1002	186	0	0	18	168	86	82
PCT7704	ED	1002	173	0	0	6	167	107	60
PCT7704	TO	1002	359	0	0	24	335	193	142
PCT7705	MV	595	119	0	0	8	111	62	49
PCT7705	ED	595	110	0	0	8	102	64	38
PCT7705	TO	595	229	0	0	16	213	126	87
PCT7706	MV	866	177	0	0	9	168	107	61
PCT7706	ED	866	162	0	0	7	155	98	57
PCT7706	TO	866	339	0	0	16	323	205	118
PCT7707	MV	872	148	0	0	12	136	96	40
PCT7707	ED	872	179	0	0	10	169	105	64
PCT7707	TO	872	327	0	0	22	305	201	104
PCT7708	MV	875	182	0	0	13	169	95	74
PCT7708	ED	875	152	0	0	9	143	101	42
PCT7708	TO	875	334	0	0	22	312	196	116
PCT7709	MV	406	67	0	0	5	62	40	22
PCT7709	ED	406	90	0	0	3	87	66	21
PCT7709	TO	406	157	0	0	8	149	106	43
PCT7711	MV	811	127	0	0	8	119	75	44
PCT7711	ED	811	125	0	0	1	124	95	29
PCT7711	TO	811	252	0	0	9	243	170	73
PCT7712	MV	532	81	0	0	5	76	55	21
PCT7712	ED	532	106	0	0	7	99	78	21
PCT7712	TO	532	187	0	0	12	175	133	42
PCT7801	MV	974	162	0	0	11	151	100	51
PCT7801	ED	974	190	0	0	11	179	140	39
PCT7801	TO	974	352	0	0	22	330	240	90
PCT7802	MV	798	154	0	0	11	143	110	33
PCT7802	ED	798	157	0	0	9	148	129	19
PCT7802	TO	798	311	0	0	20	291	239	52
PCT7803	MV	831	166	0	0	11	155	112	43
PCT7803	ED	831	128	0	0	10	118	94	24
PCT7803	TO	831	294	0	0	21	273	206	67
PCT7804	MV	885	148	0	0	12	136	100	36
PCT7804	ED	885	180	0	0	19	161	134	27
PCT7804	TO	885	328	0	0	31	297	234	63
PCT7805	MV	800	142	0	0	17	125	90	35
PCT7805	ED	800	155	0	0	11	144	130	14
PCT7805	TO	800	297	0	0	28	269	220	49
PCT7806	MV	755	99	0	0	7	92	73	19
PCT7806	ED	755	152	0	1	11	140	119	21
PCT7806	TO	755	251	0	1	18	232	192	40
PCT7807	MV	827	137	0	0	6	131	105	26
PCT7807	ED	827	174	0	0	13	161	137	24
PCT7807	TO	827	311	0	0	19	292	242	50
PCT7808	MV	654	91	0	0	4	87	66	21
PCT7808	ED	654	129	0	0	11	118	97	21
PCT7808	TO	654	220	0	0	15	205	163	42
PCT7809	MV	764	132	0	0	11	121	103	18
PCT7809	ED	764	135	0	0	9	126	114	12
PCT7809	TO	764	267	0	0	20	247	217	30
PCT7811	MV	758	94	0	0	12	82	63	19
PCT7811	ED	758	155	0	0	7	148	122	26
PCT7811	TO	758	249	0	0	19	230	185	45
PCT7812	MV	897	146	0	0	12	134	110	24
PCT7812	ED	897	163	0	0	11	152	128	24
PCT7812	TO	897	309	0	0	23	286	238	48
PCT7813	MV	1068	171	0	0	11	160	133	27
PCT7813	ED	1068	214	0	0	16	198	171	27
PCT7813	TO	1068	385	0	0	27	358	304	54
PCT7814	MV	901	99	0	0	6	93	71	22
PCT7814	ED	901	118	0	0	12	106	93	13
PCT7814	TO	901	217	0	0	18	199	164	35
PCT7815	MV	917	167	0	0	21	146	111	35
PCT7815	ED	917	176	0	0	16	160	131	29
PCT7815	TO	917	343	0	0	37	306	242	64
PCT7816	MV	872	164	0	0	23	141	107	34
PCT7816	ED	872	149	0	0	7	142	111	31
PCT7816	TO	872	313	0	0	30	283	218	65
PCT7817	MV	838	149	0	0	8	141	121	20
PCT7817	ED	838	182	0	0	10	172	148	24
PCT7817	TO	838	331	0	0	18	313	269	44
PCT7818	MV	839	126	0	0	9	117	86	31
PCT7818	ED	839	149	0	0	5	144	120	24
PCT7818	TO	839	275	0	0	14	261	206	55
PCT7819	MV	774	120	0	0	8	112	79	33
PCT7819	ED	774	89	0	0	5	84	70	14
PCT7819	TO	774	209	0	0	13	196	149	47
PCT7821	MV	976	155	0	0	12	143	113	30
PCT7821	ED	976	189	0	0	10	179	144	35
PCT7821	TO	976	344	0	0	22	322	257	65
PCT7822	MV	892	140	0	0	11	129	106	23
PCT7822	ED	892	222	0	0	21	201	158	43
PCT7822	TO	892	362	0	0	32	330	264	66
PCT7823	MV	883	159	0	0	11	148	112	36
PCT7823	ED	883	188	0	0	5	183	163	20
PCT7823	TO	883	347	0	0	16	331	275	56
PCT7824	MV	768	104	0	0	3	101	74	27
PCT7824	ED	768	158	0	0	12	146	121	25
PCT7824	TO	768	262	0	0	15	247	195	52
PCT7825	MV	608	82	0	0	6	76	68	8
PCT7825	ED	608	130	0	0	4	126	107	19
PCT7825	TO	608	212	0	0	10	202	175	27
PCT7826	MV	690	82	0	0	5	77	63	14
PCT7826	ED	690	162	0	0	10	152	135	17
PCT7826	TO	690	244	0	0	15	229	198	31
PCT7827	MV	826	80	0	0	8	72	61	11
PCT7827	ED	826	145	0	0	11	134	116	18
PCT7827	TO	826	225	0	0	19	206	177	29
PCT7828	MV	1028	178	0	0	15	163	108	55
PCT7828	ED	1028	177	0	0	17	160	123	37
PCT7828	TO	1028	355	0	0	32	323	231	92
PCT7829	MV	891	151	0	0	7	144	105	39
PCT7829	ED	891	151	0	0	6	145	118	27
PCT7829	TO	891	302	0	0	13	289	223	66
PCT7831	MV	902	174	0	0	17	157	122	35
PCT7831	ED	902	137	0	0	8	129	98	31
PCT7831	TO	902	311	0	0	25	286	220	66
PCT7832	MV	781	154	0	0	15	139	116	23
PCT7832	ED	781	127	0	0	9	118	101	17
PCT7832	TO	781	281	0	0	24	257	217	40
PCT7833	MV	733	102	0	0	5	97	77	20
PCT7833	ED	733	145	0	0	14	131	113	18
PCT7833	TO	733	247	0	0	19	228	190	38
PCT7834	MV	894	109	0	0	9	100	82	18
PCT7834	ED	894	175	0	0	12	163	143	20
PCT7834	TO	894	284	0	0	21	263	225	38
PCT7835	MV	863	158	0	0	9	149	99	50
PCT7835	ED	863	147	0	0	12	135	107	28
PCT7835	TO	863	305	0	0	21	284	206	78
PCT7836	MV	1043	209	0	0	17	192	127	65
PCT7836	ED	1043	169	0	0	5	164	130	34
PCT7836	TO	1043	378	0	0	22	356	257	99
PCT7837	MV	923	140	0	0	16	124	91	33
PCT7837	ED	923	198	0	0	13	185	160	25
PCT7837	TO	923	338	0	0	29	309	251	58
PCT7838	MV	895	174	0	0	16	158	114	44
PCT7838	ED	895	155	0	0	8	147	121	26
PCT7838	TO	895	329	0	0	24	305	235	70
PCT7839	MV	861	156	0	0	15	141	107	34
PCT7839	ED	861	136	0	0	6	130	109	21
PCT7839	TO	861	292	0	0	21	271	216	55
PCT7841	MV	950	138	0	0	5	133	101	32
PCT7841	ED	950	207	0	0	14	193	162	31
PCT7841	TO	950	345	0	0	19	326	263	63
PCT7842	MV	879	114	0	0	8	106	86	20
PCT7842	ED	879	154	0	0	9	145	124	21
PCT7842	TO	879	268	0	0	17	251	210	41
PCT7843	MV	729	88	0	0	2	86	66	20
PCT7843	ED	729	163	0	0	12	151	127	24
PCT7843	TO	729	251	0	0	14	237	193	44
PCT7844	MV	651	84	0	0	5	79	71	8
PCT7844	ED	651	136	0	0	12	124	111	13
PCT7844	TO	651	220	0	0	17	203	182	21
PCT7845	MV	880	129	0	0	4	125	92	33
PCT7845	ED	880	177	0	0	14	163	127	36
PCT7845	TO	880	306	0	0	18	288	219	69
PCT7846	MV	908	147	0	0	9	138	97	41
PCT7846	ED	908	166	0	0	12	154	125	29
PCT7846	TO	908	313	0	0	21	292	222	70
PCT7847	MV	891	142	0	0	9	133	103	30
PCT7847	ED	891	181	0	0	6	175	140	35
PCT7847	TO	891	323	0	0	15	308	243	65
PCT7848	MV	847	131	0	0	3	128	95	33
PCT7848	ED	847	168	0	0	15	153	123	30
PCT7848	TO	847	299	0	0	18	281	218	63
PCT7849	MV	901	141	0	0	16	125	99	26
PCT7849	ED	901	186	0	0	15	171	147	24
PCT7849	TO	901	327	0	0	31	296	246	50
PCT7851	MV	526	113	0	0	10	103	61	42
PCT7851	ED	526	84	0	0	6	78	53	25
PCT7851	TO	526	197	0	0	16	181	114	67
PCT7852	MV	644	139	0	0	12	127	80	47
PCT7852	ED	644	103	0	0	8	95	69	26
PCT7852	TO	644	242	0	0	20	222	149	73
PCT7853	MV	855	136	0	0	15	121	86	35
PCT7853	ED	855	137	0	0	7	130	100	30
PCT7853	TO	855	273	0	0	22	251	186	65
PCT7854	MV	878	138	0	0	15	123	94	29
PCT7854	ED	878	172	0	0	12	160	129	31
PCT7854	TO	878	310	0	0	27	283	223	60
PCT7855	MV	974	150	0	0	14	136	93	43
PCT7855	ED	974	202	0	0	14	188	155	33
PCT7855	TO	974	352	0	0	28	324	248	76
PCT7856	MV	847	106	0	0	6	100	82	18
PCT7856	ED	847	193	0	0	12	181	151	30
PCT7856	TO	847	299	0	0	18	281	233	48
PCT7857	MV	906	144	0	0	14	130	97	33
PCT7857	ED	906	153	0	0	7	146	129	17
PCT7857	TO	906	297	0	0	21	276	226	50
PCT7858	MV	779	120	0	0	10	110	93	17
PCT7858	ED	779	147	0	0	12	135	117	18
PCT7858	TO	779	267	0	0	22	245	210	35
PCT7859	MV	899	152	0	0	11	141	103	38
PCT7859	ED	899	165	0	0	17	148	112	36
PCT7859	TO	899	317	0	0	28	289	215	74
PCT7861	MV	863	144	0	0	11	133	93	40
PCT7861	ED	863	171	0	0	9	162	129	33
PCT7861	TO	863	315	0	0	20	295	222	73
PCT7862	MV	864	143	0	0	10	133	87	46
PCT7862	ED	864	197	0	0	13	184	152	32
PCT7862	TO	864	340	0	0	23	317	239	78
PCT7863	MV	901	102	0	0	8	94	70	24
PCT7863	ED	901	205	0	0	7	198	160	38
PCT7863	TO	901	307	0	0	15	292	230	62
PCT7864	MV	814	115	0	0	9	106	78	28
PCT7864	ED	814	157	0	0	12	145	123	22
PCT7864	TO	814	272	0	0	21	251	201	50
PCT7865	MV	840	132	0	0	6	126	87	39
PCT7865	ED	840	157	0	0	8	149	120	29
PCT7865	TO	840	289	0	0	14	275	207	68
PCT7866	MV	848	173	0	0	8	165	101	64
PCT7866	ED	848	141	0	0	5	136	87	49
PCT7866	TO	848	314	0	0	13	301	188	113
PCT7867	MV	978	179	0	0	17	162	127	35
PCT7867	ED	978	182	0	0	12	170	138	32
PCT7867	TO	978	361	0	0	29	332	265	67
PCT7868	MV	876	157	0	0	7	150	113	37
PCT7868	ED	876	161	0	0	12	149	121	28
PCT7868	TO	876	318	0	0	19	299	234	65
PCT7869	MV	861	157	0	0	10	147	115	32
PCT7869	ED	861	189	0	0	9	180	151	29
PCT7869	TO	861	346	0	0	19	327	266	61
PCT7871	MV	902	153	0	0	11	142	106	36
PCT7871	ED	902	157	0	0	8	149	117	32
PCT7871	TO	902	310	0	0	19	291	223	68
PCT7872	MV	874	149	0	0	7	142	113	29
PCT7872	ED	874	185	0	0	6	179	136	43
PCT7872	TO	874	334	0	0	13	321	249	72
PCT7873	MV	891	135	0	0	9	126	96	30
PCT7873	ED	891	212	0	0	14	198	164	34
PCT7873	TO	891	347	0	0	23	324	260	64
PCT7874	MV	489	58	0	0	6	52	37	15
PCT7874	ED	489	107	0	0	6	101	82	19
PCT7874	TO	489	165	0	0	12	153	119	34
PCT7875	MV	647	83	0	0	2	81	60	21
PCT7875	ED	647	114	0	0	4	110	83	27
PCT7875	TO	647	197	0	0	6	191	143	48
PCT7876	MV	568	93	0	0	6	87	70	17
PCT7876	ED	568	91	0	0	14	77	67	10
PCT7876	TO	568	184	0	0	20	164	137	27
PCT7901	MV	549	81	0	0	6	75	61	14
PCT7901	ED	549	65	0	0	3	62	55	7
PCT7901	TO	549	146	0	0	9	137	116	21
PCT7902	MV	912	102	0	0	6	96	74	22
PCT7902	ED	912	139	0	0	10	129	112	17
PCT7902	TO	912	241	0	0	16	225	186	39
PCT7903	MV	852	107	0	0	12	95	72	23
PCT7903	ED	852	123	0	0	6	117	104	13
PCT7903	TO	852	230	0	0	18	212	176	36
PCT7904	MV	837	104	0	0	6	98	84	14
PCT7904	ED	837	115	0	1	10	104	92	12
PCT7904	TO	837	219	0	1	16	202	176	26
PCT7905	MV	875	145	0	0	8	137	110	27
PCT7905	ED	875	183	0	0	9	174	157	17
PCT7905	TO	875	328	0	0	17	311	267	44
PCT7906	MV	786	79	0	0	1	78	64	14
PCT7906	ED	786	115	0	0	13	102	89	13
PCT7906	TO	786	194	0	0	14	180	153	27
PCT7907	MV	942	112	0	1	6	105	89	16
PCT7907	ED	942	163	0	0	15	148	130	18
PCT7907	TO	942	275	0	1	21	253	219	34
PCT7908	MV	992	142	0	0	11	131	112	19
PCT7908	ED	992	169	0	0	11	158	143	15
PCT7908	TO	992	311	0	0	22	289	255	34
PCT7909	MV	743	89	0	0	10	79	65	14
PCT7909	ED	743	140	0	0	7	133	117	16
PCT7909	TO	743	229	0	0	17	212	182	30
PCT7911	MV	871	107	0	0	11	96	72	24
PCT7911	ED	871	129	0	0	8	121	103	18
PCT7911	TO	871	236	0	0	19	217	175	42
PCT7912	MV	1059	118	0	0	10	108	96	12
PCT7912	ED	1059	176	0	1	16	159	142	17
PCT7912	TO	1059	294	0	1	26	267	238	29
PCT7913	MV	923	123	0	0	3	120	101	19
PCT7913	ED	923	212	0	1	9	202	166	36
PCT7913	TO	923	335	0	1	12	322	267	55
PCT7914	MV	902	106	0	0	4	102	81	21
PCT7914	ED	902	140	0	0	14	126	102	24
PCT7914	TO	902	246	0	0	18	228	183	45
PCT7915	MV	843	87	0	0	4	83	68	15
PCT7915	ED	843	181	0	0	5	176	143	33
PCT7915	TO	843	268	0	0	9	259	211	48
PCT7916	MV	858	100	0	0	4	96	78	18
PCT7916	ED	858	160	0	0	8	152	136	16
PCT7916	TO	858	260	0	0	12	248	214	34
PCT7917	MV	987	112	0	0	5	107	91	16
PCT7917	ED	987	187	0	0	10	177	166	11
PCT7917	TO	987	299	0	0	15	284	257	27
PCT7918	MV	824	79	0	0	4	75	64	11
PCT7918	ED	824	143	0	0	8	135	119	16
PCT7918	TO	824	222	0	0	12	210	183	27
PCT7919	MV	866	102	0	0	2	100	83	17
PCT7919	ED	866	175	0	0	8	167	154	13
PCT7919	TO	866	277	0	0	10	267	237	30
PCT7921	MV	911	113	0	0	7	106	85	21
PCT7921	ED	911	101	0	0	5	96	84	12
PCT7921	TO	911	214	0	0	12	202	169	33
PCT7922	MV	858	114	0	0	6	108	87	21
PCT7922	ED	858	155	0	0	9	146	126	20
PCT7922	TO	858	269	0	0	15	254	213	41
PCT7923	MV	880	108	0	0	5	103	78	25
PCT7923	ED	880	170	0	0	9	161	136	25
PCT7923	TO	880	278	0	0	14	264	214	50
PCT7924	MV	851	93	0	0	7	86	61	25
PCT7924	ED	851	124	0	0	7	117	100	17
PCT7924	TO	851	217	0	0	14	203	161	42
PCT7925	MV	544	81	0	0	8	73	59	14
PCT7925	ED	544	89	0	0	2	87	73	14
PCT7925	TO	544	170	0	0	10	160	132	28
PCT7926	MV	788	97	0	0	10	87	67	20
PCT7926	ED	788	150	0	0	5	145	117	28
PCT7926	TO	788	247	0	0	15	232	184	48
PCT7927	MV	742	106	0	0	9	97	74	23
PCT7927	ED	742	152	0	0	5	147	125	22
PCT7927	TO	742	258	0	0	14	244	199	45
PCT7928	MV	917	130	0	0	6	124	102	22
PCT7928	ED	917	208	0	0	2	206	186	20
PCT7928	TO	917	338	0	0	8	330	288	42
PCT7929	MV	847	128	0	0	6	122	99	23
PCT7929	ED	847	170	0	0	9	161	140	21
PCT7929	TO	847	298	0	0	15	283	239	44
PCT7931	MV	751	114	0	0	2	112	92	20
PCT7931	ED	751	149	0	0	8	141	120	21
PCT7931	TO	751	263	0	0	10	253	212	41
PCT7932	MV	561	98	0	0	7	91	64	27
PCT7932	ED	561	95	0	0	5	90	72	18
PCT7932	TO	561	193	0	0	12	181	136	45
PCT7933	MV	8	2	0	0	0	2	2	0
PCT7933	ED	8	0	0	0	0	0	0	0
PCT7933	TO	8	2	0	0	0	2	2	0
PCT7934	MV	884	140	0	0	14	126	105	21
PCT7934	ED	884	154	0	0	12	142	123	19
PCT7934	TO	884	294	0	0	26	268	228	40
PCT7935	MV	943	138	0	0	6	132	100	32
PCT7935	ED	943	225	0	0	16	209	182	27
PCT7935	TO	943	363	0	0	22	341	282	59
PCT7936	MV	856	119	0	0	8	111	89	22
PCT7936	ED	856	220	0	0	9	211	182	29
PCT7936	TO	856	339	0	0	17	322	271	51
PCT7937	MV	900	143	0	0	6	137	112	25
PCT7937	ED	900	171	0	0	10	161	138	23
PCT7937	TO	900	314	0	0	16	298	250	48
PCT7938	MV	751	105	0	0	6	99	79	20
PCT7938	ED	751	120	0	0	5	115	97	18
PCT7938	TO	751	225	0	0	11	214	176	38
PCT7939	MV	686	76	0	0	10	66	48	18
PCT7939	ED	686	191	0	0	12	179	153	26
PCT7939	TO	686	267	0	0	22	245	201	44
PCT7941	MV	772	92	0	0	13	79	57	22
PCT7941	ED	772	170	0	0	12	158	124	34
PCT7941	TO	772	262	0	0	25	237	181	56
PCT7942	MV	932	134	0	0	6	128	100	28
PCT7942	ED	932	141	0	0	9	132	112	20
PCT7942	TO	932	275	0	0	15	260	212	48
PCT7943	MV	900	128	0	0	5	123	90	33
PCT7943	ED	900	156	0	0	9	147	109	38
PCT7943	TO	900	284	0	0	14	270	199	71
PCT7944	MV	814	104	0	0	4	100	88	12
PCT7944	ED	814	196	0	0	13	183	155	28
PCT7944	TO	814	300	0	0	17	283	243	40
PCT7945	MV	954	116	0	0	5	111	86	25
PCT7945	ED	954	82	0	0	5	77	66	11
PCT7945	TO	954	198	0	0	10	188	152	36
PCT7946	MV	985	161	0	0	9	152	89	63
PCT7946	ED	985	114	0	0	8	106	83	23
PCT7946	TO	985	275	0	0	17	258	172	86
PCT7947	MV	986	160	0	0	15	145	79	66
PCT7947	ED	986	93	0	0	3	90	69	21
PCT7947	TO	986	253	0	0	18	235	148	87
PCT7948	MV	930	151	0	0	12	139	82	57
PCT7948	ED	930	119	0	0	5	114	81	33
PCT7948	TO	930	270	0	0	17	253	163	90
PCT7949	MV	590	107	0	0	4	103	54	49
PCT7949	ED	590	56	0	0	7	49	32	17
PCT7949	TO	590	163	0	0	11	152	86	66
PCT7951	MV	887	149	0	0	9	140	64	76
PCT7951	ED	887	90	0	0	4	86	54	32
PCT7951	TO	887	239	0	0	13	226	118	108
PCT7952	MV	912	105	0	0	3	102	47	55
PCT7952	ED	912	86	0	0	6	80	48	32
PCT7952	TO	912	191	0	0	9	182	95	87
PCT7953	MV	830	136	0	0	7	129	59	70
PCT7953	ED	830	106	0	0	7	99	62	37
PCT7953	TO	830	242	0	0	14	228	121	107
PCT7954	MV	0	0	0	0	0	0	0	0
PCT7954	ED	0	0	0	0	0	0	0	0
PCT7954	TO	0	0	0	0	0	0	0	0
PCT7955	MV	947	120	0	0	6	114	60	54
PCT7955	ED	947	97	0	0	10	87	52	35
PCT7955	TO	947	217	0	0	16	201	112	89
PCT7956	MV	869	102	0	0	1	101	59	42
PCT7956	ED	869	39	0	0	2	37	28	9
PCT7956	TO	869	141	0	0	3	138	87	51
PCT7957	MV	673	101	0	0	9	92	58	34
PCT7957	ED	673	83	0	0	5	78	60	18
PCT7957	TO	673	184	0	0	14	170	118	52
PCT7958	MV	297	36	0	0	4	32	26	6
PCT7958	ED	297	0	0	0	0	0	0	0
PCT7958	TO	297	36	0	0	4	32	26	6
PCT7959	MV	686	86	0	0	6	80	70	10
PCT7959	ED	686	65	0	0	5	60	55	5
PCT7959	TO	686	151	0	0	11	140	125	15
PCT9001	MV	284	39	0	0	1	38	30	8
PCT9001	ED	284	0	0	0	0	0	0	0
PCT9001	TO	284	39	0	0	1	38	30	8
PCT9101	MV	913	162	0	2	11	149	97	52
PCT9101	ED	913	150	0	0	4	146	103	43
PCT9101	TO	913	312	0	2	15	295	200	95
PCT9102	MV	992	134	0	0	8	126	87	39
PCT9102	ED	992	126	0	0	6	120	89	31
PCT9102	TO	992	260	0	0	14	246	176	70
PCT9103	MV	957	147	0	0	17	130	86	44
PCT9103	ED	957	153	0	0	10	143	95	48
PCT9103	TO	957	300	0	0	27	273	181	92
PCT9104	MV	1030	143	0	0	13	130	88	42
PCT9104	ED	1030	152	0	0	8	144	114	30
PCT9104	TO	1030	295	0	0	21	274	202	72
PCT9105	MV	918	152	0	0	13	139	89	50
PCT9105	ED	918	173	0	0	16	157	115	42
PCT9105	TO	918	325	0	0	29	296	204	92
PCT9106	MV	946	149	0	0	13	136	90	46
PCT9106	ED	946	178	0	0	12	166	126	40
PCT9106	TO	946	327	0	0	25	302	216	86
PCT9107	MV	844	124	0	0	8	116	87	29
PCT9107	ED	844	118	0	0	9	109	83	26
PCT9107	TO	844	242	0	0	17	225	170	55
PCT9108	MV	810	104	0	0	8	96	72	24
PCT9108	ED	810	136	0	0	6	130	102	28
PCT9108	TO	810	240	0	0	14	226	174	52
PCT9109	MV	883	103	0	0	6	97	64	33
PCT9109	ED	883	162	0	0	6	156	125	31
PCT9109	TO	883	265	0	0	12	253	189	64
PCT9111	MV	834	123	0	0	15	108	65	43
PCT9111	ED	834	134	0	0	13	121	96	25
PCT9111	TO	834	257	0	0	28	229	161	68
PCT9112	MV	961	129	0	0	7	122	93	29
PCT9112	ED	961	160	0	0	9	151	116	35
PCT9112	TO	961	289	0	0	16	273	209	64
PCT9113	MV	1004	126	0	0	10	116	76	40
PCT9113	ED	1004	180	0	0	12	168	122	46
PCT9113	TO	1004	306	0	0	22	284	198	86
PCT9114	MV	890	107	0	0	8	99	67	32
PCT9114	ED	890	147	0	0	9	138	113	25
PCT9114	TO	890	254	0	0	17	237	180	57
PCT9115	MV	881	122	0	0	8	114	89	25
PCT9115	ED	881	155	0	0	16	139	119	20
PCT9115	TO	881	277	0	0	24	253	208	45
PCT9116	MV	961	129	0	0	7	122	78	44
PCT9116	ED	961	148	0	0	13	135	105	30
PCT9116	TO	961	277	0	0	20	257	183	74
PCT9117	MV	800	139	0	0	9	130	87	43
PCT9117	ED	800	158	0	0	7	151	107	44
PCT9117	TO	800	297	0	0	16	281	194	87
PCT9118	MV	984	105	0	0	7	98	50	48
PCT9118	ED	984	165	0	0	7	158	116	42
PCT9118	TO	984	270	0	0	14	256	166	90
PCT9119	MV	900	152	0	0	10	142	90	52
PCT9119	ED	900	120	0	0	12	108	90	18
PCT9119	TO	900	272	0	0	22	250	180	70
PCT9121	MV	953	114	0	0	4	110	69	41
PCT9121	ED	953	141	0	0	8	133	90	43
PCT9121	TO	953	255	0	0	12	243	159	84
PCT9122	MV	967	143	0	0	9	134	84	50
PCT9122	ED	967	122	0	0	12	110	87	23
PCT9122	TO	967	265	0	0	21	244	171	73
PCT9123	MV	852	121	0	0	5	116	70	46
PCT9123	ED	852	139	0	0	9	130	104	26
PCT9123	TO	852	260	0	0	14	246	174	72
PCT9124	MV	903	131	0	0	3	128	72	56
PCT9124	ED	903	118	0	0	7	111	87	24
PCT9124	TO	903	249	0	0	10	239	159	80
PCT9125	MV	869	132	0	0	4	128	85	43
PCT9125	ED	869	124	0	0	7	117	95	22
PCT9125	TO	869	256	0	0	11	245	180	65
PCT9126	MV	1013	172	0	0	12	160	90	70
PCT9126	ED	1013	152	0	0	9	143	113	30
PCT9126	TO	1013	324	0	0	21	303	203	100
PCT9127	MV	971	141	0	0	10	131	92	39
PCT9127	ED	971	184	0	0	7	177	133	44
PCT9127	TO	971	325	0	0	17	308	225	83
PCT9128	MV	818	93	0	0	8	85	58	27
PCT9128	ED	818	166	0	0	13	153	122	31
PCT9128	TO	818	259	0	0	21	238	180	58
PCT9129	MV	738	107	0	0	8	99	65	34
PCT9129	ED	738	129	0	0	5	124	103	21
PCT9129	TO	738	236	0	0	13	223	168	55
PCT9131	MV	734	119	0	0	6	113	67	46
PCT9131	ED	734	111	0	0	5	106	78	28
PCT9131	TO	734	230	0	0	11	219	145	74
PCT9132	MV	821	85	0	1	8	76	64	12
PCT9132	ED	821	130	0	0	12	118	97	21
PCT9132	TO	821	215	0	1	20	194	161	33
PCT9133	MV	1017	172	0	0	11	161	118	43
PCT9133	ED	1017	157	0	0	7	150	120	30
PCT9133	TO	1017	329	0	0	18	311	238	73
PCT9134	MV	891	121	0	0	8	113	71	42
PCT9134	ED	891	102	0	0	5	97	74	23
PCT9134	TO	891	223	0	0	13	210	145	65
PCT9135	MV	822	134	0	0	10	124	77	47
PCT9135	ED	822	125	0	0	6	119	79	40
PCT9135	TO	822	259	0	0	16	243	156	87
PCT9136	MV	918	124	0	0	6	118	69	49
PCT9136	ED	918	139	0	0	8	131	107	24
PCT9136	TO	918	263	0	0	14	249	176	73
PCT9137	MV	1015	153	0	0	13	140	98	42
PCT9137	ED	1015	133	0	0	9	124	96	28
PCT9137	TO	1015	286	0	0	22	264	194	70
PCT9138	MV	945	157	0	0	8	149	99	50
PCT9138	ED	945	119	0	0	7	112	84	28
PCT9138	TO	945	276	0	0	15	261	183	78
PCT9139	MV	1018	158	0	1	10	147	91	56
PCT9139	ED	1018	141	0	0	10	131	95	36
PCT9139	TO	1018	299	0	1	20	278	186	92
PCT9141	MV	973	160	0	0	18	142	90	52
PCT9141	ED	973	144	0	0	10	134	97	37
PCT9141	TO	973	304	0	0	28	276	187	89
PCT9142	MV	986	146	0	0	11	135	91	44
PCT9142	ED	986	162	0	0	14	148	113	35
PCT9142	TO	986	308	0	0	25	283	204	79
PCT9143	MV	914	149	0	0	8	141	90	51
PCT9143	ED	914	150	0	0	6	144	106	38
PCT9143	TO	914	299	0	0	14	285	196	89
PCT9144	MV	970	152	0	0	9	143	88	55
PCT9144	ED	970	177	0	0	10	167	133	34
PCT9144	TO	970	329	0	0	19	310	221	89
PCT9145	MV	875	117	0	0	9	108	71	37
PCT9145	ED	875	157	0	0	10	147	114	33
PCT9145	TO	875	274	0	0	19	255	185	70
PCT9146	MV	885	120	0	0	10	110	74	36
PCT9146	ED	885	143	0	0	13	130	103	27
PCT9146	TO	885	263	0	0	23	240	177	63
PCT9147	MV	990	111	0	1	5	105	67	38
PCT9147	ED	990	161	0	0	10	151	118	33
PCT9147	TO	990	272	0	1	15	256	185	71
PCT9148	MV	1014	135	0	0	12	123	88	35
PCT9148	ED	1014	177	0	0	11	166	135	31
PCT9148	TO	1014	312	0	0	23	289	223	66
PCT9149	MV	991	124	0	0	12	112	76	36
PCT9149	ED	991	240	0	0	12	228	190	38
PCT9149	TO	991	364	0	0	24	340	266	74
PCT9151	MV	861	133	0	0	10	123	91	32
PCT9151	ED	861	111	0	0	5	106	81	25
PCT9151	TO	861	244	0	0	15	229	172	57
PCT9152	MV	737	63	0	0	3	60	47	13
PCT9152	ED	737	124	0	0	8	116	100	16
PCT9152	TO	737	187	0	0	11	176	147	29
PCT9201	MV	971	110	0	0	4	106	92	14
PCT9201	ED	971	166	0	0	12	154	132	22
PCT9201	TO	971	276	0	0	16	260	224	36
PCT9202	MV	996	126	0	0	14	112	90	22
PCT9202	ED	996	164	0	0	11	153	126	27
PCT9202	TO	996	290	0	0	25	265	216	49
PCT9203	MV	1002	142	0	0	17	125	75	50
PCT9203	ED	1002	120	0	0	13	107	64	43
PCT9203	TO	1002	262	0	0	30	232	139	93
PCT9204	MV	862	115	0	0	11	104	59	45
PCT9204	ED	862	138	0	0	15	123	83	40
PCT9204	TO	862	253	0	0	26	227	142	85
PCT9205	MV	736	119	0	0	15	104	76	28
PCT9205	ED	736	92	0	0	12	80	47	33
PCT9205	TO	736	211	0	0	27	184	123	61
PCT9206	MV	929	141	0	0	16	125	59	66
PCT9206	ED	929	149	0	0	21	128	71	57
PCT9206	TO	929	290	0	0	37	253	130	123
PCT9207	MV	989	129	0	0	12	117	69	48
PCT9207	ED	989	130	0	0	7	123	77	46
PCT9207	TO	989	259	0	0	19	240	146	94
PCT9208	MV	987	127	0	0	11	116	73	43
PCT9208	ED	987	127	0	0	13	114	79	35
PCT9208	TO	987	254	0	0	24	230	152	78
PCT9209	MV	771	100	0	0	8	92	51	41
PCT9209	ED	771	119	0	0	14	105	66	39
PCT9209	TO	771	219	0	0	22	197	117	80
PCT9211	MV	891	114	0	0	10	104	50	54
PCT9211	ED	891	132	0	0	15	117	79	38
PCT9211	TO	891	246	0	0	25	221	129	92
PCT9212	MV	808	100	0	0	3	97	61	36
PCT9212	ED	808	114	0	1	19	94	61	33
PCT9212	TO	808	214	0	1	22	191	122	69
PCT9213	MV	937	138	0	0	17	121	74	47
PCT9213	ED	937	130	0	0	12	118	86	32
PCT9213	TO	937	268	0	0	29	239	160	79
PCT9214	MV	627	95	0	0	7	88	55	33
PCT9214	ED	627	103	0	0	15	88	57	31
PCT9214	TO	627	198	0	0	22	176	112	64
PCT9215	MV	644	97	0	0	5	92	48	44
PCT9215	ED	644	100	0	1	11	88	58	30
PCT9215	TO	644	197	0	1	16	180	106	74
PCT9216	MV	824	95	0	0	9	86	58	28
PCT9216	ED	824	125	0	0	9	116	81	35
PCT9216	TO	824	220	0	0	18	202	139	63
PCT9217	MV	705	89	0	0	6	83	53	30
PCT9217	ED	705	87	0	0	4	83	55	28
PCT9217	TO	705	176	0	0	10	166	108	58
PCT9218	MV	816	97	0	0	5	92	47	45
PCT9218	ED	816	112	0	0	8	104	73	31
PCT9218	TO	816	209	0	0	13	196	120	76
PCT9219	MV	790	95	0	0	5	90	59	31
PCT9219	ED	790	116	0	0	7	109	89	20
PCT9219	TO	790	211	0	0	12	199	148	51
PCT9221	MV	651	144	0	0	8	136	61	75
PCT9221	ED	651	99	0	0	6	93	70	23
PCT9221	TO	651	243	0	0	14	229	131	98
PCT9222	MV	910	145	0	0	21	124	68	56
PCT9222	ED	910	116	0	0	9	107	75	32
PCT9222	TO	910	261	0	0	30	231	143	88
PCT9223	MV	667	124	0	0	7	117	64	53
PCT9223	ED	667	59	0	0	4	55	33	22
PCT9223	TO	667	183	0	0	11	172	97	75
PCT9224	MV	949	173	0	0	15	158	101	57
PCT9224	ED	949	151	0	0	13	138	98	40
PCT9224	TO	949	324	0	0	28	296	199	97
PCT9225	MV	926	109	0	0	12	97	59	38
PCT9225	ED	926	156	0	0	18	138	104	34
PCT9225	TO	926	265	0	0	30	235	163	72
PCT9226	MV	896	140	0	0	16	124	90	34
PCT9226	ED	896	143	0	0	10	133	100	33
PCT9226	TO	896	283	0	0	26	257	190	67
PCT9227	MV	729	150	0	0	11	139	90	49
PCT9227	ED	729	114	0	0	3	111	74	37
PCT9227	TO	729	264	0	0	14	250	164	86
PCT9228	MV	738	114	0	0	11	103	68	35
PCT9228	ED	738	141	0	0	5	136	103	33
PCT9228	TO	738	255	0	0	16	239	171	68
PCT9229	MV	579	106	0	0	10	96	66	30
PCT9229	ED	579	106	0	0	8	98	73	25
PCT9229	TO	579	212	0	0	18	194	139	55
PCT9231	MV	962	133	0	0	17	116	81	35
PCT9231	ED	962	208	0	0	21	187	144	43
PCT9231	TO	962	341	0	0	38	303	225	78
PCT9232	MV	734	98	0	0	4	94	55	39
PCT9232	ED	734	140	0	0	13	127	88	39
PCT9232	TO	734	238	0	0	17	221	143	78
PCT9233	MV	818	140	0	0	10	130	78	52
PCT9233	ED	818	141	0	0	14	127	96	31
PCT9233	TO	818	281	0	0	24	257	174	83
PCT9234	MV	734	134	0	0	10	124	75	49
PCT9234	ED	734	112	0	0	14	98	76	22
PCT9234	TO	734	246	0	0	24	222	151	71
PCT9235	MV	863	143	0	0	10	133	69	64
PCT9235	ED	863	140	0	0	10	130	86	44
PCT9235	TO	863	283	0	0	20	263	155	108
PCT9236	MV	673	114	0	0	13	101	67	34
PCT9236	ED	673	101	0	0	12	89	67	22
PCT9236	TO	673	215	0	0	25	190	134	56
PCT9237	MV	897	129	0	0	8	121	77	44
PCT9237	ED	897	134	0	0	7	127	93	34
PCT9237	TO	897	263	0	0	15	248	170	78
PCT9238	MV	805	126	0	0	12	114	70	44
PCT9238	ED	805	118	0	0	13	105	77	28
PCT9238	TO	805	244	0	0	25	219	147	72
PCT9239	MV	864	176	0	0	19	157	103	54
PCT9239	ED	864	117	0	0	10	107	76	31
PCT9239	TO	864	293	0	0	29	264	179	85
PCT9241	MV	960	156	0	0	6	150	97	53
PCT9241	ED	960	139	0	0	10	129	104	25
PCT9241	TO	960	295	0	0	16	279	201	78
PCT9242	MV	943	125	0	0	15	110	67	43
PCT9242	ED	943	155	0	0	14	141	110	31
PCT9242	TO	943	280	0	0	29	251	177	74
PCT9243	MV	603	75	0	0	7	68	44	24
PCT9243	ED	603	113	0	0	12	101	80	21
PCT9243	TO	603	188	0	0	19	169	124	45
PCT9244	MV	910	114	0	0	11	103	73	30
PCT9244	ED	910	121	0	0	7	114	93	21
PCT9244	TO	910	235	0	0	18	217	166	51
PCT9245	MV	714	105	0	0	8	97	71	26
PCT9245	ED	714	91	0	0	5	86	65	21
PCT9245	TO	714	196	0	0	13	183	136	47
PCT9246	MV	970	161	0	0	14	147	94	53
PCT9246	ED	970	140	0	0	20	120	102	18
PCT9246	TO	970	301	0	0	34	267	196	71
PCT9247	MV	912	139	0	1	7	131	81	50
PCT9247	ED	912	156	0	0	18	138	105	33
PCT9247	TO	912	295	0	1	25	269	186	83
PCT9248	MV	907	130	0	0	12	118	99	19
PCT9248	ED	907	145	0	0	9	136	111	25
PCT9248	TO	907	275	0	0	21	254	210	44
PCT9249	MV	915	137	0	0	10	127	97	30
PCT9249	ED	915	171	0	0	16	155	114	41
PCT9249	TO	915	308	0	0	26	282	211	71
PCT9251	MV	966	143	0	0	16	127	84	43
PCT9251	ED	966	179	0	0	10	169	127	42
PCT9251	TO	966	322	0	0	26	296	211	85
PCT9252	MV	953	162	0	0	12	150	104	46
PCT9252	ED	953	127	0	0	9	118	93	25
PCT9252	TO	953	289	0	0	21	268	197	71
PCT9253	MV	761	100	0	0	8	92	57	35
PCT9253	ED	761	116	0	0	10	106	82	24
PCT9253	TO	761	216	0	0	18	198	139	59
PCT9254	MV	921	162	0	1	10	151	112	39
PCT9254	ED	921	155	0	0	17	138	101	37
PCT9254	TO	921	317	0	1	27	289	213	76
PCT9255	MV	550	52	0	0	2	50	36	14
PCT9255	ED	550	112	0	0	11	101	82	19
PCT9255	TO	550	164	0	0	13	151	118	33
PCT9256	MV	462	61	0	0	4	57	44	13
PCT9256	ED	462	74	0	0	7	67	51	16
PCT9256	TO	462	135	0	0	11	124	95	29
PCT9257	MV	320	36	0	0	5	31	23	8
PCT9257	ED	320	0	0	0	0	0	0	0
PCT9257	TO	320	36	0	0	5	31	23	8
PCT9258	MV	703	114	0	0	7	107	75	32
PCT9258	ED	703	103	0	0	5	98	81	17
PCT9258	TO	703	217	0	0	12	205	156	49
PCT9401	MV	1038	129	0	0	7	122	90	32
PCT9401	ED	1038	176	0	0	10	166	143	23
PCT9401	TO	1038	305	0	0	17	288	233	55
PCT9402	MV	1017	120	0	0	13	107	72	35
PCT9402	ED	1017	159	0	0	11	148	114	34
PCT9402	TO	1017	279	0	0	24	255	186	69
PCT9403	MV	921	125	0	0	3	122	72	50
PCT9403	ED	921	123	0	0	6	117	98	19
PCT9403	TO	921	248	0	0	9	239	170	69
PCT9404	MV	944	115	0	0	11	104	58	46
PCT9404	ED	944	154	0	0	10	144	104	40
PCT9404	TO	944	269	0	0	21	248	162	86
PCT9405	MV	780	106	0	0	9	97	61	36
PCT9405	ED	780	104	0	0	4	100	64	36
PCT9405	TO	780	210	0	0	13	197	125	72
PCT9406	MV	883	111	0	0	6	105	65	40
PCT9406	ED	883	150	0	0	12	138	92	46
PCT9406	TO	883	261	0	0	18	243	157	86
PCT9407	MV	913	123	0	0	9	114	87	27
PCT9407	ED	913	131	0	1	9	121	93	28
PCT9407	TO	913	254	0	1	18	235	180	55
PCT9408	MV	863	104	0	0	10	94	72	22
PCT9408	ED	863	125	0	0	11	114	90	24
PCT9408	TO	863	229	0	0	21	208	162	46
PCT9409	MV	601	81	0	0	4	77	54	23
PCT9409	ED	601	127	0	0	3	124	106	18
PCT9409	TO	601	208	0	0	7	201	160	41
PCT9411	MV	1007	106	0	0	9	97	76	21
PCT9411	ED	1007	135	0	0	6	129	100	29
PCT9411	TO	1007	241	0	0	15	226	176	50
PCT9412	MV	870	128	0	0	10	118	61	57
PCT9412	ED	870	138	0	0	7	131	107	24
PCT9412	TO	870	266	0	0	17	249	168	81
PCT9413	MV	936	130	0	0	11	119	65	54
PCT9413	ED	936	127	0	0	9	118	88	30
PCT9413	TO	936	257	0	0	20	237	153	84
PCT9414	MV	920	156	0	0	12	144	86	58
PCT9414	ED	920	107	0	0	5	102	77	25
PCT9414	TO	920	263	0	0	17	246	163	83
PCT9415	MV	788	112	0	0	7	105	71	34
PCT9415	ED	788	96	0	0	4	92	68	24
PCT9415	TO	788	208	0	0	11	197	139	58
PCT9416	MV	999	157	0	0	12	145	86	59
PCT9416	ED	999	143	0	1	5	137	101	36
PCT9416	TO	999	300	0	1	17	282	187	95
PCT9417	MV	774	143	0	0	6	137	65	72
PCT9417	ED	774	110	0	0	3	107	78	29
PCT9417	TO	774	253	0	0	9	244	143	101
PCT9418	MV	819	129	0	0	11	118	54	64
PCT9418	ED	819	122	0	0	7	115	69	46
PCT9418	TO	819	251	0	0	18	233	123	110
PCT9419	MV	909	144	0	0	16	128	68	60
PCT9419	ED	909	107	0	0	5	102	63	39
PCT9419	TO	909	251	0	0	21	230	131	99
PCT9421	MV	925	128	0	0	8	120	58	62
PCT9421	ED	925	112	0	0	5	107	72	35
PCT9421	TO	925	240	0	0	13	227	130	97
PCT9422	MV	1101	153	0	0	13	140	84	56
PCT9422	ED	1101	145	0	0	11	134	102	32
PCT9422	TO	1101	298	0	0	24	274	186	88
PCT9423	MV	904	100	0	0	9	91	54	37
PCT9423	ED	904	121	0	0	8	113	86	27
PCT9423	TO	904	221	0	0	17	204	140	64
PCT9424	MV	1009	136	0	0	6	130	73	57
PCT9424	ED	1009	114	0	0	7	107	77	30
PCT9424	TO	1009	250	0	0	13	237	150	87
PCT9425	MV	976	134	0	0	14	120	68	52
PCT9425	ED	976	114	0	0	7	107	75	32
PCT9425	TO	976	248	0	0	21	227	143	84
PCT9426	MV	853	110	0	0	11	99	46	53
PCT9426	ED	853	104	0	0	8	96	57	39
PCT9426	TO	853	214	0	0	19	195	103	92
PCT9427	MV	987	154	0	0	9	145	70	75
PCT9427	ED	987	115	0	0	14	101	61	40
PCT9427	TO	987	269	0	0	23	246	131	115
PCT9428	MV	990	136	0	0	9	127	79	48
PCT9428	ED	990	113	0	0	6	107	80	27
PCT9428	TO	990	249	0	0	15	234	159	75
PCT9429	MV	906	120	0	0	7	113	58	55
PCT9429	ED	906	124	0	0	9	115	74	41
PCT9429	TO	906	244	0	0	16	228	132	96
PCT9431	MV	1036	154	0	0	10	144	80	64
PCT9431	ED	1036	125	0	0	5	120	82	38
PCT9431	TO	1036	279	0	0	15	264	162	102
PCT9432	MV	958	134	0	0	5	129	71	58
PCT9432	ED	958	117	0	0	7	110	81	29
PCT9432	TO	958	251	0	0	12	239	152	87
PCT9433	MV	958	155	0	0	13	142	76	66
PCT9433	ED	958	93	0	0	4	89	55	34
PCT9433	TO	958	248	0	0	17	231	131	100
PCT9434	MV	1012	132	0	0	9	123	66	57
PCT9434	ED	1012	162	0	0	20	142	99	43
PCT9434	TO	1012	294	0	0	29	265	165	100
PCT9435	MV	1004	141	0	0	8	133	72	61
PCT9435	ED	1004	157	0	0	6	151	99	52
PCT9435	TO	1004	298	0	0	14	284	171	113
PCT9436	MV	1068	154	0	0	10	144	90	54
PCT9436	ED	1068	129	0	0	8	121	86	35
PCT9436	TO	1068	283	0	0	18	265	176	89
PCT9437	MV	927	192	0	0	10	182	97	85
PCT9437	ED	927	130	0	0	4	126	84	42
PCT9437	TO	927	322	0	0	14	308	181	127
PCT9438	MV	989	179	0	0	8	171	87	84
PCT9438	ED	989	83	0	0	5	78	52	26
PCT9438	TO	989	262	0	0	13	249	139	110
PCT9439	MV	917	123	0	0	7	116	55	61
PCT9439	ED	917	111	0	0	10	101	65	36
PCT9439	TO	917	234	0	0	17	217	120	97
PCT9441	MV	971	134	0	0	8	126	76	50
PCT9441	ED	971	125	0	0	13	112	78	34
PCT9441	TO	971	259	0	0	21	238	154	84
PCT9442	MV	1040	133	0	0	12	121	63	58
PCT9442	ED	1040	156	0	0	8	148	103	45
PCT9442	TO	1040	289	0	0	20	269	166	103
PCT9443	MV	955	142	0	0	10	132	75	57
PCT9443	ED	955	109	0	0	2	107	78	29
PCT9443	TO	955	251	0	0	12	239	153	86
PCT9444	MV	965	144	0	0	9	135	73	62
PCT9444	ED	965	94	0	0	9	85	61	24
PCT9444	TO	965	238	0	0	18	220	134	86
PCT9445	MV	996	143	0	0	5	138	75	63
PCT9445	ED	996	113	0	0	6	107	76	31
PCT9445	TO	996	256	0	0	11	245	151	94
PCT9446	MV	1116	178	0	0	15	163	79	84
PCT9446	ED	1116	145	0	0	10	135	98	37
PCT9446	TO	1116	323	0	0	25	298	177	121
PCT9447	MV	921	127	0	0	13	114	63	51
PCT9447	ED	921	143	0	0	12	131	90	41
PCT9447	TO	921	270	0	0	25	245	153	92
PCT9448	MV	940	143	0	0	7	136	72	64
PCT9448	ED	940	127	0	0	8	119	94	25
PCT9448	TO	940	270	0	0	15	255	166	89
PCT9449	MV	881	132	0	0	6	126	60	66
PCT9449	ED	881	96	0	0	5	91	62	29
PCT9449	TO	881	228	0	0	11	217	122	95
PCT9451	MV	441	55	0	0	2	53	25	28
PCT9451	ED	441	54	0	0	3	51	33	18
PCT9451	TO	441	109	0	0	5	104	58	46
PCT9452	MV	842	108	0	0	11	97	56	41
PCT9452	ED	842	134	0	0	10	124	69	55
PCT9452	TO	842	242	0	0	21	221	125	96
PCT9453	MV	524	99	0	0	7	92	46	46
PCT9453	ED	524	70	0	0	6	64	38	26
PCT9453	TO	524	169	0	0	13	156	84	72
PCT9501	MV	150	36	0	0	7	29	23	6
PCT9501	ED	150	0	0	0	0	0	0	0
PCT9501	TO	150	36	0	0	7	29	23	6
PCT9502	MV	251	41	0	0	4	37	30	7
PCT9502	ED	251	0	0	0	0	0	0	0
PCT9502	TO	251	41	0	0	4	37	30	7
PCT9503	MV	700	109	0	0	18	91	81	10
PCT9503	ED	700	82	0	0	5	77	71	6
PCT9503	TO	700	191	0	0	23	168	152	16
PCT9505	MV	765	112	0	0	10	102	82	20
PCT9505	ED	765	110	0	0	6	104	86	18
PCT9505	TO	765	222	0	0	16	206	168	38
PCT9506	MV	754	76	0	0	6	70	51	19
PCT9506	ED	754	128	0	0	11	117	106	11
PCT9506	TO	754	204	0	0	17	187	157	30
PCT9507	MV	716	90	0	0	9	81	67	14
PCT9507	ED	716	152	0	0	14	138	118	20
PCT9507	TO	716	242	0	0	23	219	185	34
PCT9508	MV	780	101	0	0	2	99	93	6
PCT9508	ED	780	132	0	0	9	123	107	16
PCT9508	TO	780	233	0	0	11	222	200	22
PCT9509	MV	727	85	0	0	2	83	61	22
PCT9509	ED	727	121	0	0	5	116	107	9
PCT9509	TO	727	206	0	0	7	199	168	31
PCT9511	MV	634	56	0	0	6	50	37	13
PCT9511	ED	634	120	0	0	4	116	95	21
PCT9511	TO	634	176	0	0	10	166	132	34
PCT9512	MV	777	97	0	0	8	89	72	17
PCT9512	ED	777	132	0	0	6	126	108	18
PCT9512	TO	777	229	0	0	14	215	180	35
PCT9513	MV	877	104	0	0	7	97	87	10
PCT9513	ED	877	126	0	0	6	120	109	11
PCT9513	TO	877	230	0	0	13	217	196	21
PCT9514	MV	896	95	0	0	8	87	69	18
PCT9514	ED	896	167	0	0	11	156	131	25
PCT9514	TO	896	262	0	0	19	243	200	43
PCT9515	MV	712	94	0	0	8	86	73	13
PCT9515	ED	712	133	0	0	15	118	85	33
PCT9515	TO	712	227	0	0	23	204	158	46
PCT9516	MV	889	128	0	0	11	117	82	35
PCT9516	ED	889	157	0	0	10	147	111	36
PCT9516	TO	889	285	0	0	21	264	193	71
PCT9517	MV	788	125	0	0	11	114	81	33
PCT9517	ED	788	135	0	0	16	119	107	12
PCT9517	TO	788	260	0	0	27	233	188	45
PCT9518	MV	788	87	0	0	5	82	66	16
PCT9518	ED	788	146	0	0	8	138	113	25
PCT9518	TO	788	233	0	0	13	220	179	41
PCT9519	MV	891	105	0	0	6	99	80	19
PCT9519	ED	891	170	0	0	9	161	129	32
PCT9519	TO	891	275	0	0	15	260	209	51
PCT9521	MV	901	115	0	0	6	109	84	25
PCT9521	ED	901	190	0	0	18	172	148	24
PCT9521	TO	901	305	0	0	24	281	232	49
PCT9701	MV	654	95	0	0	8	87	58	29
PCT9701	ED	654	135	0	0	8	127	102	25
PCT9701	TO	654	230	0	0	16	214	160	54
PCT9702	MV	720	88	0	0	8	80	54	26
PCT9702	ED	720	143	0	0	5	138	116	22
PCT9702	TO	720	231	0	0	13	218	170	48
PCT9703	MV	991	144	0	0	11	133	69	64
PCT9703	ED	991	142	0	0	8	134	97	37
PCT9703	TO	991	286	0	0	19	267	166	101
PCT9704	MV	959	150	0	0	12	138	86	52
PCT9704	ED	959	196	0	0	10	186	136	50
PCT9704	TO	959	346	0	0	22	324	222	102
PCT9705	MV	929	155	0	0	12	143	104	39
PCT9705	ED	929	142	0	0	13	129	106	23
PCT9705	TO	929	297	0	0	25	272	210	62
PCT9706	MV	49	7	0	0	1	6	4	2
PCT9706	ED	49	0	0	0	0	0	0	0
PCT9706	TO	49	7	0	0	1	6	4	2
PCT9707	MV	826	138	0	0	6	132	73	59
PCT9707	ED	826	101	0	0	8	93	61	32
PCT9707	TO	826	239	0	0	14	225	134	91
PCT9708	MV	961	159	0	0	19	140	93	47
PCT9708	ED	961	157	0	0	9	148	112	36
PCT9708	TO	961	316	0	0	28	288	205	83
PCT9709	MV	1040	139	0	0	9	130	73	57
PCT9709	ED	1040	178	0	0	6	172	118	54
PCT9709	TO	1040	317	0	0	15	302	191	111
PCT9711	MV	646	119	0	0	8	111	70	41
PCT9711	ED	646	138	0	0	8	130	89	41
PCT9711	TO	646	257	0	0	16	241	159	82
PCT9712	MV	661	125	0	0	9	116	62	54
PCT9712	ED	661	116	0	0	0	116	76	40
PCT9712	TO	661	241	0	0	9	232	138	94
PCT9713	MV	950	157	0	0	7	150	75	75
PCT9713	ED	950	137	0	0	6	131	90	41
PCT9713	TO	950	294	0	0	13	281	165	116
PCT9714	MV	951	181	0	0	13	168	86	82
PCT9714	ED	951	133	0	0	3	130	88	42
PCT9714	TO	951	314	0	0	16	298	174	124
PCT9715	MV	579	100	0	0	5	95	52	43
PCT9715	ED	579	134	0	0	4	130	98	32
PCT9715	TO	579	234	0	0	9	225	150	75
PCT9716	MV	966	152	0	0	13	139	78	61
PCT9716	ED	966	164	0	0	9	155	103	52
PCT9716	TO	966	316	0	0	22	294	181	113
PCT9717	MV	977	138	0	0	7	131	78	53
PCT9717	ED	977	144	0	0	12	132	90	42
PCT9717	TO	977	282	0	0	19	263	168	95
PCT9718	MV	901	171	0	0	18	153	101	52
PCT9718	ED	901	144	0	0	5	139	84	55
PCT9718	TO	901	315	0	0	23	292	185	107
PCT9719	MV	920	153	0	0	7	146	73	73
PCT9719	ED	920	150	0	0	10	140	86	54
PCT9719	TO	920	303	0	0	17	286	159	127
PCT9721	MV	662	91	0	0	2	89	49	40
PCT9721	ED	662	133	0	1	4	128	73	55
PCT9721	TO	662	224	0	1	6	217	122	95
PCT9722	MV	597	135	0	0	7	128	77	51
PCT9722	ED	597	76	0	0	6	70	51	19
PCT9722	TO	597	211	0	0	13	198	128	70
PCT9723	MV	508	107	0	0	6	101	37	64
PCT9723	ED	508	44	0	0	3	41	21	20
PCT9723	TO	508	151	0	0	9	142	58	84
PCT9724	MV	1020	189	0	0	11	178	76	102
PCT9724	ED	1020	99	0	1	6	92	46	46
PCT9724	TO	1020	288	0	1	17	270	122	148
PCT9725	MV	971	166	0	0	11	155	62	93
PCT9725	ED	971	95	0	0	7	88	39	49
PCT9725	TO	971	261	0	0	18	243	101	142
PCT9726	MV	616	62	0	0	4	58	42	16
PCT9726	ED	616	102	0	0	4	98	73	25
PCT9726	TO	616	164	0	0	8	156	115	41
PCT9727	MV	460	89	0	0	1	88	40	48
PCT9727	ED	460	33	0	0	2	31	22	9
PCT9727	TO	460	122	0	0	3	119	62	57
PCT9728	MV	963	178	0	0	9	169	84	85
PCT9728	ED	963	137	0	0	7	130	81	49
PCT9728	TO	963	315	0	0	16	299	165	134
PCT9729	MV	818	148	0	0	11	137	71	66
PCT9729	ED	818	128	0	0	6	122	73	49
PCT9729	TO	818	276	0	0	17	259	144	115
PCT9731	MV	579	86	0	0	8	78	28	50
PCT9731	ED	579	111	0	0	2	109	62	47
PCT9731	TO	579	197	0	0	10	187	90	97
PCT9732	MV	73	16	0	0	0	16	10	6
PCT9732	ED	73	0	0	0	0	0	0	0
PCT9732	TO	73	16	0	0	0	16	10	6
PCT9733	MV	240	55	0	0	0	55	45	10
PCT9733	ED	240	0	0	0	0	0	0	0
PCT9733	TO	240	55	0	0	0	55	45	10
PCT9734	MV	604	111	0	0	7	104	60	44
PCT9734	ED	604	109	0	0	3	106	63	43
PCT9734	TO	604	220	0	0	10	210	123	87
PCT9735	MV	820	140	0	0	8	132	76	56
PCT9735	ED	820	132	0	0	16	116	72	44
PCT9735	TO	820	272	0	0	24	248	148	100
PCT9736	MV	736	126	0	0	8	118	75	43
PCT9736	ED	736	151	0	0	10	141	98	43
PCT9736	TO	736	277	0	0	18	259	173	86
PCT9737	MV	791	172	0	0	9	163	95	68
PCT9737	ED	791	135	0	0	7	128	92	36
PCT9737	TO	791	307	0	0	16	291	187	104
PCT9738	MV	838	152	0	0	11	141	100	41
PCT9738	ED	838	64	0	0	3	61	42	19
PCT9738	TO	838	216	0	0	14	202	142	60
PCT9739	MV	789	86	0	0	2	84	65	19
PCT9739	ED	789	88	0	0	4	84	75	9
PCT9739	TO	789	174	0	0	6	168	140	28
PCT9741	MV	441	15	0	0	1	14	12	2
PCT9741	ED	441	10	0	0	1	9	8	1
PCT9741	TO	441	25	0	0	2	23	20	3
PCT9742	MV	695	86	0	0	7	79	37	42
PCT9742	ED	695	98	0	0	3	95	59	36
PCT9742	TO	695	184	0	0	10	174	96	78
PCT9743	MV	1140	161	0	0	8	153	108	45
PCT9743	ED	1140	170	0	0	16	154	126	28
PCT9743	TO	1140	331	0	0	24	307	234	73
PCT9744	MV	943	141	0	0	10	131	92	39
PCT9744	ED	943	121	0	0	9	112	91	21
PCT9744	TO	943	262	0	0	19	243	183	60
PCT9745	MV	992	120	0	0	7	113	81	32
PCT9745	ED	992	128	0	0	11	117	103	14
PCT9745	TO	992	248	0	0	18	230	184	46
PCT9746	MV	903	146	0	0	5	141	85	56
PCT9746	ED	903	118	0	0	9	109	70	39
PCT9746	TO	903	264	0	0	14	250	155	95
PCT9747	MV	976	132	0	0	9	123	83	40
PCT9747	ED	976	145	0	0	10	135	98	37
PCT9747	TO	976	277	0	0	19	258	181	77
PCT9748	MV	913	149	0	0	5	144	91	53
PCT9748	ED	913	116	0	0	4	112	70	42
PCT9748	TO	913	265	0	0	9	256	161	95
PCT9749	MV	938	99	0	0	4	95	65	30
PCT9749	ED	938	108	0	0	2	106	83	23
PCT9749	TO	938	207	0	0	6	201	148	53
PCT9751	MV	1071	174	0	0	12	162	92	70
PCT9751	ED	1071	151	0	0	14	137	96	41
PCT9751	TO	1071	325	0	0	26	299	188	111
PCT9752	MV	697	145	0	0	8	137	76	61
PCT9752	ED	697	108	0	0	3	105	79	26
PCT9752	TO	697	253	0	0	11	242	155	87
PCT9753	MV	762	108	0	0	10	98	61	37
PCT9753	ED	762	123	0	0	3	120	89	31
PCT9753	TO	762	231	0	0	13	218	150	68
PCT9754	MV	707	104	0	1	3	100	73	27
PCT9754	ED	707	113	0	0	8	105	84	21
PCT9754	TO	707	217	0	1	11	205	157	48
PCT9755	MV	580	86	0	0	8	78	51	27
PCT9755	ED	580	99	0	0	2	97	72	25
PCT9755	TO	580	185	0	0	10	175	123	52
PCT9756	MV	967	158	0	0	14	144	78	66
PCT9756	ED	967	106	0	0	6	100	68	32
PCT9756	TO	967	264	0	0	20	244	146	98
PCT9801	MV	408	63	0	0	7	56	39	17
PCT9801	ED	408	52	0	0	3	49	39	10
PCT9801	TO	408	115	0	0	10	105	78	27
PCT9900	MV	0	0	0	0	0	0	0	0
PCT9900	ED	0	0	0	0	0	0	0	0
PCT9900	TO	0	0	0	0	0	0	0	0
PCT9901	MV	0	0	0	0	0	0	0	0
PCT9901	ED	0	0	0	0	0	0	0	0
PCT9901	TO	0	0	0	0	0	0	0	0
PCT9902	MV	0	0	0	0	0	0	0	0
PCT9902	ED	0	0	0	0	0	0	0	0
PCT9902	TO	0	0	0	0	0	0	0	0
