area_id	subtotal_type	RSReg	RSCst	RSRej	RSOvr	RSUnd	RSTot	1:YES	2:NO
ALLPCTS	TO	503899	275013	0	66	21411	253536	189796	63740
ALLPCTS	ED	101053	78221	0	16	5815	72390	56739	15651
ALLPCTS	MV	402846	196792	0	50	15596	181146	133057	48089
PCT1101	MV	448	214	0	0	16	198	131	67
PCT1101	ED	114	60	0	0	4	56	42	14
PCT1101	TO	562	274	0	0	20	254	173	81
PCT1102	MV	774	368	0	0	21	347	218	129
PCT1102	ED	230	159	0	0	7	152	110	42
PCT1102	TO	1004	527	0	0	28	499	328	171
PCT1103	MV	749	371	0	0	21	350	239	111
PCT1103	ED	222	142	0	0	6	136	99	37
PCT1103	TO	971	513	0	0	27	486	338	148
PCT1104	MV	751	343	0	0	19	324	228	96
PCT1104	ED	267	120	0	0	6	114	80	34
PCT1104	TO	1018	463	0	0	25	438	308	130
PCT1106	MV	598	255	0	0	14	241	148	93
PCT1106	ED	173	96	0	0	6	90	64	26
PCT1106	TO	771	351	0	0	20	331	212	119
PCT1107	MV	612	287	0	0	20	267	183	84
PCT1107	ED	139	76	0	0	4	72	56	16
PCT1107	TO	751	363	0	0	24	339	239	100
PCT1108	MV	725	360	0	0	20	340	256	84
PCT1108	ED	198	115	0	0	10	105	76	29
PCT1108	TO	923	475	0	0	30	445	332	113
PCT1109	MV	653	284	0	0	16	268	173	95
PCT1109	ED	169	97	0	0	4	93	66	27
PCT1109	TO	822	381	0	0	20	361	239	122
PCT1111	MV	849	354	0	0	23	331	222	109
PCT1111	ED	197	118	0	0	6	112	86	26
PCT1111	TO	1046	472	0	0	29	443	308	135
PCT1112	MV	643	276	0	0	18	258	190	68
PCT1112	ED	159	77	0	0	5	72	57	15
PCT1112	TO	802	353	0	0	23	330	247	83
PCT1113	MV	675	286	0	0	19	267	166	101
PCT1113	ED	120	65	0	0	5	60	43	17
PCT1113	TO	795	351	0	0	24	327	209	118
PCT1114	MV	769	328	0	0	19	309	227	82
PCT1114	ED	222	97	0	0	11	86	70	16
PCT1114	TO	991	425	0	0	30	395	297	98
PCT1115	MV	743	295	0	0	20	275	183	92
PCT1115	ED	193	86	0	0	5	81	66	15
PCT1115	TO	936	381	0	0	25	356	249	107
PCT1116	MV	715	308	0	0	22	286	194	92
PCT1116	ED	216	118	0	0	8	110	93	17
PCT1116	TO	931	426	0	0	30	396	287	109
PCT1117	MV	665	257	0	0	17	240	163	77
PCT1117	ED	181	71	0	0	2	69	56	13
PCT1117	TO	846	328	0	0	19	309	219	90
PCT1118	MV	846	356	0	0	11	345	241	104
PCT1118	ED	219	104	0	0	8	96	70	26
PCT1118	TO	1065	460	0	0	19	441	311	130
PCT1119	MV	659	303	0	0	15	288	213	75
PCT1119	ED	138	74	0	0	4	70	55	15
PCT1119	TO	797	377	0	0	19	358	268	90
PCT1121	MV	556	268	0	0	24	244	147	97
PCT1121	ED	149	82	0	0	4	78	50	28
PCT1121	TO	705	350	0	0	28	322	197	125
PCT1122	MV	519	245	0	0	19	226	135	91
PCT1122	ED	118	71	0	0	5	66	49	17
PCT1122	TO	637	316	0	0	24	292	184	108
PCT1123	MV	730	257	0	0	13	244	163	81
PCT1123	ED	208	89	0	0	4	85	63	22
PCT1123	TO	938	346	0	0	17	329	226	103
PCT1124	MV	630	246	0	0	7	239	157	82
PCT1124	ED	199	73	0	0	4	69	56	13
PCT1124	TO	829	319	0	0	11	308	213	95
PCT1125	MV	919	364	0	0	30	334	203	131
PCT1125	ED	178	67	0	0	6	61	51	10
PCT1125	TO	1097	431	0	0	36	395	254	141
PCT1126	MV	812	308	0	0	21	287	198	89
PCT1126	ED	200	68	0	0	1	67	46	21
PCT1126	TO	1012	376	0	0	22	354	244	110
PCT1127	MV	743	293	0	0	13	280	153	127
PCT1127	ED	222	100	0	0	6	94	69	25
PCT1127	TO	965	393	0	0	19	374	222	152
PCT1128	MV	734	286	0	0	14	272	157	115
PCT1128	ED	145	59	0	1	4	54	40	14
PCT1128	TO	879	345	0	1	18	326	197	129
PCT1129	MV	790	314	0	0	24	290	182	108
PCT1129	ED	246	108	0	0	11	97	67	30
PCT1129	TO	1036	422	0	0	35	387	249	138
PCT1131	MV	694	279	0	1	23	255	148	107
PCT1131	ED	166	60	0	0	5	55	43	12
PCT1131	TO	860	339	0	1	28	310	191	119
PCT1132	MV	839	370	0	0	31	339	213	126
PCT1132	ED	193	59	0	0	0	59	37	22
PCT1132	TO	1032	429	0	0	31	398	250	148
PCT1133	MV	716	334	0	0	11	323	211	112
PCT1133	ED	159	74	0	0	5	69	47	22
PCT1133	TO	875	408	0	0	16	392	258	134
PCT1134	MV	585	292	0	1	13	278	163	115
PCT1134	ED	182	80	0	0	7	73	59	14
PCT1134	TO	767	372	0	1	20	351	222	129
PCT1135	MV	465	218	0	0	7	211	132	79
PCT1135	ED	91	51	0	0	1	50	41	9
PCT1135	TO	556	269	0	0	8	261	173	88
PCT1136	MV	710	340	0	0	19	321	203	118
PCT1136	ED	157	77	0	0	4	73	52	21
PCT1136	TO	867	417	0	0	23	394	255	139
PCT1141	MV	836	392	0	0	17	375	254	121
PCT1141	ED	220	123	0	0	4	119	90	29
PCT1141	TO	1056	515	0	0	21	494	344	150
PCT1142	MV	721	324	0	0	22	302	217	85
PCT1142	ED	175	87	0	0	4	83	69	14
PCT1142	TO	896	411	0	0	26	385	286	99
PCT1143	MV	824	360	0	0	22	338	232	106
PCT1143	ED	225	114	0	0	5	109	91	18
PCT1143	TO	1049	474	0	0	27	447	323	124
PCT1144	MV	727	326	0	0	13	313	202	111
PCT1144	ED	220	121	0	0	7	114	86	28
PCT1144	TO	947	447	0	0	20	427	288	139
PCT1145	MV	753	411	0	0	29	382	252	130
PCT1145	ED	152	114	0	0	5	109	88	21
PCT1145	TO	905	525	0	0	34	491	340	151
PCT1146	MV	839	364	0	2	19	343	254	89
PCT1146	ED	215	110	0	0	4	106	84	22
PCT1146	TO	1054	474	0	2	23	449	338	111
PCT1147	MV	673	309	0	0	17	292	206	86
PCT1147	ED	212	107	0	0	6	101	77	24
PCT1147	TO	885	416	0	0	23	393	283	110
PCT1148	MV	804	367	0	0	21	346	214	132
PCT1148	ED	224	116	0	0	7	109	77	32
PCT1148	TO	1028	483	0	0	28	455	291	164
PCT1149	MV	710	319	0	0	20	299	183	116
PCT1149	ED	229	118	0	0	8	110	83	27
PCT1149	TO	939	437	0	0	28	409	266	143
PCT1152	MV	710	312	0	0	28	284	198	86
PCT1152	ED	180	85	0	0	4	81	55	26
PCT1152	TO	890	397	0	0	32	365	253	112
PCT1153	MV	730	285	0	0	17	268	187	81
PCT1153	ED	210	117	0	0	6	111	62	49
PCT1153	TO	940	402	0	0	23	379	249	130
PCT7001	MV	632	328	0	0	21	307	247	60
PCT7001	ED	141	103	0	1	7	95	83	12
PCT7001	TO	773	431	0	1	28	402	330	72
PCT7002	MV	598	267	0	0	29	238	176	62
PCT7002	ED	116	88	0	0	7	81	71	10
PCT7002	TO	714	355	0	0	36	319	247	72
PCT7003	MV	759	430	0	0	30	400	318	82
PCT7003	ED	147	144	0	0	12	132	104	28
PCT7003	TO	906	574	0	0	42	532	422	110
PCT7004	MV	764	416	0	0	34	382	302	80
PCT7004	ED	149	143	0	0	8	135	108	27
PCT7004	TO	913	559	0	0	42	517	410	107
PCT7005	MV	698	350	0	0	26	324	274	50
PCT7005	ED	161	162	0	0	14	148	124	24
PCT7005	TO	859	512	0	0	40	472	398	74
PCT7006	MV	729	359	0	0	30	329	271	58
PCT7006	ED	203	149	0	0	8	141	116	25
PCT7006	TO	932	508	0	0	38	470	387	83
PCT7007	MV	777	437	0	0	32	405	328	77
PCT7007	ED	180	169	0	1	10	158	131	27
PCT7007	TO	957	606	0	1	42	563	459	104
PCT7008	MV	732	367	0	0	41	326	252	74
PCT7008	ED	177	192	0	0	11	181	150	31
PCT7008	TO	909	559	0	0	52	507	402	105
PCT7009	MV	752	389	0	0	32	357	282	75
PCT7009	ED	119	91	0	0	4	87	66	21
PCT7009	TO	871	480	0	0	36	444	348	96
PCT7011	MV	704	231	0	0	18	213	178	35
PCT7011	ED	269	87	0	0	4	83	69	14
PCT7011	TO	973	318	0	0	22	296	247	49
PCT7012	MV	999	487	0	1	37	449	365	84
PCT7012	ED	227	206	0	0	15	191	159	32
PCT7012	TO	1226	693	0	1	52	640	524	116
PCT7013	MV	984	280	0	0	21	259	215	44
PCT7013	ED	155	151	0	0	11	140	119	21
PCT7013	TO	1139	431	0	0	32	399	334	65
PCT7014	MV	610	298	0	0	31	267	230	37
PCT7014	ED	109	112	0	0	14	98	80	18
PCT7014	TO	719	410	0	0	45	365	310	55
PCT7015	MV	128	40	0	0	4	36	31	5
PCT7015	ED	-18	0	0	0	0	0	0	0
PCT7015	TO	110	40	0	0	4	36	31	5
PCT7016	MV	655	238	0	0	12	226	154	72
PCT7016	ED	277	75	0	0	4	71	58	13
PCT7016	TO	932	313	0	0	16	297	212	85
PCT7017	MV	543	180	0	0	19	161	123	38
PCT7017	ED	238	53	0	0	5	48	43	5
PCT7017	TO	781	233	0	0	24	209	166	43
PCT7018	MV	847	357	0	0	26	331	205	126
PCT7018	ED	200	56	0	0	4	52	46	6
PCT7018	TO	1047	413	0	0	30	383	251	132
PCT7019	MV	734	355	0	0	21	334	216	118
PCT7019	ED	166	74	0	0	4	70	60	10
PCT7019	TO	900	429	0	0	25	404	276	128
PCT7021	MV	679	271	0	0	18	253	195	58
PCT7021	ED	288	106	0	0	6	100	86	14
PCT7021	TO	967	377	0	0	24	353	281	72
PCT7022	MV	770	311	0	0	25	286	223	63
PCT7022	ED	193	55	0	0	1	54	47	7
PCT7022	TO	963	366	0	0	26	340	270	70
PCT7023	MV	687	331	0	0	19	312	245	67
PCT7023	ED	233	71	0	0	7	64	55	9
PCT7023	TO	920	402	0	0	26	376	300	76
PCT7024	MV	251	50	0	0	2	48	41	7
PCT7024	ED	190	20	0	0	2	18	18	0
PCT7024	TO	441	70	0	0	4	66	59	7
PCT7025	MV	316	95	0	1	5	89	72	17
PCT7025	ED	167	39	0	0	3	36	29	7
PCT7025	TO	483	134	0	1	8	125	101	24
PCT7026	MV	819	336	0	0	19	317	200	117
PCT7026	ED	191	72	0	0	4	68	50	18
PCT7026	TO	1010	408	0	0	23	385	250	135
PCT7027	MV	677	270	0	0	15	255	171	84
PCT7027	ED	219	96	0	0	5	91	71	20
PCT7027	TO	896	366	0	0	20	346	242	104
PCT7028	MV	585	220	0	0	16	204	171	33
PCT7028	ED	271	97	0	0	6	91	69	22
PCT7028	TO	856	317	0	0	22	295	240	55
PCT7029	MV	642	208	0	0	24	184	150	34
PCT7029	ED	267	39	0	0	1	38	28	10
PCT7029	TO	909	247	0	0	25	222	178	44
PCT7030	MV	654	274	0	0	12	262	167	95
PCT7030	ED	141	58	0	0	1	57	30	27
PCT7030	TO	795	332	0	0	13	319	197	122
PCT7031	MV	622	263	0	0	22	241	174	67
PCT7031	ED	72	48	0	0	5	43	34	9
PCT7031	TO	694	311	0	0	27	284	208	76
PCT7032	MV	643	266	0	0	20	246	180	66
PCT7032	ED	238	53	0	0	6	47	36	11
PCT7032	TO	881	319	0	0	26	293	216	77
PCT7033	MV	549	214	0	0	15	199	135	64
PCT7033	ED	229	86	0	0	7	79	54	25
PCT7033	TO	778	300	0	0	22	278	189	89
PCT7034	MV	620	140	0	0	18	122	106	16
PCT7034	ED	318	58	0	0	3	55	45	10
PCT7034	TO	938	198	0	0	21	177	151	26
PCT7035	MV	567	237	0	0	17	220	166	54
PCT7035	ED	152	52	0	0	3	49	44	5
PCT7035	TO	719	289	0	0	20	269	210	59
PCT7036	MV	781	262	0	0	18	244	170	74
PCT7036	ED	193	39	0	0	1	38	30	8
PCT7036	TO	974	301	0	0	19	282	200	82
PCT7037	MV	434	63	0	0	1	62	49	13
PCT7037	ED	312	38	0	0	5	33	31	2
PCT7037	TO	746	101	0	0	6	95	80	15
PCT7038	MV	758	308	0	2	21	285	170	115
PCT7038	ED	203	58	0	0	6	52	40	12
PCT7038	TO	961	366	0	2	27	337	210	127
PCT7039	MV	636	243	0	0	24	219	129	90
PCT7039	ED	201	104	0	0	3	101	63	38
PCT7039	TO	837	347	0	0	27	320	192	128
PCT7041	MV	70	29	0	0	4	25	16	9
PCT7041	ED	-4	0	0	0	0	0	0	0
PCT7041	TO	66	29	0	0	4	25	16	9
PCT7042	MV	514	221	0	0	11	210	142	68
PCT7042	ED	146	59	0	0	2	57	42	15
PCT7042	TO	660	280	0	0	13	267	184	83
PCT7043	MV	754	295	0	0	21	274	179	95
PCT7043	ED	224	78	0	0	3	75	61	14
PCT7043	TO	978	373	0	0	24	349	240	109
PCT7044	MV	586	148	0	0	5	143	115	28
PCT7044	ED	266	33	0	0	2	31	25	6
PCT7044	TO	852	181	0	0	7	174	140	34
PCT7045	MV	632	266	0	0	18	248	149	99
PCT7045	ED	154	53	0	0	2	51	30	21
PCT7045	TO	786	319	0	0	20	299	179	120
PCT7046	MV	334	132	0	0	11	121	76	45
PCT7046	ED	96	48	0	0	6	42	30	12
PCT7046	TO	430	180	0	0	17	163	106	57
PCT7047	MV	733	314	0	0	17	297	184	113
PCT7047	ED	150	62	0	0	3	59	43	16
PCT7047	TO	883	376	0	0	20	356	227	129
PCT7048	MV	685	267	0	0	21	246	177	69
PCT7048	ED	196	56	0	0	4	52	36	16
PCT7048	TO	881	323	0	0	25	298	213	85
PCT7049	MV	616	247	0	0	16	231	128	103
PCT7049	ED	210	70	0	0	5	65	43	22
PCT7049	TO	826	317	0	0	21	296	171	125
PCT7051	MV	715	306	0	0	24	282	161	121
PCT7051	ED	165	70	0	0	7	63	44	19
PCT7051	TO	880	376	0	0	31	345	205	140
PCT7052	MV	722	296	0	0	9	287	174	113
PCT7052	ED	184	84	0	0	5	79	64	15
PCT7052	TO	906	380	0	0	14	366	238	128
PCT7053	MV	542	227	0	0	27	200	117	83
PCT7053	ED	43	42	0	0	4	38	28	10
PCT7053	TO	585	269	0	0	31	238	145	93
PCT7054	MV	863	308	0	0	23	285	228	57
PCT7054	ED	273	106	0	0	5	101	80	21
PCT7054	TO	1136	414	0	0	28	386	308	78
PCT7055	MV	732	291	0	0	20	271	191	80
PCT7055	ED	94	77	0	0	6	71	64	7
PCT7055	TO	826	368	0	0	26	342	255	87
PCT7056	MV	618	273	0	0	28	245	185	60
PCT7056	ED	87	119	0	0	12	107	83	24
PCT7056	TO	705	392	0	0	40	352	268	84
PCT7101	MV	162	99	0	0	7	92	84	8
PCT7101	ED	-15	4	0	0	2	2	2	0
PCT7101	TO	147	103	0	0	9	94	86	8
PCT7201	MV	788	383	0	0	30	353	242	111
PCT7201	ED	147	168	0	0	24	144	115	29
PCT7201	TO	935	551	0	0	54	497	357	140
PCT7202	MV	708	308	0	1	36	271	186	85
PCT7202	ED	143	156	0	0	15	141	108	33
PCT7202	TO	851	464	0	1	51	412	294	118
PCT7203	MV	693	321	0	0	37	284	211	73
PCT7203	ED	186	186	0	0	25	161	118	43
PCT7203	TO	879	507	0	0	62	445	329	116
PCT7204	MV	773	421	0	0	55	366	277	89
PCT7204	ED	126	122	0	0	18	104	83	21
PCT7204	TO	899	543	0	0	73	470	360	110
PCT7205	MV	724	360	0	0	29	331	251	80
PCT7205	ED	147	175	0	0	16	159	117	42
PCT7205	TO	871	535	0	0	45	490	368	122
PCT7206	MV	299	129	0	0	12	117	88	29
PCT7206	ED	78	102	0	0	11	91	71	20
PCT7206	TO	377	231	0	0	23	208	159	49
PCT7207	MV	744	333	0	0	29	304	207	97
PCT7207	ED	123	151	0	0	11	140	118	22
PCT7207	TO	867	484	0	0	40	444	325	119
PCT7208	MV	492	253	0	0	32	221	149	72
PCT7208	ED	78	94	0	0	8	86	77	9
PCT7208	TO	570	347	0	0	40	307	226	81
PCT7209	MV	595	341	0	0	32	309	226	83
PCT7209	ED	52	75	0	0	5	70	57	13
PCT7209	TO	647	416	0	0	37	379	283	96
PCT7301	MV	813	317	0	0	24	293	220	73
PCT7301	ED	201	141	0	0	11	130	103	27
PCT7301	TO	1014	458	0	0	35	423	323	100
PCT7302	MV	713	351	0	0	36	315	211	104
PCT7302	ED	136	137	0	0	13	124	100	24
PCT7302	TO	849	488	0	0	49	439	311	128
PCT7303	MV	869	376	0	0	36	340	256	84
PCT7303	ED	199	155	0	0	12	143	113	30
PCT7303	TO	1068	531	0	0	48	483	369	114
PCT7304	MV	802	366	0	0	30	336	256	80
PCT7304	ED	199	184	0	0	15	169	128	41
PCT7304	TO	1001	550	0	0	45	505	384	121
PCT7305	MV	713	386	0	0	38	348	232	116
PCT7305	ED	154	154	0	0	12	142	108	34
PCT7305	TO	867	540	0	0	50	490	340	150
PCT7306	MV	801	373	0	0	39	334	211	123
PCT7306	ED	243	193	0	0	28	165	132	33
PCT7306	TO	1044	566	0	0	67	499	343	156
PCT7307	MV	605	272	0	0	17	255	175	80
PCT7307	ED	169	126	0	0	14	112	87	25
PCT7307	TO	774	398	0	0	31	367	262	105
PCT7308	MV	520	256	0	0	13	243	174	69
PCT7308	ED	105	157	0	0	14	143	117	26
PCT7308	TO	625	413	0	0	27	386	291	95
PCT7309	MV	691	324	0	0	34	290	215	75
PCT7309	ED	167	190	0	0	14	176	143	33
PCT7309	TO	858	514	0	0	48	466	358	108
PCT7311	MV	698	333	0	0	24	309	249	60
PCT7311	ED	208	215	0	0	19	196	158	38
PCT7311	TO	906	548	0	0	43	505	407	98
PCT7312	MV	700	394	0	0	26	368	256	112
PCT7312	ED	110	160	0	0	18	142	104	38
PCT7312	TO	810	554	0	0	44	510	360	150
PCT7313	MV	819	373	0	0	23	350	258	92
PCT7313	ED	184	160	0	0	25	135	107	28
PCT7313	TO	1003	533	0	0	48	485	365	120
PCT7314	MV	612	226	0	0	27	199	147	52
PCT7314	ED	147	83	0	0	9	74	55	19
PCT7314	TO	759	309	0	0	36	273	202	71
PCT7315	MV	570	206	0	0	13	193	135	58
PCT7315	ED	195	134	0	0	11	123	95	28
PCT7315	TO	765	340	0	0	24	316	230	86
PCT7316	MV	654	261	0	0	33	228	155	73
PCT7316	ED	178	130	0	0	15	115	94	21
PCT7316	TO	832	391	0	0	48	343	249	94
PCT7317	MV	744	348	0	0	24	324	216	108
PCT7317	ED	146	111	0	0	12	99	83	16
PCT7317	TO	890	459	0	0	36	423	299	124
PCT7318	MV	605	293	0	0	37	256	186	70
PCT7318	ED	118	106	0	0	16	90	66	24
PCT7318	TO	723	399	0	0	53	346	252	94
PCT7319	MV	861	344	0	0	28	316	223	93
PCT7319	ED	188	180	0	0	20	160	116	44
PCT7319	TO	1049	524	0	0	48	476	339	137
PCT7321	MV	557	202	0	0	20	182	119	63
PCT7321	ED	102	84	0	0	8	76	55	21
PCT7321	TO	659	286	0	0	28	258	174	84
PCT7322	MV	742	294	0	0	39	255	178	77
PCT7322	ED	146	49	0	0	6	43	38	5
PCT7322	TO	888	343	0	0	45	298	216	82
PCT7323	MV	790	368	0	0	49	319	233	86
PCT7323	ED	166	157	0	0	19	138	107	31
PCT7323	TO	956	525	0	0	68	457	340	117
PCT7324	MV	587	259	0	0	30	229	170	59
PCT7324	ED	150	89	0	0	7	82	59	23
PCT7324	TO	737	348	0	0	37	311	229	82
PCT7325	MV	714	326	0	0	30	296	230	66
PCT7325	ED	172	123	0	0	10	113	85	28
PCT7325	TO	886	449	0	0	40	409	315	94
PCT7326	MV	685	303	0	0	28	275	204	71
PCT7326	ED	174	155	0	0	24	131	95	36
PCT7326	TO	859	458	0	0	52	406	299	107
PCT7327	MV	561	230	0	0	32	198	134	64
PCT7327	ED	126	49	0	0	3	46	39	7
PCT7327	TO	687	279	0	0	35	244	173	71
PCT7328	MV	829	333	0	0	56	277	180	97
PCT7328	ED	173	67	0	0	10	57	44	13
PCT7328	TO	1002	400	0	0	66	334	224	110
PCT7329	MV	556	227	0	0	24	203	147	56
PCT7329	ED	95	76	0	0	5	71	52	19
PCT7329	TO	651	303	0	0	29	274	199	75
PCT7331	MV	710	360	0	0	41	319	231	88
PCT7331	ED	160	158	0	0	20	138	103	35
PCT7331	TO	870	518	0	0	61	457	334	123
PCT7332	MV	654	262	0	0	28	234	180	54
PCT7332	ED	136	147	0	0	11	136	121	15
PCT7332	TO	790	409	0	0	39	370	301	69
PCT7333	MV	822	389	0	0	32	357	263	94
PCT7333	ED	193	219	0	0	20	199	162	37
PCT7333	TO	1015	608	0	0	52	556	425	131
PCT7334	MV	688	306	0	0	19	287	225	62
PCT7334	ED	131	131	0	0	10	121	101	20
PCT7334	TO	819	437	0	0	29	408	326	82
PCT7335	MV	788	389	0	0	43	346	247	99
PCT7335	ED	146	189	0	1	17	171	142	29
PCT7335	TO	934	578	0	1	60	517	389	128
PCT7336	MV	779	404	0	0	29	375	235	140
PCT7336	ED	175	174	0	0	17	157	121	36
PCT7336	TO	954	578	0	0	46	532	356	176
PCT7337	MV	772	386	0	0	44	342	238	104
PCT7337	ED	125	111	0	0	6	105	83	22
PCT7337	TO	897	497	0	0	50	447	321	126
PCT7338	MV	770	360	0	0	44	316	217	99
PCT7338	ED	125	90	0	0	10	80	62	18
PCT7338	TO	895	450	0	0	54	396	279	117
PCT7339	MV	605	270	0	0	25	245	199	46
PCT7339	ED	150	122	0	0	3	119	92	27
PCT7339	TO	755	392	0	0	28	364	291	73
PCT7341	MV	675	291	0	0	34	257	198	59
PCT7341	ED	178	159	0	0	11	148	124	24
PCT7341	TO	853	450	0	0	45	405	322	83
PCT7342	MV	674	323	0	0	21	302	228	74
PCT7342	ED	230	238	0	0	20	218	166	52
PCT7342	TO	904	561	0	0	41	520	394	126
PCT7343	MV	554	251	0	0	27	224	189	35
PCT7343	ED	150	146	0	0	20	126	100	26
PCT7343	TO	704	397	0	0	47	350	289	61
PCT7344	MV	863	392	0	0	35	357	264	93
PCT7344	ED	201	161	0	0	11	150	122	28
PCT7344	TO	1064	553	0	0	46	507	386	121
PCT7345	MV	904	432	0	0	39	393	319	74
PCT7345	ED	210	214	0	0	14	200	160	40
PCT7345	TO	1114	646	0	0	53	593	479	114
PCT7346	MV	681	288	0	0	26	262	205	57
PCT7346	ED	208	169	0	0	17	152	121	31
PCT7346	TO	889	457	0	0	43	414	326	88
PCT7347	MV	833	370	0	0	36	334	290	44
PCT7347	ED	170	109	0	0	9	100	87	13
PCT7347	TO	1003	479	0	0	45	434	377	57
PCT7348	MV	650	279	0	0	24	255	199	56
PCT7348	ED	193	115	0	0	8	107	88	19
PCT7348	TO	843	394	0	0	32	362	287	75
PCT7349	MV	710	315	0	0	22	293	216	77
PCT7349	ED	202	143	0	0	13	130	109	21
PCT7349	TO	912	458	0	0	35	423	325	98
PCT7501	MV	456	248	0	0	29	219	153	66
PCT7501	ED	95	116	0	0	15	101	75	26
PCT7501	TO	551	364	0	0	44	320	228	92
PCT7502	MV	668	314	0	0	31	283	209	74
PCT7502	ED	121	135	0	0	17	118	97	21
PCT7502	TO	789	449	0	0	48	401	306	95
PCT7503	MV	614	286	0	0	23	263	212	51
PCT7503	ED	148	134	0	0	19	115	88	27
PCT7503	TO	762	420	0	0	42	378	300	78
PCT7504	MV	404	175	0	0	17	158	126	32
PCT7504	ED	84	57	0	0	5	52	45	7
PCT7504	TO	488	232	0	0	22	210	171	39
PCT7505	MV	729	405	0	0	46	359	289	70
PCT7505	ED	133	96	0	0	3	93	77	16
PCT7505	TO	862	501	0	0	49	452	366	86
PCT7506	MV	842	363	0	0	40	323	248	75
PCT7506	ED	158	117	0	0	12	105	94	11
PCT7506	TO	1000	480	0	0	52	428	342	86
PCT7507	MV	694	289	0	0	23	266	222	44
PCT7507	ED	262	102	0	0	3	99	87	12
PCT7507	TO	956	391	0	0	26	365	309	56
PCT7508	MV	618	373	0	0	35	338	258	80
PCT7508	ED	126	106	0	0	8	98	85	13
PCT7508	TO	744	479	0	0	43	436	343	93
PCT7509	MV	756	399	0	0	33	366	267	99
PCT7509	ED	173	148	0	0	13	135	107	28
PCT7509	TO	929	547	0	0	46	501	374	127
PCT7512	MV	475	248	0	0	22	226	176	50
PCT7512	ED	125	86	0	0	8	78	62	16
PCT7512	TO	600	334	0	0	30	304	238	66
PCT7513	MV	575	248	0	0	28	220	182	38
PCT7513	ED	231	112	0	0	9	103	90	13
PCT7513	TO	806	360	0	0	37	323	272	51
PCT7514	MV	709	242	0	0	33	209	165	44
PCT7514	ED	207	61	0	0	11	50	45	5
PCT7514	TO	916	303	0	0	44	259	210	49
PCT7515	MV	663	321	0	0	22	299	230	69
PCT7515	ED	201	90	0	0	9	81	67	14
PCT7515	TO	864	411	0	0	31	380	297	83
PCT7516	MV	773	423	0	0	27	396	307	89
PCT7516	ED	147	118	0	0	5	113	87	26
PCT7516	TO	920	541	0	0	32	509	394	115
PCT7517	MV	645	362	0	0	38	324	273	51
PCT7517	ED	223	179	0	0	13	166	143	23
PCT7517	TO	868	541	0	0	51	490	416	74
PCT7518	MV	708	392	0	0	33	359	292	67
PCT7518	ED	218	186	0	0	14	172	155	17
PCT7518	TO	926	578	0	0	47	531	447	84
PCT7519	MV	543	259	0	0	28	231	194	37
PCT7519	ED	172	136	0	0	8	128	109	19
PCT7519	TO	715	395	0	0	36	359	303	56
PCT7521	MV	597	318	0	0	32	286	249	37
PCT7521	ED	182	149	0	0	5	144	124	20
PCT7521	TO	779	467	0	0	37	430	373	57
PCT7522	MV	588	301	0	0	25	276	237	39
PCT7522	ED	171	159	0	0	13	146	126	20
PCT7522	TO	759	460	0	0	38	422	363	59
PCT7523	MV	564	285	0	0	24	261	220	41
PCT7523	ED	180	169	0	0	11	158	136	22
PCT7523	TO	744	454	0	0	35	419	356	63
PCT7524	MV	480	228	0	0	25	203	170	33
PCT7524	ED	144	102	0	0	8	94	84	10
PCT7524	TO	624	330	0	0	33	297	254	43
PCT7525	MV	594	246	0	0	24	222	188	34
PCT7525	ED	170	96	0	0	10	86	80	6
PCT7525	TO	764	342	0	0	34	308	268	40
PCT7526	MV	826	395	0	0	49	346	290	56
PCT7526	ED	162	149	0	0	15	134	113	21
PCT7526	TO	988	544	0	0	64	480	403	77
PCT7527	MV	538	296	0	0	29	267	223	44
PCT7527	ED	172	113	0	0	8	105	95	10
PCT7527	TO	710	409	0	0	37	372	318	54
PCT7529	MV	749	366	0	0	35	331	297	34
PCT7529	ED	154	187	0	0	7	180	154	26
PCT7529	TO	903	553	0	0	42	511	451	60
PCT7531	MV	714	336	0	0	30	306	264	42
PCT7531	ED	159	135	0	0	4	131	116	15
PCT7531	TO	873	471	0	0	34	437	380	57
PCT7532	MV	668	328	0	0	27	301	253	48
PCT7532	ED	167	139	0	0	15	124	90	34
PCT7532	TO	835	467	0	0	42	425	343	82
PCT7533	MV	776	405	0	1	41	363	309	54
PCT7533	ED	194	189	0	0	13	176	143	33
PCT7533	TO	970	594	0	1	54	539	452	87
PCT7534	MV	670	375	0	0	37	338	286	52
PCT7534	ED	233	187	0	0	14	173	159	14
PCT7534	TO	903	562	0	0	51	511	445	66
PCT7535	MV	606	300	0	0	23	277	231	46
PCT7535	ED	139	162	0	0	16	146	135	11
PCT7535	TO	745	462	0	0	39	423	366	57
PCT7536	MV	670	346	0	0	23	323	274	49
PCT7536	ED	163	172	0	0	18	154	136	18
PCT7536	TO	833	518	0	0	41	477	410	67
PCT7537	MV	619	301	0	0	24	277	240	37
PCT7537	ED	126	150	0	0	12	138	124	14
PCT7537	TO	745	451	0	0	36	415	364	51
PCT7538	MV	562	321	0	0	20	301	262	39
PCT7538	ED	189	175	0	0	15	160	140	20
PCT7538	TO	751	496	0	0	35	461	402	59
PCT7539	MV	696	374	0	0	29	345	300	45
PCT7539	ED	225	195	0	0	16	179	159	20
PCT7539	TO	921	569	0	0	45	524	459	65
PCT7541	MV	600	295	0	0	34	261	218	43
PCT7541	ED	170	164	0	0	12	152	132	20
PCT7541	TO	770	459	0	0	46	413	350	63
PCT7542	MV	632	323	0	0	15	308	265	43
PCT7542	ED	192	171	0	0	5	166	149	17
PCT7542	TO	824	494	0	0	20	474	414	60
PCT7543	MV	694	371	0	0	18	353	306	47
PCT7543	ED	230	141	0	0	7	134	117	17
PCT7543	TO	924	512	0	0	25	487	423	64
PCT7544	MV	731	389	0	0	36	353	293	60
PCT7544	ED	168	164	0	0	15	149	129	20
PCT7544	TO	899	553	0	0	51	502	422	80
PCT7545	MV	723	384	0	1	32	351	289	62
PCT7545	ED	172	149	0	0	14	135	112	23
PCT7545	TO	895	533	0	1	46	486	401	85
PCT7546	MV	770	417	0	0	27	390	343	47
PCT7546	ED	183	219	0	0	16	203	168	35
PCT7546	TO	953	636	0	0	43	593	511	82
PCT7547	MV	798	426	0	0	26	400	350	50
PCT7547	ED	183	180	0	0	11	169	160	9
PCT7547	TO	981	606	0	0	37	569	510	59
PCT7548	MV	802	447	0	0	38	409	359	50
PCT7548	ED	249	204	0	0	10	194	170	24
PCT7548	TO	1051	651	0	0	48	603	529	74
PCT7549	MV	660	357	0	0	31	326	269	57
PCT7549	ED	146	143	0	0	17	126	111	15
PCT7549	TO	806	500	0	0	48	452	380	72
PCT7551	MV	587	303	0	0	18	285	246	39
PCT7551	ED	136	175	0	0	12	163	127	36
PCT7551	TO	723	478	0	0	30	448	373	75
PCT7552	MV	561	285	0	0	31	254	224	30
PCT7552	ED	124	130	0	0	13	117	100	17
PCT7552	TO	685	415	0	0	44	371	324	47
PCT7553	MV	211	95	0	0	7	88	70	18
PCT7553	ED	-20	0	0	0	0	0	0	0
PCT7553	TO	191	95	0	0	7	88	70	18
PCT7554	MV	653	381	0	0	35	346	279	67
PCT7554	ED	168	180	0	0	16	164	135	29
PCT7554	TO	821	561	0	0	51	510	414	96
PCT7555	MV	662	416	0	0	36	380	312	68
PCT7555	ED	210	210	0	0	14	196	176	20
PCT7555	TO	872	626	0	0	50	576	488	88
PCT7556	MV	812	512	0	1	32	479	388	91
PCT7556	ED	154	168	0	0	16	152	113	39
PCT7556	TO	966	680	0	1	48	631	501	130
PCT7601	MV	485	207	0	0	17	190	163	27
PCT7601	ED	192	91	0	0	8	83	69	14
PCT7601	TO	677	298	0	0	25	273	232	41
PCT7602	MV	654	276	0	0	22	254	203	51
PCT7602	ED	232	104	0	0	7	97	88	9
PCT7602	TO	886	380	0	0	29	351	291	60
PCT7603	MV	615	295	0	0	28	267	216	51
PCT7603	ED	200	168	0	0	9	159	127	32
PCT7603	TO	815	463	0	0	37	426	343	83
PCT7604	MV	685	270	0	1	18	251	220	31
PCT7604	ED	259	135	0	0	15	120	94	26
PCT7604	TO	944	405	0	1	33	371	314	57
PCT7605	MV	468	191	0	1	16	174	137	37
PCT7605	ED	193	62	0	0	6	56	48	8
PCT7605	TO	661	253	0	1	22	230	185	45
PCT7606	MV	673	267	0	0	25	242	196	46
PCT7606	ED	210	80	0	0	6	74	66	8
PCT7606	TO	883	347	0	0	31	316	262	54
PCT7607	MV	712	288	0	0	23	265	209	56
PCT7607	ED	207	101	0	0	4	97	79	18
PCT7607	TO	919	389	0	0	27	362	288	74
PCT7608	MV	279	96	0	0	9	87	63	24
PCT7608	ED	101	19	0	0	1	18	17	1
PCT7608	TO	380	115	0	0	10	105	80	25
PCT7609	MV	699	286	0	0	27	259	196	63
PCT7609	ED	185	49	0	0	5	44	36	8
PCT7609	TO	884	335	0	0	32	303	232	71
PCT7611	MV	586	235	0	0	17	218	185	33
PCT7611	ED	202	43	0	0	2	41	34	7
PCT7611	TO	788	278	0	0	19	259	219	40
PCT7612	MV	452	216	0	0	17	199	147	52
PCT7612	ED	105	31	0	0	1	30	21	9
PCT7612	TO	557	247	0	0	18	229	168	61
PCT7613	MV	634	244	0	0	22	222	180	42
PCT7613	ED	249	89	0	0	4	85	71	14
PCT7613	TO	883	333	0	0	26	307	251	56
PCT7614	MV	713	253	0	0	28	225	178	47
PCT7614	ED	203	81	0	0	5	76	63	13
PCT7614	TO	916	334	0	0	33	301	241	60
PCT7615	MV	510	165	0	1	13	151	120	31
PCT7615	ED	240	58	0	0	5	53	44	9
PCT7615	TO	750	223	0	1	18	204	164	40
PCT7616	MV	754	330	0	0	34	296	241	55
PCT7616	ED	82	86	0	0	6	80	71	9
PCT7616	TO	836	416	0	0	40	376	312	64
PCT7617	MV	583	222	0	0	26	196	163	33
PCT7617	ED	169	42	0	0	7	35	26	9
PCT7617	TO	752	264	0	0	33	231	189	42
PCT7618	MV	763	365	0	0	21	344	258	86
PCT7618	ED	151	85	0	0	11	74	56	18
PCT7618	TO	914	450	0	0	32	418	314	104
PCT7619	MV	937	439	0	0	33	406	329	77
PCT7619	ED	170	119	0	0	10	109	89	20
PCT7619	TO	1107	558	0	0	43	515	418	97
PCT7621	MV	1006	443	0	0	34	409	324	85
PCT7621	ED	149	104	0	0	9	95	74	21
PCT7621	TO	1155	547	0	0	43	504	398	106
PCT7622	MV	697	215	0	0	22	193	157	36
PCT7622	ED	263	74	0	0	13	61	52	9
PCT7622	TO	960	289	0	0	35	254	209	45
PCT7623	MV	767	256	0	1	26	229	183	46
PCT7623	ED	237	98	0	0	10	88	79	9
PCT7623	TO	1004	354	0	1	36	317	262	55
PCT7624	MV	652	209	0	0	17	192	161	31
PCT7624	ED	223	73	0	0	12	61	52	9
PCT7624	TO	875	282	0	0	29	253	213	40
PCT7625	MV	749	394	0	0	55	339	254	85
PCT7625	ED	73	34	0	0	2	32	29	3
PCT7625	TO	822	428	0	0	57	371	283	88
PCT7626	MV	944	401	0	0	47	354	255	99
PCT7626	ED	129	108	0	0	5	103	87	16
PCT7626	TO	1073	509	0	0	52	457	342	115
PCT7627	MV	457	196	0	0	25	171	127	44
PCT7627	ED	67	59	0	0	6	53	41	12
PCT7627	TO	524	255	0	0	31	224	168	56
PCT7628	MV	718	331	0	0	19	312	247	65
PCT7628	ED	220	111	0	0	6	105	88	17
PCT7628	TO	938	442	0	0	25	417	335	82
PCT7629	MV	691	276	0	0	27	249	203	46
PCT7629	ED	162	87	0	0	7	80	66	14
PCT7629	TO	853	363	0	0	34	329	269	60
PCT7631	MV	1009	440	0	0	29	411	329	82
PCT7631	ED	210	111	0	0	6	105	85	20
PCT7631	TO	1219	551	0	0	35	516	414	102
PCT7632	MV	1002	413	0	1	30	382	309	73
PCT7632	ED	169	130	0	0	6	124	100	24
PCT7632	TO	1171	543	0	1	36	506	409	97
PCT7633	MV	609	278	0	0	21	257	201	56
PCT7633	ED	126	97	0	0	9	88	71	17
PCT7633	TO	735	375	0	0	30	345	272	73
PCT7634	MV	704	344	0	0	46	298	236	62
PCT7634	ED	186	105	0	1	13	91	68	23
PCT7634	TO	890	449	0	1	59	389	304	85
PCT7635	MV	665	273	0	0	20	253	193	60
PCT7635	ED	188	62	0	0	4	58	40	18
PCT7635	TO	853	335	0	0	24	311	233	78
PCT7636	MV	798	330	0	0	26	304	224	80
PCT7636	ED	161	107	0	0	4	103	82	21
PCT7636	TO	959	437	0	0	30	407	306	101
PCT7637	MV	747	344	0	0	34	310	208	102
PCT7637	ED	121	99	0	1	7	91	77	14
PCT7637	TO	868	443	0	1	41	401	285	116
PCT7638	MV	806	372	0	1	37	334	215	119
PCT7638	ED	83	89	0	0	9	80	49	31
PCT7638	TO	889	461	0	1	46	414	264	150
PCT7639	MV	889	396	0	1	34	361	254	107
PCT7639	ED	133	134	0	0	20	114	86	28
PCT7639	TO	1022	530	0	1	54	475	340	135
PCT7641	MV	817	399	0	1	24	374	247	127
PCT7641	ED	134	93	0	0	5	88	66	22
PCT7641	TO	951	492	0	1	29	462	313	149
PCT7642	MV	647	311	0	0	33	278	208	70
PCT7642	ED	118	82	0	0	14	68	56	12
PCT7642	TO	765	393	0	0	47	346	264	82
PCT7643	MV	810	433	0	0	35	398	281	117
PCT7643	ED	131	106	0	0	11	95	77	18
PCT7643	TO	941	539	0	0	46	493	358	135
PCT7644	MV	1014	403	0	0	39	364	273	91
PCT7644	ED	162	142	0	0	8	134	115	19
PCT7644	TO	1176	545	0	0	47	498	388	110
PCT7645	MV	595	286	0	0	26	260	184	76
PCT7645	ED	61	56	0	0	7	49	40	9
PCT7645	TO	656	342	0	0	33	309	224	85
PCT7646	MV	1032	484	0	0	42	442	340	102
PCT7646	ED	121	134	0	0	15	119	101	18
PCT7646	TO	1153	618	0	0	57	561	441	120
PCT7647	MV	724	210	0	0	6	204	160	44
PCT7647	ED	263	79	0	0	6	73	55	18
PCT7647	TO	987	289	0	0	12	277	215	62
PCT7648	MV	2	1	0	0	1	0	0	0
PCT7648	TO	2	1	0	0	1	0	0	0
PCT7649	MV	723	286	0	0	15	271	217	54
PCT7649	ED	177	81	0	0	6	75	61	14
PCT7649	TO	900	367	0	0	21	346	278	68
PCT7651	MV	834	332	0	0	28	304	209	95
PCT7651	ED	113	73	0	0	9	64	45	19
PCT7651	TO	947	405	0	0	37	368	254	114
PCT7652	MV	535	207	0	0	20	187	135	52
PCT7652	ED	100	87	0	0	11	76	60	16
PCT7652	TO	635	294	0	0	31	263	195	68
PCT7653	MV	750	334	0	0	35	299	236	63
PCT7653	ED	89	80	0	0	8	72	60	12
PCT7653	TO	839	414	0	0	43	371	296	75
PCT7654	MV	413	191	0	0	14	177	141	36
PCT7654	ED	53	84	0	0	6	78	64	14
PCT7654	TO	466	275	0	0	20	255	205	50
PCT7655	MV	583	215	0	0	11	204	150	54
PCT7655	ED	96	60	0	0	11	49	41	8
PCT7655	TO	679	275	0	0	22	253	191	62
PCT7656	MV	603	308	0	0	28	280	202	78
PCT7656	ED	35	40	0	0	3	37	21	16
PCT7656	TO	638	348	0	0	31	317	223	94
PCT7657	MV	561	269	0	0	24	245	179	66
PCT7657	ED	37	61	0	0	5	56	47	9
PCT7657	TO	598	330	0	0	29	301	226	75
PCT7701	MV	868	481	0	0	41	440	331	109
PCT7701	ED	196	174	0	0	11	163	123	40
PCT7701	TO	1064	655	0	0	52	603	454	149
PCT7702	MV	623	375	0	0	20	355	247	108
PCT7702	ED	133	104	0	0	7	97	66	31
PCT7702	TO	756	479	0	0	27	452	313	139
PCT7703	MV	187	71	0	0	5	66	55	11
PCT7703	ED	-13	0	0	0	0	0	0	0
PCT7703	TO	174	71	0	0	5	66	55	11
PCT7704	MV	798	489	0	0	42	447	294	153
PCT7704	ED	204	173	0	0	6	167	107	60
PCT7704	TO	1002	662	0	0	48	614	401	213
PCT7705	MV	470	285	0	0	20	265	172	93
PCT7705	ED	125	110	0	0	8	102	64	38
PCT7705	TO	595	395	0	0	28	367	236	131
PCT7706	MV	687	447	0	0	29	418	270	148
PCT7706	ED	179	162	0	0	7	155	98	57
PCT7706	TO	866	609	0	0	36	573	368	205
PCT7707	MV	683	432	0	0	36	396	290	106
PCT7707	ED	189	179	0	0	10	169	105	64
PCT7707	TO	872	611	0	0	46	565	395	170
PCT7708	MV	710	461	0	0	37	424	277	147
PCT7708	ED	165	154	0	0	9	145	102	43
PCT7708	TO	875	615	0	0	46	569	379	190
PCT7709	MV	324	193	0	0	10	183	125	58
PCT7709	ED	82	90	0	0	3	87	66	21
PCT7709	TO	406	283	0	0	13	270	191	79
PCT7711	MV	658	379	0	1	26	352	263	89
PCT7711	ED	153	125	0	0	1	124	95	29
PCT7711	TO	811	504	0	1	27	476	358	118
PCT7712	MV	425	258	0	1	16	241	187	54
PCT7712	ED	107	106	0	0	7	99	78	21
PCT7712	TO	532	364	0	1	23	340	265	75
PCT7801	MV	823	478	0	0	35	443	336	107
PCT7801	ED	151	190	0	0	11	179	140	39
PCT7801	TO	974	668	0	0	46	622	476	146
PCT7802	MV	646	401	0	0	36	365	300	65
PCT7802	ED	152	158	0	0	9	149	130	19
PCT7802	TO	798	559	0	0	45	514	430	84
PCT7803	MV	718	476	0	0	46	430	340	90
PCT7803	ED	113	128	0	0	10	118	94	24
PCT7803	TO	831	604	0	0	56	548	434	114
PCT7804	MV	734	463	0	0	52	411	327	84
PCT7804	ED	151	181	0	0	19	162	135	27
PCT7804	TO	885	644	0	0	71	573	462	111
PCT7805	MV	644	399	0	0	44	355	280	75
PCT7805	ED	156	156	0	0	11	145	131	14
PCT7805	TO	800	555	0	0	55	500	411	89
PCT7806	MV	602	361	0	0	28	333	291	42
PCT7806	ED	153	152	0	1	11	140	119	21
PCT7806	TO	755	513	0	1	39	473	410	63
PCT7807	MV	642	361	0	0	27	334	271	63
PCT7807	ED	185	174	0	0	13	161	137	24
PCT7807	TO	827	535	0	0	40	495	408	87
PCT7808	MV	525	296	0	0	29	267	223	44
PCT7808	ED	129	129	0	0	11	118	97	21
PCT7808	TO	654	425	0	0	40	385	320	65
PCT7809	MV	624	351	0	0	26	325	282	43
PCT7809	ED	140	136	0	0	9	127	114	13
PCT7809	TO	764	487	0	0	35	452	396	56
PCT7811	MV	582	311	0	0	22	289	242	47
PCT7811	ED	176	155	0	0	7	148	122	26
PCT7811	TO	758	466	0	0	29	437	364	73
PCT7812	MV	680	369	0	0	37	332	281	51
PCT7812	ED	217	163	0	0	11	152	128	24
PCT7812	TO	897	532	0	0	48	484	409	75
PCT7813	MV	843	483	0	0	27	456	387	69
PCT7813	ED	225	215	0	0	16	199	172	27
PCT7813	TO	1068	698	0	0	43	655	559	96
PCT7814	MV	660	279	0	1	21	257	216	41
PCT7814	ED	241	118	0	0	12	106	93	13
PCT7814	TO	901	397	0	1	33	363	309	54
PCT7815	MV	749	465	0	0	51	414	333	81
PCT7815	ED	168	179	0	0	16	163	133	30
PCT7815	TO	917	644	0	0	67	577	466	111
PCT7816	MV	724	472	0	0	45	427	345	82
PCT7816	ED	148	149	0	0	7	142	111	31
PCT7816	TO	872	621	0	0	52	569	456	113
PCT7817	MV	652	396	0	0	20	376	325	51
PCT7817	ED	186	183	0	0	10	173	149	24
PCT7817	TO	838	579	0	0	30	549	474	75
PCT7818	MV	668	393	0	0	30	363	301	62
PCT7818	ED	171	149	0	0	5	144	120	24
PCT7818	TO	839	542	0	0	35	507	421	86
PCT7819	MV	635	352	0	0	34	318	246	72
PCT7819	ED	139	89	0	0	5	84	70	14
PCT7819	TO	774	441	0	0	39	402	316	86
PCT7821	MV	806	519	0	0	30	489	402	87
PCT7821	ED	170	190	0	0	10	180	145	35
PCT7821	TO	976	709	0	0	40	669	547	122
PCT7822	MV	673	395	0	0	30	365	296	69
PCT7822	ED	219	223	0	0	21	202	159	43
PCT7822	TO	892	618	0	0	51	567	455	112
PCT7823	MV	706	410	0	0	34	376	307	69
PCT7823	ED	177	189	0	0	5	184	164	20
PCT7823	TO	883	599	0	0	39	560	471	89
PCT7824	MV	615	334	0	0	29	305	242	63
PCT7824	ED	153	158	0	0	12	146	121	25
PCT7824	TO	768	492	0	0	41	451	363	88
PCT7825	MV	457	252	0	0	17	235	206	29
PCT7825	ED	151	130	0	0	4	126	107	19
PCT7825	TO	608	382	0	0	21	361	313	48
PCT7826	MV	486	263	0	0	17	246	209	37
PCT7826	ED	204	162	0	0	10	152	135	17
PCT7826	TO	690	425	0	0	27	398	344	54
PCT7827	MV	607	318	0	0	25	293	247	46
PCT7827	ED	219	146	0	0	12	134	116	18
PCT7827	TO	826	464	0	0	37	427	363	64
PCT7828	MV	857	477	0	0	38	439	330	109
PCT7828	ED	171	179	0	0	18	161	124	37
PCT7828	TO	1028	656	0	0	56	600	454	146
PCT7829	MV	742	466	0	0	30	436	334	102
PCT7829	ED	149	151	0	0	6	145	118	27
PCT7829	TO	891	617	0	0	36	581	452	129
PCT7831	MV	763	485	0	0	47	438	352	86
PCT7831	ED	139	138	0	0	8	130	98	32
PCT7831	TO	902	623	0	0	55	568	450	118
PCT7832	MV	663	412	0	0	35	377	316	61
PCT7832	ED	118	127	0	0	9	118	101	17
PCT7832	TO	781	539	0	0	44	495	417	78
PCT7833	MV	587	343	0	0	29	314	265	49
PCT7833	ED	146	145	0	0	14	131	113	18
PCT7833	TO	733	488	0	0	43	445	378	67
PCT7834	MV	700	374	0	0	34	340	294	46
PCT7834	ED	194	177	0	0	12	165	145	20
PCT7834	TO	894	551	0	0	46	505	439	66
PCT7835	MV	721	427	0	0	29	398	279	119
PCT7835	ED	142	147	0	0	12	135	107	28
PCT7835	TO	863	574	0	0	41	533	386	147
PCT7836	MV	850	505	0	0	36	469	341	128
PCT7836	ED	193	170	0	0	5	165	131	34
PCT7836	TO	1043	675	0	0	41	634	472	162
PCT7837	MV	718	424	0	0	47	377	293	84
PCT7837	ED	205	199	0	0	13	186	161	25
PCT7837	TO	923	623	0	0	60	563	454	109
PCT7838	MV	752	492	0	0	39	453	350	103
PCT7838	ED	143	156	0	0	8	148	122	26
PCT7838	TO	895	648	0	0	47	601	472	129
PCT7839	MV	731	456	0	0	45	411	325	86
PCT7839	ED	130	137	0	0	7	130	109	21
PCT7839	TO	861	593	0	0	52	541	434	107
PCT7841	MV	752	457	0	0	32	425	339	86
PCT7841	ED	198	207	0	0	14	193	162	31
PCT7841	TO	950	664	0	0	46	618	501	117
PCT7842	MV	702	393	0	0	33	360	302	58
PCT7842	ED	177	155	0	0	9	146	125	21
PCT7842	TO	879	548	0	0	42	506	427	79
PCT7843	MV	546	295	0	0	20	275	228	47
PCT7843	ED	183	165	0	0	12	153	128	25
PCT7843	TO	729	460	0	0	32	428	356	72
PCT7844	MV	499	281	0	0	23	258	234	24
PCT7844	ED	152	136	0	0	12	124	111	13
PCT7844	TO	651	417	0	0	35	382	345	37
PCT7845	MV	676	405	0	0	27	378	307	71
PCT7845	ED	204	177	0	0	14	163	127	36
PCT7845	TO	880	582	0	0	41	541	434	107
PCT7846	MV	736	463	0	0	50	413	317	96
PCT7846	ED	172	167	0	0	13	154	125	29
PCT7846	TO	908	630	0	0	63	567	442	125
PCT7847	MV	698	427	0	0	40	387	316	71
PCT7847	ED	193	183	0	0	6	177	142	35
PCT7847	TO	891	610	0	0	46	564	458	106
PCT7848	MV	665	437	0	0	27	410	321	89
PCT7848	ED	182	169	0	0	15	154	123	31
PCT7848	TO	847	606	0	0	42	564	444	120
PCT7849	MV	729	441	0	0	44	397	317	80
PCT7849	ED	172	186	0	0	15	171	147	24
PCT7849	TO	901	627	0	0	59	568	464	104
PCT7851	MV	414	272	0	0	21	251	171	80
PCT7851	ED	112	84	0	0	6	78	53	25
PCT7851	TO	526	356	0	0	27	329	224	105
PCT7852	MV	533	350	0	0	29	321	219	102
PCT7852	ED	111	103	0	0	8	95	69	26
PCT7852	TO	644	453	0	0	37	416	288	128
PCT7853	MV	694	394	0	0	36	358	264	94
PCT7853	ED	161	137	0	0	7	130	100	30
PCT7853	TO	855	531	0	0	43	488	364	124
PCT7854	MV	703	430	0	0	38	392	313	79
PCT7854	ED	175	172	0	0	12	160	129	31
PCT7854	TO	878	602	0	0	50	552	442	110
PCT7855	MV	763	450	0	0	41	409	323	86
PCT7855	ED	211	202	0	0	14	188	155	33
PCT7855	TO	974	652	0	0	55	597	478	119
PCT7856	MV	643	372	0	0	27	345	291	54
PCT7856	ED	204	193	0	0	12	181	151	30
PCT7856	TO	847	565	0	0	39	526	442	84
PCT7857	MV	748	435	0	0	42	393	308	85
PCT7857	ED	158	154	0	0	7	147	130	17
PCT7857	TO	906	589	0	0	49	540	438	102
PCT7858	MV	622	349	0	0	29	320	280	40
PCT7858	ED	157	148	0	0	12	136	117	19
PCT7858	TO	779	497	0	0	41	456	397	59
PCT7859	MV	747	464	0	0	36	428	323	105
PCT7859	ED	152	166	0	0	18	148	112	36
PCT7859	TO	899	630	0	0	54	576	435	141
PCT7861	MV	699	431	0	0	29	402	310	92
PCT7861	ED	164	171	0	0	9	162	129	33
PCT7861	TO	863	602	0	0	38	564	439	125
PCT7862	MV	669	400	0	0	21	379	285	94
PCT7862	ED	195	198	0	0	13	185	153	32
PCT7862	TO	864	598	0	0	34	564	438	126
PCT7863	MV	693	371	0	0	32	339	282	57
PCT7863	ED	208	205	0	0	7	198	160	38
PCT7863	TO	901	576	0	0	39	537	442	95
PCT7864	MV	661	374	0	0	32	342	273	69
PCT7864	ED	153	157	0	0	12	145	123	22
PCT7864	TO	814	531	0	0	44	487	396	91
PCT7865	MV	677	408	0	0	33	375	294	81
PCT7865	ED	163	157	0	0	8	149	120	29
PCT7865	TO	840	565	0	0	41	524	414	110
PCT7866	MV	690	446	0	0	22	424	288	136
PCT7866	ED	158	141	0	0	5	136	87	49
PCT7866	TO	848	587	0	0	27	560	375	185
PCT7867	MV	766	470	0	0	31	439	362	77
PCT7867	ED	212	182	0	0	12	170	138	32
PCT7867	TO	978	652	0	0	43	609	500	109
PCT7868	MV	659	374	0	0	19	355	270	85
PCT7868	ED	217	161	0	0	12	149	121	28
PCT7868	TO	876	535	0	0	31	504	391	113
PCT7869	MV	683	440	0	1	30	409	327	82
PCT7869	ED	178	190	0	0	10	180	151	29
PCT7869	TO	861	630	0	1	40	589	478	111
PCT7871	MV	702	463	0	0	39	424	336	88
PCT7871	ED	200	157	0	0	8	149	117	32
PCT7871	TO	902	620	0	0	47	573	453	120
PCT7872	MV	675	420	0	0	26	394	321	73
PCT7872	ED	199	185	0	0	6	179	136	43
PCT7872	TO	874	605	0	0	32	573	457	116
PCT7873	MV	689	444	0	0	35	409	330	79
PCT7873	ED	202	213	0	0	14	199	165	34
PCT7873	TO	891	657	0	0	49	608	495	113
PCT7874	MV	370	189	0	0	11	178	144	34
PCT7874	ED	119	107	0	0	6	101	82	19
PCT7874	TO	489	296	0	0	17	279	226	53
PCT7875	MV	500	252	0	1	11	240	184	56
PCT7875	ED	147	115	0	0	4	111	84	27
PCT7875	TO	647	367	0	1	15	351	268	83
PCT7876	MV	462	256	0	0	24	232	195	37
PCT7876	ED	106	91	0	0	14	77	67	10
PCT7876	TO	568	347	0	0	38	309	262	47
PCT7901	MV	399	191	0	0	14	177	152	25
PCT7901	ED	150	65	0	0	3	62	55	7
PCT7901	TO	549	256	0	0	17	239	207	32
PCT7902	MV	680	290	0	0	12	278	245	33
PCT7902	ED	232	141	0	0	11	130	113	17
PCT7902	TO	912	431	0	0	23	408	358	50
PCT7903	MV	623	284	0	0	23	261	215	46
PCT7903	ED	229	123	0	0	6	117	104	13
PCT7903	TO	852	407	0	0	29	378	319	59
PCT7904	MV	680	297	0	0	24	273	231	42
PCT7904	ED	157	118	0	1	11	106	94	12
PCT7904	TO	837	415	0	1	35	379	325	54
PCT7905	MV	684	356	0	0	24	332	270	62
PCT7905	ED	191	183	0	0	9	174	157	17
PCT7905	TO	875	539	0	0	33	506	427	79
PCT7906	MV	599	283	0	0	22	261	222	39
PCT7906	ED	187	117	0	0	13	104	91	13
PCT7906	TO	786	400	0	0	35	365	313	52
PCT7907	MV	704	343	0	1	19	323	277	46
PCT7907	ED	238	164	0	0	15	149	131	18
PCT7907	TO	942	507	0	1	34	472	408	64
PCT7908	MV	752	365	0	0	28	337	293	44
PCT7908	ED	240	169	0	0	11	158	143	15
PCT7908	TO	992	534	0	0	39	495	436	59
PCT7909	MV	558	310	0	0	25	285	252	33
PCT7909	ED	185	140	0	0	7	133	117	16
PCT7909	TO	743	450	0	0	32	418	369	49
PCT7911	MV	666	320	0	0	28	292	239	53
PCT7911	ED	205	129	0	0	8	121	103	18
PCT7911	TO	871	449	0	0	36	413	342	71
PCT7912	MV	800	370	0	0	29	341	307	34
PCT7912	ED	259	177	0	1	16	160	143	17
PCT7912	TO	1059	547	0	1	45	501	450	51
PCT7913	MV	660	350	0	0	14	336	291	45
PCT7913	ED	263	214	0	1	10	203	167	36
PCT7913	TO	923	564	0	1	24	539	458	81
PCT7914	MV	715	389	0	0	30	359	296	63
PCT7914	ED	187	142	0	0	15	127	102	25
PCT7914	TO	902	531	0	0	45	486	398	88
PCT7915	MV	605	290	0	0	26	264	223	41
PCT7915	ED	238	181	0	0	5	176	143	33
PCT7915	TO	843	471	0	0	31	440	366	74
PCT7916	MV	639	334	0	0	20	314	271	43
PCT7916	ED	219	161	0	0	9	152	136	16
PCT7916	TO	858	495	0	0	29	466	407	59
PCT7917	MV	716	356	0	0	22	334	291	43
PCT7917	ED	271	187	0	0	10	177	166	11
PCT7917	TO	987	543	0	0	32	511	457	54
PCT7918	MV	597	297	0	0	18	279	244	35
PCT7918	ED	227	144	0	0	9	135	119	16
PCT7918	TO	824	441	0	0	27	414	363	51
PCT7919	MV	608	309	0	0	16	293	253	40
PCT7919	ED	258	176	0	0	8	168	155	13
PCT7919	TO	866	485	0	0	24	461	408	53
PCT7921	MV	682	309	0	0	18	291	249	42
PCT7921	ED	229	102	0	0	5	97	85	12
PCT7921	TO	911	411	0	0	23	388	334	54
PCT7922	MV	648	314	0	0	17	297	254	43
PCT7922	ED	210	155	0	0	9	146	126	20
PCT7922	TO	858	469	0	0	26	443	380	63
PCT7923	MV	666	336	0	0	17	319	251	68
PCT7923	ED	214	171	0	0	9	162	137	25
PCT7923	TO	880	507	0	0	26	481	388	93
PCT7924	MV	649	302	0	0	20	282	232	50
PCT7924	ED	202	124	0	0	7	117	100	17
PCT7924	TO	851	426	0	0	27	399	332	67
PCT7925	MV	434	225	0	0	22	203	167	36
PCT7925	ED	110	89	0	0	2	87	73	14
PCT7925	TO	544	314	0	0	24	290	240	50
PCT7926	MV	610	337	0	0	25	312	257	55
PCT7926	ED	178	150	0	0	5	145	117	28
PCT7926	TO	788	487	0	0	30	457	374	83
PCT7927	MV	580	334	0	0	23	311	254	57
PCT7927	ED	162	153	0	0	5	148	125	23
PCT7927	TO	742	487	0	0	28	459	379	80
PCT7928	MV	700	395	0	0	21	374	320	54
PCT7928	ED	217	208	0	0	2	206	186	20
PCT7928	TO	917	603	0	0	23	580	506	74
PCT7929	MV	678	422	0	0	22	400	344	56
PCT7929	ED	169	171	0	0	10	161	140	21
PCT7929	TO	847	593	0	0	32	561	484	77
PCT7931	MV	610	376	0	1	32	343	284	59
PCT7931	ED	141	150	0	0	8	142	121	21
PCT7931	TO	751	526	0	1	40	485	405	80
PCT7932	MV	443	277	0	0	26	251	194	57
PCT7932	ED	118	96	0	0	5	91	73	18
PCT7932	TO	561	373	0	0	31	342	267	75
PCT7933	MV	9	6	0	0	0	6	4	2
PCT7933	ED	-1	0	0	0	0	0	0	0
PCT7933	TO	8	6	0	0	0	6	4	2
PCT7934	MV	702	408	0	0	29	379	335	44
PCT7934	ED	182	155	0	0	12	143	124	19
PCT7934	TO	884	563	0	0	41	522	459	63
PCT7935	MV	716	435	0	0	32	403	334	69
PCT7935	ED	227	225	0	0	16	209	182	27
PCT7935	TO	943	660	0	0	48	612	516	96
PCT7936	MV	620	369	0	0	28	341	277	64
PCT7936	ED	236	220	0	0	9	211	182	29
PCT7936	TO	856	589	0	0	37	552	459	93
PCT7937	MV	698	406	0	0	28	378	303	75
PCT7937	ED	202	171	0	0	10	161	138	23
PCT7937	TO	900	577	0	0	38	539	441	98
PCT7938	MV	536	301	0	0	14	287	233	54
PCT7938	ED	215	121	0	0	6	115	97	18
PCT7938	TO	751	422	0	0	20	402	330	72
PCT7939	MV	481	289	0	0	30	259	222	37
PCT7939	ED	205	191	0	0	12	179	153	26
PCT7939	TO	686	480	0	0	42	438	375	63
PCT7941	MV	576	304	0	0	29	275	217	58
PCT7941	ED	196	171	0	0	12	159	125	34
PCT7941	TO	772	475	0	0	41	434	342	92
PCT7942	MV	658	330	0	0	19	311	245	66
PCT7942	ED	274	141	0	0	9	132	112	20
PCT7942	TO	932	471	0	0	28	443	357	86
PCT7943	MV	687	367	0	0	20	347	264	83
PCT7943	ED	213	156	0	0	9	147	109	38
PCT7943	TO	900	523	0	0	29	494	373	121
PCT7944	MV	584	340	0	0	29	311	268	43
PCT7944	ED	230	196	0	0	13	183	155	28
PCT7944	TO	814	536	0	0	42	494	423	71
PCT7945	MV	726	337	0	0	23	314	252	62
PCT7945	ED	228	83	0	0	5	78	67	11
PCT7945	TO	954	420	0	0	28	392	319	73
PCT7946	MV	779	365	0	0	16	349	219	130
PCT7946	ED	206	115	0	0	8	107	83	24
PCT7946	TO	985	480	0	0	24	456	302	154
PCT7947	MV	792	332	0	0	24	308	180	128
PCT7947	ED	194	94	0	0	3	91	69	22
PCT7947	TO	986	426	0	0	27	399	249	150
PCT7948	MV	730	373	0	0	26	347	202	145
PCT7948	ED	200	119	0	0	5	114	81	33
PCT7948	TO	930	492	0	0	31	461	283	178
PCT7949	MV	484	233	0	0	13	220	122	98
PCT7949	ED	106	56	0	0	7	49	32	17
PCT7949	TO	590	289	0	0	20	269	154	115
PCT7951	MV	731	365	0	0	26	339	174	165
PCT7951	ED	156	90	0	0	4	86	54	32
PCT7951	TO	887	455	0	0	30	425	228	197
PCT7952	MV	730	292	0	0	20	272	156	116
PCT7952	ED	182	86	0	0	6	80	48	32
PCT7952	TO	912	378	0	0	26	352	204	148
PCT7953	MV	669	331	0	0	19	312	173	139
PCT7953	ED	161	106	0	0	7	99	62	37
PCT7953	TO	830	437	0	0	26	411	235	176
PCT7955	MV	774	350	0	0	23	327	185	142
PCT7955	ED	173	98	0	0	10	88	53	35
PCT7955	TO	947	448	0	0	33	415	238	177
PCT7956	MV	699	266	0	0	10	256	155	101
PCT7956	ED	170	39	0	0	2	37	28	9
PCT7956	TO	869	305	0	0	12	293	183	110
PCT7957	MV	538	261	0	0	18	243	172	71
PCT7957	ED	135	85	0	0	6	79	61	18
PCT7957	TO	673	346	0	0	24	322	233	89
PCT7958	MV	320	104	0	0	7	97	71	26
PCT7958	ED	-23	0	0	0	0	0	0	0
PCT7958	TO	297	104	0	0	7	97	71	26
PCT7959	MV	541	230	0	0	23	207	184	23
PCT7959	ED	145	68	0	0	5	63	58	5
PCT7959	TO	686	298	0	0	28	270	242	28
PCT9001	MV	314	100	0	0	2	98	75	23
PCT9001	ED	-30	0	0	0	0	0	0	0
PCT9001	TO	284	100	0	0	2	98	75	23
PCT9101	MV	712	377	0	3	24	350	244	106
PCT9101	ED	201	193	0	0	11	182	131	51
PCT9101	TO	913	570	0	3	35	532	375	157
PCT9102	MV	788	393	0	0	30	363	267	96
PCT9102	ED	204	173	0	0	14	159	120	39
PCT9102	TO	992	566	0	0	44	522	387	135
PCT9103	MV	719	381	0	0	40	341	253	88
PCT9103	ED	238	190	0	0	16	174	119	55
PCT9103	TO	957	571	0	0	56	515	372	143
PCT9104	MV	810	381	0	0	32	349	248	101
PCT9104	ED	220	178	0	0	12	166	131	35
PCT9104	TO	1030	559	0	0	44	515	379	136
PCT9105	MV	719	413	0	0	27	386	262	124
PCT9105	ED	199	221	0	0	23	198	150	48
PCT9105	TO	918	634	0	0	50	584	412	172
PCT9106	MV	748	397	0	0	31	366	274	92
PCT9106	ED	198	223	0	0	20	203	156	47
PCT9106	TO	946	620	0	0	51	569	430	139
PCT9107	MV	636	305	0	0	29	276	208	68
PCT9107	ED	208	165	0	0	14	151	119	32
PCT9107	TO	844	470	0	0	43	427	327	100
PCT9108	MV	610	336	0	0	28	308	235	73
PCT9108	ED	200	140	0	0	7	133	105	28
PCT9108	TO	810	476	0	0	35	441	340	101
PCT9109	MV	672	300	0	0	26	274	201	73
PCT9109	ED	211	196	0	0	10	186	148	38
PCT9109	TO	883	496	0	0	36	460	349	111
PCT9111	MV	639	316	0	0	28	288	200	88
PCT9111	ED	195	169	0	0	17	152	124	28
PCT9111	TO	834	485	0	0	45	440	324	116
PCT9112	MV	742	351	0	0	26	325	251	74
PCT9112	ED	219	204	0	0	11	193	150	43
PCT9112	TO	961	555	0	0	37	518	401	117
PCT9113	MV	796	371	0	0	34	337	250	87
PCT9113	ED	208	241	0	0	19	222	168	54
PCT9113	TO	1004	612	0	0	53	559	418	141
PCT9114	MV	659	290	0	0	23	267	202	65
PCT9114	ED	231	182	0	0	12	170	141	29
PCT9114	TO	890	472	0	0	35	437	343	94
PCT9115	MV	699	322	0	0	28	294	226	68
PCT9115	ED	182	179	0	0	18	161	138	23
PCT9115	TO	881	501	0	0	46	455	364	91
PCT9116	MV	782	345	0	0	24	321	236	85
PCT9116	ED	179	174	0	0	15	159	122	37
PCT9116	TO	961	519	0	0	39	480	358	122
PCT9117	MV	629	326	0	0	22	304	214	90
PCT9117	ED	171	195	0	0	10	185	133	52
PCT9117	TO	800	521	0	0	32	489	347	142
PCT9118	MV	742	340	0	0	29	311	206	105
PCT9118	ED	242	223	0	0	18	205	150	55
PCT9118	TO	984	563	0	0	47	516	356	160
PCT9119	MV	703	387	0	0	29	358	237	121
PCT9119	ED	197	156	0	0	14	142	118	24
PCT9119	TO	900	543	0	0	43	500	355	145
PCT9121	MV	735	335	0	0	18	317	221	96
PCT9121	ED	218	184	0	0	10	174	117	57
PCT9121	TO	953	519	0	0	28	491	338	153
PCT9122	MV	775	364	0	0	26	338	226	112
PCT9122	ED	192	160	0	0	20	140	109	31
PCT9122	TO	967	524	0	0	46	478	335	143
PCT9123	MV	661	319	0	0	19	300	199	101
PCT9123	ED	191	187	0	0	17	170	136	34
PCT9123	TO	852	506	0	0	36	470	335	135
PCT9124	MV	736	351	0	0	21	330	212	118
PCT9124	ED	167	159	0	0	10	149	121	28
PCT9124	TO	903	510	0	0	31	479	333	146
PCT9125	MV	681	358	0	0	21	337	244	93
PCT9125	ED	188	152	0	0	12	140	111	29
PCT9125	TO	869	510	0	0	33	477	355	122
PCT9126	MV	819	385	0	0	27	358	223	135
PCT9126	ED	194	200	0	0	13	187	146	41
PCT9126	TO	1013	585	0	0	40	545	369	176
PCT9127	MV	748	380	0	0	35	345	264	81
PCT9127	ED	223	220	0	0	11	209	157	52
PCT9127	TO	971	600	0	0	46	554	421	133
PCT9128	MV	628	333	0	0	29	304	212	92
PCT9128	ED	190	195	0	0	14	181	142	39
PCT9128	TO	818	528	0	0	43	485	354	131
PCT9129	MV	587	271	0	0	14	257	186	71
PCT9129	ED	151	153	0	0	7	146	120	26
PCT9129	TO	738	424	0	0	21	403	306	97
PCT9131	MV	596	285	0	0	15	270	184	86
PCT9131	ED	138	152	0	0	8	144	106	38
PCT9131	TO	734	437	0	0	23	414	290	124
PCT9132	MV	627	262	0	1	24	237	191	46
PCT9132	ED	194	172	0	0	18	154	124	30
PCT9132	TO	821	434	0	1	42	391	315	76
PCT9133	MV	808	381	0	0	21	360	278	82
PCT9133	ED	209	211	0	0	14	197	154	43
PCT9133	TO	1017	592	0	0	35	557	432	125
PCT9134	MV	736	327	0	0	26	301	211	90
PCT9134	ED	155	103	0	0	5	98	74	24
PCT9134	TO	891	430	0	0	31	399	285	114
PCT9135	MV	640	304	0	0	20	284	194	90
PCT9135	ED	182	154	0	0	11	143	96	47
PCT9135	TO	822	458	0	0	31	427	290	137
PCT9136	MV	706	368	0	0	33	335	238	97
PCT9136	ED	212	162	0	0	13	149	119	30
PCT9136	TO	918	530	0	0	46	484	357	127
PCT9137	MV	806	387	0	0	28	359	257	102
PCT9137	ED	209	175	0	0	14	161	129	32
PCT9137	TO	1015	562	0	0	42	520	386	134
PCT9138	MV	770	398	0	0	22	376	273	103
PCT9138	ED	175	149	0	0	9	140	103	37
PCT9138	TO	945	547	0	0	31	516	376	140
PCT9139	MV	828	422	0	1	34	387	259	128
PCT9139	ED	190	174	0	0	15	159	116	43
PCT9139	TO	1018	596	0	1	49	546	375	171
PCT9141	MV	789	418	0	0	38	380	251	129
PCT9141	ED	184	172	0	0	13	159	117	42
PCT9141	TO	973	590	0	0	51	539	368	171
PCT9142	MV	747	364	0	0	22	342	252	90
PCT9142	ED	239	204	0	0	23	181	144	37
PCT9142	TO	986	568	0	0	45	523	396	127
PCT9143	MV	705	359	0	0	21	338	218	120
PCT9143	ED	209	170	0	0	9	161	119	42
PCT9143	TO	914	529	0	0	30	499	337	162
PCT9144	MV	767	376	0	0	22	354	245	109
PCT9144	ED	203	213	0	0	13	200	162	38
PCT9144	TO	970	589	0	0	35	554	407	147
PCT9145	MV	681	334	0	0	21	313	236	77
PCT9145	ED	194	176	0	0	11	165	127	38
PCT9145	TO	875	510	0	0	32	478	363	115
PCT9146	MV	725	353	0	0	29	324	247	77
PCT9146	ED	160	189	0	0	20	169	134	35
PCT9146	TO	885	542	0	0	49	493	381	112
PCT9147	MV	765	373	0	1	28	344	263	81
PCT9147	ED	225	208	0	0	17	191	150	41
PCT9147	TO	990	581	0	1	45	535	413	122
PCT9148	MV	779	397	0	0	31	366	279	87
PCT9148	ED	235	226	0	0	17	209	166	43
PCT9148	TO	1014	623	0	0	48	575	445	130
PCT9149	MV	813	384	0	0	28	356	272	84
PCT9149	ED	178	248	0	0	13	235	194	41
PCT9149	TO	991	632	0	0	41	591	466	125
PCT9151	MV	693	351	0	0	34	317	239	78
PCT9151	ED	168	114	0	0	5	109	83	26
PCT9151	TO	861	465	0	0	39	426	322	104
PCT9152	MV	550	196	0	0	12	184	146	38
PCT9152	ED	187	142	0	0	9	133	115	18
PCT9152	TO	737	338	0	0	21	317	261	56
PCT9201	MV	785	357	0	0	31	326	282	44
PCT9201	ED	186	226	0	0	16	210	181	29
PCT9201	TO	971	583	0	0	47	536	463	73
PCT9202	MV	819	368	0	1	39	328	254	74
PCT9202	ED	177	223	0	0	15	208	173	35
PCT9202	TO	996	591	0	1	54	536	427	109
PCT9203	MV	847	373	0	0	55	318	208	110
PCT9203	ED	155	188	0	0	23	165	106	59
PCT9203	TO	1002	561	0	0	78	483	314	169
PCT9204	MV	686	309	0	0	34	275	176	99
PCT9204	ED	176	195	0	0	28	167	119	48
PCT9204	TO	862	504	0	0	62	442	295	147
PCT9205	MV	621	288	0	0	37	251	181	70
PCT9205	ED	115	150	0	0	20	130	85	45
PCT9205	TO	736	438	0	0	57	381	266	115
PCT9206	MV	741	350	0	0	36	314	178	136
PCT9206	ED	188	194	0	0	33	161	91	70
PCT9206	TO	929	544	0	0	69	475	269	206
PCT9207	MV	824	369	0	1	32	336	220	116
PCT9207	ED	165	192	0	0	12	180	120	60
PCT9207	TO	989	561	0	1	44	516	340	176
PCT9208	MV	808	357	0	0	34	323	222	101
PCT9208	ED	179	179	0	0	17	162	112	50
PCT9208	TO	987	536	0	0	51	485	334	151
PCT9209	MV	615	275	0	0	28	247	155	92
PCT9209	ED	156	170	0	0	29	141	89	52
PCT9209	TO	771	445	0	0	57	388	244	144
PCT9211	MV	730	314	0	0	35	279	165	114
PCT9211	ED	161	154	0	0	18	136	93	43
PCT9211	TO	891	468	0	0	53	415	258	157
PCT9212	MV	671	284	0	1	26	257	176	81
PCT9212	ED	137	170	0	1	34	135	90	45
PCT9212	TO	808	454	0	2	60	392	266	126
PCT9213	MV	776	349	0	0	44	305	219	86
PCT9213	ED	161	195	0	0	24	171	122	49
PCT9213	TO	937	544	0	0	68	476	341	135
PCT9214	MV	517	236	0	0	19	217	146	71
PCT9214	ED	110	135	0	0	21	114	73	41
PCT9214	TO	627	371	0	0	40	331	219	112
PCT9215	MV	524	246	0	0	17	229	142	87
PCT9215	ED	120	131	0	1	14	116	77	39
PCT9215	TO	644	377	0	1	31	345	219	126
PCT9216	MV	669	264	0	0	34	230	153	77
PCT9216	ED	155	172	0	0	17	155	111	44
PCT9216	TO	824	436	0	0	51	385	264	121
PCT9217	MV	588	268	0	0	16	252	170	82
PCT9217	ED	117	133	0	0	6	127	88	39
PCT9217	TO	705	401	0	0	22	379	258	121
PCT9218	MV	652	278	0	1	26	251	158	93
PCT9218	ED	164	158	0	0	13	145	105	40
PCT9218	TO	816	436	0	1	39	396	263	133
PCT9219	MV	646	288	0	0	33	255	192	63
PCT9219	ED	144	168	0	0	19	149	113	36
PCT9219	TO	790	456	0	0	52	404	305	99
PCT9221	MV	562	322	0	0	26	296	174	122
PCT9221	ED	89	140	0	0	12	128	97	31
PCT9221	TO	651	462	0	0	38	424	271	153
PCT9222	MV	773	373	0	0	37	336	213	123
PCT9222	ED	137	174	0	0	22	152	109	43
PCT9222	TO	910	547	0	0	59	488	322	166
PCT9223	MV	558	266	0	0	18	248	163	85
PCT9223	ED	109	113	0	0	9	104	64	40
PCT9223	TO	667	379	0	0	27	352	227	125
PCT9224	MV	768	380	0	0	36	344	240	104
PCT9224	ED	181	166	0	0	17	149	108	41
PCT9224	TO	949	546	0	0	53	493	348	145
PCT9225	MV	757	303	0	0	32	271	183	88
PCT9225	ED	169	219	0	0	24	195	149	46
PCT9225	TO	926	522	0	0	56	466	332	134
PCT9226	MV	741	355	0	0	45	310	239	71
PCT9226	ED	155	148	0	0	12	136	103	33
PCT9226	TO	896	503	0	0	57	446	342	104
PCT9227	MV	605	371	0	0	28	343	237	106
PCT9227	ED	124	149	0	0	5	144	102	42
PCT9227	TO	729	520	0	0	33	487	339	148
PCT9228	MV	578	314	0	0	29	285	194	91
PCT9228	ED	160	179	0	0	11	168	125	43
PCT9228	TO	738	493	0	0	40	453	319	134
PCT9229	MV	460	257	0	0	18	239	175	64
PCT9229	ED	119	122	0	0	13	109	77	32
PCT9229	TO	579	379	0	0	31	348	252	96
PCT9231	MV	726	352	0	0	27	325	253	72
PCT9231	ED	236	255	0	0	27	228	171	57
PCT9231	TO	962	607	0	0	54	553	424	129
PCT9232	MV	608	293	0	1	24	268	184	84
PCT9232	ED	126	155	0	0	14	141	96	45
PCT9232	TO	734	448	0	1	38	409	280	129
PCT9233	MV	668	330	0	0	35	295	195	100
PCT9233	ED	150	186	0	0	25	161	121	40
PCT9233	TO	818	516	0	0	60	456	316	140
PCT9234	MV	643	319	0	0	20	299	204	95
PCT9234	ED	91	144	0	0	21	123	94	29
PCT9234	TO	734	463	0	0	41	422	298	124
PCT9235	MV	703	365	0	0	35	330	208	122
PCT9235	ED	160	194	0	0	15	179	127	52
PCT9235	TO	863	559	0	0	50	509	335	174
PCT9236	MV	537	282	0	0	23	259	183	76
PCT9236	ED	136	137	0	0	21	116	85	31
PCT9236	TO	673	419	0	0	44	375	268	107
PCT9237	MV	779	395	0	0	33	362	261	101
PCT9237	ED	118	182	0	0	16	166	123	43
PCT9237	TO	897	577	0	0	49	528	384	144
PCT9238	MV	687	330	0	0	38	292	195	97
PCT9238	ED	118	174	0	0	23	151	110	41
PCT9238	TO	805	504	0	0	61	443	305	138
PCT9239	MV	740	390	0	0	48	342	236	106
PCT9239	ED	124	157	0	0	20	137	100	37
PCT9239	TO	864	547	0	0	68	479	336	143
PCT9241	MV	819	403	0	0	39	364	250	114
PCT9241	ED	141	195	0	0	18	177	139	38
PCT9241	TO	960	598	0	0	57	541	389	152
PCT9242	MV	771	348	0	0	40	308	231	77
PCT9242	ED	172	213	0	0	26	187	145	42
PCT9242	TO	943	561	0	0	66	495	376	119
PCT9243	MV	480	241	0	0	23	218	162	56
PCT9243	ED	123	138	0	0	17	121	95	26
PCT9243	TO	603	379	0	0	40	339	257	82
PCT9244	MV	756	394	0	0	49	345	273	72
PCT9244	ED	154	182	0	0	14	168	134	34
PCT9244	TO	910	576	0	0	63	513	407	106
PCT9245	MV	616	300	0	0	36	264	189	75
PCT9245	ED	98	127	0	0	11	116	84	32
PCT9245	TO	714	427	0	0	47	380	273	107
PCT9246	MV	815	430	0	0	38	392	280	112
PCT9246	ED	155	194	0	0	23	171	139	32
PCT9246	TO	970	624	0	0	61	563	419	144
PCT9247	MV	764	380	0	1	30	349	248	101
PCT9247	ED	148	204	0	0	24	180	138	42
PCT9247	TO	912	584	0	1	54	529	386	143
PCT9248	MV	757	358	0	0	34	324	266	58
PCT9248	ED	150	190	0	0	16	174	145	29
PCT9248	TO	907	548	0	0	50	498	411	87
PCT9249	MV	724	379	0	0	34	345	267	78
PCT9249	ED	191	213	0	0	18	195	147	48
PCT9249	TO	915	592	0	0	52	540	414	126
PCT9251	MV	792	392	0	0	35	357	263	94
PCT9251	ED	174	235	0	0	20	215	161	54
PCT9251	TO	966	627	0	0	55	572	424	148
PCT9252	MV	811	381	0	0	39	342	230	112
PCT9252	ED	142	175	0	0	13	162	119	43
PCT9252	TO	953	556	0	0	52	504	349	155
PCT9253	MV	599	300	0	0	19	281	195	86
PCT9253	ED	162	148	0	0	15	133	104	29
PCT9253	TO	761	448	0	0	34	414	299	115
PCT9254	MV	758	414	0	1	41	372	288	84
PCT9254	ED	163	181	0	0	21	160	118	42
PCT9254	TO	921	595	0	1	62	532	406	126
PCT9255	MV	436	196	0	0	21	175	135	40
PCT9255	ED	114	133	0	0	13	120	99	21
PCT9255	TO	550	329	0	0	34	295	234	61
PCT9256	MV	367	169	0	0	16	153	123	30
PCT9256	ED	95	114	0	0	9	105	79	26
PCT9256	TO	462	283	0	0	25	258	202	56
PCT9257	MV	359	161	0	0	18	143	116	27
PCT9257	ED	-39	6	0	0	2	4	4	0
PCT9257	TO	320	167	0	0	20	147	120	27
PCT9258	MV	583	306	0	0	31	275	199	76
PCT9258	ED	120	145	0	0	10	135	114	21
PCT9258	TO	703	451	0	0	41	410	313	97
PCT9401	MV	796	358	0	0	19	339	270	69
PCT9401	ED	242	177	0	0	10	167	144	23
PCT9401	TO	1038	535	0	0	29	506	414	92
PCT9402	MV	775	377	0	0	21	356	259	97
PCT9402	ED	242	159	0	0	11	148	114	34
PCT9402	TO	1017	536	0	0	32	504	373	131
PCT9403	MV	731	346	0	0	15	331	226	105
PCT9403	ED	190	126	0	0	6	120	101	19
PCT9403	TO	921	472	0	0	21	451	327	124
PCT9404	MV	753	345	0	0	23	322	209	113
PCT9404	ED	191	155	0	0	10	145	105	40
PCT9404	TO	944	500	0	0	33	467	314	153
PCT9405	MV	629	276	0	0	24	252	164	88
PCT9405	ED	151	104	0	0	4	100	64	36
PCT9405	TO	780	380	0	0	28	352	228	124
PCT9406	MV	695	327	0	0	18	309	211	98
PCT9406	ED	188	152	0	0	12	140	94	46
PCT9406	TO	883	479	0	0	30	449	305	144
PCT9407	MV	712	368	0	0	24	344	261	83
PCT9407	ED	201	132	0	1	10	121	93	28
PCT9407	TO	913	500	0	1	34	465	354	111
PCT9408	MV	711	321	0	0	24	297	235	62
PCT9408	ED	152	126	0	0	11	115	91	24
PCT9408	TO	863	447	0	0	35	412	326	86
PCT9409	MV	443	226	0	0	23	203	161	42
PCT9409	ED	158	127	0	0	3	124	106	18
PCT9409	TO	601	353	0	0	26	327	267	60
PCT9411	MV	816	376	0	0	28	348	275	73
PCT9411	ED	191	135	0	0	6	129	100	29
PCT9411	TO	1007	511	0	0	34	477	375	102
PCT9412	MV	668	339	0	0	26	313	200	113
PCT9412	ED	202	139	0	0	7	132	108	24
PCT9412	TO	870	478	0	0	33	445	308	137
PCT9413	MV	757	375	0	0	37	338	222	116
PCT9413	ED	179	127	0	0	9	118	88	30
PCT9413	TO	936	502	0	0	46	456	310	146
PCT9414	MV	734	360	0	0	23	337	214	123
PCT9414	ED	186	108	0	0	5	103	78	25
PCT9414	TO	920	468	0	0	28	440	292	148
PCT9415	MV	634	314	0	0	18	296	196	100
PCT9415	ED	154	98	0	0	4	94	70	24
PCT9415	TO	788	412	0	0	22	390	266	124
PCT9416	MV	769	391	0	0	34	357	240	117
PCT9416	ED	230	143	0	1	5	137	101	36
PCT9416	TO	999	534	0	1	39	494	341	153
PCT9417	MV	629	321	0	0	20	301	179	122
PCT9417	ED	145	110	0	0	3	107	78	29
PCT9417	TO	774	431	0	0	23	408	257	151
PCT9418	MV	631	310	0	0	25	285	169	116
PCT9418	ED	188	122	0	0	7	115	69	46
PCT9418	TO	819	432	0	0	32	400	238	162
PCT9419	MV	736	369	0	0	36	333	189	144
PCT9419	ED	173	108	0	0	5	103	64	39
PCT9419	TO	909	477	0	0	41	436	253	183
PCT9421	MV	752	338	0	0	25	313	173	140
PCT9421	ED	173	112	0	0	5	107	72	35
PCT9421	TO	925	450	0	0	30	420	245	175
PCT9422	MV	831	412	0	0	29	383	252	131
PCT9422	ED	270	148	0	0	11	137	105	32
PCT9422	TO	1101	560	0	0	40	520	357	163
PCT9423	MV	714	316	0	1	31	284	184	100
PCT9423	ED	190	121	0	0	8	113	86	27
PCT9423	TO	904	437	0	1	39	397	270	127
PCT9424	MV	799	384	0	0	27	357	225	132
PCT9424	ED	210	116	0	0	7	109	79	30
PCT9424	TO	1009	500	0	0	34	466	304	162
PCT9425	MV	789	346	0	0	32	314	196	118
PCT9425	ED	187	115	0	0	7	108	76	32
PCT9425	TO	976	461	0	0	39	422	272	150
PCT9426	MV	697	323	0	0	22	301	162	139
PCT9426	ED	156	104	0	0	8	96	57	39
PCT9426	TO	853	427	0	0	30	397	219	178
PCT9427	MV	799	381	0	0	24	357	196	161
PCT9427	ED	188	115	0	0	14	101	61	40
PCT9427	TO	987	496	0	0	38	458	257	201
PCT9428	MV	811	351	0	0	33	318	196	122
PCT9428	ED	179	115	0	0	6	109	82	27
PCT9428	TO	990	466	0	0	39	427	278	149
PCT9429	MV	709	343	0	0	22	321	170	151
PCT9429	ED	197	124	0	0	9	115	74	41
PCT9429	TO	906	467	0	0	31	436	244	192
PCT9431	MV	832	411	0	1	32	378	208	170
PCT9431	ED	204	125	0	0	5	120	82	38
PCT9431	TO	1036	536	0	1	37	498	290	208
PCT9432	MV	743	358	0	1	31	326	197	129
PCT9432	ED	215	118	0	0	7	111	82	29
PCT9432	TO	958	476	0	1	38	437	279	158
PCT9433	MV	794	373	0	0	33	340	197	143
PCT9433	ED	164	95	0	0	4	91	57	34
PCT9433	TO	958	468	0	0	37	431	254	177
PCT9434	MV	785	387	0	0	34	353	235	118
PCT9434	ED	227	163	0	0	20	143	100	43
PCT9434	TO	1012	550	0	0	54	496	335	161
PCT9435	MV	779	366	0	0	27	339	196	143
PCT9435	ED	225	158	0	0	6	152	100	52
PCT9435	TO	1004	524	0	0	33	491	296	195
PCT9436	MV	842	386	0	0	25	361	224	137
PCT9436	ED	226	129	0	0	8	121	86	35
PCT9436	TO	1068	515	0	0	33	482	310	172
PCT9437	MV	736	376	0	1	23	352	213	139
PCT9437	ED	191	130	0	0	4	126	84	42
PCT9437	TO	927	506	0	1	27	478	297	181
PCT9438	MV	837	416	0	0	31	385	226	159
PCT9438	ED	152	84	0	0	5	79	53	26
PCT9438	TO	989	500	0	0	36	464	279	185
PCT9439	MV	718	343	0	0	24	319	188	131
PCT9439	ED	199	112	0	0	10	102	66	36
PCT9439	TO	917	455	0	0	34	421	254	167
PCT9441	MV	778	396	0	0	23	373	238	135
PCT9441	ED	193	125	0	0	13	112	78	34
PCT9441	TO	971	521	0	0	36	485	316	169
PCT9442	MV	830	378	0	0	32	346	204	142
PCT9442	ED	210	159	0	0	8	151	106	45
PCT9442	TO	1040	537	0	0	40	497	310	187
PCT9443	MV	759	362	0	0	23	339	222	117
PCT9443	ED	196	109	0	0	2	107	78	29
PCT9443	TO	955	471	0	0	25	446	300	146
PCT9444	MV	768	340	0	0	16	324	191	133
PCT9444	ED	197	94	0	0	9	85	61	24
PCT9444	TO	965	434	0	0	25	409	252	157
PCT9445	MV	829	405	0	0	29	376	243	133
PCT9445	ED	167	114	0	0	6	108	77	31
PCT9445	TO	996	519	0	0	35	484	320	164
PCT9446	MV	900	465	0	0	40	425	245	180
PCT9446	ED	216	146	0	0	10	136	99	37
PCT9446	TO	1116	611	0	0	50	561	344	217
PCT9447	MV	729	392	0	0	29	363	217	146
PCT9447	ED	192	146	0	0	12	134	92	42
PCT9447	TO	921	538	0	0	41	497	309	188
PCT9448	MV	742	346	0	0	20	326	197	129
PCT9448	ED	198	128	0	0	8	120	95	25
PCT9448	TO	940	474	0	0	28	446	292	154
PCT9449	MV	719	340	0	0	20	320	182	138
PCT9449	ED	162	98	0	0	5	93	64	29
PCT9449	TO	881	438	0	0	25	413	246	167
PCT9451	MV	353	178	0	0	10	168	87	81
PCT9451	ED	88	55	0	0	3	52	34	18
PCT9451	TO	441	233	0	0	13	220	121	99
PCT9452	MV	647	334	0	0	27	307	181	126
PCT9452	ED	195	134	0	0	10	124	69	55
PCT9452	TO	842	468	0	0	37	431	250	181
PCT9453	MV	409	217	0	0	17	200	113	87
PCT9453	ED	115	70	0	0	6	64	38	26
PCT9453	TO	524	287	0	0	23	264	151	113
PCT9501	MV	158	92	0	1	12	79	62	17
PCT9501	ED	-8	2	0	0	0	2	2	0
PCT9501	TO	150	94	0	1	12	81	64	17
PCT9502	MV	294	136	0	0	13	123	98	25
PCT9502	ED	-43	2	0	0	0	2	1	1
PCT9502	TO	251	138	0	0	13	125	99	26
PCT9503	MV	550	260	0	0	34	226	197	29
PCT9503	ED	150	83	0	0	5	78	72	6
PCT9503	TO	700	343	0	0	39	304	269	35
PCT9505	MV	589	296	0	0	25	271	213	58
PCT9505	ED	176	113	0	0	6	107	89	18
PCT9505	TO	765	409	0	0	31	378	302	76
PCT9506	MV	547	232	0	0	18	214	180	34
PCT9506	ED	207	132	0	0	11	121	110	11
PCT9506	TO	754	364	0	0	29	335	290	45
PCT9507	MV	556	305	0	0	17	288	244	44
PCT9507	ED	160	155	0	0	15	140	120	20
PCT9507	TO	716	460	0	0	32	428	364	64
PCT9508	MV	632	317	0	0	21	296	259	37
PCT9508	ED	148	141	0	0	10	131	114	17
PCT9508	TO	780	458	0	0	31	427	373	54
PCT9509	MV	585	296	0	0	24	272	223	49
PCT9509	ED	142	134	0	0	7	127	114	13
PCT9509	TO	727	430	0	0	31	399	337	62
PCT9511	MV	458	240	0	0	18	222	185	37
PCT9511	ED	176	122	0	0	5	117	96	21
PCT9511	TO	634	362	0	0	23	339	281	58
PCT9512	MV	617	327	0	0	20	307	259	48
PCT9512	ED	160	136	0	0	6	130	112	18
PCT9512	TO	777	463	0	0	26	437	371	66
PCT9513	MV	686	334	0	0	25	309	275	34
PCT9513	ED	191	133	0	0	6	127	116	11
PCT9513	TO	877	467	0	0	31	436	391	45
PCT9514	MV	713	352	0	0	33	319	270	49
PCT9514	ED	183	172	0	0	11	161	135	26
PCT9514	TO	896	524	0	0	44	480	405	75
PCT9515	MV	543	304	0	0	22	282	221	61
PCT9515	ED	169	135	0	0	16	119	86	33
PCT9515	TO	712	439	0	0	38	401	307	94
PCT9516	MV	705	366	0	0	29	337	257	80
PCT9516	ED	184	158	0	0	10	148	112	36
PCT9516	TO	889	524	0	0	39	485	369	116
PCT9517	MV	626	335	0	0	29	306	250	56
PCT9517	ED	162	137	0	0	16	121	109	12
PCT9517	TO	788	472	0	0	45	427	359	68
PCT9518	MV	642	315	0	0	26	289	240	49
PCT9518	ED	146	149	0	0	9	140	114	26
PCT9518	TO	788	464	0	0	35	429	354	75
PCT9519	MV	693	368	0	0	21	347	288	59
PCT9519	ED	198	170	0	0	9	161	129	32
PCT9519	TO	891	538	0	0	30	508	417	91
PCT9521	MV	687	352	0	0	33	319	269	50
PCT9521	ED	214	193	0	0	18	175	151	24
PCT9521	TO	901	545	0	0	51	494	420	74
PCT9701	MV	498	269	0	0	21	248	178	70
PCT9701	ED	156	135	0	0	8	127	102	25
PCT9701	TO	654	404	0	0	29	375	280	95
PCT9702	MV	554	305	0	0	17	288	212	76
PCT9702	ED	166	148	0	0	6	142	119	23
PCT9702	TO	720	453	0	0	23	430	331	99
PCT9703	MV	809	403	0	0	39	364	220	144
PCT9703	ED	182	143	0	0	8	135	98	37
PCT9703	TO	991	546	0	0	47	499	318	181
PCT9704	MV	760	422	0	0	33	389	267	122
PCT9704	ED	199	197	0	0	10	187	136	51
PCT9704	TO	959	619	0	0	43	576	403	173
PCT9705	MV	754	421	0	0	31	390	291	99
PCT9705	ED	175	144	0	0	14	130	107	23
PCT9705	TO	929	565	0	0	45	520	398	122
PCT9706	MV	57	34	0	0	2	32	29	3
PCT9706	ED	-8	0	0	0	0	0	0	0
PCT9706	TO	49	34	0	0	2	32	29	3
PCT9707	MV	687	358	0	0	21	337	197	140
PCT9707	ED	139	102	0	0	8	94	62	32
PCT9707	TO	826	460	0	0	29	431	259	172
PCT9708	MV	786	429	0	0	40	389	290	99
PCT9708	ED	175	158	0	0	9	149	113	36
PCT9708	TO	961	587	0	0	49	538	403	135
PCT9709	MV	831	427	0	0	39	388	250	138
PCT9709	ED	209	181	0	0	6	175	121	54
PCT9709	TO	1040	608	0	0	45	563	371	192
PCT9711	MV	502	307	0	0	25	282	199	83
PCT9711	ED	144	139	0	0	8	131	90	41
PCT9711	TO	646	446	0	0	33	413	289	124
PCT9712	MV	534	335	0	0	26	309	199	110
PCT9712	ED	127	117	0	0	0	117	76	41
PCT9712	TO	661	452	0	0	26	426	275	151
PCT9713	MV	747	389	0	0	22	367	205	162
PCT9713	ED	203	137	0	0	6	131	90	41
PCT9713	TO	950	526	0	0	28	498	295	203
PCT9714	MV	795	446	0	0	33	413	254	159
PCT9714	ED	156	133	0	0	3	130	88	42
PCT9714	TO	951	579	0	0	36	543	342	201
PCT9715	MV	449	241	0	1	15	225	148	77
PCT9715	ED	130	134	0	0	4	130	98	32
PCT9715	TO	579	375	0	1	19	355	246	109
PCT9716	MV	745	398	0	0	28	370	239	131
PCT9716	ED	221	164	0	0	9	155	103	52
PCT9716	TO	966	562	0	0	37	525	342	183
PCT9717	MV	753	436	0	0	25	411	251	160
PCT9717	ED	224	145	0	0	12	133	90	43
PCT9717	TO	977	581	0	0	37	544	341	203
PCT9718	MV	749	449	0	0	34	415	286	129
PCT9718	ED	152	144	0	0	5	139	84	55
PCT9718	TO	901	593	0	0	39	554	370	184
PCT9719	MV	747	461	0	0	24	437	281	156
PCT9719	ED	173	151	0	0	10	141	86	55
PCT9719	TO	920	612	0	0	34	578	367	211
PCT9721	MV	498	288	0	1	23	264	157	107
PCT9721	ED	164	133	0	1	4	128	73	55
PCT9721	TO	662	421	0	2	27	392	230	162
PCT9722	MV	513	315	0	0	21	294	181	113
PCT9722	ED	84	76	0	0	6	70	51	19
PCT9722	TO	597	391	0	0	27	364	232	132
PCT9723	MV	436	223	0	0	14	209	91	118
PCT9723	ED	72	44	0	0	3	41	21	20
PCT9723	TO	508	267	0	0	17	250	112	138
PCT9724	MV	851	451	0	0	26	425	190	235
PCT9724	ED	169	99	0	1	6	92	46	46
PCT9724	TO	1020	550	0	1	32	517	236	281
PCT9725	MV	814	436	0	0	28	408	213	195
PCT9725	ED	157	96	0	0	7	89	39	50
PCT9725	TO	971	532	0	0	35	497	252	245
PCT9726	MV	630	216	0	0	21	195	146	49
PCT9726	ED	-14	102	0	0	4	98	73	25
PCT9726	TO	616	318	0	0	25	293	219	74
PCT9727	MV	404	227	0	2	15	210	118	92
PCT9727	ED	56	33	0	0	2	31	22	9
PCT9727	TO	460	260	0	2	17	241	140	101
PCT9728	MV	751	446	0	0	26	420	246	174
PCT9728	ED	212	137	0	0	7	130	81	49
PCT9728	TO	963	583	0	0	33	550	327	223
PCT9729	MV	654	335	0	0	24	311	183	128
PCT9729	ED	164	129	0	0	6	123	73	50
PCT9729	TO	818	464	0	0	30	434	256	178
PCT9731	MV	436	245	0	0	14	231	138	93
PCT9731	ED	143	111	0	0	2	109	62	47
PCT9731	TO	579	356	0	0	16	340	200	140
PCT9732	MV	78	47	0	0	4	43	28	15
PCT9732	ED	-5	0	0	0	0	0	0	0
PCT9732	TO	73	47	0	0	4	43	28	15
PCT9733	MV	261	161	0	0	6	155	124	31
PCT9733	ED	-21	0	0	0	0	0	0	0
PCT9733	TO	240	161	0	0	6	155	124	31
PCT9734	MV	473	285	0	0	17	268	170	98
PCT9734	ED	131	109	0	0	3	106	63	43
PCT9734	TO	604	394	0	0	20	374	233	141
PCT9735	MV	650	386	0	0	25	361	223	138
PCT9735	ED	170	133	0	0	16	117	73	44
PCT9735	TO	820	519	0	0	41	478	296	182
PCT9736	MV	586	323	0	0	18	305	209	96
PCT9736	ED	150	153	0	0	11	142	98	44
PCT9736	TO	736	476	0	0	29	447	307	140
PCT9737	MV	637	387	0	0	31	356	233	123
PCT9737	ED	154	135	0	0	7	128	92	36
PCT9737	TO	791	522	0	0	38	484	325	159
PCT9738	MV	688	319	0	0	26	293	213	80
PCT9738	ED	150	64	0	0	3	61	42	19
PCT9738	TO	838	383	0	0	29	354	255	99
PCT9739	MV	674	270	0	0	11	259	216	43
PCT9739	ED	115	88	0	0	4	84	75	9
PCT9739	TO	789	358	0	0	15	343	291	52
PCT9741	MV	837	173	0	0	14	159	141	18
PCT9741	ED	-396	10	0	0	1	9	8	1
PCT9741	TO	441	183	0	0	15	168	149	19
PCT9742	MV	530	229	0	0	13	216	131	85
PCT9742	ED	165	99	0	0	3	96	60	36
PCT9742	TO	695	328	0	0	16	312	191	121
PCT9743	MV	913	400	0	0	19	381	293	88
PCT9743	ED	227	170	0	0	16	154	126	28
PCT9743	TO	1140	570	0	0	35	535	419	116
PCT9744	MV	783	333	0	0	28	305	238	67
PCT9744	ED	160	123	0	0	10	113	92	21
PCT9744	TO	943	456	0	0	38	418	330	88
PCT9745	MV	790	317	0	0	24	293	225	68
PCT9745	ED	202	128	0	0	11	117	103	14
PCT9745	TO	992	445	0	0	35	410	328	82
PCT9746	MV	714	373	0	0	19	354	221	133
PCT9746	ED	189	119	0	0	9	110	71	39
PCT9746	TO	903	492	0	0	28	464	292	172
PCT9747	MV	772	401	0	0	29	372	272	100
PCT9747	ED	204	145	0	0	10	135	98	37
PCT9747	TO	976	546	0	0	39	507	370	137
PCT9748	MV	746	425	0	0	26	399	262	137
PCT9748	ED	167	116	0	0	4	112	70	42
PCT9748	TO	913	541	0	0	30	511	332	179
PCT9749	MV	750	289	0	0	15	274	188	86
PCT9749	ED	188	108	0	0	2	106	83	23
PCT9749	TO	938	397	0	0	17	380	271	109
PCT9751	MV	857	472	0	0	35	437	283	154
PCT9751	ED	214	153	0	0	14	139	97	42
PCT9751	TO	1071	625	0	0	49	576	380	196
PCT9752	MV	563	327	0	0	21	306	187	119
PCT9752	ED	134	108	0	0	3	105	79	26
PCT9752	TO	697	435	0	0	24	411	266	145
PCT9753	MV	617	298	0	0	22	276	192	84
PCT9753	ED	145	123	0	0	3	120	89	31
PCT9753	TO	762	421	0	0	25	396	281	115
PCT9754	MV	545	317	0	1	17	299	237	62
PCT9754	ED	162	113	0	0	8	105	84	21
PCT9754	TO	707	430	0	1	25	404	321	83
PCT9755	MV	441	238	0	0	21	217	158	59
PCT9755	ED	139	99	0	0	2	97	72	25
PCT9755	TO	580	337	0	0	23	314	230	84
PCT9756	MV	805	364	0	0	26	338	206	132
PCT9756	ED	162	106	0	0	6	100	68	32
PCT9756	TO	967	470	0	0	32	438	274	164
PCT9801	MV	320	163	0	0	15	148	109	39
PCT9801	ED	88	52	0	0	3	49	39	10
PCT9801	TO	408	215	0	0	18	197	148	49
CONG12	MV	355594	174452	0	43	14175	160234	119367	40867
CONG12	ED	90254	71265	0	13	5423	65829	52087	13742
CONG12	TO	445848	245717	0	56	19598	226063	171454	54609
CONG14	MV	47252	22340	0	7	1421	20912	13690	7222
CONG14	ED	10799	6956	0	3	392	6561	4652	1909
CONG14	TO	58051	29296	0	10	1813	27473	18342	9131
ASSM17	MV	232787	114347	0	25	9296	105026	81013	24013
ASSM17	ED	59635	43919	0	9	3233	40677	33164	7513
ASSM17	TO	292422	158266	0	34	12529	145703	114177	31526
ASSM19	MV	170059	82445	0	25	6300	76120	52044	24076
ASSM19	ED	41418	34302	0	7	2582	31713	23575	8138
ASSM19	TO	211477	116747	0	32	8882	107833	75619	32214
SUPV1	MV	33868	16565	0	6	1236	15323	11018	4305
SUPV1	ED	9248	8530	0	0	634	7896	6116	1780
SUPV1	TO	43116	25095	0	6	1870	23219	17134	6085
SUPV2	MV	41435	19971	0	8	1963	18000	12686	5314
SUPV2	ED	8611	10149	0	2	1069	9078	6737	2341
SUPV2	TO	50046	30120	0	10	3032	27078	19423	7655
SUPV3	MV	31943	14408	0	0	1379	13029	9513	3516
SUPV3	ED	7434	6360	0	1	607	5752	4547	1205
SUPV3	TO	39377	20768	0	1	1986	18781	14060	4721
SUPV4	MV	35049	16862	0	4	1229	15629	9838	5791
SUPV4	ED	9045	5910	0	2	364	5544	3961	1583
SUPV4	TO	44094	22772	0	6	1593	21173	13799	7374
SUPV5	MV	41966	21496	0	4	1841	19651	16297	3354
SUPV5	ED	10934	9272	0	0	710	8562	7308	1254
SUPV5	TO	52900	30768	0	4	2551	28213	23605	4608
SUPV6	MV	35755	15225	0	8	1326	13891	10646	3245
SUPV6	ED	7940	4383	0	2	385	3996	3234	762
SUPV6	TO	43695	19608	0	10	1711	17887	13880	4007
SUPV7	MV	38887	20717	0	7	1436	19274	12820	6454
SUPV7	ED	8556	7211	0	2	388	6821	4751	2070
SUPV7	TO	47443	27928	0	9	1824	26095	17571	8524
SUPV8	MV	46370	27474	0	3	2206	25265	20197	5068
SUPV8	ED	11807	11114	0	1	728	10385	8549	1836
SUPV8	TO	58177	38588	0	4	2934	35650	28746	6904
SUPV9	MV	33165	16755	0	2	1143	15610	12325	3285
SUPV9	ED	10098	7086	0	3	419	6664	5595	1069
SUPV9	TO	43263	23841	0	5	1562	22274	17920	4354
SUPV10	MV	33765	13891	0	4	1032	12855	9378	3477
SUPV10	ED	9348	4201	0	2	283	3916	3120	796
SUPV10	TO	43113	18092	0	6	1315	16771	12498	4273
SUPV11	MV	30643	13428	0	4	805	12619	8339	4280
SUPV11	ED	8032	4005	0	1	228	3776	2821	955
SUPV11	TO	38675	17433	0	5	1033	16395	11160	5235
NEIG1	MV	15464	5936	0	1	414	5521	3942	1579
NEIG1	ED	5021	1551	0	0	96	1455	1161	294
NEIG1	TO	20485	7487	0	1	510	6976	5103	1873
NEIG2	MV	14029	6273	0	0	631	5642	4051	1591
NEIG2	ED	3238	2776	0	1	295	2480	1935	545
NEIG2	TO	17267	9049	0	1	926	8122	5986	2136
NEIG3	MV	22050	9495	0	3	886	8606	6680	1926
NEIG3	ED	5969	3742	0	0	306	3436	2791	645
NEIG3	TO	28019	13237	0	3	1192	12042	9471	2571
NEIG4	MV	5630	3491	0	1	249	3241	2420	821
NEIG4	ED	1430	1237	0	0	83	1154	875	279
NEIG4	TO	7060	4728	0	1	332	4395	3295	1100
NEIG5	MV	22700	10117	0	4	630	9483	6168	3315
NEIG5	ED	5893	2969	0	1	167	2801	2064	737
NEIG5	TO	28593	13086	0	5	797	12284	8232	4052
NEIG6	MV	11526	5963	0	2	494	5467	4654	813
NEIG6	ED	2336	2800	0	0	207	2593	2244	349
NEIG6	TO	13862	8763	0	2	701	8060	6898	1162
NEIG7	MV	9818	4127	0	0	231	3896	2674	1222
NEIG7	ED	2577	1302	0	0	72	1230	947	283
NEIG7	TO	12395	5429	0	0	303	5126	3621	1505
NEIG8	MV	7628	4025	0	0	327	3698	2964	734
NEIG8	ED	2030	1847	0	0	139	1708	1409	299
NEIG8	TO	9658	5872	0	0	466	5406	4373	1033
NEIG9	MV	7416	3138	0	0	211	2927	1966	961
NEIG9	ED	842	924	0	1	65	858	625	233
NEIG9	TO	8258	4062	0	1	276	3785	2591	1194
NEIG10	MV	8172	3949	0	0	333	3616	2722	894
NEIG10	ED	1850	1947	0	0	143	1804	1445	359
NEIG10	TO	10022	5896	0	0	476	5420	4167	1253
NEIG11	MV	33509	15520	0	6	1576	13938	9794	4144
NEIG11	ED	5931	7800	0	2	868	6930	5139	1791
NEIG11	TO	39440	23320	0	8	2444	20868	14933	5935
NEIG12	MV	23572	11845	0	2	855	10988	9291	1697
NEIG12	ED	7433	5298	0	4	357	4937	4287	650
NEIG12	TO	31005	17143	0	6	1212	15925	13578	2347
NEIG14	MV	6791	3984	0	1	288	3695	3069	626
NEIG14	ED	1942	1788	0	0	84	1704	1461	243
NEIG14	TO	8733	5772	0	1	372	5399	4530	869
NEIG15	MV	5779	2672	0	0	218	2454	1740	714
NEIG15	ED	1309	1165	0	0	103	1062	839	223
NEIG15	TO	7088	3837	0	0	321	3516	2579	937
NEIG13	MV	13553	8149	0	0	666	7483	5859	1624
NEIG13	ED	3435	3370	0	0	209	3161	2597	564
NEIG13	TO	16988	11519	0	0	875	10644	8456	2188
NEIG26	MV	7830	3522	0	0	217	3305	1967	1338
NEIG26	ED	1802	947	0	0	60	887	613	274
NEIG26	TO	9632	4469	0	0	277	4192	2580	1612
NEIG16	MV	14623	6798	0	1	584	6213	4876	1337
NEIG16	ED	2733	2413	0	1	183	2229	1844	385
NEIG16	TO	17356	9211	0	2	767	8442	6720	1722
NEIG17	MV	29447	14398	0	6	1071	13321	9530	3791
NEIG17	ED	8178	7475	0	0	557	6918	5342	1576
NEIG17	TO	37625	21873	0	6	1628	20239	14872	5367
NEIG19	MV	7165	4013	0	2	277	3734	3007	727
NEIG19	ED	2406	1869	0	0	106	1763	1436	327
NEIG19	TO	9571	5882	0	2	383	5497	4443	1054
NEIG18	MV	6458	3411	0	1	274	3136	2186	950
NEIG18	ED	1563	1828	0	0	174	1654	1219	435
NEIG18	TO	8021	5239	0	1	448	4790	3405	1385
NEIG20	MV	20910	8905	0	5	774	8126	6121	2005
NEIG20	ED	4167	2452	0	2	230	2220	1760	460
NEIG20	TO	25077	11357	0	7	1004	10346	7881	2465
NEIG21	MV	34606	16636	0	4	1206	15426	9677	5749
NEIG21	ED	8887	5783	0	2	361	5420	3855	1565
NEIG21	TO	43493	22419	0	6	1567	20846	13532	7314
NEIG22	MV	15381	9289	0	0	777	8512	6878	1634
NEIG22	ED	3512	3613	0	0	238	3375	2795	580
NEIG22	TO	18893	12902	0	0	1015	11887	9673	2214
NEIG23	MV	6638	2508	0	2	173	2333	1468	865
NEIG23	ED	1850	598	0	0	42	556	390	166
NEIG23	TO	8488	3106	0	2	215	2889	1858	1031
NEIG24	MV	28439	16094	0	6	1130	14958	9883	5075
NEIG24	ED	6935	5684	0	1	294	5389	3676	1713
NEIG24	TO	35374	21778	0	7	1424	20347	13559	6788
NEIG25	MV	23712	12534	0	3	1104	11427	9470	1957
NEIG25	ED	7784	5043	0	1	376	4666	3990	676
NEIG25	TO	31496	17577	0	4	1480	16093	13460	2633
