area_id	subtotal_type	RSReg	RSCst	RSRej	RSOvr	RSUnd	RSTot	7:YES	8:NO
ALLPCTS	TO	503899	275013	0	49	26863	248101	173806	74295
ALLPCTS	ED	101053	78221	0	18	8317	69886	51861	18025
ALLPCTS	MV	402846	196792	0	31	18546	178215	121945	56270
PCT1101	MV	448	214	0	0	14	200	139	61
PCT1101	ED	114	60	0	0	9	51	38	13
PCT1101	TO	562	274	0	0	23	251	177	74
PCT1102	MV	774	368	0	0	28	340	179	161
PCT1102	ED	230	159	0	0	14	145	110	35
PCT1102	TO	1004	527	0	0	42	485	289	196
PCT1103	MV	749	371	0	0	25	346	214	132
PCT1103	ED	222	142	0	0	13	129	89	40
PCT1103	TO	971	513	0	0	38	475	303	172
PCT1104	MV	751	343	0	0	25	318	217	101
PCT1104	ED	267	120	0	0	8	112	81	31
PCT1104	TO	1018	463	0	0	33	430	298	132
PCT1106	MV	598	255	0	0	18	237	143	94
PCT1106	ED	173	96	0	0	8	88	60	28
PCT1106	TO	771	351	0	0	26	325	203	122
PCT1107	MV	612	287	0	0	20	267	156	111
PCT1107	ED	139	76	0	0	8	68	50	18
PCT1107	TO	751	363	0	0	28	335	206	129
PCT1108	MV	725	360	0	0	26	334	230	104
PCT1108	ED	198	115	0	0	17	98	73	25
PCT1108	TO	923	475	0	0	43	432	303	129
PCT1109	MV	653	284	0	0	22	262	159	103
PCT1109	ED	169	97	0	0	7	90	60	30
PCT1109	TO	822	381	0	0	29	352	219	133
PCT1111	MV	849	354	0	0	33	321	188	133
PCT1111	ED	197	118	0	0	8	110	88	22
PCT1111	TO	1046	472	0	0	41	431	276	155
PCT1112	MV	643	276	0	0	22	254	164	90
PCT1112	ED	159	77	0	0	5	72	57	15
PCT1112	TO	802	353	0	0	27	326	221	105
PCT1113	MV	675	286	0	0	23	263	159	104
PCT1113	ED	120	65	0	0	8	57	42	15
PCT1113	TO	795	351	0	0	31	320	201	119
PCT1114	MV	769	328	0	0	26	302	193	109
PCT1114	ED	222	97	0	0	12	85	65	20
PCT1114	TO	991	425	0	0	38	387	258	129
PCT1115	MV	743	295	0	0	26	269	168	101
PCT1115	ED	193	86	0	0	9	77	58	19
PCT1115	TO	936	381	0	0	35	346	226	120
PCT1116	MV	715	308	0	0	26	282	183	99
PCT1116	ED	216	118	0	0	9	109	83	26
PCT1116	TO	931	426	0	0	35	391	266	125
PCT1117	MV	665	257	0	0	23	234	143	91
PCT1117	ED	181	71	0	0	6	65	53	12
PCT1117	TO	846	328	0	0	29	299	196	103
PCT1118	MV	846	356	0	0	20	336	221	115
PCT1118	ED	219	104	0	0	11	93	66	27
PCT1118	TO	1065	460	0	0	31	429	287	142
PCT1119	MV	659	303	0	0	21	282	183	99
PCT1119	ED	138	74	0	0	5	69	55	14
PCT1119	TO	797	377	0	0	26	351	238	113
PCT1121	MV	556	268	0	0	29	239	131	108
PCT1121	ED	149	82	0	0	8	74	41	33
PCT1121	TO	705	350	0	0	37	313	172	141
PCT1122	MV	519	245	0	1	24	220	106	114
PCT1122	ED	118	71	0	0	8	63	43	20
PCT1122	TO	637	316	0	1	32	283	149	134
PCT1123	MV	730	257	0	0	16	241	152	89
PCT1123	ED	208	89	0	1	5	83	61	22
PCT1123	TO	938	346	0	1	21	324	213	111
PCT1124	MV	630	246	0	0	15	231	140	91
PCT1124	ED	199	73	0	0	7	66	53	13
PCT1124	TO	829	319	0	0	22	297	193	104
PCT1125	MV	919	364	0	0	40	324	177	147
PCT1125	ED	178	67	0	0	10	57	47	10
PCT1125	TO	1097	431	0	0	50	381	224	157
PCT1126	MV	812	308	0	0	27	281	173	108
PCT1126	ED	200	68	0	0	3	65	40	25
PCT1126	TO	1012	376	0	0	30	346	213	133
PCT1127	MV	743	293	0	0	16	277	148	129
PCT1127	ED	222	100	0	0	5	95	64	31
PCT1127	TO	965	393	0	0	21	372	212	160
PCT1128	MV	734	286	0	0	23	263	142	121
PCT1128	ED	145	59	0	0	8	51	35	16
PCT1128	TO	879	345	0	0	31	314	177	137
PCT1129	MV	790	314	0	0	29	285	173	112
PCT1129	ED	246	108	0	0	15	93	60	33
PCT1129	TO	1036	422	0	0	44	378	233	145
PCT1131	MV	694	279	0	0	32	247	133	114
PCT1131	ED	166	60	0	0	5	55	38	17
PCT1131	TO	860	339	0	0	37	302	171	131
PCT1132	MV	839	370	0	0	26	344	209	135
PCT1132	ED	193	59	0	0	3	56	39	17
PCT1132	TO	1032	429	0	0	29	400	248	152
PCT1133	MV	716	334	0	0	15	319	192	127
PCT1133	ED	159	74	0	0	5	69	48	21
PCT1133	TO	875	408	0	0	20	388	240	148
PCT1134	MV	585	292	0	0	21	271	138	133
PCT1134	ED	182	80	0	0	10	70	48	22
PCT1134	TO	767	372	0	0	31	341	186	155
PCT1135	MV	465	218	0	0	13	205	112	93
PCT1135	ED	91	51	0	0	3	48	33	15
PCT1135	TO	556	269	0	0	16	253	145	108
PCT1136	MV	710	340	0	0	22	318	175	143
PCT1136	ED	157	77	0	0	7	70	43	27
PCT1136	TO	867	417	0	0	29	388	218	170
PCT1141	MV	836	392	0	0	27	365	215	150
PCT1141	ED	220	123	0	0	9	114	72	42
PCT1141	TO	1056	515	0	0	36	479	287	192
PCT1142	MV	721	324	0	0	40	284	180	104
PCT1142	ED	175	87	0	0	4	83	66	17
PCT1142	TO	896	411	0	0	44	367	246	121
PCT1143	MV	824	360	0	0	42	318	210	108
PCT1143	ED	225	114	0	0	11	103	80	23
PCT1143	TO	1049	474	0	0	53	421	290	131
PCT1144	MV	727	326	0	1	19	306	180	126
PCT1144	ED	220	121	0	0	15	106	71	35
PCT1144	TO	947	447	0	1	34	412	251	161
PCT1145	MV	753	411	0	0	33	378	240	138
PCT1145	ED	152	114	0	0	10	104	74	30
PCT1145	TO	905	525	0	0	43	482	314	168
PCT1146	MV	839	364	0	0	27	337	215	122
PCT1146	ED	215	110	0	0	11	99	72	27
PCT1146	TO	1054	474	0	0	38	436	287	149
PCT1147	MV	673	309	0	0	21	288	190	98
PCT1147	ED	212	107	0	0	8	99	72	27
PCT1147	TO	885	416	0	0	29	387	262	125
PCT1148	MV	804	367	0	0	28	339	205	134
PCT1148	ED	224	116	0	0	13	103	67	36
PCT1148	TO	1028	483	0	0	41	442	272	170
PCT1149	MV	710	319	0	0	31	288	176	112
PCT1149	ED	229	118	0	0	10	108	78	30
PCT1149	TO	939	437	0	0	41	396	254	142
PCT1151	MV	0	0	0	0	0	0	0	0
PCT1151	ED	0	0	0	0	0	0	0	0
PCT1151	TO	0	0	0	0	0	0	0	0
PCT1152	MV	710	312	0	0	31	281	189	92
PCT1152	ED	180	85	0	0	7	78	54	24
PCT1152	TO	890	397	0	0	38	359	243	116
PCT1153	MV	730	285	0	0	33	252	171	81
PCT1153	ED	210	117	0	0	10	107	59	48
PCT1153	TO	940	402	0	0	43	359	230	129
PCT1154	MV	0	0	0	0	0	0	0	0
PCT1154	ED	0	0	0	0	0	0	0	0
PCT1154	TO	0	0	0	0	0	0	0	0
PCT7001	MV	632	328	0	0	29	299	231	68
PCT7001	ED	141	103	0	0	8	95	71	24
PCT7001	TO	773	431	0	0	37	394	302	92
PCT7002	MV	598	267	0	0	30	237	182	55
PCT7002	ED	116	88	0	0	4	84	69	15
PCT7002	TO	714	355	0	0	34	321	251	70
PCT7003	MV	759	430	0	0	38	392	288	104
PCT7003	ED	147	144	0	0	15	129	101	28
PCT7003	TO	906	574	0	0	53	521	389	132
PCT7004	MV	764	416	0	0	35	381	288	93
PCT7004	ED	149	143	0	0	12	131	104	27
PCT7004	TO	913	559	0	0	47	512	392	120
PCT7005	MV	698	350	0	1	33	316	248	68
PCT7005	ED	161	162	0	0	24	138	109	29
PCT7005	TO	859	512	0	1	57	454	357	97
PCT7006	MV	729	359	0	0	33	326	266	60
PCT7006	ED	203	149	0	0	13	136	108	28
PCT7006	TO	932	508	0	0	46	462	374	88
PCT7007	MV	777	437	0	0	41	396	285	111
PCT7007	ED	180	169	0	0	23	146	114	32
PCT7007	TO	957	606	0	0	64	542	399	143
PCT7008	MV	732	367	0	0	43	324	214	110
PCT7008	ED	177	192	0	0	18	174	144	30
PCT7008	TO	909	559	0	0	61	498	358	140
PCT7009	MV	752	389	0	0	31	358	269	89
PCT7009	ED	119	91	0	0	6	85	57	28
PCT7009	TO	871	480	0	0	37	443	326	117
PCT7011	MV	704	231	0	0	17	214	160	54
PCT7011	ED	269	87	0	0	4	83	63	20
PCT7011	TO	973	318	0	0	21	297	223	74
PCT7012	MV	999	487	0	0	45	442	336	106
PCT7012	ED	227	206	0	0	22	184	147	37
PCT7012	TO	1226	693	0	0	67	626	483	143
PCT7013	MV	984	280	0	0	23	257	192	65
PCT7013	ED	155	151	0	0	14	137	117	20
PCT7013	TO	1139	431	0	0	37	394	309	85
PCT7014	MV	610	298	0	0	38	260	210	50
PCT7014	ED	109	112	0	0	16	96	69	27
PCT7014	TO	719	410	0	0	54	356	279	77
PCT7015	MV	128	40	0	0	7	33	26	7
PCT7015	ED	-18	0	0	0	0	0	0	0
PCT7015	TO	110	40	0	0	7	33	26	7
PCT7016	MV	655	238	0	0	22	216	133	83
PCT7016	ED	277	75	0	0	8	67	54	13
PCT7016	TO	932	313	0	0	30	283	187	96
PCT7017	MV	543	180	0	0	22	158	120	38
PCT7017	ED	238	53	0	0	8	45	36	9
PCT7017	TO	781	233	0	0	30	203	156	47
PCT7018	MV	847	357	0	0	32	325	208	117
PCT7018	ED	200	56	0	0	5	51	40	11
PCT7018	TO	1047	413	0	0	37	376	248	128
PCT7019	MV	734	355	0	0	28	327	206	121
PCT7019	ED	166	74	0	0	8	66	57	9
PCT7019	TO	900	429	0	0	36	393	263	130
PCT7021	MV	679	271	0	0	22	249	184	65
PCT7021	ED	288	106	0	0	12	94	76	18
PCT7021	TO	967	377	0	0	34	343	260	83
PCT7022	MV	770	311	0	0	33	278	195	83
PCT7022	ED	193	55	0	0	3	52	44	8
PCT7022	TO	963	366	0	0	36	330	239	91
PCT7023	MV	687	331	0	0	26	305	231	74
PCT7023	ED	233	71	0	0	7	64	53	11
PCT7023	TO	920	402	0	0	33	369	284	85
PCT7024	MV	251	50	0	0	3	47	34	13
PCT7024	ED	190	20	0	0	4	16	11	5
PCT7024	TO	441	70	0	0	7	63	45	18
PCT7025	MV	316	95	0	0	7	88	62	26
PCT7025	ED	167	39	0	0	2	37	26	11
PCT7025	TO	483	134	0	0	9	125	88	37
PCT7026	MV	819	336	0	0	18	318	169	149
PCT7026	ED	191	72	0	0	6	66	48	18
PCT7026	TO	1010	408	0	0	24	384	217	167
PCT7027	MV	677	270	0	0	22	248	171	77
PCT7027	ED	219	96	0	0	8	88	66	22
PCT7027	TO	896	366	0	0	30	336	237	99
PCT7028	MV	585	220	0	0	22	198	149	49
PCT7028	ED	271	97	0	0	4	93	76	17
PCT7028	TO	856	317	0	0	26	291	225	66
PCT7029	MV	642	208	0	0	29	179	126	53
PCT7029	ED	267	39	0	0	1	38	30	8
PCT7029	TO	909	247	0	0	30	217	156	61
PCT7030	MV	654	274	0	0	12	262	124	138
PCT7030	ED	141	58	0	0	4	54	28	26
PCT7030	TO	795	332	0	0	16	316	152	164
PCT7031	MV	622	263	0	0	27	236	138	98
PCT7031	ED	72	48	0	0	5	43	31	12
PCT7031	TO	694	311	0	0	32	279	169	110
PCT7032	MV	643	266	0	0	23	243	162	81
PCT7032	ED	238	53	0	0	3	50	40	10
PCT7032	TO	881	319	0	0	26	293	202	91
PCT7033	MV	549	214	0	0	24	190	127	63
PCT7033	ED	229	86	0	0	10	76	58	18
PCT7033	TO	778	300	0	0	34	266	185	81
PCT7034	MV	620	140	0	0	16	124	98	26
PCT7034	ED	318	58	0	0	5	53	41	12
PCT7034	TO	938	198	0	0	21	177	139	38
PCT7035	MV	567	237	0	0	20	217	148	69
PCT7035	ED	152	52	0	0	7	45	35	10
PCT7035	TO	719	289	0	0	27	262	183	79
PCT7036	MV	781	262	0	0	32	230	130	100
PCT7036	ED	193	39	0	0	4	35	25	10
PCT7036	TO	974	301	0	0	36	265	155	110
PCT7037	MV	434	63	0	0	1	62	37	25
PCT7037	ED	312	38	0	0	6	32	23	9
PCT7037	TO	746	101	0	0	7	94	60	34
PCT7038	MV	758	308	0	1	29	278	163	115
PCT7038	ED	203	58	0	0	10	48	33	15
PCT7038	TO	961	366	0	1	39	326	196	130
PCT7039	MV	636	243	0	0	24	219	122	97
PCT7039	ED	201	104	0	0	7	97	61	36
PCT7039	TO	837	347	0	0	31	316	183	133
PCT7041	MV	70	29	0	0	4	25	10	15
PCT7041	ED	-4	0	0	0	0	0	0	0
PCT7041	TO	66	29	0	0	4	25	10	15
PCT7042	MV	514	221	0	0	15	206	136	70
PCT7042	ED	146	59	0	0	3	56	33	23
PCT7042	TO	660	280	0	0	18	262	169	93
PCT7043	MV	754	295	0	0	28	267	168	99
PCT7043	ED	224	78	0	0	3	75	49	26
PCT7043	TO	978	373	0	0	31	342	217	125
PCT7044	MV	586	148	0	0	11	137	96	41
PCT7044	ED	266	33	0	0	3	30	18	12
PCT7044	TO	852	181	0	0	14	167	114	53
PCT7045	MV	632	266	0	0	28	238	130	108
PCT7045	ED	154	53	0	0	3	50	26	24
PCT7045	TO	786	319	0	0	31	288	156	132
PCT7046	MV	334	132	0	0	12	120	72	48
PCT7046	ED	96	48	0	0	4	44	33	11
PCT7046	TO	430	180	0	0	16	164	105	59
PCT7047	MV	733	314	0	0	24	290	173	117
PCT7047	ED	150	62	0	0	7	55	35	20
PCT7047	TO	883	376	0	0	31	345	208	137
PCT7048	MV	685	267	0	1	15	251	153	98
PCT7048	ED	196	56	0	0	7	49	38	11
PCT7048	TO	881	323	0	1	22	300	191	109
PCT7049	MV	616	247	0	0	26	221	122	99
PCT7049	ED	210	70	0	0	9	61	42	19
PCT7049	TO	826	317	0	0	35	282	164	118
PCT7051	MV	715	306	0	0	22	284	135	149
PCT7051	ED	165	70	0	0	8	62	42	20
PCT7051	TO	880	376	0	0	30	346	177	169
PCT7052	MV	722	296	0	0	17	279	152	127
PCT7052	ED	184	84	0	0	5	79	56	23
PCT7052	TO	906	380	0	0	22	358	208	150
PCT7053	MV	542	227	0	0	33	194	122	72
PCT7053	ED	43	42	0	0	4	38	31	7
PCT7053	TO	585	269	0	0	37	232	153	79
PCT7054	MV	863	308	0	0	22	286	200	86
PCT7054	ED	273	106	0	0	6	100	72	28
PCT7054	TO	1136	414	0	0	28	386	272	114
PCT7055	MV	732	291	0	0	28	263	186	77
PCT7055	ED	94	77	0	0	10	67	50	17
PCT7055	TO	826	368	0	0	38	330	236	94
PCT7056	MV	618	273	0	0	29	244	183	61
PCT7056	ED	87	119	0	0	16	103	82	21
PCT7056	TO	705	392	0	0	45	347	265	82
PCT7101	MV	162	99	0	0	10	89	70	19
PCT7101	ED	-15	4	0	0	1	3	2	1
PCT7101	TO	147	103	0	0	11	92	72	20
PCT7201	MV	788	383	0	0	40	343	208	135
PCT7201	ED	147	168	0	0	32	136	95	41
PCT7201	TO	935	551	0	0	72	479	303	176
PCT7202	MV	708	308	0	0	34	274	164	110
PCT7202	ED	143	156	0	0	22	134	85	49
PCT7202	TO	851	464	0	0	56	408	249	159
PCT7203	MV	693	321	0	0	40	281	182	99
PCT7203	ED	186	186	0	0	25	161	114	47
PCT7203	TO	879	507	0	0	65	442	296	146
PCT7204	MV	773	421	0	0	50	371	265	106
PCT7204	ED	126	122	0	0	19	103	70	33
PCT7204	TO	899	543	0	0	69	474	335	139
PCT7205	MV	724	360	0	0	35	325	211	114
PCT7205	ED	147	175	0	0	27	148	108	40
PCT7205	TO	871	535	0	0	62	473	319	154
PCT7206	MV	299	129	0	0	13	116	85	31
PCT7206	ED	78	102	0	0	14	88	70	18
PCT7206	TO	377	231	0	0	27	204	155	49
PCT7207	MV	744	333	0	0	35	298	200	98
PCT7207	ED	123	151	0	0	22	129	95	34
PCT7207	TO	867	484	0	0	57	427	295	132
PCT7208	MV	492	253	0	0	32	221	151	70
PCT7208	ED	78	94	0	0	11	83	68	15
PCT7208	TO	570	347	0	0	43	304	219	85
PCT7209	MV	595	341	0	0	39	302	208	94
PCT7209	ED	52	75	0	0	9	66	55	11
PCT7209	TO	647	416	0	0	48	368	263	105
PCT7301	MV	813	317	0	0	27	290	191	99
PCT7301	ED	201	141	0	0	22	119	96	23
PCT7301	TO	1014	458	0	0	49	409	287	122
PCT7302	MV	713	351	0	0	43	308	204	104
PCT7302	ED	136	137	0	0	15	122	85	37
PCT7302	TO	849	488	0	0	58	430	289	141
PCT7303	MV	869	376	0	0	34	342	244	98
PCT7303	ED	199	155	0	0	22	133	99	34
PCT7303	TO	1068	531	0	0	56	475	343	132
PCT7304	MV	802	366	0	0	43	323	214	109
PCT7304	ED	199	184	0	0	14	170	130	40
PCT7304	TO	1001	550	0	0	57	493	344	149
PCT7305	MV	713	386	0	0	40	346	207	139
PCT7305	ED	154	154	0	0	14	140	96	44
PCT7305	TO	867	540	0	0	54	486	303	183
PCT7306	MV	801	373	0	0	46	327	183	144
PCT7306	ED	243	193	0	0	34	159	116	43
PCT7306	TO	1044	566	0	0	80	486	299	187
PCT7307	MV	605	272	0	0	21	251	166	85
PCT7307	ED	169	126	0	0	19	107	79	28
PCT7307	TO	774	398	0	0	40	358	245	113
PCT7308	MV	520	256	0	0	20	236	162	74
PCT7308	ED	105	157	0	0	17	140	106	34
PCT7308	TO	625	413	0	0	37	376	268	108
PCT7309	MV	691	324	0	0	35	289	201	88
PCT7309	ED	167	190	0	0	28	162	115	47
PCT7309	TO	858	514	0	0	63	451	316	135
PCT7311	MV	698	333	0	0	36	297	199	98
PCT7311	ED	208	215	0	0	25	190	143	47
PCT7311	TO	906	548	0	0	61	487	342	145
PCT7312	MV	700	394	0	0	46	348	216	132
PCT7312	ED	110	160	0	0	25	135	91	44
PCT7312	TO	810	554	0	0	71	483	307	176
PCT7313	MV	819	373	0	0	36	337	221	116
PCT7313	ED	184	160	0	0	30	130	90	40
PCT7313	TO	1003	533	0	0	66	467	311	156
PCT7314	MV	612	226	0	0	29	197	107	90
PCT7314	ED	147	83	0	0	14	69	45	24
PCT7314	TO	759	309	0	0	43	266	152	114
PCT7315	MV	570	206	0	0	15	191	126	65
PCT7315	ED	195	134	0	0	14	120	87	33
PCT7315	TO	765	340	0	0	29	311	213	98
PCT7316	MV	654	261	0	0	30	231	149	82
PCT7316	ED	178	130	0	0	17	113	82	31
PCT7316	TO	832	391	0	0	47	344	231	113
PCT7317	MV	744	348	0	0	25	323	208	115
PCT7317	ED	146	111	0	0	12	99	74	25
PCT7317	TO	890	459	0	0	37	422	282	140
PCT7318	MV	605	293	0	0	37	256	176	80
PCT7318	ED	118	106	0	0	20	86	58	28
PCT7318	TO	723	399	0	0	57	342	234	108
PCT7319	MV	861	344	0	0	40	304	197	107
PCT7319	ED	188	180	0	0	33	147	103	44
PCT7319	TO	1049	524	0	0	73	451	300	151
PCT7321	MV	557	202	0	0	21	181	113	68
PCT7321	ED	102	84	0	0	9	75	53	22
PCT7321	TO	659	286	0	0	30	256	166	90
PCT7322	MV	742	294	0	0	48	246	128	118
PCT7322	ED	146	49	0	0	9	40	34	6
PCT7322	TO	888	343	0	0	57	286	162	124
PCT7323	MV	790	368	0	0	47	321	222	99
PCT7323	ED	166	157	0	0	23	134	92	42
PCT7323	TO	956	525	0	0	70	455	314	141
PCT7324	MV	587	259	0	0	28	231	155	76
PCT7324	ED	150	89	0	0	13	76	49	27
PCT7324	TO	737	348	0	0	41	307	204	103
PCT7325	MV	714	326	0	0	40	286	191	95
PCT7325	ED	172	123	0	0	21	102	71	31
PCT7325	TO	886	449	0	0	61	388	262	126
PCT7326	MV	685	303	0	1	37	265	166	99
PCT7326	ED	174	155	0	0	27	128	94	34
PCT7326	TO	859	458	0	1	64	393	260	133
PCT7327	MV	561	230	0	0	38	192	95	97
PCT7327	ED	126	49	0	0	3	46	32	14
PCT7327	TO	687	279	0	0	41	238	127	111
PCT7328	MV	829	333	0	0	67	266	154	112
PCT7328	ED	173	67	0	0	12	55	43	12
PCT7328	TO	1002	400	0	0	79	321	197	124
PCT7329	MV	556	227	0	0	33	194	112	82
PCT7329	ED	95	76	0	0	6	70	52	18
PCT7329	TO	651	303	0	0	39	264	164	100
PCT7331	MV	710	360	0	0	47	313	181	132
PCT7331	ED	160	158	0	0	25	133	85	48
PCT7331	TO	870	518	0	0	72	446	266	180
PCT7332	MV	654	262	0	0	27	235	188	47
PCT7332	ED	136	147	0	0	12	135	117	18
PCT7332	TO	790	409	0	0	39	370	305	65
PCT7333	MV	822	389	0	0	47	342	246	96
PCT7333	ED	193	219	0	0	23	196	152	44
PCT7333	TO	1015	608	0	0	70	538	398	140
PCT7334	MV	688	306	0	0	23	283	192	91
PCT7334	ED	131	131	0	0	14	117	88	29
PCT7334	TO	819	437	0	0	37	400	280	120
PCT7335	MV	788	389	0	1	44	344	221	123
PCT7335	ED	146	189	0	0	35	154	128	26
PCT7335	TO	934	578	0	1	79	498	349	149
PCT7336	MV	779	404	0	0	41	363	232	131
PCT7336	ED	175	174	0	0	26	148	105	43
PCT7336	TO	954	578	0	0	67	511	337	174
PCT7337	MV	772	386	0	0	43	343	211	132
PCT7337	ED	125	111	0	0	13	98	71	27
PCT7337	TO	897	497	0	0	56	441	282	159
PCT7338	MV	770	360	0	0	49	311	181	130
PCT7338	ED	125	90	0	0	12	78	58	20
PCT7338	TO	895	450	0	0	61	389	239	150
PCT7339	MV	605	270	0	0	31	239	179	60
PCT7339	ED	150	122	0	0	5	117	86	31
PCT7339	TO	755	392	0	0	36	356	265	91
PCT7341	MV	675	291	0	0	36	255	181	74
PCT7341	ED	178	159	0	0	14	145	111	34
PCT7341	TO	853	450	0	0	50	400	292	108
PCT7342	MV	674	323	0	0	26	297	219	78
PCT7342	ED	230	238	0	0	25	213	163	50
PCT7342	TO	904	561	0	0	51	510	382	128
PCT7343	MV	554	251	0	0	17	234	194	40
PCT7343	ED	150	146	0	0	19	127	100	27
PCT7343	TO	704	397	0	0	36	361	294	67
PCT7344	MV	863	392	0	0	33	359	248	111
PCT7344	ED	201	161	0	0	11	150	114	36
PCT7344	TO	1064	553	0	0	44	509	362	147
PCT7345	MV	904	432	0	0	35	397	301	96
PCT7345	ED	210	214	0	0	25	189	147	42
PCT7345	TO	1114	646	0	0	60	586	448	138
PCT7346	MV	681	288	0	0	30	258	186	72
PCT7346	ED	208	169	0	0	24	145	112	33
PCT7346	TO	889	457	0	0	54	403	298	105
PCT7347	MV	833	370	0	0	40	330	273	57
PCT7347	ED	170	109	0	0	14	95	76	19
PCT7347	TO	1003	479	0	0	54	425	349	76
PCT7348	MV	650	279	0	0	32	247	179	68
PCT7348	ED	193	115	0	0	13	102	80	22
PCT7348	TO	843	394	0	0	45	349	259	90
PCT7349	MV	710	315	0	0	30	285	197	88
PCT7349	ED	202	143	0	0	23	120	95	25
PCT7349	TO	912	458	0	0	53	405	292	113
PCT7501	MV	456	248	0	0	33	215	139	76
PCT7501	ED	95	116	0	0	21	95	60	35
PCT7501	TO	551	364	0	0	54	310	199	111
PCT7502	MV	668	314	0	0	34	280	170	110
PCT7502	ED	121	135	0	0	20	115	90	25
PCT7502	TO	789	449	0	0	54	395	260	135
PCT7503	MV	614	286	0	0	27	259	193	66
PCT7503	ED	148	134	0	0	23	111	75	36
PCT7503	TO	762	420	0	0	50	370	268	102
PCT7504	MV	404	175	0	0	14	161	105	56
PCT7504	ED	84	57	0	0	7	50	39	11
PCT7504	TO	488	232	0	0	21	211	144	67
PCT7505	MV	729	405	0	2	52	351	263	88
PCT7505	ED	133	96	0	0	7	89	67	22
PCT7505	TO	862	501	0	2	59	440	330	110
PCT7506	MV	842	363	0	0	40	323	232	91
PCT7506	ED	158	117	0	0	15	102	92	10
PCT7506	TO	1000	480	0	0	55	425	324	101
PCT7507	MV	694	289	0	0	25	264	194	70
PCT7507	ED	262	102	0	0	7	95	75	20
PCT7507	TO	956	391	0	0	32	359	269	90
PCT7508	MV	618	373	0	0	42	331	235	96
PCT7508	ED	126	106	0	0	11	95	74	21
PCT7508	TO	744	479	0	0	53	426	309	117
PCT7509	MV	756	399	0	0	40	359	265	94
PCT7509	ED	173	148	0	0	13	135	106	29
PCT7509	TO	929	547	0	0	53	494	371	123
PCT7512	MV	475	248	0	0	26	222	161	61
PCT7512	ED	125	86	0	0	8	78	56	22
PCT7512	TO	600	334	0	0	34	300	217	83
PCT7513	MV	575	248	0	0	31	217	170	47
PCT7513	ED	231	112	0	0	20	92	73	19
PCT7513	TO	806	360	0	0	51	309	243	66
PCT7514	MV	709	242	0	0	37	205	147	58
PCT7514	ED	207	61	0	0	11	50	35	15
PCT7514	TO	916	303	0	0	48	255	182	73
PCT7515	MV	663	321	0	1	19	301	218	83
PCT7515	ED	201	90	0	0	14	76	59	17
PCT7515	TO	864	411	0	1	33	377	277	100
PCT7516	MV	773	423	0	0	34	389	272	117
PCT7516	ED	147	118	0	0	8	110	78	32
PCT7516	TO	920	541	0	0	42	499	350	149
PCT7517	MV	645	362	0	0	43	319	264	55
PCT7517	ED	223	179	0	0	17	162	130	32
PCT7517	TO	868	541	0	0	60	481	394	87
PCT7518	MV	708	392	0	0	43	349	281	68
PCT7518	ED	218	186	0	0	17	169	139	30
PCT7518	TO	926	578	0	0	60	518	420	98
PCT7519	MV	543	259	0	0	35	224	180	44
PCT7519	ED	172	136	0	0	14	122	106	16
PCT7519	TO	715	395	0	0	49	346	286	60
PCT7521	MV	597	318	0	0	29	289	247	42
PCT7521	ED	182	149	0	0	10	139	125	14
PCT7521	TO	779	467	0	0	39	428	372	56
PCT7522	MV	588	301	0	0	26	275	223	52
PCT7522	ED	171	159	0	0	22	137	114	23
PCT7522	TO	759	460	0	0	48	412	337	75
PCT7523	MV	564	285	0	0	30	255	217	38
PCT7523	ED	180	169	0	1	15	153	130	23
PCT7523	TO	744	454	0	1	45	408	347	61
PCT7524	MV	480	228	0	0	24	204	170	34
PCT7524	ED	144	102	0	0	14	88	74	14
PCT7524	TO	624	330	0	0	38	292	244	48
PCT7525	MV	594	246	0	0	32	214	171	43
PCT7525	ED	170	96	0	0	13	83	71	12
PCT7525	TO	764	342	0	0	45	297	242	55
PCT7526	MV	826	395	0	0	51	344	290	54
PCT7526	ED	162	149	0	0	19	130	106	24
PCT7526	TO	988	544	0	0	70	474	396	78
PCT7527	MV	538	296	0	0	31	265	208	57
PCT7527	ED	172	113	0	0	9	104	81	23
PCT7527	TO	710	409	0	0	40	369	289	80
PCT7529	MV	749	366	0	0	28	338	291	47
PCT7529	ED	154	187	0	0	15	172	144	28
PCT7529	TO	903	553	0	0	43	510	435	75
PCT7531	MV	714	336	0	0	29	307	265	42
PCT7531	ED	159	135	0	0	5	130	110	20
PCT7531	TO	873	471	0	0	34	437	375	62
PCT7532	MV	668	328	0	0	23	305	245	60
PCT7532	ED	167	139	0	1	16	122	96	26
PCT7532	TO	835	467	0	1	39	427	341	86
PCT7533	MV	776	405	0	0	39	366	305	61
PCT7533	ED	194	189	0	0	21	168	145	23
PCT7533	TO	970	594	0	0	60	534	450	84
PCT7534	MV	670	375	0	0	43	332	267	65
PCT7534	ED	233	187	0	0	18	169	148	21
PCT7534	TO	903	562	0	0	61	501	415	86
PCT7535	MV	606	300	0	0	33	267	214	53
PCT7535	ED	139	162	0	0	22	140	116	24
PCT7535	TO	745	462	0	0	55	407	330	77
PCT7536	MV	670	346	0	0	26	320	263	57
PCT7536	ED	163	172	0	0	18	154	128	26
PCT7536	TO	833	518	0	0	44	474	391	83
PCT7537	MV	619	301	0	0	26	275	221	54
PCT7537	ED	126	150	0	0	15	135	113	22
PCT7537	TO	745	451	0	0	41	410	334	76
PCT7538	MV	562	321	0	0	25	296	240	56
PCT7538	ED	189	175	0	0	20	155	140	15
PCT7538	TO	751	496	0	0	45	451	380	71
PCT7539	MV	696	374	0	0	23	351	302	49
PCT7539	ED	225	195	0	0	18	177	162	15
PCT7539	TO	921	569	0	0	41	528	464	64
PCT7541	MV	600	295	0	0	32	263	213	50
PCT7541	ED	170	164	0	0	21	143	120	23
PCT7541	TO	770	459	0	0	53	406	333	73
PCT7542	MV	632	323	0	0	20	303	255	48
PCT7542	ED	192	171	0	0	11	160	129	31
PCT7542	TO	824	494	0	0	31	463	384	79
PCT7543	MV	694	371	0	0	27	344	270	74
PCT7543	ED	230	141	0	0	13	128	100	28
PCT7543	TO	924	512	0	0	40	472	370	102
PCT7544	MV	731	389	0	0	41	348	278	70
PCT7544	ED	168	164	0	0	18	146	126	20
PCT7544	TO	899	553	0	0	59	494	404	90
PCT7545	MV	723	384	0	0	39	345	271	74
PCT7545	ED	172	149	0	0	17	132	108	24
PCT7545	TO	895	533	0	0	56	477	379	98
PCT7546	MV	770	417	0	0	37	380	322	58
PCT7546	ED	183	219	0	0	24	195	150	45
PCT7546	TO	953	636	0	0	61	575	472	103
PCT7547	MV	798	426	0	0	37	389	341	48
PCT7547	ED	183	180	0	0	17	163	148	15
PCT7547	TO	981	606	0	0	54	552	489	63
PCT7548	MV	802	447	0	0	36	411	326	85
PCT7548	ED	249	204	0	0	20	184	157	27
PCT7548	TO	1051	651	0	0	56	595	483	112
PCT7549	MV	660	357	0	0	39	318	260	58
PCT7549	ED	146	143	0	0	21	122	102	20
PCT7549	TO	806	500	0	0	60	440	362	78
PCT7551	MV	587	303	0	0	25	278	236	42
PCT7551	ED	136	175	0	0	12	163	133	30
PCT7551	TO	723	478	0	0	37	441	369	72
PCT7552	MV	561	285	0	0	34	251	200	51
PCT7552	ED	124	130	0	0	16	114	93	21
PCT7552	TO	685	415	0	0	50	365	293	72
PCT7553	MV	211	95	0	0	7	88	60	28
PCT7553	ED	-20	0	0	0	0	0	0	0
PCT7553	TO	191	95	0	0	7	88	60	28
PCT7554	MV	653	381	0	0	39	342	263	79
PCT7554	ED	168	180	0	0	22	158	114	44
PCT7554	TO	821	561	0	0	61	500	377	123
PCT7555	MV	662	416	0	0	44	372	295	77
PCT7555	ED	210	210	0	0	27	183	147	36
PCT7555	TO	872	626	0	0	71	555	442	113
PCT7556	MV	812	512	0	0	39	473	367	106
PCT7556	ED	154	168	0	0	18	150	112	38
PCT7556	TO	966	680	0	0	57	623	479	144
PCT7601	MV	485	207	0	0	17	190	134	56
PCT7601	ED	192	91	0	0	12	79	62	17
PCT7601	TO	677	298	0	0	29	269	196	73
PCT7602	MV	654	276	0	0	21	255	187	68
PCT7602	ED	232	104	0	0	11	93	75	18
PCT7602	TO	886	380	0	0	32	348	262	86
PCT7603	MV	615	295	0	0	33	262	204	58
PCT7603	ED	200	168	0	0	15	153	117	36
PCT7603	TO	815	463	0	0	48	415	321	94
PCT7604	MV	685	270	0	0	18	252	197	55
PCT7604	ED	259	135	0	0	19	116	87	29
PCT7604	TO	944	405	0	0	37	368	284	84
PCT7605	MV	468	191	0	0	19	172	129	43
PCT7605	ED	193	62	0	0	6	56	32	24
PCT7605	TO	661	253	0	0	25	228	161	67
PCT7606	MV	673	267	0	0	38	229	176	53
PCT7606	ED	210	80	0	0	3	77	61	16
PCT7606	TO	883	347	0	0	41	306	237	69
PCT7607	MV	712	288	0	0	25	263	199	64
PCT7607	ED	207	101	0	0	5	96	74	22
PCT7607	TO	919	389	0	0	30	359	273	86
PCT7608	MV	279	96	0	0	15	81	44	37
PCT7608	ED	101	19	0	0	0	19	16	3
PCT7608	TO	380	115	0	0	15	100	60	40
PCT7609	MV	699	286	0	0	40	246	171	75
PCT7609	ED	185	49	0	0	6	43	30	13
PCT7609	TO	884	335	0	0	46	289	201	88
PCT7611	MV	586	235	0	0	23	212	149	63
PCT7611	ED	202	43	0	0	3	40	34	6
PCT7611	TO	788	278	0	0	26	252	183	69
PCT7612	MV	452	216	0	0	19	197	130	67
PCT7612	ED	105	31	0	0	1	30	21	9
PCT7612	TO	557	247	0	0	20	227	151	76
PCT7613	MV	634	244	0	0	25	219	168	51
PCT7613	ED	249	89	0	0	6	83	70	13
PCT7613	TO	883	333	0	0	31	302	238	64
PCT7614	MV	713	253	0	0	25	228	181	47
PCT7614	ED	203	81	0	0	8	73	60	13
PCT7614	TO	916	334	0	0	33	301	241	60
PCT7615	MV	510	165	0	0	18	147	111	36
PCT7615	ED	240	58	0	0	4	54	42	12
PCT7615	TO	750	223	0	0	22	201	153	48
PCT7616	MV	754	330	0	0	43	287	214	73
PCT7616	ED	82	86	0	0	11	75	58	17
PCT7616	TO	836	416	0	0	54	362	272	90
PCT7617	MV	583	222	0	0	35	187	133	54
PCT7617	ED	169	42	0	0	11	31	28	3
PCT7617	TO	752	264	0	0	46	218	161	57
PCT7618	MV	763	365	0	0	34	331	233	98
PCT7618	ED	151	85	0	0	13	72	54	18
PCT7618	TO	914	450	0	0	47	403	287	116
PCT7619	MV	937	439	0	0	44	395	295	100
PCT7619	ED	170	119	0	0	13	106	81	25
PCT7619	TO	1107	558	0	0	57	501	376	125
PCT7621	MV	1006	443	0	0	41	402	310	92
PCT7621	ED	149	104	0	0	13	91	73	18
PCT7621	TO	1155	547	0	0	54	493	383	110
PCT7622	MV	697	215	0	0	13	202	157	45
PCT7622	ED	263	74	0	0	9	65	53	12
PCT7622	TO	960	289	0	0	22	267	210	57
PCT7623	MV	767	256	0	1	28	227	165	62
PCT7623	ED	237	98	0	0	9	89	75	14
PCT7623	TO	1004	354	0	1	37	316	240	76
PCT7624	MV	652	209	0	0	18	191	137	54
PCT7624	ED	223	73	0	0	12	61	50	11
PCT7624	TO	875	282	0	0	30	252	187	65
PCT7625	MV	749	394	0	0	66	328	206	122
PCT7625	ED	73	34	0	0	3	31	25	6
PCT7625	TO	822	428	0	0	69	359	231	128
PCT7626	MV	944	401	0	0	51	350	217	133
PCT7626	ED	129	108	0	0	9	99	70	29
PCT7626	TO	1073	509	0	0	60	449	287	162
PCT7627	MV	457	196	0	0	23	173	99	74
PCT7627	ED	67	59	0	0	8	51	34	17
PCT7627	TO	524	255	0	0	31	224	133	91
PCT7628	MV	718	331	0	0	30	301	232	69
PCT7628	ED	220	111	0	0	11	100	82	18
PCT7628	TO	938	442	0	0	41	401	314	87
PCT7629	MV	691	276	0	0	28	248	197	51
PCT7629	ED	162	87	0	0	7	80	67	13
PCT7629	TO	853	363	0	0	35	328	264	64
PCT7631	MV	1009	440	0	0	48	392	288	104
PCT7631	ED	210	111	0	0	11	100	74	26
PCT7631	TO	1219	551	0	0	59	492	362	130
PCT7632	MV	1002	413	0	0	31	382	287	95
PCT7632	ED	169	130	0	0	9	121	94	27
PCT7632	TO	1171	543	0	0	40	503	381	122
PCT7633	MV	609	278	0	0	31	247	170	77
PCT7633	ED	126	97	0	0	14	83	60	23
PCT7633	TO	735	375	0	0	45	330	230	100
PCT7634	MV	704	344	0	0	40	304	214	90
PCT7634	ED	186	105	0	0	16	89	60	29
PCT7634	TO	890	449	0	0	56	393	274	119
PCT7635	MV	665	273	0	0	22	251	169	82
PCT7635	ED	188	62	0	0	5	57	41	16
PCT7635	TO	853	335	0	0	27	308	210	98
PCT7636	MV	798	330	0	0	35	295	207	88
PCT7636	ED	161	107	0	0	12	95	70	25
PCT7636	TO	959	437	0	0	47	390	277	113
PCT7637	MV	747	344	0	0	40	304	198	106
PCT7637	ED	121	99	0	0	14	85	59	26
PCT7637	TO	868	443	0	0	54	389	257	132
PCT7638	MV	806	372	0	0	37	335	201	134
PCT7638	ED	83	89	0	0	11	78	40	38
PCT7638	TO	889	461	0	0	48	413	241	172
PCT7639	MV	889	396	0	0	44	352	239	113
PCT7639	ED	133	134	0	0	30	104	69	35
PCT7639	TO	1022	530	0	0	74	456	308	148
PCT7641	MV	817	399	0	0	29	370	218	152
PCT7641	ED	134	93	0	0	9	84	61	23
PCT7641	TO	951	492	0	0	38	454	279	175
PCT7642	MV	647	311	0	0	44	267	199	68
PCT7642	ED	118	82	0	0	19	63	41	22
PCT7642	TO	765	393	0	0	63	330	240	90
PCT7643	MV	810	433	0	0	37	396	253	143
PCT7643	ED	131	106	0	0	16	90	63	27
PCT7643	TO	941	539	0	0	53	486	316	170
PCT7644	MV	1014	403	0	0	51	352	250	102
PCT7644	ED	162	142	0	0	15	127	102	25
PCT7644	TO	1176	545	0	0	66	479	352	127
PCT7645	MV	595	286	0	0	28	258	163	95
PCT7645	ED	61	56	0	0	8	48	36	12
PCT7645	TO	656	342	0	0	36	306	199	107
PCT7646	MV	1032	484	0	0	46	438	312	126
PCT7646	ED	121	134	0	0	18	116	91	25
PCT7646	TO	1153	618	0	0	64	554	403	151
PCT7647	MV	724	210	0	0	5	205	148	57
PCT7647	ED	263	79	0	0	7	72	61	11
PCT7647	TO	987	289	0	0	12	277	209	68
PCT7648	MV	2	1	0	0	1	0	0	0
PCT7648	ED	0	0	0	0	0	0	0	0
PCT7648	TO	2	1	0	0	1	0	0	0
PCT7649	MV	723	286	0	0	21	265	182	83
PCT7649	ED	177	81	0	0	5	76	60	16
PCT7649	TO	900	367	0	0	26	341	242	99
PCT7651	MV	834	332	0	0	32	300	202	98
PCT7651	ED	113	73	0	0	10	63	44	19
PCT7651	TO	947	405	0	0	42	363	246	117
PCT7652	MV	535	207	0	0	21	186	125	61
PCT7652	ED	100	87	0	0	8	79	58	21
PCT7652	TO	635	294	0	0	29	265	183	82
PCT7653	MV	750	334	0	0	45	289	206	83
PCT7653	ED	89	80	0	0	7	73	51	22
PCT7653	TO	839	414	0	0	52	362	257	105
PCT7654	MV	413	191	0	0	20	171	123	48
PCT7654	ED	53	84	0	0	11	73	61	12
PCT7654	TO	466	275	0	0	31	244	184	60
PCT7655	MV	583	215	0	0	12	203	139	64
PCT7655	ED	96	60	0	0	12	48	37	11
PCT7655	TO	679	275	0	0	24	251	176	75
PCT7656	MV	603	308	0	0	37	271	168	103
PCT7656	ED	35	40	0	0	5	35	21	14
PCT7656	TO	638	348	0	0	42	306	189	117
PCT7657	MV	561	269	0	0	32	237	168	69
PCT7657	ED	37	61	0	0	7	54	34	20
PCT7657	TO	598	330	0	0	39	291	202	89
PCT7701	MV	868	481	0	0	47	434	330	104
PCT7701	ED	196	174	0	0	20	154	122	32
PCT7701	TO	1064	655	0	0	67	588	452	136
PCT7702	MV	623	375	0	1	26	348	224	124
PCT7702	ED	133	104	0	0	11	93	65	28
PCT7702	TO	756	479	0	1	37	441	289	152
PCT7703	MV	187	71	0	0	8	63	46	17
PCT7703	ED	-13	0	0	0	0	0	0	0
PCT7703	TO	174	71	0	0	8	63	46	17
PCT7704	MV	798	489	0	0	46	443	276	167
PCT7704	ED	204	173	0	0	13	160	103	57
PCT7704	TO	1002	662	0	0	59	603	379	224
PCT7705	MV	470	285	0	0	22	263	159	104
PCT7705	ED	125	110	0	0	11	99	61	38
PCT7705	TO	595	395	0	0	33	362	220	142
PCT7706	MV	687	447	0	0	38	409	253	156
PCT7706	ED	179	162	0	0	14	148	94	54
PCT7706	TO	866	609	0	0	52	557	347	210
PCT7707	MV	683	432	0	0	34	398	268	130
PCT7707	ED	189	179	0	0	10	169	114	55
PCT7707	TO	872	611	0	0	44	567	382	185
PCT7708	MV	710	461	0	0	46	415	274	141
PCT7708	ED	165	154	0	0	15	139	96	43
PCT7708	TO	875	615	0	0	61	554	370	184
PCT7709	MV	324	193	0	0	17	176	120	56
PCT7709	ED	82	90	0	0	6	84	60	24
PCT7709	TO	406	283	0	0	23	260	180	80
PCT7711	MV	658	379	0	0	33	346	234	112
PCT7711	ED	153	125	0	0	9	116	83	33
PCT7711	TO	811	504	0	0	42	462	317	145
PCT7712	MV	425	258	0	0	16	242	181	61
PCT7712	ED	107	106	0	0	9	97	75	22
PCT7712	TO	532	364	0	0	25	339	256	83
PCT7801	MV	823	478	0	0	38	440	310	130
PCT7801	ED	151	190	0	0	15	175	132	43
PCT7801	TO	974	668	0	0	53	615	442	173
PCT7802	MV	646	401	0	1	34	366	260	106
PCT7802	ED	152	158	0	0	13	145	122	23
PCT7802	TO	798	559	0	1	47	511	382	129
PCT7803	MV	718	476	0	1	51	424	312	112
PCT7803	ED	113	128	0	0	15	113	80	33
PCT7803	TO	831	604	0	1	66	537	392	145
PCT7804	MV	734	463	0	0	44	419	333	86
PCT7804	ED	151	181	0	0	23	158	122	36
PCT7804	TO	885	644	0	0	67	577	455	122
PCT7805	MV	644	399	0	1	44	354	259	95
PCT7805	ED	156	156	0	0	15	141	115	26
PCT7805	TO	800	555	0	1	59	495	374	121
PCT7806	MV	602	361	0	0	32	329	261	68
PCT7806	ED	153	152	0	0	13	139	117	22
PCT7806	TO	755	513	0	0	45	468	378	90
PCT7807	MV	642	361	0	0	28	333	269	64
PCT7807	ED	185	174	0	0	19	155	131	24
PCT7807	TO	827	535	0	0	47	488	400	88
PCT7808	MV	525	296	0	1	34	261	224	37
PCT7808	ED	129	129	0	0	17	112	91	21
PCT7808	TO	654	425	0	1	51	373	315	58
PCT7809	MV	624	351	0	0	28	323	264	59
PCT7809	ED	140	136	0	0	15	121	104	17
PCT7809	TO	764	487	0	0	43	444	368	76
PCT7811	MV	582	311	0	0	34	277	239	38
PCT7811	ED	176	155	0	0	13	142	120	22
PCT7811	TO	758	466	0	0	47	419	359	60
PCT7812	MV	680	369	0	0	33	336	263	73
PCT7812	ED	217	163	0	1	16	146	121	25
PCT7812	TO	897	532	0	1	49	482	384	98
PCT7813	MV	843	483	0	0	32	451	359	92
PCT7813	ED	225	215	0	0	23	192	161	31
PCT7813	TO	1068	698	0	0	55	643	520	123
PCT7814	MV	660	279	0	0	26	253	205	48
PCT7814	ED	241	118	0	0	12	106	84	22
PCT7814	TO	901	397	0	0	38	359	289	70
PCT7815	MV	749	465	0	0	51	414	317	97
PCT7815	ED	168	179	0	0	18	161	129	32
PCT7815	TO	917	644	0	0	69	575	446	129
PCT7816	MV	724	472	0	0	47	425	321	104
PCT7816	ED	148	149	0	0	12	137	99	38
PCT7816	TO	872	621	0	0	59	562	420	142
PCT7817	MV	652	396	0	0	22	374	298	76
PCT7817	ED	186	183	0	0	16	167	140	27
PCT7817	TO	838	579	0	0	38	541	438	103
PCT7818	MV	668	393	0	0	36	357	289	68
PCT7818	ED	171	149	0	0	12	137	114	23
PCT7818	TO	839	542	0	0	48	494	403	91
PCT7819	MV	635	352	0	0	23	329	261	68
PCT7819	ED	139	89	0	0	9	80	65	15
PCT7819	TO	774	441	0	0	32	409	326	83
PCT7821	MV	806	519	0	0	40	479	366	113
PCT7821	ED	170	190	0	0	16	174	130	44
PCT7821	TO	976	709	0	0	56	653	496	157
PCT7822	MV	673	395	0	0	39	356	296	60
PCT7822	ED	219	223	0	0	24	199	150	49
PCT7822	TO	892	618	0	0	63	555	446	109
PCT7823	MV	706	410	0	0	36	374	285	89
PCT7823	ED	177	189	0	0	10	179	147	32
PCT7823	TO	883	599	0	0	46	553	432	121
PCT7824	MV	615	334	0	1	34	299	231	68
PCT7824	ED	153	158	0	0	19	139	111	28
PCT7824	TO	768	492	0	1	53	438	342	96
PCT7825	MV	457	252	0	0	20	232	208	24
PCT7825	ED	151	130	0	0	9	121	98	23
PCT7825	TO	608	382	0	0	29	353	306	47
PCT7826	MV	486	263	0	0	27	236	194	42
PCT7826	ED	204	162	0	0	14	148	125	23
PCT7826	TO	690	425	0	0	41	384	319	65
PCT7827	MV	607	318	0	0	27	291	234	57
PCT7827	ED	219	146	0	0	18	128	108	20
PCT7827	TO	826	464	0	0	45	419	342	77
PCT7828	MV	857	477	0	0	46	431	312	119
PCT7828	ED	171	179	0	0	20	159	118	41
PCT7828	TO	1028	656	0	0	66	590	430	160
PCT7829	MV	742	466	0	0	40	426	308	118
PCT7829	ED	149	151	0	0	5	146	118	28
PCT7829	TO	891	617	0	0	45	572	426	146
PCT7831	MV	763	485	0	0	58	427	320	107
PCT7831	ED	139	138	0	0	10	128	98	30
PCT7831	TO	902	623	0	0	68	555	418	137
PCT7832	MV	663	412	0	0	34	378	291	87
PCT7832	ED	118	127	0	0	11	116	92	24
PCT7832	TO	781	539	0	0	45	494	383	111
PCT7833	MV	587	343	0	0	32	311	263	48
PCT7833	ED	146	145	0	0	15	130	108	22
PCT7833	TO	733	488	0	0	47	441	371	70
PCT7834	MV	700	374	0	0	40	334	271	63
PCT7834	ED	194	177	0	0	19	158	130	28
PCT7834	TO	894	551	0	0	59	492	401	91
PCT7835	MV	721	427	0	0	29	398	271	127
PCT7835	ED	142	147	0	0	15	132	97	35
PCT7835	TO	863	574	0	0	44	530	368	162
PCT7836	MV	850	505	0	0	45	460	330	130
PCT7836	ED	193	170	0	0	10	160	122	38
PCT7836	TO	1043	675	0	0	55	620	452	168
PCT7837	MV	718	424	0	0	47	377	280	97
PCT7837	ED	205	199	0	0	14	185	143	42
PCT7837	TO	923	623	0	0	61	562	423	139
PCT7838	MV	752	492	0	0	49	443	300	143
PCT7838	ED	143	156	0	0	16	140	108	32
PCT7838	TO	895	648	0	0	65	583	408	175
PCT7839	MV	731	456	0	0	48	408	288	120
PCT7839	ED	130	137	0	0	14	123	91	32
PCT7839	TO	861	593	0	0	62	531	379	152
PCT7841	MV	752	457	0	0	51	406	306	100
PCT7841	ED	198	207	0	0	18	189	152	37
PCT7841	TO	950	664	0	0	69	595	458	137
PCT7842	MV	702	393	0	1	34	358	293	65
PCT7842	ED	177	155	0	0	10	145	116	29
PCT7842	TO	879	548	0	1	44	503	409	94
PCT7843	MV	546	295	0	0	21	274	217	57
PCT7843	ED	183	165	0	0	17	148	126	22
PCT7843	TO	729	460	0	0	38	422	343	79
PCT7844	MV	499	281	0	0	30	251	204	47
PCT7844	ED	152	136	0	0	16	120	100	20
PCT7844	TO	651	417	0	0	46	371	304	67
PCT7845	MV	676	405	0	0	36	369	272	97
PCT7845	ED	204	177	0	0	17	160	117	43
PCT7845	TO	880	582	0	0	53	529	389	140
PCT7846	MV	736	463	0	0	50	413	297	116
PCT7846	ED	172	167	0	0	15	152	115	37
PCT7846	TO	908	630	0	0	65	565	412	153
PCT7847	MV	698	427	0	0	52	375	283	92
PCT7847	ED	193	183	0	1	12	170	125	45
PCT7847	TO	891	610	0	1	64	545	408	137
PCT7848	MV	665	437	0	0	32	405	310	95
PCT7848	ED	182	169	0	0	22	147	117	30
PCT7848	TO	847	606	0	0	54	552	427	125
PCT7849	MV	729	441	0	0	40	401	306	95
PCT7849	ED	172	186	0	0	22	164	143	21
PCT7849	TO	901	627	0	0	62	565	449	116
PCT7851	MV	414	272	0	0	25	247	151	96
PCT7851	ED	112	84	0	1	10	73	42	31
PCT7851	TO	526	356	0	1	35	320	193	127
PCT7852	MV	533	350	0	0	36	314	206	108
PCT7852	ED	111	103	0	0	10	93	62	31
PCT7852	TO	644	453	0	0	46	407	268	139
PCT7853	MV	694	394	0	0	41	353	250	103
PCT7853	ED	161	137	0	0	10	127	87	40
PCT7853	TO	855	531	0	0	51	480	337	143
PCT7854	MV	703	430	0	0	56	374	279	95
PCT7854	ED	175	172	0	0	17	155	125	30
PCT7854	TO	878	602	0	0	73	529	404	125
PCT7855	MV	763	450	0	1	53	396	296	100
PCT7855	ED	211	202	0	1	27	174	133	41
PCT7855	TO	974	652	0	2	80	570	429	141
PCT7856	MV	643	372	0	0	31	341	256	85
PCT7856	ED	204	193	0	0	12	181	137	44
PCT7856	TO	847	565	0	0	43	522	393	129
PCT7857	MV	748	435	0	0	46	389	288	101
PCT7857	ED	158	154	0	0	9	145	120	25
PCT7857	TO	906	589	0	0	55	534	408	126
PCT7858	MV	622	349	0	0	32	317	264	53
PCT7858	ED	157	148	0	0	13	135	111	24
PCT7858	TO	779	497	0	0	45	452	375	77
PCT7859	MV	747	464	0	0	45	419	301	118
PCT7859	ED	152	166	0	0	24	142	104	38
PCT7859	TO	899	630	0	0	69	561	405	156
PCT7861	MV	699	431	0	0	31	400	296	104
PCT7861	ED	164	171	0	0	9	162	136	26
PCT7861	TO	863	602	0	0	40	562	432	130
PCT7862	MV	669	400	0	0	33	367	287	80
PCT7862	ED	195	198	0	0	21	177	134	43
PCT7862	TO	864	598	0	0	54	544	421	123
PCT7863	MV	693	371	0	0	33	338	272	66
PCT7863	ED	208	205	0	0	17	188	145	43
PCT7863	TO	901	576	0	0	50	526	417	109
PCT7864	MV	661	374	0	0	40	334	253	81
PCT7864	ED	153	157	0	0	18	139	103	36
PCT7864	TO	814	531	0	0	58	473	356	117
PCT7865	MV	677	408	0	0	38	370	276	94
PCT7865	ED	163	157	0	0	13	144	109	35
PCT7865	TO	840	565	0	0	51	514	385	129
PCT7866	MV	690	446	0	0	45	401	251	150
PCT7866	ED	158	141	0	0	11	130	88	42
PCT7866	TO	848	587	0	0	56	531	339	192
PCT7867	MV	766	470	0	0	38	432	309	123
PCT7867	ED	212	182	0	0	23	159	119	40
PCT7867	TO	978	652	0	0	61	591	428	163
PCT7868	MV	659	374	0	0	31	343	239	104
PCT7868	ED	217	161	0	0	15	146	109	37
PCT7868	TO	876	535	0	0	46	489	348	141
PCT7869	MV	683	440	0	0	36	404	311	93
PCT7869	ED	178	190	0	0	21	169	125	44
PCT7869	TO	861	630	0	0	57	573	436	137
PCT7871	MV	702	463	0	0	47	416	317	99
PCT7871	ED	200	157	0	0	18	139	98	41
PCT7871	TO	902	620	0	0	65	555	415	140
PCT7872	MV	675	420	0	0	30	390	279	111
PCT7872	ED	199	185	0	0	14	171	123	48
PCT7872	TO	874	605	0	0	44	561	402	159
PCT7873	MV	689	444	0	0	42	402	308	94
PCT7873	ED	202	213	0	0	19	194	148	46
PCT7873	TO	891	657	0	0	61	596	456	140
PCT7874	MV	370	189	0	0	12	177	138	39
PCT7874	ED	119	107	0	1	9	97	73	24
PCT7874	TO	489	296	0	1	21	274	211	63
PCT7875	MV	500	252	0	0	23	229	169	60
PCT7875	ED	147	115	0	0	10	105	79	26
PCT7875	TO	647	367	0	0	33	334	248	86
PCT7876	MV	462	256	0	0	28	228	183	45
PCT7876	ED	106	91	0	0	16	75	64	11
PCT7876	TO	568	347	0	0	44	303	247	56
PCT7901	MV	399	191	0	0	16	175	140	35
PCT7901	ED	150	65	0	0	5	60	52	8
PCT7901	TO	549	256	0	0	21	235	192	43
PCT7902	MV	680	290	0	0	22	268	224	44
PCT7902	ED	232	141	0	0	9	132	108	24
PCT7902	TO	912	431	0	0	31	400	332	68
PCT7903	MV	623	284	0	0	22	262	208	54
PCT7903	ED	229	123	0	0	14	109	94	15
PCT7903	TO	852	407	0	0	36	371	302	69
PCT7904	MV	680	297	0	0	27	270	199	71
PCT7904	ED	157	118	0	1	12	105	92	13
PCT7904	TO	837	415	0	1	39	375	291	84
PCT7905	MV	684	356	0	0	26	330	249	81
PCT7905	ED	191	183	0	0	12	171	137	34
PCT7905	TO	875	539	0	0	38	501	386	115
PCT7906	MV	599	283	0	0	20	263	205	58
PCT7906	ED	187	117	0	0	16	101	90	11
PCT7906	TO	786	400	0	0	36	364	295	69
PCT7907	MV	704	343	0	0	19	324	260	64
PCT7907	ED	238	164	0	0	20	144	116	28
PCT7907	TO	942	507	0	0	39	468	376	92
PCT7908	MV	752	365	0	0	44	321	253	68
PCT7908	ED	240	169	0	0	18	151	127	24
PCT7908	TO	992	534	0	0	62	472	380	92
PCT7909	MV	558	310	0	0	28	282	241	41
PCT7909	ED	185	140	0	0	11	129	109	20
PCT7909	TO	743	450	0	0	39	411	350	61
PCT7911	MV	666	320	0	0	25	295	224	71
PCT7911	ED	205	129	0	0	8	121	101	20
PCT7911	TO	871	449	0	0	33	416	325	91
PCT7912	MV	800	370	0	0	25	345	289	56
PCT7912	ED	259	177	0	0	20	157	136	21
PCT7912	TO	1059	547	0	0	45	502	425	77
PCT7913	MV	660	350	0	0	21	329	259	70
PCT7913	ED	263	214	0	0	14	200	160	40
PCT7913	TO	923	564	0	0	35	529	419	110
PCT7914	MV	715	389	0	0	41	348	276	72
PCT7914	ED	187	142	0	0	15	127	101	26
PCT7914	TO	902	531	0	0	56	475	377	98
PCT7915	MV	605	290	0	0	23	267	216	51
PCT7915	ED	238	181	0	0	10	171	143	28
PCT7915	TO	843	471	0	0	33	438	359	79
PCT7916	MV	639	334	0	0	22	312	251	61
PCT7916	ED	219	161	0	0	15	146	129	17
PCT7916	TO	858	495	0	0	37	458	380	78
PCT7917	MV	716	356	0	0	25	331	279	52
PCT7917	ED	271	187	0	0	12	175	154	21
PCT7917	TO	987	543	0	0	37	506	433	73
PCT7918	MV	597	297	0	0	20	277	232	45
PCT7918	ED	227	144	0	0	10	134	112	22
PCT7918	TO	824	441	0	0	30	411	344	67
PCT7919	MV	608	309	0	1	26	282	238	44
PCT7919	ED	258	176	0	0	9	167	146	21
PCT7919	TO	866	485	0	1	35	449	384	65
PCT7921	MV	682	309	0	0	21	288	219	69
PCT7921	ED	229	102	0	0	5	97	80	17
PCT7921	TO	911	411	0	0	26	385	299	86
PCT7922	MV	648	314	0	0	18	296	256	40
PCT7922	ED	210	155	0	0	16	139	115	24
PCT7922	TO	858	469	0	0	34	435	371	64
PCT7923	MV	666	336	0	0	27	309	233	76
PCT7923	ED	214	171	0	0	14	157	126	31
PCT7923	TO	880	507	0	0	41	466	359	107
PCT7924	MV	649	302	0	0	15	287	225	62
PCT7924	ED	202	124	0	0	13	111	90	21
PCT7924	TO	851	426	0	0	28	398	315	83
PCT7925	MV	434	225	0	0	23	202	157	45
PCT7925	ED	110	89	0	0	7	82	68	14
PCT7925	TO	544	314	0	0	30	284	225	59
PCT7926	MV	610	337	0	0	26	311	254	57
PCT7926	ED	178	150	0	0	10	140	113	27
PCT7926	TO	788	487	0	0	36	451	367	84
PCT7927	MV	580	334	0	0	31	303	249	54
PCT7927	ED	162	153	0	0	9	144	111	33
PCT7927	TO	742	487	0	0	40	447	360	87
PCT7928	MV	700	395	0	0	31	364	285	79
PCT7928	ED	217	208	0	0	9	199	165	34
PCT7928	TO	917	603	0	0	40	563	450	113
PCT7929	MV	678	422	0	0	35	387	304	83
PCT7929	ED	169	171	0	0	17	154	124	30
PCT7929	TO	847	593	0	0	52	541	428	113
PCT7931	MV	610	376	0	0	39	337	245	92
PCT7931	ED	141	150	0	0	15	135	113	22
PCT7931	TO	751	526	0	0	54	472	358	114
PCT7932	MV	443	277	0	0	23	254	178	76
PCT7932	ED	118	96	0	0	13	83	62	21
PCT7932	TO	561	373	0	0	36	337	240	97
PCT7933	MV	9	6	0	0	1	5	3	2
PCT7933	ED	-1	0	0	0	0	0	0	0
PCT7933	TO	8	6	0	0	1	5	3	2
PCT7934	MV	702	408	0	0	37	371	302	69
PCT7934	ED	182	155	0	1	19	135	114	21
PCT7934	TO	884	563	0	1	56	506	416	90
PCT7935	MV	716	435	0	0	37	398	312	86
PCT7935	ED	227	225	0	0	22	203	170	33
PCT7935	TO	943	660	0	0	59	601	482	119
PCT7936	MV	620	369	0	0	33	336	270	66
PCT7936	ED	236	220	0	1	14	205	169	36
PCT7936	TO	856	589	0	1	47	541	439	102
PCT7937	MV	698	406	0	0	32	374	294	80
PCT7937	ED	202	171	0	0	14	157	131	26
PCT7937	TO	900	577	0	0	46	531	425	106
PCT7938	MV	536	301	0	0	19	282	211	71
PCT7938	ED	215	121	0	0	11	110	89	21
PCT7938	TO	751	422	0	0	30	392	300	92
PCT7939	MV	481	289	0	0	23	266	219	47
PCT7939	ED	205	191	0	0	15	176	149	27
PCT7939	TO	686	480	0	0	38	442	368	74
PCT7941	MV	576	304	0	0	30	274	236	38
PCT7941	ED	196	171	0	0	14	157	128	29
PCT7941	TO	772	475	0	0	44	431	364	67
PCT7942	MV	658	330	0	0	20	310	234	76
PCT7942	ED	274	141	0	0	10	131	105	26
PCT7942	TO	932	471	0	0	30	441	339	102
PCT7943	MV	687	367	0	0	23	344	242	102
PCT7943	ED	213	156	0	0	11	145	102	43
PCT7943	TO	900	523	0	0	34	489	344	145
PCT7944	MV	584	340	0	0	40	300	241	59
PCT7944	ED	230	196	0	0	14	182	143	39
PCT7944	TO	814	536	0	0	54	482	384	98
PCT7945	MV	726	337	0	0	30	307	233	74
PCT7945	ED	228	83	0	0	7	76	69	7
PCT7945	TO	954	420	0	0	37	383	302	81
PCT7946	MV	779	365	0	0	24	341	201	140
PCT7946	ED	206	115	0	0	10	105	77	28
PCT7946	TO	985	480	0	0	34	446	278	168
PCT7947	MV	792	332	0	0	32	300	162	138
PCT7947	ED	194	94	0	0	5	89	55	34
PCT7947	TO	986	426	0	0	37	389	217	172
PCT7948	MV	730	373	0	0	33	340	201	139
PCT7948	ED	200	119	0	0	8	111	76	35
PCT7948	TO	930	492	0	0	41	451	277	174
PCT7949	MV	484	233	0	0	20	213	116	97
PCT7949	ED	106	56	0	0	10	46	30	16
PCT7949	TO	590	289	0	0	30	259	146	113
PCT7951	MV	731	365	0	0	27	338	183	155
PCT7951	ED	156	90	0	0	9	81	46	35
PCT7951	TO	887	455	0	0	36	419	229	190
PCT7952	MV	730	292	0	0	24	268	139	129
PCT7952	ED	182	86	0	0	9	77	53	24
PCT7952	TO	912	378	0	0	33	345	192	153
PCT7953	MV	669	331	0	0	23	308	175	133
PCT7953	ED	161	106	0	0	8	98	58	40
PCT7953	TO	830	437	0	0	31	406	233	173
PCT7954	MV	0	0	0	0	0	0	0	0
PCT7954	ED	0	0	0	0	0	0	0	0
PCT7954	TO	0	0	0	0	0	0	0	0
PCT7955	MV	774	350	0	0	34	316	183	133
PCT7955	ED	173	98	0	0	12	86	62	24
PCT7955	TO	947	448	0	0	46	402	245	157
PCT7956	MV	699	266	0	0	19	247	139	108
PCT7956	ED	170	39	0	1	2	36	26	10
PCT7956	TO	869	305	0	1	21	283	165	118
PCT7957	MV	538	261	0	0	27	234	160	74
PCT7957	ED	135	85	0	0	9	76	59	17
PCT7957	TO	673	346	0	0	36	310	219	91
PCT7958	MV	320	104	0	0	7	97	65	32
PCT7958	ED	-23	0	0	0	0	0	0	0
PCT7958	TO	297	104	0	0	7	97	65	32
PCT7959	MV	541	230	0	0	27	203	164	39
PCT7959	ED	145	68	0	0	9	59	54	5
PCT7959	TO	686	298	0	0	36	262	218	44
PCT9001	MV	314	100	0	0	6	94	72	22
PCT9001	ED	-30	0	0	0	0	0	0	0
PCT9001	TO	284	100	0	0	6	94	72	22
PCT9101	MV	712	377	0	0	29	348	208	140
PCT9101	ED	201	193	0	0	19	174	115	59
PCT9101	TO	913	570	0	0	48	522	323	199
PCT9102	MV	788	393	0	1	39	353	232	121
PCT9102	ED	204	173	0	0	21	152	110	42
PCT9102	TO	992	566	0	1	60	505	342	163
PCT9103	MV	719	381	0	0	38	343	222	121
PCT9103	ED	238	190	0	0	20	170	106	64
PCT9103	TO	957	571	0	0	58	513	328	185
PCT9104	MV	810	381	0	0	32	349	229	120
PCT9104	ED	220	178	0	0	15	163	123	40
PCT9104	TO	1030	559	0	0	47	512	352	160
PCT9105	MV	719	413	0	0	36	377	246	131
PCT9105	ED	199	221	0	0	30	191	127	64
PCT9105	TO	918	634	0	0	66	568	373	195
PCT9106	MV	748	397	0	0	40	357	248	109
PCT9106	ED	198	223	0	0	27	196	146	50
PCT9106	TO	946	620	0	0	67	553	394	159
PCT9107	MV	636	305	0	0	34	271	193	78
PCT9107	ED	208	165	0	1	25	139	116	23
PCT9107	TO	844	470	0	1	59	410	309	101
PCT9108	MV	610	336	0	0	37	299	210	89
PCT9108	ED	200	140	0	0	10	130	99	31
PCT9108	TO	810	476	0	0	47	429	309	120
PCT9109	MV	672	300	0	0	29	271	195	76
PCT9109	ED	211	196	0	0	15	181	136	45
PCT9109	TO	883	496	0	0	44	452	331	121
PCT9111	MV	639	316	0	0	35	281	196	85
PCT9111	ED	195	169	0	0	25	144	107	37
PCT9111	TO	834	485	0	0	60	425	303	122
PCT9112	MV	742	351	0	0	38	313	223	90
PCT9112	ED	219	204	0	0	20	184	140	44
PCT9112	TO	961	555	0	0	58	497	363	134
PCT9113	MV	796	371	0	0	36	335	250	85
PCT9113	ED	208	241	0	0	35	206	135	71
PCT9113	TO	1004	612	0	0	71	541	385	156
PCT9114	MV	659	290	0	0	19	271	196	75
PCT9114	ED	231	182	0	0	22	160	129	31
PCT9114	TO	890	472	0	0	41	431	325	106
PCT9115	MV	699	322	0	1	34	287	196	91
PCT9115	ED	182	179	0	0	23	156	122	34
PCT9115	TO	881	501	0	1	57	443	318	125
PCT9116	MV	782	345	0	0	28	317	226	91
PCT9116	ED	179	174	0	0	19	155	110	45
PCT9116	TO	961	519	0	0	47	472	336	136
PCT9117	MV	629	326	0	0	31	295	192	103
PCT9117	ED	171	195	0	0	16	179	122	57
PCT9117	TO	800	521	0	0	47	474	314	160
PCT9118	MV	742	340	0	0	43	297	177	120
PCT9118	ED	242	223	0	0	27	196	140	56
PCT9118	TO	984	563	0	0	70	493	317	176
PCT9119	MV	703	387	0	0	29	358	198	160
PCT9119	ED	197	156	0	0	17	139	107	32
PCT9119	TO	900	543	0	0	46	497	305	192
PCT9121	MV	735	335	0	0	27	308	188	120
PCT9121	ED	218	184	0	0	16	168	111	57
PCT9121	TO	953	519	0	0	43	476	299	177
PCT9122	MV	775	364	0	0	36	328	192	136
PCT9122	ED	192	160	0	0	25	135	96	39
PCT9122	TO	967	524	0	0	61	463	288	175
PCT9123	MV	661	319	0	0	30	289	173	116
PCT9123	ED	191	187	0	0	27	160	118	42
PCT9123	TO	852	506	0	0	57	449	291	158
PCT9124	MV	736	351	0	0	24	327	202	125
PCT9124	ED	167	159	0	0	17	142	105	37
PCT9124	TO	903	510	0	0	41	469	307	162
PCT9125	MV	681	358	0	0	24	334	214	120
PCT9125	ED	188	152	0	0	17	135	92	43
PCT9125	TO	869	510	0	0	41	469	306	163
PCT9126	MV	819	385	0	0	33	352	205	147
PCT9126	ED	194	200	0	0	23	177	129	48
PCT9126	TO	1013	585	0	0	56	529	334	195
PCT9127	MV	748	380	0	0	38	342	223	119
PCT9127	ED	223	220	0	0	22	198	142	56
PCT9127	TO	971	600	0	0	60	540	365	175
PCT9128	MV	628	333	0	0	31	302	199	103
PCT9128	ED	190	195	0	0	26	169	121	48
PCT9128	TO	818	528	0	0	57	471	320	151
PCT9129	MV	587	271	0	0	19	252	158	94
PCT9129	ED	151	153	0	0	9	144	110	34
PCT9129	TO	738	424	0	0	28	396	268	128
PCT9131	MV	596	285	0	0	22	263	163	100
PCT9131	ED	138	152	0	0	19	133	94	39
PCT9131	TO	734	437	0	0	41	396	257	139
PCT9132	MV	627	262	0	0	30	232	172	60
PCT9132	ED	194	172	0	0	23	149	117	32
PCT9132	TO	821	434	0	0	53	381	289	92
PCT9133	MV	808	381	0	0	41	340	232	108
PCT9133	ED	209	211	0	0	17	194	151	43
PCT9133	TO	1017	592	0	0	58	534	383	151
PCT9134	MV	736	327	0	0	30	297	188	109
PCT9134	ED	155	103	0	0	14	89	61	28
PCT9134	TO	891	430	0	0	44	386	249	137
PCT9135	MV	640	304	0	0	28	276	163	113
PCT9135	ED	182	154	0	0	12	142	86	56
PCT9135	TO	822	458	0	0	40	418	249	169
PCT9136	MV	706	368	0	0	38	330	216	114
PCT9136	ED	212	162	0	0	26	136	104	32
PCT9136	TO	918	530	0	0	64	466	320	146
PCT9137	MV	806	387	0	0	36	351	227	124
PCT9137	ED	209	175	0	0	17	158	102	56
PCT9137	TO	1015	562	0	0	53	509	329	180
PCT9138	MV	770	398	0	0	30	368	221	147
PCT9138	ED	175	149	0	0	15	134	91	43
PCT9138	TO	945	547	0	0	45	502	312	190
PCT9139	MV	828	422	0	0	36	386	239	147
PCT9139	ED	190	174	0	0	19	155	100	55
PCT9139	TO	1018	596	0	0	55	541	339	202
PCT9141	MV	789	418	0	0	39	379	233	146
PCT9141	ED	184	172	0	0	21	151	105	46
PCT9141	TO	973	590	0	0	60	530	338	192
PCT9142	MV	747	364	0	1	23	340	235	105
PCT9142	ED	239	204	0	0	26	178	133	45
PCT9142	TO	986	568	0	1	49	518	368	150
PCT9143	MV	705	359	0	0	30	329	206	123
PCT9143	ED	209	170	0	0	15	155	111	44
PCT9143	TO	914	529	0	0	45	484	317	167
PCT9144	MV	767	376	0	1	30	345	212	133
PCT9144	ED	203	213	0	0	15	198	151	47
PCT9144	TO	970	589	0	1	45	543	363	180
PCT9145	MV	681	334	0	0	24	310	212	98
PCT9145	ED	194	176	0	0	11	165	111	54
PCT9145	TO	875	510	0	0	35	475	323	152
PCT9146	MV	725	353	0	0	35	318	232	86
PCT9146	ED	160	189	0	0	21	168	129	39
PCT9146	TO	885	542	0	0	56	486	361	125
PCT9147	MV	765	373	0	1	34	338	243	95
PCT9147	ED	225	208	0	0	23	185	144	41
PCT9147	TO	990	581	0	1	57	523	387	136
PCT9148	MV	779	397	0	0	35	362	269	93
PCT9148	ED	235	226	0	0	28	198	149	49
PCT9148	TO	1014	623	0	0	63	560	418	142
PCT9149	MV	813	384	0	0	35	349	242	107
PCT9149	ED	178	248	0	1	24	223	178	45
PCT9149	TO	991	632	0	1	59	572	420	152
PCT9151	MV	693	351	0	0	32	319	236	83
PCT9151	ED	168	114	0	0	6	108	72	36
PCT9151	TO	861	465	0	0	38	427	308	119
PCT9152	MV	550	196	0	0	18	178	146	32
PCT9152	ED	187	142	0	0	13	129	110	19
PCT9152	TO	737	338	0	0	31	307	256	51
PCT9201	MV	785	357	0	0	36	321	263	58
PCT9201	ED	186	226	0	0	25	201	166	35
PCT9201	TO	971	583	0	0	61	522	429	93
PCT9202	MV	819	368	0	0	41	327	240	87
PCT9202	ED	177	223	0	0	33	190	144	46
PCT9202	TO	996	591	0	0	74	517	384	133
PCT9203	MV	847	373	0	0	69	304	173	131
PCT9203	ED	155	188	0	0	31	157	83	74
PCT9203	TO	1002	561	0	0	100	461	256	205
PCT9204	MV	686	309	0	0	39	270	159	111
PCT9204	ED	176	195	0	0	30	165	107	58
PCT9204	TO	862	504	0	0	69	435	266	169
PCT9205	MV	621	288	0	1	40	247	183	64
PCT9205	ED	115	150	0	0	25	125	70	55
PCT9205	TO	736	438	0	1	65	372	253	119
PCT9206	MV	741	350	0	0	41	309	174	135
PCT9206	ED	188	194	0	0	46	148	83	65
PCT9206	TO	929	544	0	0	87	457	257	200
PCT9207	MV	824	369	0	0	40	329	179	150
PCT9207	ED	165	192	0	0	30	162	92	70
PCT9207	TO	989	561	0	0	70	491	271	220
PCT9208	MV	808	357	0	0	36	321	205	116
PCT9208	ED	179	179	0	0	26	153	98	55
PCT9208	TO	987	536	0	0	62	474	303	171
PCT9209	MV	615	275	0	0	31	244	144	100
PCT9209	ED	156	170	0	0	35	135	85	50
PCT9209	TO	771	445	0	0	66	379	229	150
PCT9211	MV	730	314	0	0	44	270	154	116
PCT9211	ED	161	154	0	0	22	132	81	51
PCT9211	TO	891	468	0	0	66	402	235	167
PCT9212	MV	671	284	0	1	36	247	164	83
PCT9212	ED	137	170	0	0	34	136	88	48
PCT9212	TO	808	454	0	1	70	383	252	131
PCT9213	MV	776	349	0	0	34	315	214	101
PCT9213	ED	161	195	0	0	25	170	113	57
PCT9213	TO	937	544	0	0	59	485	327	158
PCT9214	MV	517	236	0	0	19	217	130	87
PCT9214	ED	110	135	0	0	26	109	69	40
PCT9214	TO	627	371	0	0	45	326	199	127
PCT9215	MV	524	246	0	0	18	228	130	98
PCT9215	ED	120	131	0	0	17	114	69	45
PCT9215	TO	644	377	0	0	35	342	199	143
PCT9216	MV	669	264	0	0	45	219	133	86
PCT9216	ED	155	172	0	0	24	148	98	50
PCT9216	TO	824	436	0	0	69	367	231	136
PCT9217	MV	588	268	0	0	22	246	159	87
PCT9217	ED	117	133	0	0	11	122	71	51
PCT9217	TO	705	401	0	0	33	368	230	138
PCT9218	MV	652	278	0	1	37	240	142	98
PCT9218	ED	164	158	0	0	14	144	89	55
PCT9218	TO	816	436	0	1	51	384	231	153
PCT9219	MV	646	288	0	0	44	244	167	77
PCT9219	ED	144	168	0	0	27	141	99	42
PCT9219	TO	790	456	0	0	71	385	266	119
PCT9221	MV	562	322	0	0	25	297	152	145
PCT9221	ED	89	140	0	0	20	120	67	53
PCT9221	TO	651	462	0	0	45	417	219	198
PCT9222	MV	773	373	0	0	30	343	203	140
PCT9222	ED	137	174	0	0	30	144	94	50
PCT9222	TO	910	547	0	0	60	487	297	190
PCT9223	MV	558	266	0	0	23	243	139	104
PCT9223	ED	109	113	0	0	13	100	57	43
PCT9223	TO	667	379	0	0	36	343	196	147
PCT9224	MV	768	380	0	0	38	342	207	135
PCT9224	ED	181	166	0	0	27	139	84	55
PCT9224	TO	949	546	0	0	65	481	291	190
PCT9225	MV	757	303	0	0	30	273	186	87
PCT9225	ED	169	219	0	0	37	182	127	55
PCT9225	TO	926	522	0	0	67	455	313	142
PCT9226	MV	741	355	0	0	51	304	198	106
PCT9226	ED	155	148	0	0	19	129	79	50
PCT9226	TO	896	503	0	0	70	433	277	156
PCT9227	MV	605	371	0	0	42	329	208	121
PCT9227	ED	124	149	0	0	11	138	81	57
PCT9227	TO	729	520	0	0	53	467	289	178
PCT9228	MV	578	314	0	0	24	290	177	113
PCT9228	ED	160	179	0	0	21	158	92	66
PCT9228	TO	738	493	0	0	45	448	269	179
PCT9229	MV	460	257	0	0	30	227	150	77
PCT9229	ED	119	122	0	0	16	106	63	43
PCT9229	TO	579	379	0	0	46	333	213	120
PCT9231	MV	726	352	0	0	35	317	228	89
PCT9231	ED	236	255	0	0	33	222	155	67
PCT9231	TO	962	607	0	0	68	539	383	156
PCT9232	MV	608	293	0	0	36	257	166	91
PCT9232	ED	126	155	0	0	23	132	84	48
PCT9232	TO	734	448	0	0	59	389	250	139
PCT9233	MV	668	330	0	0	37	293	160	133
PCT9233	ED	150	186	0	0	33	153	99	54
PCT9233	TO	818	516	0	0	70	446	259	187
PCT9234	MV	643	319	0	0	35	284	169	115
PCT9234	ED	91	144	0	0	25	119	60	59
PCT9234	TO	734	463	0	0	60	403	229	174
PCT9235	MV	703	365	0	0	40	325	173	152
PCT9235	ED	160	194	0	0	23	171	112	59
PCT9235	TO	863	559	0	0	63	496	285	211
PCT9236	MV	537	282	0	0	28	254	167	87
PCT9236	ED	136	137	0	0	24	113	65	48
PCT9236	TO	673	419	0	0	52	367	232	135
PCT9237	MV	779	395	0	0	44	351	228	123
PCT9237	ED	118	182	0	0	23	159	113	46
PCT9237	TO	897	577	0	0	67	510	341	169
PCT9238	MV	687	330	0	0	43	287	172	115
PCT9238	ED	118	174	0	0	34	140	95	45
PCT9238	TO	805	504	0	0	77	427	267	160
PCT9239	MV	740	390	0	0	55	335	208	127
PCT9239	ED	124	157	0	0	27	130	85	45
PCT9239	TO	864	547	0	0	82	465	293	172
PCT9241	MV	819	403	0	0	49	354	243	111
PCT9241	ED	141	195	0	0	26	169	122	47
PCT9241	TO	960	598	0	0	75	523	365	158
PCT9242	MV	771	348	0	0	46	302	209	93
PCT9242	ED	172	213	0	0	35	178	125	53
PCT9242	TO	943	561	0	0	81	480	334	146
PCT9243	MV	480	241	0	0	32	209	146	63
PCT9243	ED	123	138	0	0	19	119	86	33
PCT9243	TO	603	379	0	0	51	328	232	96
PCT9244	MV	756	394	0	0	52	342	241	101
PCT9244	ED	154	182	0	0	19	163	114	49
PCT9244	TO	910	576	0	0	71	505	355	150
PCT9245	MV	616	300	0	0	43	257	156	101
PCT9245	ED	98	127	0	0	21	106	75	31
PCT9245	TO	714	427	0	0	64	363	231	132
PCT9246	MV	815	430	0	0	37	393	240	153
PCT9246	ED	155	194	0	0	27	167	123	44
PCT9246	TO	970	624	0	0	64	560	363	197
PCT9247	MV	764	380	0	0	42	338	228	110
PCT9247	ED	148	204	0	0	37	167	114	53
PCT9247	TO	912	584	0	0	79	505	342	163
PCT9248	MV	757	358	0	0	42	316	217	99
PCT9248	ED	150	190	0	0	27	163	119	44
PCT9248	TO	907	548	0	0	69	479	336	143
PCT9249	MV	724	379	0	0	43	336	218	118
PCT9249	ED	191	213	0	0	25	188	122	66
PCT9249	TO	915	592	0	0	68	524	340	184
PCT9251	MV	792	392	0	0	43	349	224	125
PCT9251	ED	174	235	0	0	32	203	141	62
PCT9251	TO	966	627	0	0	75	552	365	187
PCT9252	MV	811	381	0	0	36	345	213	132
PCT9252	ED	142	175	0	0	21	154	116	38
PCT9252	TO	953	556	0	0	57	499	329	170
PCT9253	MV	599	300	0	0	26	274	186	88
PCT9253	ED	162	148	0	0	15	133	92	41
PCT9253	TO	761	448	0	0	41	407	278	129
PCT9254	MV	758	414	0	0	40	374	263	111
PCT9254	ED	163	181	0	0	29	152	114	38
PCT9254	TO	921	595	0	0	69	526	377	149
PCT9255	MV	436	196	0	0	25	171	117	54
PCT9255	ED	114	133	0	0	18	115	89	26
PCT9255	TO	550	329	0	0	43	286	206	80
PCT9256	MV	367	169	0	0	17	152	101	51
PCT9256	ED	95	114	0	0	16	98	76	22
PCT9256	TO	462	283	0	0	33	250	177	73
PCT9257	MV	359	161	0	0	18	143	112	31
PCT9257	ED	-39	6	0	0	1	5	3	2
PCT9257	TO	320	167	0	0	19	148	115	33
PCT9258	MV	583	306	0	0	33	273	171	102
PCT9258	ED	120	145	0	0	17	128	98	30
PCT9258	TO	703	451	0	0	50	401	269	132
PCT9401	MV	796	358	0	0	26	332	251	81
PCT9401	ED	242	177	0	0	18	159	131	28
PCT9401	TO	1038	535	0	0	44	491	382	109
PCT9402	MV	775	377	0	0	34	343	244	99
PCT9402	ED	242	159	0	0	16	143	112	31
PCT9402	TO	1017	536	0	0	50	486	356	130
PCT9403	MV	731	346	0	0	25	321	208	113
PCT9403	ED	190	126	0	0	8	118	93	25
PCT9403	TO	921	472	0	0	33	439	301	138
PCT9404	MV	753	345	0	0	25	320	182	138
PCT9404	ED	191	155	0	0	15	140	99	41
PCT9404	TO	944	500	0	0	40	460	281	179
PCT9405	MV	629	276	0	0	28	248	139	109
PCT9405	ED	151	104	0	0	7	97	59	38
PCT9405	TO	780	380	0	0	35	345	198	147
PCT9406	MV	695	327	0	0	28	299	186	113
PCT9406	ED	188	152	0	0	10	142	97	45
PCT9406	TO	883	479	0	0	38	441	283	158
PCT9407	MV	712	368	0	0	35	333	225	108
PCT9407	ED	201	132	0	0	19	113	83	30
PCT9407	TO	913	500	0	0	54	446	308	138
PCT9408	MV	711	321	0	0	34	287	231	56
PCT9408	ED	152	126	0	0	14	112	91	21
PCT9408	TO	863	447	0	0	48	399	322	77
PCT9409	MV	443	226	0	0	27	199	145	54
PCT9409	ED	158	127	0	0	11	116	96	20
PCT9409	TO	601	353	0	0	38	315	241	74
PCT9411	MV	816	376	0	0	42	334	254	80
PCT9411	ED	191	135	0	0	12	123	100	23
PCT9411	TO	1007	511	0	0	54	457	354	103
PCT9412	MV	668	339	0	0	23	316	207	109
PCT9412	ED	202	139	0	0	12	127	97	30
PCT9412	TO	870	478	0	0	35	443	304	139
PCT9413	MV	757	375	0	0	45	330	193	137
PCT9413	ED	179	127	0	0	12	115	86	29
PCT9413	TO	936	502	0	0	57	445	279	166
PCT9414	MV	734	360	0	0	36	324	191	133
PCT9414	ED	186	108	0	0	10	98	64	34
PCT9414	TO	920	468	0	0	46	422	255	167
PCT9415	MV	634	314	0	0	30	284	164	120
PCT9415	ED	154	98	0	0	7	91	64	27
PCT9415	TO	788	412	0	0	37	375	228	147
PCT9416	MV	769	391	0	0	43	348	212	136
PCT9416	ED	230	143	0	0	7	136	100	36
PCT9416	TO	999	534	0	0	50	484	312	172
PCT9417	MV	629	321	0	0	34	287	163	124
PCT9417	ED	145	110	0	0	6	104	69	35
PCT9417	TO	774	431	0	0	40	391	232	159
PCT9418	MV	631	310	0	0	34	276	153	123
PCT9418	ED	188	122	0	0	11	111	72	39
PCT9418	TO	819	432	0	0	45	387	225	162
PCT9419	MV	736	369	0	0	33	336	172	164
PCT9419	ED	173	108	0	0	9	99	55	44
PCT9419	TO	909	477	0	0	42	435	227	208
PCT9421	MV	752	338	0	0	31	307	172	135
PCT9421	ED	173	112	0	0	6	106	70	36
PCT9421	TO	925	450	0	0	37	413	242	171
PCT9422	MV	831	412	0	0	38	374	225	149
PCT9422	ED	270	148	0	0	14	134	90	44
PCT9422	TO	1101	560	0	0	52	508	315	193
PCT9423	MV	714	316	0	0	35	281	174	107
PCT9423	ED	190	121	0	0	9	112	80	32
PCT9423	TO	904	437	0	0	44	393	254	139
PCT9424	MV	799	384	0	0	31	353	202	151
PCT9424	ED	210	116	0	0	12	104	77	27
PCT9424	TO	1009	500	0	0	43	457	279	178
PCT9425	MV	789	346	0	0	37	309	168	141
PCT9425	ED	187	115	0	0	13	102	78	24
PCT9425	TO	976	461	0	0	50	411	246	165
PCT9426	MV	697	323	0	0	29	294	154	140
PCT9426	ED	156	104	0	0	16	88	48	40
PCT9426	TO	853	427	0	0	45	382	202	180
PCT9427	MV	799	381	0	0	26	355	163	192
PCT9427	ED	188	115	0	1	19	95	59	36
PCT9427	TO	987	496	0	1	45	450	222	228
PCT9428	MV	811	351	0	0	38	313	168	145
PCT9428	ED	179	115	0	0	12	103	70	33
PCT9428	TO	990	466	0	0	50	416	238	178
PCT9429	MV	709	343	0	0	36	307	164	143
PCT9429	ED	197	124	0	0	21	103	63	40
PCT9429	TO	906	467	0	0	57	410	227	183
PCT9431	MV	832	411	0	0	51	360	169	191
PCT9431	ED	204	125	0	0	6	119	71	48
PCT9431	TO	1036	536	0	0	57	479	240	239
PCT9432	MV	743	358	0	0	39	319	180	139
PCT9432	ED	215	118	0	0	10	108	66	42
PCT9432	TO	958	476	0	0	49	427	246	181
PCT9433	MV	794	373	0	0	47	326	178	148
PCT9433	ED	164	95	0	0	6	89	47	42
PCT9433	TO	958	468	0	0	53	415	225	190
PCT9434	MV	785	387	0	0	44	343	218	125
PCT9434	ED	227	163	0	0	22	141	113	28
PCT9434	TO	1012	550	0	0	66	484	331	153
PCT9435	MV	779	366	0	0	27	339	196	143
PCT9435	ED	225	158	0	0	10	148	101	47
PCT9435	TO	1004	524	0	0	37	487	297	190
PCT9436	MV	842	386	0	0	20	366	208	158
PCT9436	ED	226	129	0	0	11	118	80	38
PCT9436	TO	1068	515	0	0	31	484	288	196
PCT9437	MV	736	376	0	0	35	341	190	151
PCT9437	ED	191	130	0	0	8	122	90	32
PCT9437	TO	927	506	0	0	43	463	280	183
PCT9438	MV	837	416	0	0	32	384	219	165
PCT9438	ED	152	84	0	0	8	76	55	21
PCT9438	TO	989	500	0	0	40	460	274	186
PCT9439	MV	718	343	0	0	22	321	173	148
PCT9439	ED	199	112	0	0	11	101	62	39
PCT9439	TO	917	455	0	0	33	422	235	187
PCT9441	MV	778	396	0	0	49	347	213	134
PCT9441	ED	193	125	0	0	21	104	77	27
PCT9441	TO	971	521	0	0	70	451	290	161
PCT9442	MV	830	378	0	0	41	337	203	134
PCT9442	ED	210	159	0	0	15	144	106	38
PCT9442	TO	1040	537	0	0	56	481	309	172
PCT9443	MV	759	362	0	0	28	334	200	134
PCT9443	ED	196	109	0	0	7	102	67	35
PCT9443	TO	955	471	0	0	35	436	267	169
PCT9444	MV	768	340	0	0	19	321	186	135
PCT9444	ED	197	94	0	0	11	83	52	31
PCT9444	TO	965	434	0	0	30	404	238	166
PCT9445	MV	829	405	0	0	37	368	223	145
PCT9445	ED	167	114	0	0	11	103	71	32
PCT9445	TO	996	519	0	0	48	471	294	177
PCT9446	MV	900	465	0	0	45	420	211	209
PCT9446	ED	216	146	0	0	17	129	97	32
PCT9446	TO	1116	611	0	0	62	549	308	241
PCT9447	MV	729	392	0	0	30	362	206	156
PCT9447	ED	192	146	0	0	11	135	88	47
PCT9447	TO	921	538	0	0	41	497	294	203
PCT9448	MV	742	346	0	0	27	319	186	133
PCT9448	ED	198	128	0	0	9	119	84	35
PCT9448	TO	940	474	0	0	36	438	270	168
PCT9449	MV	719	340	0	0	33	307	148	159
PCT9449	ED	162	98	0	0	7	91	56	35
PCT9449	TO	881	438	0	0	40	398	204	194
PCT9451	MV	353	178	0	0	15	163	77	86
PCT9451	ED	88	55	0	0	6	49	28	21
PCT9451	TO	441	233	0	0	21	212	105	107
PCT9452	MV	647	334	0	0	24	310	174	136
PCT9452	ED	195	134	0	1	12	121	79	42
PCT9452	TO	842	468	0	1	36	431	253	178
PCT9453	MV	409	217	0	0	20	197	92	105
PCT9453	ED	115	70	0	0	8	62	38	24
PCT9453	TO	524	287	0	0	28	259	130	129
PCT9501	MV	158	92	0	0	17	75	44	31
PCT9501	ED	-8	2	0	0	1	1	1	0
PCT9501	TO	150	94	0	0	18	76	45	31
PCT9502	MV	294	136	0	0	13	123	83	40
PCT9502	ED	-43	2	0	0	0	2	2	0
PCT9502	TO	251	138	0	0	13	125	85	40
PCT9503	MV	550	260	0	0	36	224	179	45
PCT9503	ED	150	83	0	0	11	72	63	9
PCT9503	TO	700	343	0	0	47	296	242	54
PCT9505	MV	589	296	0	0	30	266	194	72
PCT9505	ED	176	113	0	0	8	105	86	19
PCT9505	TO	765	409	0	0	38	371	280	91
PCT9506	MV	547	232	0	0	19	213	153	60
PCT9506	ED	207	132	0	0	16	116	94	22
PCT9506	TO	754	364	0	0	35	329	247	82
PCT9507	MV	556	305	0	0	27	278	216	62
PCT9507	ED	160	155	0	0	20	135	113	22
PCT9507	TO	716	460	0	0	47	413	329	84
PCT9508	MV	632	317	0	0	26	291	247	44
PCT9508	ED	148	141	0	0	11	130	115	15
PCT9508	TO	780	458	0	0	37	421	362	59
PCT9509	MV	585	296	0	0	25	271	217	54
PCT9509	ED	142	134	0	0	13	121	97	24
PCT9509	TO	727	430	0	0	38	392	314	78
PCT9511	MV	458	240	0	0	21	219	182	37
PCT9511	ED	176	122	0	0	10	112	90	22
PCT9511	TO	634	362	0	0	31	331	272	59
PCT9512	MV	617	327	0	0	25	302	241	61
PCT9512	ED	160	136	0	0	9	127	106	21
PCT9512	TO	777	463	0	0	34	429	347	82
PCT9513	MV	686	334	0	0	30	304	249	55
PCT9513	ED	191	133	0	0	11	122	100	22
PCT9513	TO	877	467	0	0	41	426	349	77
PCT9514	MV	713	352	0	0	42	310	250	60
PCT9514	ED	183	172	0	0	19	153	130	23
PCT9514	TO	896	524	0	0	61	463	380	83
PCT9515	MV	543	304	0	0	24	280	205	75
PCT9515	ED	169	135	0	0	12	123	98	25
PCT9515	TO	712	439	0	0	36	403	303	100
PCT9516	MV	705	366	0	0	35	331	241	90
PCT9516	ED	184	158	0	0	15	143	105	38
PCT9516	TO	889	524	0	0	50	474	346	128
PCT9517	MV	626	335	0	0	23	312	239	73
PCT9517	ED	162	137	0	0	20	117	96	21
PCT9517	TO	788	472	0	0	43	429	335	94
PCT9518	MV	642	315	0	0	33	282	224	58
PCT9518	ED	146	149	0	0	7	142	115	27
PCT9518	TO	788	464	0	0	40	424	339	85
PCT9519	MV	693	368	0	0	28	340	273	67
PCT9519	ED	198	170	0	0	15	155	124	31
PCT9519	TO	891	538	0	0	43	495	397	98
PCT9521	MV	687	352	0	0	29	323	276	47
PCT9521	ED	214	193	0	0	20	173	141	32
PCT9521	TO	901	545	0	0	49	496	417	79
PCT9701	MV	498	269	0	0	28	241	168	73
PCT9701	ED	156	135	0	0	8	127	100	27
PCT9701	TO	654	404	0	0	36	368	268	100
PCT9702	MV	554	305	0	0	22	283	202	81
PCT9702	ED	166	148	0	0	13	135	114	21
PCT9702	TO	720	453	0	0	35	418	316	102
PCT9703	MV	809	403	0	0	40	363	233	130
PCT9703	ED	182	143	0	0	11	132	88	44
PCT9703	TO	991	546	0	0	51	495	321	174
PCT9704	MV	760	422	0	0	46	376	224	152
PCT9704	ED	199	197	0	0	24	173	126	47
PCT9704	TO	959	619	0	0	70	549	350	199
PCT9705	MV	754	421	0	0	41	380	268	112
PCT9705	ED	175	144	0	0	17	127	104	23
PCT9705	TO	929	565	0	0	58	507	372	135
PCT9706	MV	57	34	0	0	1	33	24	9
PCT9706	ED	-8	0	0	0	0	0	0	0
PCT9706	TO	49	34	0	0	1	33	24	9
PCT9707	MV	687	358	0	0	35	323	178	145
PCT9707	ED	139	102	0	0	11	91	56	35
PCT9707	TO	826	460	0	0	46	414	234	180
PCT9708	MV	786	429	0	0	50	379	268	111
PCT9708	ED	175	158	0	0	14	144	110	34
PCT9708	TO	961	587	0	0	64	523	378	145
PCT9709	MV	831	427	0	0	50	377	233	144
PCT9709	ED	209	181	0	0	10	171	114	57
PCT9709	TO	1040	608	0	0	60	548	347	201
PCT9711	MV	502	307	0	0	29	278	180	98
PCT9711	ED	144	139	0	0	12	127	73	54
PCT9711	TO	646	446	0	0	41	405	253	152
PCT9712	MV	534	335	0	0	33	302	158	144
PCT9712	ED	127	117	0	0	5	112	75	37
PCT9712	TO	661	452	0	0	38	414	233	181
PCT9713	MV	747	389	0	0	38	351	198	153
PCT9713	ED	203	137	0	0	16	121	71	50
PCT9713	TO	950	526	0	0	54	472	269	203
PCT9714	MV	795	446	0	0	34	412	219	193
PCT9714	ED	156	133	0	0	6	127	77	50
PCT9714	TO	951	579	0	0	40	539	296	243
PCT9715	MV	449	241	0	0	21	220	127	93
PCT9715	ED	130	134	0	0	7	127	81	46
PCT9715	TO	579	375	0	0	28	347	208	139
PCT9716	MV	745	398	0	0	26	372	209	163
PCT9716	ED	221	164	0	0	13	151	99	52
PCT9716	TO	966	562	0	0	39	523	308	215
PCT9717	MV	753	436	0	0	33	403	252	151
PCT9717	ED	224	145	0	0	18	127	84	43
PCT9717	TO	977	581	0	0	51	530	336	194
PCT9718	MV	749	449	0	0	34	415	265	150
PCT9718	ED	152	144	0	0	7	137	91	46
PCT9718	TO	901	593	0	0	41	552	356	196
PCT9719	MV	747	461	0	0	36	425	254	171
PCT9719	ED	173	151	0	0	8	143	88	55
PCT9719	TO	920	612	0	0	44	568	342	226
PCT9721	MV	498	288	0	0	24	264	152	112
PCT9721	ED	164	133	0	0	6	127	74	53
PCT9721	TO	662	421	0	0	30	391	226	165
PCT9722	MV	513	315	0	0	24	291	178	113
PCT9722	ED	84	76	0	0	5	71	47	24
PCT9722	TO	597	391	0	0	29	362	225	137
PCT9723	MV	436	223	0	0	16	207	87	120
PCT9723	ED	72	44	0	0	5	39	18	21
PCT9723	TO	508	267	0	0	21	246	105	141
PCT9724	MV	851	451	0	0	42	409	160	249
PCT9724	ED	169	99	0	0	5	94	55	39
PCT9724	TO	1020	550	0	0	47	503	215	288
PCT9725	MV	814	436	0	0	28	408	191	217
PCT9725	ED	157	96	0	0	12	84	39	45
PCT9725	TO	971	532	0	0	40	492	230	262
PCT9726	MV	630	216	0	0	28	188	133	55
PCT9726	ED	-14	102	0	0	7	95	74	21
PCT9726	TO	616	318	0	0	35	283	207	76
PCT9727	MV	404	227	0	2	12	213	117	96
PCT9727	ED	56	33	0	0	4	29	16	13
PCT9727	TO	460	260	0	2	16	242	133	109
PCT9728	MV	751	446	0	0	30	416	216	200
PCT9728	ED	212	137	0	0	12	125	77	48
PCT9728	TO	963	583	0	0	42	541	293	248
PCT9729	MV	654	335	0	0	22	313	147	166
PCT9729	ED	164	129	0	0	6	123	71	52
PCT9729	TO	818	464	0	0	28	436	218	218
PCT9731	MV	436	245	0	0	15	230	126	104
PCT9731	ED	143	111	0	0	10	101	52	49
PCT9731	TO	579	356	0	0	25	331	178	153
PCT9732	MV	78	47	0	0	4	43	19	24
PCT9732	ED	-5	0	0	0	0	0	0	0
PCT9732	TO	73	47	0	0	4	43	19	24
PCT9733	MV	261	161	0	0	5	156	113	43
PCT9733	ED	-21	0	0	0	0	0	0	0
PCT9733	TO	240	161	0	0	5	156	113	43
PCT9734	MV	473	285	0	0	20	265	163	102
PCT9734	ED	131	109	0	0	9	100	62	38
PCT9734	TO	604	394	0	0	29	365	225	140
PCT9735	MV	650	386	0	0	29	357	200	157
PCT9735	ED	170	133	0	0	20	113	68	45
PCT9735	TO	820	519	0	0	49	470	268	202
PCT9736	MV	586	323	0	0	21	302	179	123
PCT9736	ED	150	153	0	0	12	141	83	58
PCT9736	TO	736	476	0	0	33	443	262	181
PCT9737	MV	637	387	0	0	28	359	232	127
PCT9737	ED	154	135	0	0	12	123	79	44
PCT9737	TO	791	522	0	0	40	482	311	171
PCT9738	MV	688	319	0	0	31	288	205	83
PCT9738	ED	150	64	0	0	8	56	37	19
PCT9738	TO	838	383	0	0	39	344	242	102
PCT9739	MV	674	270	0	0	11	259	197	62
PCT9739	ED	115	88	0	0	4	84	68	16
PCT9739	TO	789	358	0	0	15	343	265	78
PCT9741	MV	837	173	0	0	18	155	137	18
PCT9741	ED	-396	10	0	0	1	9	7	2
PCT9741	TO	441	183	0	0	19	164	144	20
PCT9742	MV	530	229	0	0	17	212	99	113
PCT9742	ED	165	99	0	0	8	91	56	35
PCT9742	TO	695	328	0	0	25	303	155	148
PCT9743	MV	913	400	0	0	28	372	265	107
PCT9743	ED	227	170	0	0	17	153	120	33
PCT9743	TO	1140	570	0	0	45	525	385	140
PCT9744	MV	783	333	0	1	27	305	211	94
PCT9744	ED	160	123	0	0	16	107	74	33
PCT9744	TO	943	456	0	1	43	412	285	127
PCT9745	MV	790	317	0	0	30	287	213	74
PCT9745	ED	202	128	0	0	13	115	85	30
PCT9745	TO	992	445	0	0	43	402	298	104
PCT9746	MV	714	373	0	0	19	354	205	149
PCT9746	ED	189	119	0	0	11	108	66	42
PCT9746	TO	903	492	0	0	30	462	271	191
PCT9747	MV	772	401	0	0	30	371	228	143
PCT9747	ED	204	145	0	0	14	131	98	33
PCT9747	TO	976	546	0	0	44	502	326	176
PCT9748	MV	746	425	0	0	37	388	251	137
PCT9748	ED	167	116	0	1	10	105	57	48
PCT9748	TO	913	541	0	1	47	493	308	185
PCT9749	MV	750	289	0	0	23	266	179	87
PCT9749	ED	188	108	0	0	7	101	74	27
PCT9749	TO	938	397	0	0	30	367	253	114
PCT9751	MV	857	472	0	0	40	432	266	166
PCT9751	ED	214	153	0	1	14	138	98	40
PCT9751	TO	1071	625	0	1	54	570	364	206
PCT9752	MV	563	327	0	0	24	303	187	116
PCT9752	ED	134	108	0	0	7	101	70	31
PCT9752	TO	697	435	0	0	31	404	257	147
PCT9753	MV	617	298	0	0	26	272	177	95
PCT9753	ED	145	123	0	0	4	119	88	31
PCT9753	TO	762	421	0	0	30	391	265	126
PCT9754	MV	545	317	0	0	20	297	212	85
PCT9754	ED	162	113	0	0	9	104	84	20
PCT9754	TO	707	430	0	0	29	401	296	105
PCT9755	MV	441	238	0	0	25	213	146	67
PCT9755	ED	139	99	0	0	7	92	72	20
PCT9755	TO	580	337	0	0	32	305	218	87
PCT9756	MV	805	364	0	0	28	336	189	147
PCT9756	ED	162	106	0	0	9	97	64	33
PCT9756	TO	967	470	0	0	37	433	253	180
PCT9801	MV	320	163	0	0	13	150	106	44
PCT9801	ED	88	52	0	0	5	47	35	12
PCT9801	TO	408	215	0	0	18	197	141	56
PCT9900	MV	0	0	0	0	0	0	0	0
PCT9900	ED	0	0	0	0	0	0	0	0
PCT9900	TO	0	0	0	0	0	0	0	0
PCT9901	MV	0	0	0	0	0	0	0	0
PCT9901	ED	0	0	0	0	0	0	0	0
PCT9901	TO	0	0	0	0	0	0	0	0
PCT9902	MV	0	0	0	0	0	0	0	0
PCT9902	ED	0	0	0	0	0	0	0	0
PCT9902	TO	0	0	0	0	0	0	0	0
CONG12	MV	355594	174452	0	27	16825	157600	109551	48049
CONG12	ED	90254	71265	0	15	7728	63522	47522	16000
CONG12	TO	445848	245717	0	42	24553	221122	157073	64049
CONG14	MV	47252	22340	0	4	1721	20615	12394	8221
CONG14	ED	10799	6956	0	3	589	6364	4339	2025
CONG14	TO	58051	29296	0	7	2310	26979	16733	10246
ASSM17	MV	232787	114347	0	19	10914	103414	74747	28667
ASSM17	ED	59635	43919	0	11	4560	39348	30455	8893
ASSM17	TO	292422	158266	0	30	15474	142762	105202	37560
ASSM19	MV	170059	82445	0	12	7632	74801	47198	27603
ASSM19	ED	41418	34302	0	7	3757	30538	21406	9132
ASSM19	TO	211477	116747	0	19	11389	105339	68604	36735
SUPV1	MV	33868	16565	0	5	1505	15055	9948	5107
SUPV1	ED	9248	8530	0	2	934	7594	5515	2079
SUPV1	TO	43116	25095	0	7	2439	22649	15463	7186
SUPV2	MV	41435	19971	0	3	2260	17708	11363	6345
SUPV2	ED	8611	10149	0	0	1486	8663	5806	2857
SUPV2	TO	50046	30120	0	3	3746	26371	17169	9202
SUPV3	MV	31943	14408	0	2	1593	12813	8516	4297
SUPV3	ED	7434	6360	0	0	831	5529	4103	1426
SUPV3	TO	39377	20768	0	2	2424	18342	12619	5723
SUPV4	MV	35049	16862	0	0	1568	15294	8960	6334
SUPV4	ED	9045	5910	0	2	553	5355	3731	1624
SUPV4	TO	44094	22772	0	2	2121	20649	12691	7958
SUPV5	MV	41966	21496	0	3	2072	19421	15298	4123
SUPV5	ED	10934	9272	0	2	978	8292	6772	1520
SUPV5	TO	52900	30768	0	5	3050	27713	22070	5643
SUPV6	MV	35755	15225	0	1	1579	13645	9604	4041
SUPV6	ED	7940	4383	0	0	507	3876	2919	957
SUPV6	TO	43695	19608	0	1	2086	17521	12523	4998
SUPV7	MV	38887	20717	0	4	1712	19001	11805	7196
SUPV7	ED	8556	7211	0	2	602	6607	4457	2150
SUPV7	TO	47443	27928	0	6	2314	25608	16262	9346
SUPV8	MV	46370	27474	0	7	2559	24908	18865	6043
SUPV8	ED	11807	11114	0	5	1055	10054	7861	2193
SUPV8	TO	58177	38588	0	12	3614	34962	26726	8236
SUPV9	MV	33165	16755	0	1	1363	15391	11533	3858
SUPV9	ED	10098	7086	0	4	600	6482	5239	1243
SUPV9	TO	43263	23841	0	5	1963	21873	16772	5101
SUPV10	MV	33765	13891	0	3	1257	12631	8542	4089
SUPV10	ED	9348	4201	0	0	404	3797	2872	925
SUPV10	TO	43113	18092	0	3	1661	16428	11414	5014
SUPV11	MV	30643	13428	0	2	1078	12348	7511	4837
SUPV11	ED	8032	4005	0	1	367	3637	2586	1051
SUPV11	TO	38675	17433	0	3	1445	15985	10097	5888
NEIG1	MV	15464	5936	0	0	527	5409	3552	1857
NEIG1	ED	5021	1551	0	0	131	1420	1076	344
NEIG1	TO	20485	7487	0	0	658	6829	4628	2201
NEIG2	MV	14029	6273	0	2	743	5528	3523	2005
NEIG2	ED	3238	2776	0	0	416	2360	1706	654
NEIG2	TO	17267	9049	0	2	1159	7888	5229	2659
NEIG3	MV	22050	9495	0	0	1031	8464	6047	2417
NEIG3	ED	5969	3742	0	0	412	3330	2560	770
NEIG3	TO	28019	13237	0	0	1443	11794	8607	3187
NEIG4	MV	5630	3491	0	0	324	3167	2205	962
NEIG4	ED	1430	1237	0	1	130	1106	784	322
NEIG4	TO	7060	4728	0	1	454	4273	2989	1284
NEIG5	MV	22700	10117	0	2	831	9284	5576	3708
NEIG5	ED	5893	2969	0	0	276	2693	1868	825
NEIG5	TO	28593	13086	0	2	1107	11977	7444	4533
NEIG6	MV	11526	5963	0	0	579	5384	4399	985
NEIG6	ED	2336	2800	0	0	287	2513	2092	421
NEIG6	TO	13862	8763	0	0	866	7897	6491	1406
NEIG7	MV	9818	4127	0	0	311	3816	2409	1407
NEIG7	ED	2577	1302	0	1	112	1189	891	298
NEIG7	TO	12395	5429	0	1	423	5005	3300	1705
NEIG8	MV	7628	4025	0	0	376	3649	2806	843
NEIG8	ED	2030	1847	0	0	183	1664	1335	329
NEIG8	TO	9658	5872	0	0	559	5313	4141	1172
NEIG9	MV	7416	3138	0	1	259	2878	1799	1079
NEIG9	ED	842	924	0	0	88	836	577	259
NEIG9	TO	8258	4062	0	1	347	3714	2376	1338
NEIG10	MV	8172	3949	0	0	386	3563	2457	1106
NEIG10	ED	1850	1947	0	1	218	1728	1291	437
NEIG10	TO	10022	5896	0	1	604	5291	3748	1543
NEIG11	MV	33509	15520	0	3	1794	13723	8829	4894
NEIG11	ED	5931	7800	0	0	1191	6609	4434	2175
NEIG11	TO	39440	23320	0	3	2985	20332	13263	7069
NEIG12	MV	23572	11845	0	2	982	10861	8712	2149
NEIG12	ED	7433	5298	0	2	480	4816	4011	805
NEIG12	TO	31005	17143	0	4	1462	15677	12723	2954
NEIG14	MV	6791	3984	0	0	347	3637	2850	787
NEIG14	ED	1942	1788	0	2	149	1637	1340	297
NEIG14	TO	8733	5772	0	2	496	5274	4190	1084
NEIG15	MV	5779	2672	0	0	253	2419	1596	823
NEIG15	ED	1309	1165	0	0	135	1030	765	265
NEIG15	TO	7088	3837	0	0	388	3449	2361	1088
NEIG13	MV	13553	8149	0	1	792	7356	5458	1898
NEIG13	ED	3435	3370	0	2	304	3064	2381	683
NEIG13	TO	16988	11519	0	3	1096	10420	7839	2581
NEIG26	MV	7830	3522	0	0	289	3233	1870	1363
NEIG26	ED	1802	947	0	1	85	861	575	286
NEIG26	TO	9632	4469	0	1	374	4094	2445	1649
NEIG16	MV	14623	6798	0	1	675	6122	4496	1626
NEIG16	ED	2733	2413	0	0	260	2153	1675	478
NEIG16	TO	17356	9211	0	1	935	8275	6171	2104
NEIG17	MV	29447	14398	0	5	1304	13089	8572	4517
NEIG17	ED	8178	7475	0	1	819	6655	4819	1836
NEIG17	TO	37625	21873	0	6	2123	19744	13391	6353
NEIG19	MV	7165	4013	0	0	328	3685	2821	864
NEIG19	ED	2406	1869	0	1	155	1713	1333	380
NEIG19	TO	9571	5882	0	1	483	5398	4154	1244
NEIG18	MV	6458	3411	0	0	355	3056	1925	1131
NEIG18	ED	1563	1828	0	0	242	1586	1019	567
NEIG18	TO	8021	5239	0	0	597	4642	2944	1698
NEIG20	MV	20910	8905	0	1	900	8004	5532	2472
NEIG20	ED	4167	2452	0	0	299	2153	1596	557
NEIG20	TO	25077	11357	0	1	1199	10157	7128	3029
NEIG21	MV	34606	16636	0	0	1541	15095	8815	6280
NEIG21	ED	8887	5783	0	2	542	5239	3635	1604
NEIG21	TO	43493	22419	0	2	2083	20334	12450	7884
NEIG22	MV	15381	9289	0	5	856	8428	6456	1972
NEIG22	ED	3512	3613	0	0	336	3277	2589	688
NEIG22	TO	18893	12902	0	5	1192	11705	9045	2660
NEIG23	MV	6638	2508	0	2	219	2287	1309	978
NEIG23	ED	1850	598	0	0	65	533	358	175
NEIG23	TO	8488	3106	0	2	284	2820	1667	1153
NEIG24	MV	28439	16094	0	3	1336	14755	9087	5668
NEIG24	ED	6935	5684	0	2	468	5214	3453	1761
NEIG24	TO	35374	21778	0	5	1804	19969	12540	7429
NEIG25	MV	23712	12534	0	3	1208	11323	8844	2479
NEIG25	ED	7784	5043	0	2	534	4507	3698	809
NEIG25	TO	31496	17577	0	5	1742	15830	12542	3288
