area_id	subtotal_type	RSReg	RSCst	RSRej	RSOvr	RSUnd	RSTot	1:YES	2:NO
ALLPCTS	TO	503899	281773	0	66	22336	259371	194535	64836
ALLPCTS	ED	101053	84584	0	16	6705	77863	61163	16700
ALLPCTS	MV	402846	197189	0	50	15631	181508	133372	48136
PCT1101	MV	448	215	0	0	16	199	132	67
PCT1101	ED	114	61	0	0	4	57	43	14
PCT1101	TO	562	276	0	0	20	256	175	81
PCT1102	MV	774	369	0	0	21	348	219	129
PCT1102	ED	230	162	0	0	8	154	112	42
PCT1102	TO	1004	531	0	0	29	502	331	171
PCT1103	MV	749	371	0	0	21	350	239	111
PCT1103	ED	222	144	0	0	6	138	101	37
PCT1103	TO	971	515	0	0	27	488	340	148
PCT1104	MV	751	343	0	0	19	324	228	96
PCT1104	ED	267	122	0	0	7	115	80	35
PCT1104	TO	1018	465	0	0	26	439	308	131
PCT1106	MV	598	255	0	0	14	241	148	93
PCT1106	ED	173	97	0	0	6	91	65	26
PCT1106	TO	771	352	0	0	20	332	213	119
PCT1107	MV	612	287	0	0	20	267	183	84
PCT1107	ED	139	76	0	0	4	72	56	16
PCT1107	TO	751	363	0	0	24	339	239	100
PCT1108	MV	725	360	0	0	20	340	256	84
PCT1108	ED	198	116	0	0	10	106	77	29
PCT1108	TO	923	476	0	0	30	446	333	113
PCT1109	MV	653	284	0	0	16	268	173	95
PCT1109	ED	169	99	0	0	4	95	68	27
PCT1109	TO	822	383	0	0	20	363	241	122
PCT1111	MV	849	354	0	0	23	331	222	109
PCT1111	ED	197	118	0	0	6	112	86	26
PCT1111	TO	1046	472	0	0	29	443	308	135
PCT1112	MV	643	278	0	0	18	260	192	68
PCT1112	ED	159	79	0	0	5	74	59	15
PCT1112	TO	802	357	0	0	23	334	251	83
PCT1113	MV	675	286	0	0	19	267	166	101
PCT1113	ED	120	65	0	0	5	60	43	17
PCT1113	TO	795	351	0	0	24	327	209	118
PCT1114	MV	769	328	0	0	19	309	227	82
PCT1114	ED	222	98	0	0	12	86	70	16
PCT1114	TO	991	426	0	0	31	395	297	98
PCT1115	MV	743	295	0	0	20	275	183	92
PCT1115	ED	193	89	0	0	5	84	69	15
PCT1115	TO	936	384	0	0	25	359	252	107
PCT1116	MV	715	308	0	0	22	286	194	92
PCT1116	ED	216	119	0	0	8	111	94	17
PCT1116	TO	931	427	0	0	30	397	288	109
PCT1117	MV	665	258	0	0	17	241	164	77
PCT1117	ED	181	72	0	0	3	69	56	13
PCT1117	TO	846	330	0	0	20	310	220	90
PCT1118	MV	846	357	0	0	12	345	241	104
PCT1118	ED	219	106	0	0	10	96	70	26
PCT1118	TO	1065	463	0	0	22	441	311	130
PCT1119	MV	659	303	0	0	15	288	213	75
PCT1119	ED	138	75	0	0	5	70	55	15
PCT1119	TO	797	378	0	0	20	358	268	90
PCT1121	MV	556	268	0	0	24	244	147	97
PCT1121	ED	149	87	0	0	4	83	55	28
PCT1121	TO	705	355	0	0	28	327	202	125
PCT1122	MV	519	245	0	0	19	226	135	91
PCT1122	ED	118	71	0	0	5	66	49	17
PCT1122	TO	637	316	0	0	24	292	184	108
PCT1123	MV	730	257	0	0	13	244	163	81
PCT1123	ED	208	89	0	0	4	85	63	22
PCT1123	TO	938	346	0	0	17	329	226	103
PCT1124	MV	630	246	0	0	7	239	157	82
PCT1124	ED	199	76	0	0	4	72	58	14
PCT1124	TO	829	322	0	0	11	311	215	96
PCT1125	MV	919	364	0	0	30	334	203	131
PCT1125	ED	178	68	0	0	6	62	52	10
PCT1125	TO	1097	432	0	0	36	396	255	141
PCT1126	MV	812	308	0	0	21	287	198	89
PCT1126	ED	200	68	0	0	1	67	46	21
PCT1126	TO	1012	376	0	0	22	354	244	110
PCT1127	MV	743	293	0	0	13	280	153	127
PCT1127	ED	222	101	0	0	6	95	70	25
PCT1127	TO	965	394	0	0	19	375	223	152
PCT1128	MV	734	287	0	0	14	273	158	115
PCT1128	ED	145	59	0	1	4	54	40	14
PCT1128	TO	879	346	0	1	18	327	198	129
PCT1129	MV	790	314	0	0	24	290	182	108
PCT1129	ED	246	109	0	0	12	97	67	30
PCT1129	TO	1036	423	0	0	36	387	249	138
PCT1131	MV	694	280	0	1	23	256	149	107
PCT1131	ED	166	61	0	0	5	56	44	12
PCT1131	TO	860	341	0	1	28	312	193	119
PCT1132	MV	839	370	0	0	31	339	213	126
PCT1132	ED	193	60	0	0	0	60	38	22
PCT1132	TO	1032	430	0	0	31	399	251	148
PCT1133	MV	716	334	0	0	11	323	211	112
PCT1133	ED	159	74	0	0	5	69	47	22
PCT1133	TO	875	408	0	0	16	392	258	134
PCT1134	MV	585	293	0	1	13	279	163	116
PCT1134	ED	182	80	0	0	7	73	59	14
PCT1134	TO	767	373	0	1	20	352	222	130
PCT1135	MV	465	218	0	0	7	211	132	79
PCT1135	ED	91	51	0	0	1	50	41	9
PCT1135	TO	556	269	0	0	8	261	173	88
PCT1136	MV	710	340	0	0	19	321	203	118
PCT1136	ED	157	79	0	0	4	75	54	21
PCT1136	TO	867	419	0	0	23	396	257	139
PCT1141	MV	836	393	0	0	17	376	255	121
PCT1141	ED	220	124	0	0	4	120	91	29
PCT1141	TO	1056	517	0	0	21	496	346	150
PCT1142	MV	721	324	0	0	22	302	217	85
PCT1142	ED	175	87	0	0	4	83	69	14
PCT1142	TO	896	411	0	0	26	385	286	99
PCT1143	MV	824	360	0	0	22	338	232	106
PCT1143	ED	225	116	0	0	5	111	93	18
PCT1143	TO	1049	476	0	0	27	449	325	124
PCT1144	MV	727	326	0	0	13	313	202	111
PCT1144	ED	220	121	0	0	7	114	86	28
PCT1144	TO	947	447	0	0	20	427	288	139
PCT1145	MV	753	411	0	0	29	382	252	130
PCT1145	ED	152	114	0	0	5	109	88	21
PCT1145	TO	905	525	0	0	34	491	340	151
PCT1146	MV	839	364	0	2	19	343	254	89
PCT1146	ED	215	110	0	0	4	106	84	22
PCT1146	TO	1054	474	0	2	23	449	338	111
PCT1147	MV	673	309	0	0	17	292	206	86
PCT1147	ED	212	108	0	0	6	102	78	24
PCT1147	TO	885	417	0	0	23	394	284	110
PCT1148	MV	804	368	0	0	21	347	215	132
PCT1148	ED	224	119	0	0	7	112	80	32
PCT1148	TO	1028	487	0	0	28	459	295	164
PCT1149	MV	710	319	0	0	20	299	183	116
PCT1149	ED	229	119	0	0	8	111	83	28
PCT1149	TO	939	438	0	0	28	410	266	144
PCT1152	MV	710	313	0	0	28	285	199	86
PCT1152	ED	180	87	0	0	4	83	57	26
PCT1152	TO	890	400	0	0	32	368	256	112
PCT1153	MV	730	285	0	0	17	268	187	81
PCT1153	ED	210	117	0	0	6	111	62	49
PCT1153	TO	940	402	0	0	23	379	249	130
PCT7001	MV	632	329	0	0	21	308	248	60
PCT7001	ED	141	105	0	1	7	97	84	13
PCT7001	TO	773	434	0	1	28	405	332	73
PCT7002	MV	598	267	0	0	29	238	176	62
PCT7002	ED	116	90	0	0	7	83	73	10
PCT7002	TO	714	357	0	0	36	321	249	72
PCT7003	MV	759	432	0	0	30	402	320	82
PCT7003	ED	147	144	0	0	12	132	104	28
PCT7003	TO	906	576	0	0	42	534	424	110
PCT7004	MV	764	416	0	0	34	382	302	80
PCT7004	ED	149	146	0	0	9	137	110	27
PCT7004	TO	913	562	0	0	43	519	412	107
PCT7005	MV	698	350	0	0	26	324	274	50
PCT7005	ED	161	163	0	0	14	149	125	24
PCT7005	TO	859	513	0	0	40	473	399	74
PCT7006	MV	729	360	0	0	30	330	272	58
PCT7006	ED	203	153	0	0	8	145	119	26
PCT7006	TO	932	513	0	0	38	475	391	84
PCT7007	MV	777	437	0	0	32	405	328	77
PCT7007	ED	180	174	0	1	11	162	135	27
PCT7007	TO	957	611	0	1	43	567	463	104
PCT7008	MV	732	367	0	0	41	326	252	74
PCT7008	ED	177	194	0	0	11	183	151	32
PCT7008	TO	909	561	0	0	52	509	403	106
PCT7009	MV	752	390	0	0	32	358	283	75
PCT7009	ED	119	95	0	0	6	89	68	21
PCT7009	TO	871	485	0	0	38	447	351	96
PCT7011	MV	704	231	0	0	18	213	178	35
PCT7011	ED	269	88	0	0	5	83	69	14
PCT7011	TO	973	319	0	0	23	296	247	49
PCT7012	MV	999	487	0	1	37	449	365	84
PCT7012	ED	227	209	0	0	15	194	162	32
PCT7012	TO	1226	696	0	1	52	643	527	116
PCT7013	MV	984	427	0	0	34	393	334	59
PCT7013	ED	155	157	0	0	11	146	124	22
PCT7013	TO	1139	584	0	0	45	539	458	81
PCT7014	MV	610	303	0	0	31	272	233	39
PCT7014	ED	109	115	0	0	15	100	81	19
PCT7014	TO	719	418	0	0	46	372	314	58
PCT7015	MV	128	40	0	0	4	36	31	5
PCT7015	ED	-18	0	0	0	0	0	0	0
PCT7015	TO	110	40	0	0	4	36	31	5
PCT7016	MV	655	239	0	0	12	227	154	73
PCT7016	ED	277	79	0	0	5	74	61	13
PCT7016	TO	932	318	0	0	17	301	215	86
PCT7017	MV	543	180	0	0	19	161	123	38
PCT7017	ED	238	53	0	0	5	48	43	5
PCT7017	TO	781	233	0	0	24	209	166	43
PCT7018	MV	847	357	0	0	26	331	205	126
PCT7018	ED	200	56	0	0	4	52	46	6
PCT7018	TO	1047	413	0	0	30	383	251	132
PCT7019	MV	734	355	0	0	21	334	216	118
PCT7019	ED	166	74	0	0	4	70	60	10
PCT7019	TO	900	429	0	0	25	404	276	128
PCT7021	MV	679	271	0	0	18	253	195	58
PCT7021	ED	288	108	0	0	6	102	88	14
PCT7021	TO	967	379	0	0	24	355	283	72
PCT7022	MV	770	312	0	0	25	287	224	63
PCT7022	ED	193	55	0	0	1	54	47	7
PCT7022	TO	963	367	0	0	26	341	271	70
PCT7023	MV	687	331	0	0	19	312	245	67
PCT7023	ED	233	72	0	0	7	65	56	9
PCT7023	TO	920	403	0	0	26	377	301	76
PCT7024	MV	251	50	0	0	2	48	41	7
PCT7024	ED	190	20	0	0	2	18	18	0
PCT7024	TO	441	70	0	0	4	66	59	7
PCT7025	MV	316	95	0	1	5	89	72	17
PCT7025	ED	167	39	0	0	3	36	29	7
PCT7025	TO	483	134	0	1	8	125	101	24
PCT7026	MV	819	336	0	0	19	317	200	117
PCT7026	ED	191	72	0	0	4	68	50	18
PCT7026	TO	1010	408	0	0	23	385	250	135
PCT7027	MV	677	270	0	0	15	255	171	84
PCT7027	ED	219	99	0	0	5	94	74	20
PCT7027	TO	896	369	0	0	20	349	245	104
PCT7028	MV	585	220	0	0	16	204	171	33
PCT7028	ED	271	100	0	0	6	94	72	22
PCT7028	TO	856	320	0	0	22	298	243	55
PCT7029	MV	642	209	0	0	24	185	151	34
PCT7029	ED	267	40	0	0	1	39	29	10
PCT7029	TO	909	249	0	0	25	224	180	44
PCT7030	MV	654	274	0	0	12	262	167	95
PCT7030	ED	141	59	0	0	1	58	31	27
PCT7030	TO	795	333	0	0	13	320	198	122
PCT7031	MV	622	263	0	0	22	241	174	67
PCT7031	ED	72	49	0	0	5	44	35	9
PCT7031	TO	694	312	0	0	27	285	209	76
PCT7032	MV	643	266	0	0	20	246	180	66
PCT7032	ED	238	54	0	0	6	48	37	11
PCT7032	TO	881	320	0	0	26	294	217	77
PCT7033	MV	549	214	0	0	15	199	135	64
PCT7033	ED	229	86	0	0	7	79	54	25
PCT7033	TO	778	300	0	0	22	278	189	89
PCT7034	MV	620	142	0	0	18	124	108	16
PCT7034	ED	318	60	0	0	3	57	47	10
PCT7034	TO	938	202	0	0	21	181	155	26
PCT7035	MV	567	237	0	0	17	220	166	54
PCT7035	ED	152	54	0	0	3	51	46	5
PCT7035	TO	719	291	0	0	20	271	212	59
PCT7036	MV	781	263	0	0	18	245	171	74
PCT7036	ED	193	39	0	0	1	38	30	8
PCT7036	TO	974	302	0	0	19	283	201	82
PCT7037	MV	434	63	0	0	1	62	49	13
PCT7037	ED	312	38	0	0	5	33	31	2
PCT7037	TO	746	101	0	0	6	95	80	15
PCT7038	MV	758	308	0	2	21	285	170	115
PCT7038	ED	203	60	0	0	6	54	42	12
PCT7038	TO	961	368	0	2	27	339	212	127
PCT7039	MV	636	243	0	0	24	219	129	90
PCT7039	ED	201	104	0	0	3	101	63	38
PCT7039	TO	837	347	0	0	27	320	192	128
PCT7041	MV	70	29	0	0	4	25	16	9
PCT7041	ED	-4	0	0	0	0	0	0	0
PCT7041	TO	66	29	0	0	4	25	16	9
PCT7042	MV	514	222	0	0	11	211	143	68
PCT7042	ED	146	62	0	0	2	60	43	17
PCT7042	TO	660	284	0	0	13	271	186	85
PCT7043	MV	754	295	0	0	21	274	179	95
PCT7043	ED	224	79	0	0	3	76	62	14
PCT7043	TO	978	374	0	0	24	350	241	109
PCT7044	MV	586	149	0	0	5	144	116	28
PCT7044	ED	266	36	0	0	2	34	26	8
PCT7044	TO	852	185	0	0	7	178	142	36
PCT7045	MV	632	267	0	0	18	249	150	99
PCT7045	ED	154	53	0	0	2	51	30	21
PCT7045	TO	786	320	0	0	20	300	180	120
PCT7046	MV	334	132	0	0	11	121	76	45
PCT7046	ED	96	48	0	0	6	42	30	12
PCT7046	TO	430	180	0	0	17	163	106	57
PCT7047	MV	733	315	0	0	17	298	185	113
PCT7047	ED	150	62	0	0	3	59	43	16
PCT7047	TO	883	377	0	0	20	357	228	129
PCT7048	MV	685	267	0	0	21	246	177	69
PCT7048	ED	196	59	0	0	4	55	37	18
PCT7048	TO	881	326	0	0	25	301	214	87
PCT7049	MV	616	247	0	0	16	231	128	103
PCT7049	ED	210	71	0	0	5	66	44	22
PCT7049	TO	826	318	0	0	21	297	172	125
PCT7051	MV	715	306	0	0	24	282	161	121
PCT7051	ED	165	70	0	0	7	63	44	19
PCT7051	TO	880	376	0	0	31	345	205	140
PCT7052	MV	722	296	0	0	9	287	174	113
PCT7052	ED	184	88	0	0	6	82	65	17
PCT7052	TO	906	384	0	0	15	369	239	130
PCT7053	MV	542	227	0	0	27	200	117	83
PCT7053	ED	43	42	0	0	4	38	28	10
PCT7053	TO	585	269	0	0	31	238	145	93
PCT7054	MV	863	310	0	0	24	286	229	57
PCT7054	ED	273	109	0	0	5	104	83	21
PCT7054	TO	1136	419	0	0	29	390	312	78
PCT7055	MV	732	292	0	0	20	272	192	80
PCT7055	ED	94	78	0	0	6	72	65	7
PCT7055	TO	826	370	0	0	26	344	257	87
PCT7056	MV	618	275	0	0	28	247	187	60
PCT7056	ED	87	122	0	0	14	108	84	24
PCT7056	TO	705	397	0	0	42	355	271	84
PCT7101	MV	162	99	0	0	7	92	84	8
PCT7101	ED	-15	4	0	0	2	2	2	0
PCT7101	TO	147	103	0	0	9	94	86	8
PCT7201	MV	788	383	0	0	30	353	242	111
PCT7201	ED	147	170	0	0	24	146	116	30
PCT7201	TO	935	553	0	0	54	499	358	141
PCT7202	MV	708	308	0	1	36	271	186	85
PCT7202	ED	143	158	0	0	15	143	110	33
PCT7202	TO	851	466	0	1	51	414	296	118
PCT7203	MV	693	321	0	0	37	284	211	73
PCT7203	ED	186	187	0	0	25	162	118	44
PCT7203	TO	879	508	0	0	62	446	329	117
PCT7204	MV	773	422	0	0	55	367	278	89
PCT7204	ED	126	157	0	0	27	130	104	26
PCT7204	TO	899	579	0	0	82	497	382	115
PCT7205	MV	724	360	0	0	29	331	251	80
PCT7205	ED	147	177	0	0	16	161	118	43
PCT7205	TO	871	537	0	0	45	492	369	123
PCT7206	MV	299	129	0	0	12	117	88	29
PCT7206	ED	78	106	0	0	11	95	74	21
PCT7206	TO	377	235	0	0	23	212	162	50
PCT7207	MV	744	333	0	0	29	304	207	97
PCT7207	ED	123	154	0	0	11	143	121	22
PCT7207	TO	867	487	0	0	40	447	328	119
PCT7208	MV	492	253	0	0	32	221	149	72
PCT7208	ED	78	97	0	0	9	88	79	9
PCT7208	TO	570	350	0	0	41	309	228	81
PCT7209	MV	595	341	0	0	32	309	226	83
PCT7209	ED	52	75	0	0	5	70	57	13
PCT7209	TO	647	416	0	0	37	379	283	96
PCT7301	MV	813	319	0	0	24	295	221	74
PCT7301	ED	201	143	0	0	11	132	105	27
PCT7301	TO	1014	462	0	0	35	427	326	101
PCT7302	MV	713	352	0	0	36	316	212	104
PCT7302	ED	136	140	0	0	13	127	103	24
PCT7302	TO	849	492	0	0	49	443	315	128
PCT7303	MV	869	376	0	0	36	340	256	84
PCT7303	ED	199	172	0	0	18	154	123	31
PCT7303	TO	1068	548	0	0	54	494	379	115
PCT7304	MV	802	366	0	0	30	336	256	80
PCT7304	ED	199	185	0	0	15	170	128	42
PCT7304	TO	1001	551	0	0	45	506	384	122
PCT7305	MV	713	386	0	0	38	348	232	116
PCT7305	ED	154	155	0	0	12	143	109	34
PCT7305	TO	867	541	0	0	50	491	341	150
PCT7306	MV	801	374	0	0	39	335	212	123
PCT7306	ED	243	194	0	0	28	166	132	34
PCT7306	TO	1044	568	0	0	67	501	344	157
PCT7307	MV	605	272	0	0	17	255	175	80
PCT7307	ED	169	130	0	0	15	115	90	25
PCT7307	TO	774	402	0	0	32	370	265	105
PCT7308	MV	520	257	0	0	13	244	175	69
PCT7308	ED	105	158	0	0	14	144	118	26
PCT7308	TO	625	415	0	0	27	388	293	95
PCT7309	MV	691	324	0	0	34	290	215	75
PCT7309	ED	167	191	0	0	14	177	144	33
PCT7309	TO	858	515	0	0	48	467	359	108
PCT7311	MV	698	333	0	0	24	309	249	60
PCT7311	ED	208	218	0	0	20	198	159	39
PCT7311	TO	906	551	0	0	44	507	408	99
PCT7312	MV	700	395	0	0	26	369	256	113
PCT7312	ED	110	162	0	0	18	144	105	39
PCT7312	TO	810	557	0	0	44	513	361	152
PCT7313	MV	819	373	0	0	23	350	258	92
PCT7313	ED	184	163	0	0	25	138	109	29
PCT7313	TO	1003	536	0	0	48	488	367	121
PCT7314	MV	612	226	0	0	27	199	147	52
PCT7314	ED	147	85	0	0	10	75	56	19
PCT7314	TO	759	311	0	0	37	274	203	71
PCT7315	MV	570	206	0	0	13	193	135	58
PCT7315	ED	195	135	0	0	11	124	96	28
PCT7315	TO	765	341	0	0	24	317	231	86
PCT7316	MV	654	261	0	0	33	228	155	73
PCT7316	ED	178	131	0	0	15	116	95	21
PCT7316	TO	832	392	0	0	48	344	250	94
PCT7317	MV	744	350	0	0	24	326	217	109
PCT7317	ED	146	114	0	0	14	100	84	16
PCT7317	TO	890	464	0	0	38	426	301	125
PCT7318	MV	605	293	0	0	37	256	186	70
PCT7318	ED	118	108	0	0	16	92	68	24
PCT7318	TO	723	401	0	0	53	348	254	94
PCT7319	MV	861	345	0	0	28	317	224	93
PCT7319	ED	188	185	0	0	23	162	118	44
PCT7319	TO	1049	530	0	0	51	479	342	137
PCT7321	MV	557	202	0	0	20	182	119	63
PCT7321	ED	102	85	0	0	9	76	55	21
PCT7321	TO	659	287	0	0	29	258	174	84
PCT7322	MV	742	294	0	0	39	255	178	77
PCT7322	ED	146	50	0	0	6	44	39	5
PCT7322	TO	888	344	0	0	45	299	217	82
PCT7323	MV	790	368	0	0	49	319	233	86
PCT7323	ED	166	160	0	0	20	140	109	31
PCT7323	TO	956	528	0	0	69	459	342	117
PCT7324	MV	587	260	0	0	30	230	171	59
PCT7324	ED	150	89	0	0	7	82	59	23
PCT7324	TO	737	349	0	0	37	312	230	82
PCT7325	MV	714	327	0	0	30	297	230	67
PCT7325	ED	172	124	0	0	10	114	86	28
PCT7325	TO	886	451	0	0	40	411	316	95
PCT7326	MV	685	304	0	0	28	276	204	72
PCT7326	ED	174	159	0	0	26	133	97	36
PCT7326	TO	859	463	0	0	54	409	301	108
PCT7327	MV	561	230	0	0	32	198	134	64
PCT7327	ED	126	49	0	0	3	46	39	7
PCT7327	TO	687	279	0	0	35	244	173	71
PCT7328	MV	829	333	0	0	56	277	180	97
PCT7328	ED	173	67	0	0	10	57	44	13
PCT7328	TO	1002	400	0	0	66	334	224	110
PCT7329	MV	556	227	0	0	24	203	147	56
PCT7329	ED	95	78	0	0	5	73	53	20
PCT7329	TO	651	305	0	0	29	276	200	76
PCT7331	MV	710	361	0	0	41	320	232	88
PCT7331	ED	160	162	0	0	20	142	106	36
PCT7331	TO	870	523	0	0	61	462	338	124
PCT7332	MV	654	264	0	0	28	236	180	56
PCT7332	ED	136	149	0	0	11	138	123	15
PCT7332	TO	790	413	0	0	39	374	303	71
PCT7333	MV	822	390	0	0	32	358	264	94
PCT7333	ED	193	224	0	0	21	203	166	37
PCT7333	TO	1015	614	0	0	53	561	430	131
PCT7334	MV	688	307	0	0	19	288	226	62
PCT7334	ED	131	135	0	0	10	125	104	21
PCT7334	TO	819	442	0	0	29	413	330	83
PCT7335	MV	788	389	0	0	43	346	247	99
PCT7335	ED	146	191	0	1	17	173	144	29
PCT7335	TO	934	580	0	1	60	519	391	128
PCT7336	MV	779	405	0	0	29	376	236	140
PCT7336	ED	175	178	0	0	18	160	124	36
PCT7336	TO	954	583	0	0	47	536	360	176
PCT7337	MV	772	386	0	0	44	342	238	104
PCT7337	ED	125	112	0	0	6	106	84	22
PCT7337	TO	897	498	0	0	50	448	322	126
PCT7338	MV	770	360	0	0	44	316	217	99
PCT7338	ED	125	91	0	0	10	81	62	19
PCT7338	TO	895	451	0	0	54	397	279	118
PCT7339	MV	605	270	0	0	25	245	199	46
PCT7339	ED	150	122	0	0	3	119	92	27
PCT7339	TO	755	392	0	0	28	364	291	73
PCT7341	MV	675	291	0	0	34	257	198	59
PCT7341	ED	178	160	0	0	11	149	125	24
PCT7341	TO	853	451	0	0	45	406	323	83
PCT7342	MV	674	324	0	0	21	303	229	74
PCT7342	ED	230	245	0	0	20	225	170	55
PCT7342	TO	904	569	0	0	41	528	399	129
PCT7343	MV	554	252	0	0	27	225	190	35
PCT7343	ED	150	150	0	0	23	127	101	26
PCT7343	TO	704	402	0	0	50	352	291	61
PCT7344	MV	863	392	0	0	35	357	264	93
PCT7344	ED	201	211	0	0	21	190	155	35
PCT7344	TO	1064	603	0	0	56	547	419	128
PCT7345	MV	904	434	0	0	39	395	321	74
PCT7345	ED	210	217	0	0	16	201	161	40
PCT7345	TO	1114	651	0	0	55	596	482	114
PCT7346	MV	681	288	0	0	26	262	205	57
PCT7346	ED	208	174	0	0	19	155	123	32
PCT7346	TO	889	462	0	0	45	417	328	89
PCT7347	MV	833	371	0	0	36	335	291	44
PCT7347	ED	170	123	0	0	12	111	98	13
PCT7347	TO	1003	494	0	0	48	446	389	57
PCT7348	MV	650	279	0	0	24	255	199	56
PCT7348	ED	193	116	0	0	8	108	89	19
PCT7348	TO	843	395	0	0	32	363	288	75
PCT7349	MV	710	316	0	0	22	294	217	77
PCT7349	ED	202	145	0	0	13	132	111	21
PCT7349	TO	912	461	0	0	35	426	328	98
PCT7501	MV	456	248	0	0	29	219	153	66
PCT7501	ED	95	116	0	0	15	101	75	26
PCT7501	TO	551	364	0	0	44	320	228	92
PCT7502	MV	668	315	0	0	32	283	209	74
PCT7502	ED	121	143	0	0	19	124	102	22
PCT7502	TO	789	458	0	0	51	407	311	96
PCT7503	MV	614	286	0	0	23	263	212	51
PCT7503	ED	148	138	0	0	19	119	92	27
PCT7503	TO	762	424	0	0	42	382	304	78
PCT7504	MV	404	175	0	0	17	158	126	32
PCT7504	ED	84	84	0	0	7	77	69	8
PCT7504	TO	488	259	0	0	24	235	195	40
PCT7505	MV	729	405	0	0	46	359	289	70
PCT7505	ED	133	130	0	0	6	124	102	22
PCT7505	TO	862	535	0	0	52	483	391	92
PCT7506	MV	842	364	0	0	40	324	249	75
PCT7506	ED	158	162	0	0	16	146	128	18
PCT7506	TO	1000	526	0	0	56	470	377	93
PCT7507	MV	694	289	0	0	23	266	222	44
PCT7507	ED	262	133	0	0	5	128	112	16
PCT7507	TO	956	422	0	0	28	394	334	60
PCT7508	MV	618	373	0	0	35	338	258	80
PCT7508	ED	126	118	0	0	9	109	91	18
PCT7508	TO	744	491	0	0	44	447	349	98
PCT7509	MV	756	399	0	0	33	366	267	99
PCT7509	ED	173	169	0	0	17	152	118	34
PCT7509	TO	929	568	0	0	50	518	385	133
PCT7512	MV	475	248	0	0	22	226	176	50
PCT7512	ED	125	89	0	0	9	80	64	16
PCT7512	TO	600	337	0	0	31	306	240	66
PCT7513	MV	575	248	0	0	28	220	182	38
PCT7513	ED	231	143	0	0	17	126	109	17
PCT7513	TO	806	391	0	0	45	346	291	55
PCT7514	MV	709	242	0	0	33	209	165	44
PCT7514	ED	207	76	0	0	13	63	57	6
PCT7514	TO	916	318	0	0	46	272	222	50
PCT7515	MV	663	322	0	0	22	300	231	69
PCT7515	ED	201	114	0	0	13	101	84	17
PCT7515	TO	864	436	0	0	35	401	315	86
PCT7516	MV	773	423	0	0	27	396	307	89
PCT7516	ED	147	131	0	0	5	126	97	29
PCT7516	TO	920	554	0	0	32	522	404	118
PCT7517	MV	645	362	0	0	38	324	273	51
PCT7517	ED	223	234	0	0	19	215	187	28
PCT7517	TO	868	596	0	0	57	539	460	79
PCT7518	MV	708	392	0	0	33	359	292	67
PCT7518	ED	218	247	0	0	20	227	204	23
PCT7518	TO	926	639	0	0	53	586	496	90
PCT7519	MV	543	260	0	0	28	232	195	37
PCT7519	ED	172	172	0	0	12	160	136	24
PCT7519	TO	715	432	0	0	40	392	331	61
PCT7521	MV	597	319	0	0	32	287	250	37
PCT7521	ED	182	205	0	0	12	193	166	27
PCT7521	TO	779	524	0	0	44	480	416	64
PCT7522	MV	588	301	0	0	25	276	237	39
PCT7522	ED	171	192	0	0	16	176	154	22
PCT7522	TO	759	493	0	0	41	452	391	61
PCT7523	MV	564	285	0	0	24	261	220	41
PCT7523	ED	180	221	0	0	16	205	179	26
PCT7523	TO	744	506	0	0	40	466	399	67
PCT7524	MV	480	228	0	0	25	203	170	33
PCT7524	ED	144	130	0	0	14	116	105	11
PCT7524	TO	624	358	0	0	39	319	275	44
PCT7525	MV	594	246	0	0	24	222	188	34
PCT7525	ED	170	130	0	0	16	114	105	9
PCT7525	TO	764	376	0	0	40	336	293	43
PCT7526	MV	826	395	0	0	49	346	290	56
PCT7526	ED	162	219	0	0	23	196	159	37
PCT7526	TO	988	614	0	0	72	542	449	93
PCT7527	MV	538	296	0	0	29	267	223	44
PCT7527	ED	172	126	0	0	10	116	105	11
PCT7527	TO	710	422	0	0	39	383	328	55
PCT7529	MV	749	366	0	0	35	331	297	34
PCT7529	ED	154	231	0	0	12	219	188	31
PCT7529	TO	903	597	0	0	47	550	485	65
PCT7531	MV	714	336	0	0	30	306	264	42
PCT7531	ED	159	179	0	0	11	168	147	21
PCT7531	TO	873	515	0	0	41	474	411	63
PCT7532	MV	668	329	0	0	27	302	254	48
PCT7532	ED	167	185	0	0	21	164	124	40
PCT7532	TO	835	514	0	0	48	466	378	88
PCT7533	MV	776	405	0	1	41	363	309	54
PCT7533	ED	194	252	0	0	19	233	194	39
PCT7533	TO	970	657	0	1	60	596	503	93
PCT7534	MV	670	376	0	0	37	339	287	52
PCT7534	ED	233	231	0	0	19	212	197	15
PCT7534	TO	903	607	0	0	56	551	484	67
PCT7535	MV	606	300	0	0	23	277	231	46
PCT7535	ED	139	199	0	0	21	178	161	17
PCT7535	TO	745	499	0	0	44	455	392	63
PCT7536	MV	670	346	0	0	23	323	274	49
PCT7536	ED	163	216	0	0	25	191	165	26
PCT7536	TO	833	562	0	0	48	514	439	75
PCT7537	MV	619	301	0	0	24	277	240	37
PCT7537	ED	126	197	0	0	18	179	157	22
PCT7537	TO	745	498	0	0	42	456	397	59
PCT7538	MV	562	322	0	0	20	302	263	39
PCT7538	ED	189	212	0	0	20	192	168	24
PCT7538	TO	751	534	0	0	40	494	431	63
PCT7539	MV	696	374	0	0	29	345	300	45
PCT7539	ED	225	215	0	0	19	196	171	25
PCT7539	TO	921	589	0	0	48	541	471	70
PCT7541	MV	600	295	0	0	34	261	218	43
PCT7541	ED	170	214	0	0	21	193	168	25
PCT7541	TO	770	509	0	0	55	454	386	68
PCT7542	MV	632	324	0	0	15	309	265	44
PCT7542	ED	192	200	0	0	8	192	174	18
PCT7542	TO	824	524	0	0	23	501	439	62
PCT7543	MV	694	371	0	0	18	353	306	47
PCT7543	ED	230	173	0	0	16	157	138	19
PCT7543	TO	924	544	0	0	34	510	444	66
PCT7544	MV	731	389	0	0	36	353	293	60
PCT7544	ED	168	207	0	0	22	185	159	26
PCT7544	TO	899	596	0	0	58	538	452	86
PCT7545	MV	723	385	0	1	32	352	290	62
PCT7545	ED	172	192	0	0	22	170	140	30
PCT7545	TO	895	577	0	1	54	522	430	92
PCT7546	MV	770	418	0	0	27	391	344	47
PCT7546	ED	183	255	0	0	22	233	191	42
PCT7546	TO	953	673	0	0	49	624	535	89
PCT7547	MV	798	427	0	0	26	401	351	50
PCT7547	ED	183	227	0	0	15	212	200	12
PCT7547	TO	981	654	0	0	41	613	551	62
PCT7548	MV	802	450	0	0	38	412	360	52
PCT7548	ED	249	259	0	0	21	238	213	25
PCT7548	TO	1051	709	0	0	59	650	573	77
PCT7549	MV	660	358	0	0	31	327	270	57
PCT7549	ED	146	170	0	0	21	149	131	18
PCT7549	TO	806	528	0	0	52	476	401	75
PCT7551	MV	587	304	0	0	18	286	247	39
PCT7551	ED	136	178	0	0	13	165	129	36
PCT7551	TO	723	482	0	0	31	451	376	75
PCT7552	MV	561	285	0	0	31	254	224	30
PCT7552	ED	124	168	0	0	23	145	125	20
PCT7552	TO	685	453	0	0	54	399	349	50
PCT7553	MV	211	95	0	0	7	88	70	18
PCT7553	ED	-20	7	0	0	1	6	4	2
PCT7553	TO	191	102	0	0	8	94	74	20
PCT7554	MV	653	381	0	0	35	346	279	67
PCT7554	ED	168	216	0	0	19	197	164	33
PCT7554	TO	821	597	0	0	54	543	443	100
PCT7555	MV	662	416	0	0	36	380	312	68
PCT7555	ED	210	244	0	0	18	226	203	23
PCT7555	TO	872	660	0	0	54	606	515	91
PCT7556	MV	812	513	0	1	32	480	389	91
PCT7556	ED	154	214	0	0	24	190	149	41
PCT7556	TO	966	727	0	1	56	670	538	132
PCT7601	MV	485	207	0	0	17	190	163	27
PCT7601	ED	192	112	0	0	11	101	83	18
PCT7601	TO	677	319	0	0	28	291	246	45
PCT7602	MV	654	276	0	0	22	254	203	51
PCT7602	ED	232	128	0	0	11	117	107	10
PCT7602	TO	886	404	0	0	33	371	310	61
PCT7603	MV	615	295	0	0	28	267	216	51
PCT7603	ED	200	174	0	0	12	162	130	32
PCT7603	TO	815	469	0	0	40	429	346	83
PCT7604	MV	685	270	0	1	18	251	220	31
PCT7604	ED	259	164	0	0	25	139	110	29
PCT7604	TO	944	434	0	1	43	390	330	60
PCT7605	MV	468	192	0	1	16	175	138	37
PCT7605	ED	193	84	0	0	8	76	63	13
PCT7605	TO	661	276	0	1	24	251	201	50
PCT7606	MV	673	267	0	0	25	242	196	46
PCT7606	ED	210	99	0	0	9	90	79	11
PCT7606	TO	883	366	0	0	34	332	275	57
PCT7607	MV	712	288	0	0	23	265	209	56
PCT7607	ED	207	127	0	0	6	121	101	20
PCT7607	TO	919	415	0	0	29	386	310	76
PCT7608	MV	279	96	0	0	9	87	63	24
PCT7608	ED	101	26	0	0	1	25	23	2
PCT7608	TO	380	122	0	0	10	112	86	26
PCT7609	MV	699	286	0	0	27	259	196	63
PCT7609	ED	185	69	0	0	9	60	50	10
PCT7609	TO	884	355	0	0	36	319	246	73
PCT7611	MV	586	235	0	0	17	218	185	33
PCT7611	ED	202	47	0	0	4	43	36	7
PCT7611	TO	788	282	0	0	21	261	221	40
PCT7612	MV	452	216	0	0	17	199	147	52
PCT7612	ED	105	47	0	0	4	43	33	10
PCT7612	TO	557	263	0	0	21	242	180	62
PCT7613	MV	634	244	0	0	22	222	180	42
PCT7613	ED	249	107	0	0	6	101	87	14
PCT7613	TO	883	351	0	0	28	323	267	56
PCT7614	MV	713	254	0	0	28	226	179	47
PCT7614	ED	203	114	0	0	8	106	91	15
PCT7614	TO	916	368	0	0	36	332	270	62
PCT7615	MV	510	165	0	1	13	151	120	31
PCT7615	ED	240	81	0	0	9	72	61	11
PCT7615	TO	750	246	0	1	22	223	181	42
PCT7616	MV	754	330	0	0	34	296	241	55
PCT7616	ED	82	144	0	0	11	133	114	19
PCT7616	TO	836	474	0	0	45	429	355	74
PCT7617	MV	583	222	0	0	26	196	163	33
PCT7617	ED	169	67	0	0	12	55	40	15
PCT7617	TO	752	289	0	0	38	251	203	48
PCT7618	MV	763	365	0	0	21	344	258	86
PCT7618	ED	151	114	0	0	15	99	78	21
PCT7618	TO	914	479	0	0	36	443	336	107
PCT7619	MV	937	439	0	0	33	406	329	77
PCT7619	ED	170	169	0	0	17	152	125	27
PCT7619	TO	1107	608	0	0	50	558	454	104
PCT7621	MV	1006	443	0	0	34	409	324	85
PCT7621	ED	149	150	0	0	15	135	109	26
PCT7621	TO	1155	593	0	0	49	544	433	111
PCT7622	MV	697	215	0	0	22	193	157	36
PCT7622	ED	263	98	0	0	17	81	70	11
PCT7622	TO	960	313	0	0	39	274	227	47
PCT7623	MV	767	256	0	1	26	229	183	46
PCT7623	ED	237	143	0	0	13	130	115	15
PCT7623	TO	1004	399	0	1	39	359	298	61
PCT7624	MV	652	209	0	0	17	192	161	31
PCT7624	ED	223	97	0	0	16	81	68	13
PCT7624	TO	875	306	0	0	33	273	229	44
PCT7625	MV	749	394	0	0	55	339	254	85
PCT7625	ED	73	39	0	0	2	37	34	3
PCT7625	TO	822	433	0	0	57	376	288	88
PCT7626	MV	944	401	0	0	47	354	255	99
PCT7626	ED	129	134	0	0	8	126	109	17
PCT7626	TO	1073	535	0	0	55	480	364	116
PCT7627	MV	457	196	0	0	25	171	127	44
PCT7627	ED	67	65	0	0	7	58	45	13
PCT7627	TO	524	261	0	0	32	229	172	57
PCT7628	MV	718	332	0	0	19	313	248	65
PCT7628	ED	220	156	0	0	10	146	120	26
PCT7628	TO	938	488	0	0	29	459	368	91
PCT7629	MV	691	276	0	0	27	249	203	46
PCT7629	ED	162	131	0	0	10	121	100	21
PCT7629	TO	853	407	0	0	37	370	303	67
PCT7631	MV	1009	441	0	0	29	412	330	82
PCT7631	ED	210	159	0	0	15	144	119	25
PCT7631	TO	1219	600	0	0	44	556	449	107
PCT7632	MV	1002	414	0	1	30	383	310	73
PCT7632	ED	169	188	0	0	15	173	145	28
PCT7632	TO	1171	602	0	1	45	556	455	101
PCT7633	MV	609	278	0	0	21	257	201	56
PCT7633	ED	126	108	0	0	10	98	81	17
PCT7633	TO	735	386	0	0	31	355	282	73
PCT7634	MV	704	344	0	0	46	298	236	62
PCT7634	ED	186	143	0	1	21	121	89	32
PCT7634	TO	890	487	0	1	67	419	325	94
PCT7635	MV	665	274	0	0	20	254	194	60
PCT7635	ED	188	83	0	0	7	76	55	21
PCT7635	TO	853	357	0	0	27	330	249	81
PCT7636	MV	798	330	0	0	26	304	224	80
PCT7636	ED	161	155	0	0	11	144	116	28
PCT7636	TO	959	485	0	0	37	448	340	108
PCT7637	MV	747	344	0	0	34	310	208	102
PCT7637	ED	121	145	0	1	19	125	102	23
PCT7637	TO	868	489	0	1	53	435	310	125
PCT7638	MV	806	372	0	1	37	334	215	119
PCT7638	ED	83	132	0	0	12	120	78	42
PCT7638	TO	889	504	0	1	49	454	293	161
PCT7639	MV	889	396	0	1	34	361	254	107
PCT7639	ED	133	154	0	0	24	130	96	34
PCT7639	TO	1022	550	0	1	58	491	350	141
PCT7641	MV	817	400	0	1	24	375	248	127
PCT7641	ED	134	141	0	0	9	132	96	36
PCT7641	TO	951	541	0	1	33	507	344	163
PCT7642	MV	647	311	0	0	33	278	208	70
PCT7642	ED	118	129	0	0	21	108	86	22
PCT7642	TO	765	440	0	0	54	386	294	92
PCT7643	MV	810	433	0	0	35	398	281	117
PCT7643	ED	131	115	0	0	14	101	83	18
PCT7643	TO	941	548	0	0	49	499	364	135
PCT7644	MV	1014	404	0	0	39	365	274	91
PCT7644	ED	162	186	0	0	16	170	144	26
PCT7644	TO	1176	590	0	0	55	535	418	117
PCT7645	MV	595	286	0	0	26	260	184	76
PCT7645	ED	61	96	0	0	12	84	63	21
PCT7645	TO	656	382	0	0	38	344	247	97
PCT7646	MV	1032	485	0	0	42	443	341	102
PCT7646	ED	121	179	0	0	23	156	129	27
PCT7646	TO	1153	664	0	0	65	599	470	129
PCT7647	MV	724	211	0	0	6	205	161	44
PCT7647	ED	263	117	0	0	10	107	81	26
PCT7647	TO	987	328	0	0	16	312	242	70
PCT7648	MV	2	1	0	0	1	0	0	0
PCT7648	TO	2	1	0	0	1	0	0	0
PCT7649	MV	723	286	0	0	15	271	217	54
PCT7649	ED	177	108	0	0	9	99	81	18
PCT7649	TO	900	394	0	0	24	370	298	72
PCT7651	MV	834	332	0	0	28	304	209	95
PCT7651	ED	113	110	0	0	15	95	67	28
PCT7651	TO	947	442	0	0	43	399	276	123
PCT7652	MV	535	208	0	0	20	188	136	52
PCT7652	ED	100	98	0	0	11	87	67	20
PCT7652	TO	635	306	0	0	31	275	203	72
PCT7653	MV	750	335	0	0	35	300	237	63
PCT7653	ED	89	95	0	0	11	84	71	13
PCT7653	TO	839	430	0	0	46	384	308	76
PCT7654	MV	413	191	0	0	14	177	141	36
PCT7654	ED	53	91	0	0	6	85	69	16
PCT7654	TO	466	282	0	0	20	262	210	52
PCT7655	MV	583	215	0	0	11	204	150	54
PCT7655	ED	96	84	0	0	17	67	52	15
PCT7655	TO	679	299	0	0	28	271	202	69
PCT7656	MV	603	308	0	0	28	280	202	78
PCT7656	ED	35	67	0	0	10	57	34	23
PCT7656	TO	638	375	0	0	38	337	236	101
PCT7657	MV	561	269	0	0	24	245	179	66
PCT7657	ED	37	89	0	0	13	76	67	9
PCT7657	TO	598	358	0	0	37	321	246	75
PCT7701	MV	868	481	0	0	41	440	331	109
PCT7701	ED	196	175	0	0	11	164	123	41
PCT7701	TO	1064	656	0	0	52	604	454	150
PCT7702	MV	623	377	0	0	20	357	249	108
PCT7702	ED	133	107	0	0	8	99	68	31
PCT7702	TO	756	484	0	0	28	456	317	139
PCT7703	MV	187	71	0	0	5	66	55	11
PCT7703	ED	-13	0	0	0	0	0	0	0
PCT7703	TO	174	71	0	0	5	66	55	11
PCT7704	MV	798	490	0	0	42	448	295	153
PCT7704	ED	204	175	0	0	7	168	108	60
PCT7704	TO	1002	665	0	0	49	616	403	213
PCT7705	MV	470	285	0	0	20	265	172	93
PCT7705	ED	125	110	0	0	8	102	64	38
PCT7705	TO	595	395	0	0	28	367	236	131
PCT7706	MV	687	447	0	0	29	418	270	148
PCT7706	ED	179	163	0	0	7	156	99	57
PCT7706	TO	866	610	0	0	36	574	369	205
PCT7707	MV	683	432	0	0	36	396	290	106
PCT7707	ED	189	179	0	0	10	169	105	64
PCT7707	TO	872	611	0	0	46	565	395	170
PCT7708	MV	710	462	0	0	37	425	278	147
PCT7708	ED	165	154	0	0	9	145	102	43
PCT7708	TO	875	616	0	0	46	570	380	190
PCT7709	MV	324	194	0	0	10	184	126	58
PCT7709	ED	82	90	0	0	3	87	66	21
PCT7709	TO	406	284	0	0	13	271	192	79
PCT7711	MV	658	379	0	1	26	352	263	89
PCT7711	ED	153	126	0	0	1	125	96	29
PCT7711	TO	811	505	0	1	27	477	359	118
PCT7712	MV	425	258	0	1	16	241	187	54
PCT7712	ED	107	109	0	0	8	101	79	22
PCT7712	TO	532	367	0	1	24	342	266	76
PCT7801	MV	823	479	0	0	36	443	336	107
PCT7801	ED	151	196	0	0	12	184	145	39
PCT7801	TO	974	675	0	0	48	627	481	146
PCT7802	MV	646	402	0	0	36	366	301	65
PCT7802	ED	152	160	0	0	10	150	131	19
PCT7802	TO	798	562	0	0	46	516	432	84
PCT7803	MV	718	476	0	0	46	430	340	90
PCT7803	ED	113	129	0	0	10	119	94	25
PCT7803	TO	831	605	0	0	56	549	434	115
PCT7804	MV	734	463	0	0	52	411	327	84
PCT7804	ED	151	182	0	0	20	162	135	27
PCT7804	TO	885	645	0	0	72	573	462	111
PCT7805	MV	644	400	0	0	44	356	281	75
PCT7805	ED	156	157	0	0	12	145	131	14
PCT7805	TO	800	557	0	0	56	501	412	89
PCT7806	MV	602	361	0	0	28	333	291	42
PCT7806	ED	153	154	0	1	11	142	121	21
PCT7806	TO	755	515	0	1	39	475	412	63
PCT7807	MV	642	363	0	0	28	335	272	63
PCT7807	ED	185	176	0	0	13	163	139	24
PCT7807	TO	827	539	0	0	41	498	411	87
PCT7808	MV	525	296	0	0	29	267	223	44
PCT7808	ED	129	132	0	0	11	121	100	21
PCT7808	TO	654	428	0	0	40	388	323	65
PCT7809	MV	624	351	0	0	26	325	282	43
PCT7809	ED	140	137	0	0	10	127	114	13
PCT7809	TO	764	488	0	0	36	452	396	56
PCT7811	MV	582	311	0	0	22	289	242	47
PCT7811	ED	176	157	0	0	8	149	123	26
PCT7811	TO	758	468	0	0	30	438	365	73
PCT7812	MV	680	369	0	0	37	332	281	51
PCT7812	ED	217	168	0	0	11	157	133	24
PCT7812	TO	897	537	0	0	48	489	414	75
PCT7813	MV	843	483	0	0	27	456	387	69
PCT7813	ED	225	217	0	0	16	201	174	27
PCT7813	TO	1068	700	0	0	43	657	561	96
PCT7814	MV	660	281	0	1	21	259	217	42
PCT7814	ED	241	120	0	0	12	108	94	14
PCT7814	TO	901	401	0	1	33	367	311	56
PCT7815	MV	749	465	0	0	51	414	333	81
PCT7815	ED	168	181	0	0	17	164	134	30
PCT7815	TO	917	646	0	0	68	578	467	111
PCT7816	MV	724	472	0	0	45	427	345	82
PCT7816	ED	148	151	0	0	8	143	112	31
PCT7816	TO	872	623	0	0	53	570	457	113
PCT7817	MV	652	396	0	0	20	376	325	51
PCT7817	ED	186	185	0	0	10	175	151	24
PCT7817	TO	838	581	0	0	30	551	476	75
PCT7818	MV	668	393	0	0	30	363	301	62
PCT7818	ED	171	150	0	0	5	145	120	25
PCT7818	TO	839	543	0	0	35	508	421	87
PCT7819	MV	635	352	0	0	34	318	246	72
PCT7819	ED	139	91	0	0	5	86	71	15
PCT7819	TO	774	443	0	0	39	404	317	87
PCT7821	MV	806	519	0	0	30	489	402	87
PCT7821	ED	170	190	0	0	10	180	145	35
PCT7821	TO	976	709	0	0	40	669	547	122
PCT7822	MV	673	395	0	0	30	365	296	69
PCT7822	ED	219	224	0	0	21	203	160	43
PCT7822	TO	892	619	0	0	51	568	456	112
PCT7823	MV	706	410	0	0	34	376	307	69
PCT7823	ED	177	189	0	0	5	184	164	20
PCT7823	TO	883	599	0	0	39	560	471	89
PCT7824	MV	615	335	0	0	29	306	243	63
PCT7824	ED	153	158	0	0	12	146	121	25
PCT7824	TO	768	493	0	0	41	452	364	88
PCT7825	MV	457	252	0	0	17	235	206	29
PCT7825	ED	151	132	0	0	4	128	109	19
PCT7825	TO	608	384	0	0	21	363	315	48
PCT7826	MV	486	263	0	0	17	246	209	37
PCT7826	ED	204	163	0	0	10	153	136	17
PCT7826	TO	690	426	0	0	27	399	345	54
PCT7827	MV	607	318	0	0	25	293	247	46
PCT7827	ED	219	147	0	0	12	135	117	18
PCT7827	TO	826	465	0	0	37	428	364	64
PCT7828	MV	857	478	0	0	38	440	331	109
PCT7828	ED	171	183	0	0	19	164	126	38
PCT7828	TO	1028	661	0	0	57	604	457	147
PCT7829	MV	742	466	0	0	30	436	334	102
PCT7829	ED	149	151	0	0	6	145	118	27
PCT7829	TO	891	617	0	0	36	581	452	129
PCT7831	MV	763	485	0	0	47	438	352	86
PCT7831	ED	139	139	0	0	8	131	99	32
PCT7831	TO	902	624	0	0	55	569	451	118
PCT7832	MV	663	413	0	0	35	378	317	61
PCT7832	ED	118	128	0	0	9	119	102	17
PCT7832	TO	781	541	0	0	44	497	419	78
PCT7833	MV	587	343	0	0	29	314	265	49
PCT7833	ED	146	146	0	0	14	132	114	18
PCT7833	TO	733	489	0	0	43	446	379	67
PCT7834	MV	700	375	0	0	34	341	294	47
PCT7834	ED	194	179	0	0	12	167	146	21
PCT7834	TO	894	554	0	0	46	508	440	68
PCT7835	MV	721	428	0	0	29	399	280	119
PCT7835	ED	142	148	0	0	12	136	108	28
PCT7835	TO	863	576	0	0	41	535	388	147
PCT7836	MV	850	505	0	0	36	469	341	128
PCT7836	ED	193	171	0	0	5	166	132	34
PCT7836	TO	1043	676	0	0	41	635	473	162
PCT7837	MV	718	424	0	0	47	377	293	84
PCT7837	ED	205	202	0	0	15	187	162	25
PCT7837	TO	923	626	0	0	62	564	455	109
PCT7838	MV	752	493	0	0	39	454	351	103
PCT7838	ED	143	158	0	0	8	150	123	27
PCT7838	TO	895	651	0	0	47	604	474	130
PCT7839	MV	731	456	0	0	45	411	325	86
PCT7839	ED	130	140	0	0	7	133	111	22
PCT7839	TO	861	596	0	0	52	544	436	108
PCT7841	MV	752	458	0	0	32	426	340	86
PCT7841	ED	198	207	0	0	14	193	162	31
PCT7841	TO	950	665	0	0	46	619	502	117
PCT7842	MV	702	394	0	0	33	361	303	58
PCT7842	ED	177	155	0	0	9	146	125	21
PCT7842	TO	879	549	0	0	42	507	428	79
PCT7843	MV	546	295	0	0	20	275	228	47
PCT7843	ED	183	165	0	0	12	153	128	25
PCT7843	TO	729	460	0	0	32	428	356	72
PCT7844	MV	499	281	0	0	23	258	234	24
PCT7844	ED	152	137	0	0	12	125	112	13
PCT7844	TO	651	418	0	0	35	383	346	37
PCT7845	MV	676	405	0	0	27	378	307	71
PCT7845	ED	204	178	0	0	14	164	128	36
PCT7845	TO	880	583	0	0	41	542	435	107
PCT7846	MV	736	464	0	0	51	413	317	96
PCT7846	ED	172	171	0	0	13	158	129	29
PCT7846	TO	908	635	0	0	64	571	446	125
PCT7847	MV	698	429	0	0	40	389	318	71
PCT7847	ED	193	183	0	0	6	177	142	35
PCT7847	TO	891	612	0	0	46	566	460	106
PCT7848	MV	665	437	0	0	27	410	321	89
PCT7848	ED	182	169	0	0	15	154	123	31
PCT7848	TO	847	606	0	0	42	564	444	120
PCT7849	MV	729	443	0	0	44	399	318	81
PCT7849	ED	172	188	0	0	15	173	148	25
PCT7849	TO	901	631	0	0	59	572	466	106
PCT7851	MV	414	272	0	0	21	251	171	80
PCT7851	ED	112	85	0	0	6	79	54	25
PCT7851	TO	526	357	0	0	27	330	225	105
PCT7852	MV	533	350	0	0	29	321	219	102
PCT7852	ED	111	103	0	0	8	95	69	26
PCT7852	TO	644	453	0	0	37	416	288	128
PCT7853	MV	694	394	0	0	36	358	264	94
PCT7853	ED	161	139	0	0	8	131	101	30
PCT7853	TO	855	533	0	0	44	489	365	124
PCT7854	MV	703	430	0	0	38	392	313	79
PCT7854	ED	175	173	0	0	13	160	129	31
PCT7854	TO	878	603	0	0	51	552	442	110
PCT7855	MV	763	451	0	0	41	410	324	86
PCT7855	ED	211	204	0	0	15	189	156	33
PCT7855	TO	974	655	0	0	56	599	480	119
PCT7856	MV	643	376	0	0	27	349	294	55
PCT7856	ED	204	193	0	0	12	181	151	30
PCT7856	TO	847	569	0	0	39	530	445	85
PCT7857	MV	748	437	0	0	42	395	309	86
PCT7857	ED	158	156	0	0	7	149	131	18
PCT7857	TO	906	593	0	0	49	544	440	104
PCT7858	MV	622	349	0	0	29	320	280	40
PCT7858	ED	157	151	0	0	12	139	120	19
PCT7858	TO	779	500	0	0	41	459	400	59
PCT7859	MV	747	464	0	0	36	428	323	105
PCT7859	ED	152	167	0	0	19	148	112	36
PCT7859	TO	899	631	0	0	55	576	435	141
PCT7861	MV	699	432	0	0	30	402	310	92
PCT7861	ED	164	171	0	0	9	162	129	33
PCT7861	TO	863	603	0	0	39	564	439	125
PCT7862	MV	669	401	0	0	21	380	286	94
PCT7862	ED	195	198	0	0	13	185	153	32
PCT7862	TO	864	599	0	0	34	565	439	126
PCT7863	MV	693	373	0	0	32	341	284	57
PCT7863	ED	208	208	0	0	7	201	162	39
PCT7863	TO	901	581	0	0	39	542	446	96
PCT7864	MV	661	374	0	0	32	342	273	69
PCT7864	ED	153	157	0	0	12	145	123	22
PCT7864	TO	814	531	0	0	44	487	396	91
PCT7865	MV	677	408	0	0	33	375	294	81
PCT7865	ED	163	160	0	0	9	151	122	29
PCT7865	TO	840	568	0	0	42	526	416	110
PCT7866	MV	690	446	0	0	22	424	288	136
PCT7866	ED	158	143	0	0	6	137	88	49
PCT7866	TO	848	589	0	0	28	561	376	185
PCT7867	MV	766	470	0	0	31	439	362	77
PCT7867	ED	212	184	0	0	13	171	138	33
PCT7867	TO	978	654	0	0	44	610	500	110
PCT7868	MV	659	376	0	0	19	357	271	86
PCT7868	ED	217	162	0	0	12	150	122	28
PCT7868	TO	876	538	0	0	31	507	393	114
PCT7869	MV	683	441	0	1	30	410	327	83
PCT7869	ED	178	191	0	0	10	181	152	29
PCT7869	TO	861	632	0	1	40	591	479	112
PCT7871	MV	702	464	0	0	39	425	337	88
PCT7871	ED	200	157	0	0	8	149	117	32
PCT7871	TO	902	621	0	0	47	574	454	120
PCT7872	MV	675	420	0	0	26	394	321	73
PCT7872	ED	199	186	0	0	6	180	137	43
PCT7872	TO	874	606	0	0	32	574	458	116
PCT7873	MV	689	444	0	0	35	409	330	79
PCT7873	ED	202	214	0	0	14	200	165	35
PCT7873	TO	891	658	0	0	49	609	495	114
PCT7874	MV	370	191	0	0	11	180	146	34
PCT7874	ED	119	108	0	0	7	101	82	19
PCT7874	TO	489	299	0	0	18	281	228	53
PCT7875	MV	500	253	0	1	11	241	185	56
PCT7875	ED	147	115	0	0	4	111	84	27
PCT7875	TO	647	368	0	1	15	352	269	83
PCT7876	MV	462	257	0	0	24	233	196	37
PCT7876	ED	106	93	0	0	15	78	67	11
PCT7876	TO	568	350	0	0	39	311	263	48
PCT7901	MV	399	191	0	0	14	177	152	25
PCT7901	ED	150	67	0	0	3	64	57	7
PCT7901	TO	549	258	0	0	17	241	209	32
PCT7902	MV	680	290	0	0	12	278	245	33
PCT7902	ED	232	145	0	0	11	134	115	19
PCT7902	TO	912	435	0	0	23	412	360	52
PCT7903	MV	623	286	0	0	24	262	216	46
PCT7903	ED	229	125	0	0	6	119	105	14
PCT7903	TO	852	411	0	0	30	381	321	60
PCT7904	MV	680	299	0	0	24	275	233	42
PCT7904	ED	157	122	0	1	11	110	98	12
PCT7904	TO	837	421	0	1	35	385	331	54
PCT7905	MV	684	356	0	0	24	332	270	62
PCT7905	ED	191	183	0	0	9	174	157	17
PCT7905	TO	875	539	0	0	33	506	427	79
PCT7906	MV	599	283	0	0	22	261	222	39
PCT7906	ED	187	118	0	0	13	105	91	14
PCT7906	TO	786	401	0	0	35	366	313	53
PCT7907	MV	704	344	0	1	19	324	278	46
PCT7907	ED	238	165	0	0	15	150	132	18
PCT7907	TO	942	509	0	1	34	474	410	64
PCT7908	MV	752	366	0	0	28	338	294	44
PCT7908	ED	240	172	0	0	12	160	145	15
PCT7908	TO	992	538	0	0	40	498	439	59
PCT7909	MV	558	311	0	0	26	285	252	33
PCT7909	ED	185	141	0	0	8	133	117	16
PCT7909	TO	743	452	0	0	34	418	369	49
PCT7911	MV	666	322	0	0	28	294	241	53
PCT7911	ED	205	129	0	0	8	121	103	18
PCT7911	TO	871	451	0	0	36	415	344	71
PCT7912	MV	800	370	0	0	29	341	307	34
PCT7912	ED	259	182	0	1	17	164	146	18
PCT7912	TO	1059	552	0	1	46	505	453	52
PCT7913	MV	660	350	0	0	14	336	291	45
PCT7913	ED	263	216	0	1	10	205	169	36
PCT7913	TO	923	566	0	1	24	541	460	81
PCT7914	MV	715	390	0	0	30	360	297	63
PCT7914	ED	187	142	0	0	15	127	102	25
PCT7914	TO	902	532	0	0	45	487	399	88
PCT7915	MV	605	290	0	0	26	264	223	41
PCT7915	ED	238	183	0	0	5	178	145	33
PCT7915	TO	843	473	0	0	31	442	368	74
PCT7916	MV	639	335	0	0	21	314	271	43
PCT7916	ED	219	162	0	0	9	153	137	16
PCT7916	TO	858	497	0	0	30	467	408	59
PCT7917	MV	716	357	0	0	22	335	292	43
PCT7917	ED	271	187	0	0	10	177	166	11
PCT7917	TO	987	544	0	0	32	512	458	54
PCT7918	MV	597	297	0	0	18	279	244	35
PCT7918	ED	227	145	0	0	9	136	120	16
PCT7918	TO	824	442	0	0	27	415	364	51
PCT7919	MV	608	309	0	0	16	293	253	40
PCT7919	ED	258	177	0	0	8	169	156	13
PCT7919	TO	866	486	0	0	24	462	409	53
PCT7921	MV	682	310	0	0	18	292	249	43
PCT7921	ED	229	103	0	0	5	98	86	12
PCT7921	TO	911	413	0	0	23	390	335	55
PCT7922	MV	648	314	0	0	17	297	254	43
PCT7922	ED	210	157	0	0	9	148	128	20
PCT7922	TO	858	471	0	0	26	445	382	63
PCT7923	MV	666	337	0	0	17	320	252	68
PCT7923	ED	214	172	0	0	9	163	138	25
PCT7923	TO	880	509	0	0	26	483	390	93
PCT7924	MV	649	303	0	0	20	283	233	50
PCT7924	ED	202	126	0	0	7	119	102	17
PCT7924	TO	851	429	0	0	27	402	335	67
PCT7925	MV	434	225	0	0	22	203	167	36
PCT7925	ED	110	89	0	0	2	87	73	14
PCT7925	TO	544	314	0	0	24	290	240	50
PCT7926	MV	610	337	0	0	25	312	257	55
PCT7926	ED	178	150	0	0	5	145	117	28
PCT7926	TO	788	487	0	0	30	457	374	83
PCT7927	MV	580	335	0	0	23	312	254	58
PCT7927	ED	162	154	0	0	5	149	126	23
PCT7927	TO	742	489	0	0	28	461	380	81
PCT7928	MV	700	395	0	0	21	374	320	54
PCT7928	ED	217	208	0	0	2	206	186	20
PCT7928	TO	917	603	0	0	23	580	506	74
PCT7929	MV	678	424	0	0	23	401	345	56
PCT7929	ED	169	172	0	0	10	162	141	21
PCT7929	TO	847	596	0	0	33	563	486	77
PCT7931	MV	610	378	0	1	32	345	286	59
PCT7931	ED	141	150	0	0	8	142	121	21
PCT7931	TO	751	528	0	1	40	487	407	80
PCT7932	MV	443	277	0	0	26	251	194	57
PCT7932	ED	118	96	0	0	5	91	73	18
PCT7932	TO	561	373	0	0	31	342	267	75
PCT7933	MV	9	6	0	0	0	6	4	2
PCT7933	ED	-1	0	0	0	0	0	0	0
PCT7933	TO	8	6	0	0	0	6	4	2
PCT7934	MV	702	409	0	0	29	380	336	44
PCT7934	ED	182	156	0	0	12	144	124	20
PCT7934	TO	884	565	0	0	41	524	460	64
PCT7935	MV	716	436	0	0	32	404	335	69
PCT7935	ED	227	227	0	0	16	211	184	27
PCT7935	TO	943	663	0	0	48	615	519	96
PCT7936	MV	620	370	0	0	28	342	278	64
PCT7936	ED	236	221	0	0	9	212	183	29
PCT7936	TO	856	591	0	0	37	554	461	93
PCT7937	MV	698	406	0	0	28	378	303	75
PCT7937	ED	202	172	0	0	10	162	139	23
PCT7937	TO	900	578	0	0	38	540	442	98
PCT7938	MV	536	301	0	0	14	287	233	54
PCT7938	ED	215	121	0	0	6	115	97	18
PCT7938	TO	751	422	0	0	20	402	330	72
PCT7939	MV	481	289	0	0	30	259	222	37
PCT7939	ED	205	191	0	0	12	179	153	26
PCT7939	TO	686	480	0	0	42	438	375	63
PCT7941	MV	576	304	0	0	29	275	217	58
PCT7941	ED	196	173	0	0	12	161	126	35
PCT7941	TO	772	477	0	0	41	436	343	93
PCT7942	MV	658	333	0	0	19	314	248	66
PCT7942	ED	274	141	0	0	9	132	112	20
PCT7942	TO	932	474	0	0	28	446	360	86
PCT7943	MV	687	368	0	0	20	348	265	83
PCT7943	ED	213	158	0	0	9	149	111	38
PCT7943	TO	900	526	0	0	29	497	376	121
PCT7944	MV	584	342	0	0	29	313	270	43
PCT7944	ED	230	197	0	0	13	184	155	29
PCT7944	TO	814	539	0	0	42	497	425	72
PCT7945	MV	726	338	0	0	23	315	253	62
PCT7945	ED	228	85	0	0	5	80	68	12
PCT7945	TO	954	423	0	0	28	395	321	74
PCT7946	MV	779	366	0	0	16	350	220	130
PCT7946	ED	206	115	0	0	8	107	83	24
PCT7946	TO	985	481	0	0	24	457	303	154
PCT7947	MV	792	332	0	0	24	308	180	128
PCT7947	ED	194	95	0	0	3	92	69	23
PCT7947	TO	986	427	0	0	27	400	249	151
PCT7948	MV	730	373	0	0	26	347	202	145
PCT7948	ED	200	119	0	0	5	114	81	33
PCT7948	TO	930	492	0	0	31	461	283	178
PCT7949	MV	484	233	0	0	13	220	122	98
PCT7949	ED	106	57	0	0	7	50	33	17
PCT7949	TO	590	290	0	0	20	270	155	115
PCT7951	MV	731	366	0	0	26	340	175	165
PCT7951	ED	156	90	0	0	4	86	54	32
PCT7951	TO	887	456	0	0	30	426	229	197
PCT7952	MV	730	292	0	0	20	272	156	116
PCT7952	ED	182	86	0	0	6	80	48	32
PCT7952	TO	912	378	0	0	26	352	204	148
PCT7953	MV	669	331	0	0	19	312	173	139
PCT7953	ED	161	106	0	0	7	99	62	37
PCT7953	TO	830	437	0	0	26	411	235	176
PCT7955	MV	774	350	0	0	23	327	185	142
PCT7955	ED	173	101	0	0	10	91	55	36
PCT7955	TO	947	451	0	0	33	418	240	178
PCT7956	MV	699	267	0	0	10	257	156	101
PCT7956	ED	170	42	0	0	2	40	31	9
PCT7956	TO	869	309	0	0	12	297	187	110
PCT7957	MV	538	261	0	0	18	243	172	71
PCT7957	ED	135	85	0	0	6	79	61	18
PCT7957	TO	673	346	0	0	24	322	233	89
PCT7958	MV	320	104	0	0	7	97	71	26
PCT7958	ED	-23	0	0	0	0	0	0	0
PCT7958	TO	297	104	0	0	7	97	71	26
PCT7959	MV	541	230	0	0	23	207	184	23
PCT7959	ED	145	68	0	0	5	63	58	5
PCT7959	TO	686	298	0	0	28	270	242	28
PCT9001	MV	314	100	0	0	2	98	75	23
PCT9001	ED	-30	0	0	0	0	0	0	0
PCT9001	TO	284	100	0	0	2	98	75	23
PCT9101	MV	712	378	0	3	24	351	245	106
PCT9101	ED	201	195	0	0	11	184	133	51
PCT9101	TO	913	573	0	3	35	535	378	157
PCT9102	MV	788	393	0	0	30	363	267	96
PCT9102	ED	204	175	0	0	15	160	120	40
PCT9102	TO	992	568	0	0	45	523	387	136
PCT9103	MV	719	381	0	0	40	341	253	88
PCT9103	ED	238	194	0	0	17	177	122	55
PCT9103	TO	957	575	0	0	57	518	375	143
PCT9104	MV	810	382	0	0	33	349	248	101
PCT9104	ED	220	181	0	0	12	169	134	35
PCT9104	TO	1030	563	0	0	45	518	382	136
PCT9105	MV	719	413	0	0	27	386	262	124
PCT9105	ED	199	223	0	0	23	200	152	48
PCT9105	TO	918	636	0	0	50	586	414	172
PCT9106	MV	748	397	0	0	31	366	274	92
PCT9106	ED	198	225	0	0	20	205	158	47
PCT9106	TO	946	622	0	0	51	571	432	139
PCT9107	MV	636	305	0	0	29	276	208	68
PCT9107	ED	208	166	0	0	14	152	119	33
PCT9107	TO	844	471	0	0	43	428	327	101
PCT9108	MV	610	337	0	0	28	309	236	73
PCT9108	ED	200	143	0	0	8	135	107	28
PCT9108	TO	810	480	0	0	36	444	343	101
PCT9109	MV	672	300	0	0	26	274	201	73
PCT9109	ED	211	199	0	0	11	188	150	38
PCT9109	TO	883	499	0	0	37	462	351	111
PCT9111	MV	639	317	0	0	28	289	201	88
PCT9111	ED	195	170	0	0	17	153	125	28
PCT9111	TO	834	487	0	0	45	442	326	116
PCT9112	MV	742	351	0	0	26	325	251	74
PCT9112	ED	219	207	0	0	12	195	151	44
PCT9112	TO	961	558	0	0	38	520	402	118
PCT9113	MV	796	371	0	0	34	337	250	87
PCT9113	ED	208	245	0	0	20	225	171	54
PCT9113	TO	1004	616	0	0	54	562	421	141
PCT9114	MV	659	291	0	0	24	267	202	65
PCT9114	ED	231	184	0	0	12	172	143	29
PCT9114	TO	890	475	0	0	36	439	345	94
PCT9115	MV	699	322	0	0	28	294	226	68
PCT9115	ED	182	180	0	0	18	162	139	23
PCT9115	TO	881	502	0	0	46	456	365	91
PCT9116	MV	782	346	0	0	24	322	237	85
PCT9116	ED	179	181	0	0	15	166	128	38
PCT9116	TO	961	527	0	0	39	488	365	123
PCT9117	MV	629	328	0	0	22	306	215	91
PCT9117	ED	171	195	0	0	10	185	133	52
PCT9117	TO	800	523	0	0	32	491	348	143
PCT9118	MV	742	340	0	0	29	311	206	105
PCT9118	ED	242	228	0	0	18	210	155	55
PCT9118	TO	984	568	0	0	47	521	361	160
PCT9119	MV	703	387	0	0	29	358	237	121
PCT9119	ED	197	160	0	0	15	145	120	25
PCT9119	TO	900	547	0	0	44	503	357	146
PCT9121	MV	735	335	0	0	18	317	221	96
PCT9121	ED	218	185	0	0	10	175	118	57
PCT9121	TO	953	520	0	0	28	492	339	153
PCT9122	MV	775	364	0	0	26	338	226	112
PCT9122	ED	192	161	0	0	20	141	109	32
PCT9122	TO	967	525	0	0	46	479	335	144
PCT9123	MV	661	319	0	0	19	300	199	101
PCT9123	ED	191	190	0	0	17	173	138	35
PCT9123	TO	852	509	0	0	36	473	337	136
PCT9124	MV	736	351	0	0	21	330	212	118
PCT9124	ED	167	161	0	0	10	151	122	29
PCT9124	TO	903	512	0	0	31	481	334	147
PCT9125	MV	681	358	0	0	21	337	244	93
PCT9125	ED	188	154	0	0	12	142	113	29
PCT9125	TO	869	512	0	0	33	479	357	122
PCT9126	MV	819	385	0	0	27	358	223	135
PCT9126	ED	194	200	0	0	13	187	146	41
PCT9126	TO	1013	585	0	0	40	545	369	176
PCT9127	MV	748	382	0	0	36	346	265	81
PCT9127	ED	223	221	0	0	11	210	158	52
PCT9127	TO	971	603	0	0	47	556	423	133
PCT9128	MV	628	333	0	0	29	304	212	92
PCT9128	ED	190	196	0	0	14	182	143	39
PCT9128	TO	818	529	0	0	43	486	355	131
PCT9129	MV	587	272	0	0	15	257	186	71
PCT9129	ED	151	154	0	0	7	147	121	26
PCT9129	TO	738	426	0	0	22	404	307	97
PCT9131	MV	596	285	0	0	15	270	184	86
PCT9131	ED	138	154	0	0	9	145	106	39
PCT9131	TO	734	439	0	0	24	415	290	125
PCT9132	MV	627	262	0	1	24	237	191	46
PCT9132	ED	194	172	0	0	18	154	124	30
PCT9132	TO	821	434	0	1	42	391	315	76
PCT9133	MV	808	382	0	0	22	360	278	82
PCT9133	ED	209	214	0	0	15	199	156	43
PCT9133	TO	1017	596	0	0	37	559	434	125
PCT9134	MV	736	327	0	0	26	301	211	90
PCT9134	ED	155	106	0	0	5	101	76	25
PCT9134	TO	891	433	0	0	31	402	287	115
PCT9135	MV	640	305	0	0	20	285	195	90
PCT9135	ED	182	159	0	0	11	148	98	50
PCT9135	TO	822	464	0	0	31	433	293	140
PCT9136	MV	706	368	0	0	33	335	238	97
PCT9136	ED	212	165	0	0	13	152	121	31
PCT9136	TO	918	533	0	0	46	487	359	128
PCT9137	MV	806	389	0	0	28	361	259	102
PCT9137	ED	209	176	0	0	14	162	130	32
PCT9137	TO	1015	565	0	0	42	523	389	134
PCT9138	MV	770	398	0	0	22	376	273	103
PCT9138	ED	175	150	0	0	9	141	103	38
PCT9138	TO	945	548	0	0	31	517	376	141
PCT9139	MV	828	423	0	1	34	388	260	128
PCT9139	ED	190	178	0	0	16	162	119	43
PCT9139	TO	1018	601	0	1	50	550	379	171
PCT9141	MV	789	418	0	0	38	380	251	129
PCT9141	ED	184	173	0	0	13	160	118	42
PCT9141	TO	973	591	0	0	51	540	369	171
PCT9142	MV	747	364	0	0	22	342	252	90
PCT9142	ED	239	210	0	0	23	187	148	39
PCT9142	TO	986	574	0	0	45	529	400	129
PCT9143	MV	705	360	0	0	21	339	219	120
PCT9143	ED	209	172	0	0	10	162	120	42
PCT9143	TO	914	532	0	0	31	501	339	162
PCT9144	MV	767	376	0	0	22	354	245	109
PCT9144	ED	203	215	0	0	14	201	163	38
PCT9144	TO	970	591	0	0	36	555	408	147
PCT9145	MV	681	334	0	0	21	313	236	77
PCT9145	ED	194	178	0	0	11	167	129	38
PCT9145	TO	875	512	0	0	32	480	365	115
PCT9146	MV	725	353	0	0	29	324	247	77
PCT9146	ED	160	194	0	0	20	174	138	36
PCT9146	TO	885	547	0	0	49	498	385	113
PCT9147	MV	765	373	0	1	28	344	263	81
PCT9147	ED	225	211	0	0	17	194	152	42
PCT9147	TO	990	584	0	1	45	538	415	123
PCT9148	MV	779	397	0	0	31	366	279	87
PCT9148	ED	235	230	0	0	19	211	168	43
PCT9148	TO	1014	627	0	0	50	577	447	130
PCT9149	MV	813	385	0	0	28	357	272	85
PCT9149	ED	178	252	0	0	15	237	196	41
PCT9149	TO	991	637	0	0	43	594	468	126
PCT9151	MV	693	351	0	0	34	317	239	78
PCT9151	ED	168	116	0	0	5	111	85	26
PCT9151	TO	861	467	0	0	39	428	324	104
PCT9152	MV	550	196	0	0	12	184	146	38
PCT9152	ED	187	143	0	0	9	134	115	19
PCT9152	TO	737	339	0	0	21	318	261	57
PCT9201	MV	785	358	0	0	31	327	283	44
PCT9201	ED	186	228	0	0	16	212	183	29
PCT9201	TO	971	586	0	0	47	539	466	73
PCT9202	MV	819	368	0	1	39	328	254	74
PCT9202	ED	177	228	0	0	15	213	177	36
PCT9202	TO	996	596	0	1	54	541	431	110
PCT9203	MV	847	373	0	0	55	318	208	110
PCT9203	ED	155	191	0	0	24	167	107	60
PCT9203	TO	1002	564	0	0	79	485	315	170
PCT9204	MV	686	309	0	0	34	275	176	99
PCT9204	ED	176	198	0	0	28	170	122	48
PCT9204	TO	862	507	0	0	62	445	298	147
PCT9205	MV	621	288	0	0	37	251	181	70
PCT9205	ED	115	154	0	0	21	133	88	45
PCT9205	TO	736	442	0	0	58	384	269	115
PCT9206	MV	741	351	0	0	36	315	178	137
PCT9206	ED	188	194	0	0	33	161	91	70
PCT9206	TO	929	545	0	0	69	476	269	207
PCT9207	MV	824	370	0	1	32	337	221	116
PCT9207	ED	165	194	0	0	12	182	120	62
PCT9207	TO	989	564	0	1	44	519	341	178
PCT9208	MV	808	357	0	0	34	323	222	101
PCT9208	ED	179	179	0	0	17	162	112	50
PCT9208	TO	987	536	0	0	51	485	334	151
PCT9209	MV	615	276	0	0	29	247	155	92
PCT9209	ED	156	172	0	0	29	143	90	53
PCT9209	TO	771	448	0	0	58	390	245	145
PCT9211	MV	730	314	0	0	35	279	165	114
PCT9211	ED	161	155	0	0	19	136	93	43
PCT9211	TO	891	469	0	0	54	415	258	157
PCT9212	MV	671	284	0	1	26	257	176	81
PCT9212	ED	137	175	0	1	34	140	95	45
PCT9212	TO	808	459	0	2	60	397	271	126
PCT9213	MV	776	350	0	0	44	306	220	86
PCT9213	ED	161	200	0	0	25	175	125	50
PCT9213	TO	937	550	0	0	69	481	345	136
PCT9214	MV	517	236	0	0	19	217	146	71
PCT9214	ED	110	136	0	0	21	115	74	41
PCT9214	TO	627	372	0	0	40	332	220	112
PCT9215	MV	524	246	0	0	17	229	142	87
PCT9215	ED	120	131	0	1	14	116	77	39
PCT9215	TO	644	377	0	1	31	345	219	126
PCT9216	MV	669	264	0	0	34	230	153	77
PCT9216	ED	155	173	0	0	17	156	112	44
PCT9216	TO	824	437	0	0	51	386	265	121
PCT9217	MV	588	268	0	0	16	252	170	82
PCT9217	ED	117	134	0	0	7	127	88	39
PCT9217	TO	705	402	0	0	23	379	258	121
PCT9218	MV	652	278	0	1	26	251	158	93
PCT9218	ED	164	160	0	0	14	146	106	40
PCT9218	TO	816	438	0	1	40	397	264	133
PCT9219	MV	646	288	0	0	33	255	192	63
PCT9219	ED	144	172	0	0	21	151	115	36
PCT9219	TO	790	460	0	0	54	406	307	99
PCT9221	MV	562	322	0	0	26	296	174	122
PCT9221	ED	89	140	0	0	12	128	97	31
PCT9221	TO	651	462	0	0	38	424	271	153
PCT9222	MV	773	373	0	0	37	336	213	123
PCT9222	ED	137	176	0	0	22	154	111	43
PCT9222	TO	910	549	0	0	59	490	324	166
PCT9223	MV	558	266	0	0	18	248	163	85
PCT9223	ED	109	115	0	0	11	104	64	40
PCT9223	TO	667	381	0	0	29	352	227	125
PCT9224	MV	768	380	0	0	36	344	240	104
PCT9224	ED	181	168	0	0	18	150	108	42
PCT9224	TO	949	548	0	0	54	494	348	146
PCT9225	MV	757	303	0	0	32	271	183	88
PCT9225	ED	169	219	0	0	24	195	149	46
PCT9225	TO	926	522	0	0	56	466	332	134
PCT9226	MV	741	355	0	0	45	310	239	71
PCT9226	ED	155	179	0	0	21	158	120	38
PCT9226	TO	896	534	0	0	66	468	359	109
PCT9227	MV	605	372	0	0	29	343	237	106
PCT9227	ED	124	149	0	0	5	144	102	42
PCT9227	TO	729	521	0	0	34	487	339	148
PCT9228	MV	578	314	0	0	29	285	194	91
PCT9228	ED	160	180	0	0	12	168	125	43
PCT9228	TO	738	494	0	0	41	453	319	134
PCT9229	MV	460	257	0	0	18	239	175	64
PCT9229	ED	119	122	0	0	13	109	77	32
PCT9229	TO	579	379	0	0	31	348	252	96
PCT9231	MV	726	352	0	0	27	325	253	72
PCT9231	ED	236	264	0	0	27	237	179	58
PCT9231	TO	962	616	0	0	54	562	432	130
PCT9232	MV	608	293	0	1	24	268	184	84
PCT9232	ED	126	157	0	0	14	143	98	45
PCT9232	TO	734	450	0	1	38	411	282	129
PCT9233	MV	668	332	0	0	35	297	196	101
PCT9233	ED	150	188	0	0	26	162	122	40
PCT9233	TO	818	520	0	0	61	459	318	141
PCT9234	MV	643	319	0	0	20	299	204	95
PCT9234	ED	91	145	0	0	21	124	94	30
PCT9234	TO	734	464	0	0	41	423	298	125
PCT9235	MV	703	365	0	0	35	330	208	122
PCT9235	ED	160	195	0	0	15	180	128	52
PCT9235	TO	863	560	0	0	50	510	336	174
PCT9236	MV	537	283	0	0	23	260	184	76
PCT9236	ED	136	137	0	0	21	116	85	31
PCT9236	TO	673	420	0	0	44	376	269	107
PCT9237	MV	779	395	0	0	33	362	261	101
PCT9237	ED	118	183	0	0	16	167	124	43
PCT9237	TO	897	578	0	0	49	529	385	144
PCT9238	MV	687	330	0	0	38	292	195	97
PCT9238	ED	118	174	0	0	23	151	110	41
PCT9238	TO	805	504	0	0	61	443	305	138
PCT9239	MV	740	391	0	0	48	343	236	107
PCT9239	ED	124	161	0	0	21	140	103	37
PCT9239	TO	864	552	0	0	69	483	339	144
PCT9241	MV	819	403	0	0	39	364	250	114
PCT9241	ED	141	196	0	0	19	177	139	38
PCT9241	TO	960	599	0	0	58	541	389	152
PCT9242	MV	771	349	0	0	40	309	232	77
PCT9242	ED	172	215	0	0	26	189	146	43
PCT9242	TO	943	564	0	0	66	498	378	120
PCT9243	MV	480	242	0	0	24	218	162	56
PCT9243	ED	123	141	0	0	17	124	97	27
PCT9243	TO	603	383	0	0	41	342	259	83
PCT9244	MV	756	396	0	0	49	347	275	72
PCT9244	ED	154	186	0	0	16	170	135	35
PCT9244	TO	910	582	0	0	65	517	410	107
PCT9245	MV	616	300	0	0	36	264	189	75
PCT9245	ED	98	129	0	0	11	118	85	33
PCT9245	TO	714	429	0	0	47	382	274	108
PCT9246	MV	815	430	0	0	38	392	280	112
PCT9246	ED	155	196	0	0	23	173	141	32
PCT9246	TO	970	626	0	0	61	565	421	144
PCT9247	MV	764	381	0	1	31	349	248	101
PCT9247	ED	148	205	0	0	25	180	138	42
PCT9247	TO	912	586	0	1	56	529	386	143
PCT9248	MV	757	358	0	0	34	324	266	58
PCT9248	ED	150	192	0	0	17	175	146	29
PCT9248	TO	907	550	0	0	51	499	412	87
PCT9249	MV	724	379	0	0	34	345	267	78
PCT9249	ED	191	214	0	0	18	196	148	48
PCT9249	TO	915	593	0	0	52	541	415	126
PCT9251	MV	792	392	0	0	35	357	263	94
PCT9251	ED	174	236	0	0	20	216	162	54
PCT9251	TO	966	628	0	0	55	573	425	148
PCT9252	MV	811	382	0	0	39	343	230	113
PCT9252	ED	142	179	0	0	13	166	122	44
PCT9252	TO	953	561	0	0	52	509	352	157
PCT9253	MV	599	300	0	0	19	281	195	86
PCT9253	ED	162	150	0	0	15	135	105	30
PCT9253	TO	761	450	0	0	34	416	300	116
PCT9254	MV	758	415	0	1	41	373	289	84
PCT9254	ED	163	197	0	0	25	172	128	44
PCT9254	TO	921	612	0	1	66	545	417	128
PCT9255	MV	436	196	0	0	21	175	135	40
PCT9255	ED	114	135	0	0	15	120	99	21
PCT9255	TO	550	331	0	0	36	295	234	61
PCT9256	MV	367	169	0	0	16	153	123	30
PCT9256	ED	95	119	0	0	9	110	83	27
PCT9256	TO	462	288	0	0	25	263	206	57
PCT9257	MV	359	162	0	0	18	144	117	27
PCT9257	ED	-39	13	0	0	2	11	11	0
PCT9257	TO	320	175	0	0	20	155	128	27
PCT9258	MV	583	307	0	0	31	276	200	76
PCT9258	ED	120	148	0	0	11	137	116	21
PCT9258	TO	703	455	0	0	42	413	316	97
PCT9401	MV	796	358	0	0	19	339	270	69
PCT9401	ED	242	226	0	0	18	208	179	29
PCT9401	TO	1038	584	0	0	37	547	449	98
PCT9402	MV	775	377	0	0	21	356	259	97
PCT9402	ED	242	207	0	0	17	190	150	40
PCT9402	TO	1017	584	0	0	38	546	409	137
PCT9403	MV	731	348	0	0	15	333	228	105
PCT9403	ED	190	168	0	0	9	159	133	26
PCT9403	TO	921	516	0	0	24	492	361	131
PCT9404	MV	753	345	0	0	23	322	209	113
PCT9404	ED	191	197	0	0	15	182	133	49
PCT9404	TO	944	542	0	0	38	504	342	162
PCT9405	MV	629	276	0	0	24	252	164	88
PCT9405	ED	151	131	0	0	6	125	84	41
PCT9405	TO	780	407	0	0	30	377	248	129
PCT9406	MV	695	330	0	0	18	312	214	98
PCT9406	ED	188	169	0	0	18	151	101	50
PCT9406	TO	883	499	0	0	36	463	315	148
PCT9407	MV	712	368	0	0	24	344	261	83
PCT9407	ED	201	174	0	1	16	157	118	39
PCT9407	TO	913	542	0	1	40	501	379	122
PCT9408	MV	711	321	0	0	24	297	235	62
PCT9408	ED	152	171	0	0	13	158	129	29
PCT9408	TO	863	492	0	0	37	455	364	91
PCT9409	MV	443	226	0	0	23	203	161	42
PCT9409	ED	158	146	0	0	3	143	122	21
PCT9409	TO	601	372	0	0	26	346	283	63
PCT9411	MV	816	378	0	0	28	350	277	73
PCT9411	ED	191	212	0	0	13	199	157	42
PCT9411	TO	1007	590	0	0	41	549	434	115
PCT9412	MV	668	339	0	0	26	313	200	113
PCT9412	ED	202	186	0	0	12	174	141	33
PCT9412	TO	870	525	0	0	38	487	341	146
PCT9413	MV	757	375	0	0	37	338	222	116
PCT9413	ED	179	170	0	0	16	154	119	35
PCT9413	TO	936	545	0	0	53	492	341	151
PCT9414	MV	734	361	0	0	23	338	215	123
PCT9414	ED	186	142	0	0	8	134	103	31
PCT9414	TO	920	503	0	0	31	472	318	154
PCT9415	MV	634	315	0	0	18	297	197	100
PCT9415	ED	154	135	0	0	4	131	101	30
PCT9415	TO	788	450	0	0	22	428	298	130
PCT9416	MV	769	391	0	0	34	357	240	117
PCT9416	ED	230	151	0	1	5	145	106	39
PCT9416	TO	999	542	0	1	39	502	346	156
PCT9417	MV	629	321	0	0	20	301	179	122
PCT9417	ED	145	125	0	0	3	122	90	32
PCT9417	TO	774	446	0	0	23	423	269	154
PCT9418	MV	631	310	0	0	25	285	169	116
PCT9418	ED	188	141	0	0	7	134	82	52
PCT9418	TO	819	451	0	0	32	419	251	168
PCT9419	MV	736	369	0	0	36	333	189	144
PCT9419	ED	173	140	0	0	7	133	84	49
PCT9419	TO	909	509	0	0	43	466	273	193
PCT9421	MV	752	338	0	0	25	313	173	140
PCT9421	ED	173	154	0	0	5	149	97	52
PCT9421	TO	925	492	0	0	30	462	270	192
PCT9422	MV	831	413	0	0	29	384	253	131
PCT9422	ED	270	209	0	0	20	189	144	45
PCT9422	TO	1101	622	0	0	49	573	397	176
PCT9423	MV	714	316	0	1	31	284	184	100
PCT9423	ED	190	158	0	0	11	147	111	36
PCT9423	TO	904	474	0	1	42	431	295	136
PCT9424	MV	799	385	0	0	27	358	226	132
PCT9424	ED	210	154	0	0	13	141	102	39
PCT9424	TO	1009	539	0	0	40	499	328	171
PCT9425	MV	789	346	0	0	32	314	196	118
PCT9425	ED	187	171	0	0	14	157	110	47
PCT9425	TO	976	517	0	0	46	471	306	165
PCT9426	MV	697	324	0	0	22	302	163	139
PCT9426	ED	156	139	0	0	13	126	81	45
PCT9426	TO	853	463	0	0	35	428	244	184
PCT9427	MV	799	383	0	0	24	359	198	161
PCT9427	ED	188	149	0	0	20	129	83	46
PCT9427	TO	987	532	0	0	44	488	281	207
PCT9428	MV	811	351	0	0	33	318	196	122
PCT9428	ED	179	144	0	0	11	133	101	32
PCT9428	TO	990	495	0	0	44	451	297	154
PCT9429	MV	709	343	0	0	22	321	170	151
PCT9429	ED	197	146	0	0	13	133	84	49
PCT9429	TO	906	489	0	0	35	454	254	200
PCT9431	MV	832	412	0	1	32	379	209	170
PCT9431	ED	204	171	0	0	8	163	112	51
PCT9431	TO	1036	583	0	1	40	542	321	221
PCT9432	MV	743	358	0	1	31	326	197	129
PCT9432	ED	215	136	0	0	12	124	92	32
PCT9432	TO	958	494	0	1	43	450	289	161
PCT9433	MV	794	373	0	0	33	340	197	143
PCT9433	ED	164	124	0	0	7	117	73	44
PCT9433	TO	958	497	0	0	40	457	270	187
PCT9434	MV	785	387	0	0	34	353	235	118
PCT9434	ED	227	210	0	0	25	185	134	51
PCT9434	TO	1012	597	0	0	59	538	369	169
PCT9435	MV	779	366	0	0	27	339	196	143
PCT9435	ED	225	186	0	0	11	175	115	60
PCT9435	TO	1004	552	0	0	38	514	311	203
PCT9436	MV	842	386	0	0	25	361	224	137
PCT9436	ED	226	149	0	0	12	137	99	38
PCT9436	TO	1068	535	0	0	37	498	323	175
PCT9437	MV	736	376	0	1	23	352	213	139
PCT9437	ED	191	149	0	0	7	142	95	47
PCT9437	TO	927	525	0	1	30	494	308	186
PCT9438	MV	837	419	0	0	31	388	229	159
PCT9438	ED	152	108	0	0	7	101	71	30
PCT9438	TO	989	527	0	0	38	489	300	189
PCT9439	MV	718	343	0	0	24	319	188	131
PCT9439	ED	199	141	0	0	16	125	85	40
PCT9439	TO	917	484	0	0	40	444	273	171
PCT9441	MV	778	396	0	0	23	373	238	135
PCT9441	ED	193	166	0	0	14	152	111	41
PCT9441	TO	971	562	0	0	37	525	349	176
PCT9442	MV	830	379	0	0	32	347	205	142
PCT9442	ED	210	212	0	0	10	202	141	61
PCT9442	TO	1040	591	0	0	42	549	346	203
PCT9443	MV	759	362	0	0	23	339	222	117
PCT9443	ED	196	152	0	0	10	142	98	44
PCT9443	TO	955	514	0	0	33	481	320	161
PCT9444	MV	768	340	0	0	16	324	191	133
PCT9444	ED	197	134	0	0	12	122	85	37
PCT9444	TO	965	474	0	0	28	446	276	170
PCT9445	MV	829	406	0	0	29	377	244	133
PCT9445	ED	167	147	0	0	9	138	99	39
PCT9445	TO	996	553	0	0	38	515	343	172
PCT9446	MV	900	465	0	0	40	425	245	180
PCT9446	ED	216	178	0	0	15	163	118	45
PCT9446	TO	1116	643	0	0	55	588	363	225
PCT9447	MV	729	392	0	0	29	363	217	146
PCT9447	ED	192	181	0	0	16	165	120	45
PCT9447	TO	921	573	0	0	45	528	337	191
PCT9448	MV	742	347	0	0	20	327	198	129
PCT9448	ED	198	157	0	0	12	145	113	32
PCT9448	TO	940	504	0	0	32	472	311	161
PCT9449	MV	719	340	0	0	20	320	182	138
PCT9449	ED	162	119	0	0	6	113	74	39
PCT9449	TO	881	459	0	0	26	433	256	177
PCT9451	MV	353	178	0	0	10	168	87	81
PCT9451	ED	88	69	0	0	5	64	42	22
PCT9451	TO	441	247	0	0	15	232	129	103
PCT9452	MV	647	334	0	0	27	307	181	126
PCT9452	ED	195	186	0	0	14	172	100	72
PCT9452	TO	842	520	0	0	41	479	281	198
PCT9453	MV	409	217	0	0	17	200	113	87
PCT9453	ED	115	84	0	0	7	77	46	31
PCT9453	TO	524	301	0	0	24	277	159	118
PCT9501	MV	158	92	0	1	12	79	62	17
PCT9501	ED	-8	3	0	0	0	3	2	1
PCT9501	TO	150	95	0	1	12	82	64	18
PCT9502	MV	294	136	0	0	13	123	98	25
PCT9502	ED	-43	6	0	0	1	5	4	1
PCT9502	TO	251	142	0	0	14	128	102	26
PCT9503	MV	550	263	0	0	34	229	200	29
PCT9503	ED	150	122	0	0	11	111	102	9
PCT9503	TO	700	385	0	0	45	340	302	38
PCT9505	MV	589	296	0	0	25	271	213	58
PCT9505	ED	176	136	0	0	7	129	108	21
PCT9505	TO	765	432	0	0	32	400	321	79
PCT9506	MV	547	232	0	0	18	214	180	34
PCT9506	ED	207	138	0	0	11	127	114	13
PCT9506	TO	754	370	0	0	29	341	294	47
PCT9507	MV	556	306	0	0	18	288	244	44
PCT9507	ED	160	182	0	0	18	164	142	22
PCT9507	TO	716	488	0	0	36	452	386	66
PCT9508	MV	632	317	0	0	21	296	259	37
PCT9508	ED	148	185	0	0	21	164	142	22
PCT9508	TO	780	502	0	0	42	460	401	59
PCT9509	MV	585	296	0	0	24	272	223	49
PCT9509	ED	142	167	0	0	14	153	138	15
PCT9509	TO	727	463	0	0	38	425	361	64
PCT9511	MV	458	240	0	0	18	222	185	37
PCT9511	ED	176	163	0	0	13	150	123	27
PCT9511	TO	634	403	0	0	31	372	308	64
PCT9512	MV	617	327	0	0	20	307	259	48
PCT9512	ED	160	179	0	0	13	166	141	25
PCT9512	TO	777	506	0	0	33	473	400	73
PCT9513	MV	686	334	0	0	25	309	275	34
PCT9513	ED	191	188	0	0	13	175	154	21
PCT9513	TO	877	522	0	0	38	484	429	55
PCT9514	MV	713	352	0	0	33	319	270	49
PCT9514	ED	183	213	0	0	12	201	171	30
PCT9514	TO	896	565	0	0	45	520	441	79
PCT9515	MV	543	305	0	0	22	283	222	61
PCT9515	ED	169	164	0	0	22	142	103	39
PCT9515	TO	712	469	0	0	44	425	325	100
PCT9516	MV	705	366	0	0	29	337	257	80
PCT9516	ED	184	190	0	0	14	176	135	41
PCT9516	TO	889	556	0	0	43	513	392	121
PCT9517	MV	626	335	0	0	29	306	250	56
PCT9517	ED	162	173	0	0	19	154	140	14
PCT9517	TO	788	508	0	0	48	460	390	70
PCT9518	MV	642	316	0	0	26	290	241	49
PCT9518	ED	146	195	0	0	16	179	148	31
PCT9518	TO	788	511	0	0	42	469	389	80
PCT9519	MV	693	368	0	0	21	347	288	59
PCT9519	ED	198	239	0	0	18	221	177	44
PCT9519	TO	891	607	0	0	39	568	465	103
PCT9521	MV	687	352	0	0	33	319	269	50
PCT9521	ED	214	242	0	0	25	217	185	32
PCT9521	TO	901	594	0	0	58	536	454	82
PCT9701	MV	498	269	0	0	21	248	178	70
PCT9701	ED	156	139	0	0	8	131	103	28
PCT9701	TO	654	408	0	0	29	379	281	98
PCT9702	MV	554	305	0	0	17	288	212	76
PCT9702	ED	166	148	0	0	6	142	119	23
PCT9702	TO	720	453	0	0	23	430	331	99
PCT9703	MV	809	403	0	0	39	364	220	144
PCT9703	ED	182	147	0	0	8	139	102	37
PCT9703	TO	991	550	0	0	47	503	322	181
PCT9704	MV	760	422	0	0	33	389	267	122
PCT9704	ED	199	199	0	0	11	188	137	51
PCT9704	TO	959	621	0	0	44	577	404	173
PCT9705	MV	754	421	0	0	31	390	291	99
PCT9705	ED	175	146	0	0	14	132	109	23
PCT9705	TO	929	567	0	0	45	522	400	122
PCT9706	MV	57	34	0	0	2	32	29	3
PCT9706	ED	-8	0	0	0	0	0	0	0
PCT9706	TO	49	34	0	0	2	32	29	3
PCT9707	MV	687	358	0	0	21	337	197	140
PCT9707	ED	139	103	0	0	9	94	62	32
PCT9707	TO	826	461	0	0	30	431	259	172
PCT9708	MV	786	429	0	0	40	389	290	99
PCT9708	ED	175	159	0	0	9	150	114	36
PCT9708	TO	961	588	0	0	49	539	404	135
PCT9709	MV	831	427	0	0	39	388	250	138
PCT9709	ED	209	183	0	0	6	177	123	54
PCT9709	TO	1040	610	0	0	45	565	373	192
PCT9711	MV	502	307	0	0	25	282	199	83
PCT9711	ED	144	162	0	0	13	149	100	49
PCT9711	TO	646	469	0	0	38	431	299	132
PCT9712	MV	534	335	0	0	26	309	199	110
PCT9712	ED	127	118	0	0	0	118	76	42
PCT9712	TO	661	453	0	0	26	427	275	152
PCT9713	MV	747	389	0	0	22	367	205	162
PCT9713	ED	203	171	0	0	9	162	112	50
PCT9713	TO	950	560	0	0	31	529	317	212
PCT9714	MV	795	447	0	0	33	414	255	159
PCT9714	ED	156	137	0	0	3	134	91	43
PCT9714	TO	951	584	0	0	36	548	346	202
PCT9715	MV	449	241	0	1	15	225	148	77
PCT9715	ED	130	135	0	0	4	131	99	32
PCT9715	TO	579	376	0	1	19	356	247	109
PCT9716	MV	745	398	0	0	28	370	239	131
PCT9716	ED	221	167	0	0	10	157	104	53
PCT9716	TO	966	565	0	0	38	527	343	184
PCT9717	MV	753	437	0	0	26	411	251	160
PCT9717	ED	224	173	0	0	14	159	103	56
PCT9717	TO	977	610	0	0	40	570	354	216
PCT9718	MV	749	449	0	0	34	415	286	129
PCT9718	ED	152	145	0	0	5	140	85	55
PCT9718	TO	901	594	0	0	39	555	371	184
PCT9719	MV	747	463	0	0	24	439	282	157
PCT9719	ED	173	151	0	0	10	141	86	55
PCT9719	TO	920	614	0	0	34	580	368	212
PCT9721	MV	498	288	0	1	23	264	157	107
PCT9721	ED	164	135	0	1	4	130	74	56
PCT9721	TO	662	423	0	2	27	394	231	163
PCT9722	MV	513	315	0	0	21	294	181	113
PCT9722	ED	84	76	0	0	6	70	51	19
PCT9722	TO	597	391	0	0	27	364	232	132
PCT9723	MV	436	224	0	0	14	210	92	118
PCT9723	ED	72	46	0	0	3	43	22	21
PCT9723	TO	508	270	0	0	17	253	114	139
PCT9724	MV	851	451	0	0	26	425	190	235
PCT9724	ED	169	100	0	1	7	92	46	46
PCT9724	TO	1020	551	0	1	33	517	236	281
PCT9725	MV	814	437	0	0	28	409	214	195
PCT9725	ED	157	97	0	0	7	90	39	51
PCT9725	TO	971	534	0	0	35	499	253	246
PCT9726	MV	630	217	0	0	21	196	146	50
PCT9726	ED	-14	103	0	0	5	98	73	25
PCT9726	TO	616	320	0	0	26	294	219	75
PCT9727	MV	404	227	0	2	15	210	118	92
PCT9727	ED	56	35	0	0	2	33	24	9
PCT9727	TO	460	262	0	2	17	243	142	101
PCT9728	MV	751	446	0	0	26	420	246	174
PCT9728	ED	212	137	0	0	7	130	81	49
PCT9728	TO	963	583	0	0	33	550	327	223
PCT9729	MV	654	335	0	0	24	311	183	128
PCT9729	ED	164	131	0	0	6	125	75	50
PCT9729	TO	818	466	0	0	30	436	258	178
PCT9731	MV	436	245	0	0	14	231	138	93
PCT9731	ED	143	111	0	0	2	109	62	47
PCT9731	TO	579	356	0	0	16	340	200	140
PCT9732	MV	78	47	0	0	4	43	28	15
PCT9732	ED	-5	0	0	0	0	0	0	0
PCT9732	TO	73	47	0	0	4	43	28	15
PCT9733	MV	261	162	0	0	6	156	125	31
PCT9733	ED	-21	1	0	0	0	1	1	0
PCT9733	TO	240	163	0	0	6	157	126	31
PCT9734	MV	473	286	0	0	17	269	170	99
PCT9734	ED	131	110	0	0	4	106	63	43
PCT9734	TO	604	396	0	0	21	375	233	142
PCT9735	MV	650	386	0	0	25	361	223	138
PCT9735	ED	170	133	0	0	16	117	73	44
PCT9735	TO	820	519	0	0	41	478	296	182
PCT9736	MV	586	325	0	0	18	307	211	96
PCT9736	ED	150	155	0	0	12	143	98	45
PCT9736	TO	736	480	0	0	30	450	309	141
PCT9737	MV	637	388	0	0	31	357	234	123
PCT9737	ED	154	137	0	0	8	129	93	36
PCT9737	TO	791	525	0	0	39	486	327	159
PCT9738	MV	688	320	0	0	26	294	214	80
PCT9738	ED	150	66	0	0	3	63	44	19
PCT9738	TO	838	386	0	0	29	357	258	99
PCT9739	MV	674	270	0	0	11	259	216	43
PCT9739	ED	115	88	0	0	4	84	75	9
PCT9739	TO	789	358	0	0	15	343	291	52
PCT9741	MV	837	173	0	0	14	159	141	18
PCT9741	ED	-396	10	0	0	1	9	8	1
PCT9741	TO	441	183	0	0	15	168	149	19
PCT9742	MV	530	229	0	0	13	216	131	85
PCT9742	ED	165	101	0	0	3	98	61	37
PCT9742	TO	695	330	0	0	16	314	192	122
PCT9743	MV	913	400	0	0	19	381	293	88
PCT9743	ED	227	174	0	0	17	157	129	28
PCT9743	TO	1140	574	0	0	36	538	422	116
PCT9744	MV	783	333	0	0	28	305	238	67
PCT9744	ED	160	126	0	0	12	114	93	21
PCT9744	TO	943	459	0	0	40	419	331	88
PCT9745	MV	790	317	0	0	24	293	225	68
PCT9745	ED	202	129	0	0	11	118	104	14
PCT9745	TO	992	446	0	0	35	411	329	82
PCT9746	MV	714	373	0	0	19	354	221	133
PCT9746	ED	189	120	0	0	9	111	71	40
PCT9746	TO	903	493	0	0	28	465	292	173
PCT9747	MV	772	401	0	0	29	372	272	100
PCT9747	ED	204	146	0	0	10	136	98	38
PCT9747	TO	976	547	0	0	39	508	370	138
PCT9748	MV	746	425	0	0	26	399	262	137
PCT9748	ED	167	119	0	0	5	114	72	42
PCT9748	TO	913	544	0	0	31	513	334	179
PCT9749	MV	750	289	0	0	15	274	188	86
PCT9749	ED	188	109	0	0	2	107	84	23
PCT9749	TO	938	398	0	0	17	381	272	109
PCT9751	MV	857	472	0	0	35	437	283	154
PCT9751	ED	214	153	0	0	14	139	97	42
PCT9751	TO	1071	625	0	0	49	576	380	196
PCT9752	MV	563	328	0	0	21	307	188	119
PCT9752	ED	134	109	0	0	3	106	80	26
PCT9752	TO	697	437	0	0	24	413	268	145
PCT9753	MV	617	300	0	0	22	278	194	84
PCT9753	ED	145	123	0	0	3	120	89	31
PCT9753	TO	762	423	0	0	25	398	283	115
PCT9754	MV	545	317	0	1	17	299	237	62
PCT9754	ED	162	115	0	0	9	106	84	22
PCT9754	TO	707	432	0	1	26	405	321	84
PCT9755	MV	441	239	0	0	21	218	159	59
PCT9755	ED	139	99	0	0	2	97	72	25
PCT9755	TO	580	338	0	0	23	315	231	84
PCT9756	MV	805	364	0	0	26	338	206	132
PCT9756	ED	162	107	0	0	7	100	68	32
PCT9756	TO	967	471	0	0	33	438	274	164
PCT9801	MV	320	163	0	0	15	148	109	39
PCT9801	ED	88	53	0	0	4	49	39	10
PCT9801	TO	408	216	0	0	19	197	148	49
CONG12	MV	355594	174824	0	43	14209	160572	119662	40910
CONG12	ED	90254	77529	0	13	6292	71224	56450	14774
CONG12	TO	445848	252353	0	56	20501	231796	176112	55684
CONG14	MV	47252	22365	0	7	1422	20936	13710	7226
CONG14	ED	10799	7055	0	3	413	6639	4713	1926
CONG14	TO	58051	29420	0	10	1835	27575	18423	9152
ASSM17	MV	232787	114654	0	25	9319	105310	81260	24050
ASSM17	ED	59635	47539	0	9	3770	43760	35746	8014
ASSM17	TO	292422	162193	0	34	13089	149070	117006	32064
ASSM19	MV	170059	82535	0	25	6312	76198	52112	24086
ASSM19	ED	41418	37045	0	7	2935	34103	25417	8686
ASSM19	TO	211477	119580	0	32	9247	110301	77529	32772
SUPV1	MV	33868	16583	0	6	1241	15336	11029	4307
SUPV1	ED	9248	8645	0	0	650	7995	6195	1800
SUPV1	TO	43116	25228	0	6	1891	23331	17224	6107
SUPV2	MV	41435	19991	0	8	1967	18016	12698	5318
SUPV2	ED	8611	10358	0	2	1114	9242	6869	2373
SUPV2	TO	50046	30349	0	10	3081	27258	19567	7691
SUPV3	MV	31943	14432	0	0	1379	13053	9530	3523
SUPV3	ED	7434	6535	0	1	647	5887	4661	1226
SUPV3	TO	39377	20967	0	1	2026	18940	14191	4749
SUPV4	MV	35049	16883	0	4	1229	15650	9859	5791
SUPV4	ED	9045	7574	0	2	545	7027	5068	1959
SUPV4	TO	44094	24457	0	6	1774	22677	14927	7750
SUPV5	MV	41966	21520	0	4	1843	19673	16316	3357
SUPV5	ED	10934	11548	0	0	1027	10521	8989	1532
SUPV5	TO	52900	33068	0	4	2870	30194	25305	4889
SUPV6	MV	35755	15237	0	8	1326	13903	10658	3245
SUPV6	ED	7940	5858	0	2	607	5249	4252	997
SUPV6	TO	43695	21095	0	10	1933	19152	14910	4242
SUPV7	MV	38887	20739	0	7	1437	19295	12838	6457
SUPV7	ED	8556	7372	0	2	415	6955	4839	2116
SUPV7	TO	47443	28111	0	9	1852	26250	17677	8573
SUPV8	MV	46370	27513	0	3	2210	25300	20225	5075
SUPV8	ED	11807	11215	0	1	749	10465	8615	1850
SUPV8	TO	58177	38728	0	4	2959	35765	28840	6925
SUPV9	MV	33165	16788	0	2	1147	15639	12352	3287
SUPV9	ED	10098	7144	0	3	422	6719	5639	1080
SUPV9	TO	43263	23932	0	5	1569	22358	17991	4367
SUPV10	MV	33765	14063	0	4	1046	13013	9518	3495
SUPV10	ED	9348	4282	0	2	293	3987	3178	809
SUPV10	TO	43113	18345	0	6	1339	17000	12696	4304
SUPV11	MV	30643	13440	0	4	806	12630	8349	4281
SUPV11	ED	8032	4053	0	1	236	3816	2858	958
SUPV11	TO	38675	17493	0	5	1042	16446	11207	5239
NEIG1	MV	15464	5944	0	1	415	5528	3948	1580
NEIG1	ED	5021	1583	0	0	98	1485	1187	298
NEIG1	TO	20485	7527	0	1	513	7013	5135	1878
NEIG2	MV	14029	6280	0	0	631	5649	4055	1594
NEIG2	ED	3238	2815	0	1	305	2509	1960	549
NEIG2	TO	17267	9095	0	1	936	8158	6015	2143
NEIG3	MV	22050	9508	0	3	886	8619	6691	1928
NEIG3	ED	5969	4204	0	0	382	3822	3118	704
NEIG3	TO	28019	13712	0	3	1268	12441	9809	2632
NEIG4	MV	5630	3494	0	1	249	3244	2422	822
NEIG4	ED	1430	1249	0	0	88	1161	880	281
NEIG4	TO	7060	4743	0	1	337	4405	3302	1103
NEIG5	MV	22700	10125	0	4	630	9491	6175	3316
NEIG5	ED	5893	3002	0	1	173	2828	2089	739
NEIG5	TO	28593	13127	0	5	803	12319	8264	4055
NEIG6	MV	11526	5973	0	2	494	5477	4662	815
NEIG6	ED	2336	3502	0	0	303	3199	2779	420
NEIG6	TO	13862	9475	0	2	797	8676	7441	1235
NEIG7	MV	9818	4131	0	0	232	3899	2677	1222
NEIG7	ED	2577	1320	0	0	76	1244	960	284
NEIG7	TO	12395	5451	0	0	308	5143	3637	1506
NEIG8	MV	7628	4028	0	0	327	3701	2967	734
NEIG8	ED	2030	2242	0	0	184	2058	1702	356
NEIG8	TO	9658	6270	0	0	511	5759	4669	1090
NEIG9	MV	7416	3142	0	0	211	2931	1969	962
NEIG9	ED	842	939	0	1	70	868	633	235
NEIG9	TO	8258	4081	0	1	281	3799	2602	1197
NEIG10	MV	8172	3953	0	0	334	3619	2723	896
NEIG10	ED	1850	2034	0	0	159	1875	1508	367
NEIG10	TO	10022	5987	0	0	493	5494	4231	1263
NEIG11	MV	33509	15534	0	6	1580	13948	9802	4146
NEIG11	ED	5931	7964	0	2	906	7056	5239	1817
NEIG11	TO	39440	23498	0	8	2486	21004	15041	5963
NEIG12	MV	23572	11865	0	2	858	11005	9305	1700
NEIG12	ED	7433	5385	0	4	365	5016	4354	662
NEIG12	TO	31005	17250	0	6	1223	16021	13659	2362
NEIG14	MV	6791	3992	0	1	289	3702	3075	627
NEIG14	ED	1942	1795	0	0	84	1711	1467	244
NEIG14	TO	8733	5787	0	1	373	5413	4542	871
NEIG15	MV	5779	2678	0	0	218	2460	1744	716
NEIG15	ED	1309	1197	0	0	112	1085	860	225
NEIG15	TO	7088	3875	0	0	330	3545	2604	941
NEIG13	MV	13553	8168	0	0	668	7500	5873	1627
NEIG13	ED	3435	3395	0	0	214	3181	2613	568
NEIG13	TO	16988	11563	0	0	882	10681	8486	2195
NEIG26	MV	7830	3526	0	0	217	3309	1971	1338
NEIG26	ED	1802	958	0	0	60	898	620	278
NEIG26	TO	9632	4484	0	0	277	4207	2591	1616
NEIG16	MV	14623	6960	0	1	597	6362	5008	1354
NEIG16	ED	2733	2592	0	1	221	2370	1964	406
NEIG16	TO	17356	9552	0	2	818	8732	6972	1760
NEIG17	MV	29447	14415	0	6	1076	13333	9541	3792
NEIG17	ED	8178	7576	0	0	571	7005	5411	1594
NEIG17	TO	37625	21991	0	6	1647	20338	14952	5386
NEIG19	MV	7165	4024	0	2	277	3745	3017	728
NEIG19	ED	2406	1880	0	0	107	1773	1442	331
NEIG19	TO	9571	5904	0	2	384	5518	4459	1059
NEIG18	MV	6458	3414	0	1	275	3138	2187	951
NEIG18	ED	1563	1848	0	0	176	1672	1235	437
NEIG18	TO	8021	5262	0	1	451	4810	3422	1388
NEIG20	MV	20910	8912	0	5	774	8133	6128	2005
NEIG20	ED	4167	3399	0	2	363	3034	2403	631
NEIG20	TO	25077	12311	0	7	1137	11167	8531	2636
NEIG21	MV	34606	16657	0	4	1206	15447	9698	5749
NEIG21	ED	8887	7428	0	2	542	6884	4946	1938
NEIG21	TO	43493	24085	0	6	1748	22331	14644	7687
NEIG22	MV	15381	9297	0	0	779	8518	6884	1634
NEIG22	ED	3512	3650	0	0	245	3405	2821	584
NEIG22	TO	18893	12947	0	0	1024	11923	9705	2218
NEIG23	MV	6638	2511	0	2	173	2336	1471	865
NEIG23	ED	1850	604	0	0	42	562	394	168
NEIG23	TO	8488	3115	0	2	215	2898	1865	1033
NEIG24	MV	28439	16112	0	6	1131	14975	9898	5077
NEIG24	ED	6935	5821	0	1	314	5506	3753	1753
NEIG24	TO	35374	21933	0	7	1445	20481	13651	6830
NEIG25	MV	23712	12546	0	3	1104	11439	9481	1958
NEIG25	ED	7784	6202	0	1	545	5656	4825	831
NEIG25	TO	31496	18748	0	4	1649	17095	14306	2789
