area_id	subtotal_type	RSReg	RSCst	RSRej	RSOvr	RSUnd	RSTot	054:Yes	055:No
ALL	TO	500516	372848	282	232	20107	352227	202728	149499
ALL	ED	500516	127886	68	61	6794	120963	71761	49202
ALL	MV	500516	244962	214	171	13313	231264	130967	100297
PCT1101	ED	553	126	0	0	8	118	76	42
PCT1101	MV	553	266	0	0	3	263	163	100
PCT1102	ED	995	266	0	1	6	259	153	106
PCT1102	MV	995	480	-2	0	19	463	277	186
PCT1103	ED	951	246	1	0	8	237	147	90
PCT1103	MV	951	445	-1	0	14	432	253	179
PCT1104	ED	993	249	-1	0	13	237	142	95
PCT1104	MV	993	414	-2	1	16	399	267	132
PCT1106	ED	765	191	0	0	11	180	110	70
PCT1106	MV	765	343	-1	0	12	332	182	150
PCT1107	ED	746	163	0	0	5	158	90	68
PCT1107	MV	746	336	5	0	19	312	186	126
PCT1108	ED	909	232	-1	0	8	225	131	94
PCT1108	MV	909	438	-1	0	21	418	251	167
PCT1109	ED	798	166	0	0	7	159	97	62
PCT1109	MV	798	365	-2	0	17	350	208	142
PCT1111	ED	1002	205	0	0	10	195	126	69
PCT1111	MV	1002	460	-3	0	36	427	283	144
PCT1112	ED	769	151	2	0	8	141	83	58
PCT1112	MV	769	344	-1	0	21	324	206	118
PCT1113	ED	746	135	0	0	8	127	79	48
PCT1113	MV	746	360	0	0	24	336	188	148
PCT1114	ED	957	226	-2	0	16	212	130	82
PCT1114	MV	957	404	0	0	14	390	235	155
PCT1115	ED	895	174	0	0	11	163	112	51
PCT1115	MV	895	371	-3	0	26	348	206	142
PCT1116	ED	895	225	1	0	14	210	133	77
PCT1116	MV	895	376	-2	0	17	361	205	156
PCT1117	ED	858	185	0	1	9	175	105	70
PCT1117	MV	858	357	1	0	17	339	205	134
PCT1118	ED	1043	213	0	0	6	207	127	80
PCT1118	MV	1043	476	-3	1	22	456	280	176
PCT1119	ED	791	165	0	0	4	161	101	60
PCT1119	MV	791	386	0	0	12	374	232	142
PCT1121	ED	691	160	0	0	12	148	87	61
PCT1121	MV	691	313	-1	1	29	284	176	108
PCT1122	ED	632	110	0	0	3	107	62	45
PCT1122	MV	632	310	-1	1	22	288	176	112
PCT1123	ED	915	179	0	0	5	174	107	67
PCT1123	MV	915	364	-1	0	25	340	209	131
PCT1124	ED	819	152	0	0	6	146	88	58
PCT1124	MV	819	302	-2	0	9	295	193	102
PCT1125	ED	1047	159	1	0	3	155	85	70
PCT1125	MV	1047	466	0	0	16	450	256	194
PCT1126	ED	922	191	0	0	10	181	110	71
PCT1126	MV	922	400	-2	0	14	388	229	159
PCT1127	ED	920	200	0	0	13	187	106	81
PCT1127	MV	920	382	-2	1	18	365	234	131
PCT1128	ED	838	154	0	0	8	146	92	54
PCT1128	MV	838	362	0	0	16	346	188	158
PCT1129	ED	980	227	1	0	18	208	116	92
PCT1129	MV	980	416	2	0	20	394	222	172
PCT1131	ED	797	132	0	0	6	126	64	62
PCT1131	MV	797	371	0	0	18	353	190	163
PCT1132	ED	969	179	2	1	10	166	88	78
PCT1132	MV	969	427	-1	0	25	403	228	175
PCT1133	ED	863	161	1	0	8	152	101	51
PCT1133	MV	863	410	0	0	20	390	195	195
PCT1134	ED	759	170	2	0	10	158	97	61
PCT1134	MV	759	318	-3	0	23	298	175	123
PCT1135	ED	540	87	1	0	4	82	50	32
PCT1135	MV	540	295	1	0	25	269	164	105
PCT1136	ED	829	144	0	0	6	138	68	70
PCT1136	MV	829	412	1	0	19	392	218	174
PCT1141	ED	1041	223	3	1	5	214	132	82
PCT1141	MV	1041	484	-1	0	16	469	292	177
PCT1142	ED	861	175	-1	0	9	167	100	67
PCT1142	MV	861	393	-2	0	23	372	224	148
PCT1143	ED	1034	229	1	0	7	221	130	91
PCT1143	MV	1034	440	1	0	18	421	269	152
PCT1144	ED	907	205	2	0	6	197	122	75
PCT1144	MV	907	387	0	0	16	371	243	128
PCT1145	ED	888	189	1	0	6	182	107	75
PCT1145	MV	888	461	-3	0	15	449	278	171
PCT1146	ED	1011	186	-1	0	5	182	119	63
PCT1146	MV	1011	454	0	1	22	431	266	165
PCT1147	ED	877	210	4	0	7	199	126	73
PCT1147	MV	877	396	2	1	21	372	246	126
PCT1148	ED	962	196	1	0	9	186	118	68
PCT1148	MV	962	444	0	0	22	422	267	155
PCT1149	ED	907	210	1	0	7	202	121	81
PCT1149	MV	907	407	-6	1	38	374	208	166
PCT1152	ED	864	198	-1	0	10	189	112	77
PCT1152	MV	864	388	0	0	16	372	216	156
PCT1153	ED	951	210	0	0	8	202	116	86
PCT1153	MV	951	415	-1	0	19	397	229	168
PCT7001	ED	776	176	0	1	7	168	96	72
PCT7001	MV	776	429	0	0	23	406	220	186
PCT7002	ED	706	176	1	0	10	165	103	62
PCT7002	MV	706	332	1	0	20	311	190	121
PCT7003	ED	884	238	0	0	11	227	134	93
PCT7003	MV	884	498	0	0	21	477	269	208
PCT7004	ED	881	241	1	0	11	229	132	97
PCT7004	MV	881	496	1	2	14	479	261	218
PCT7005	ED	847	253	1	1	19	232	156	76
PCT7005	MV	847	480	-1	0	23	458	279	179
PCT7006	ED	917	254	1	0	7	246	184	62
PCT7006	MV	917	442	1	1	14	426	284	142
PCT7007	ED	949	283	0	0	3	280	188	92
PCT7007	MV	949	516	-1	0	26	491	299	192
PCT7008	ED	932	264	-1	1	10	254	172	82
PCT7008	MV	932	546	2	3	36	505	287	218
PCT7009	ED	905	185	0	0	9	176	119	57
PCT7009	MV	905	513	0	0	14	499	311	188
PCT7011	ED	985	204	0	0	9	195	115	80
PCT7011	MV	985	294	-1	1	15	279	177	102
PCT7012	ED	1109	313	0	0	18	295	169	126
PCT7012	MV	1109	594	1	0	21	572	323	249
PCT7013	ED	956	267	0	0	12	255	153	102
PCT7013	MV	956	501	3	0	21	477	262	215
PCT7014	ED	1460	367	-2	0	14	355	224	131
PCT7014	MV	1460	802	0	1	35	766	443	323
PCT7015	MV	95	44	0	0	2	42	33	9
PCT7016	ED	918	171	1	1	9	160	86	74
PCT7016	MV	918	280	-1	0	13	268	167	101
PCT7017	ED	754	149	0	0	8	141	95	46
PCT7017	MV	754	252	2	1	13	236	144	92
PCT7018	ED	977	155	0	0	4	151	85	66
PCT7018	MV	977	448	-2	0	26	424	255	169
PCT7019	ED	899	182	4	1	9	168	104	64
PCT7019	MV	899	413	1	0	26	386	242	144
PCT7021	ED	947	184	0	1	6	177	116	61
PCT7021	MV	947	305	-1	0	16	290	191	99
PCT7022	ED	945	215	0	0	10	205	113	92
PCT7022	MV	945	352	0	0	21	331	187	144
PCT7023	ED	928	178	-1	0	6	173	104	69
PCT7023	MV	928	400	1	2	13	384	229	155
PCT7024	ED	414	70	0	0	1	69	35	34
PCT7024	MV	414	78	0	0	4	74	41	33
PCT7025	ED	477	85	0	0	5	80	41	39
PCT7025	MV	477	128	-1	0	2	127	78	49
PCT7026	ED	1011	149	0	0	13	136	83	53
PCT7026	MV	1011	455	0	0	38	417	246	171
PCT7027	ED	869	195	0	0	11	184	118	66
PCT7027	MV	869	353	-1	2	23	329	190	139
PCT7028	ED	850	213	-1	0	6	208	127	81
PCT7028	MV	850	282	0	0	7	275	170	105
PCT7029	ED	901	184	0	0	7	177	113	64
PCT7029	MV	901	251	0	0	7	244	141	103
PCT7030	ED	759	119	0	0	5	114	60	54
PCT7030	MV	759	357	0	0	28	329	217	112
PCT7031	ED	641	91	0	0	8	83	49	34
PCT7031	MV	641	309	-1	1	20	289	194	95
PCT7032	ED	904	173	1	0	7	165	100	65
PCT7032	MV	904	316	2	0	16	298	166	132
PCT7033	ED	798	191	1	0	4	186	105	81
PCT7033	MV	798	247	-2	1	6	242	153	89
PCT7034	ED	958	197	0	0	8	189	119	70
PCT7034	MV	958	201	0	0	6	195	102	93
PCT7035	ED	606	122	1	0	3	118	64	54
PCT7035	MV	606	262	-1	0	9	254	119	135
PCT7036	ED	921	117	0	1	3	113	60	53
PCT7036	MV	921	342	2	0	13	327	179	148
PCT7037	ED	735	135	-5	0	5	135	79	56
PCT7037	MV	735	98	-1	0	3	96	59	37
PCT7038	ED	911	135	0	0	10	125	71	54
PCT7038	MV	911	351	0	0	19	332	189	143
PCT7039	ED	784	178	1	0	6	171	107	64
PCT7039	MV	784	306	3	2	15	286	179	107
PCT7041	MV	61	33	0	0	1	32	19	13
PCT7042	ED	639	118	0	0	4	114	63	51
PCT7042	MV	639	258	0	0	15	243	122	121
PCT7043	ED	957	176	0	0	3	173	108	65
PCT7043	MV	957	404	-1	1	16	388	249	139
PCT7044	ED	827	167	1	0	6	160	79	81
PCT7044	MV	827	193	0	0	14	179	106	73
PCT7045	ED	779	120	0	0	8	112	71	41
PCT7045	MV	779	344	2	0	27	315	170	145
PCT7046	ED	402	94	0	0	2	92	67	25
PCT7046	MV	402	175	1	0	16	158	87	71
PCT7047	ED	823	119	0	0	6	113	62	51
PCT7047	MV	823	388	1	0	30	357	236	121
PCT7048	ED	858	150	3	0	7	140	79	61
PCT7048	MV	858	318	4	0	22	292	186	106
PCT7049	ED	792	173	-1	0	17	157	74	83
PCT7049	MV	792	305	2	0	13	290	181	109
PCT7051	ED	861	114	0	0	7	107	70	37
PCT7051	MV	861	380	1	0	39	340	207	133
PCT7052	ED	852	161	1	0	6	154	81	73
PCT7052	MV	852	402	-1	0	36	367	209	158
PCT7053	ED	548	102	0	0	9	93	60	33
PCT7053	MV	548	278	0	0	12	266	154	112
PCT7054	ED	1073	215	1	0	7	207	124	83
PCT7054	MV	1073	410	5	0	15	390	213	177
PCT7055	ED	808	190	-3	0	14	179	117	62
PCT7055	MV	808	440	-1	0	25	416	272	144
PCT7101	MV	155	120	-1	0	5	116	69	47
PCT7201	ED	936	245	1	0	13	231	113	118
PCT7201	MV	936	518	1	0	40	477	230	247
PCT7202	ED	850	227	-1	1	17	210	104	106
PCT7202	MV	850	431	2	0	23	406	190	216
PCT7203	ED	921	291	3	0	13	275	144	131
PCT7203	MV	921	423	0	0	23	400	223	177
PCT7204	ED	918	233	0	1	16	216	114	102
PCT7204	MV	918	531	-1	0	24	508	239	269
PCT7205	ED	875	251	2	0	22	227	117	110
PCT7205	MV	875	485	0	0	15	470	199	271
PCT7206	ED	378	135	1	0	3	131	80	51
PCT7206	MV	378	191	0	0	7	184	96	88
PCT7207	ED	812	196	-2	0	11	187	116	71
PCT7207	MV	812	434	4	0	30	400	210	190
PCT7208	ED	600	111	-1	0	9	103	70	33
PCT7208	MV	600	328	-4	0	21	311	171	140
PCT7209	ED	626	107	-4	0	7	104	58	46
PCT7209	MV	626	423	-1	0	19	405	153	252
PCT7301	ED	1016	228	-1	0	18	211	120	91
PCT7301	MV	1016	435	2	0	39	394	233	161
PCT7302	ED	814	188	0	0	12	176	91	85
PCT7302	MV	814	458	0	1	36	421	226	195
PCT7303	ED	1042	281	0	0	18	263	150	113
PCT7303	MV	1042	482	-1	0	30	453	253	200
PCT7304	ED	1002	278	0	0	16	262	144	118
PCT7304	MV	1002	493	-2	0	36	459	234	225
PCT7305	ED	871	240	0	0	15	225	120	105
PCT7305	MV	871	460	2	0	21	437	220	217
PCT7306	ED	1056	317	3	0	25	289	156	133
PCT7306	MV	1056	498	-2	0	47	453	243	210
PCT7307	ED	767	210	-1	0	7	204	133	71
PCT7307	MV	767	346	2	1	20	323	161	162
PCT7308	ED	603	177	0	0	9	168	97	71
PCT7308	MV	603	313	2	0	18	293	158	135
PCT7309	ED	884	263	2	0	21	240	119	121
PCT7309	MV	884	439	4	0	39	396	195	201
PCT7311	ED	917	268	2	0	6	260	142	118
PCT7311	MV	917	448	-6	0	35	419	200	219
PCT7312	ED	821	203	0	0	12	191	89	102
PCT7312	MV	821	470	1	0	39	430	164	266
PCT7313	ED	968	225	3	0	13	209	123	86
PCT7313	MV	968	485	3	0	29	453	238	215
PCT7314	ED	787	125	0	0	18	107	67	40
PCT7314	MV	787	271	-1	0	52	220	144	76
PCT7315	ED	760	220	-5	0	17	208	130	78
PCT7315	MV	760	282	1	1	16	264	157	107
PCT7316	ED	853	205	0	0	11	194	124	70
PCT7316	MV	853	367	1	0	36	330	186	144
PCT7317	ED	904	189	0	0	11	178	113	65
PCT7317	MV	904	454	-2	0	25	431	204	227
PCT7318	ED	727	179	1	1	15	162	92	70
PCT7318	MV	727	390	-3	0	32	361	201	160
PCT7319	ED	1079	301	0	1	17	283	161	122
PCT7319	MV	1079	516	1	1	34	480	243	237
PCT7321	ED	671	149	-2	0	13	138	77	61
PCT7321	MV	671	286	1	0	18	267	146	121
PCT7322	ED	874	65	-1	0	7	59	32	27
PCT7322	MV	874	337	-3	0	59	281	194	87
PCT7323	ED	950	234	0	0	18	216	122	94
PCT7323	MV	950	455	0	1	26	428	238	190
PCT7324	ED	755	190	-1	0	17	174	96	78
PCT7324	MV	755	364	1	0	27	336	195	141
PCT7325	ED	904	243	0	1	23	219	120	99
PCT7325	MV	904	436	1	1	36	398	207	191
PCT7326	ED	876	200	0	0	15	185	122	63
PCT7326	MV	876	430	1	0	32	397	229	168
PCT7327	ED	699	71	0	1	5	65	42	23
PCT7327	MV	699	276	-2	0	43	235	155	80
PCT7328	ED	973	94	-2	0	17	79	53	26
PCT7328	MV	973	394	3	0	86	305	213	92
PCT7329	ED	640	112	-17	0	9	120	78	42
PCT7329	MV	640	321	2	0	27	292	138	154
PCT7331	ED	852	213	1	1	16	195	91	104
PCT7331	MV	852	461	-1	1	33	428	206	222
PCT7332	ED	834	225	0	0	10	215	116	99
PCT7332	MV	834	364	-1	0	22	343	204	139
PCT7333	ED	1044	298	0	0	26	272	171	101
PCT7333	MV	1044	543	5	0	21	517	314	203
PCT7334	ED	881	199	1	1	12	185	124	61
PCT7334	MV	881	462	4	0	31	427	254	173
PCT7335	ED	970	225	1	0	14	210	122	88
PCT7335	MV	970	523	-2	0	21	504	240	264
PCT7336	ED	955	238	-1	0	20	219	131	88
PCT7336	MV	955	523	2	0	29	492	221	271
PCT7337	ED	851	179	-1	0	15	165	89	76
PCT7337	MV	851	464	-3	0	31	436	231	205
PCT7338	ED	915	153	0	0	11	142	84	58
PCT7338	MV	915	426	-3	1	54	374	203	171
PCT7339	ED	669	174	1	0	9	164	95	69
PCT7339	MV	669	309	-1	0	20	290	179	111
PCT7341	ED	908	260	0	0	16	244	155	89
PCT7341	MV	908	401	3	0	18	380	242	138
PCT7342	ED	947	334	0	0	18	316	179	137
PCT7342	MV	947	414	1	0	20	393	240	153
PCT7343	ED	731	234	0	0	11	223	138	85
PCT7343	MV	731	316	1	1	20	294	197	97
PCT7344	ED	1110	291	0	0	26	265	157	108
PCT7344	MV	1110	538	-3	0	24	517	325	192
PCT7345	ED	1141	329	0	0	14	315	207	108
PCT7345	MV	1141	521	2	0	23	496	312	184
PCT7346	ED	920	250	-3	0	16	237	163	74
PCT7346	MV	920	384	0	0	12	372	239	133
PCT7347	ED	1040	241	-2	0	17	226	159	67
PCT7347	MV	1040	480	4	0	19	457	301	156
PCT7348	ED	861	210	0	0	11	199	123	76
PCT7348	MV	861	353	-1	0	16	338	234	104
PCT7349	ED	957	248	-3	0	11	240	134	106
PCT7349	MV	957	427	3	0	30	394	233	161
PCT7501	ED	565	172	-1	0	9	164	98	66
PCT7501	MV	565	308	2	0	21	285	132	153
PCT7502	ED	784	180	1	0	8	171	110	61
PCT7502	MV	784	447	0	0	32	415	223	192
PCT7503	ED	764	208	0	0	14	194	114	80
PCT7503	MV	764	388	3	0	14	371	195	176
PCT7504	ED	503	112	1	0	6	105	54	51
PCT7504	MV	503	222	2	1	4	215	112	103
PCT7505	ED	869	158	1	0	9	148	70	78
PCT7505	MV	869	532	4	3	25	500	231	269
PCT7506	ED	999	226	-3	0	10	219	132	87
PCT7506	MV	999	473	1	0	27	445	274	171
PCT7507	ED	955	211	1	0	6	204	122	82
PCT7507	MV	955	344	-2	0	16	330	220	110
PCT7508	ED	727	154	-1	0	8	147	85	62
PCT7508	MV	727	427	4	0	22	401	224	177
PCT7509	ED	932	235	3	0	11	221	144	77
PCT7509	MV	932	470	1	0	29	440	261	179
PCT7512	ED	612	150	1	1	11	137	69	68
PCT7512	MV	612	283	0	1	15	267	150	117
PCT7513	ED	818	225	0	0	14	211	142	69
PCT7513	MV	818	315	0	0	17	298	183	115
PCT7514	ED	874	140	0	1	10	129	77	52
PCT7514	MV	874	305	3	1	23	278	154	124
PCT7515	ED	869	212	2	0	7	203	128	75
PCT7515	MV	869	389	-1	1	22	367	212	155
PCT7516	ED	922	172	2	0	8	162	94	68
PCT7516	MV	922	538	0	1	35	502	292	210
PCT7517	ED	863	289	1	0	14	274	179	95
PCT7517	MV	863	410	0	1	24	385	254	131
PCT7518	ED	950	309	2	0	11	296	186	110
PCT7518	MV	950	480	1	0	27	452	303	149
PCT7519	ED	737	224	0	0	7	217	135	82
PCT7519	MV	737	355	-1	2	23	331	216	115
PCT7521	ED	812	292	6	0	17	269	177	92
PCT7521	MV	812	354	-1	1	18	336	196	140
PCT7522	ED	764	207	0	0	3	204	145	59
PCT7522	MV	764	397	1	0	24	372	230	142
PCT7523	ED	747	275	0	0	18	257	171	86
PCT7523	MV	747	359	1	1	14	343	225	118
PCT7524	ED	615	181	1	0	6	174	104	70
PCT7524	MV	615	262	1	1	11	249	144	105
PCT7525	ED	800	205	2	0	7	196	123	73
PCT7525	MV	800	341	0	1	21	319	190	129
PCT7526	ED	1011	292	-1	0	18	275	171	104
PCT7526	MV	1011	552	1	0	31	520	312	208
PCT7527	ED	725	211	0	0	12	199	125	74
PCT7527	MV	725	339	0	1	11	327	203	124
PCT7529	ED	948	295	2	0	16	277	178	99
PCT7529	MV	948	486	-1	0	21	466	287	179
PCT7531	ED	865	228	0	0	10	218	150	68
PCT7531	MV	865	442	0	0	17	425	266	159
PCT7532	ED	852	246	1	0	18	227	153	74
PCT7532	MV	852	398	1	0	14	383	209	174
PCT7533	ED	1015	357	1	0	10	346	225	121
PCT7533	MV	1015	490	0	0	20	470	280	190
PCT7534	ED	936	322	-1	1	17	305	210	95
PCT7534	MV	936	415	0	0	18	397	249	148
PCT7535	ED	767	262	3	0	10	249	184	65
PCT7535	MV	767	387	0	1	19	367	243	124
PCT7536	ED	863	291	1	0	18	272	185	87
PCT7536	MV	863	421	-1	0	20	402	245	157
PCT7537	ED	752	240	-1	0	20	221	144	77
PCT7537	MV	752	363	1	0	14	348	216	132
PCT7538	ED	771	246	2	1	9	234	153	81
PCT7538	MV	771	400	0	0	18	382	235	147
PCT7539	ED	922	330	-1	0	18	313	224	89
PCT7539	MV	922	428	0	0	27	401	258	143
PCT7541	ED	805	248	-2	0	13	237	162	75
PCT7541	MV	805	400	0	1	14	385	253	132
PCT7542	ED	821	272	-1	0	16	257	175	82
PCT7542	MV	821	389	0	1	12	376	259	117
PCT7543	ED	909	216	-2	0	17	201	135	66
PCT7543	MV	909	467	2	0	19	446	271	175
PCT7544	ED	898	258	-2	0	18	242	153	89
PCT7544	MV	898	479	3	1	18	457	281	176
PCT7545	ED	918	273	-2	0	15	260	182	78
PCT7545	MV	918	480	-2	0	23	459	288	171
PCT7546	ED	982	304	0	0	19	285	195	90
PCT7546	MV	982	517	-1	1	15	502	294	208
PCT7547	ED	1029	315	1	0	13	301	208	93
PCT7547	MV	1029	505	2	2	20	481	316	165
PCT7548	ED	1073	319	0	0	14	305	194	111
PCT7548	MV	1073	512	1	0	21	490	288	202
PCT7549	ED	811	215	1	0	14	200	130	70
PCT7549	MV	811	431	-4	0	18	417	231	186
PCT7551	ED	741	239	0	0	9	230	148	82
PCT7551	MV	741	394	0	0	20	374	233	141
PCT7552	ED	727	241	2	0	11	228	137	91
PCT7552	MV	727	361	-1	1	12	349	194	155
PCT7553	MV	180	126	2	0	6	118	54	64
PCT7554	ED	808	247	1	0	14	232	129	103
PCT7554	MV	808	442	3	0	24	415	197	218
PCT7555	ED	886	290	-1	0	16	275	157	118
PCT7555	MV	886	459	-1	0	23	437	217	220
PCT7556	ED	969	275	0	0	13	262	132	130
PCT7556	MV	969	573	0	0	23	550	256	294
PCT7601	ED	767	191	1	0	14	176	118	58
PCT7601	MV	767	290	1	0	14	275	196	79
PCT7602	ED	901	213	0	0	16	197	139	58
PCT7602	MV	901	379	1	1	17	360	246	114
PCT7603	ED	830	250	-1	0	15	236	182	54
PCT7603	MV	830	376	-2	0	12	366	251	115
PCT7604	ED	954	266	1	0	12	253	177	76
PCT7604	MV	954	352	2	0	14	336	230	106
PCT7605	ED	648	120	0	0	10	110	74	36
PCT7605	MV	648	203	-1	1	12	191	134	57
PCT7606	ED	924	205	2	0	18	185	124	61
PCT7606	MV	924	330	0	1	14	315	215	100
PCT7607	ED	960	215	1	0	14	200	133	67
PCT7607	MV	960	407	2	0	17	388	262	126
PCT7608	ED	392	70	1	0	9	60	38	22
PCT7608	MV	392	136	0	0	11	125	83	42
PCT7609	ED	926	120	-1	0	10	111	75	36
PCT7609	MV	926	352	4	0	42	306	222	84
PCT7611	ED	755	126	1	1	10	114	80	34
PCT7611	MV	755	269	1	0	36	232	158	74
PCT7612	ED	583	97	2	2	7	86	58	28
PCT7612	MV	583	265	0	0	19	246	152	94
PCT7613	ED	908	204	3	0	12	189	131	58
PCT7613	MV	908	340	0	0	14	326	223	103
PCT7614	ED	1029	223	4	0	16	203	140	63
PCT7614	MV	1029	375	1	0	16	358	233	125
PCT7615	ED	762	162	2	0	17	143	87	56
PCT7615	MV	762	237	0	0	22	215	147	68
PCT7616	ED	1203	324	5	0	25	294	178	116
PCT7616	MV	1203	686	0	1	32	653	385	268
PCT7617	ED	768	102	1	0	13	88	57	31
PCT7617	MV	768	261	-1	0	23	239	156	83
PCT7618	ED	862	168	-2	0	12	158	112	46
PCT7618	MV	862	407	3	0	21	383	245	138
PCT7619	ED	1063	219	-1	0	6	214	141	73
PCT7619	MV	1063	563	-2	0	27	538	338	200
PCT7621	ED	1320	287	-1	0	16	272	181	91
PCT7621	MV	1320	668	2	1	37	628	408	220
PCT7622	ED	988	170	-1	0	13	158	100	58
PCT7622	MV	988	301	2	1	16	282	166	116
PCT7623	ED	746	184	1	0	10	173	124	49
PCT7623	MV	746	297	1	1	13	282	186	96
PCT7624	ED	859	142	-4	1	6	139	95	44
PCT7624	MV	859	290	1	0	18	271	176	95
PCT7625	ED	822	66	1	0	8	57	34	23
PCT7625	MV	822	475	0	0	71	404	259	145
PCT7626	ED	1114	227	0	0	13	214	120	94
PCT7626	MV	1114	612	-1	0	44	569	288	281
PCT7627	ED	1187	267	-1	0	15	253	141	112
PCT7627	MV	1187	582	2	0	19	561	257	304
PCT7628	ED	960	241	1	0	6	234	155	79
PCT7628	MV	960	428	0	0	23	405	276	129
PCT7629	ED	809	208	3	1	8	196	138	58
PCT7629	MV	809	343	0	0	11	332	190	142
PCT7631	ED	1155	270	2	0	18	250	158	92
PCT7631	MV	1155	577	0	0	27	550	315	235
PCT7632	ED	1124	289	3	0	12	274	168	106
PCT7632	MV	1124	561	0	0	18	543	354	189
PCT7633	ED	741	137	0	0	10	127	86	41
PCT7633	MV	741	392	3	1	26	362	205	157
PCT7634	ED	900	195	-1	0	10	186	124	62
PCT7634	MV	900	421	0	0	31	390	220	170
PCT7635	ED	840	158	0	0	7	151	101	50
PCT7635	MV	840	382	2	0	21	359	202	157
PCT7636	ED	938	251	1	0	16	234	143	91
PCT7636	MV	938	465	1	1	21	442	218	224
PCT7637	ED	809	193	-2	0	10	185	96	89
PCT7637	MV	809	404	-1	1	23	381	190	191
PCT7638	ED	1467	295	0	0	27	268	139	129
PCT7638	MV	1467	871	5	0	43	823	383	440
PCT7639	ED	1011	242	-2	2	14	228	124	104
PCT7639	MV	1011	559	0	1	41	517	250	267
PCT7641	ED	972	205	0	1	9	195	95	100
PCT7641	MV	972	549	0	1	32	516	271	245
PCT7642	ED	937	153	0	0	12	141	86	55
PCT7642	MV	937	394	-1	1	45	349	178	171
PCT7643	ED	920	169	0	0	13	156	86	70
PCT7643	MV	920	507	1	1	30	475	265	210
PCT7644	ED	1175	330	2	0	13	315	188	127
PCT7644	MV	1175	554	2	0	26	526	310	216
PCT7645	ED	640	120	-1	0	9	112	68	44
PCT7645	MV	640	377	0	0	28	349	157	192
PCT7646	ED	1100	267	-1	0	17	251	152	99
PCT7646	MV	1100	592	4	0	22	566	293	273
PCT7647	ED	1075	205	0	0	11	194	134	60
PCT7647	MV	1075	283	0	0	14	269	169	100
PCT7648	MV	1	0	0	0	0	0	0	0
PCT7649	ED	891	178	3	0	10	165	113	52
PCT7649	MV	891	395	2	0	15	378	230	148
PCT7651	ED	677	166	-5	0	15	156	86	70
PCT7651	MV	677	351	5	0	19	327	166	161
PCT7652	ED	628	135	0	0	8	127	81	46
PCT7652	MV	628	301	4	0	13	284	153	131
PCT7653	ED	1280	300	0	0	14	286	157	129
PCT7653	MV	1280	673	0	0	43	630	305	325
PCT7701	ED	1064	296	-1	0	13	284	164	120
PCT7701	MV	1064	597	1	1	31	564	278	286
PCT7702	ED	748	180	-2	0	11	171	92	79
PCT7702	MV	748	415	0	0	22	393	182	211
PCT7703	MV	171	79	4	1	8	66	38	28
PCT7704	ED	1008	257	1	0	11	245	110	135
PCT7704	MV	1008	557	1	0	24	532	269	263
PCT7705	ED	568	149	-2	0	5	146	66	80
PCT7705	MV	568	335	0	0	18	317	154	163
PCT7706	ED	840	252	1	0	8	243	114	129
PCT7706	MV	840	467	-1	1	19	448	215	233
PCT7707	ED	857	241	1	1	10	229	112	117
PCT7707	MV	857	495	-1	0	26	470	243	227
PCT7708	ED	871	205	-1	0	9	197	101	96
PCT7708	MV	871	540	2	1	30	507	266	241
PCT7709	ED	391	102	0	0	2	100	67	33
PCT7709	MV	391	222	0	0	12	210	125	85
PCT7711	ED	766	198	1	0	6	191	116	75
PCT7711	MV	766	422	-2	0	28	396	183	213
PCT7712	ED	529	149	-1	0	6	144	82	62
PCT7712	MV	529	296	-1	0	16	281	167	114
PCT7801	ED	1001	264	0	0	6	258	146	112
PCT7801	MV	1001	596	1	0	33	562	298	264
PCT7802	ED	788	230	0	0	9	221	133	88
PCT7802	MV	788	458	-1	0	25	434	237	197
PCT7803	ED	828	174	0	0	2	172	91	81
PCT7803	MV	828	552	1	0	20	531	279	252
PCT7804	ED	893	257	0	0	14	243	146	97
PCT7804	MV	893	533	0	0	34	499	266	233
PCT7805	ED	825	228	1	0	8	219	139	80
PCT7805	MV	825	484	1	0	20	463	256	207
PCT7806	ED	716	208	3	0	9	196	133	63
PCT7806	MV	716	407	0	0	19	388	207	181
PCT7807	ED	844	276	0	0	9	267	177	90
PCT7807	MV	844	417	2	0	20	395	230	165
PCT7808	ED	655	211	-1	0	11	201	118	83
PCT7808	MV	655	333	0	0	22	311	196	115
PCT7809	ED	781	238	1	0	12	225	150	75
PCT7809	MV	781	405	3	1	16	385	253	132
PCT7811	ED	783	249	0	0	5	244	154	90
PCT7811	MV	783	404	-1	0	17	388	264	124
PCT7812	ED	877	257	0	0	18	239	165	74
PCT7812	MV	877	454	-1	0	20	435	258	177
PCT7813	ED	1064	308	1	0	14	293	198	95
PCT7813	MV	1064	585	4	0	33	548	353	195
PCT7814	ED	936	228	2	0	10	216	145	71
PCT7814	MV	936	341	-1	1	12	329	211	118
PCT7815	ED	954	238	-2	0	18	222	135	87
PCT7815	MV	954	573	1	0	35	537	319	218
PCT7816	ED	865	236	0	0	8	228	145	83
PCT7816	MV	865	531	3	0	19	509	304	205
PCT7817	ED	823	277	1	1	13	262	179	83
PCT7817	MV	823	439	1	0	15	423	265	158
PCT7818	ED	860	234	-1	0	4	231	155	76
PCT7818	MV	860	452	-1	0	21	432	273	159
PCT7819	ED	793	191	0	0	6	185	117	68
PCT7819	MV	793	420	2	0	19	399	226	173
PCT7821	ED	985	248	1	0	10	237	154	83
PCT7821	MV	985	630	5	0	25	600	344	256
PCT7822	ED	908	275	0	1	11	263	170	93
PCT7822	MV	908	480	0	0	18	462	300	162
PCT7823	ED	879	270	7	0	10	253	179	74
PCT7823	MV	879	501	1	0	29	471	314	157
PCT7824	ED	768	247	0	0	5	242	152	90
PCT7824	MV	768	383	0	0	26	357	210	147
PCT7825	ED	597	191	-2	0	8	185	122	63
PCT7825	MV	597	302	-1	0	18	285	201	84
PCT7826	ED	684	258	1	0	18	239	152	87
PCT7826	MV	684	319	-1	0	14	306	194	112
PCT7827	ED	831	261	0	0	14	247	181	66
PCT7827	MV	831	361	0	0	12	349	214	135
PCT7828	ED	1018	261	1	0	15	245	145	100
PCT7828	MV	1018	549	-1	0	24	526	309	217
PCT7829	ED	907	237	1	0	6	230	137	93
PCT7829	MV	907	557	-1	0	27	531	290	241
PCT7831	ED	882	233	1	0	12	220	135	85
PCT7831	MV	882	544	14	0	16	514	296	218
PCT7832	ED	780	188	-1	0	7	182	106	76
PCT7832	MV	780	488	0	2	22	464	264	200
PCT7833	ED	747	230	0	0	12	218	149	69
PCT7833	MV	747	412	-1	1	29	383	240	143
PCT7834	ED	867	277	1	0	14	262	172	90
PCT7834	MV	867	439	2	0	23	414	256	158
PCT7835	ED	847	211	0	1	9	201	127	74
PCT7835	MV	847	505	5	0	17	483	303	180
PCT7836	ED	1023	260	1	0	13	246	159	87
PCT7836	MV	1023	623	-1	1	14	609	374	235
PCT7837	ED	911	260	1	0	8	251	154	97
PCT7837	MV	911	509	1	0	33	475	266	209
PCT7838	ED	926	239	2	0	10	227	133	94
PCT7838	MV	926	546	5	0	26	515	294	221
PCT7839	ED	842	205	1	0	12	192	110	82
PCT7839	MV	842	515	-6	0	20	501	267	234
PCT7841	ED	937	291	2	0	25	264	147	117
PCT7841	MV	937	526	5	0	28	493	298	195
PCT7842	ED	903	283	0	0	10	273	165	108
PCT7842	MV	903	434	-3	0	16	421	253	168
PCT7843	ED	767	232	-1	0	9	224	159	65
PCT7843	MV	767	380	-1	0	23	358	219	139
PCT7844	ED	663	196	0	0	7	189	136	53
PCT7844	MV	663	329	0	0	14	315	198	117
PCT7845	ED	849	241	-2	0	6	237	139	98
PCT7845	MV	849	469	-2	0	31	440	236	204
PCT7846	ED	904	262	1	0	20	241	134	107
PCT7846	MV	904	509	0	0	26	483	246	237
PCT7847	ED	929	261	1	0	17	243	138	105
PCT7847	MV	929	529	-1	1	31	498	300	198
PCT7848	ED	834	233	0	0	15	218	134	84
PCT7848	MV	834	491	-2	1	19	473	255	218
PCT7849	ED	929	264	0	0	11	253	162	91
PCT7849	MV	929	522	2	0	19	501	275	226
PCT7851	ED	513	136	0	0	6	130	69	61
PCT7851	MV	513	298	2	0	17	279	140	139
PCT7852	ED	647	143	0	0	5	138	68	70
PCT7852	MV	647	394	0	0	18	376	190	186
PCT7853	ED	850	214	1	0	7	206	120	86
PCT7853	MV	850	479	8	1	17	453	233	220
PCT7854	ED	894	248	0	0	14	234	143	91
PCT7854	MV	894	500	1	1	26	472	255	217
PCT7855	ED	986	301	0	0	20	281	163	118
PCT7855	MV	986	522	-1	1	27	495	270	225
PCT7856	ED	800	265	0	0	10	255	135	120
PCT7856	MV	800	425	2	1	20	402	210	192
PCT7857	ED	933	276	3	0	14	259	163	96
PCT7857	MV	933	517	-2	1	21	497	290	207
PCT7858	ED	775	245	1	0	4	240	160	80
PCT7858	MV	775	394	2	0	17	375	249	126
PCT7859	ED	891	250	-1	0	13	238	122	116
PCT7859	MV	891	513	2	0	28	483	260	223
PCT7861	ED	859	217	0	0	11	206	118	88
PCT7861	MV	859	510	1	0	27	482	265	217
PCT7862	ED	866	302	2	0	19	281	167	114
PCT7862	MV	866	472	2	0	19	451	234	217
PCT7863	ED	907	311	0	0	12	299	193	106
PCT7863	MV	907	440	0	0	26	414	248	166
PCT7864	ED	807	232	0	0	12	220	147	73
PCT7864	MV	807	427	-3	2	13	415	239	176
PCT7865	ED	823	241	1	0	10	230	153	77
PCT7865	MV	823	463	2	0	22	439	264	175
PCT7866	ED	836	209	0	0	9	200	96	104
PCT7866	MV	836	491	1	1	22	467	236	231
PCT7867	ED	955	266	-1	0	15	252	143	109
PCT7867	MV	955	512	5	0	21	486	260	226
PCT7868	ED	881	242	0	0	9	233	118	115
PCT7868	MV	881	449	1	0	18	430	231	199
PCT7869	ED	867	239	0	0	12	227	144	83
PCT7869	MV	867	489	-2	0	19	472	263	209
PCT7871	ED	900	259	1	0	11	247	142	105
PCT7871	MV	900	502	1	2	23	476	246	230
PCT7872	ED	862	288	2	0	14	272	131	141
PCT7872	MV	862	472	0	0	27	445	204	241
PCT7873	ED	861	257	2	0	7	248	142	106
PCT7873	MV	861	502	-2	0	23	481	280	201
PCT7874	ED	477	137	1	0	6	130	74	56
PCT7874	MV	477	256	2	1	15	238	158	80
PCT7875	ED	623	180	1	0	12	167	102	65
PCT7875	MV	623	285	0	0	15	270	162	108
PCT7876	ED	498	154	9	0	13	132	79	53
PCT7876	MV	498	269	0	0	15	254	156	98
PCT7901	ED	522	136	1	0	5	130	76	54
PCT7901	MV	522	198	0	0	5	193	133	60
PCT7902	ED	968	258	-1	0	21	238	152	86
PCT7902	MV	968	401	-2	0	13	390	247	143
PCT7903	ED	840	201	0	0	14	187	117	70
PCT7903	MV	840	350	0	1	8	341	200	141
PCT7904	ED	877	212	2	0	11	199	122	77
PCT7904	MV	877	403	-1	0	16	388	230	158
PCT7905	ED	851	254	-1	0	13	242	168	74
PCT7905	MV	851	409	4	0	19	386	243	143
PCT7906	ED	787	245	0	0	9	236	169	67
PCT7906	MV	787	335	-2	0	21	316	199	117
PCT7907	ED	950	278	1	0	12	265	184	81
PCT7907	MV	950	425	-3	0	13	415	272	143
PCT7908	ED	949	284	1	0	16	267	183	84
PCT7908	MV	949	408	1	0	28	379	249	130
PCT7909	ED	733	251	-1	0	10	242	174	68
PCT7909	MV	733	303	-1	0	15	289	191	98
PCT7911	ED	860	244	-1	0	10	235	147	88
PCT7911	MV	860	395	-2	0	22	375	239	136
PCT7912	ED	1065	291	1	0	19	271	189	82
PCT7912	MV	1065	463	-2	0	27	438	266	172
PCT7913	ED	913	312	1	1	8	302	203	99
PCT7913	MV	913	378	-2	0	18	362	222	140
PCT7914	ED	883	278	-1	1	8	270	189	81
PCT7914	MV	883	425	4	0	17	404	260	144
PCT7915	ED	831	266	1	0	5	260	187	73
PCT7915	MV	831	351	0	0	19	332	219	113
PCT7916	ED	888	284	-1	0	24	261	192	69
PCT7916	MV	888	421	0	1	15	405	264	141
PCT7917	ED	1015	315	1	0	8	306	222	84
PCT7917	MV	1015	428	1	1	15	411	262	149
PCT7918	ED	836	253	0	0	10	243	167	76
PCT7918	MV	836	379	0	0	14	365	246	119
PCT7919	ED	895	309	0	0	13	296	202	94
PCT7919	MV	895	376	-1	2	19	356	244	112
PCT7921	ED	917	232	1	0	11	220	143	77
PCT7921	MV	917	366	-1	1	10	356	200	156
PCT7922	ED	831	250	-1	0	10	241	170	71
PCT7922	MV	831	383	-1	0	13	371	245	126
PCT7923	ED	885	262	0	0	9	253	184	69
PCT7923	MV	885	403	-1	0	19	385	255	130
PCT7924	ED	842	238	0	0	10	228	161	67
PCT7924	MV	842	382	2	0	8	372	239	133
PCT7925	ED	567	156	0	0	4	152	107	45
PCT7925	MV	567	293	1	1	14	277	177	100
PCT7926	ED	795	229	0	1	6	222	135	87
PCT7926	MV	795	390	0	0	10	380	238	142
PCT7927	ED	747	241	-1	0	8	234	157	77
PCT7927	MV	747	392	2	0	22	368	238	130
PCT7928	ED	931	284	-1	0	12	273	191	82
PCT7928	MV	931	489	0	0	17	472	323	149
PCT7929	ED	864	248	0	0	12	236	148	88
PCT7929	MV	864	509	2	0	20	487	279	208
PCT7931	ED	738	219	0	0	16	203	127	76
PCT7931	MV	738	408	0	0	11	397	229	168
PCT7932	ED	551	157	1	0	7	149	85	64
PCT7932	MV	551	285	1	0	13	271	175	96
PCT7933	MV	6	4	0	0	1	3	2	1
PCT7934	ED	890	250	-1	0	12	239	165	74
PCT7934	MV	890	472	0	1	19	452	308	144
PCT7935	ED	970	305	0	0	24	281	186	95
PCT7935	MV	970	519	-2	0	16	505	319	186
PCT7936	ED	856	287	1	1	13	272	182	90
PCT7936	MV	856	428	-1	0	15	414	275	139
PCT7937	ED	886	267	0	0	10	257	178	79
PCT7937	MV	886	435	0	0	12	423	259	164
PCT7938	ED	788	213	0	0	13	200	134	66
PCT7938	MV	788	337	3	0	16	318	215	103
PCT7939	ED	688	254	0	1	11	242	166	76
PCT7939	MV	688	326	1	0	21	304	197	107
PCT7941	ED	751	218	-2	1	14	205	131	74
PCT7941	MV	751	348	0	0	13	335	215	120
PCT7942	ED	914	259	-1	0	7	253	163	90
PCT7942	MV	914	412	0	0	21	391	231	160
PCT7943	ED	872	258	8	0	10	240	139	101
PCT7943	MV	872	439	2	2	13	422	252	170
PCT7944	ED	801	243	0	0	7	236	153	83
PCT7944	MV	801	381	2	1	15	363	214	149
PCT7945	ED	915	186	2	0	9	175	111	64
PCT7945	MV	915	414	0	1	16	397	244	153
PCT7946	ED	945	183	1	0	4	178	118	60
PCT7946	MV	945	451	0	0	22	429	262	167
PCT7947	ED	946	182	1	0	8	173	91	82
PCT7947	MV	946	430	-1	0	23	408	246	162
PCT7948	ED	928	210	-1	0	5	206	129	77
PCT7948	MV	928	422	-4	0	15	411	233	178
PCT7949	ED	569	100	1	0	6	93	45	48
PCT7949	MV	569	292	-3	0	10	285	144	141
PCT7951	ED	854	166	1	0	9	156	97	59
PCT7951	MV	854	425	0	0	32	393	216	177
PCT7952	ED	866	167	0	0	10	157	83	74
PCT7952	MV	866	359	0	0	22	337	220	117
PCT7953	ED	824	186	4	0	8	174	105	69
PCT7953	MV	824	402	-1	2	22	379	210	169
PCT7955	ED	902	199	0	0	7	192	94	98
PCT7955	MV	902	435	0	1	22	412	241	171
PCT7956	ED	823	136	-1	0	7	130	75	55
PCT7956	MV	823	353	-2	0	19	336	199	137
PCT7957	ED	646	147	-1	0	9	139	91	48
PCT7957	MV	646	298	0	0	8	290	198	92
PCT7958	MV	290	141	1	0	7	133	81	52
PCT7959	ED	727	160	-1	0	11	150	100	50
PCT7959	MV	727	326	0	0	13	313	196	117
PCT9001	MV	273	142	0	0	4	138	91	47
PCT9101	ED	888	260	0	0	13	247	155	92
PCT9101	MV	888	438	-1	0	17	422	227	195
PCT9102	ED	985	257	0	0	13	244	128	116
PCT9102	MV	985	471	0	0	38	433	245	188
PCT9103	ED	954	273	0	0	13	260	145	115
PCT9103	MV	954	431	5	1	28	397	228	169
PCT9104	ED	988	239	0	0	15	224	140	84
PCT9104	MV	988	465	-1	0	19	447	282	165
PCT9105	ED	919	247	1	0	13	233	132	101
PCT9105	MV	919	488	-4	1	26	465	245	220
PCT9106	ED	937	268	0	0	15	253	148	105
PCT9106	MV	937	497	0	1	25	471	258	213
PCT9107	ED	849	219	-1	0	9	211	135	76
PCT9107	MV	849	372	-2	0	17	357	229	128
PCT9108	ED	790	247	0	0	10	237	154	83
PCT9108	MV	790	373	0	0	26	347	195	152
PCT9109	ED	884	263	0	0	15	248	137	111
PCT9109	MV	884	428	-1	0	30	399	212	187
PCT9111	ED	779	229	0	0	7	222	142	80
PCT9111	MV	779	346	2	0	18	326	175	151
PCT9112	ED	976	284	-1	0	10	275	173	102
PCT9112	MV	976	467	-6	0	28	445	242	203
PCT9113	ED	999	311	-2	0	20	293	161	132
PCT9113	MV	999	505	4	0	35	466	267	199
PCT9114	ED	877	263	0	0	12	251	164	87
PCT9114	MV	877	405	-1	0	33	373	244	129
PCT9115	ED	911	258	-1	0	10	249	167	82
PCT9115	MV	911	429	0	0	36	393	250	143
PCT9116	ED	944	281	0	0	11	270	168	102
PCT9116	MV	944	473	2	0	26	445	262	183
PCT9117	ED	783	222	0	0	17	205	114	91
PCT9117	MV	783	398	-1	0	24	375	176	199
PCT9118	ED	974	286	-2	0	13	275	171	104
PCT9118	MV	974	426	1	1	38	386	220	166
PCT9119	ED	891	237	-2	0	23	216	135	81
PCT9119	MV	891	447	0	0	25	422	251	171
PCT9121	ED	930	256	-1	0	14	243	138	105
PCT9121	MV	930	434	0	0	27	407	258	149
PCT9122	ED	953	210	0	0	14	196	114	82
PCT9122	MV	953	454	-1	0	18	437	254	183
PCT9123	ED	858	232	0	0	18	214	130	84
PCT9123	MV	858	418	1	0	19	398	215	183
PCT9124	ED	874	202	0	0	6	196	135	61
PCT9124	MV	874	438	1	1	35	401	222	179
PCT9125	ED	861	210	-1	0	11	200	111	89
PCT9125	MV	861	437	1	0	29	407	256	151
PCT9126	ED	1015	245	-2	1	17	229	139	90
PCT9126	MV	1015	533	-2	0	39	496	269	227
PCT9127	ED	960	269	0	0	11	258	135	123
PCT9127	MV	960	498	-1	1	30	468	275	193
PCT9128	ED	828	248	1	0	16	231	110	121
PCT9128	MV	828	412	2	1	24	385	215	170
PCT9129	ED	741	243	1	0	12	230	132	98
PCT9129	MV	741	348	0	0	14	334	183	151
PCT9131	ED	759	193	0	0	9	184	105	79
PCT9131	MV	759	403	1	1	26	375	219	156
PCT9132	ED	837	248	-1	0	22	227	150	77
PCT9132	MV	837	371	-1	0	18	354	243	111
PCT9133	ED	1021	271	0	0	14	257	158	99
PCT9133	MV	1021	503	3	0	35	465	285	180
PCT9134	ED	893	210	2	0	17	191	101	90
PCT9134	MV	893	469	-1	0	30	440	246	194
PCT9135	ED	808	215	-1	0	7	209	116	93
PCT9135	MV	808	389	0	1	13	375	203	172
PCT9136	ED	929	253	2	0	17	234	156	78
PCT9136	MV	929	439	2	0	24	413	232	181
PCT9137	ED	1006	260	0	0	12	248	142	106
PCT9137	MV	1006	467	0	0	26	441	243	198
PCT9138	ED	943	226	2	0	13	211	121	90
PCT9138	MV	943	477	0	1	22	454	258	196
PCT9139	ED	975	243	1	0	12	230	127	103
PCT9139	MV	975	510	0	1	35	474	268	206
PCT9141	ED	953	252	0	0	12	240	141	99
PCT9141	MV	953	477	2	1	25	449	257	192
PCT9142	ED	966	276	0	0	24	252	158	94
PCT9142	MV	966	459	1	0	24	434	272	162
PCT9143	ED	920	251	0	0	14	237	125	112
PCT9143	MV	920	463	2	1	23	437	233	204
PCT9144	ED	962	293	0	0	14	279	168	111
PCT9144	MV	962	482	0	0	27	455	246	209
PCT9145	ED	861	249	2	0	11	236	149	87
PCT9145	MV	861	423	-1	0	32	392	222	170
PCT9146	ED	885	245	-1	0	17	229	137	92
PCT9146	MV	885	464	5	0	20	439	276	163
PCT9147	ED	971	281	0	0	11	270	163	107
PCT9147	MV	971	492	-3	0	33	462	264	198
PCT9148	ED	1034	325	0	0	14	311	188	123
PCT9148	MV	1034	513	2	0	26	485	281	204
PCT9149	ED	948	264	-2	0	14	252	167	85
PCT9149	MV	948	478	3	1	29	445	270	175
PCT9151	ED	872	227	0	0	7	220	128	92
PCT9151	MV	872	418	5	1	18	394	204	190
PCT9152	ED	721	270	-12	0	13	269	186	83
PCT9152	MV	721	279	-1	0	14	266	160	106
PCT9201	ED	1004	300	1	0	11	288	186	102
PCT9201	MV	1004	475	1	0	18	456	286	170
PCT9202	ED	971	294	1	0	15	278	149	129
PCT9202	MV	971	426	1	1	22	402	228	174
PCT9203	ED	1002	239	0	0	14	225	99	126
PCT9203	MV	1002	536	-1	1	40	496	205	291
PCT9204	ED	873	273	2	0	21	250	93	157
PCT9204	MV	873	393	1	0	17	375	143	232
PCT9205	ED	728	208	-2	0	9	201	103	98
PCT9205	MV	728	376	4	1	28	343	152	191
PCT9206	ED	931	249	-1	0	21	229	102	127
PCT9206	MV	931	479	1	0	27	451	202	249
PCT9207	ED	981	262	2	0	18	242	98	144
PCT9207	MV	981	502	-1	0	29	474	209	265
PCT9208	ED	1002	287	0	0	16	271	117	154
PCT9208	MV	1002	491	0	0	32	459	229	230
PCT9209	ED	711	245	1	0	13	231	108	123
PCT9209	MV	711	327	2	0	26	299	143	156
PCT9211	ED	889	234	0	0	11	223	111	112
PCT9211	MV	889	432	-1	0	35	398	199	199
PCT9212	ED	803	234	1	0	14	219	112	107
PCT9212	MV	803	400	3	0	23	374	171	203
PCT9213	ED	951	264	2	0	13	249	120	129
PCT9213	MV	951	508	1	0	30	477	225	252
PCT9214	ED	640	166	0	0	10	156	66	90
PCT9214	MV	640	334	0	0	10	324	150	174
PCT9215	ED	652	194	2	0	12	180	75	105
PCT9215	MV	652	327	0	0	19	308	124	184
PCT9216	ED	845	246	2	0	18	226	97	129
PCT9216	MV	845	379	0	0	28	351	145	206
PCT9217	ED	698	194	1	0	17	176	87	89
PCT9217	MV	698	349	2	1	25	321	138	183
PCT9218	ED	841	249	2	1	10	236	121	115
PCT9218	MV	841	412	3	0	30	379	178	201
PCT9219	ED	802	242	-1	0	13	230	128	102
PCT9219	MV	802	399	0	0	30	369	174	195
PCT9221	ED	651	145	-1	0	8	138	48	90
PCT9221	MV	651	399	0	3	22	374	128	246
PCT9222	ED	883	249	-1	0	21	229	82	147
PCT9222	MV	883	449	0	0	23	426	166	260
PCT9223	ED	638	160	-1	0	10	151	76	75
PCT9223	MV	638	338	2	1	21	314	113	201
PCT9224	ED	960	263	0	0	14	249	94	155
PCT9224	MV	960	506	5	2	23	476	214	262
PCT9225	ED	958	299	1	0	22	276	142	134
PCT9225	MV	958	469	1	0	29	439	222	217
PCT9226	ED	926	271	0	0	22	249	115	134
PCT9226	MV	926	486	0	0	30	456	227	229
PCT9227	ED	738	188	0	0	9	179	72	107
PCT9227	MV	738	404	1	0	33	370	152	218
PCT9228	ED	747	189	1	0	9	179	72	107
PCT9228	MV	747	424	0	0	16	408	167	241
PCT9229	ED	598	162	0	0	8	154	77	77
PCT9229	MV	598	316	0	0	8	308	121	187
PCT9231	ED	953	313	3	0	21	289	164	125
PCT9231	MV	953	488	-1	0	32	457	232	225
PCT9232	ED	735	212	0	0	13	199	75	124
PCT9232	MV	735	396	0	0	21	375	180	195
PCT9233	ED	793	209	0	0	8	201	73	128
PCT9233	MV	793	434	1	1	26	406	168	238
PCT9234	ED	746	187	0	0	16	171	86	85
PCT9234	MV	746	438	2	1	31	404	176	228
PCT9235	ED	884	239	0	0	11	228	94	134
PCT9235	MV	884	488	1	0	23	464	189	275
PCT9236	ED	683	201	1	0	6	194	79	115
PCT9236	MV	683	358	2	1	26	329	142	187
PCT9237	ED	936	229	2	1	20	206	85	121
PCT9237	MV	936	539	1	0	31	507	206	301
PCT9238	ED	842	230	-1	0	21	210	95	115
PCT9238	MV	842	456	0	0	24	432	175	257
PCT9239	ED	881	200	1	0	12	187	82	105
PCT9239	MV	881	499	4	1	25	469	206	263
PCT9241	ED	1005	255	1	0	23	231	105	126
PCT9241	MV	1005	578	1	0	35	542	232	310
PCT9242	ED	972	277	2	0	13	262	111	151
PCT9242	MV	972	513	1	0	20	492	252	240
PCT9243	ED	594	193	1	1	11	180	83	97
PCT9243	MV	594	307	-2	0	14	295	131	164
PCT9244	ED	903	255	-2	1	22	234	118	116
PCT9244	MV	903	485	2	0	21	462	230	232
PCT9245	ED	742	209	1	0	17	191	104	87
PCT9245	MV	742	375	1	0	22	352	176	176
PCT9246	ED	929	257	1	0	13	243	130	113
PCT9246	MV	929	528	0	0	32	496	239	257
PCT9247	ED	927	264	2	0	19	243	125	118
PCT9247	MV	927	515	-1	0	27	489	237	252
PCT9248	ED	907	258	0	0	11	247	129	118
PCT9248	MV	907	487	2	0	22	463	239	224
PCT9249	ED	917	271	-1	0	15	257	121	136
PCT9249	MV	917	495	3	1	24	467	245	222
PCT9251	ED	995	287	1	0	17	269	122	147
PCT9251	MV	995	530	4	0	28	498	244	254
PCT9252	ED	944	219	2	0	6	211	108	103
PCT9252	MV	944	550	2	1	37	510	259	251
PCT9253	ED	772	187	0	0	11	176	94	82
PCT9253	MV	772	397	-2	0	24	375	203	172
PCT9254	ED	935	230	-2	1	10	221	130	91
PCT9254	MV	935	538	1	1	26	510	262	248
PCT9255	ED	553	183	2	0	5	176	99	77
PCT9255	MV	553	263	1	0	17	245	140	105
PCT9256	ED	474	130	-2	0	4	128	75	53
PCT9256	MV	474	233	-1	0	5	229	108	121
PCT9257	MV	321	235	0	0	11	224	148	76
PCT9258	ED	712	193	0	0	9	184	94	90
PCT9258	MV	712	373	-2	0	22	353	170	183
PCT9401	ED	1012	293	-5	0	14	284	204	80
PCT9401	MV	1012	484	-1	0	19	466	292	174
PCT9402	ED	977	290	0	0	24	266	158	108
PCT9402	MV	977	458	-1	0	27	432	274	158
PCT9403	ED	897	240	-3	0	15	228	146	82
PCT9403	MV	897	419	1	0	19	399	238	161
PCT9404	ED	930	200	0	0	13	187	115	72
PCT9404	MV	930	462	0	0	31	431	247	184
PCT9405	ED	786	210	4	0	14	192	104	88
PCT9405	MV	786	364	-2	0	17	349	213	136
PCT9406	ED	868	244	-1	0	15	230	128	102
PCT9406	MV	868	421	1	1	24	395	227	168
PCT9407	ED	889	253	-1	0	5	249	161	88
PCT9407	MV	889	409	0	0	19	390	229	161
PCT9408	ED	886	265	-2	0	16	251	156	95
PCT9408	MV	886	415	0	0	30	385	262	123
PCT9409	ED	590	201	-3	0	7	197	126	71
PCT9409	MV	590	252	1	0	24	227	125	102
PCT9411	ED	956	271	-1	0	15	257	174	83
PCT9411	MV	956	431	1	1	17	412	270	142
PCT9412	ED	848	245	-1	0	21	225	140	85
PCT9412	MV	848	380	-1	1	30	350	191	159
PCT9413	ED	894	229	-2	1	11	219	145	74
PCT9413	MV	894	461	1	0	29	431	244	187
PCT9414	ED	916	216	-1	0	11	206	126	80
PCT9414	MV	916	463	2	0	32	429	255	174
PCT9415	ED	784	187	1	0	9	177	97	80
PCT9415	MV	784	392	0	0	29	363	213	150
PCT9416	ED	1008	282	-1	0	21	262	160	102
PCT9416	MV	1008	480	2	0	40	438	265	173
PCT9417	ED	752	175	0	0	14	161	101	60
PCT9417	MV	752	402	0	0	36	366	231	135
PCT9418	ED	790	211	-2	1	14	198	116	82
PCT9418	MV	790	376	2	0	29	345	185	160
PCT9419	ED	924	222	1	0	11	210	120	90
PCT9419	MV	924	468	-3	0	46	425	221	204
PCT9421	ED	906	238	-4	0	25	217	135	82
PCT9421	MV	906	446	2	0	35	409	239	170
PCT9422	ED	1056	283	-2	0	25	260	144	116
PCT9422	MV	1056	513	2	0	28	483	272	211
PCT9423	ED	889	219	-1	0	19	201	118	83
PCT9423	MV	889	440	-2	0	25	417	231	186
PCT9424	ED	952	224	0	0	9	215	128	87
PCT9424	MV	952	496	1	0	31	464	258	206
PCT9425	ED	933	199	-1	0	17	183	107	76
PCT9425	MV	933	465	-1	0	29	437	237	200
PCT9426	ED	823	198	-1	1	21	177	105	72
PCT9426	MV	823	408	5	0	42	361	192	169
PCT9427	ED	948	210	1	0	18	191	97	94
PCT9427	MV	948	447	-3	0	24	426	227	199
PCT9428	ED	961	183	-2	0	14	171	106	65
PCT9428	MV	961	518	0	1	47	470	259	211
PCT9429	ED	899	228	0	0	26	202	116	86
PCT9429	MV	899	432	0	0	34	398	227	171
PCT9431	ED	973	235	2	0	10	223	124	99
PCT9431	MV	973	464	1	1	23	439	227	212
PCT9432	ED	945	214	-1	1	11	203	95	108
PCT9432	MV	945	468	0	0	39	429	223	206
PCT9433	ED	945	195	-1	0	17	179	107	72
PCT9433	MV	945	487	0	0	35	452	242	210
PCT9434	ED	979	261	-2	0	17	246	138	108
PCT9434	MV	979	481	0	1	31	449	272	177
PCT9435	ED	969	251	-3	0	19	235	139	96
PCT9435	MV	969	448	-2	0	33	417	260	157
PCT9436	ED	1006	232	0	0	12	220	117	103
PCT9436	MV	1006	495	-2	1	36	460	269	191
PCT9437	ED	897	219	-3	0	17	205	112	93
PCT9437	MV	897	435	2	0	22	411	222	189
PCT9438	ED	948	202	0	0	13	189	117	72
PCT9438	MV	948	496	-1	0	28	469	263	206
PCT9439	ED	879	173	-1	1	11	162	94	68
PCT9439	MV	879	425	1	0	34	390	237	153
PCT9441	ED	980	261	-1	0	15	247	153	94
PCT9441	MV	980	462	0	0	27	435	265	170
PCT9442	ED	1008	280	1	0	15	264	156	108
PCT9442	MV	1008	461	0	0	41	420	258	162
PCT9443	ED	937	220	-1	1	13	207	121	86
PCT9443	MV	937	442	-2	1	26	417	269	148
PCT9444	ED	937	190	1	0	16	173	97	76
PCT9444	MV	937	442	0	1	29	412	226	186
PCT9445	ED	981	230	-1	0	14	217	130	87
PCT9445	MV	981	493	-1	1	28	465	252	213
PCT9446	ED	1090	240	-1	0	15	226	139	87
PCT9446	MV	1090	564	1	0	29	534	312	222
PCT9447	ED	906	236	-1	0	17	220	123	97
PCT9447	MV	906	448	-2	0	27	423	245	178
PCT9448	ED	909	232	-3	0	12	223	128	95
PCT9448	MV	909	429	2	0	28	399	240	159
PCT9449	ED	830	177	3	0	12	162	99	63
PCT9449	MV	830	428	3	0	20	405	223	182
PCT9451	ED	420	97	0	0	5	92	49	43
PCT9451	MV	420	218	-1	0	15	204	90	114
PCT9452	ED	840	259	0	0	15	244	130	114
PCT9452	MV	840	412	1	0	21	390	208	182
PCT9453	ED	500	135	0	0	9	126	64	62
PCT9453	MV	500	244	0	0	14	230	111	119
PCT9501	MV	148	110	0	1	2	107	51	56
PCT9502	MV	245	177	2	0	7	168	105	63
PCT9503	ED	729	198	-2	0	9	191	113	78
PCT9503	MV	729	315	4	0	10	301	165	136
PCT9505	ED	784	177	-1	0	3	175	97	78
PCT9505	MV	784	383	0	2	13	368	232	136
PCT9506	ED	766	177	1	1	6	169	90	79
PCT9506	MV	766	313	-1	0	13	301	179	122
PCT9507	ED	766	231	0	0	13	218	144	74
PCT9507	MV	766	406	-1	0	23	384	252	132
PCT9508	ED	798	237	1	1	15	220	157	63
PCT9508	MV	798	429	-1	1	22	407	274	133
PCT9509	ED	759	230	1	1	8	220	146	74
PCT9509	MV	759	386	-2	1	20	367	223	144
PCT9511	ED	622	190	-1	0	9	182	113	69
PCT9511	MV	622	296	0	0	14	282	173	109
PCT9512	ED	809	240	1	0	12	227	144	83
PCT9512	MV	809	399	0	0	15	384	233	151
PCT9513	ED	902	275	-1	0	10	266	171	95
PCT9513	MV	902	390	2	0	16	372	227	145
PCT9514	ED	928	304	-4	0	19	289	186	103
PCT9514	MV	928	456	1	0	15	440	257	183
PCT9515	ED	705	222	0	0	7	215	132	83
PCT9515	MV	705	368	-3	0	24	347	217	130
PCT9516	ED	866	254	-2	0	5	251	151	100
PCT9516	MV	866	427	0	0	21	406	232	174
PCT9517	ED	801	228	0	0	15	213	138	75
PCT9517	MV	801	397	1	0	23	373	228	145
PCT9518	ED	802	229	-1	0	12	218	137	81
PCT9518	MV	802	431	0	0	18	413	244	169
PCT9519	ED	910	262	-1	0	7	256	161	95
PCT9519	MV	910	486	-3	0	22	467	262	205
PCT9521	ED	939	316	-2	1	20	297	180	117
PCT9521	MV	939	442	0	0	19	423	243	180
PCT9701	ED	671	201	-1	0	11	191	116	75
PCT9701	MV	671	340	1	0	24	315	174	141
PCT9702	ED	723	210	1	0	8	201	114	87
PCT9702	MV	723	364	0	0	15	349	207	142
PCT9703	ED	986	232	6	0	14	212	113	99
PCT9703	MV	986	530	1	0	33	496	264	232
PCT9704	ED	950	279	0	0	8	271	166	105
PCT9704	MV	950	505	0	0	43	462	235	227
PCT9705	ED	919	261	4	0	10	247	145	102
PCT9705	MV	919	483	0	0	24	459	275	184
PCT9706	MV	49	39	-1	0	3	37	22	15
PCT9707	ED	821	173	0	0	15	158	66	92
PCT9707	MV	821	491	4	0	30	457	226	231
PCT9708	ED	948	250	4	0	15	231	127	104
PCT9708	MV	948	500	-2	0	34	468	274	194
PCT9709	ED	1028	281	10	0	15	256	157	99
PCT9709	MV	1028	517	0	1	34	482	232	250
PCT9711	ED	641	195	0	0	11	184	87	97
PCT9711	MV	641	336	0	0	18	318	152	166
PCT9712	ED	649	160	0	0	9	151	45	106
PCT9712	MV	649	398	3	0	16	379	163	216
PCT9713	ED	960	225	1	1	23	200	115	85
PCT9713	MV	960	489	0	1	25	463	235	228
PCT9714	ED	931	208	1	0	7	200	99	101
PCT9714	MV	931	538	5	0	27	506	217	289
PCT9715	ED	569	180	0	0	7	173	67	106
PCT9715	MV	569	309	2	1	9	297	109	188
PCT9716	ED	947	239	5	1	15	218	130	88
PCT9716	MV	947	481	2	0	47	432	252	180
PCT9717	ED	972	265	0	0	14	251	127	124
PCT9717	MV	972	532	3	0	30	499	262	237
PCT9718	ED	862	227	0	0	13	214	103	111
PCT9718	MV	862	496	-1	0	20	477	246	231
PCT9719	ED	901	245	0	0	15	230	102	128
PCT9719	MV	901	524	6	0	25	493	225	268
PCT9721	ED	662	198	0	0	10	188	70	118
PCT9721	MV	662	357	1	0	15	341	160	181
PCT9722	ED	605	119	0	0	10	109	48	61
PCT9722	MV	605	355	-1	0	21	335	178	157
PCT9723	ED	481	98	0	0	7	91	44	47
PCT9723	MV	481	275	0	0	15	260	110	150
PCT9724	ED	991	205	0	1	13	191	98	93
PCT9724	MV	991	565	-1	0	39	527	249	278
PCT9725	ED	970	214	-3	0	13	204	106	98
PCT9725	MV	970	499	0	0	40	459	222	237
PCT9726	ED	655	263	0	0	9	254	155	99
PCT9726	MV	655	241	-2	0	12	231	115	116
PCT9727	ED	459	79	0	0	5	74	29	45
PCT9727	MV	459	271	1	0	8	262	112	150
PCT9728	ED	926	231	-2	0	8	225	89	136
PCT9728	MV	926	503	2	0	17	484	190	294
PCT9729	ED	800	191	1	0	8	182	59	123
PCT9729	MV	800	442	-1	0	27	416	155	261
PCT9731	ED	556	167	-1	0	9	159	76	83
PCT9731	MV	556	282	0	0	10	272	129	143
PCT9732	MV	70	56	0	0	2	54	27	27
PCT9733	MV	235	191	0	0	14	177	87	90
PCT9734	ED	603	154	0	0	4	150	66	84
PCT9734	MV	603	341	-1	0	17	325	152	173
PCT9735	ED	809	206	0	0	11	195	84	111
PCT9735	MV	809	449	0	0	27	422	200	222
PCT9736	ED	713	173	1	0	13	159	65	94
PCT9736	MV	713	410	2	1	28	379	185	194
PCT9737	ED	818	208	0	0	12	196	99	97
PCT9737	MV	818	476	3	2	23	448	245	203
PCT9738	ED	848	185	0	0	8	177	114	63
PCT9738	MV	848	404	0	0	11	393	213	180
PCT9739	ED	828	220	1	0	14	205	136	69
PCT9739	MV	828	335	0	0	13	322	196	126
PCT9741	ED	552	232	-8	1	7	232	160	72
PCT9741	MV	552	105	-1	1	9	96	70	26
PCT9742	ED	677	180	4	0	7	169	63	106
PCT9742	MV	677	289	1	2	15	271	115	156
PCT9743	ED	1163	310	-1	0	6	305	183	122
PCT9743	MV	1163	501	2	0	17	482	281	201
PCT9744	ED	911	247	0	0	10	237	145	92
PCT9744	MV	911	391	0	0	13	378	232	146
PCT9745	ED	991	282	-4	0	20	266	161	105
PCT9745	MV	991	346	1	1	12	332	191	141
PCT9746	ED	884	232	1	0	11	220	97	123
PCT9746	MV	884	452	0	1	23	428	200	228
PCT9747	ED	973	246	2	0	11	233	133	100
PCT9747	MV	973	470	0	0	29	441	255	186
PCT9748	ED	931	229	-1	0	8	222	101	121
PCT9748	MV	931	475	1	1	28	445	211	234
PCT9749	ED	913	225	2	0	12	211	142	69
PCT9749	MV	913	384	-3	0	21	366	233	133
PCT9751	ED	1016	253	0	0	17	236	114	122
PCT9751	MV	1016	523	0	0	30	493	253	240
PCT9752	ED	710	175	3	0	3	169	90	79
PCT9752	MV	710	392	-1	1	13	379	185	194
PCT9753	ED	756	186	-2	0	4	184	98	86
PCT9753	MV	756	388	0	0	13	375	210	165
PCT9754	ED	707	47	0	0	3	44	29	15
PCT9754	MV	707	377	0	0	11	366	219	147
PCT9755	ED	582	172	-2	0	11	163	97	66
PCT9755	MV	582	285	2	0	15	268	153	115
PCT9756	ED	941	185	0	0	10	175	105	70
PCT9756	MV	941	477	-2	0	28	451	254	197
PCT9801	ED	408	104	0	0	2	102	67	35
PCT9801	MV	408	181	0	0	3	178	105	73
CONG12	TO	443570	332491	289	211	18136	313855	181748	132107
CONG14	TO	56946	40357	-7	21	1971	38372	20980	17392
ASSM17	TO	291063	214827	225	144	11212	203246	121074	82172
ASSM19	TO	209453	158021	57	88	8895	148981	81654	67327
BART7	TO	38460	24736	27	21	1285	23403	13226	10177
BART8	TO	223735	166386	86	93	10003	156204	84585	71619
BART9	TO	238321	181726	169	118	8819	172620	104917	67703
SUPV1	TO	42767	32743	-2	16	1861	30868	18009	12859
SUPV2	TO	50394	40402	70	24	2326	37982	17969	20013
SUPV3	TO	39799	28571	-9	15	2040	26525	15101	11424
SUPV4	TO	42953	31699	-32	16	2088	29627	17203	12424
SUPV5	TO	53744	42036	33	37	2023	39943	24323	15620
SUPV6	TO	43321	29158	61	22	1739	27336	16433	10903
SUPV7	TO	47076	36587	49	22	1892	34624	17841	16783
SUPV8	TO	58122	48632	98	22	2256	46256	27295	18961
SUPV9	TO	42988	31769	7	21	1390	30351	19351	11000
SUPV10	TO	41862	26459	23	25	1304	25107	15019	10088
SUPV11	TO	37490	24792	-16	12	1188	23608	14184	9424
NEIG1	TO	19914	11270	8	11	551	10700	6369	4331
NEIG2	TO	17446	12440	0	8	981	11451	6316	5135
NEIG3	TO	28644	19045	20	12	1261	17752	11212	6540
NEIG4	TO	7002	5802	18	4	261	5519	2923	2596
NEIG5	TO	27634	18420	-7	10	873	17544	10459	7085
NEIG6	TO	14982	12240	12	11	564	11653	7197	4456
NEIG7	TO	12118	7928	-12	2	391	7547	4631	2916
NEIG8	TO	9734	7857	-11	1	392	7475	4373	3102
NEIG9	TO	8390	5918	-16	4	288	5642	3181	2461
NEIG10	TO	10097	8010	4	6	428	7572	4240	3332
NEIG11	TO	40622	32395	64	18	1908	30405	14515	15890
NEIG12	TO	31129	23295	-3	11	1040	22247	14432	7815
NEIG13	TO	16964	14420	26	10	701	13683	7931	5752
NEIG14	TO	8795	7263	2	4	293	6964	4481	2483
NEIG15	TO	7019	5232	1	2	331	4898	2657	2241
NEIG26	TO	9293	6104	-5	3	296	5810	3387	2423
NEIG16	TO	16814	13081	11	11	610	12449	7379	5070
NEIG17	TO	37322	28503	8	12	1635	26848	15691	11157
NEIG18	TO	8050	6587	5	4	364	6214	2881	3333
NEIG19	TO	9419	7393	19	7	336	7031	4225	2806
NEIG20	TO	24674	17045	22	14	995	16014	9236	6778
NEIG21	TO	42363	31246	-30	16	2057	29203	16952	12251
NEIG22	TO	18966	16190	31	4	734	15421	9243	6178
NEIG23	TO	8139	4488	12	3	272	4201	2507	1694
NEIG24	TO	34909	27838	69	18	1453	26298	13066	13232
NEIG25	TO	30077	22838	34	26	1092	21686	13244	8442
