area_id	subtotal_type	RSReg	RSCst	RSRej	RSOvr	RSUnd	RSTot	090:LISA REMMER	091:NANCY PELOSI
ALL	TO	443570	332491	87	107	15225	317072	41780	275292
ALL	ED	443570	114781	67	34	5902	108778	13438	95340
ALL	MV	443570	217710	20	73	9323	208294	28342	179952
PCT1141	ED	1041	223	0	0	18	205	28	177
PCT1141	MV	1041	484	0	0	20	464	67	397
PCT1142	ED	861	175	0	0	9	166	21	145
PCT1142	MV	861	393	0	0	36	357	54	303
PCT1143	ED	1034	229	0	0	12	217	13	204
PCT1143	MV	1034	440	0	0	22	418	88	330
PCT1144	ED	907	205	0	1	13	191	28	163
PCT1144	MV	907	387	0	0	21	366	64	302
PCT1145	ED	888	189	0	0	12	177	25	152
PCT1145	MV	888	461	0	1	20	440	63	377
PCT1146	ED	1011	186	0	0	14	172	25	147
PCT1146	MV	1011	454	0	1	26	427	74	353
PCT1147	ED	877	210	0	0	11	199	31	168
PCT1147	MV	877	396	0	0	22	374	74	300
PCT1148	ED	962	196	0	0	16	180	30	150
PCT1148	MV	962	444	0	2	27	415	90	325
PCT1149	ED	907	210	0	0	11	199	21	178
PCT1149	MV	907	407	0	0	22	385	57	328
PCT1152	ED	864	198	0	0	10	188	37	151
PCT1152	MV	864	388	0	0	14	374	61	313
PCT1153	ED	951	210	0	1	11	198	34	164
PCT1153	MV	951	415	0	0	23	392	87	305
PCT7001	ED	776	176	2	0	12	162	15	147
PCT7001	MV	776	429	0	1	30	398	38	360
PCT7002	ED	706	176	0	0	10	166	16	150
PCT7002	MV	706	332	0	0	16	316	35	281
PCT7003	ED	884	238	0	0	13	225	28	197
PCT7003	MV	884	498	0	0	19	479	58	421
PCT7004	ED	881	241	1	0	7	233	18	215
PCT7004	MV	881	496	0	0	21	475	40	435
PCT7005	ED	847	253	0	0	13	240	11	229
PCT7005	MV	847	480	0	1	15	464	28	436
PCT7006	ED	917	254	0	0	18	236	23	213
PCT7006	MV	917	442	0	0	27	415	36	379
PCT7007	ED	949	283	0	0	10	273	15	258
PCT7007	MV	949	516	0	0	24	492	38	454
PCT7008	ED	932	264	1	0	8	255	25	230
PCT7008	MV	932	546	1	0	16	529	55	474
PCT7009	ED	905	185	0	0	10	175	23	152
PCT7009	MV	905	513	0	0	24	489	45	444
PCT7011	ED	985	204	0	0	12	192	14	178
PCT7011	MV	985	294	0	0	2	292	18	274
PCT7012	ED	1109	313	0	0	11	302	39	263
PCT7012	MV	1109	594	0	1	24	569	49	520
PCT7013	ED	956	267	0	0	14	253	29	224
PCT7013	MV	956	501	0	0	18	483	48	435
PCT7014	ED	1460	367	0	0	12	355	35	320
PCT7014	MV	1460	802	0	0	25	777	58	719
PCT7015	MV	95	44	0	0	2	42	3	39
PCT7016	ED	918	171	0	0	12	159	16	143
PCT7016	MV	918	280	0	0	23	257	37	220
PCT7017	ED	754	149	0	0	10	139	13	126
PCT7017	MV	754	252	0	0	7	245	15	230
PCT7018	ED	977	155	0	0	14	141	21	120
PCT7018	MV	977	448	0	0	24	424	61	363
PCT7019	ED	899	182	0	0	12	170	13	157
PCT7019	MV	899	413	0	0	18	395	51	344
PCT7021	ED	947	184	0	1	15	168	15	153
PCT7021	MV	947	305	0	0	22	283	23	260
PCT7022	ED	945	215	0	1	13	201	11	190
PCT7022	MV	945	352	0	0	11	341	33	308
PCT7023	ED	928	178	0	0	6	172	8	164
PCT7023	MV	928	400	0	0	17	383	37	346
PCT7024	ED	414	70	0	0	4	66	7	59
PCT7024	MV	414	78	0	0	3	75	13	62
PCT7025	ED	477	85	0	0	5	80	3	77
PCT7025	MV	477	128	0	0	3	125	10	115
PCT7026	ED	1011	149	0	0	11	138	19	119
PCT7026	MV	1011	455	0	0	28	427	79	348
PCT7027	ED	869	195	0	0	14	181	14	167
PCT7027	MV	869	353	0	0	18	335	50	285
PCT7028	ED	850	213	0	0	12	201	21	180
PCT7028	MV	850	282	0	0	9	273	18	255
PCT7029	ED	901	184	0	0	15	169	11	158
PCT7029	MV	901	251	0	0	12	239	22	217
PCT7030	ED	759	119	0	0	4	115	30	85
PCT7030	MV	759	357	0	1	31	325	89	236
PCT7031	ED	641	91	0	0	4	87	7	80
PCT7031	MV	641	309	0	0	13	296	46	250
PCT7032	ED	904	173	1	0	19	153	13	140
PCT7032	MV	904	316	0	0	16	300	40	260
PCT7033	ED	798	191	0	0	18	173	20	153
PCT7033	MV	798	247	0	0	4	243	26	217
PCT7034	ED	958	197	0	0	24	173	16	157
PCT7034	MV	958	201	0	0	10	191	16	175
PCT7035	ED	606	122	0	0	6	116	9	107
PCT7035	MV	606	262	0	0	7	255	33	222
PCT7036	ED	921	117	0	0	13	104	10	94
PCT7036	MV	921	342	0	0	13	329	81	248
PCT7037	ED	735	135	0	0	23	112	5	107
PCT7037	MV	735	98	0	1	6	91	19	72
PCT7038	ED	911	135	0	0	17	118	17	101
PCT7038	MV	911	351	0	1	22	328	73	255
PCT7039	ED	784	178	0	0	10	168	29	139
PCT7039	MV	784	306	0	0	16	290	76	214
PCT7041	MV	61	33	0	0	0	33	9	24
PCT7042	ED	639	118	0	0	4	114	18	96
PCT7042	MV	639	258	0	1	10	247	34	213
PCT7043	ED	957	176	0	0	11	165	16	149
PCT7043	MV	957	404	0	0	21	383	44	339
PCT7044	ED	827	167	0	0	13	154	12	142
PCT7044	MV	827	193	0	0	9	184	28	156
PCT7045	ED	779	120	0	0	12	108	24	84
PCT7045	MV	779	344	0	0	22	322	77	245
PCT7046	ED	402	94	0	0	9	85	7	78
PCT7046	MV	402	175	0	0	8	167	39	128
PCT7047	ED	823	119	0	0	6	113	13	100
PCT7047	MV	823	388	0	0	23	365	59	306
PCT7048	ED	858	150	3	0	12	135	18	117
PCT7048	MV	858	318	0	0	10	308	58	250
PCT7049	ED	792	173	0	0	16	157	37	120
PCT7049	MV	792	305	0	0	27	278	75	203
PCT7051	ED	861	114	0	0	11	103	10	93
PCT7051	MV	861	380	0	0	33	347	82	265
PCT7052	ED	852	161	0	0	11	150	26	124
PCT7052	MV	852	402	0	0	31	371	82	289
PCT7053	ED	548	102	0	0	6	96	12	84
PCT7053	MV	548	278	0	0	8	270	54	216
PCT7054	ED	1073	215	0	0	8	207	19	188
PCT7054	MV	1073	410	0	0	22	388	53	335
PCT7055	ED	808	190	0	0	10	180	16	164
PCT7055	MV	808	440	0	0	22	418	58	360
PCT7101	MV	155	120	1	0	3	116	7	109
PCT7201	ED	936	245	0	0	8	237	34	203
PCT7201	MV	936	518	0	0	12	506	90	416
PCT7202	ED	850	227	0	0	4	223	36	187
PCT7202	MV	850	431	0	0	10	421	103	318
PCT7203	ED	921	291	1	1	7	282	46	236
PCT7203	MV	921	423	0	0	14	409	58	351
PCT7204	ED	918	233	0	0	4	229	43	186
PCT7204	MV	918	531	0	0	8	523	82	441
PCT7205	ED	875	251	0	0	15	236	35	201
PCT7205	MV	875	485	0	0	13	472	102	370
PCT7206	ED	378	135	0	0	8	127	11	116
PCT7206	MV	378	191	0	0	10	181	25	156
PCT7207	ED	812	196	0	0	12	184	26	158
PCT7207	MV	812	434	0	0	19	415	52	363
PCT7208	ED	600	111	0	0	5	106	10	96
PCT7208	MV	600	328	0	0	13	315	52	263
PCT7209	ED	626	107	0	0	4	103	14	89
PCT7209	MV	626	423	0	2	12	409	70	339
PCT7301	ED	1016	228	0	0	15	213	41	172
PCT7301	MV	1016	435	0	0	28	407	69	338
PCT7302	ED	814	188	0	0	12	176	34	142
PCT7302	MV	814	458	0	0	33	425	77	348
PCT7303	ED	1042	281	0	0	15	266	41	225
PCT7303	MV	1042	482	0	0	21	461	71	390
PCT7304	ED	1002	278	0	0	13	265	36	229
PCT7304	MV	1002	493	0	0	20	473	83	390
PCT7305	ED	871	240	0	0	8	232	47	185
PCT7305	MV	871	460	0	0	21	439	96	343
PCT7306	ED	1056	317	0	0	20	297	44	253
PCT7306	MV	1056	498	0	0	21	477	76	401
PCT7307	ED	767	210	0	0	15	195	17	178
PCT7307	MV	767	346	0	0	17	329	48	281
PCT7308	ED	603	177	0	0	3	174	29	145
PCT7308	MV	603	313	0	0	9	304	49	255
PCT7309	ED	884	263	0	0	6	257	38	219
PCT7309	MV	884	439	0	1	11	427	79	348
PCT7311	ED	917	268	0	0	10	258	27	231
PCT7311	MV	917	448	0	1	12	435	57	378
PCT7312	ED	821	203	0	0	7	196	36	160
PCT7312	MV	821	470	0	0	19	451	89	362
PCT7313	ED	968	225	1	0	8	216	26	190
PCT7313	MV	968	485	0	0	24	461	77	384
PCT7314	ED	787	125	0	0	14	111	19	92
PCT7314	MV	787	271	0	0	44	227	34	193
PCT7315	ED	760	220	0	0	11	209	30	179
PCT7315	MV	760	282	0	0	12	270	41	229
PCT7316	ED	853	205	0	1	8	196	21	175
PCT7316	MV	853	367	0	0	23	344	60	284
PCT7317	ED	904	189	0	0	8	181	24	157
PCT7317	MV	904	454	0	0	20	434	88	346
PCT7318	ED	727	179	0	0	8	171	23	148
PCT7318	MV	727	390	0	1	30	359	49	310
PCT7319	ED	1079	301	0	1	13	287	34	253
PCT7319	MV	1079	516	0	0	22	494	79	415
PCT7321	ED	671	149	0	0	17	132	21	111
PCT7321	MV	671	286	0	0	22	264	46	218
PCT7322	ED	874	65	0	0	8	57	11	46
PCT7322	MV	874	337	0	0	56	281	50	231
PCT7323	ED	950	234	0	0	12	222	40	182
PCT7323	MV	950	455	0	0	19	436	66	370
PCT7324	ED	755	190	0	0	9	181	22	159
PCT7324	MV	755	364	0	1	17	346	41	305
PCT7325	ED	904	243	0	0	12	231	33	198
PCT7325	MV	904	436	0	0	22	414	44	370
PCT7326	ED	876	200	0	0	10	190	15	175
PCT7326	MV	876	430	0	0	34	396	76	320
PCT7327	ED	699	71	0	0	11	60	7	53
PCT7327	MV	699	276	0	0	34	242	61	181
PCT7328	ED	973	94	0	0	14	80	17	63
PCT7328	MV	973	394	0	1	63	330	59	271
PCT7329	ED	640	112	0	0	9	103	15	88
PCT7329	MV	640	321	0	0	22	299	72	227
PCT7331	ED	852	213	0	0	5	208	58	150
PCT7331	MV	852	461	0	0	19	442	107	335
PCT7332	ED	834	225	0	0	14	211	28	183
PCT7332	MV	834	364	0	1	18	345	52	293
PCT7333	ED	1044	298	0	0	13	285	32	253
PCT7333	MV	1044	543	0	0	26	517	76	441
PCT7334	ED	881	199	0	0	10	189	26	163
PCT7334	MV	881	462	0	0	21	441	54	387
PCT7335	ED	970	225	0	0	6	219	28	191
PCT7335	MV	970	523	0	0	21	502	97	405
PCT7336	ED	955	238	0	0	14	224	41	183
PCT7336	MV	955	523	0	0	15	508	102	406
PCT7337	ED	851	179	0	0	6	173	31	142
PCT7337	MV	851	464	0	0	21	443	101	342
PCT7338	ED	915	153	0	0	10	143	20	123
PCT7338	MV	915	426	0	0	50	376	76	300
PCT7339	ED	669	174	0	0	10	164	20	144
PCT7339	MV	669	309	0	0	14	295	39	256
PCT7341	ED	908	260	0	0	17	243	28	215
PCT7341	MV	908	401	0	0	21	380	44	336
PCT7342	ED	947	334	0	0	15	319	37	282
PCT7342	MV	947	414	0	0	15	399	57	342
PCT7343	ED	731	234	0	0	11	223	19	204
PCT7343	MV	731	316	0	0	13	303	26	277
PCT7344	ED	1110	291	0	0	16	275	45	230
PCT7344	MV	1110	538	0	0	20	518	69	449
PCT7345	ED	1141	329	1	0	13	315	36	279
PCT7345	MV	1141	521	0	0	14	507	69	438
PCT7346	ED	920	250	0	0	15	235	18	217
PCT7346	MV	920	384	0	0	18	366	44	322
PCT7347	ED	1040	241	0	0	10	231	21	210
PCT7347	MV	1040	480	0	1	20	459	37	422
PCT7348	ED	861	210	0	0	4	206	33	173
PCT7348	MV	861	353	0	1	13	339	41	298
PCT7349	ED	957	248	0	0	9	239	36	203
PCT7349	MV	957	427	0	0	25	402	59	343
PCT7501	ED	565	172	0	0	5	167	19	148
PCT7501	MV	565	308	0	0	10	298	41	257
PCT7502	ED	784	180	1	0	9	170	27	143
PCT7502	MV	784	447	0	2	13	432	62	370
PCT7503	ED	764	208	0	0	10	198	27	171
PCT7503	MV	764	388	0	0	10	378	52	326
PCT7504	ED	503	112	0	0	6	106	17	89
PCT7504	MV	503	222	0	0	4	218	26	192
PCT7505	ED	869	158	0	0	7	151	20	131
PCT7505	MV	869	532	0	0	25	507	73	434
PCT7506	ED	999	226	0	0	5	221	22	199
PCT7506	MV	999	473	0	0	11	462	64	398
PCT7507	ED	955	211	0	0	13	198	26	172
PCT7507	MV	955	344	0	0	15	329	30	299
PCT7508	ED	727	154	0	0	8	146	21	125
PCT7508	MV	727	427	0	0	17	410	51	359
PCT7509	ED	932	235	2	0	11	222	23	199
PCT7509	MV	932	470	1	0	11	458	50	408
PCT7512	ED	612	150	0	0	13	137	36	101
PCT7512	MV	612	283	0	1	14	268	61	207
PCT7513	ED	818	225	0	1	17	207	23	184
PCT7513	MV	818	315	0	1	15	299	48	251
PCT7514	ED	874	140	0	0	7	133	9	124
PCT7514	MV	874	305	0	0	20	285	29	256
PCT7515	ED	869	212	0	0	14	198	18	180
PCT7515	MV	869	389	0	0	15	374	41	333
PCT7516	ED	922	172	0	1	6	165	17	148
PCT7516	MV	922	538	0	0	16	522	70	452
PCT7517	ED	863	289	0	0	12	277	19	258
PCT7517	MV	863	410	0	0	20	390	19	371
PCT7518	ED	950	309	0	0	12	297	20	277
PCT7518	MV	950	480	0	0	17	463	26	437
PCT7519	ED	737	224	0	0	9	215	18	197
PCT7519	MV	737	355	0	0	12	343	23	320
PCT7521	ED	812	292	0	0	15	277	19	258
PCT7521	MV	812	354	0	0	14	340	13	327
PCT7522	ED	764	207	0	0	7	200	11	189
PCT7522	MV	764	397	0	0	15	382	14	368
PCT7523	ED	747	275	0	0	13	262	25	237
PCT7523	MV	747	359	0	0	10	349	28	321
PCT7524	ED	615	181	0	0	12	169	7	162
PCT7524	MV	615	262	0	0	8	254	19	235
PCT7525	ED	800	205	0	0	17	188	9	179
PCT7525	MV	800	341	0	0	9	332	21	311
PCT7526	ED	1011	292	0	1	11	280	19	261
PCT7526	MV	1011	552	0	0	14	538	27	511
PCT7527	ED	725	211	0	1	12	198	27	171
PCT7527	MV	725	339	0	1	17	321	32	289
PCT7529	ED	948	295	0	0	13	282	19	263
PCT7529	MV	948	486	0	0	19	467	19	448
PCT7531	ED	865	228	0	0	11	217	15	202
PCT7531	MV	865	442	0	0	15	427	18	409
PCT7532	ED	852	246	0	0	17	229	24	205
PCT7532	MV	852	398	0	0	15	383	41	342
PCT7533	ED	1015	357	0	0	19	338	21	317
PCT7533	MV	1015	490	0	0	21	469	39	430
PCT7534	ED	936	322	0	0	17	305	20	285
PCT7534	MV	936	415	0	0	16	399	29	370
PCT7535	ED	767	262	0	0	17	245	14	231
PCT7535	MV	767	387	0	1	19	367	22	345
PCT7536	ED	863	291	0	0	16	275	10	265
PCT7536	MV	863	421	0	0	11	410	24	386
PCT7537	ED	752	240	0	0	10	230	21	209
PCT7537	MV	752	363	0	0	13	350	22	328
PCT7538	ED	771	246	0	0	10	236	14	222
PCT7538	MV	771	400	0	0	11	389	20	369
PCT7539	ED	922	330	0	0	19	311	19	292
PCT7539	MV	922	428	0	0	23	405	19	386
PCT7541	ED	805	248	0	0	7	241	10	231
PCT7541	MV	805	400	0	0	20	380	19	361
PCT7542	ED	821	272	0	0	18	254	15	239
PCT7542	MV	821	389	0	0	16	373	16	357
PCT7543	ED	909	216	0	0	9	207	4	203
PCT7543	MV	909	467	0	0	14	453	24	429
PCT7544	ED	898	258	0	0	15	243	23	220
PCT7544	MV	898	479	0	0	22	457	18	439
PCT7545	ED	918	273	0	0	16	257	20	237
PCT7545	MV	918	480	0	0	24	456	46	410
PCT7546	ED	982	304	0	0	15	289	23	266
PCT7546	MV	982	517	0	0	24	493	23	470
PCT7547	ED	1029	315	0	0	18	297	17	280
PCT7547	MV	1029	505	0	0	30	475	24	451
PCT7548	ED	1073	319	1	0	17	301	17	284
PCT7548	MV	1073	512	0	0	16	496	31	465
PCT7549	ED	811	215	0	0	12	203	21	182
PCT7549	MV	811	431	0	0	14	417	36	381
PCT7551	ED	741	239	0	0	13	226	15	211
PCT7551	MV	741	394	0	1	15	378	19	359
PCT7552	ED	727	241	0	0	4	237	13	224
PCT7552	MV	727	361	0	0	11	350	21	329
PCT7553	MV	180	126	0	0	4	122	14	108
PCT7554	ED	808	247	0	0	8	239	21	218
PCT7554	MV	808	442	0	0	17	425	34	391
PCT7555	ED	886	290	0	0	7	283	16	267
PCT7555	MV	886	459	0	0	11	448	29	419
PCT7556	ED	969	275	0	0	6	269	37	232
PCT7556	MV	969	573	0	0	12	561	35	526
PCT7601	ED	767	191	0	0	14	177	22	155
PCT7601	MV	767	290	0	0	17	273	33	240
PCT7602	ED	901	213	0	0	15	198	20	178
PCT7602	MV	901	379	0	0	19	360	34	326
PCT7603	ED	830	250	0	0	13	237	20	217
PCT7603	MV	830	376	0	0	20	356	33	323
PCT7604	ED	954	266	0	0	26	240	30	210
PCT7604	MV	954	352	0	0	12	340	40	300
PCT7605	ED	648	120	0	0	9	111	13	98
PCT7605	MV	648	203	0	2	13	188	27	161
PCT7606	ED	924	205	0	0	22	183	25	158
PCT7606	MV	924	330	0	1	16	313	47	266
PCT7607	ED	960	215	0	0	21	194	23	171
PCT7607	MV	960	407	0	0	23	384	52	332
PCT7608	ED	392	70	0	0	4	66	14	52
PCT7608	MV	392	136	0	0	16	120	29	91
PCT7609	ED	926	120	0	1	17	102	18	84
PCT7609	MV	926	352	0	0	46	306	43	263
PCT7611	ED	755	126	0	0	10	116	18	98
PCT7611	MV	755	269	0	0	36	233	30	203
PCT7612	ED	583	97	0	1	7	89	17	72
PCT7612	MV	583	265	0	0	27	238	39	199
PCT7613	ED	908	204	0	0	15	189	17	172
PCT7613	MV	908	340	0	0	21	319	52	267
PCT7614	ED	1029	223	0	1	21	201	26	175
PCT7614	MV	1029	375	0	1	18	356	48	308
PCT7615	ED	762	162	0	0	20	142	26	116
PCT7615	MV	762	237	0	1	24	212	29	183
PCT7616	ED	1203	324	0	0	13	311	39	272
PCT7616	MV	1203	686	0	0	16	670	68	602
PCT7617	ED	768	102	0	0	12	90	9	81
PCT7617	MV	768	261	0	0	19	242	39	203
PCT7618	ED	862	168	0	0	14	154	14	140
PCT7618	MV	862	407	0	0	15	392	42	350
PCT7619	ED	1063	219	0	0	16	203	29	174
PCT7619	MV	1063	563	0	1	30	532	50	482
PCT7621	ED	1320	287	0	0	16	271	32	239
PCT7621	MV	1320	668	0	0	37	631	76	555
PCT7622	ED	988	170	0	0	15	155	16	139
PCT7622	MV	988	301	0	0	21	280	35	245
PCT7623	ED	746	184	0	0	22	162	16	146
PCT7623	MV	746	297	0	0	21	276	30	246
PCT7624	ED	859	142	0	0	12	130	21	109
PCT7624	MV	859	290	0	1	14	275	34	241
PCT7625	ED	822	66	0	0	6	60	14	46
PCT7625	MV	822	475	0	0	66	409	95	314
PCT7626	ED	1114	227	0	0	14	213	23	190
PCT7626	MV	1114	612	0	0	31	581	71	510
PCT7627	ED	1187	267	0	0	16	251	42	209
PCT7627	MV	1187	582	0	0	22	560	125	435
PCT7628	ED	960	241	0	0	12	229	28	201
PCT7628	MV	960	428	0	1	14	413	25	388
PCT7629	ED	809	208	0	0	17	191	19	172
PCT7629	MV	809	343	0	0	13	330	36	294
PCT7631	ED	1155	270	0	1	17	252	36	216
PCT7631	MV	1155	577	0	0	23	554	64	490
PCT7632	ED	1124	289	0	0	20	269	32	237
PCT7632	MV	1124	561	0	0	21	540	46	494
PCT7633	ED	741	137	0	0	8	129	17	112
PCT7633	MV	741	392	0	0	29	363	49	314
PCT7634	ED	900	195	0	0	17	178	31	147
PCT7634	MV	900	421	0	0	23	398	58	340
PCT7635	ED	840	158	0	0	9	149	25	124
PCT7635	MV	840	382	0	0	19	363	36	327
PCT7636	ED	938	251	0	0	11	240	34	206
PCT7636	MV	938	465	0	0	14	451	55	396
PCT7637	ED	809	193	0	0	5	188	40	148
PCT7637	MV	809	404	0	0	14	390	55	335
PCT7638	ED	1467	295	0	0	13	282	50	232
PCT7638	MV	1467	871	1	0	27	843	156	687
PCT7639	ED	1011	242	0	0	9	233	40	193
PCT7639	MV	1011	559	0	0	15	544	72	472
PCT7641	ED	972	205	0	0	9	196	40	156
PCT7641	MV	972	549	0	0	22	527	102	425
PCT7642	ED	937	153	0	0	2	151	15	136
PCT7642	MV	937	394	0	1	9	384	42	342
PCT7643	ED	920	169	0	0	10	159	19	140
PCT7643	MV	920	507	0	0	23	484	64	420
PCT7644	ED	1175	330	0	0	16	314	29	285
PCT7644	MV	1175	554	0	0	18	536	53	483
PCT7645	ED	640	120	0	0	6	114	24	90
PCT7645	MV	640	377	0	0	11	366	68	298
PCT7646	ED	1100	267	0	0	13	254	24	230
PCT7646	MV	1100	592	0	0	19	573	59	514
PCT7647	ED	1075	205	0	0	16	189	22	167
PCT7647	MV	1075	283	0	0	11	272	26	246
PCT7648	MV	1	0	0	0	0	0	0	0
PCT7649	ED	891	178	0	0	6	172	19	153
PCT7649	MV	891	395	0	0	27	368	48	320
PCT7651	ED	677	166	1	0	12	153	24	129
PCT7651	MV	677	351	0	0	10	341	40	301
PCT7652	ED	628	135	0	0	3	132	21	111
PCT7652	MV	628	301	0	1	12	288	31	257
PCT7653	ED	1280	300	0	0	11	289	31	258
PCT7653	MV	1280	673	0	0	24	649	75	574
PCT7701	ED	1064	296	0	0	13	283	35	248
PCT7701	MV	1064	597	0	0	24	573	68	505
PCT7702	ED	748	180	0	0	11	169	24	145
PCT7702	MV	748	415	0	0	11	404	68	336
PCT7703	MV	171	79	0	1	4	74	7	67
PCT7704	ED	1008	257	0	0	15	242	41	201
PCT7704	MV	1008	557	0	0	15	542	97	445
PCT7705	ED	568	149	0	0	6	143	18	125
PCT7705	MV	568	335	0	0	7	328	63	265
PCT7706	ED	840	252	0	0	5	247	39	208
PCT7706	MV	840	467	0	1	13	453	83	370
PCT7707	ED	857	241	1	0	4	236	34	202
PCT7707	MV	857	495	0	0	20	475	57	418
PCT7708	ED	871	205	0	0	6	199	22	177
PCT7708	MV	871	540	0	0	18	522	69	453
PCT7709	ED	391	102	0	0	6	96	19	77
PCT7709	MV	391	222	0	0	9	213	30	183
PCT7711	ED	766	198	0	0	9	189	22	167
PCT7711	MV	766	422	0	0	17	405	44	361
PCT7712	ED	529	149	0	0	1	148	16	132
PCT7712	MV	529	296	0	0	7	289	31	258
PCT7801	ED	1001	264	1	0	6	257	23	234
PCT7801	MV	1001	596	0	2	13	581	59	522
PCT7802	ED	788	230	0	0	13	217	12	205
PCT7802	MV	788	458	0	0	16	442	39	403
PCT7803	ED	828	174	0	0	4	170	13	157
PCT7803	MV	828	552	0	0	16	536	44	492
PCT7804	ED	893	257	0	0	12	245	10	235
PCT7804	MV	893	533	0	0	10	523	35	488
PCT7805	ED	825	228	0	0	10	218	3	215
PCT7805	MV	825	484	0	0	9	475	28	447
PCT7806	ED	716	208	2	0	6	200	12	188
PCT7806	MV	716	407	0	0	19	388	27	361
PCT7807	ED	844	276	0	0	8	268	11	257
PCT7807	MV	844	417	0	0	14	403	19	384
PCT7808	ED	655	211	0	0	9	202	9	193
PCT7808	MV	655	333	0	0	17	316	12	304
PCT7809	ED	781	238	0	0	9	229	9	220
PCT7809	MV	781	405	0	0	14	391	18	373
PCT7811	ED	783	249	0	0	9	240	20	220
PCT7811	MV	783	404	0	0	11	393	26	367
PCT7812	ED	877	257	0	0	15	242	29	213
PCT7812	MV	877	454	0	0	18	436	19	417
PCT7813	ED	1064	308	1	1	8	298	16	282
PCT7813	MV	1064	585	0	0	17	568	34	534
PCT7814	ED	936	228	0	0	18	210	21	189
PCT7814	MV	936	341	0	1	11	329	23	306
PCT7815	ED	954	238	0	0	5	233	19	214
PCT7815	MV	954	573	0	0	22	551	30	521
PCT7816	ED	865	236	0	0	4	232	12	220
PCT7816	MV	865	531	1	0	21	509	20	489
PCT7817	ED	823	277	0	0	19	258	19	239
PCT7817	MV	823	439	0	0	13	426	17	409
PCT7818	ED	860	234	0	0	6	228	13	215
PCT7818	MV	860	452	2	0	24	426	19	407
PCT7819	ED	793	191	0	0	6	185	23	162
PCT7819	MV	793	420	0	0	17	403	28	375
PCT7821	ED	985	248	0	0	14	234	16	218
PCT7821	MV	985	630	0	0	22	608	45	563
PCT7822	ED	908	275	0	0	16	259	21	238
PCT7822	MV	908	480	0	0	13	467	32	435
PCT7823	ED	879	270	6	0	7	257	8	249
PCT7823	MV	879	501	0	0	14	487	32	455
PCT7824	ED	768	247	0	0	13	234	8	226
PCT7824	MV	768	383	0	0	18	365	27	338
PCT7825	ED	597	191	0	0	8	183	13	170
PCT7825	MV	597	302	0	0	10	292	16	276
PCT7826	ED	684	258	0	0	8	250	16	234
PCT7826	MV	684	319	0	0	14	305	18	287
PCT7827	ED	831	261	0	0	17	244	11	233
PCT7827	MV	831	361	0	0	16	345	25	320
PCT7828	ED	1018	261	0	0	12	249	21	228
PCT7828	MV	1018	549	0	0	13	536	40	496
PCT7829	ED	907	237	1	0	8	228	19	209
PCT7829	MV	907	557	0	0	13	544	47	497
PCT7831	ED	882	233	0	0	4	229	12	217
PCT7831	MV	882	544	0	0	19	525	29	496
PCT7832	ED	780	188	0	0	9	179	14	165
PCT7832	MV	780	488	0	0	17	471	27	444
PCT7833	ED	747	230	0	0	10	220	12	208
PCT7833	MV	747	412	0	0	14	398	22	376
PCT7834	ED	867	277	0	0	15	262	21	241
PCT7834	MV	867	439	0	0	22	417	12	405
PCT7835	ED	847	211	0	0	8	203	23	180
PCT7835	MV	847	505	1	1	14	489	45	444
PCT7836	ED	1023	260	0	0	9	251	29	222
PCT7836	MV	1023	623	0	0	20	603	65	538
PCT7837	ED	911	260	0	1	5	254	19	235
PCT7837	MV	911	509	2	0	13	494	40	454
PCT7838	ED	926	239	0	0	11	228	15	213
PCT7838	MV	926	546	0	0	25	521	39	482
PCT7839	ED	842	205	0	0	15	190	12	178
PCT7839	MV	842	515	0	0	10	505	42	463
PCT7841	ED	937	291	0	1	16	274	10	264
PCT7841	MV	937	526	0	0	14	512	34	478
PCT7842	ED	903	283	0	0	17	266	12	254
PCT7842	MV	903	434	0	0	17	417	35	382
PCT7843	ED	767	232	0	0	12	220	13	207
PCT7843	MV	767	380	0	0	13	367	23	344
PCT7844	ED	663	196	0	0	12	184	13	171
PCT7844	MV	663	329	0	0	19	310	27	283
PCT7845	ED	849	241	0	0	7	234	27	207
PCT7845	MV	849	469	0	0	5	464	27	437
PCT7846	ED	904	262	0	0	9	253	28	225
PCT7846	MV	904	509	0	0	19	490	48	442
PCT7847	ED	929	261	0	0	14	247	29	218
PCT7847	MV	929	529	0	0	16	513	31	482
PCT7848	ED	834	233	0	0	12	221	23	198
PCT7848	MV	834	491	0	0	10	481	35	446
PCT7849	ED	929	264	0	0	11	253	10	243
PCT7849	MV	929	522	0	1	13	508	34	474
PCT7851	ED	513	136	0	0	9	127	16	111
PCT7851	MV	513	298	0	0	17	281	34	247
PCT7852	ED	647	143	0	0	3	140	22	118
PCT7852	MV	647	394	0	0	20	374	48	326
PCT7853	ED	850	214	0	0	9	205	20	185
PCT7853	MV	850	479	0	0	15	464	35	429
PCT7854	ED	894	248	0	0	7	241	24	217
PCT7854	MV	894	500	0	0	14	486	42	444
PCT7855	ED	986	301	0	0	8	293	19	274
PCT7855	MV	986	522	0	0	22	500	48	452
PCT7856	ED	800	265	0	0	5	260	13	247
PCT7856	MV	800	425	0	0	17	408	31	377
PCT7857	ED	933	276	0	0	15	261	16	245
PCT7857	MV	933	517	0	0	22	495	44	451
PCT7858	ED	775	245	0	0	16	229	21	208
PCT7858	MV	775	394	0	0	26	368	18	350
PCT7859	ED	891	250	0	0	9	241	20	221
PCT7859	MV	891	513	0	0	12	501	42	459
PCT7861	ED	859	217	0	0	8	209	19	190
PCT7861	MV	859	510	0	0	26	484	49	435
PCT7862	ED	866	302	0	0	10	292	24	268
PCT7862	MV	866	472	0	1	13	458	40	418
PCT7863	ED	907	311	0	0	20	291	27	264
PCT7863	MV	907	440	0	0	16	424	28	396
PCT7864	ED	807	232	0	0	8	224	13	211
PCT7864	MV	807	427	0	0	13	414	38	376
PCT7865	ED	823	241	0	0	13	228	16	212
PCT7865	MV	823	463	0	0	21	442	39	403
PCT7866	ED	836	209	0	0	5	204	29	175
PCT7866	MV	836	491	0	0	18	473	80	393
PCT7867	ED	955	266	0	1	8	257	23	234
PCT7867	MV	955	512	0	0	15	497	53	444
PCT7868	ED	881	242	0	1	11	230	12	218
PCT7868	MV	881	449	1	1	13	434	51	383
PCT7869	ED	867	239	0	0	7	232	18	214
PCT7869	MV	867	489	0	0	16	473	40	433
PCT7871	ED	900	259	0	0	14	245	22	223
PCT7871	MV	900	502	2	0	18	482	39	443
PCT7872	ED	862	288	0	0	7	281	15	266
PCT7872	MV	862	472	0	0	18	454	34	420
PCT7873	ED	861	257	0	0	9	248	18	230
PCT7873	MV	861	502	0	0	12	490	25	465
PCT7874	ED	477	137	0	0	4	133	14	119
PCT7874	MV	477	256	1	1	10	244	19	225
PCT7875	ED	623	180	0	0	11	169	13	156
PCT7875	MV	623	285	0	1	11	273	31	242
PCT7876	ED	498	154	10	0	9	135	12	123
PCT7876	MV	498	269	0	0	15	254	11	243
PCT7901	ED	522	136	0	1	11	124	7	117
PCT7901	MV	522	198	0	0	11	187	16	171
PCT7902	ED	968	258	0	0	19	239	28	211
PCT7902	MV	968	401	0	0	17	384	27	357
PCT7903	ED	840	201	0	0	14	187	15	172
PCT7903	MV	840	350	0	0	22	328	29	299
PCT7904	ED	877	212	0	0	18	194	16	178
PCT7904	MV	877	403	0	0	22	381	35	346
PCT7905	ED	851	254	0	0	11	243	22	221
PCT7905	MV	851	409	1	0	10	398	35	363
PCT7906	ED	787	245	0	0	14	231	12	219
PCT7906	MV	787	335	0	0	11	324	13	311
PCT7907	ED	950	278	0	0	17	261	14	247
PCT7907	MV	950	425	0	0	27	398	19	379
PCT7908	ED	949	284	0	0	27	257	24	233
PCT7908	MV	949	408	0	1	29	378	39	339
PCT7909	ED	733	251	0	0	14	237	18	219
PCT7909	MV	733	303	0	0	14	289	17	272
PCT7911	ED	860	244	0	0	14	230	15	215
PCT7911	MV	860	395	0	1	14	380	23	357
PCT7912	ED	1065	291	0	0	26	265	17	248
PCT7912	MV	1065	463	0	0	25	438	25	413
PCT7913	ED	913	312	0	0	19	293	19	274
PCT7913	MV	913	378	0	1	20	357	25	332
PCT7914	ED	883	278	0	0	23	255	15	240
PCT7914	MV	883	425	0	0	26	399	24	375
PCT7915	ED	831	266	0	0	13	253	14	239
PCT7915	MV	831	351	0	0	20	331	23	308
PCT7916	ED	888	284	0	0	26	258	23	235
PCT7916	MV	888	421	0	0	16	405	25	380
PCT7917	ED	1015	315	0	0	22	293	23	270
PCT7917	MV	1015	428	0	0	20	408	28	380
PCT7918	ED	836	253	0	0	28	225	10	215
PCT7918	MV	836	379	0	0	28	351	17	334
PCT7919	ED	895	309	0	0	16	293	16	277
PCT7919	MV	895	376	0	0	19	357	30	327
PCT7921	ED	917	232	0	0	26	206	17	189
PCT7921	MV	917	366	0	0	21	345	41	304
PCT7922	ED	831	250	0	0	26	224	13	211
PCT7922	MV	831	383	0	0	21	362	20	342
PCT7923	ED	885	262	0	0	17	245	24	221
PCT7923	MV	885	403	0	0	19	384	31	353
PCT7924	ED	842	238	0	1	22	215	11	204
PCT7924	MV	842	382	0	0	17	365	36	329
PCT7925	ED	567	156	0	0	9	147	11	136
PCT7925	MV	567	293	0	0	16	277	19	258
PCT7926	ED	795	229	0	0	9	220	19	201
PCT7926	MV	795	390	0	0	20	370	18	352
PCT7927	ED	747	241	0	0	13	228	15	213
PCT7927	MV	747	392	0	0	13	379	21	358
PCT7928	ED	931	284	0	0	11	273	13	260
PCT7928	MV	931	489	0	0	22	467	31	436
PCT7929	ED	864	248	0	0	14	234	16	218
PCT7929	MV	864	509	1	0	15	493	24	469
PCT7931	ED	738	219	0	0	10	209	17	192
PCT7931	MV	738	408	0	0	11	397	27	370
PCT7932	ED	551	157	1	0	9	147	12	135
PCT7932	MV	551	285	0	0	12	273	21	252
PCT7933	MV	6	4	0	0	0	4	0	4
PCT7934	ED	890	250	0	0	19	231	16	215
PCT7934	MV	890	472	0	0	20	452	25	427
PCT7935	ED	970	305	0	0	17	288	20	268
PCT7935	MV	970	519	0	0	24	495	32	463
PCT7936	ED	856	287	0	1	19	267	15	252
PCT7936	MV	856	428	0	0	19	409	27	382
PCT7937	ED	886	267	0	0	19	248	10	238
PCT7937	MV	886	435	0	0	14	421	30	391
PCT7938	ED	788	213	0	0	17	196	13	183
PCT7938	MV	788	337	0	0	21	316	21	295
PCT7939	ED	688	254	0	0	8	246	14	232
PCT7939	MV	688	326	0	0	14	312	15	297
PCT7941	ED	751	218	0	0	7	211	14	197
PCT7941	MV	751	348	0	1	11	336	18	318
PCT7942	ED	914	259	1	1	10	247	22	225
PCT7942	MV	914	412	0	1	31	380	33	347
PCT7943	ED	872	258	4	0	14	240	25	215
PCT7943	MV	872	439	0	0	26	413	63	350
PCT7944	ED	801	243	0	0	21	222	8	214
PCT7944	MV	801	381	0	0	6	375	31	344
PCT7945	ED	915	186	0	0	10	176	12	164
PCT7945	MV	915	414	0	0	19	395	42	353
PCT7946	ED	945	183	0	0	10	173	25	148
PCT7946	MV	945	451	0	0	25	426	74	352
PCT7947	ED	946	182	0	0	15	167	22	145
PCT7947	MV	946	430	0	0	34	396	70	326
PCT7948	ED	928	210	0	0	13	197	22	175
PCT7948	MV	928	422	0	0	22	400	77	323
PCT7949	ED	569	100	0	0	6	94	26	68
PCT7949	MV	569	292	0	1	19	272	70	202
PCT7951	ED	854	166	0	0	15	151	20	131
PCT7951	MV	854	425	0	0	22	403	105	298
PCT7952	ED	866	167	0	0	14	153	39	114
PCT7952	MV	866	359	0	0	24	335	58	277
PCT7953	ED	824	186	2	0	13	171	20	151
PCT7953	MV	824	402	0	0	13	389	78	311
PCT7955	ED	902	199	0	0	10	189	38	151
PCT7955	MV	902	435	0	0	23	412	97	315
PCT7956	ED	823	136	0	0	12	124	24	100
PCT7956	MV	823	353	0	1	24	328	70	258
PCT7957	ED	646	147	0	0	7	140	16	124
PCT7957	MV	646	298	0	0	16	282	37	245
PCT7958	MV	290	141	0	0	9	132	26	106
PCT7959	ED	727	160	0	0	13	147	9	138
PCT7959	MV	727	326	0	0	24	302	23	279
PCT9101	ED	888	260	0	0	7	253	42	211
PCT9101	MV	888	438	0	0	23	415	80	335
PCT9102	ED	985	257	0	0	11	246	50	196
PCT9102	MV	985	471	0	0	20	451	81	370
PCT9103	ED	954	273	0	0	10	263	48	215
PCT9103	MV	954	431	0	0	17	414	75	339
PCT9104	ED	988	239	0	0	18	221	32	189
PCT9104	MV	988	465	0	0	15	450	87	363
PCT9105	ED	919	247	0	0	14	233	37	196
PCT9105	MV	919	488	0	0	23	465	71	394
PCT9106	ED	937	268	1	1	9	257	40	217
PCT9106	MV	937	497	0	0	31	466	69	397
PCT9107	ED	849	219	0	0	8	211	33	178
PCT9107	MV	849	372	0	0	17	355	60	295
PCT9108	ED	790	247	0	0	13	234	24	210
PCT9108	MV	790	373	1	0	11	361	54	307
PCT9109	ED	884	263	0	0	16	247	43	204
PCT9109	MV	884	428	0	1	20	407	48	359
PCT9111	ED	779	229	0	0	9	220	30	190
PCT9111	MV	779	346	0	0	22	324	51	273
PCT9112	ED	976	284	0	0	11	273	39	234
PCT9112	MV	976	467	0	0	20	447	51	396
PCT9113	ED	999	311	0	0	14	297	44	253
PCT9113	MV	999	505	0	0	15	490	68	422
PCT9114	ED	877	263	0	0	14	249	30	219
PCT9114	MV	877	405	0	0	16	389	55	334
PCT9115	ED	911	258	0	0	13	245	30	215
PCT9115	MV	911	429	0	0	26	403	45	358
PCT9116	ED	944	281	1	0	7	273	39	234
PCT9116	MV	944	473	0	0	19	454	57	397
PCT9117	ED	783	222	0	0	3	219	36	183
PCT9117	MV	783	398	0	0	13	385	68	317
PCT9118	ED	974	286	0	0	11	275	43	232
PCT9118	MV	974	426	0	0	24	402	67	335
PCT9119	ED	891	237	0	0	15	222	31	191
PCT9119	MV	891	447	0	0	20	427	91	336
PCT9121	ED	930	256	0	0	15	241	44	197
PCT9121	MV	930	434	0	0	20	414	70	344
PCT9122	ED	953	210	0	0	12	198	27	171
PCT9122	MV	953	454	0	0	18	436	91	345
PCT9123	ED	858	232	0	0	7	225	47	178
PCT9123	MV	858	418	0	0	13	405	95	310
PCT9124	ED	874	202	0	0	8	194	30	164
PCT9124	MV	874	438	0	0	29	409	90	319
PCT9125	ED	861	210	0	0	12	198	19	179
PCT9125	MV	861	437	0	0	13	424	64	360
PCT9126	ED	1015	245	0	0	15	230	39	191
PCT9126	MV	1015	533	0	0	28	505	109	396
PCT9127	ED	960	269	0	0	16	253	40	213
PCT9127	MV	960	498	0	0	14	484	78	406
PCT9128	ED	828	248	0	0	10	238	27	211
PCT9128	MV	828	412	0	0	14	398	69	329
PCT9129	ED	741	243	0	0	17	226	34	192
PCT9129	MV	741	348	0	0	11	337	41	296
PCT9131	ED	759	193	0	0	13	180	22	158
PCT9131	MV	759	403	0	0	20	383	69	314
PCT9132	ED	837	248	0	0	10	238	28	210
PCT9132	MV	837	371	0	0	17	354	43	311
PCT9133	ED	1021	271	0	1	18	252	26	226
PCT9133	MV	1021	503	0	0	18	485	68	417
PCT9134	ED	893	210	0	1	11	198	21	177
PCT9134	MV	893	469	0	1	26	442	66	376
PCT9135	ED	808	215	0	0	13	202	45	157
PCT9135	MV	808	389	0	0	18	371	89	282
PCT9136	ED	929	253	0	0	17	236	28	208
PCT9136	MV	929	439	0	0	13	426	67	359
PCT9137	ED	1006	260	0	0	12	248	53	195
PCT9137	MV	1006	467	0	0	32	435	71	364
PCT9138	ED	943	226	1	0	13	212	30	182
PCT9138	MV	943	477	1	1	21	454	84	370
PCT9139	ED	975	243	0	0	7	236	48	188
PCT9139	MV	975	510	0	0	25	485	125	360
PCT9141	ED	953	252	0	0	14	238	39	199
PCT9141	MV	953	477	0	0	23	454	85	369
PCT9142	ED	966	276	0	0	11	265	34	231
PCT9142	MV	966	459	0	0	19	440	50	390
PCT9143	ED	920	251	0	0	11	240	30	210
PCT9143	MV	920	463	0	0	20	443	99	344
PCT9144	ED	962	293	0	0	10	283	37	246
PCT9144	MV	962	482	0	0	21	461	86	375
PCT9145	ED	861	249	1	0	11	237	40	197
PCT9145	MV	861	423	0	0	18	405	65	340
PCT9146	ED	885	245	0	0	16	229	31	198
PCT9146	MV	885	464	0	0	22	442	58	384
PCT9147	ED	971	281	0	0	23	258	28	230
PCT9147	MV	971	492	0	0	19	473	69	404
PCT9148	ED	1034	325	0	0	10	315	47	268
PCT9148	MV	1034	513	0	0	14	499	57	442
PCT9149	ED	948	264	0	0	6	258	27	231
PCT9149	MV	948	478	0	0	16	462	62	400
PCT9151	ED	872	227	0	0	9	218	30	188
PCT9151	MV	872	418	0	0	13	405	48	357
PCT9152	ED	721	270	0	0	13	257	24	233
PCT9152	MV	721	279	0	0	9	270	39	231
PCT9201	ED	1004	300	0	0	7	293	40	253
PCT9201	MV	1004	475	0	0	18	457	55	402
PCT9202	ED	971	294	0	0	8	286	40	246
PCT9202	MV	971	426	0	0	7	419	55	364
PCT9203	ED	1002	239	0	0	6	233	70	163
PCT9203	MV	1002	536	0	0	13	523	150	373
PCT9204	ED	873	273	0	0	11	262	76	186
PCT9204	MV	873	393	0	0	12	381	111	270
PCT9205	ED	728	208	0	0	8	200	45	155
PCT9205	MV	728	376	0	0	8	368	57	311
PCT9206	ED	931	249	0	0	4	245	82	163
PCT9206	MV	931	479	0	0	15	464	136	328
PCT9207	ED	981	262	0	1	7	254	66	188
PCT9207	MV	981	502	0	0	21	481	110	371
PCT9208	ED	1002	287	0	0	11	276	56	220
PCT9208	MV	1002	491	0	1	16	474	104	370
PCT9209	ED	711	245	0	0	6	239	55	184
PCT9209	MV	711	327	0	0	8	319	72	247
PCT9211	ED	889	234	0	0	12	222	41	181
PCT9211	MV	889	432	0	0	9	423	87	336
PCT9212	ED	803	234	0	0	6	228	44	184
PCT9212	MV	803	400	0	0	6	394	74	320
PCT9213	ED	951	264	0	0	12	252	52	200
PCT9213	MV	951	508	0	0	17	491	86	405
PCT9214	ED	640	166	0	0	6	160	41	119
PCT9214	MV	640	334	0	0	11	323	78	245
PCT9215	ED	652	194	0	0	7	187	50	137
PCT9215	MV	652	327	0	0	13	314	59	255
PCT9216	ED	845	246	0	0	7	239	46	193
PCT9216	MV	845	379	0	0	11	368	81	287
PCT9217	ED	698	194	0	0	4	190	44	146
PCT9217	MV	698	349	0	0	11	338	81	257
PCT9218	ED	841	249	0	0	6	243	47	196
PCT9218	MV	841	412	0	0	17	395	95	300
PCT9219	ED	802	242	0	0	12	230	35	195
PCT9219	MV	802	399	0	0	8	391	70	321
PCT9221	ED	651	145	0	0	2	143	37	106
PCT9221	MV	651	399	0	0	17	382	115	267
PCT9222	ED	883	249	0	0	17	232	46	186
PCT9222	MV	883	449	0	1	8	440	104	336
PCT9223	ED	638	160	0	0	7	153	32	121
PCT9223	MV	638	338	0	0	9	329	73	256
PCT9224	ED	960	263	0	0	7	256	70	186
PCT9224	MV	960	506	0	0	18	488	111	377
PCT9225	ED	958	299	0	0	11	288	66	222
PCT9225	MV	958	469	0	0	15	454	86	368
PCT9226	ED	926	271	0	0	15	256	65	191
PCT9226	MV	926	486	0	0	13	473	98	375
PCT9227	ED	738	188	0	0	7	181	42	139
PCT9227	MV	738	404	0	0	12	392	86	306
PCT9228	ED	747	189	0	0	12	177	37	140
PCT9228	MV	747	424	0	0	11	413	100	313
PCT9229	ED	598	162	0	0	5	157	29	128
PCT9229	MV	598	316	0	0	11	305	58	247
PCT9231	ED	953	313	0	0	11	302	30	272
PCT9231	MV	953	488	0	0	20	468	62	406
PCT9232	ED	735	212	0	0	6	206	41	165
PCT9232	MV	735	396	0	0	13	383	64	319
PCT9233	ED	793	209	0	0	3	206	38	168
PCT9233	MV	793	434	0	0	12	422	109	313
PCT9234	ED	746	187	0	0	4	183	37	146
PCT9234	MV	746	438	0	0	12	426	94	332
PCT9235	ED	884	239	0	0	6	233	42	191
PCT9235	MV	884	488	0	0	13	475	115	360
PCT9236	ED	683	201	0	0	4	197	40	157
PCT9236	MV	683	358	0	0	11	347	53	294
PCT9237	ED	936	229	0	0	7	222	42	180
PCT9237	MV	936	539	0	0	10	529	86	443
PCT9238	ED	842	230	0	0	11	219	51	168
PCT9238	MV	842	456	0	0	19	437	109	328
PCT9239	ED	881	200	0	0	7	193	37	156
PCT9239	MV	881	499	0	0	17	482	91	391
PCT9241	ED	1005	255	0	0	13	242	44	198
PCT9241	MV	1005	578	0	1	12	565	95	470
PCT9242	ED	972	277	0	0	10	267	59	208
PCT9242	MV	972	513	0	0	11	502	93	409
PCT9243	ED	594	193	0	1	7	185	28	157
PCT9243	MV	594	307	0	0	11	296	35	261
PCT9244	ED	903	255	0	0	4	251	37	214
PCT9244	MV	903	485	0	0	18	467	50	417
PCT9245	ED	742	209	0	0	4	205	28	177
PCT9245	MV	742	375	0	0	11	364	42	322
PCT9246	ED	929	257	0	0	11	246	36	210
PCT9246	MV	929	528	0	0	11	517	81	436
PCT9247	ED	927	264	0	0	5	259	50	209
PCT9247	MV	927	515	0	0	13	502	88	414
PCT9248	ED	907	258	0	0	8	250	36	214
PCT9248	MV	907	487	0	1	10	476	58	418
PCT9249	ED	917	271	0	0	8	263	34	229
PCT9249	MV	917	495	0	0	13	482	80	402
PCT9251	ED	995	287	0	0	11	276	39	237
PCT9251	MV	995	530	0	0	10	520	84	436
PCT9252	ED	944	219	0	0	4	215	37	178
PCT9252	MV	944	550	0	1	13	536	94	442
PCT9253	ED	772	187	0	0	13	174	33	141
PCT9253	MV	772	397	0	0	12	385	64	321
PCT9254	ED	935	230	0	0	10	220	25	195
PCT9254	MV	935	538	0	0	16	522	66	456
PCT9255	ED	553	183	0	0	10	173	20	153
PCT9255	MV	553	263	0	0	7	256	23	233
PCT9256	ED	474	130	0	0	6	124	12	112
PCT9256	MV	474	233	0	0	8	225	21	204
PCT9257	MV	321	235	0	0	9	226	14	212
PCT9258	ED	712	193	0	0	5	188	19	169
PCT9258	MV	712	373	0	0	8	365	53	312
PCT9401	ED	1012	293	0	0	14	279	19	260
PCT9401	MV	1012	484	0	1	22	461	58	403
PCT9402	ED	977	290	0	0	16	274	28	246
PCT9402	MV	977	458	0	0	20	438	59	379
PCT9403	ED	897	240	0	0	13	227	27	200
PCT9403	MV	897	419	0	0	18	401	71	330
PCT9404	ED	930	200	0	0	13	187	24	163
PCT9404	MV	930	462	0	0	19	443	88	355
PCT9405	ED	786	210	0	0	8	202	45	157
PCT9405	MV	786	364	0	0	16	348	62	286
PCT9406	ED	868	244	0	1	15	228	46	182
PCT9406	MV	868	421	0	1	22	398	62	336
PCT9407	ED	889	253	0	0	15	238	37	201
PCT9407	MV	889	409	0	0	19	390	74	316
PCT9408	ED	886	265	0	0	16	249	34	215
PCT9408	MV	886	415	0	0	24	391	46	345
PCT9409	ED	590	201	0	0	10	191	13	178
PCT9409	MV	590	252	0	0	14	238	37	201
PCT9411	ED	956	271	0	0	15	256	23	233
PCT9411	MV	956	431	0	0	27	404	48	356
PCT9412	ED	848	245	0	0	14	231	30	201
PCT9412	MV	848	380	0	1	27	352	59	293
PCT9413	ED	894	229	0	0	16	213	30	183
PCT9413	MV	894	461	0	0	19	442	85	357
PCT9414	ED	916	216	0	0	12	204	38	166
PCT9414	MV	916	463	0	0	16	447	79	368
PCT9415	ED	784	187	0	0	11	176	33	143
PCT9415	MV	784	392	0	0	26	366	81	285
PCT9416	ED	1008	282	1	0	17	264	36	228
PCT9416	MV	1008	480	1	0	20	459	68	391
PCT9417	ED	752	175	0	0	15	160	27	133
PCT9417	MV	752	402	0	0	24	378	84	294
PCT9418	ED	790	211	0	0	11	200	44	156
PCT9418	MV	790	376	0	0	17	359	89	270
PCT9419	ED	924	222	0	1	16	205	49	156
PCT9419	MV	924	468	0	0	24	444	116	328
PCT9421	ED	906	238	0	0	19	219	46	173
PCT9421	MV	906	446	0	0	33	413	99	314
PCT9422	ED	1056	283	0	0	17	266	57	209
PCT9422	MV	1056	513	0	0	23	490	116	374
PCT9423	ED	889	219	0	0	9	210	34	176
PCT9423	MV	889	440	0	0	20	420	51	369
PCT9424	ED	952	224	0	0	14	210	40	170
PCT9424	MV	952	496	0	0	23	473	97	376
PCT9425	ED	933	199	0	0	17	182	35	147
PCT9425	MV	933	465	0	1	33	431	104	327
PCT9426	ED	823	198	0	0	16	182	33	149
PCT9426	MV	823	408	0	0	35	373	96	277
PCT9427	ED	948	210	0	0	15	195	43	152
PCT9427	MV	948	447	0	0	23	424	120	304
PCT9428	ED	961	183	0	0	12	171	34	137
PCT9428	MV	961	518	0	0	24	494	114	380
PCT9429	ED	899	228	1	0	18	209	50	159
PCT9429	MV	899	432	0	0	21	411	87	324
PCT9431	ED	973	235	0	0	18	217	36	181
PCT9431	MV	973	464	0	0	15	449	106	343
PCT9432	ED	945	214	0	0	15	199	30	169
PCT9432	MV	945	468	0	0	36	432	73	359
PCT9433	ED	945	195	0	0	10	185	43	142
PCT9433	MV	945	487	0	0	25	462	103	359
PCT9434	ED	979	261	0	0	17	244	35	209
PCT9434	MV	979	481	1	0	28	452	79	373
PCT9435	ED	969	251	0	1	15	235	46	189
PCT9435	MV	969	448	0	0	28	420	78	342
PCT9436	ED	1006	232	0	0	10	222	42	180
PCT9436	MV	1006	495	0	0	25	470	113	357
PCT9437	ED	897	219	0	0	20	199	32	167
PCT9437	MV	897	435	0	0	19	416	105	311
PCT9438	ED	948	202	0	0	18	184	40	144
PCT9438	MV	948	496	0	0	16	480	101	379
PCT9439	ED	879	173	0	0	8	165	31	134
PCT9439	MV	879	425	0	0	33	392	88	304
PCT9441	ED	980	261	0	0	23	238	35	203
PCT9441	MV	980	462	0	0	22	440	95	345
PCT9442	ED	1008	280	0	0	12	268	48	220
PCT9442	MV	1008	461	0	0	29	432	93	339
PCT9443	ED	937	220	1	0	10	209	36	173
PCT9443	MV	937	442	0	0	22	420	77	343
PCT9444	ED	937	190	1	0	10	179	40	139
PCT9444	MV	937	442	0	1	18	423	107	316
PCT9445	ED	981	230	0	0	14	216	43	173
PCT9445	MV	981	493	0	1	27	465	90	375
PCT9446	ED	1090	240	0	0	12	228	34	194
PCT9446	MV	1090	564	0	0	24	540	145	395
PCT9447	ED	906	236	0	0	12	224	35	189
PCT9447	MV	906	448	0	0	14	434	79	355
PCT9448	ED	909	232	0	0	16	216	38	178
PCT9448	MV	909	429	0	0	22	407	82	325
PCT9449	ED	830	177	2	0	9	166	27	139
PCT9449	MV	830	428	0	0	18	410	91	319
PCT9451	ED	420	97	0	0	4	93	18	75
PCT9451	MV	420	218	0	1	9	208	61	147
PCT9452	ED	840	259	0	0	17	242	55	187
PCT9452	MV	840	412	0	0	26	386	102	284
PCT9501	MV	148	110	0	0	5	105	17	88
PCT9502	MV	245	177	0	0	1	176	15	161
PCT9503	ED	729	198	0	0	3	195	17	178
PCT9503	MV	729	315	0	0	10	305	28	277
PCT9505	ED	784	177	0	0	5	172	13	159
PCT9505	MV	784	383	0	0	8	375	41	334
PCT9506	ED	766	177	0	0	4	173	14	159
PCT9506	MV	766	313	0	0	15	298	24	274
PCT9507	ED	766	231	0	0	11	220	5	215
PCT9507	MV	766	406	0	0	18	388	24	364
PCT9508	ED	798	237	0	0	10	227	8	219
PCT9508	MV	798	429	0	0	16	413	19	394
PCT9509	ED	759	230	0	0	7	223	15	208
PCT9509	MV	759	386	0	0	12	374	27	347
PCT9511	ED	622	190	0	1	5	184	21	163
PCT9511	MV	622	296	0	0	10	286	29	257
PCT9512	ED	809	240	0	0	13	227	15	212
PCT9512	MV	809	399	0	1	16	382	32	350
PCT9513	ED	902	275	0	0	14	261	19	242
PCT9513	MV	902	390	0	0	14	376	23	353
PCT9514	ED	928	304	0	0	17	287	23	264
PCT9514	MV	928	456	0	0	13	443	34	409
PCT9515	ED	705	222	0	0	7	215	19	196
PCT9515	MV	705	368	0	0	17	351	41	310
PCT9516	ED	866	254	0	0	14	240	37	203
PCT9516	MV	866	427	0	0	28	399	53	346
PCT9517	ED	801	228	0	0	18	210	17	193
PCT9517	MV	801	397	0	0	22	375	27	348
PCT9518	ED	802	229	0	0	5	224	16	208
PCT9518	MV	802	431	0	0	15	416	44	372
PCT9519	ED	910	262	0	0	8	254	25	229
PCT9519	MV	910	486	0	0	17	469	38	431
PCT9521	ED	939	316	0	0	11	305	30	275
PCT9521	MV	939	442	0	0	8	434	32	402
PCT9701	ED	671	201	0	0	12	189	18	171
PCT9701	MV	671	340	0	0	22	318	55	263
PCT9702	ED	723	210	0	0	8	202	14	188
PCT9702	MV	723	364	0	0	11	353	41	312
PCT9703	ED	986	232	0	0	12	220	40	180
PCT9703	MV	986	530	0	0	23	507	93	414
PCT9704	ED	950	279	0	1	9	269	34	235
PCT9704	MV	950	505	0	0	24	481	79	402
PCT9705	ED	919	261	3	0	10	248	28	220
PCT9705	MV	919	483	0	0	17	466	40	426
PCT9706	MV	49	39	0	0	2	37	4	33
PCT9707	ED	821	173	0	0	9	164	42	122
PCT9707	MV	821	491	0	0	20	471	99	372
PCT9708	ED	948	250	0	0	6	244	33	211
PCT9708	MV	948	500	0	0	19	481	47	434
PCT9709	ED	1028	281	7	0	9	265	47	218
PCT9709	MV	1028	517	0	0	23	494	91	403
PCT9711	ED	641	195	0	0	6	189	30	159
PCT9711	MV	641	336	0	0	8	328	56	272
PCT9713	ED	960	225	1	0	10	214	39	175
PCT9713	MV	960	489	0	0	19	470	110	360
PCT9716	ED	947	239	0	0	18	221	43	178
PCT9716	MV	947	481	0	0	26	455	86	369
PCT9717	ED	972	265	0	0	17	248	52	196
PCT9717	MV	972	532	0	0	18	514	93	421
PCT9732	MV	70	56	0	1	0	55	11	44
CONG12	TO	443570	332491	87	107	15225	317072	41780	275292
ASSM17	TO	291063	214827	62	80	10224	204461	22495	181966
ASSM19	TO	152507	117664	25	27	5001	112611	19285	93326
BART7	TO	38460	24736	3	6	1138	23589	3040	20549
BART8	TO	173681	130812	31	34	5950	124797	22453	102344
BART9	TO	231429	176943	53	67	8137	168686	16287	152399
SUPV1	TO	42767	32743	7	6	1463	31267	4939	26328
SUPV2	TO	50394	40402	1	10	1244	39147	7354	31793
SUPV3	TO	39799	28571	2	10	1534	27025	4192	22833
SUPV4	TO	42453	31320	8	10	1719	29583	5717	23866
SUPV5	TO	53744	42036	5	13	1707	40311	3318	36993
SUPV6	TO	43321	29158	2	14	1611	27531	3625	23906
SUPV7	TO	18498	14932	12	4	581	14335	2212	12123
SUPV8	TO	57714	48347	31	14	1786	46516	3488	43028
SUPV9	TO	42988	31769	10	11	1787	29961	2767	27194
SUPV10	TO	41589	26313	9	9	1403	24892	3096	21796
SUPV11	TO	10303	6900	0	6	390	6504	1072	5432
NEIG1	TO	19914	11270	1	3	637	10629	1315	9314
NEIG2	TO	17446	12440	1	6	699	11734	1837	9897
NEIG3	TO	28644	19045	1	12	1159	17873	2485	15388
NEIG4	TO	7002	5802	3	3	204	5592	593	4999
NEIG5	TO	10303	6900	0	6	390	6504	1072	5432
NEIG6	TO	14982	12240	2	4	502	11732	766	10966
NEIG8	TO	9734	7857	0	0	332	7525	741	6784
NEIG10	TO	10097	8010	0	3	266	7741	986	6755
NEIG11	TO	40622	32395	5	11	1002	31377	5953	25424
NEIG12	TO	31129	23295	3	7	1313	21972	1580	20392
NEIG13	TO	16964	14420	3	5	509	13903	1141	12762
NEIG14	TO	8795	7263	2	1	335	6925	439	6486
NEIG15	TO	7019	5232	0	0	258	4974	850	4124
NEIG26	TO	9293	6104	2	3	362	5737	1075	4662
NEIG16	TO	16814	13081	3	2	535	12541	1212	11329
NEIG17	TO	37322	28503	5	3	1279	27216	4397	22819
NEIG18	TO	8050	6587	1	1	235	6350	1201	5149
NEIG19	TO	9419	7393	6	5	320	7062	558	6504
NEIG20	TO	24674	17045	2	6	866	16171	2235	13936
NEIG21	TO	41863	30867	8	10	1695	29154	5667	23487
NEIG22	TO	18966	16190	12	3	551	15624	997	14627
NEIG23	TO	7866	4342	3	2	309	4028	809	3219
NEIG24	TO	16575	13372	12	4	520	12836	2037	10799
NEIG25	TO	30077	22838	12	7	947	21872	1834	20038
