area_id	subtotal_type	RSReg	RSCst	RSRej	RSOvr	RSUnd	RSTot	046:Yes	047:No
ALLPCTS	TO	500516	372461	940	239	23994	347288	252907	94381
ALLPCTS	ED	500516	127556	135	73	8221	119127	89647	29480
ALLPCTS	MV	500516	244905	805	166	15773	228161	163260	64901
PCT1101	ED	553	125	0	0	13	112	86	26
PCT1101	MV	553	266	1	0	16	249	181	68
PCT1102	ED	995	266	0	0	15	251	174	77
PCT1102	MV	995	480	-1	1	37	443	306	137
PCT1103	ED	951	246	1	1	15	229	177	52
PCT1103	MV	951	445	0	0	27	418	303	115
PCT1104	ED	993	249	0	0	16	233	178	55
PCT1104	MV	993	414	-2	0	23	393	300	93
PCT1106	ED	765	191	-1	0	10	182	122	60
PCT1106	MV	765	343	1	0	23	319	208	111
PCT1107	ED	746	163	1	1	10	151	119	32
PCT1107	MV	746	336	3	0	33	300	183	117
PCT1108	ED	909	232	-1	1	24	208	160	48
PCT1108	MV	909	437	-1	0	33	405	286	119
PCT1109	ED	798	166	0	0	16	150	112	38
PCT1109	MV	798	365	1	0	18	346	240	106
PCT1111	ED	1002	205	0	0	19	186	147	39
PCT1111	MV	1002	460	-1	0	35	426	302	124
PCT1112	ED	769	151	0	0	8	143	110	33
PCT1112	MV	769	344	0	0	32	312	228	84
PCT1113	ED	746	134	2	0	6	126	89	37
PCT1113	MV	746	359	0	0	19	340	228	112
PCT1114	ED	957	226	0	0	30	196	156	40
PCT1114	MV	957	403	2	0	25	376	270	106
PCT1115	ED	895	173	1	0	12	160	129	31
PCT1115	MV	895	371	-2	0	19	354	237	117
PCT1116	ED	895	224	0	0	27	197	167	30
PCT1116	MV	895	376	2	0	30	344	247	97
PCT1117	ED	858	184	1	0	17	166	131	35
PCT1117	MV	858	357	1	1	21	334	242	92
PCT1118	ED	1043	213	-2	1	10	204	151	53
PCT1118	MV	1043	475	-3	0	25	453	319	134
PCT1119	ED	791	165	0	0	7	158	126	32
PCT1119	MV	791	386	1	0	30	355	269	86
PCT1121	ED	691	159	0	0	12	147	95	52
PCT1121	MV	691	313	4	0	21	288	204	84
PCT1122	ED	632	109	0	0	7	102	76	26
PCT1122	MV	632	310	0	1	20	289	186	103
PCT1123	ED	915	179	0	0	13	166	131	35
PCT1123	MV	915	364	0	0	46	318	215	103
PCT1124	ED	819	152	-1	0	12	141	115	26
PCT1124	MV	819	302	-2	1	17	286	198	88
PCT1125	ED	1047	159	1	0	10	148	122	26
PCT1125	MV	1047	466	-3	0	42	427	296	131
PCT1126	ED	922	190	0	0	20	170	129	41
PCT1126	MV	922	400	-1	0	16	385	290	95
PCT1127	ED	920	200	0	0	14	186	146	40
PCT1127	MV	920	382	0	0	27	355	246	109
PCT1128	ED	838	154	0	0	12	142	98	44
PCT1128	MV	838	362	0	0	31	331	242	89
PCT1129	ED	980	227	1	0	19	207	162	45
PCT1129	MV	980	416	5	0	27	384	269	115
PCT1131	ED	797	132	0	0	7	125	97	28
PCT1131	MV	797	371	-1	0	27	345	215	130
PCT1132	ED	969	179	2	0	13	164	128	36
PCT1132	MV	969	427	0	0	37	390	263	127
PCT1133	ED	863	161	1	0	15	145	103	42
PCT1133	MV	863	410	0	1	32	377	266	111
PCT1134	ED	759	170	2	0	15	153	119	34
PCT1134	MV	759	317	-1	0	16	302	198	104
PCT1135	ED	540	87	1	0	5	81	51	30
PCT1135	MV	540	295	0	0	23	272	166	106
PCT1136	ED	829	144	0	0	11	133	90	43
PCT1136	MV	829	412	1	0	33	378	257	121
PCT1141	ED	1041	223	0	0	14	209	157	52
PCT1141	MV	1041	484	0	0	23	461	325	136
PCT1142	ED	861	175	0	0	13	162	131	31
PCT1142	MV	861	393	0	0	25	368	240	128
PCT1143	ED	1034	228	1	0	10	217	184	33
PCT1143	MV	1034	440	4	0	33	403	302	101
PCT1144	ED	907	205	1	0	11	193	139	54
PCT1144	MV	907	387	-1	1	29	358	234	124
PCT1145	ED	888	189	0	0	15	174	143	31
PCT1145	MV	888	461	0	2	30	429	296	133
PCT1146	ED	1011	186	0	0	5	181	151	30
PCT1146	MV	1011	454	2	2	28	422	295	127
PCT1147	ED	877	210	1	0	13	196	146	50
PCT1147	MV	877	396	1	0	29	366	255	111
PCT1148	ED	962	196	0	0	16	180	136	44
PCT1148	MV	962	444	0	2	26	416	266	150
PCT1149	ED	907	210	2	1	14	193	145	48
PCT1149	MV	907	407	-8	0	30	385	283	102
PCT1152	ED	864	198	0	0	20	178	133	45
PCT1152	MV	864	388	0	0	23	365	264	101
PCT1153	ED	951	209	0	2	19	188	141	47
PCT1153	MV	951	415	-1	1	31	384	266	118
PCT7001	ED	776	175	2	0	11	162	132	30
PCT7001	MV	776	429	3	0	19	407	291	116
PCT7002	ED	706	176	0	0	11	165	137	28
PCT7002	MV	706	332	-3	0	18	317	226	91
PCT7003	ED	884	238	0	0	16	222	158	64
PCT7003	MV	884	498	5	0	17	476	354	122
PCT7004	ED	881	239	1	0	12	226	163	63
PCT7004	MV	881	496	1	0	27	468	338	130
PCT7005	ED	847	253	0	0	16	237	179	58
PCT7005	MV	847	480	-1	1	24	456	335	121
PCT7006	ED	917	254	1	0	14	239	187	52
PCT7006	MV	917	442	1	0	27	414	321	93
PCT7007	ED	949	282	0	0	10	272	222	50
PCT7007	MV	949	516	2	0	31	483	358	125
PCT7008	ED	932	264	1	0	3	260	209	51
PCT7008	MV	932	546	5	0	31	510	360	150
PCT7009	ED	905	185	0	0	14	171	132	39
PCT7009	MV	905	513	1	0	19	493	353	140
PCT7011	ED	985	203	0	0	15	188	145	43
PCT7011	MV	985	294	0	1	15	278	209	69
PCT7012	ED	1109	313	0	0	10	303	220	83
PCT7012	MV	1109	594	4	0	30	560	416	144
PCT7013	ED	956	265	0	0	13	252	191	61
PCT7013	MV	956	501	4	0	29	468	359	109
PCT7014	ED	1460	366	0	0	20	346	260	86
PCT7014	MV	1460	801	3	1	43	754	556	198
PCT7015	MV	95	44	0	0	2	42	33	9
PCT7016	ED	918	171	0	0	11	160	132	28
PCT7016	MV	918	280	0	1	21	258	179	79
PCT7017	ED	754	149	0	0	14	135	115	20
PCT7017	MV	754	252	2	0	12	238	186	52
PCT7018	ED	977	154	0	0	19	135	109	26
PCT7018	MV	977	448	-1	0	39	410	280	130
PCT7019	ED	899	182	0	0	12	170	145	25
PCT7019	MV	899	413	0	0	35	378	266	112
PCT7021	ED	947	184	1	0	14	169	136	33
PCT7021	MV	947	305	0	1	18	286	228	58
PCT7022	ED	945	214	0	1	18	195	166	29
PCT7022	MV	945	351	0	1	28	322	240	82
PCT7023	ED	928	177	-1	0	11	167	138	29
PCT7023	MV	928	400	0	0	28	372	309	63
PCT7024	ED	414	70	0	0	5	65	57	8
PCT7024	MV	414	78	0	0	5	73	60	13
PCT7025	ED	477	85	0	0	9	76	60	16
PCT7025	MV	477	128	-1	0	10	119	89	30
PCT7026	ED	1011	149	0	0	11	138	100	38
PCT7026	MV	1011	455	1	2	27	425	271	154
PCT7027	ED	869	195	0	0	26	169	132	37
PCT7027	MV	869	353	-1	0	31	323	219	104
PCT7028	ED	850	212	-1	1	17	195	165	30
PCT7028	MV	850	282	0	0	20	262	212	50
PCT7029	ED	901	183	1	0	16	166	143	23
PCT7029	MV	901	251	1	0	15	235	196	39
PCT7030	ED	759	118	0	0	3	115	76	39
PCT7030	MV	759	357	0	0	28	329	208	121
PCT7031	ED	641	91	0	0	9	82	62	20
PCT7031	MV	641	308	-2	0	25	285	206	79
PCT7032	ED	904	173	-1	0	15	159	129	30
PCT7032	MV	904	316	2	0	31	283	211	72
PCT7033	ED	798	191	3	0	11	177	124	53
PCT7033	MV	798	247	-1	2	15	231	181	50
PCT7034	ED	958	197	0	0	20	177	146	31
PCT7034	MV	958	201	2	0	8	191	159	32
PCT7035	ED	606	122	0	0	14	108	83	25
PCT7035	MV	606	262	0	1	13	248	191	57
PCT7036	ED	921	117	0	0	6	111	84	27
PCT7036	MV	921	342	2	0	19	321	233	88
PCT7037	ED	735	134	-4	0	13	125	110	15
PCT7037	MV	735	98	-1	0	12	87	71	16
PCT7038	ED	911	135	0	0	15	120	92	28
PCT7038	MV	911	351	-2	0	26	327	224	103
PCT7039	ED	784	178	0	0	13	165	120	45
PCT7039	MV	784	306	3	0	19	284	198	86
PCT7041	MV	61	33	0	0	0	33	25	8
PCT7042	ED	639	118	0	0	9	109	80	29
PCT7042	MV	639	258	-1	0	14	245	174	71
PCT7043	ED	957	175	0	0	9	166	135	31
PCT7043	MV	957	404	0	0	20	384	284	100
PCT7044	ED	827	167	1	0	18	148	120	28
PCT7044	MV	827	193	-1	0	18	176	125	51
PCT7045	ED	779	120	0	0	16	104	79	25
PCT7045	MV	779	344	3	0	25	316	208	108
PCT7046	ED	402	94	0	0	7	87	61	26
PCT7046	MV	402	175	3	0	11	161	103	58
PCT7047	ED	823	119	0	0	10	109	87	22
PCT7047	MV	823	388	1	0	30	357	237	120
PCT7048	ED	858	150	4	0	13	133	109	24
PCT7048	MV	858	318	1	0	27	290	211	79
PCT7049	ED	792	172	-1	0	15	158	116	42
PCT7049	MV	792	305	2	1	15	287	182	105
PCT7051	ED	861	114	1	0	17	96	79	17
PCT7051	MV	861	380	1	0	35	344	213	131
PCT7052	ED	852	161	1	0	6	154	120	34
PCT7052	MV	852	402	0	0	40	362	258	104
PCT7053	ED	548	102	1	0	9	92	69	23
PCT7053	MV	548	278	0	0	16	262	174	88
PCT7054	ED	1073	214	1	1	12	200	162	38
PCT7054	MV	1073	410	3	0	20	387	297	90
PCT7055	ED	808	188	0	0	11	177	137	40
PCT7055	MV	808	440	0	0	16	424	291	133
PCT7101	MV	155	120	1	0	10	109	86	23
PCT7201	ED	936	245	1	0	17	227	168	59
PCT7201	MV	936	518	2	0	33	483	330	153
PCT7202	ED	850	225	-1	0	13	213	168	45
PCT7202	MV	850	431	4	1	29	397	267	130
PCT7203	ED	921	289	3	0	14	272	211	61
PCT7203	MV	921	423	-1	0	23	401	294	107
PCT7204	ED	918	233	0	0	21	212	145	67
PCT7204	MV	918	531	3	0	30	498	346	152
PCT7205	ED	875	249	1	1	21	226	166	60
PCT7205	MV	875	485	0	0	19	466	327	139
PCT7206	ED	378	134	1	0	5	128	99	29
PCT7206	MV	378	191	2	0	9	180	125	55
PCT7207	ED	812	194	-2	0	14	182	146	36
PCT7207	MV	812	433	5	0	30	398	289	109
PCT7208	ED	600	111	-1	0	7	105	81	24
PCT7208	MV	600	328	-1	0	27	302	209	93
PCT7209	ED	626	107	0	0	2	105	85	20
PCT7209	MV	626	423	2	0	36	385	259	126
PCT7301	ED	1016	228	0	0	22	206	159	47
PCT7301	MV	1016	435	1	0	39	395	293	102
PCT7302	ED	814	188	0	0	19	169	118	51
PCT7302	MV	814	458	2	1	41	414	286	128
PCT7303	ED	1042	280	0	0	12	268	196	72
PCT7303	MV	1042	482	2	0	39	441	329	112
PCT7304	ED	1002	278	0	0	18	260	197	63
PCT7304	MV	1002	493	1	1	34	457	321	136
PCT7305	ED	871	239	0	0	12	227	157	70
PCT7305	MV	871	459	0	1	21	437	274	163
PCT7306	ED	1056	317	0	0	20	297	221	76
PCT7306	MV	1056	496	0	0	27	469	311	158
PCT7307	ED	767	209	0	0	7	202	157	45
PCT7307	MV	767	345	2	0	33	310	219	91
PCT7308	ED	603	177	0	0	9	168	114	54
PCT7308	MV	603	313	4	0	21	288	202	86
PCT7309	ED	884	260	0	0	20	240	183	57
PCT7309	MV	884	439	4	1	34	400	282	118
PCT7311	ED	917	266	2	0	14	250	200	50
PCT7311	MV	917	448	-3	0	25	426	302	124
PCT7312	ED	821	203	0	0	13	190	142	48
PCT7312	MV	821	470	3	0	42	425	277	148
PCT7313	ED	968	224	1	0	18	205	149	56
PCT7313	MV	968	485	5	0	33	447	300	147
PCT7314	ED	787	125	0	0	19	106	78	28
PCT7314	MV	787	271	-2	0	64	209	161	48
PCT7315	ED	760	220	-2	0	19	203	149	54
PCT7315	MV	760	282	2	0	22	258	195	63
PCT7316	ED	853	205	0	0	26	179	142	37
PCT7316	MV	853	367	1	0	34	332	236	96
PCT7317	ED	904	189	0	0	16	173	125	48
PCT7317	MV	904	454	0	0	45	409	280	129
PCT7318	ED	727	179	0	1	13	165	120	45
PCT7318	MV	727	389	0	1	30	358	248	110
PCT7319	ED	1079	298	1	2	21	274	204	70
PCT7319	MV	1079	516	4	0	45	467	332	135
PCT7321	ED	671	149	0	0	8	141	96	45
PCT7321	MV	671	286	1	0	30	255	167	88
PCT7322	ED	874	64	0	0	11	53	41	12
PCT7322	MV	874	337	0	0	60	277	195	82
PCT7323	ED	950	234	0	1	19	214	152	62
PCT7323	MV	950	455	2	0	42	411	297	114
PCT7324	ED	755	189	1	0	14	174	131	43
PCT7324	MV	755	364	2	0	25	337	261	76
PCT7325	ED	904	240	0	0	22	218	163	55
PCT7325	MV	904	436	3	0	34	399	294	105
PCT7326	ED	876	199	0	0	19	180	143	37
PCT7326	MV	876	429	2	1	32	394	285	109
PCT7327	ED	699	71	0	0	11	60	49	11
PCT7327	MV	699	276	-1	0	49	228	146	82
PCT7328	ED	973	94	-2	0	20	76	53	23
PCT7328	MV	973	394	0	0	86	308	229	79
PCT7329	ED	640	112	0	0	11	101	63	38
PCT7329	MV	640	321	5	2	32	282	183	99
PCT7331	ED	852	213	-1	0	21	193	136	57
PCT7331	MV	852	461	3	0	38	420	280	140
PCT7332	ED	834	223	0	0	13	210	158	52
PCT7332	MV	834	364	1	1	26	336	263	73
PCT7333	ED	1044	295	0	0	15	280	202	78
PCT7333	MV	1044	543	5	1	37	500	370	130
PCT7334	ED	881	199	0	0	16	183	145	38
PCT7334	MV	881	462	5	0	31	426	308	118
PCT7335	ED	970	225	0	0	13	212	165	47
PCT7335	MV	970	523	3	0	39	481	335	146
PCT7336	ED	955	236	-1	0	15	222	162	60
PCT7336	MV	955	523	3	1	30	489	319	170
PCT7337	ED	851	178	0	0	13	165	114	51
PCT7337	MV	851	464	3	0	29	432	299	133
PCT7338	ED	915	153	1	0	18	134	94	40
PCT7338	MV	915	426	1	0	63	362	250	112
PCT7339	ED	669	174	0	0	8	166	124	42
PCT7339	MV	669	309	0	0	21	288	214	74
PCT7341	ED	908	260	0	0	18	242	189	53
PCT7341	MV	908	401	3	0	30	368	270	98
PCT7342	ED	947	333	-1	0	23	311	237	74
PCT7342	MV	947	414	1	0	25	388	278	110
PCT7343	ED	731	234	1	0	12	221	174	47
PCT7343	MV	731	316	6	1	20	289	223	66
PCT7344	ED	1110	287	1	1	16	269	212	57
PCT7344	MV	1110	538	-4	0	26	516	369	147
PCT7345	ED	1141	327	-1	0	18	310	247	63
PCT7345	MV	1141	521	3	1	27	490	382	108
PCT7346	ED	920	248	1	0	15	232	184	48
PCT7346	MV	920	384	-2	0	23	363	281	82
PCT7347	ED	1040	240	1	0	23	216	177	39
PCT7347	MV	1040	480	6	0	25	449	359	90
PCT7348	ED	861	210	1	0	13	196	149	47
PCT7348	MV	861	353	-1	1	26	327	241	86
PCT7349	ED	957	247	0	0	12	235	184	51
PCT7349	MV	957	427	3	0	33	391	280	111
PCT7501	ED	565	172	-1	0	9	164	134	30
PCT7501	MV	565	308	4	0	21	283	210	73
PCT7502	ED	784	180	1	0	9	170	120	50
PCT7502	MV	784	447	2	1	43	401	300	101
PCT7503	ED	764	207	1	0	20	186	140	46
PCT7503	MV	764	388	4	0	28	356	264	92
PCT7504	ED	503	112	0	0	12	100	76	24
PCT7504	MV	503	222	2	0	26	194	149	45
PCT7505	ED	869	158	2	0	11	145	113	32
PCT7505	MV	869	532	5	1	46	480	357	123
PCT7506	ED	999	224	0	1	13	210	175	35
PCT7506	MV	999	473	3	0	34	436	326	110
PCT7507	ED	955	210	0	1	13	196	153	43
PCT7507	MV	955	344	-2	0	26	320	261	59
PCT7508	ED	727	154	0	1	17	136	102	34
PCT7508	MV	727	427	3	0	43	381	290	91
PCT7509	ED	932	235	3	0	13	219	175	44
PCT7509	MV	932	470	4	1	39	426	334	92
PCT7512	ED	612	149	0	0	14	135	89	46
PCT7512	MV	612	283	-1	0	19	265	181	84
PCT7513	ED	818	225	0	0	25	200	158	42
PCT7513	MV	818	315	3	1	16	295	232	63
PCT7514	ED	874	140	0	0	18	122	101	21
PCT7514	MV	874	305	1	1	34	269	224	45
PCT7515	ED	869	211	0	0	17	194	160	34
PCT7515	MV	869	389	-1	0	23	367	269	98
PCT7516	ED	922	172	1	0	15	156	118	38
PCT7516	MV	922	538	-1	0	55	484	354	130
PCT7517	ED	863	289	0	0	18	271	218	53
PCT7517	MV	863	410	0	0	25	385	297	88
PCT7518	ED	950	309	0	0	13	296	244	52
PCT7518	MV	950	480	2	0	37	441	364	77
PCT7519	ED	737	224	0	0	9	215	166	49
PCT7519	MV	737	355	1	0	18	336	272	64
PCT7521	ED	812	291	6	0	26	259	211	48
PCT7521	MV	812	354	0	0	22	332	267	65
PCT7522	ED	764	207	0	0	12	195	159	36
PCT7522	MV	764	397	2	0	17	378	293	85
PCT7523	ED	747	275	-1	0	16	260	205	55
PCT7523	MV	747	359	3	0	7	349	270	79
PCT7524	ED	615	181	1	0	11	169	134	35
PCT7524	MV	615	262	3	1	14	244	194	50
PCT7525	ED	800	205	0	0	19	186	155	31
PCT7525	MV	800	341	-1	1	28	313	225	88
PCT7526	ED	1011	291	0	0	15	276	228	48
PCT7526	MV	1011	552	2	1	40	509	380	129
PCT7527	ED	725	208	0	0	11	197	158	39
PCT7527	MV	725	339	0	0	19	320	240	80
PCT7529	ED	948	294	-3	0	21	276	223	53
PCT7529	MV	948	486	1	0	26	459	370	89
PCT7531	ED	865	225	-1	0	10	216	177	39
PCT7531	MV	865	442	1	0	24	417	317	100
PCT7532	ED	852	246	3	0	15	228	171	57
PCT7532	MV	852	398	0	1	20	377	298	79
PCT7533	ED	1015	354	0	0	13	341	279	62
PCT7533	MV	1015	490	0	0	27	463	353	110
PCT7534	ED	936	322	0	0	19	303	239	64
PCT7534	MV	936	415	0	1	19	395	304	91
PCT7535	ED	767	261	2	2	11	246	197	49
PCT7535	MV	767	387	3	3	30	351	278	73
PCT7536	ED	863	291	-1	0	18	274	218	56
PCT7536	MV	863	421	0	0	21	400	301	99
PCT7537	ED	752	240	-1	0	12	229	197	32
PCT7537	MV	752	363	0	0	18	345	267	78
PCT7538	ED	771	246	0	0	21	225	182	43
PCT7538	MV	771	400	2	0	28	370	282	88
PCT7539	ED	922	330	0	0	19	311	243	68
PCT7539	MV	922	428	2	1	19	406	314	92
PCT7541	ED	805	245	0	0	15	230	192	38
PCT7541	MV	805	400	0	0	11	389	305	84
PCT7542	ED	821	270	0	0	11	259	214	45
PCT7542	MV	821	389	0	1	13	375	298	77
PCT7543	ED	909	215	0	0	20	195	159	36
PCT7543	MV	909	467	3	0	15	449	344	105
PCT7544	ED	898	256	0	1	13	242	180	62
PCT7544	MV	898	479	4	0	25	450	350	100
PCT7545	ED	918	273	0	0	17	256	202	54
PCT7545	MV	918	480	-1	1	32	448	318	130
PCT7546	ED	982	304	0	0	19	285	228	57
PCT7546	MV	982	517	5	0	28	484	374	110
PCT7547	ED	1029	314	0	0	14	300	255	45
PCT7547	MV	1029	505	2	2	29	472	375	97
PCT7548	ED	1073	317	1	0	19	297	239	58
PCT7548	MV	1073	512	1	0	23	488	382	106
PCT7549	ED	811	215	0	0	16	199	163	36
PCT7549	MV	811	431	-3	0	38	396	284	112
PCT7551	ED	741	239	0	0	7	232	173	59
PCT7551	MV	741	394	1	0	26	367	276	91
PCT7552	ED	727	241	1	0	17	223	167	56
PCT7552	MV	727	360	1	1	20	338	290	48
PCT7553	MV	180	126	1	1	7	117	86	31
PCT7554	ED	808	247	0	0	16	231	165	66
PCT7554	MV	808	442	4	0	31	407	290	117
PCT7555	ED	886	289	-6	0	17	278	227	51
PCT7555	MV	886	459	1	0	31	427	316	111
PCT7556	ED	969	275	1	0	9	265	181	84
PCT7556	MV	969	573	0	1	23	549	431	118
PCT7601	ED	767	190	0	0	18	172	132	40
PCT7601	MV	767	290	1	0	17	272	226	46
PCT7602	ED	901	210	0	1	20	189	160	29
PCT7602	MV	901	379	3	0	23	353	283	70
PCT7603	ED	830	249	0	0	15	234	191	43
PCT7603	MV	830	376	0	0	21	355	265	90
PCT7604	ED	954	265	0	0	22	243	182	61
PCT7604	MV	954	352	2	0	23	327	261	66
PCT7605	ED	648	120	0	0	14	106	87	19
PCT7605	MV	648	203	-1	0	24	180	144	36
PCT7606	ED	924	204	3	0	24	177	132	45
PCT7606	MV	924	330	1	0	22	307	238	69
PCT7607	ED	960	215	-1	0	26	190	156	34
PCT7607	MV	960	407	3	1	21	382	295	87
PCT7608	ED	392	70	0	0	11	59	43	16
PCT7608	MV	392	136	0	0	19	117	93	24
PCT7609	ED	926	120	-1	0	21	100	82	18
PCT7609	MV	926	352	5	0	58	289	236	53
PCT7611	ED	755	126	0	0	12	114	99	15
PCT7611	MV	755	269	2	0	40	227	176	51
PCT7612	ED	583	97	1	0	10	86	59	27
PCT7612	MV	583	265	0	0	27	238	170	68
PCT7613	ED	908	202	-1	0	26	177	150	27
PCT7613	MV	908	340	1	0	31	308	251	57
PCT7614	ED	1029	223	2	0	29	192	166	26
PCT7614	MV	1029	375	1	0	17	357	289	68
PCT7615	ED	762	162	2	0	32	128	100	28
PCT7615	MV	762	237	-2	0	29	210	175	35
PCT7616	ED	1203	322	0	1	27	294	234	60
PCT7616	MV	1203	686	0	1	35	650	501	149
PCT7617	ED	768	102	1	0	15	86	68	18
PCT7617	MV	768	261	0	1	29	231	186	45
PCT7618	ED	862	168	0	0	10	158	123	35
PCT7618	MV	862	407	4	0	14	389	292	97
PCT7619	ED	1063	219	0	1	11	207	162	45
PCT7619	MV	1063	563	-1	0	35	529	386	143
PCT7621	ED	1320	287	1	1	20	265	208	57
PCT7621	MV	1320	668	4	0	38	626	463	163
PCT7622	ED	988	170	0	0	18	152	132	20
PCT7622	MV	988	301	4	0	28	269	211	58
PCT7623	ED	746	182	0	1	19	162	133	29
PCT7623	MV	746	297	2	0	19	276	205	71
PCT7624	ED	859	142	0	0	11	131	103	28
PCT7624	MV	859	290	1	0	24	265	212	53
PCT7625	ED	822	66	0	0	10	56	41	15
PCT7625	MV	822	475	1	0	94	380	278	102
PCT7626	ED	1114	224	0	0	15	209	155	54
PCT7626	MV	1114	612	0	0	36	576	419	157
PCT7627	ED	1187	266	0	0	9	257	189	68
PCT7627	MV	1187	582	5	0	38	539	362	177
PCT7628	ED	960	239	0	0	12	227	185	42
PCT7628	MV	960	428	2	0	29	397	291	106
PCT7629	ED	809	208	1	0	9	198	158	40
PCT7629	MV	809	343	3	0	13	327	239	88
PCT7631	ED	1155	266	0	0	21	245	190	55
PCT7631	MV	1155	576	2	0	38	536	411	125
PCT7632	ED	1124	288	3	0	15	270	205	65
PCT7632	MV	1124	561	1	0	21	539	393	146
PCT7633	ED	741	137	0	0	11	126	94	32
PCT7633	MV	741	392	1	0	34	357	254	103
PCT7634	ED	900	194	0	0	18	176	130	46
PCT7634	MV	900	421	2	2	33	384	292	92
PCT7635	ED	840	157	0	0	9	148	107	41
PCT7635	MV	840	382	2	2	26	352	250	102
PCT7636	ED	938	246	1	1	14	230	167	63
PCT7636	MV	938	465	3	0	24	438	293	145
PCT7637	ED	809	193	-1	0	13	181	127	54
PCT7637	MV	809	404	1	0	15	388	257	131
PCT7638	ED	1467	294	0	0	26	268	186	82
PCT7638	MV	1467	871	10	0	48	813	503	310
PCT7639	ED	1011	241	0	1	15	225	155	70
PCT7639	MV	1011	559	1	0	31	527	351	176
PCT7641	ED	972	204	-1	0	17	188	134	54
PCT7641	MV	972	549	3	0	26	520	351	169
PCT7642	ED	937	152	0	0	11	141	110	31
PCT7642	MV	937	394	2	1	52	339	258	81
PCT7643	ED	920	168	0	0	18	150	112	38
PCT7643	MV	920	507	1	0	36	470	337	133
PCT7644	ED	1175	329	1	0	21	307	237	70
PCT7644	MV	1175	554	4	0	30	520	397	123
PCT7645	ED	640	120	-1	0	9	112	90	22
PCT7645	MV	640	377	2	0	34	341	229	112
PCT7646	ED	1100	262	0	0	8	254	200	54
PCT7646	MV	1100	591	4	0	26	561	418	143
PCT7647	ED	1075	205	-1	0	26	180	150	30
PCT7647	MV	1075	283	-1	0	17	267	203	64
PCT7648	MV	1	0	0	0	0	0	0	0
PCT7649	ED	891	175	1	0	10	164	131	33
PCT7649	MV	891	395	5	0	27	363	272	91
PCT7651	ED	677	165	1	0	12	152	104	48
PCT7651	MV	677	351	4	0	22	325	226	99
PCT7652	ED	628	135	0	0	10	125	84	41
PCT7652	MV	628	301	6	0	17	278	204	74
PCT7653	ED	1280	299	1	0	22	276	203	73
PCT7653	MV	1280	673	4	0	43	626	473	153
PCT7701	ED	1064	295	0	0	15	280	216	64
PCT7701	MV	1064	597	3	0	33	561	416	145
PCT7702	ED	748	179	-1	0	15	165	120	45
PCT7702	MV	748	415	3	0	27	385	255	130
PCT7703	MV	171	79	0	0	10	69	50	19
PCT7704	ED	1008	257	0	2	18	237	159	78
PCT7704	MV	1008	557	3	0	29	525	345	180
PCT7705	ED	568	149	-2	0	7	144	97	47
PCT7705	MV	568	335	0	0	21	314	205	109
PCT7706	ED	840	252	1	0	15	236	164	72
PCT7706	MV	840	467	4	0	27	436	287	149
PCT7707	ED	857	240	1	0	11	228	165	63
PCT7707	MV	857	495	1	0	33	461	332	129
PCT7708	ED	871	205	-1	0	10	196	142	54
PCT7708	MV	871	540	2	0	29	509	333	176
PCT7709	ED	391	102	0	0	3	99	73	26
PCT7709	MV	391	222	1	0	10	211	142	69
PCT7711	ED	766	197	-1	0	8	190	130	60
PCT7711	MV	766	422	-3	1	36	388	289	99
PCT7712	ED	529	148	0	0	11	137	103	34
PCT7712	MV	529	296	0	0	14	282	206	76
PCT7801	ED	1001	263	2	0	11	250	192	58
PCT7801	MV	1001	596	2	0	32	562	416	146
PCT7802	ED	788	229	1	0	13	215	156	59
PCT7802	MV	788	458	2	1	29	426	306	120
PCT7803	ED	828	173	0	0	9	164	121	43
PCT7803	MV	828	552	1	1	31	519	362	157
PCT7804	ED	893	257	1	0	16	240	178	62
PCT7804	MV	893	533	1	2	32	498	370	128
PCT7805	ED	825	226	0	0	8	218	168	50
PCT7805	MV	825	484	1	0	24	459	357	102
PCT7806	ED	716	207	1	0	7	199	161	38
PCT7806	MV	716	406	1	0	24	381	297	84
PCT7807	ED	844	276	0	0	11	265	204	61
PCT7807	MV	844	417	2	0	21	394	311	83
PCT7808	ED	655	211	-2	0	12	201	161	40
PCT7808	MV	655	333	1	0	21	311	235	76
PCT7809	ED	781	237	1	0	8	228	192	36
PCT7809	MV	781	405	3	0	20	382	307	75
PCT7811	ED	783	249	0	2	9	238	177	61
PCT7811	MV	783	404	6	0	19	379	294	85
PCT7812	ED	877	256	0	0	20	236	175	61
PCT7812	MV	877	454	-1	0	21	434	334	100
PCT7813	ED	1064	308	1	0	15	292	233	59
PCT7813	MV	1064	585	3	0	37	545	416	129
PCT7814	ED	936	227	-1	0	11	217	175	42
PCT7814	MV	936	340	-2	1	12	329	266	63
PCT7815	ED	954	238	0	0	12	226	178	48
PCT7815	MV	954	573	1	0	32	540	420	120
PCT7816	ED	865	235	0	0	7	228	169	59
PCT7816	MV	865	531	4	0	25	502	348	154
PCT7817	ED	823	276	0	1	13	262	199	63
PCT7817	MV	823	439	4	1	14	420	328	92
PCT7818	ED	860	232	1	0	7	224	179	45
PCT7818	MV	860	452	1	0	19	432	339	93
PCT7819	ED	793	191	0	0	7	184	136	48
PCT7819	MV	793	420	1	0	31	388	298	90
PCT7821	ED	985	247	0	2	11	234	176	58
PCT7821	MV	985	629	5	0	24	600	456	144
PCT7822	ED	908	275	0	0	10	265	198	67
PCT7822	MV	908	479	1	0	26	452	331	121
PCT7823	ED	879	269	7	0	11	251	201	50
PCT7823	MV	879	501	3	0	23	475	357	118
PCT7824	ED	768	246	0	0	13	233	178	55
PCT7824	MV	768	383	1	0	24	358	265	93
PCT7825	ED	597	191	0	0	9	182	135	47
PCT7825	MV	597	302	-1	0	15	288	224	64
PCT7826	ED	684	258	1	0	17	240	186	54
PCT7826	MV	684	319	0	0	17	302	234	68
PCT7827	ED	831	261	0	0	15	246	196	50
PCT7827	MV	831	361	0	1	18	342	269	73
PCT7828	ED	1018	260	0	0	14	246	181	65
PCT7828	MV	1018	549	1	0	28	520	396	124
PCT7829	ED	907	237	1	1	15	220	156	64
PCT7829	MV	907	557	1	0	29	527	382	145
PCT7831	ED	882	233	0	0	15	218	169	49
PCT7831	MV	882	544	15	0	30	499	374	125
PCT7832	ED	780	187	0	0	5	182	146	36
PCT7832	MV	780	487	0	0	22	465	342	123
PCT7833	ED	747	230	2	0	11	217	168	49
PCT7833	MV	747	412	2	1	23	386	293	93
PCT7834	ED	867	276	1	0	12	263	199	64
PCT7834	MV	867	438	2	0	25	411	314	97
PCT7835	ED	847	209	0	0	10	199	148	51
PCT7835	MV	847	505	6	0	22	477	363	114
PCT7836	ED	1023	259	0	0	12	247	190	57
PCT7836	MV	1023	623	-2	0	29	596	432	164
PCT7837	ED	911	259	1	0	8	250	194	56
PCT7837	MV	911	509	3	0	35	471	345	126
PCT7838	ED	926	239	0	0	10	229	180	49
PCT7838	MV	926	545	6	0	24	515	366	149
PCT7839	ED	842	205	0	0	14	191	140	51
PCT7839	MV	842	515	-5	0	33	487	349	138
PCT7841	ED	937	290	0	0	15	275	211	64
PCT7841	MV	937	526	4	0	26	496	351	145
PCT7842	ED	903	283	0	0	16	267	210	57
PCT7842	MV	903	434	-2	0	20	416	311	105
PCT7843	ED	767	231	0	0	13	218	174	44
PCT7843	MV	767	380	0	1	19	360	279	81
PCT7844	ED	663	196	0	0	7	189	148	41
PCT7844	MV	663	329	2	1	12	314	241	73
PCT7845	ED	849	241	-1	0	12	230	165	65
PCT7845	MV	849	469	-2	0	32	439	342	97
PCT7846	ED	904	259	0	1	19	239	183	56
PCT7846	MV	904	509	1	0	27	481	353	128
PCT7847	ED	929	261	1	0	18	242	176	66
PCT7847	MV	929	529	1	0	37	491	369	122
PCT7848	ED	834	232	0	0	19	213	159	54
PCT7848	MV	834	491	-2	1	23	469	353	116
PCT7849	ED	929	263	0	0	13	250	191	59
PCT7849	MV	929	522	1	0	31	490	348	142
PCT7851	ED	513	136	0	0	4	132	94	38
PCT7851	MV	513	298	-1	0	16	283	191	92
PCT7852	ED	647	143	0	0	11	132	93	39
PCT7852	MV	647	394	0	0	18	376	264	112
PCT7853	ED	850	214	-2	0	11	205	162	43
PCT7853	MV	850	479	7	0	33	439	303	136
PCT7854	ED	894	247	0	0	15	232	164	68
PCT7854	MV	894	500	0	0	21	479	344	135
PCT7855	ED	986	299	0	0	18	281	214	67
PCT7855	MV	986	521	-3	0	31	493	345	148
PCT7856	ED	800	265	0	1	11	253	194	59
PCT7856	MV	800	425	1	0	23	401	275	126
PCT7857	ED	933	275	1	0	12	262	203	59
PCT7857	MV	933	517	-2	1	30	488	359	129
PCT7858	ED	775	244	0	0	18	226	186	40
PCT7858	MV	775	394	1	0	15	378	300	78
PCT7859	ED	891	249	0	0	10	239	178	61
PCT7859	MV	891	513	1	1	24	487	356	131
PCT7861	ED	859	217	0	0	12	205	154	51
PCT7861	MV	859	510	3	1	21	485	340	145
PCT7862	ED	866	301	1	0	10	290	224	66
PCT7862	MV	866	472	0	0	22	450	333	117
PCT7863	ED	907	310	0	0	16	294	235	59
PCT7863	MV	907	440	0	0	35	405	312	93
PCT7864	ED	807	232	0	0	10	222	166	56
PCT7864	MV	807	426	-2	0	23	405	291	114
PCT7865	ED	823	241	0	0	14	227	182	45
PCT7865	MV	823	463	4	0	23	436	323	113
PCT7866	ED	836	209	-1	0	11	199	141	58
PCT7866	MV	836	491	3	0	28	460	313	147
PCT7867	ED	955	266	0	0	9	257	199	58
PCT7867	MV	955	510	8	1	29	472	357	115
PCT7868	ED	881	242	1	3	15	223	172	51
PCT7868	MV	881	449	1	0	16	432	324	108
PCT7869	ED	867	239	0	1	10	228	168	60
PCT7869	MV	867	489	1	1	21	466	333	133
PCT7871	ED	900	259	0	0	17	242	186	56
PCT7871	MV	900	502	2	0	28	472	347	125
PCT7872	ED	862	287	0	0	14	273	185	88
PCT7872	MV	862	472	3	1	24	444	311	133
PCT7873	ED	861	257	1	0	12	244	192	52
PCT7873	MV	861	501	-1	0	30	472	368	104
PCT7874	ED	477	137	1	0	10	126	98	28
PCT7874	MV	477	255	2	1	13	239	178	61
PCT7875	ED	623	180	0	0	12	168	124	44
PCT7875	MV	623	285	0	0	17	268	201	67
PCT7876	ED	498	154	10	0	14	130	103	27
PCT7876	MV	498	269	1	0	23	245	185	60
PCT7901	ED	522	135	0	0	9	126	105	21
PCT7901	MV	522	198	1	0	9	188	147	41
PCT7902	ED	968	258	0	0	19	239	191	48
PCT7902	MV	968	401	1	0	13	387	315	72
PCT7903	ED	840	201	0	0	13	188	156	32
PCT7903	MV	840	350	-2	0	25	327	257	70
PCT7904	ED	877	210	1	0	8	201	161	40
PCT7904	MV	877	403	2	0	24	377	293	84
PCT7905	ED	851	253	0	0	14	239	187	52
PCT7905	MV	851	409	5	1	17	386	271	115
PCT7906	ED	787	244	0	0	14	230	189	41
PCT7906	MV	787	335	1	0	18	316	248	68
PCT7907	ED	950	278	0	0	14	264	214	50
PCT7907	MV	950	425	-4	0	28	401	322	79
PCT7908	ED	949	283	1	0	21	261	212	49
PCT7908	MV	949	408	2	0	38	368	295	73
PCT7909	ED	733	251	0	0	11	240	191	49
PCT7909	MV	733	303	-1	0	19	285	221	64
PCT7911	ED	860	244	-1	0	19	226	176	50
PCT7911	MV	860	395	-1	0	20	376	278	98
PCT7912	ED	1065	290	0	2	23	265	211	54
PCT7912	MV	1065	463	2	0	24	437	344	93
PCT7913	ED	913	312	1	1	15	295	234	61
PCT7913	MV	913	378	-1	0	16	363	277	86
PCT7914	ED	883	278	-1	0	19	260	203	57
PCT7914	MV	883	425	3	0	17	405	313	92
PCT7915	ED	831	265	0	1	12	252	205	47
PCT7915	MV	831	351	0	0	17	334	275	59
PCT7916	ED	888	283	1	0	18	264	213	51
PCT7916	MV	888	421	0	0	23	398	306	92
PCT7917	ED	1015	312	0	0	13	299	247	52
PCT7917	MV	1015	428	3	0	21	404	324	80
PCT7918	ED	836	253	0	0	19	234	194	40
PCT7918	MV	836	379	0	1	28	350	291	59
PCT7919	ED	895	308	1	2	13	292	244	48
PCT7919	MV	895	376	-1	0	23	354	275	79
PCT7921	ED	917	231	1	0	12	218	185	33
PCT7921	MV	917	366	1	1	17	347	273	74
PCT7922	ED	831	250	1	0	12	237	188	49
PCT7922	MV	831	383	0	0	27	356	288	68
PCT7923	ED	885	262	0	0	9	253	198	55
PCT7923	MV	885	403	-1	1	24	379	287	92
PCT7924	ED	842	238	0	0	11	227	194	33
PCT7924	MV	842	382	0	0	14	368	281	87
PCT7925	ED	567	156	0	0	5	151	118	33
PCT7925	MV	567	293	0	0	12	281	225	56
PCT7926	ED	795	229	0	0	11	218	161	57
PCT7926	MV	795	390	4	0	15	371	276	95
PCT7927	ED	747	241	1	0	11	229	185	44
PCT7927	MV	747	392	4	0	17	371	280	91
PCT7928	ED	931	284	1	0	17	266	201	65
PCT7928	MV	931	489	0	0	23	466	338	128
PCT7929	ED	864	248	0	0	12	236	201	35
PCT7929	MV	864	509	1	1	19	488	383	105
PCT7931	ED	738	219	0	0	7	212	161	51
PCT7931	MV	738	408	2	1	10	395	290	105
PCT7932	ED	551	157	1	0	7	149	116	33
PCT7932	MV	551	285	1	1	10	273	203	70
PCT7933	MV	6	4	0	0	1	3	1	2
PCT7934	ED	890	250	-1	1	13	237	189	48
PCT7934	MV	890	472	0	1	31	440	352	88
PCT7935	ED	970	305	0	1	18	286	220	66
PCT7935	MV	970	519	-2	1	24	496	380	116
PCT7936	ED	856	287	2	0	14	271	216	55
PCT7936	MV	856	428	-1	0	25	404	317	87
PCT7937	ED	886	267	1	0	20	246	203	43
PCT7937	MV	886	434	3	0	17	414	327	87
PCT7938	ED	788	213	0	0	16	197	163	34
PCT7938	MV	788	337	2	0	18	317	245	72
PCT7939	ED	688	253	-2	0	15	240	202	38
PCT7939	MV	688	326	0	0	30	296	233	63
PCT7941	ED	751	218	-1	0	19	200	159	41
PCT7941	MV	751	348	0	0	23	325	252	73
PCT7942	ED	914	257	1	0	11	245	196	49
PCT7942	MV	914	412	-1	1	33	379	288	91
PCT7943	ED	872	257	4	0	17	236	187	49
PCT7943	MV	872	439	0	0	39	400	307	93
PCT7944	ED	801	243	0	0	13	230	185	45
PCT7944	MV	801	381	2	1	17	361	271	90
PCT7945	ED	915	186	0	0	13	173	140	33
PCT7945	MV	915	412	1	1	27	383	285	98
PCT7946	ED	945	183	0	0	13	170	127	43
PCT7946	MV	945	451	0	0	46	405	283	122
PCT7947	ED	946	182	1	0	12	169	128	41
PCT7947	MV	946	430	2	0	34	394	286	108
PCT7948	ED	928	209	0	0	14	195	132	63
PCT7948	MV	928	422	-5	0	31	396	256	140
PCT7949	ED	569	100	1	0	11	88	69	19
PCT7949	MV	569	292	1	0	17	274	177	97
PCT7951	ED	854	166	0	0	16	150	120	30
PCT7951	MV	854	424	2	0	22	400	235	165
PCT7952	ED	866	167	0	0	20	147	102	45
PCT7952	MV	866	359	1	0	35	323	217	106
PCT7953	ED	824	186	2	0	13	171	122	49
PCT7953	MV	824	402	0	1	17	384	244	140
PCT7955	ED	902	199	4	1	14	180	126	54
PCT7955	MV	902	434	1	0	36	397	276	121
PCT7956	ED	823	136	0	0	13	123	97	26
PCT7956	MV	823	353	0	0	23	330	215	115
PCT7957	ED	646	147	0	0	18	129	89	40
PCT7957	MV	646	298	1	0	19	278	199	79
PCT7958	MV	290	141	1	0	13	127	88	39
PCT7959	ED	727	157	1	0	6	150	125	25
PCT7959	MV	727	326	1	0	19	306	244	62
PCT9001	MV	273	142	-2	0	9	135	105	30
PCT9101	ED	888	260	0	0	16	244	185	59
PCT9101	MV	888	438	4	0	25	409	273	136
PCT9102	ED	985	257	0	1	10	246	177	69
PCT9102	MV	985	471	2	0	35	434	301	133
PCT9103	ED	954	272	0	0	17	255	175	80
PCT9103	MV	954	431	7	0	30	394	282	112
PCT9104	ED	988	239	0	0	17	222	163	59
PCT9104	MV	988	465	3	2	25	435	318	117
PCT9105	ED	919	247	1	0	14	232	179	53
PCT9105	MV	919	488	-4	1	31	460	311	149
PCT9106	ED	937	268	1	0	15	252	193	59
PCT9106	MV	937	497	4	0	21	472	336	136
PCT9107	ED	849	218	0	0	9	209	153	56
PCT9107	MV	849	372	-1	1	30	342	259	83
PCT9108	ED	790	246	0	0	9	237	179	58
PCT9108	MV	790	373	2	0	35	336	259	77
PCT9109	ED	884	263	0	1	19	243	169	74
PCT9109	MV	884	427	1	0	45	381	275	106
PCT9111	ED	779	229	0	0	11	218	169	49
PCT9111	MV	779	346	2	0	24	320	241	79
PCT9112	ED	976	284	-1	0	10	275	194	81
PCT9112	MV	976	467	1	0	33	433	333	100
PCT9113	ED	999	310	0	0	16	294	211	83
PCT9113	MV	999	505	4	0	33	468	316	152
PCT9114	ED	877	263	-1	1	19	244	182	62
PCT9114	MV	877	405	-1	0	23	383	282	101
PCT9115	ED	911	258	1	0	21	236	176	60
PCT9115	MV	911	429	3	0	33	393	291	102
PCT9116	ED	944	281	0	0	21	260	190	70
PCT9116	MV	944	473	2	0	31	440	332	108
PCT9117	ED	783	222	0	0	11	211	134	77
PCT9117	MV	783	398	0	1	22	375	237	138
PCT9118	ED	974	286	-2	0	18	270	197	73
PCT9118	MV	974	426	3	0	34	389	274	115
PCT9119	ED	891	237	-1	0	20	218	152	66
PCT9119	MV	891	446	1	1	27	417	269	148
PCT9121	ED	930	256	-1	0	13	244	170	74
PCT9121	MV	930	434	-1	0	34	401	274	127
PCT9122	ED	953	208	0	1	23	184	138	46
PCT9122	MV	953	454	0	0	39	415	258	157
PCT9123	ED	858	231	0	0	26	205	143	62
PCT9123	MV	858	418	1	0	20	397	278	119
PCT9124	ED	874	201	0	0	11	190	145	45
PCT9124	MV	874	438	2	0	30	406	267	139
PCT9125	ED	861	210	-2	0	15	197	150	47
PCT9125	MV	861	437	2	1	28	406	300	106
PCT9126	ED	1015	245	-2	0	25	222	159	63
PCT9126	MV	1015	533	-2	1	33	501	327	174
PCT9127	ED	960	269	0	0	15	254	198	56
PCT9127	MV	960	498	0	0	28	470	319	151
PCT9128	ED	828	248	0	0	16	232	169	63
PCT9128	MV	828	412	3	0	33	376	273	103
PCT9129	ED	741	243	1	0	17	225	165	60
PCT9129	MV	741	348	0	0	15	333	224	109
PCT9131	ED	759	192	1	0	12	179	131	48
PCT9131	MV	759	403	3	1	27	372	254	118
PCT9132	ED	837	248	0	0	18	230	176	54
PCT9132	MV	837	371	0	0	27	344	265	79
PCT9133	ED	1021	270	0	0	14	256	198	58
PCT9133	MV	1021	503	2	0	34	467	337	130
PCT9134	ED	893	210	0	0	21	189	144	45
PCT9134	MV	893	469	0	1	27	441	311	130
PCT9135	ED	808	214	0	0	9	205	135	70
PCT9135	MV	808	389	2	0	23	364	231	133
PCT9136	ED	929	253	1	0	19	233	187	46
PCT9136	MV	929	439	-2	0	29	412	288	124
PCT9137	ED	1006	259	-1	1	13	246	153	93
PCT9137	MV	1006	467	1	0	33	433	283	150
PCT9138	ED	943	226	2	0	14	210	151	59
PCT9138	MV	943	476	1	0	38	437	289	148
PCT9139	ED	975	243	0	0	15	228	163	65
PCT9139	MV	975	510	6	0	40	464	291	173
PCT9141	ED	953	251	-1	0	16	236	168	68
PCT9141	MV	953	477	4	0	30	443	306	137
PCT9142	ED	966	275	0	0	23	252	195	57
PCT9142	MV	966	459	-1	0	30	430	305	125
PCT9143	ED	920	251	0	0	18	233	169	64
PCT9143	MV	920	463	7	2	32	422	289	133
PCT9144	ED	962	291	0	0	17	274	210	64
PCT9144	MV	962	482	3	0	27	452	320	132
PCT9145	ED	861	249	2	0	9	238	173	65
PCT9145	MV	861	423	2	0	23	398	284	114
PCT9146	ED	885	245	-1	0	15	231	177	54
PCT9146	MV	885	464	2	0	37	425	326	99
PCT9147	ED	971	280	0	0	16	264	198	66
PCT9147	MV	971	492	-2	0	32	462	324	138
PCT9148	ED	1034	322	0	0	10	312	236	76
PCT9148	MV	1034	513	1	0	35	477	358	119
PCT9149	ED	948	263	0	0	18	245	192	53
PCT9149	MV	948	478	4	1	32	441	334	107
PCT9151	ED	872	226	0	0	15	211	153	58
PCT9151	MV	872	418	4	0	33	381	288	93
PCT9152	ED	721	269	-2	0	13	258	218	40
PCT9152	MV	721	279	-2	0	13	268	201	67
PCT9201	ED	1004	298	0	0	15	283	211	72
PCT9201	MV	1004	475	-1	0	22	454	357	97
PCT9202	ED	971	294	0	0	19	275	205	70
PCT9202	MV	971	426	2	1	29	394	286	108
PCT9203	ED	1002	239	0	0	16	223	153	70
PCT9203	MV	1002	536	3	1	36	496	320	176
PCT9204	ED	873	273	5	0	16	252	175	77
PCT9204	MV	873	393	4	0	21	368	237	131
PCT9205	ED	728	208	0	0	11	197	141	56
PCT9205	MV	728	376	7	1	33	335	240	95
PCT9206	ED	931	246	-1	0	17	230	150	80
PCT9206	MV	931	479	3	0	22	454	260	194
PCT9207	ED	981	261	0	0	14	247	172	75
PCT9207	MV	981	502	3	1	36	462	308	154
PCT9208	ED	1002	286	0	2	19	265	183	82
PCT9208	MV	1002	491	3	1	36	451	305	146
PCT9209	ED	711	244	0	0	8	236	162	74
PCT9209	MV	711	327	4	1	23	299	197	102
PCT9211	ED	889	234	0	0	16	218	168	50
PCT9211	MV	889	432	1	0	38	393	270	123
PCT9212	ED	803	233	0	0	17	216	149	67
PCT9212	MV	803	400	4	0	24	372	271	101
PCT9213	ED	951	264	0	0	19	245	167	78
PCT9213	MV	951	507	3	0	31	473	318	155
PCT9214	ED	640	166	0	0	12	154	99	55
PCT9214	MV	640	334	0	1	17	316	215	101
PCT9215	ED	652	192	0	0	9	183	115	68
PCT9215	MV	652	327	1	0	24	302	211	91
PCT9216	ED	845	245	-1	1	16	229	177	52
PCT9216	MV	845	379	2	0	24	353	250	103
PCT9217	ED	698	193	0	0	13	180	134	46
PCT9217	MV	698	349	4	1	24	320	211	109
PCT9218	ED	841	247	0	0	13	234	161	73
PCT9218	MV	841	412	2	0	32	378	274	104
PCT9219	ED	802	240	-1	0	14	227	177	50
PCT9219	MV	802	399	2	1	27	369	280	89
PCT9221	ED	651	145	-1	0	7	139	100	39
PCT9221	MV	651	399	3	0	28	368	232	136
PCT9222	ED	883	248	-2	0	20	230	157	73
PCT9222	MV	883	449	5	1	28	415	276	139
PCT9223	ED	638	160	0	0	15	145	91	54
PCT9223	MV	638	338	6	2	19	311	202	109
PCT9224	ED	960	262	1	0	13	248	162	86
PCT9224	MV	960	506	7	0	24	475	315	160
PCT9225	ED	958	296	0	0	25	271	194	77
PCT9225	MV	958	469	4	1	31	433	320	113
PCT9226	ED	926	270	2	0	18	250	181	69
PCT9226	MV	926	486	1	1	23	461	332	129
PCT9227	ED	738	188	0	0	10	178	122	56
PCT9227	MV	738	404	4	0	22	378	256	122
PCT9228	ED	747	189	-1	0	15	175	119	56
PCT9228	MV	747	424	2	1	25	396	270	126
PCT9229	ED	598	162	0	1	11	150	105	45
PCT9229	MV	598	316	0	0	10	306	203	103
PCT9231	ED	953	313	1	0	22	290	225	65
PCT9231	MV	953	488	-3	0	25	466	344	122
PCT9232	ED	735	212	0	0	16	196	137	59
PCT9232	MV	735	396	3	0	24	369	260	109
PCT9233	ED	793	208	0	0	10	198	132	66
PCT9233	MV	793	434	3	0	27	404	255	149
PCT9234	ED	746	187	0	0	11	176	132	44
PCT9234	MV	746	438	3	1	33	401	268	133
PCT9235	ED	884	239	0	0	16	223	160	63
PCT9235	MV	884	488	2	1	37	448	290	158
PCT9236	ED	683	200	0	0	19	181	128	53
PCT9236	MV	683	358	5	0	20	333	229	104
PCT9237	ED	936	225	5	0	14	206	139	67
PCT9237	MV	936	539	0	0	33	506	364	142
PCT9238	ED	842	230	3	1	20	206	142	64
PCT9238	MV	842	456	2	0	31	423	280	143
PCT9239	ED	881	198	-1	0	10	189	138	51
PCT9239	MV	881	499	3	1	42	453	302	151
PCT9241	ED	1005	254	-2	0	17	239	185	54
PCT9241	MV	1005	578	1	0	30	547	367	180
PCT9242	ED	972	276	0	0	21	255	175	80
PCT9242	MV	972	513	3	1	24	485	340	145
PCT9243	ED	594	191	0	1	14	176	120	56
PCT9243	MV	594	307	-2	0	20	289	200	89
PCT9244	ED	903	254	-1	0	21	234	187	47
PCT9244	MV	903	485	2	1	28	454	355	99
PCT9245	ED	742	208	1	0	15	192	135	57
PCT9245	MV	742	375	5	0	29	341	253	88
PCT9246	ED	929	254	1	0	16	237	179	58
PCT9246	MV	929	528	4	0	34	490	344	146
PCT9247	ED	927	263	0	0	15	248	182	66
PCT9247	MV	927	515	3	1	33	478	348	130
PCT9248	ED	907	257	0	0	11	246	186	60
PCT9248	MV	907	485	1	0	22	462	327	135
PCT9249	ED	917	271	0	0	18	253	171	82
PCT9249	MV	917	494	5	0	23	466	332	134
PCT9251	ED	995	286	0	0	10	276	201	75
PCT9251	MV	995	530	6	0	28	496	337	159
PCT9252	ED	944	218	0	0	8	210	150	60
PCT9252	MV	944	550	3	0	27	520	339	181
PCT9253	ED	772	187	0	0	14	173	121	52
PCT9253	MV	772	397	-1	1	24	373	260	113
PCT9254	ED	935	230	0	0	6	224	169	55
PCT9254	MV	935	538	1	1	37	499	378	121
PCT9255	ED	553	182	0	0	12	170	125	45
PCT9255	MV	553	263	2	0	19	242	183	59
PCT9256	ED	474	128	0	0	7	121	100	21
PCT9256	MV	474	233	0	0	12	221	160	61
PCT9257	MV	321	235	0	0	13	222	170	52
PCT9258	ED	712	192	0	0	8	184	135	49
PCT9258	MV	712	373	-2	0	23	352	248	104
PCT9401	ED	1012	293	-1	1	21	272	209	63
PCT9401	MV	1012	483	0	1	22	460	341	119
PCT9402	ED	977	288	-1	0	23	266	212	54
PCT9402	MV	977	458	-1	0	34	425	317	108
PCT9403	ED	897	239	0	0	9	230	168	62
PCT9403	MV	897	419	1	0	18	400	269	131
PCT9404	ED	930	200	0	0	15	185	135	50
PCT9404	MV	930	462	0	0	33	429	298	131
PCT9405	ED	786	210	6	0	15	189	135	54
PCT9405	MV	786	364	-1	1	27	337	216	121
PCT9406	ED	868	244	-1	1	16	228	138	90
PCT9406	MV	868	421	2	0	21	398	268	130
PCT9407	ED	889	253	0	0	10	243	170	73
PCT9407	MV	889	409	1	0	20	388	282	106
PCT9408	ED	886	265	0	0	10	255	197	58
PCT9408	MV	886	415	3	0	21	391	310	81
PCT9409	ED	590	201	-3	0	11	193	150	43
PCT9409	MV	590	252	2	1	26	223	160	63
PCT9411	ED	956	270	2	1	15	252	188	64
PCT9411	MV	956	430	7	1	14	408	318	90
PCT9412	ED	848	245	-1	0	19	227	170	57
PCT9412	MV	848	380	2	0	18	360	231	129
PCT9413	ED	894	229	-1	0	13	217	162	55
PCT9413	MV	894	461	2	1	35	423	291	132
PCT9414	ED	916	216	-1	0	14	203	139	64
PCT9414	MV	916	463	4	0	26	433	290	143
PCT9415	ED	784	187	1	0	10	176	123	53
PCT9415	MV	784	391	4	0	27	360	227	133
PCT9416	ED	1008	280	0	0	19	261	193	68
PCT9416	MV	1008	480	2	1	38	439	297	142
PCT9417	ED	752	175	0	1	8	166	111	55
PCT9417	MV	752	402	4	0	30	368	227	141
PCT9418	ED	790	211	0	0	13	198	130	68
PCT9418	MV	790	376	4	1	27	344	197	147
PCT9419	ED	924	222	1	0	11	210	137	73
PCT9419	MV	924	468	-1	0	43	426	277	149
PCT9421	ED	906	237	0	0	20	217	164	53
PCT9421	MV	906	446	3	1	25	417	239	178
PCT9422	ED	1056	283	0	0	24	259	173	86
PCT9422	MV	1056	513	4	0	20	489	303	186
PCT9423	ED	889	219	0	1	16	202	144	58
PCT9423	MV	889	440	-1	0	31	410	271	139
PCT9424	ED	952	224	0	0	8	216	152	64
PCT9424	MV	952	496	2	0	26	468	299	169
PCT9425	ED	933	199	0	0	19	180	125	55
PCT9425	MV	933	465	-1	0	40	426	260	166
PCT9426	ED	823	198	0	0	17	181	114	67
PCT9426	MV	823	408	5	0	36	367	236	131
PCT9427	ED	948	210	0	0	15	195	134	61
PCT9427	MV	948	447	-3	0	25	425	225	200
PCT9428	ED	961	183	0	0	20	163	121	42
PCT9428	MV	961	518	4	0	36	478	301	177
PCT9429	ED	899	228	1	0	19	208	133	75
PCT9429	MV	899	432	2	1	28	401	258	143
PCT9431	ED	973	235	3	0	20	212	133	79
PCT9431	MV	973	464	1	0	40	423	261	162
PCT9432	ED	945	214	-1	0	19	196	131	65
PCT9432	MV	945	468	2	0	39	427	278	149
PCT9433	ED	945	195	0	0	17	178	113	65
PCT9433	MV	945	487	3	0	42	442	283	159
PCT9434	ED	979	260	0	0	22	238	164	74
PCT9434	MV	979	481	2	0	33	446	299	147
PCT9435	ED	969	251	0	0	12	239	158	81
PCT9435	MV	969	448	1	1	27	419	281	138
PCT9436	ED	1006	231	0	0	19	212	149	63
PCT9436	MV	1006	495	-2	0	41	456	268	188
PCT9437	ED	897	219	-2	0	15	206	133	73
PCT9437	MV	897	435	3	0	28	404	238	166
PCT9438	ED	948	202	2	0	15	185	126	59
PCT9438	MV	948	496	1	0	27	468	309	159
PCT9439	ED	879	173	0	0	9	164	108	56
PCT9439	MV	879	425	0	0	42	383	236	147
PCT9441	ED	980	261	-2	0	19	244	173	71
PCT9441	MV	980	462	0	0	32	430	271	159
PCT9442	ED	1008	280	1	0	10	269	194	75
PCT9442	MV	1008	461	3	0	35	423	277	146
PCT9443	ED	937	219	-1	0	18	202	136	66
PCT9443	MV	937	442	-1	0	23	420	294	126
PCT9444	ED	937	190	1	0	13	176	122	54
PCT9444	MV	937	442	0	0	36	406	243	163
PCT9445	ED	981	230	0	0	12	218	159	59
PCT9445	MV	981	493	0	0	30	463	308	155
PCT9446	ED	1090	240	0	0	15	225	157	68
PCT9446	MV	1090	564	3	0	32	529	336	193
PCT9447	ED	906	236	0	0	11	225	156	69
PCT9447	MV	906	448	-1	0	24	425	262	163
PCT9448	ED	909	232	1	0	15	216	165	51
PCT9448	MV	909	429	-1	0	38	392	265	127
PCT9449	ED	830	177	4	0	16	157	106	51
PCT9449	MV	830	428	5	0	18	405	249	156
PCT9451	ED	420	97	0	0	5	92	66	26
PCT9451	MV	420	218	-1	0	11	208	117	91
PCT9452	ED	840	259	0	0	20	239	153	86
PCT9452	MV	840	412	0	0	27	385	257	128
PCT9453	ED	500	135	0	0	13	122	77	45
PCT9453	MV	500	242	3	0	18	221	142	79
PCT9501	MV	148	110	1	0	7	102	78	24
PCT9502	MV	245	177	2	0	8	167	126	41
PCT9503	ED	729	198	0	0	12	186	156	30
PCT9503	MV	729	315	3	0	16	296	240	56
PCT9505	ED	784	176	0	0	13	163	130	33
PCT9505	MV	784	383	2	0	22	359	272	87
PCT9506	ED	766	177	0	0	5	172	124	48
PCT9506	MV	766	312	0	0	18	294	230	64
PCT9507	ED	766	231	0	0	12	219	172	47
PCT9507	MV	766	406	0	0	26	380	312	68
PCT9508	ED	798	237	0	0	15	222	181	41
PCT9508	MV	798	429	3	0	23	403	331	72
PCT9509	ED	759	229	0	0	14	215	173	42
PCT9509	MV	759	386	-1	2	21	364	281	83
PCT9511	ED	622	190	0	0	12	178	138	40
PCT9511	MV	622	296	0	0	18	278	210	68
PCT9512	ED	809	240	1	1	14	224	177	47
PCT9512	MV	809	399	0	0	15	384	285	99
PCT9513	ED	902	275	0	0	16	259	209	50
PCT9513	MV	902	390	2	0	23	365	297	68
PCT9514	ED	928	304	0	0	17	287	204	83
PCT9514	MV	928	456	4	1	24	427	327	100
PCT9515	ED	705	222	0	0	17	205	159	46
PCT9515	MV	705	368	1	0	21	346	262	84
PCT9516	ED	866	254	-1	0	9	246	171	75
PCT9516	MV	866	427	3	0	26	398	289	109
PCT9517	ED	801	226	0	0	12	214	176	38
PCT9517	MV	801	397	1	0	16	380	284	96
PCT9518	ED	802	229	0	0	9	220	179	41
PCT9518	MV	802	431	4	0	20	407	319	88
PCT9519	ED	910	261	1	0	13	247	185	62
PCT9519	MV	910	486	0	0	22	464	353	111
PCT9521	ED	939	315	-2	1	15	301	239	62
PCT9521	MV	939	442	-1	0	24	419	322	97
PCT9701	ED	671	200	-1	1	13	187	136	51
PCT9701	MV	671	339	2	0	22	315	203	112
PCT9702	ED	723	209	0	0	8	201	148	53
PCT9702	MV	723	364	1	0	16	347	255	92
PCT9703	ED	986	232	0	0	13	219	152	67
PCT9703	MV	986	529	2	0	36	491	312	179
PCT9704	ED	950	279	0	0	17	262	196	66
PCT9704	MV	950	504	1	0	34	469	318	151
PCT9705	ED	919	260	3	0	13	244	183	61
PCT9705	MV	919	483	2	2	30	449	333	116
PCT9706	MV	49	39	-1	0	2	38	22	16
PCT9707	ED	821	172	0	0	16	156	95	61
PCT9707	MV	821	491	3	1	45	442	278	164
PCT9708	ED	948	248	1	0	11	236	174	62
PCT9708	MV	948	500	0	1	39	460	319	141
PCT9709	ED	1028	281	6	0	23	252	182	70
PCT9709	MV	1028	517	4	0	47	466	304	162
PCT9711	ED	641	195	0	0	16	179	114	65
PCT9711	MV	641	336	2	0	18	316	205	111
PCT9712	ED	649	160	0	0	6	154	105	49
PCT9712	MV	649	398	7	0	18	373	244	129
PCT9713	ED	960	225	1	0	15	209	146	63
PCT9713	MV	960	489	-2	1	30	460	279	181
PCT9714	ED	931	207	1	0	11	195	122	73
PCT9714	MV	931	538	6	0	33	499	290	209
PCT9715	ED	569	180	0	0	14	166	117	49
PCT9715	MV	569	309	2	0	17	290	173	117
PCT9716	ED	947	238	-1	0	12	227	148	79
PCT9716	MV	947	481	0	0	36	445	305	140
PCT9717	ED	972	265	-1	0	16	250	164	86
PCT9717	MV	972	532	1	1	33	497	319	178
PCT9718	ED	862	227	0	0	13	214	133	81
PCT9718	MV	862	496	0	0	29	467	296	171
PCT9719	ED	901	245	0	0	11	234	154	80
PCT9719	MV	901	524	7	0	30	487	321	166
PCT9721	ED	662	198	0	0	10	188	137	51
PCT9721	MV	662	357	3	1	26	327	208	119
PCT9722	ED	605	119	1	0	9	109	69	40
PCT9722	MV	605	355	0	0	28	327	198	129
PCT9723	ED	481	98	0	0	2	96	64	32
PCT9723	MV	481	275	0	1	26	248	143	105
PCT9724	ED	991	205	0	0	20	185	98	87
PCT9724	MV	991	565	1	2	50	512	264	248
PCT9725	ED	970	213	1	0	18	194	121	73
PCT9725	MV	970	499	0	0	41	458	260	198
PCT9726	ED	655	262	2	0	9	251	197	54
PCT9726	MV	655	241	-1	0	23	219	166	53
PCT9727	ED	459	79	0	0	3	76	49	27
PCT9727	MV	459	271	1	0	14	256	158	98
PCT9728	ED	926	230	-1	0	14	217	117	100
PCT9728	MV	926	503	4	0	26	473	296	177
PCT9729	ED	800	191	0	2	11	178	110	68
PCT9729	MV	800	442	4	0	35	403	237	166
PCT9731	ED	556	167	0	0	11	156	99	57
PCT9731	MV	556	282	-1	1	18	264	146	118
PCT9732	MV	70	56	0	1	6	49	28	21
PCT9733	MV	235	191	0	0	9	182	140	42
PCT9734	ED	603	154	0	0	4	150	97	53
PCT9734	MV	603	341	0	0	25	316	201	115
PCT9735	ED	809	206	0	0	12	194	127	67
PCT9735	MV	809	449	0	0	32	417	276	141
PCT9736	ED	713	173	0	0	10	163	105	58
PCT9736	MV	713	410	1	0	26	383	266	117
PCT9737	ED	818	208	0	0	14	194	138	56
PCT9737	MV	818	476	2	0	36	438	315	123
PCT9738	ED	848	185	0	0	12	173	134	39
PCT9738	MV	848	404	-1	0	26	379	276	103
PCT9739	ED	828	220	1	0	14	205	168	37
PCT9739	MV	828	335	0	0	17	318	250	68
PCT9741	ED	552	227	-1	0	6	222	195	27
PCT9741	MV	552	105	0	0	7	98	87	11
PCT9742	ED	677	180	4	0	15	161	114	47
PCT9742	MV	677	289	1	0	9	279	181	98
PCT9743	ED	1163	310	0	0	13	297	251	46
PCT9743	MV	1163	501	4	0	38	459	350	109
PCT9744	ED	911	244	2	0	24	218	165	53
PCT9744	MV	911	390	2	1	17	370	283	87
PCT9745	ED	991	281	-2	0	22	261	196	65
PCT9745	MV	991	346	1	0	13	332	253	79
PCT9746	ED	884	231	1	0	14	216	152	64
PCT9746	MV	884	451	2	0	23	426	284	142
PCT9747	ED	973	246	1	0	16	229	162	67
PCT9747	MV	973	470	2	1	35	432	311	121
PCT9748	ED	931	229	1	0	6	222	158	64
PCT9748	MV	931	475	1	0	31	443	299	144
PCT9749	ED	913	224	2	0	15	207	142	65
PCT9749	MV	913	384	-1	0	44	341	236	105
PCT9751	ED	1016	253	0	0	18	235	171	64
PCT9751	MV	1016	522	0	0	39	483	323	160
PCT9752	ED	710	175	3	0	8	164	111	53
PCT9752	MV	710	392	0	0	19	373	239	134
PCT9753	ED	756	186	0	0	13	173	127	46
PCT9753	MV	756	387	0	0	29	358	254	104
PCT9754	ED	707	47	2	0	4	41	32	9
PCT9754	MV	707	377	1	1	18	357	265	92
PCT9755	ED	582	171	-1	0	8	164	123	41
PCT9755	MV	582	284	2	0	11	271	192	79
PCT9756	ED	941	185	0	0	15	170	128	42
PCT9756	MV	941	477	-2	1	30	448	287	161
PCT9801	ED	408	104	0	0	6	98	77	21
PCT9801	MV	408	181	0	0	6	175	128	47
CONG12	TO	443570	332140	861	219	21268	309792	226856	82936
CONG14	TO	56946	40321	79	20	2726	37496	26051	11445
ASSM17	TO	291063	214584	535	144	13764	200141	149983	50158
ASSM19	TO	209453	157877	405	95	10230	147147	102924	44223
BART7	TO	38460	24701	70	17	1675	22939	16855	6084
BART8	TO	223735	166231	443	96	11368	154324	107212	47112
BART9	TO	238321	181529	427	126	10951	170025	128840	41185
SUPV1	TO	42767	32717	70	18	2148	30481	21824	8657
SUPV2	TO	50394	40340	154	31	2507	37648	26456	11192
SUPV3	TO	39799	28528	82	19	2283	26144	18981	7163
SUPV4	TO	42953	31684	79	15	2115	29475	19688	9787
SUPV5	TO	53744	41997	98	32	2548	39319	30531	8788
SUPV6	TO	43321	29109	110	15	2176	26808	20065	6743
SUPV7	TO	47076	36551	99	22	2322	34108	23212	10896
SUPV8	TO	58122	48580	131	30	2530	45889	34430	11459
SUPV9	TO	42988	31742	52	22	1874	29794	22899	6895
SUPV10	TO	41862	26436	50	15	1733	24638	18333	6305
SUPV11	TO	37490	24777	15	20	1758	22984	16488	6496
NEIG1	TO	19914	11260	10	11	836	10403	7888	2515
NEIG2	TO	17446	12417	37	8	1061	11311	8137	3174
NEIG3	TO	28644	19019	55	13	1592	17359	13247	4112
NEIG4	TO	7002	5798	19	5	305	5469	3989	1480
NEIG5	TO	27634	18410	15	16	1268	17111	12214	4897
NEIG6	TO	14982	12227	22	10	678	11517	9073	2444
NEIG7	TO	12118	7922	-1	5	606	7312	5272	2040
NEIG8	TO	9734	7850	13	5	450	7382	5514	1868
NEIG9	TO	8390	5906	9	4	398	5495	3921	1574
NEIG10	TO	10097	8001	18	5	468	7510	5520	1990
NEIG11	TO	40622	32340	144	27	2085	30084	21268	8816
NEIG12	TO	31129	23270	38	17	1247	21968	17249	4719
NEIG13	TO	16964	14401	20	5	769	13607	10077	3530
NEIG14	TO	8795	7262	17	7	338	6900	5342	1558
NEIG15	TO	7019	5227	12	3	388	4824	3427	1397
NEIG26	TO	9293	6101	11	2	462	5626	3876	1750
NEIG16	TO	16814	13062	40	3	696	12323	9193	3130
NEIG17	TO	37322	28480	62	15	1885	26518	18875	7643
NEIG18	TO	8050	6586	16	5	395	6170	4297	1873
NEIG19	TO	9419	7384	13	7	454	6910	5271	1639
NEIG20	TO	24674	17016	69	10	1190	15747	11443	4304
NEIG21	TO	42363	31231	80	14	2078	29059	19378	9681
NEIG22	TO	18966	16173	56	9	822	15286	11502	3784
NEIG23	TO	8139	4486	11	1	353	4121	2926	1195
NEIG24	TO	34909	27819	89	16	1736	25978	17447	8531
NEIG25	TO	30077	22813	65	16	1434	21298	16561	4737
