area_id	subtotal_type	RSReg	RSCst	RSRej	RSOvr	RSUnd	RSTot	093:CRISTINA OSMEÃ‘A	094:JACKIE SPEIER
ALLPCTS	TO	56946	40357	19	8	2211	38119	6487	31632
ALLPCTS	ED	56946	13105	13	5	933	12154	1880	10274
ALLPCTS	MV	56946	27252	6	3	1278	25965	4607	21358
PCT1101	ED	553	126	0	0	3	123	13	110
PCT1101	MV	553	266	0	0	8	258	41	217
PCT1102	ED	995	266	0	0	19	247	23	224
PCT1102	MV	995	480	0	0	10	470	85	385
PCT1103	ED	951	246	1	0	17	228	27	201
PCT1103	MV	951	445	0	0	15	430	75	355
PCT1104	ED	993	249	0	0	25	224	34	190
PCT1104	MV	993	414	0	0	15	399	68	331
PCT1106	ED	765	191	0	1	10	180	25	155
PCT1106	MV	765	343	0	0	13	330	65	265
PCT1107	ED	746	163	0	0	14	149	13	136
PCT1107	MV	746	336	0	0	21	315	42	273
PCT1108	ED	909	232	0	0	22	210	18	192
PCT1108	MV	909	438	0	0	16	422	39	383
PCT1109	ED	798	166	0	0	12	154	18	136
PCT1109	MV	798	365	0	0	31	334	47	287
PCT1111	ED	1002	205	0	0	23	182	21	161
PCT1111	MV	1002	460	0	0	30	430	77	353
PCT1112	ED	769	151	0	0	17	134	19	115
PCT1112	MV	769	344	0	0	17	327	46	281
PCT1113	ED	746	135	0	0	7	128	20	108
PCT1113	MV	746	360	0	0	36	324	64	260
PCT1114	ED	957	226	0	0	33	193	32	161
PCT1114	MV	957	404	0	0	35	369	68	301
PCT1115	ED	895	174	0	0	17	157	15	142
PCT1115	MV	895	371	0	0	25	346	66	280
PCT1116	ED	895	225	0	0	20	205	14	191
PCT1116	MV	895	376	0	0	27	349	57	292
PCT1117	ED	858	185	0	0	21	164	25	139
PCT1117	MV	858	357	0	0	27	330	56	274
PCT1118	ED	1043	213	0	0	19	194	18	176
PCT1118	MV	1043	476	0	0	33	443	76	367
PCT1119	ED	791	165	0	0	17	148	19	129
PCT1119	MV	791	386	0	0	22	364	57	307
PCT1121	ED	691	160	0	1	19	140	28	112
PCT1121	MV	691	313	0	0	31	282	55	227
PCT1122	ED	632	110	0	0	6	104	18	86
PCT1122	MV	632	310	0	0	26	284	56	228
PCT1123	ED	915	179	0	0	8	171	18	153
PCT1123	MV	915	364	0	0	31	333	60	273
PCT1124	ED	819	152	0	0	12	140	16	124
PCT1124	MV	819	302	0	0	13	289	40	249
PCT1125	ED	1047	159	0	0	16	143	36	107
PCT1125	MV	1047	466	0	0	14	452	92	360
PCT1126	ED	922	191	0	0	18	173	26	147
PCT1126	MV	922	400	0	0	20	380	57	323
PCT1127	ED	920	200	0	0	16	184	30	154
PCT1127	MV	920	382	0	0	19	363	79	284
PCT1128	ED	838	154	0	0	10	144	24	120
PCT1128	MV	838	362	0	0	22	340	66	274
PCT1129	ED	980	227	0	0	22	205	48	157
PCT1129	MV	980	416	0	0	11	405	97	308
PCT1131	ED	797	132	0	0	12	120	19	101
PCT1131	MV	797	371	0	1	15	355	80	275
PCT1132	ED	969	179	0	0	17	162	17	145
PCT1132	MV	969	427	0	0	42	385	73	312
PCT1133	ED	863	161	0	0	17	144	18	126
PCT1133	MV	863	410	0	0	29	381	76	305
PCT1134	ED	759	170	0	0	24	146	14	132
PCT1134	MV	759	318	0	0	23	295	60	235
PCT1135	ED	540	87	0	0	4	83	11	72
PCT1135	MV	540	295	0	0	17	278	50	228
PCT1136	ED	829	144	0	0	14	130	22	108
PCT1136	MV	829	412	0	0	17	395	74	321
PCT9001	MV	273	142	0	0	5	137	18	119
PCT9453	ED	500	135	0	0	11	124	32	92
PCT9453	MV	500	244	0	0	10	234	44	190
PCT9712	ED	649	160	0	0	9	151	24	127
PCT9712	MV	649	398	1	0	5	392	58	334
PCT9714	ED	931	208	1	0	14	193	45	148
PCT9714	MV	931	538	0	0	12	526	99	427
PCT9715	ED	569	180	0	0	7	173	25	148
PCT9715	MV	569	309	0	0	7	302	66	236
PCT9718	ED	862	227	0	0	7	220	44	176
PCT9718	MV	862	496	0	1	19	476	83	393
PCT9719	ED	901	245	0	0	11	234	43	191
PCT9719	MV	901	524	2	0	14	508	96	412
PCT9721	ED	662	198	0	0	5	193	40	153
PCT9721	MV	662	357	0	0	13	344	57	287
PCT9722	ED	605	119	1	0	5	113	25	88
PCT9722	MV	605	355	0	0	10	345	72	273
PCT9723	ED	481	98	0	0	6	92	26	66
PCT9723	MV	481	275	0	0	15	260	68	192
PCT9724	ED	991	205	0	1	14	190	35	155
PCT9724	MV	991	565	0	0	33	532	155	377
PCT9725	ED	970	214	0	0	18	196	44	152
PCT9725	MV	970	499	0	0	36	463	120	343
PCT9726	ED	655	263	0	0	16	247	35	212
PCT9726	MV	655	241	0	0	12	229	42	187
PCT9727	ED	459	79	0	0	5	74	17	57
PCT9727	MV	459	271	0	0	11	260	70	190
PCT9728	ED	926	231	0	0	14	217	52	165
PCT9728	MV	926	503	0	0	18	485	123	362
PCT9729	ED	800	191	0	0	9	182	45	137
PCT9729	MV	800	442	0	0	13	429	93	336
PCT9731	ED	556	167	0	0	12	155	31	124
PCT9731	MV	556	282	0	0	15	267	59	208
PCT9733	MV	235	191	0	0	4	187	17	170
PCT9734	ED	603	154	0	0	5	149	33	116
PCT9734	MV	603	341	0	0	10	331	64	267
PCT9735	ED	809	206	0	0	19	187	38	149
PCT9735	MV	809	449	0	0	16	433	75	358
PCT9736	ED	713	173	0	0	8	165	25	140
PCT9736	MV	713	410	0	0	11	399	40	359
PCT9737	ED	818	208	0	1	12	195	22	173
PCT9737	MV	818	476	0	0	15	461	57	404
PCT9738	ED	848	185	0	0	15	170	30	140
PCT9738	MV	848	404	0	0	13	391	62	329
PCT9739	ED	828	220	0	0	12	208	16	192
PCT9739	MV	828	335	0	0	12	323	48	275
PCT9741	ED	552	232	0	1	7	224	9	215
PCT9741	MV	552	105	0	0	4	101	7	94
PCT9742	ED	677	180	4	0	8	168	41	127
PCT9742	MV	677	289	0	0	9	280	57	223
PCT9743	ED	1163	310	0	0	26	284	33	251
PCT9743	MV	1163	501	0	0	15	486	68	418
PCT9744	ED	911	247	1	0	14	232	36	196
PCT9744	MV	911	391	0	0	9	382	62	320
PCT9745	ED	991	282	0	0	20	262	39	223
PCT9745	MV	991	346	0	0	8	338	41	297
PCT9746	ED	884	232	0	0	6	226	51	175
PCT9746	MV	884	452	0	0	13	439	89	350
PCT9747	ED	973	246	0	0	10	236	27	209
PCT9747	MV	973	470	0	1	22	447	68	379
PCT9748	ED	931	229	0	0	5	224	37	187
PCT9748	MV	931	475	1	0	22	452	79	373
PCT9749	ED	913	225	2	0	26	197	24	173
PCT9749	MV	913	384	0	0	28	356	55	301
PCT9751	ED	1016	253	0	0	20	233	40	193
PCT9751	MV	1016	523	0	0	24	499	75	424
PCT9752	ED	710	175	3	0	8	164	34	130
PCT9752	MV	710	392	0	0	8	384	72	312
PCT9753	ED	756	186	0	0	8	178	16	162
PCT9753	MV	756	388	0	0	14	374	42	332
PCT9754	ED	707	47	0	0	3	44	6	38
PCT9754	MV	707	377	0	0	9	368	34	334
PCT9755	ED	582	172	0	0	11	161	16	145
PCT9755	MV	582	285	2	0	12	271	30	241
PCT9756	ED	941	185	0	0	6	179	25	154
PCT9756	MV	941	477	0	0	35	442	79	363
PCT9801	ED	408	104	0	0	5	99	19	80
PCT9801	MV	408	181	0	0	6	175	19	156
CONG14	TO	56946	40357	19	8	2211	38119	6487	31632
ASSM19	TO	56946	40357	19	8	2211	38119	6487	31632
BART8	TO	50054	35574	16	8	1942	33608	5813	27795
BART9	TO	6892	4783	3	0	269	4511	674	3837
SUPV4	TO	500	379	0	0	21	358	76	282
SUPV7	TO	28578	21655	18	5	949	20683	3612	17071
SUPV8	TO	408	285	0	0	11	274	38	236
SUPV10	TO	273	146	0	0	8	138	18	120
SUPV11	TO	27187	17892	1	3	1222	16666	2743	13923
NEIG5	TO	17331	11520	1	2	756	10761	1918	8843
NEIG7	TO	12118	7928	2	1	572	7353	1046	6307
NEIG9	TO	8390	5918	1	2	305	5610	976	4634
NEIG21	TO	500	379	0	0	21	358	76	282
NEIG23	TO	273	146	0	0	8	138	18	120
NEIG24	TO	18334	14466	15	3	549	13899	2453	11446
