area_id	subtotal_type	RSReg	RSCst	RSRej	RSOvr	RSUnd	RSTot	084:RICARDO LARA	085:STEVE POIZNER
ALL	TO	500516	372848	106	157	34922	337663	235299	102364
ALL	ED	500516	127886	80	44	11947	115815	83691	32124
ALL	MV	500516	244962	26	113	22975	221848	151608	70240
PCT1101	ED	553	126	0	0	12	114	87	27
PCT1101	MV	553	266	0	0	19	247	181	66
PCT1102	ED	995	266	0	0	18	248	189	59
PCT1102	MV	995	480	0	0	25	455	326	129
PCT1103	ED	951	246	1	0	24	221	166	55
PCT1103	MV	951	445	0	0	28	417	281	136
PCT1104	ED	993	249	0	0	26	223	171	52
PCT1104	MV	993	414	0	0	37	377	286	91
PCT1106	ED	765	191	0	0	14	177	136	41
PCT1106	MV	765	343	0	0	29	314	209	105
PCT1107	ED	746	163	0	0	15	148	112	36
PCT1107	MV	746	336	0	0	45	291	209	82
PCT1108	ED	909	232	0	0	29	203	160	43
PCT1108	MV	909	438	0	0	40	398	281	117
PCT1109	ED	798	166	0	0	14	152	116	36
PCT1109	MV	798	365	0	0	36	329	233	96
PCT1111	ED	1002	205	0	0	20	185	149	36
PCT1111	MV	1002	460	0	2	52	406	288	118
PCT1112	ED	769	151	0	0	17	134	99	35
PCT1112	MV	769	344	0	0	33	311	222	89
PCT1113	ED	746	135	0	0	11	124	97	27
PCT1113	MV	746	360	0	0	50	310	208	102
PCT1114	ED	957	226	0	0	33	193	158	35
PCT1114	MV	957	404	0	1	41	362	255	107
PCT1115	ED	895	174	0	0	15	159	126	33
PCT1115	MV	895	371	0	1	38	332	233	99
PCT1116	ED	895	225	0	0	19	206	160	46
PCT1116	MV	895	376	0	0	36	340	244	96
PCT1117	ED	858	185	0	0	26	159	124	35
PCT1117	MV	858	357	0	0	40	317	238	79
PCT1118	ED	1043	213	0	1	16	196	153	43
PCT1118	MV	1043	476	0	0	55	421	301	120
PCT1119	ED	791	165	0	0	23	142	111	31
PCT1119	MV	791	386	0	0	27	359	267	92
PCT1121	ED	691	160	0	0	17	143	96	47
PCT1121	MV	691	313	0	1	48	264	182	82
PCT1122	ED	632	110	0	1	13	96	67	29
PCT1122	MV	632	310	0	0	39	271	168	103
PCT1123	ED	915	179	0	0	10	169	130	39
PCT1123	MV	915	364	0	0	34	330	236	94
PCT1124	ED	819	152	0	0	14	138	109	29
PCT1124	MV	819	302	0	0	27	275	213	62
PCT1125	ED	1047	159	0	0	13	146	106	40
PCT1125	MV	1047	466	0	0	31	435	314	121
PCT1126	ED	922	191	0	0	14	177	145	32
PCT1126	MV	922	400	0	0	44	356	268	88
PCT1127	ED	920	200	0	0	24	176	128	48
PCT1127	MV	920	382	0	0	46	336	240	96
PCT1128	ED	838	154	0	0	14	140	105	35
PCT1128	MV	838	362	0	0	31	331	230	101
PCT1129	ED	980	227	0	0	26	201	146	55
PCT1129	MV	980	416	0	0	29	387	289	98
PCT1131	ED	797	132	0	0	15	117	87	30
PCT1131	MV	797	371	0	0	39	332	220	112
PCT1132	ED	969	179	0	0	16	163	124	39
PCT1132	MV	969	427	0	1	48	378	270	108
PCT1133	ED	863	161	0	0	12	149	105	44
PCT1133	MV	863	410	0	0	41	369	253	116
PCT1134	ED	759	170	0	0	21	149	123	26
PCT1134	MV	759	318	0	0	45	273	202	71
PCT1135	ED	540	87	0	0	10	77	65	12
PCT1135	MV	540	295	0	0	30	265	169	96
PCT1136	ED	829	144	0	0	16	128	91	37
PCT1136	MV	829	412	0	0	42	370	256	114
PCT1141	ED	1041	223	0	0	17	206	166	40
PCT1141	MV	1041	484	0	0	40	444	339	105
PCT1142	ED	861	175	0	0	9	166	133	33
PCT1142	MV	861	393	0	0	34	359	262	97
PCT1143	ED	1034	229	0	0	10	219	179	40
PCT1143	MV	1034	440	0	0	43	397	282	115
PCT1144	ED	907	205	0	1	11	193	144	49
PCT1144	MV	907	387	0	0	41	346	262	84
PCT1145	ED	888	189	0	1	17	171	133	38
PCT1145	MV	888	461	0	0	40	421	310	111
PCT1146	ED	1011	186	0	0	16	170	129	41
PCT1146	MV	1011	454	0	1	54	399	314	85
PCT1147	ED	877	210	0	0	17	193	151	42
PCT1147	MV	877	396	0	0	38	358	267	91
PCT1148	ED	962	196	0	0	20	176	140	36
PCT1148	MV	962	444	0	2	46	396	276	120
PCT1149	ED	907	210	0	0	20	190	142	48
PCT1149	MV	907	407	0	0	37	370	267	103
PCT1152	ED	864	198	0	0	17	181	141	40
PCT1152	MV	864	388	0	0	33	355	272	83
PCT1153	ED	951	210	0	1	23	186	127	59
PCT1153	MV	951	415	0	1	64	350	254	96
PCT7001	ED	776	176	2	0	16	158	122	36
PCT7001	MV	776	429	0	0	44	385	289	96
PCT7002	ED	706	176	0	0	17	159	121	38
PCT7002	MV	706	332	0	0	22	310	214	96
PCT7003	ED	884	238	0	0	22	216	153	63
PCT7003	MV	884	498	0	1	35	462	321	141
PCT7004	ED	881	241	1	0	19	221	156	65
PCT7004	MV	881	496	0	0	38	458	312	146
PCT7005	ED	847	253	0	0	22	231	178	53
PCT7005	MV	847	480	0	0	38	442	324	118
PCT7006	ED	917	254	0	0	23	231	185	46
PCT7006	MV	917	442	0	1	31	410	323	87
PCT7007	ED	949	283	0	1	20	262	197	65
PCT7007	MV	949	516	0	1	37	478	346	132
PCT7008	ED	932	264	1	0	18	245	182	63
PCT7008	MV	932	546	1	0	42	503	346	157
PCT7009	ED	905	185	0	0	15	170	125	45
PCT7009	MV	905	513	0	0	27	486	370	116
PCT7011	ED	985	204	0	0	17	187	145	42
PCT7011	MV	985	294	0	0	29	265	205	60
PCT7012	ED	1109	313	0	0	23	290	211	79
PCT7012	MV	1109	594	0	0	44	550	373	177
PCT7013	ED	956	267	0	0	32	235	165	70
PCT7013	MV	956	501	0	0	32	469	309	160
PCT7014	ED	1460	367	0	0	33	334	238	96
PCT7014	MV	1460	802	0	0	64	738	518	220
PCT7015	MV	95	44	0	0	5	39	33	6
PCT7016	ED	918	171	0	0	23	148	116	32
PCT7016	MV	918	280	0	1	37	242	178	64
PCT7017	ED	754	149	0	0	13	136	110	26
PCT7017	MV	754	252	0	0	21	231	195	36
PCT7018	ED	977	155	0	0	14	141	109	32
PCT7018	MV	977	448	0	0	61	387	287	100
PCT7019	ED	899	182	0	0	19	163	134	29
PCT7019	MV	899	413	0	0	45	368	276	92
PCT7021	ED	947	184	0	0	24	160	128	32
PCT7021	MV	947	305	0	0	27	278	219	59
PCT7022	ED	945	215	0	1	24	190	158	32
PCT7022	MV	945	352	0	0	33	319	249	70
PCT7023	ED	928	178	0	0	11	167	135	32
PCT7023	MV	928	400	0	1	38	361	282	79
PCT7024	ED	414	70	0	0	8	62	50	12
PCT7024	MV	414	78	0	0	7	71	45	26
PCT7025	ED	477	85	0	0	8	77	66	11
PCT7025	MV	477	128	0	0	8	120	95	25
PCT7026	ED	1011	149	0	0	21	128	104	24
PCT7026	MV	1011	455	0	0	68	387	251	136
PCT7027	ED	869	195	0	0	28	167	125	42
PCT7027	MV	869	353	0	0	36	317	249	68
PCT7028	ED	850	213	0	0	13	200	165	35
PCT7028	MV	850	282	0	1	14	267	222	45
PCT7029	ED	901	184	0	0	28	156	129	27
PCT7029	MV	901	251	0	0	12	239	190	49
PCT7030	ED	759	119	0	0	12	107	73	34
PCT7030	MV	759	357	0	1	55	301	185	116
PCT7031	ED	641	91	0	0	13	78	60	18
PCT7031	MV	641	309	0	0	31	278	194	84
PCT7032	ED	904	173	1	1	23	148	110	38
PCT7032	MV	904	316	0	0	33	283	205	78
PCT7033	ED	798	191	0	0	17	174	135	39
PCT7033	MV	798	247	0	0	24	223	178	45
PCT7034	ED	958	197	0	0	31	166	137	29
PCT7034	MV	958	201	0	0	19	182	148	34
PCT7035	ED	606	122	0	0	5	117	89	28
PCT7035	MV	606	262	0	0	18	244	170	74
PCT7036	ED	921	117	0	0	8	109	86	23
PCT7036	MV	921	342	0	1	30	311	205	106
PCT7037	ED	735	135	0	0	30	105	80	25
PCT7037	MV	735	98	0	0	13	85	61	24
PCT7038	ED	911	135	0	0	18	117	94	23
PCT7038	MV	911	351	0	1	40	310	214	96
PCT7039	ED	784	178	0	0	15	163	117	46
PCT7039	MV	784	306	0	0	29	277	193	84
PCT7041	MV	61	33	0	0	2	31	19	12
PCT7042	ED	639	118	0	0	7	111	84	27
PCT7042	MV	639	258	0	0	28	230	179	51
PCT7043	ED	957	176	0	0	11	165	128	37
PCT7043	MV	957	404	0	0	41	363	286	77
PCT7044	ED	827	167	0	2	23	142	111	31
PCT7044	MV	827	193	0	0	14	179	120	59
PCT7045	ED	779	120	0	0	21	99	65	34
PCT7045	MV	779	344	0	0	48	296	197	99
PCT7046	ED	402	94	0	0	10	84	71	13
PCT7046	MV	402	175	0	0	24	151	99	52
PCT7047	ED	823	119	0	0	14	105	83	22
PCT7047	MV	823	388	0	0	44	344	249	95
PCT7048	ED	858	150	3	0	17	130	112	18
PCT7048	MV	858	318	0	0	33	285	218	67
PCT7049	ED	792	173	0	0	30	143	95	48
PCT7049	MV	792	305	0	0	54	251	160	91
PCT7051	ED	861	114	0	0	22	92	64	28
PCT7051	MV	861	380	0	0	73	307	204	103
PCT7052	ED	852	161	0	0	21	140	99	41
PCT7052	MV	852	402	0	0	56	346	231	115
PCT7053	ED	548	102	0	0	13	89	64	25
PCT7053	MV	548	278	0	0	24	254	157	97
PCT7054	ED	1073	215	0	0	11	204	160	44
PCT7054	MV	1073	410	0	0	35	375	291	84
PCT7055	ED	808	190	0	0	17	173	132	41
PCT7055	MV	808	440	0	0	45	395	269	126
PCT7101	MV	155	120	1	0	8	111	77	34
PCT7201	ED	936	245	0	0	27	218	144	74
PCT7201	MV	936	518	0	0	48	470	280	190
PCT7202	ED	850	227	0	0	22	205	122	83
PCT7202	MV	850	431	0	0	42	389	218	171
PCT7203	ED	921	291	1	2	13	275	175	100
PCT7203	MV	921	423	0	1	35	387	244	143
PCT7204	ED	918	233	0	0	27	206	137	69
PCT7204	MV	918	531	0	1	32	498	292	206
PCT7205	ED	875	251	0	0	29	222	133	89
PCT7205	MV	875	485	0	0	46	439	221	218
PCT7206	ED	378	135	0	0	9	126	93	33
PCT7206	MV	378	191	0	0	21	170	109	61
PCT7207	ED	812	196	0	0	15	181	135	46
PCT7207	MV	812	434	0	0	63	371	239	132
PCT7208	ED	600	111	0	0	10	101	76	25
PCT7208	MV	600	328	0	0	27	301	182	119
PCT7209	ED	626	107	0	0	10	97	58	39
PCT7209	MV	626	423	0	0	38	385	225	160
PCT7301	ED	1016	228	0	0	35	193	142	51
PCT7301	MV	1016	435	0	1	60	374	237	137
PCT7302	ED	814	188	0	0	15	173	97	76
PCT7302	MV	814	458	0	0	42	416	257	159
PCT7303	ED	1042	281	0	0	32	249	163	86
PCT7303	MV	1042	482	0	0	46	436	272	164
PCT7304	ED	1002	278	0	0	30	248	174	74
PCT7304	MV	1002	493	0	0	50	443	254	189
PCT7305	ED	871	240	0	0	20	220	141	79
PCT7305	MV	871	460	0	0	54	406	229	177
PCT7306	ED	1056	317	0	0	36	281	191	90
PCT7306	MV	1056	498	0	0	55	443	283	160
PCT7307	ED	767	210	0	0	21	189	143	46
PCT7307	MV	767	346	0	1	33	312	191	121
PCT7308	ED	603	177	0	0	21	156	112	44
PCT7308	MV	603	313	0	0	30	283	166	117
PCT7309	ED	884	263	0	0	31	232	158	74
PCT7309	MV	884	439	0	0	48	391	242	149
PCT7311	ED	917	268	0	0	20	248	173	75
PCT7311	MV	917	448	0	0	43	405	260	145
PCT7312	ED	821	203	0	0	21	182	107	75
PCT7312	MV	821	470	0	0	53	417	217	200
PCT7313	ED	968	225	1	1	19	204	151	53
PCT7313	MV	968	485	0	0	68	417	253	164
PCT7314	ED	787	125	0	0	21	104	73	31
PCT7314	MV	787	271	0	0	53	218	150	68
PCT7315	ED	760	220	0	0	29	191	142	49
PCT7315	MV	760	282	0	0	36	246	167	79
PCT7316	ED	853	205	0	0	24	181	136	45
PCT7316	MV	853	367	0	1	49	317	202	115
PCT7317	ED	904	189	0	0	20	169	120	49
PCT7317	MV	904	454	0	0	53	401	247	154
PCT7318	ED	727	179	0	0	31	148	101	47
PCT7318	MV	727	390	0	1	44	345	222	123
PCT7319	ED	1079	301	0	0	31	270	196	74
PCT7319	MV	1079	516	0	1	53	462	296	166
PCT7321	ED	671	149	0	0	26	123	92	31
PCT7321	MV	671	286	0	0	44	242	157	85
PCT7322	ED	874	65	0	1	16	48	36	12
PCT7322	MV	874	337	0	0	81	256	180	76
PCT7323	ED	950	234	0	0	24	210	135	75
PCT7323	MV	950	455	0	0	51	404	247	157
PCT7324	ED	755	190	0	0	28	162	111	51
PCT7324	MV	755	364	0	1	44	319	216	103
PCT7325	ED	904	243	0	0	39	204	137	67
PCT7325	MV	904	436	0	0	48	388	249	139
PCT7326	ED	876	200	0	0	17	183	129	54
PCT7326	MV	876	430	0	0	60	370	222	148
PCT7327	ED	699	71	0	0	15	56	37	19
PCT7327	MV	699	276	0	0	51	225	150	75
PCT7328	ED	973	94	0	0	18	76	57	19
PCT7328	MV	973	394	0	0	93	301	211	90
PCT7329	ED	640	112	0	0	13	99	57	42
PCT7329	MV	640	321	0	0	38	283	151	132
PCT7331	ED	852	213	0	1	25	187	96	91
PCT7331	MV	852	461	0	0	36	425	242	183
PCT7332	ED	834	225	0	0	24	201	140	61
PCT7332	MV	834	364	0	0	33	331	239	92
PCT7333	ED	1044	298	0	0	32	266	189	77
PCT7333	MV	1044	543	0	0	53	490	325	165
PCT7334	ED	881	199	0	0	21	178	128	50
PCT7334	MV	881	462	0	0	56	406	284	122
PCT7335	ED	970	225	0	0	17	208	164	44
PCT7335	MV	970	523	0	0	51	472	285	187
PCT7336	ED	955	238	0	0	26	212	151	61
PCT7336	MV	955	523	0	0	47	476	279	197
PCT7337	ED	851	179	0	0	17	162	85	77
PCT7337	MV	851	464	0	0	52	412	232	180
PCT7338	ED	915	153	0	0	19	134	87	47
PCT7338	MV	915	426	0	0	91	335	213	122
PCT7339	ED	669	174	0	0	19	155	115	40
PCT7339	MV	669	309	0	0	30	279	196	83
PCT7341	ED	908	260	0	0	24	236	175	61
PCT7341	MV	908	401	0	0	37	364	246	118
PCT7342	ED	947	334	0	0	29	305	218	87
PCT7342	MV	947	414	0	1	35	378	249	129
PCT7343	ED	731	234	0	0	21	213	166	47
PCT7343	MV	731	316	0	0	27	289	207	82
PCT7344	ED	1110	291	0	1	20	270	193	77
PCT7344	MV	1110	538	0	0	38	500	350	150
PCT7345	ED	1141	329	1	0	16	312	226	86
PCT7345	MV	1141	521	0	0	36	485	345	140
PCT7346	ED	920	250	0	0	21	229	173	56
PCT7346	MV	920	384	0	0	23	361	273	88
PCT7347	ED	1040	241	0	0	24	217	174	43
PCT7347	MV	1040	480	0	2	44	434	343	91
PCT7348	ED	861	210	0	0	21	189	137	52
PCT7348	MV	861	353	0	0	38	315	240	75
PCT7349	ED	957	248	0	0	16	232	159	73
PCT7349	MV	957	427	0	0	48	379	256	123
PCT7501	ED	565	172	0	0	13	159	113	46
PCT7501	MV	565	308	0	0	21	287	161	126
PCT7502	ED	784	180	1	0	21	158	106	52
PCT7502	MV	784	447	0	0	43	404	266	138
PCT7503	ED	764	208	0	0	23	185	132	53
PCT7503	MV	764	388	0	0	37	351	226	125
PCT7504	ED	503	112	0	0	12	100	72	28
PCT7504	MV	503	222	0	0	17	205	144	61
PCT7505	ED	869	158	0	0	20	138	90	48
PCT7505	MV	869	532	0	0	57	475	301	174
PCT7506	ED	999	226	0	1	16	209	166	43
PCT7506	MV	999	473	0	0	41	432	304	128
PCT7507	ED	955	211	0	1	28	182	143	39
PCT7507	MV	955	344	0	2	30	312	231	81
PCT7508	ED	727	154	0	0	19	135	101	34
PCT7508	MV	727	427	0	0	41	386	250	136
PCT7509	ED	932	235	2	0	16	217	160	57
PCT7509	MV	932	470	1	2	26	441	339	102
PCT7512	ED	612	150	0	0	14	136	85	51
PCT7512	MV	612	283	0	0	21	262	170	92
PCT7513	ED	818	225	0	1	33	191	149	42
PCT7513	MV	818	315	0	2	29	284	204	80
PCT7514	ED	874	140	0	1	14	125	102	23
PCT7514	MV	874	305	0	0	40	265	204	61
PCT7515	ED	869	212	0	0	27	185	154	31
PCT7515	MV	869	389	0	0	37	352	262	90
PCT7516	ED	922	172	0	0	10	162	116	46
PCT7516	MV	922	538	0	1	51	486	342	144
PCT7517	ED	863	289	0	0	21	268	218	50
PCT7517	MV	863	410	0	0	31	379	280	99
PCT7518	ED	950	309	0	0	24	285	225	60
PCT7518	MV	950	480	0	1	40	439	330	109
PCT7519	ED	737	224	0	0	11	213	171	42
PCT7519	MV	737	355	0	0	32	323	237	86
PCT7521	ED	812	292	0	0	31	261	206	55
PCT7521	MV	812	354	0	0	22	332	243	89
PCT7522	ED	764	207	0	0	11	196	154	42
PCT7522	MV	764	397	0	0	16	381	292	89
PCT7523	ED	747	275	0	0	22	253	203	50
PCT7523	MV	747	359	0	0	26	333	247	86
PCT7524	ED	615	181	0	0	23	158	122	36
PCT7524	MV	615	262	0	0	20	242	180	62
PCT7525	ED	800	205	0	0	16	189	152	37
PCT7525	MV	800	341	0	0	29	312	233	79
PCT7526	ED	1011	292	0	1	25	266	189	77
PCT7526	MV	1011	552	0	0	51	501	373	128
PCT7527	ED	725	211	0	1	20	190	132	58
PCT7527	MV	725	339	0	1	29	309	239	70
PCT7529	ED	948	295	0	0	27	268	208	60
PCT7529	MV	948	486	0	0	29	457	354	103
PCT7531	ED	865	228	0	0	9	219	174	45
PCT7531	MV	865	442	0	0	29	413	318	95
PCT7532	ED	852	246	0	0	26	220	173	47
PCT7532	MV	852	398	0	1	27	370	252	118
PCT7533	ED	1015	357	0	0	18	339	269	70
PCT7533	MV	1015	490	0	0	41	449	324	125
PCT7534	ED	936	322	0	0	24	298	238	60
PCT7534	MV	936	415	0	0	31	384	281	103
PCT7535	ED	767	262	0	0	17	245	190	55
PCT7535	MV	767	387	0	0	27	360	275	85
PCT7536	ED	863	291	0	0	22	269	213	56
PCT7536	MV	863	421	0	0	21	400	309	91
PCT7537	ED	752	240	0	0	19	221	177	44
PCT7537	MV	752	363	0	0	25	338	261	77
PCT7538	ED	771	246	0	0	10	236	184	52
PCT7538	MV	771	400	0	0	27	373	286	87
PCT7539	ED	922	330	0	0	30	300	258	42
PCT7539	MV	922	428	0	0	40	388	297	91
PCT7541	ED	805	248	0	0	12	236	187	49
PCT7541	MV	805	400	0	0	29	371	293	78
PCT7542	ED	821	272	0	0	20	252	203	49
PCT7542	MV	821	389	0	0	23	366	287	79
PCT7543	ED	909	216	0	1	16	199	165	34
PCT7543	MV	909	467	0	0	30	437	338	99
PCT7544	ED	898	258	0	0	25	233	181	52
PCT7544	MV	898	479	0	0	30	449	344	105
PCT7545	ED	918	273	0	0	18	255	197	58
PCT7545	MV	918	480	0	0	46	434	314	120
PCT7546	ED	982	304	0	0	30	274	213	61
PCT7546	MV	982	517	0	1	29	487	371	116
PCT7547	ED	1029	315	0	0	29	286	223	63
PCT7547	MV	1029	505	0	0	44	461	358	103
PCT7548	ED	1073	319	1	0	28	290	231	59
PCT7548	MV	1073	512	0	0	30	482	331	151
PCT7549	ED	811	215	0	0	22	193	142	51
PCT7549	MV	811	431	0	0	44	387	273	114
PCT7551	ED	741	239	0	0	19	220	167	53
PCT7551	MV	741	394	0	0	21	373	283	90
PCT7552	ED	727	241	0	0	19	222	168	54
PCT7552	MV	727	361	0	0	34	327	242	85
PCT7553	MV	180	126	0	0	9	117	79	38
PCT7554	ED	808	247	0	0	21	226	155	71
PCT7554	MV	808	442	0	0	39	403	277	126
PCT7555	ED	886	290	0	0	23	267	199	68
PCT7555	MV	886	459	0	1	28	430	288	142
PCT7556	ED	969	275	0	0	19	256	176	80
PCT7556	MV	969	573	0	0	28	545	365	180
PCT7601	ED	767	191	0	0	15	176	130	46
PCT7601	MV	767	290	0	1	29	260	202	58
PCT7602	ED	901	213	0	0	21	192	151	41
PCT7602	MV	901	379	0	0	32	347	269	78
PCT7603	ED	830	250	0	0	20	230	184	46
PCT7603	MV	830	376	0	1	34	341	270	71
PCT7604	ED	954	266	0	0	27	239	186	53
PCT7604	MV	954	352	0	0	22	330	255	75
PCT7605	ED	648	120	0	0	15	105	81	24
PCT7605	MV	648	203	0	1	20	182	149	33
PCT7606	ED	924	205	0	0	25	180	132	48
PCT7606	MV	924	330	0	0	36	294	218	76
PCT7607	ED	960	215	0	0	20	195	153	42
PCT7607	MV	960	407	0	0	25	382	284	98
PCT7608	ED	392	70	0	0	7	63	48	15
PCT7608	MV	392	136	0	0	23	113	77	36
PCT7609	ED	926	120	0	1	17	102	70	32
PCT7609	MV	926	352	0	0	63	289	219	70
PCT7611	ED	755	126	0	0	21	105	67	38
PCT7611	MV	755	269	0	0	57	212	144	68
PCT7612	ED	583	97	0	0	17	80	55	25
PCT7612	MV	583	265	0	0	41	224	145	79
PCT7613	ED	908	204	0	0	26	178	136	42
PCT7613	MV	908	340	0	0	35	305	226	79
PCT7614	ED	1029	223	0	0	32	191	145	46
PCT7614	MV	1029	375	0	1	14	360	265	95
PCT7615	ED	762	162	0	0	33	129	93	36
PCT7615	MV	762	237	0	0	45	192	141	51
PCT7616	ED	1203	324	0	0	36	288	211	77
PCT7616	MV	1203	686	0	0	44	642	476	166
PCT7617	ED	768	102	0	1	17	84	60	24
PCT7617	MV	768	261	0	0	33	228	151	77
PCT7618	ED	862	168	0	0	12	156	119	37
PCT7618	MV	862	407	0	0	20	387	289	98
PCT7619	ED	1063	219	0	0	14	205	156	49
PCT7619	MV	1063	563	0	1	36	526	390	136
PCT7621	ED	1320	287	0	0	22	265	199	66
PCT7621	MV	1320	668	0	0	49	619	428	191
PCT7622	ED	988	170	0	0	22	148	109	39
PCT7622	MV	988	301	0	0	28	273	200	73
PCT7623	ED	746	184	0	0	22	162	121	41
PCT7623	MV	746	297	0	0	30	267	208	59
PCT7624	ED	859	142	0	0	10	132	101	31
PCT7624	MV	859	290	0	2	27	261	188	73
PCT7625	ED	822	66	0	0	12	54	33	21
PCT7625	MV	822	475	0	0	85	390	260	130
PCT7626	ED	1114	227	0	0	18	209	147	62
PCT7626	MV	1114	612	0	0	52	560	359	201
PCT7627	ED	1187	267	0	0	32	235	157	78
PCT7627	MV	1187	582	0	0	60	522	276	246
PCT7628	ED	960	241	0	0	18	223	177	46
PCT7628	MV	960	428	0	1	32	395	306	89
PCT7629	ED	809	208	0	1	19	188	153	35
PCT7629	MV	809	343	0	0	28	315	219	96
PCT7631	ED	1155	270	0	0	33	237	164	73
PCT7631	MV	1155	577	0	1	51	525	357	168
PCT7632	ED	1124	289	0	0	40	249	198	51
PCT7632	MV	1124	561	0	0	31	530	396	134
PCT7633	ED	741	137	0	0	16	121	93	28
PCT7633	MV	741	392	0	0	51	341	228	113
PCT7634	ED	900	195	0	1	31	163	117	46
PCT7634	MV	900	421	0	0	42	379	244	135
PCT7635	ED	840	158	0	0	20	138	101	37
PCT7635	MV	840	382	0	0	35	347	235	112
PCT7636	ED	938	251	0	0	22	229	160	69
PCT7636	MV	938	465	0	1	39	425	251	174
PCT7637	ED	809	193	0	0	17	176	113	63
PCT7637	MV	809	404	0	0	36	368	230	138
PCT7638	ED	1467	295	0	0	35	260	157	103
PCT7638	MV	1467	871	1	1	71	798	457	341
PCT7639	ED	1011	242	0	0	31	211	141	70
PCT7639	MV	1011	559	0	0	58	501	317	184
PCT7641	ED	972	205	0	0	27	178	110	68
PCT7641	MV	972	549	0	0	47	502	289	213
PCT7642	ED	937	153	0	0	13	140	99	41
PCT7642	MV	937	394	0	0	49	345	230	115
PCT7643	ED	920	169	0	0	17	152	109	43
PCT7643	MV	920	507	0	1	39	467	326	141
PCT7644	ED	1175	330	0	0	34	296	210	86
PCT7644	MV	1175	554	0	0	43	511	368	143
PCT7645	ED	640	120	0	0	11	109	75	34
PCT7645	MV	640	377	0	0	37	340	186	154
PCT7646	ED	1100	267	0	0	23	244	184	60
PCT7646	MV	1100	592	0	0	48	544	364	180
PCT7647	ED	1075	205	0	0	20	185	140	45
PCT7647	MV	1075	283	0	0	25	258	188	70
PCT7648	MV	1	0	0	0	0	0	0	0
PCT7649	ED	891	178	0	0	16	162	120	42
PCT7649	MV	891	395	0	0	35	360	249	111
PCT7651	ED	677	166	1	0	23	142	102	40
PCT7651	MV	677	351	0	0	39	312	194	118
PCT7652	ED	628	135	0	0	13	122	86	36
PCT7652	MV	628	301	0	1	29	271	175	96
PCT7653	ED	1280	300	0	0	39	261	175	86
PCT7653	MV	1280	673	0	0	77	596	375	221
PCT7701	ED	1064	296	0	0	28	268	193	75
PCT7701	MV	1064	597	0	0	52	545	363	182
PCT7702	ED	748	180	0	0	19	161	101	60
PCT7702	MV	748	415	0	0	46	369	225	144
PCT7703	MV	171	79	0	1	14	64	47	17
PCT7704	ED	1008	257	0	0	26	231	145	86
PCT7704	MV	1008	557	0	0	36	521	331	190
PCT7705	ED	568	149	0	0	17	132	71	61
PCT7705	MV	568	335	0	0	23	312	179	133
PCT7706	ED	840	252	0	0	21	231	151	80
PCT7706	MV	840	467	0	0	41	426	272	154
PCT7707	ED	857	241	1	0	14	226	141	85
PCT7707	MV	857	495	0	0	44	451	310	141
PCT7708	ED	871	205	0	0	16	189	116	73
PCT7708	MV	871	540	0	0	36	504	311	193
PCT7709	ED	391	102	0	0	7	95	67	28
PCT7709	MV	391	222	0	0	18	204	151	53
PCT7711	ED	766	198	0	0	15	183	134	49
PCT7711	MV	766	422	0	0	37	385	265	120
PCT7712	ED	529	149	0	0	11	138	103	35
PCT7712	MV	529	296	0	0	20	276	206	70
PCT7801	ED	1001	264	1	0	10	253	169	84
PCT7801	MV	1001	596	0	0	41	555	379	176
PCT7802	ED	788	230	0	0	19	211	149	62
PCT7802	MV	788	458	0	0	45	413	294	119
PCT7803	ED	828	174	0	0	10	164	120	44
PCT7803	MV	828	552	0	0	39	513	357	156
PCT7804	ED	893	257	0	1	19	237	184	53
PCT7804	MV	893	533	0	1	42	490	351	139
PCT7805	ED	825	228	0	0	14	214	174	40
PCT7805	MV	825	484	0	1	24	459	326	133
PCT7806	ED	716	208	2	0	9	197	151	46
PCT7806	MV	716	407	0	0	32	375	261	114
PCT7807	ED	844	276	0	1	16	259	203	56
PCT7807	MV	844	417	0	0	26	391	302	89
PCT7808	ED	655	211	0	0	14	197	149	48
PCT7808	MV	655	333	0	0	21	312	248	64
PCT7809	ED	781	238	0	0	14	224	189	35
PCT7809	MV	781	405	0	0	21	384	304	80
PCT7811	ED	783	249	0	0	15	234	187	47
PCT7811	MV	783	404	0	0	20	384	294	90
PCT7812	ED	877	257	0	0	23	234	188	46
PCT7812	MV	877	454	0	0	32	422	320	102
PCT7813	ED	1064	308	1	0	21	286	225	61
PCT7813	MV	1064	585	0	1	37	547	435	112
PCT7814	ED	936	228	0	0	25	203	161	42
PCT7814	MV	936	341	0	1	24	316	265	51
PCT7815	ED	954	238	0	0	13	225	180	45
PCT7815	MV	954	573	0	0	30	543	391	152
PCT7816	ED	865	236	0	0	16	220	176	44
PCT7816	MV	865	531	1	0	31	499	385	114
PCT7817	ED	823	277	0	0	20	257	215	42
PCT7817	MV	823	439	0	0	22	417	332	85
PCT7818	ED	860	234	0	0	15	219	173	46
PCT7818	MV	860	452	2	0	32	418	333	85
PCT7819	ED	793	191	0	0	14	177	133	44
PCT7819	MV	793	420	0	1	26	393	302	91
PCT7821	ED	985	248	0	0	15	233	182	51
PCT7821	MV	985	630	0	2	37	591	446	145
PCT7822	ED	908	275	0	0	13	262	210	52
PCT7822	MV	908	480	0	1	44	435	341	94
PCT7823	ED	879	270	6	0	13	251	212	39
PCT7823	MV	879	501	0	0	31	470	362	108
PCT7824	ED	768	247	0	0	20	227	183	44
PCT7824	MV	768	383	0	0	36	347	239	108
PCT7825	ED	597	191	0	0	14	177	152	25
PCT7825	MV	597	302	0	0	17	285	232	53
PCT7826	ED	684	258	0	0	17	241	188	53
PCT7826	MV	684	319	0	0	20	299	230	69
PCT7827	ED	831	261	0	1	11	249	208	41
PCT7827	MV	831	361	0	0	25	336	253	83
PCT7828	ED	1018	261	0	0	15	246	171	75
PCT7828	MV	1018	549	0	0	37	512	375	137
PCT7829	ED	907	237	1	0	14	222	161	61
PCT7829	MV	907	557	0	0	27	530	378	152
PCT7831	ED	882	233	0	0	11	222	173	49
PCT7831	MV	882	544	0	0	24	520	398	122
PCT7832	ED	780	188	0	0	14	174	126	48
PCT7832	MV	780	488	0	0	27	461	342	119
PCT7833	ED	747	230	0	0	22	208	177	31
PCT7833	MV	747	412	0	0	25	387	295	92
PCT7834	ED	867	277	0	0	22	255	212	43
PCT7834	MV	867	439	0	1	27	411	318	93
PCT7835	ED	847	211	0	0	13	198	139	59
PCT7835	MV	847	505	1	0	31	473	342	131
PCT7836	ED	1023	260	0	0	19	241	195	46
PCT7836	MV	1023	623	0	0	37	586	431	155
PCT7837	ED	911	260	0	0	12	248	196	52
PCT7837	MV	911	509	2	0	41	466	325	141
PCT7838	ED	926	239	0	0	21	218	156	62
PCT7838	MV	926	546	0	0	43	503	357	146
PCT7839	ED	842	205	0	0	17	188	143	45
PCT7839	MV	842	515	0	0	41	474	341	133
PCT7841	ED	937	291	0	0	22	269	195	74
PCT7841	MV	937	526	0	0	42	484	361	123
PCT7842	ED	903	283	0	0	18	265	211	54
PCT7842	MV	903	434	0	0	42	392	283	109
PCT7843	ED	767	232	0	0	22	210	172	38
PCT7843	MV	767	380	0	0	28	352	272	80
PCT7844	ED	663	196	0	0	15	181	147	34
PCT7844	MV	663	329	0	0	21	308	243	65
PCT7845	ED	849	241	0	0	30	211	152	59
PCT7845	MV	849	469	0	0	38	431	330	101
PCT7846	ED	904	262	0	1	23	238	177	61
PCT7846	MV	904	509	0	1	42	466	335	131
PCT7847	ED	929	261	0	0	21	240	184	56
PCT7847	MV	929	529	0	0	56	473	369	104
PCT7848	ED	834	233	0	0	20	213	159	54
PCT7848	MV	834	491	0	0	38	453	303	150
PCT7849	ED	929	264	0	0	22	242	186	56
PCT7849	MV	929	522	0	0	43	479	327	152
PCT7851	ED	513	136	0	0	13	123	82	41
PCT7851	MV	513	298	0	0	27	271	183	88
PCT7852	ED	647	143	0	0	7	136	92	44
PCT7852	MV	647	394	0	1	26	367	259	108
PCT7853	ED	850	214	0	0	11	203	150	53
PCT7853	MV	850	479	0	1	33	445	329	116
PCT7854	ED	894	248	0	0	19	229	170	59
PCT7854	MV	894	500	0	0	42	458	315	143
PCT7855	ED	986	301	0	0	22	279	209	70
PCT7855	MV	986	522	0	0	42	480	345	135
PCT7856	ED	800	265	0	1	20	244	183	61
PCT7856	MV	800	425	0	0	31	394	301	93
PCT7857	ED	933	276	0	0	23	253	198	55
PCT7857	MV	933	517	0	0	51	466	329	137
PCT7858	ED	775	245	0	0	18	227	182	45
PCT7858	MV	775	394	0	0	32	362	283	79
PCT7859	ED	891	250	0	0	16	234	157	77
PCT7859	MV	891	513	0	0	30	483	337	146
PCT7861	ED	859	217	0	0	15	202	143	59
PCT7861	MV	859	510	0	0	29	481	328	153
PCT7862	ED	866	302	0	0	20	282	210	72
PCT7862	MV	866	472	0	0	33	439	307	132
PCT7863	ED	907	311	0	0	19	292	221	71
PCT7863	MV	907	440	0	0	36	404	309	95
PCT7864	ED	807	232	0	0	13	219	177	42
PCT7864	MV	807	427	0	0	22	405	291	114
PCT7865	ED	823	241	0	0	11	230	184	46
PCT7865	MV	823	463	0	1	39	423	302	121
PCT7866	ED	836	209	0	0	12	197	136	61
PCT7866	MV	836	491	0	0	31	460	280	180
PCT7867	ED	955	266	0	1	24	241	169	72
PCT7867	MV	955	512	0	0	43	469	320	149
PCT7868	ED	881	242	0	0	18	224	169	55
PCT7868	MV	881	449	1	2	30	416	292	124
PCT7869	ED	867	239	0	0	12	227	174	53
PCT7869	MV	867	489	0	1	36	452	309	143
PCT7871	ED	900	259	0	0	19	240	178	62
PCT7871	MV	900	502	2	0	27	473	312	161
PCT7872	ED	862	288	0	0	22	266	193	73
PCT7872	MV	862	472	0	0	39	433	306	127
PCT7873	ED	861	257	0	0	16	241	172	69
PCT7873	MV	861	502	0	0	36	466	342	124
PCT7874	ED	477	137	0	0	12	125	94	31
PCT7874	MV	477	256	1	0	16	239	180	59
PCT7875	ED	623	180	0	0	19	161	121	40
PCT7875	MV	623	285	0	0	36	249	206	43
PCT7876	ED	498	154	10	0	19	125	94	31
PCT7876	MV	498	269	0	0	27	242	178	64
PCT7901	ED	522	136	0	1	17	118	87	31
PCT7901	MV	522	198	0	0	17	181	145	36
PCT7902	ED	968	258	0	0	23	235	179	56
PCT7902	MV	968	401	0	0	22	379	310	69
PCT7903	ED	840	201	0	0	22	179	142	37
PCT7903	MV	840	350	0	0	24	326	275	51
PCT7904	ED	877	212	0	0	16	196	154	42
PCT7904	MV	877	403	0	0	25	378	282	96
PCT7905	ED	851	254	0	0	13	241	185	56
PCT7905	MV	851	409	1	0	22	386	300	86
PCT7906	ED	787	245	0	0	23	222	190	32
PCT7906	MV	787	335	0	0	24	311	242	69
PCT7907	ED	950	278	0	0	26	252	209	43
PCT7907	MV	950	425	0	0	33	392	322	70
PCT7908	ED	949	284	0	0	32	252	199	53
PCT7908	MV	949	408	0	0	39	369	285	84
PCT7909	ED	733	251	0	0	13	238	203	35
PCT7909	MV	733	303	0	0	23	280	236	44
PCT7911	ED	860	244	0	0	17	227	185	42
PCT7911	MV	860	395	0	1	30	364	293	71
PCT7912	ED	1065	291	0	0	27	264	225	39
PCT7912	MV	1065	463	0	1	44	418	335	83
PCT7913	ED	913	312	0	0	19	293	252	41
PCT7913	MV	913	378	0	0	33	345	270	75
PCT7914	ED	883	278	0	0	22	256	212	44
PCT7914	MV	883	425	0	0	27	398	326	72
PCT7915	ED	831	266	0	0	16	250	219	31
PCT7915	MV	831	351	0	0	26	325	265	60
PCT7916	ED	888	284	0	0	26	258	210	48
PCT7916	MV	888	421	0	1	19	401	318	83
PCT7917	ED	1015	315	0	0	25	290	252	38
PCT7917	MV	1015	428	0	1	20	407	324	83
PCT7918	ED	836	253	0	0	27	226	196	30
PCT7918	MV	836	379	0	0	21	358	285	73
PCT7919	ED	895	309	0	0	22	287	262	25
PCT7919	MV	895	376	0	0	27	349	287	62
PCT7921	ED	917	232	0	0	20	212	181	31
PCT7921	MV	917	366	0	1	26	339	260	79
PCT7922	ED	831	250	0	0	16	234	198	36
PCT7922	MV	831	383	0	0	29	354	301	53
PCT7923	ED	885	262	0	0	12	250	209	41
PCT7923	MV	885	403	0	2	22	379	310	69
PCT7924	ED	842	238	0	0	13	225	195	30
PCT7924	MV	842	382	0	0	25	357	288	69
PCT7925	ED	567	156	0	0	2	154	128	26
PCT7925	MV	567	293	0	0	25	268	220	48
PCT7926	ED	795	229	0	0	13	216	177	39
PCT7926	MV	795	390	0	0	21	369	293	76
PCT7927	ED	747	241	0	0	20	221	183	38
PCT7927	MV	747	392	0	0	21	371	284	87
PCT7928	ED	931	284	0	0	10	274	228	46
PCT7928	MV	931	489	0	0	24	465	364	101
PCT7929	ED	864	248	0	0	20	228	175	53
PCT7929	MV	864	509	1	0	28	480	346	134
PCT7931	ED	738	219	0	0	21	198	151	47
PCT7931	MV	738	408	0	0	19	389	294	95
PCT7932	ED	551	157	1	0	16	140	116	24
PCT7932	MV	551	285	0	0	17	268	196	72
PCT7933	MV	6	4	0	0	1	3	2	1
PCT7934	ED	890	250	0	0	17	233	193	40
PCT7934	MV	890	472	0	0	22	450	375	75
PCT7935	ED	970	305	0	0	26	279	232	47
PCT7935	MV	970	519	0	0	43	476	380	96
PCT7936	ED	856	287	0	0	19	268	219	49
PCT7936	MV	856	428	0	0	18	410	316	94
PCT7937	ED	886	267	0	0	26	241	206	35
PCT7937	MV	886	435	0	0	32	403	328	75
PCT7938	ED	788	213	0	0	18	195	158	37
PCT7938	MV	788	337	0	1	22	314	243	71
PCT7939	ED	688	254	0	0	15	239	201	38
PCT7939	MV	688	326	0	0	22	304	251	53
PCT7941	ED	751	218	0	0	13	205	167	38
PCT7941	MV	751	348	0	0	27	321	256	65
PCT7942	ED	914	259	1	0	18	240	188	52
PCT7942	MV	914	412	0	0	41	371	291	80
PCT7943	ED	872	258	4	0	16	238	178	60
PCT7943	MV	872	439	0	1	41	397	303	94
PCT7944	ED	801	243	0	0	15	228	200	28
PCT7944	MV	801	381	0	0	22	359	281	78
PCT7945	ED	915	186	0	0	13	173	139	34
PCT7945	MV	915	414	0	0	26	388	311	77
PCT7946	ED	945	183	0	0	18	165	130	35
PCT7946	MV	945	451	0	0	47	404	290	114
PCT7947	ED	946	182	0	0	26	156	122	34
PCT7947	MV	946	430	0	0	61	369	266	103
PCT7948	ED	928	210	0	0	16	194	151	43
PCT7948	MV	928	422	0	0	58	364	254	110
PCT7949	ED	569	100	0	0	11	89	64	25
PCT7949	MV	569	292	0	1	33	258	171	87
PCT7951	ED	854	166	0	0	17	149	113	36
PCT7951	MV	854	425	0	0	49	376	241	135
PCT7952	ED	866	167	0	0	19	148	99	49
PCT7952	MV	866	359	0	1	32	326	233	93
PCT7953	ED	824	186	2	0	18	166	124	42
PCT7953	MV	824	402	0	0	44	358	238	120
PCT7955	ED	902	199	0	2	23	174	122	52
PCT7955	MV	902	435	0	0	53	382	257	125
PCT7956	ED	823	136	0	0	15	121	87	34
PCT7956	MV	823	353	0	0	34	319	216	103
PCT7957	ED	646	147	0	1	13	133	109	24
PCT7957	MV	646	298	0	0	24	274	208	66
PCT7958	MV	290	141	0	0	12	129	91	38
PCT7959	ED	727	160	0	0	12	148	115	33
PCT7959	MV	727	326	0	0	22	304	239	65
PCT9001	MV	273	142	0	0	9	133	99	34
PCT9101	ED	888	260	0	0	17	243	173	70
PCT9101	MV	888	438	0	0	48	390	241	149
PCT9102	ED	985	257	0	0	20	237	144	93
PCT9102	MV	985	471	0	0	45	426	268	158
PCT9103	ED	954	273	0	0	25	248	154	94
PCT9103	MV	954	431	0	0	57	374	234	140
PCT9104	ED	988	239	0	0	28	211	155	56
PCT9104	MV	988	465	0	0	41	424	287	137
PCT9105	ED	919	247	0	0	24	223	145	78
PCT9105	MV	919	488	0	0	47	441	287	154
PCT9106	ED	937	268	1	0	24	243	174	69
PCT9106	MV	937	497	0	0	59	438	272	166
PCT9107	ED	849	219	0	0	15	204	150	54
PCT9107	MV	849	372	0	1	39	332	233	99
PCT9108	ED	790	247	0	0	16	231	171	60
PCT9108	MV	790	373	1	0	38	334	231	103
PCT9109	ED	884	263	0	0	25	238	154	84
PCT9109	MV	884	428	0	0	44	384	270	114
PCT9111	ED	779	229	0	0	17	212	157	55
PCT9111	MV	779	346	0	0	36	310	210	100
PCT9112	ED	976	284	0	0	27	257	176	81
PCT9112	MV	976	467	0	0	46	421	286	135
PCT9113	ED	999	311	0	0	30	281	191	90
PCT9113	MV	999	505	0	0	52	453	295	158
PCT9114	ED	877	263	0	0	24	239	173	66
PCT9114	MV	877	405	0	0	28	377	259	118
PCT9115	ED	911	258	0	0	14	244	181	63
PCT9115	MV	911	429	0	0	46	383	289	94
PCT9116	ED	944	281	1	0	17	263	194	69
PCT9116	MV	944	473	0	0	61	412	282	130
PCT9117	ED	783	222	0	0	13	209	144	65
PCT9117	MV	783	398	0	0	37	361	243	118
PCT9118	ED	974	286	0	0	36	250	165	85
PCT9118	MV	974	426	0	0	58	368	244	124
PCT9119	ED	891	237	0	0	25	212	141	71
PCT9119	MV	891	447	0	1	41	405	272	133
PCT9121	ED	930	256	0	0	29	227	164	63
PCT9121	MV	930	434	0	1	47	386	267	119
PCT9122	ED	953	210	0	0	25	185	136	49
PCT9122	MV	953	454	0	0	42	412	263	149
PCT9123	ED	858	232	0	0	18	214	148	66
PCT9123	MV	858	418	0	1	36	381	238	143
PCT9124	ED	874	202	0	1	16	185	122	63
PCT9124	MV	874	438	0	0	49	389	253	136
PCT9125	ED	861	210	0	0	26	184	129	55
PCT9125	MV	861	437	0	0	43	394	276	118
PCT9126	ED	1015	245	0	0	27	218	149	69
PCT9126	MV	1015	533	0	0	61	472	299	173
PCT9127	ED	960	269	0	0	36	233	163	70
PCT9127	MV	960	498	0	0	51	447	306	141
PCT9128	ED	828	248	0	0	20	228	160	68
PCT9128	MV	828	412	0	0	36	376	254	122
PCT9129	ED	741	243	0	0	24	219	156	63
PCT9129	MV	741	348	0	0	38	310	212	98
PCT9131	ED	759	193	0	0	16	177	127	50
PCT9131	MV	759	403	0	0	33	370	251	119
PCT9132	ED	837	248	0	0	25	223	175	48
PCT9132	MV	837	371	0	1	33	337	242	95
PCT9133	ED	1021	271	0	0	26	245	180	65
PCT9133	MV	1021	503	0	0	43	460	321	139
PCT9134	ED	893	210	0	0	31	179	140	39
PCT9134	MV	893	469	0	0	58	411	247	164
PCT9135	ED	808	215	0	0	18	197	127	70
PCT9135	MV	808	389	0	1	37	351	213	138
PCT9136	ED	929	253	0	0	31	222	155	67
PCT9136	MV	929	439	0	0	44	395	276	119
PCT9137	ED	1006	260	0	0	22	238	154	84
PCT9137	MV	1006	467	0	0	37	430	284	146
PCT9138	ED	943	226	1	0	28	197	137	60
PCT9138	MV	943	477	1	0	37	439	292	147
PCT9139	ED	975	243	0	0	22	221	139	82
PCT9139	MV	975	510	0	0	50	460	276	184
PCT9141	ED	953	252	0	0	23	229	141	88
PCT9141	MV	953	477	0	1	48	428	291	137
PCT9142	ED	966	276	0	0	31	245	190	55
PCT9142	MV	966	459	0	0	40	419	311	108
PCT9143	ED	920	251	0	0	27	224	156	68
PCT9143	MV	920	463	0	0	53	410	257	153
PCT9144	ED	962	293	0	0	24	269	191	78
PCT9144	MV	962	482	0	0	50	432	292	140
PCT9145	ED	861	249	1	0	19	229	154	75
PCT9145	MV	861	423	0	0	30	393	268	125
PCT9146	ED	885	245	0	0	22	223	154	69
PCT9146	MV	885	464	0	0	42	422	294	128
PCT9147	ED	971	281	0	0	37	244	178	66
PCT9147	MV	971	492	0	0	37	455	317	138
PCT9148	ED	1034	325	0	0	16	309	220	89
PCT9148	MV	1034	513	0	0	35	478	324	154
PCT9149	ED	948	264	0	0	21	243	189	54
PCT9149	MV	948	478	0	0	28	450	305	145
PCT9151	ED	872	227	0	0	17	210	143	67
PCT9151	MV	872	418	0	0	31	387	248	139
PCT9152	ED	721	270	0	0	13	257	195	62
PCT9152	MV	721	279	0	1	17	261	187	74
PCT9201	ED	1004	300	0	0	10	290	211	79
PCT9201	MV	1004	475	0	2	27	446	314	132
PCT9202	ED	971	294	0	0	23	271	174	97
PCT9202	MV	971	426	0	0	44	382	257	125
PCT9203	ED	1002	239	0	0	37	202	102	100
PCT9203	MV	1002	536	0	0	69	467	233	234
PCT9204	ED	873	273	0	0	43	230	91	139
PCT9204	MV	873	393	0	0	51	342	170	172
PCT9205	ED	728	208	0	0	27	181	118	63
PCT9205	MV	728	376	0	0	35	341	200	141
PCT9206	ED	931	249	0	1	32	216	103	113
PCT9206	MV	931	479	0	0	55	424	208	216
PCT9207	ED	981	262	0	0	40	222	126	96
PCT9207	MV	981	502	0	0	75	427	225	202
PCT9208	ED	1002	287	0	0	33	254	150	104
PCT9208	MV	1002	491	0	0	54	437	244	193
PCT9209	ED	711	245	0	0	24	221	121	100
PCT9209	MV	711	327	0	0	36	291	148	143
PCT9211	ED	889	234	0	0	28	206	139	67
PCT9211	MV	889	432	0	0	49	383	234	149
PCT9212	ED	803	234	0	0	26	208	133	75
PCT9212	MV	803	400	0	0	39	361	222	139
PCT9213	ED	951	264	0	0	28	236	149	87
PCT9213	MV	951	508	0	0	64	444	247	197
PCT9214	ED	640	166	0	0	23	143	78	65
PCT9214	MV	640	334	0	0	40	294	161	133
PCT9215	ED	652	194	0	0	24	170	89	81
PCT9215	MV	652	327	0	0	50	277	145	132
PCT9216	ED	845	246	0	0	28	218	122	96
PCT9216	MV	845	379	0	0	47	332	183	149
PCT9217	ED	698	194	0	0	22	172	98	74
PCT9217	MV	698	349	0	0	49	300	154	146
PCT9218	ED	841	249	0	0	31	218	127	91
PCT9218	MV	841	412	0	0	56	356	212	144
PCT9219	ED	802	242	0	0	21	221	143	78
PCT9219	MV	802	399	0	0	44	355	205	150
PCT9221	ED	651	145	0	0	21	124	58	66
PCT9221	MV	651	399	0	0	52	347	150	197
PCT9222	ED	883	249	0	0	36	213	110	103
PCT9222	MV	883	449	0	0	53	396	197	199
PCT9223	ED	638	160	0	0	19	141	79	62
PCT9223	MV	638	338	0	0	39	299	157	142
PCT9224	ED	960	263	0	0	36	227	112	115
PCT9224	MV	960	506	0	0	62	444	237	207
PCT9225	ED	958	299	0	0	31	268	152	116
PCT9225	MV	958	469	0	0	59	410	235	175
PCT9226	ED	926	271	0	0	39	232	132	100
PCT9226	MV	926	486	0	0	55	431	259	172
PCT9227	ED	738	188	0	0	24	164	97	67
PCT9227	MV	738	404	0	0	37	367	191	176
PCT9228	ED	747	189	0	0	19	170	94	76
PCT9228	MV	747	424	0	0	44	380	198	182
PCT9229	ED	598	162	0	0	20	142	87	55
PCT9229	MV	598	316	0	1	27	288	140	148
PCT9231	ED	953	313	0	0	24	289	197	92
PCT9231	MV	953	488	0	0	67	421	280	141
PCT9232	ED	735	212	0	0	25	187	102	85
PCT9232	MV	735	396	0	1	37	358	196	162
PCT9233	ED	793	209	0	1	28	180	99	81
PCT9233	MV	793	434	0	0	49	385	180	205
PCT9234	ED	746	187	0	0	21	166	102	64
PCT9234	MV	746	438	0	0	41	397	224	173
PCT9235	ED	884	239	0	0	15	224	120	104
PCT9235	MV	884	488	0	1	53	434	205	229
PCT9236	ED	683	201	0	0	19	182	93	89
PCT9236	MV	683	358	0	0	45	313	172	141
PCT9237	ED	936	229	0	0	29	200	118	82
PCT9237	MV	936	539	0	0	63	476	244	232
PCT9238	ED	842	230	0	0	35	195	109	86
PCT9238	MV	842	456	0	0	46	410	199	211
PCT9239	ED	881	200	0	0	23	177	103	74
PCT9239	MV	881	499	0	0	54	445	237	208
PCT9241	ED	1005	255	0	0	30	225	133	92
PCT9241	MV	1005	578	0	0	53	525	294	231
PCT9242	ED	972	277	0	0	29	248	155	93
PCT9242	MV	972	513	0	0	52	461	267	194
PCT9243	ED	594	193	0	0	19	174	101	73
PCT9243	MV	594	307	0	0	28	279	173	106
PCT9244	ED	903	255	0	0	29	226	147	79
PCT9244	MV	903	485	0	0	50	435	287	148
PCT9245	ED	742	209	0	0	20	189	118	71
PCT9245	MV	742	375	0	0	36	339	227	112
PCT9246	ED	929	257	0	0	26	231	152	79
PCT9246	MV	929	528	0	0	52	476	291	185
PCT9247	ED	927	264	0	0	24	240	155	85
PCT9247	MV	927	515	0	1	43	471	292	179
PCT9248	ED	907	258	0	0	23	235	151	84
PCT9248	MV	907	487	0	1	44	442	285	157
PCT9249	ED	917	271	0	0	21	250	158	92
PCT9249	MV	917	495	0	0	43	452	279	173
PCT9251	ED	995	287	0	0	28	259	166	93
PCT9251	MV	995	530	0	0	56	474	299	175
PCT9252	ED	944	219	0	0	23	196	131	65
PCT9252	MV	944	550	0	0	57	493	301	192
PCT9253	ED	772	187	0	0	22	165	103	62
PCT9253	MV	772	397	0	0	34	363	211	152
PCT9254	ED	935	230	0	0	13	217	155	62
PCT9254	MV	935	538	0	0	39	499	319	180
PCT9255	ED	553	183	0	0	21	162	113	49
PCT9255	MV	553	263	0	0	21	242	166	76
PCT9256	ED	474	130	0	0	12	118	84	34
PCT9256	MV	474	233	0	0	19	214	139	75
PCT9257	MV	321	235	0	0	13	222	174	48
PCT9258	ED	712	193	0	0	13	180	121	59
PCT9258	MV	712	373	0	0	36	337	211	126
PCT9401	ED	1012	293	0	0	28	265	205	60
PCT9401	MV	1012	484	0	0	42	442	331	111
PCT9402	ED	977	290	0	0	45	245	185	60
PCT9402	MV	977	458	0	1	56	401	285	116
PCT9403	ED	897	240	0	0	19	221	170	51
PCT9403	MV	897	419	0	0	42	377	256	121
PCT9404	ED	930	200	0	0	31	169	120	49
PCT9404	MV	930	462	0	0	53	409	271	138
PCT9405	ED	786	210	0	0	20	190	115	75
PCT9405	MV	786	364	0	0	41	323	209	114
PCT9406	ED	868	244	0	0	26	218	148	70
PCT9406	MV	868	421	0	1	36	384	263	121
PCT9407	ED	889	253	0	0	23	230	159	71
PCT9407	MV	889	409	0	0	41	368	250	118
PCT9408	ED	886	265	0	0	31	234	184	50
PCT9408	MV	886	415	0	0	34	381	287	94
PCT9409	ED	590	201	0	0	13	188	156	32
PCT9409	MV	590	252	0	0	30	222	153	69
PCT9411	ED	956	271	0	0	24	247	195	52
PCT9411	MV	956	431	0	0	34	397	291	106
PCT9412	ED	848	245	0	0	22	223	169	54
PCT9412	MV	848	380	0	0	49	331	237	94
PCT9413	ED	894	229	0	0	26	203	142	61
PCT9413	MV	894	461	0	0	71	390	262	128
PCT9414	ED	916	216	0	0	17	199	129	70
PCT9414	MV	916	463	0	0	49	414	266	148
PCT9415	ED	784	187	0	0	23	164	115	49
PCT9415	MV	784	392	0	0	46	346	217	129
PCT9416	ED	1008	282	1	0	34	247	177	70
PCT9416	MV	1008	480	1	0	51	428	294	134
PCT9417	ED	752	175	0	0	21	154	101	53
PCT9417	MV	752	402	0	0	52	350	214	136
PCT9418	ED	790	211	0	0	28	183	135	48
PCT9418	MV	790	376	0	0	74	302	165	137
PCT9419	ED	924	222	0	0	27	195	123	72
PCT9419	MV	924	468	0	0	68	400	228	172
PCT9421	ED	906	238	0	0	29	209	137	72
PCT9421	MV	906	446	0	0	75	371	230	141
PCT9422	ED	1056	283	0	0	38	245	157	88
PCT9422	MV	1056	513	0	0	64	449	292	157
PCT9423	ED	889	219	0	0	23	196	138	58
PCT9423	MV	889	440	0	0	45	395	275	120
PCT9424	ED	952	224	0	0	28	196	137	59
PCT9424	MV	952	496	0	0	59	437	280	157
PCT9425	ED	933	199	0	0	22	177	133	44
PCT9425	MV	933	465	0	1	66	398	247	151
PCT9426	ED	823	198	0	0	26	172	118	54
PCT9426	MV	823	408	0	1	69	338	188	150
PCT9427	ED	948	210	0	0	34	176	111	65
PCT9427	MV	948	447	0	0	58	389	214	175
PCT9428	ED	961	183	0	0	23	160	103	57
PCT9428	MV	961	518	0	0	55	463	291	172
PCT9429	ED	899	228	1	0	28	199	123	76
PCT9429	MV	899	432	0	0	52	380	250	130
PCT9431	ED	973	235	0	0	20	215	141	74
PCT9431	MV	973	464	0	0	52	412	258	154
PCT9432	ED	945	214	0	0	24	190	119	71
PCT9432	MV	945	468	0	0	72	396	251	145
PCT9433	ED	945	195	0	0	25	170	104	66
PCT9433	MV	945	487	0	0	86	401	273	128
PCT9434	ED	979	261	0	0	31	230	156	74
PCT9434	MV	979	481	1	0	63	417	263	154
PCT9435	ED	969	251	0	0	27	224	151	73
PCT9435	MV	969	448	0	0	74	374	246	128
PCT9436	ED	1006	232	0	0	30	202	131	71
PCT9436	MV	1006	495	0	1	57	437	276	161
PCT9437	ED	897	219	0	0	22	197	137	60
PCT9437	MV	897	435	0	0	57	378	231	147
PCT9438	ED	948	202	0	0	36	166	118	48
PCT9438	MV	948	496	0	1	52	443	281	162
PCT9439	ED	879	173	0	0	17	156	101	55
PCT9439	MV	879	425	0	1	76	348	229	119
PCT9441	ED	980	261	0	0	23	238	180	58
PCT9441	MV	980	462	0	0	65	397	257	140
PCT9442	ED	1008	280	0	0	23	257	178	79
PCT9442	MV	1008	461	0	0	61	400	263	137
PCT9443	ED	937	220	1	0	28	191	126	65
PCT9443	MV	937	442	0	0	37	405	282	123
PCT9444	ED	937	190	1	0	16	173	102	71
PCT9444	MV	937	442	0	0	61	381	223	158
PCT9445	ED	981	230	0	0	20	210	147	63
PCT9445	MV	981	493	0	0	58	435	277	158
PCT9446	ED	1090	240	0	0	28	212	143	69
PCT9446	MV	1090	564	0	0	64	500	305	195
PCT9447	ED	906	236	0	0	25	211	140	71
PCT9447	MV	906	448	0	1	47	400	249	151
PCT9448	ED	909	232	0	0	25	207	147	60
PCT9448	MV	909	429	0	0	59	370	253	117
PCT9449	ED	830	177	2	0	22	153	110	43
PCT9449	MV	830	428	0	0	52	376	237	139
PCT9451	ED	420	97	0	0	14	83	52	31
PCT9451	MV	420	218	0	0	27	191	112	79
PCT9452	ED	840	259	0	0	26	233	129	104
PCT9452	MV	840	412	0	0	39	373	217	156
PCT9453	ED	500	135	0	0	18	117	62	55
PCT9453	MV	500	244	0	0	25	219	113	106
PCT9501	MV	148	110	0	0	14	96	64	32
PCT9502	MV	245	177	0	0	9	168	128	40
PCT9503	ED	729	198	0	0	17	181	124	57
PCT9503	MV	729	315	0	1	26	288	195	93
PCT9505	ED	784	177	0	1	17	159	126	33
PCT9505	MV	784	383	0	0	26	357	271	86
PCT9506	ED	766	177	0	0	15	162	125	37
PCT9506	MV	766	313	0	0	31	282	203	79
PCT9507	ED	766	231	0	0	12	219	178	41
PCT9507	MV	766	406	0	0	27	379	286	93
PCT9508	ED	798	237	0	0	23	214	168	46
PCT9508	MV	798	429	0	0	22	407	327	80
PCT9509	ED	759	230	0	0	17	213	165	48
PCT9509	MV	759	386	0	1	27	358	260	98
PCT9511	ED	622	190	0	1	9	180	143	37
PCT9511	MV	622	296	0	0	25	271	204	67
PCT9512	ED	809	240	0	0	19	221	182	39
PCT9512	MV	809	399	0	0	36	363	274	89
PCT9513	ED	902	275	0	0	18	257	204	53
PCT9513	MV	902	390	0	1	29	360	292	68
PCT9514	ED	928	304	0	0	26	278	215	63
PCT9514	MV	928	456	0	1	39	416	297	119
PCT9515	ED	705	222	0	0	12	210	170	40
PCT9515	MV	705	368	0	0	39	329	251	78
PCT9516	ED	866	254	0	0	18	236	154	82
PCT9516	MV	866	427	0	0	45	382	269	113
PCT9517	ED	801	228	0	0	27	201	153	48
PCT9517	MV	801	397	0	0	24	373	285	88
PCT9518	ED	802	229	0	0	16	213	176	37
PCT9518	MV	802	431	0	0	38	393	299	94
PCT9519	ED	910	262	0	0	15	247	191	56
PCT9519	MV	910	486	0	0	28	458	340	118
PCT9521	ED	939	316	0	0	33	283	205	78
PCT9521	MV	939	442	0	0	31	411	290	121
PCT9701	ED	671	201	0	0	11	190	128	62
PCT9701	MV	671	340	0	0	39	301	205	96
PCT9702	ED	723	210	0	0	13	197	142	55
PCT9702	MV	723	364	0	0	41	323	215	108
PCT9703	ED	986	232	0	0	27	205	121	84
PCT9703	MV	986	530	0	1	58	471	328	143
PCT9704	ED	950	279	0	0	23	256	181	75
PCT9704	MV	950	505	0	0	48	457	278	179
PCT9705	ED	919	261	3	0	25	233	158	75
PCT9705	MV	919	483	0	0	35	448	335	113
PCT9706	MV	49	39	0	0	4	35	28	7
PCT9707	ED	821	173	0	0	20	153	83	70
PCT9707	MV	821	491	0	0	45	446	245	201
PCT9708	ED	948	250	0	0	20	230	165	65
PCT9708	MV	948	500	0	0	44	456	325	131
PCT9709	ED	1028	281	7	0	32	242	154	88
PCT9709	MV	1028	517	0	0	61	456	263	193
PCT9711	ED	641	195	0	0	17	178	111	67
PCT9711	MV	641	336	0	0	33	303	183	120
PCT9712	ED	649	160	0	0	12	148	86	62
PCT9712	MV	649	398	1	0	34	363	206	157
PCT9713	ED	960	225	1	0	24	200	123	77
PCT9713	MV	960	489	0	0	67	422	257	165
PCT9714	ED	931	208	1	0	18	189	107	82
PCT9714	MV	931	538	0	0	61	477	259	218
PCT9715	ED	569	180	0	0	24	156	91	65
PCT9715	MV	569	309	0	0	34	275	133	142
PCT9716	ED	947	239	0	0	28	211	142	69
PCT9716	MV	947	481	0	0	49	432	288	144
PCT9717	ED	972	265	0	0	24	241	134	107
PCT9717	MV	972	532	0	0	41	491	301	190
PCT9718	ED	862	227	0	0	21	206	123	83
PCT9718	MV	862	496	0	0	54	442	247	195
PCT9719	ED	901	245	0	0	27	218	115	103
PCT9719	MV	901	524	2	0	49	473	260	213
PCT9721	ED	662	198	0	0	15	183	93	90
PCT9721	MV	662	357	0	0	37	320	178	142
PCT9722	ED	605	119	1	0	13	105	59	46
PCT9722	MV	605	355	0	0	35	320	179	141
PCT9723	ED	481	98	0	0	12	86	56	30
PCT9723	MV	481	275	0	0	36	239	123	116
PCT9724	ED	991	205	0	0	19	186	103	83
PCT9724	MV	991	565	0	0	78	487	232	255
PCT9725	ED	970	214	0	0	27	187	106	81
PCT9725	MV	970	499	0	0	64	435	228	207
PCT9726	ED	655	263	0	0	23	240	191	49
PCT9726	MV	655	241	0	0	21	220	151	69
PCT9727	ED	459	79	0	0	4	75	41	34
PCT9727	MV	459	271	0	0	31	240	123	117
PCT9728	ED	926	231	0	0	23	208	104	104
PCT9728	MV	926	503	0	0	51	452	220	232
PCT9729	ED	800	191	0	0	28	163	72	91
PCT9729	MV	800	442	0	1	37	404	202	202
PCT9731	ED	556	167	0	0	18	149	79	70
PCT9731	MV	556	282	0	0	30	252	137	115
PCT9732	MV	70	56	0	0	1	55	32	23
PCT9733	MV	235	191	0	0	12	179	118	61
PCT9734	ED	603	154	0	0	16	138	58	80
PCT9734	MV	603	341	0	0	30	311	161	150
PCT9735	ED	809	206	0	1	22	183	101	82
PCT9735	MV	809	449	0	0	38	411	220	191
PCT9736	ED	713	173	0	0	11	162	95	67
PCT9736	MV	713	410	0	0	31	379	241	138
PCT9737	ED	818	208	0	0	11	197	132	65
PCT9737	MV	818	476	0	0	42	434	290	144
PCT9738	ED	848	185	0	0	21	164	110	54
PCT9738	MV	848	404	0	0	30	374	224	150
PCT9739	ED	828	220	0	0	10	210	163	47
PCT9739	MV	828	335	0	0	23	312	236	76
PCT9741	ED	552	232	0	0	14	218	189	29
PCT9741	MV	552	105	0	0	4	101	86	15
PCT9742	ED	677	180	4	0	17	159	97	62
PCT9742	MV	677	289	0	0	32	257	136	121
PCT9743	ED	1163	310	0	0	22	288	218	70
PCT9743	MV	1163	501	0	0	38	463	338	125
PCT9744	ED	911	247	1	0	22	224	161	63
PCT9744	MV	911	391	0	0	25	366	270	96
PCT9745	ED	991	282	0	0	21	261	200	61
PCT9745	MV	991	346	0	0	17	329	239	90
PCT9746	ED	884	232	0	0	24	208	118	90
PCT9746	MV	884	452	0	0	43	409	233	176
PCT9747	ED	973	246	0	0	11	235	175	60
PCT9747	MV	973	470	0	0	45	425	296	129
PCT9748	ED	931	229	0	0	21	208	141	67
PCT9748	MV	931	475	1	0	43	431	262	169
PCT9749	ED	913	225	2	0	30	193	143	50
PCT9749	MV	913	384	0	0	38	346	252	94
PCT9751	ED	1016	253	0	0	19	234	156	78
PCT9751	MV	1016	523	0	0	44	479	312	167
PCT9752	ED	710	175	3	0	12	160	100	60
PCT9752	MV	710	392	0	0	36	356	225	131
PCT9753	ED	756	186	0	0	14	172	129	43
PCT9753	MV	756	388	0	1	33	354	257	97
PCT9754	ED	707	47	0	0	4	43	28	15
PCT9754	MV	707	377	0	0	24	353	245	108
PCT9755	ED	582	172	0	0	13	159	115	44
PCT9755	MV	582	285	2	0	16	267	188	79
PCT9756	ED	941	185	0	1	13	171	124	47
PCT9756	MV	941	477	0	0	53	424	285	139
PCT9801	ED	408	104	0	0	10	94	72	22
PCT9801	MV	408	181	0	0	14	167	125	42
CONG12	TO	443570	332491	87	145	31093	301166	210937	90229
CONG14	TO	56946	40357	19	12	3829	36497	24362	12135
ASSM17	TO	291063	214827	62	112	18830	195823	142404	53419
ASSM19	TO	209453	158021	44	45	16092	141840	92895	48945
BART7	TO	38460	24736	3	12	2452	22269	15643	6626
BART8	TO	223735	166386	47	51	17742	148546	95706	52840
BART9	TO	238321	181726	56	94	14728	166848	123950	42898
SUPV1	TO	42767	32743	7	9	3106	29621	20160	9461
SUPV2	TO	50394	40402	1	13	4276	36112	21150	14962
SUPV3	TO	39799	28571	2	13	3200	25356	16819	8537
SUPV4	TO	42953	31699	8	8	3805	27878	18401	9477
SUPV5	TO	53744	42036	5	25	3334	38672	28844	9828
SUPV6	TO	43321	29158	2	17	2914	26225	18301	7924
SUPV7	TO	47076	36587	30	6	3352	33199	20987	12212
SUPV8	TO	58122	48632	31	22	3446	45133	33598	11535
SUPV9	TO	42988	31769	10	15	2453	29291	23122	6169
SUPV10	TO	41862	26459	9	14	2617	23819	17514	6305
SUPV11	TO	37490	24792	1	15	2419	22357	16403	5954
NEIG1	TO	19914	11270	1	8	1177	10084	7635	2449
NEIG2	TO	17446	12440	1	6	1531	10902	7098	3804
NEIG3	TO	28644	19045	1	11	2009	17024	12169	4855
NEIG4	TO	7002	5802	3	5	398	5396	3754	1642
NEIG5	TO	27634	18420	1	12	1785	16622	12150	4472
NEIG6	TO	14982	12240	2	5	897	11336	8512	2824
NEIG7	TO	12118	7928	2	4	792	7130	5254	1876
NEIG8	TO	9734	7857	0	1	673	7183	5224	1959
NEIG9	TO	8390	5918	1	0	527	5390	3624	1766
NEIG10	TO	10097	8010	0	2	684	7324	4941	2383
NEIG11	TO	40622	32395	5	11	3472	28907	17003	11904
NEIG12	TO	31129	23295	3	12	1695	21585	17300	4285
NEIG13	TO	16964	14420	3	4	1101	13312	9741	3571
NEIG14	TO	8795	7263	2	0	460	6801	5404	1397
NEIG15	TO	7019	5232	0	2	562	4668	2945	1723
NEIG26	TO	9293	6104	2	5	661	5436	3876	1560
NEIG16	TO	16814	13081	3	5	1082	11991	8529	3462
NEIG17	TO	37322	28503	5	8	2726	25764	17549	8215
NEIG18	TO	8050	6587	1	4	685	5897	3390	2507
NEIG19	TO	9419	7393	6	3	553	6831	5264	1567
NEIG20	TO	24674	17045	2	10	1660	15373	10389	4984
NEIG21	TO	42363	31246	8	8	3762	27468	18092	9376
NEIG22	TO	18966	16190	12	8	1044	15126	11417	3709
NEIG23	TO	8139	4488	3	2	582	3901	2768	1133
NEIG24	TO	34909	27838	27	5	2556	25250	15560	9690
NEIG25	TO	30077	22838	12	16	1848	20962	15711	5251
