area_id	subtotal_type	RSReg	RSCst	RSRej	RSOvr	RSUnd	RSTot	066:Yes	067:No
ALLPCTS	TO	500516	372461	281	282	20921	350977	215242	135735
ALLPCTS	ED	500516	127556	68	67	7363	120058	78733	41325
ALLPCTS	MV	500516	244905	213	215	13558	230919	136509	94410
PCT1101	ED	553	125	0	0	3	122	79	43
PCT1101	MV	553	266	0	0	11	255	156	99
PCT1102	ED	995	266	0	0	11	255	173	82
PCT1102	MV	995	480	-2	0	38	444	243	201
PCT1103	ED	951	246	1	0	16	229	151	78
PCT1103	MV	951	445	-1	1	17	428	251	177
PCT1104	ED	993	249	-1	0	16	234	150	84
PCT1104	MV	993	414	-2	0	15	401	238	163
PCT1106	ED	765	191	0	0	13	178	96	82
PCT1106	MV	765	343	-1	0	17	327	165	162
PCT1107	ED	746	163	0	0	14	149	94	55
PCT1107	MV	746	336	5	0	22	309	165	144
PCT1108	ED	909	232	-1	0	18	215	144	71
PCT1108	MV	909	437	-1	0	27	411	225	186
PCT1109	ED	798	166	0	0	5	161	91	70
PCT1109	MV	798	365	-2	0	21	346	184	162
PCT1111	ED	1002	205	0	0	18	187	124	63
PCT1111	MV	1002	460	-3	0	29	434	214	220
PCT1112	ED	769	151	2	0	9	140	91	49
PCT1112	MV	769	344	-1	1	29	315	186	129
PCT1113	ED	746	134	0	0	11	123	76	47
PCT1113	MV	746	359	0	0	20	339	172	167
PCT1114	ED	957	226	-2	0	22	206	138	68
PCT1114	MV	957	403	0	2	25	376	203	173
PCT1115	ED	895	173	0	0	8	165	118	47
PCT1115	MV	895	371	-3	0	22	352	185	167
PCT1116	ED	895	224	1	1	20	202	144	58
PCT1116	MV	895	376	-2	0	25	353	191	162
PCT1117	ED	858	184	0	0	10	174	109	65
PCT1117	MV	858	357	1	1	21	334	188	146
PCT1118	ED	1043	213	0	0	11	202	133	69
PCT1118	MV	1043	475	-3	0	23	455	252	203
PCT1119	ED	791	165	0	0	9	156	112	44
PCT1119	MV	791	386	0	0	21	365	205	160
PCT1121	ED	691	159	0	1	12	146	76	70
PCT1121	MV	691	313	-1	0	11	303	152	151
PCT1122	ED	632	109	0	0	8	101	58	43
PCT1122	MV	632	310	-1	0	20	291	142	149
PCT1123	ED	915	179	0	0	7	172	120	52
PCT1123	MV	915	364	-1	0	24	341	177	164
PCT1124	ED	819	152	0	0	11	141	97	44
PCT1124	MV	819	302	-2	0	15	289	159	130
PCT1125	ED	1047	159	1	1	12	145	91	54
PCT1125	MV	1047	466	0	1	30	435	221	214
PCT1126	ED	922	190	0	0	12	178	102	76
PCT1126	MV	922	400	-2	2	18	382	218	164
PCT1127	ED	920	200	0	0	16	184	99	85
PCT1127	MV	920	382	-2	0	27	357	181	176
PCT1128	ED	838	154	0	0	12	142	97	45
PCT1128	MV	838	362	0	0	21	341	157	184
PCT1129	ED	980	227	1	0	22	204	114	90
PCT1129	MV	980	416	2	0	25	389	192	197
PCT1131	ED	797	132	0	0	16	116	82	34
PCT1131	MV	797	371	0	1	15	355	141	214
PCT1132	ED	969	179	2	0	18	159	90	69
PCT1132	MV	969	427	-1	0	18	410	224	186
PCT1133	ED	863	161	1	0	7	153	87	66
PCT1133	MV	863	410	0	0	22	388	197	191
PCT1134	ED	759	170	2	0	16	152	112	40
PCT1134	MV	759	317	-3	0	28	292	140	152
PCT1135	ED	540	87	1	0	10	76	43	33
PCT1135	MV	540	295	1	1	13	280	153	127
PCT1136	ED	829	144	0	0	6	138	89	49
PCT1136	MV	829	412	1	0	28	383	201	182
PCT1141	ED	1041	223	3	0	19	201	139	62
PCT1141	MV	1041	484	-1	2	23	460	264	196
PCT1142	ED	861	175	-1	0	8	168	105	63
PCT1142	MV	861	393	-2	0	30	365	228	137
PCT1143	ED	1034	228	1	0	13	214	142	72
PCT1143	MV	1034	440	1	0	23	416	241	175
PCT1144	ED	907	205	2	0	10	193	116	77
PCT1144	MV	907	387	0	0	25	362	211	151
PCT1145	ED	888	189	1	0	8	180	115	65
PCT1145	MV	888	461	-3	0	23	441	269	172
PCT1146	ED	1011	186	-1	0	6	181	115	66
PCT1146	MV	1011	454	0	1	21	432	249	183
PCT1147	ED	877	210	4	0	12	194	134	60
PCT1147	MV	877	396	2	0	22	372	231	141
PCT1148	ED	962	196	1	0	17	178	116	62
PCT1148	MV	962	444	0	0	28	416	203	213
PCT1149	ED	907	210	1	0	9	200	132	68
PCT1149	MV	907	407	-6	1	27	385	212	173
PCT1152	ED	864	198	-1	0	17	182	118	64
PCT1152	MV	864	388	0	0	18	370	196	174
PCT1153	ED	951	209	0	1	23	185	106	79
PCT1153	MV	951	415	-1	1	22	393	222	171
PCT7001	ED	776	175	0	0	9	166	122	44
PCT7001	MV	776	429	0	0	16	413	260	153
PCT7002	ED	706	176	1	0	13	162	116	46
PCT7002	MV	706	332	1	0	14	317	214	103
PCT7003	ED	884	238	0	0	11	227	152	75
PCT7003	MV	884	498	0	1	20	477	307	170
PCT7004	ED	881	239	1	0	16	222	150	72
PCT7004	MV	881	496	1	1	18	476	312	164
PCT7005	ED	847	253	1	0	4	248	191	57
PCT7005	MV	847	480	-1	1	17	463	316	147
PCT7006	ED	917	254	1	0	12	241	191	50
PCT7006	MV	917	442	1	0	8	433	315	118
PCT7007	ED	949	282	0	0	10	272	199	73
PCT7007	MV	949	516	-1	0	21	496	324	172
PCT7008	ED	932	264	-1	0	15	250	184	66
PCT7008	MV	932	546	2	0	33	511	314	197
PCT7009	ED	905	185	0	0	4	181	131	50
PCT7009	MV	905	513	0	1	24	488	325	163
PCT7011	ED	985	203	0	0	16	187	130	57
PCT7011	MV	985	294	-1	1	17	277	189	88
PCT7012	ED	1109	313	0	0	15	298	197	101
PCT7012	MV	1109	594	1	1	22	570	371	199
PCT7013	ED	956	265	0	0	10	255	162	93
PCT7013	MV	956	501	3	0	28	470	297	173
PCT7014	ED	1460	366	-2	0	15	353	229	124
PCT7014	MV	1460	801	0	0	44	757	501	256
PCT7015	MV	95	44	0	0	0	44	33	11
PCT7016	ED	918	171	1	0	16	154	96	58
PCT7016	MV	918	280	-1	2	9	270	155	115
PCT7017	ED	754	149	0	0	21	128	85	43
PCT7017	MV	754	252	2	0	14	236	168	68
PCT7018	ED	977	154	0	0	19	135	92	43
PCT7018	MV	977	448	-2	1	33	416	205	211
PCT7019	ED	899	182	4	0	11	167	120	47
PCT7019	MV	899	413	1	0	21	391	232	159
PCT7021	ED	947	184	0	0	11	173	135	38
PCT7021	MV	947	305	-1	0	22	284	184	100
PCT7022	ED	945	214	0	0	13	201	136	65
PCT7022	MV	945	351	0	0	26	325	206	119
PCT7023	ED	928	177	-1	0	14	164	116	48
PCT7023	MV	928	400	1	0	29	370	224	146
PCT7024	ED	414	70	0	0	3	67	51	16
PCT7024	MV	414	78	0	0	4	74	50	24
PCT7025	ED	477	85	0	0	7	78	55	23
PCT7025	MV	477	128	-1	0	7	122	83	39
PCT7026	ED	1011	149	0	0	12	137	71	66
PCT7026	MV	1011	455	0	0	17	438	205	233
PCT7027	ED	869	195	0	0	20	175	124	51
PCT7027	MV	869	353	-1	1	22	331	190	141
PCT7028	ED	850	212	-1	0	14	199	133	66
PCT7028	MV	850	282	0	0	21	261	165	96
PCT7029	ED	901	183	0	0	17	166	113	53
PCT7029	MV	901	251	0	0	20	231	163	68
PCT7030	ED	759	118	0	0	2	116	59	57
PCT7030	MV	759	357	0	0	18	339	161	178
PCT7031	ED	641	91	0	0	11	80	53	27
PCT7031	MV	641	308	-1	0	16	293	173	120
PCT7032	ED	904	173	1	0	13	159	120	39
PCT7032	MV	904	316	2	0	20	294	196	98
PCT7033	ED	798	191	1	0	11	179	126	53
PCT7033	MV	798	247	-2	1	19	229	156	73
PCT7034	ED	958	197	0	0	31	166	113	53
PCT7034	MV	958	201	0	1	12	188	136	52
PCT7035	ED	606	122	1	0	8	113	77	36
PCT7035	MV	606	262	-1	0	11	252	153	99
PCT7036	ED	921	117	0	0	13	104	54	50
PCT7036	MV	921	342	2	0	25	315	159	156
PCT7037	ED	735	134	-5	0	12	127	99	28
PCT7037	MV	735	98	-1	0	10	89	61	28
PCT7038	ED	911	135	0	0	10	125	79	46
PCT7038	MV	911	351	0	0	16	335	176	159
PCT7039	ED	784	178	1	0	11	166	97	69
PCT7039	MV	784	306	3	0	17	286	138	148
PCT7041	MV	61	33	0	0	2	31	19	12
PCT7042	ED	639	118	0	0	8	110	67	43
PCT7042	MV	639	258	0	1	15	242	138	104
PCT7043	ED	957	175	0	0	8	167	117	50
PCT7043	MV	957	404	-1	0	24	381	219	162
PCT7044	ED	827	167	1	0	16	150	112	38
PCT7044	MV	827	193	0	1	15	177	104	73
PCT7045	ED	779	120	0	0	13	107	65	42
PCT7045	MV	779	344	2	1	19	322	115	207
PCT7046	ED	402	94	0	2	10	82	56	26
PCT7046	MV	402	175	1	1	7	166	88	78
PCT7047	ED	823	119	0	0	9	110	59	51
PCT7047	MV	823	388	1	0	28	359	177	182
PCT7048	ED	858	150	3	0	13	134	83	51
PCT7048	MV	858	318	4	0	18	296	157	139
PCT7049	ED	792	172	-1	1	17	155	77	78
PCT7049	MV	792	305	2	0	15	288	119	169
PCT7051	ED	861	114	0	0	11	103	58	45
PCT7051	MV	861	380	1	0	27	352	141	211
PCT7052	ED	852	161	1	0	8	152	85	67
PCT7052	MV	852	402	-1	0	26	377	186	191
PCT7053	ED	548	102	0	0	6	96	45	51
PCT7053	MV	548	278	0	0	13	265	127	138
PCT7054	ED	1073	214	1	0	12	201	138	63
PCT7054	MV	1073	410	5	0	29	376	234	142
PCT7055	ED	808	188	-3	0	5	186	131	55
PCT7055	MV	808	440	-1	1	21	419	252	167
PCT7101	MV	155	120	-1	0	4	117	89	28
PCT7201	ED	936	245	1	0	13	231	131	100
PCT7201	MV	936	518	1	2	37	478	256	222
PCT7202	ED	850	225	-1	2	15	209	122	87
PCT7202	MV	850	431	2	0	23	406	221	185
PCT7203	ED	921	289	3	0	18	268	166	102
PCT7203	MV	921	423	0	1	24	398	233	165
PCT7204	ED	918	233	0	0	22	211	123	88
PCT7204	MV	918	531	-1	1	30	501	262	239
PCT7205	ED	875	249	2	0	17	230	126	104
PCT7205	MV	875	485	0	0	20	465	236	229
PCT7206	ED	378	134	1	0	3	130	88	42
PCT7206	MV	378	191	0	0	16	175	93	82
PCT7207	ED	812	194	-2	0	16	180	115	65
PCT7207	MV	812	433	4	0	19	410	227	183
PCT7208	ED	600	111	-1	0	7	105	68	37
PCT7208	MV	600	328	-4	2	21	309	171	138
PCT7209	ED	626	107	-4	0	5	106	69	37
PCT7209	MV	626	423	-1	1	32	391	216	175
PCT7301	ED	1016	228	-1	0	15	214	142	72
PCT7301	MV	1016	435	2	1	29	403	253	150
PCT7302	ED	814	188	0	0	16	172	87	85
PCT7302	MV	814	458	0	1	31	426	210	216
PCT7303	ED	1042	280	0	0	17	263	171	92
PCT7303	MV	1042	482	-1	0	28	455	266	189
PCT7304	ED	1002	278	0	1	17	260	166	94
PCT7304	MV	1002	493	-2	0	34	461	235	226
PCT7305	ED	871	239	0	0	10	229	134	95
PCT7305	MV	871	459	2	0	20	437	209	228
PCT7306	ED	1056	317	3	0	18	296	183	113
PCT7306	MV	1056	496	-2	0	33	465	276	189
PCT7307	ED	767	209	-1	1	11	198	129	69
PCT7307	MV	767	345	1	0	25	319	186	133
PCT7308	ED	603	177	0	0	10	167	100	67
PCT7308	MV	603	313	2	0	17	294	144	150
PCT7309	ED	884	260	2	0	15	243	141	102
PCT7309	MV	884	439	4	0	30	405	229	176
PCT7311	ED	917	266	2	0	10	254	154	100
PCT7311	MV	917	448	-6	0	20	434	244	190
PCT7312	ED	821	203	0	0	14	189	98	91
PCT7312	MV	821	470	1	0	44	425	207	218
PCT7313	ED	968	224	3	0	14	207	145	62
PCT7313	MV	968	485	3	0	28	454	252	202
PCT7314	ED	787	125	0	0	14	111	74	37
PCT7314	MV	787	271	-1	1	19	252	159	93
PCT7315	ED	760	220	-5	0	17	208	142	66
PCT7315	MV	760	282	1	0	16	265	150	115
PCT7316	ED	853	205	0	0	13	192	129	63
PCT7316	MV	853	367	1	0	32	334	188	146
PCT7317	ED	904	189	0	0	9	180	123	57
PCT7317	MV	904	454	-2	0	33	423	220	203
PCT7318	ED	727	179	1	0	8	170	103	67
PCT7318	MV	727	389	-3	0	33	359	206	153
PCT7319	ED	1079	298	0	0	22	276	176	100
PCT7319	MV	1079	516	1	0	30	485	267	218
PCT7321	ED	671	149	-2	0	14	137	84	53
PCT7321	MV	671	286	1	0	13	272	151	121
PCT7322	ED	874	64	-1	0	5	60	41	19
PCT7322	MV	874	337	-3	0	25	315	180	135
PCT7323	ED	950	234	0	0	19	215	127	88
PCT7323	MV	950	455	0	0	35	420	236	184
PCT7324	ED	755	189	-1	0	13	177	102	75
PCT7324	MV	755	364	1	1	17	345	213	132
PCT7325	ED	904	240	0	0	15	225	136	89
PCT7325	MV	904	436	1	0	27	408	229	179
PCT7326	ED	876	199	0	0	12	187	132	55
PCT7326	MV	876	429	1	0	34	394	215	179
PCT7327	ED	699	71	0	0	3	68	41	27
PCT7327	MV	699	276	-2	0	19	259	132	127
PCT7328	ED	973	94	-2	0	9	87	60	27
PCT7328	MV	973	394	3	0	38	353	216	137
PCT7329	ED	640	112	-17	0	9	120	82	38
PCT7329	MV	640	321	2	0	18	301	153	148
PCT7331	ED	852	213	1	1	14	197	109	88
PCT7331	MV	852	461	-1	1	20	441	228	213
PCT7332	ED	834	223	0	0	12	211	144	67
PCT7332	MV	834	364	-1	0	24	341	227	114
PCT7333	ED	1044	295	0	0	18	277	178	99
PCT7333	MV	1044	543	5	1	30	507	296	211
PCT7334	ED	881	199	1	0	12	186	128	58
PCT7334	MV	881	462	4	0	24	434	262	172
PCT7335	ED	970	225	1	1	11	212	140	72
PCT7335	MV	970	523	-2	1	22	502	277	225
PCT7336	ED	955	236	-1	0	13	224	144	80
PCT7336	MV	955	523	2	0	34	487	252	235
PCT7337	ED	851	178	-1	1	5	173	99	74
PCT7337	MV	851	464	-3	0	29	438	244	194
PCT7338	ED	915	153	0	0	13	140	87	53
PCT7338	MV	915	426	-3	0	34	395	228	167
PCT7339	ED	669	174	1	0	8	165	103	62
PCT7339	MV	669	309	-1	0	15	295	203	92
PCT7341	ED	908	260	0	0	19	241	166	75
PCT7341	MV	908	401	3	0	35	363	233	130
PCT7342	ED	947	333	0	0	14	319	218	101
PCT7342	MV	947	414	1	0	21	392	252	140
PCT7343	ED	731	234	0	0	11	223	147	76
PCT7343	MV	731	316	1	0	15	300	197	103
PCT7344	ED	1110	287	0	0	16	271	182	89
PCT7344	MV	1110	538	-3	1	25	515	323	192
PCT7345	ED	1141	327	0	0	25	302	209	93
PCT7345	MV	1141	521	2	0	25	494	323	171
PCT7346	ED	920	248	-3	0	19	232	183	49
PCT7346	MV	920	384	0	0	13	371	252	119
PCT7347	ED	1040	240	-2	0	17	225	161	64
PCT7347	MV	1040	480	4	0	31	445	326	119
PCT7348	ED	861	210	0	0	12	198	141	57
PCT7348	MV	861	353	-1	0	28	326	220	106
PCT7349	ED	957	247	-3	0	13	237	156	81
PCT7349	MV	957	427	3	0	23	401	247	154
PCT7501	ED	565	172	-1	0	12	161	83	78
PCT7501	MV	565	308	2	0	19	287	146	141
PCT7502	ED	784	180	1	0	8	171	112	59
PCT7502	MV	784	447	0	1	41	405	234	171
PCT7503	ED	764	207	0	0	14	193	134	59
PCT7503	MV	764	388	3	4	26	355	216	139
PCT7504	ED	503	112	1	0	13	98	61	37
PCT7504	MV	503	222	2	1	16	203	121	82
PCT7505	ED	869	158	1	0	14	143	100	43
PCT7505	MV	869	532	4	2	46	480	313	167
PCT7506	ED	999	224	-3	0	15	212	158	54
PCT7506	MV	999	473	1	0	37	435	279	156
PCT7507	ED	955	210	1	0	21	188	131	57
PCT7507	MV	955	344	-2	0	20	326	222	104
PCT7508	ED	727	154	-1	0	10	145	98	47
PCT7508	MV	727	427	4	0	38	385	220	165
PCT7509	ED	932	235	3	1	12	219	161	58
PCT7509	MV	932	470	1	1	31	437	283	154
PCT7512	ED	612	149	1	1	13	134	80	54
PCT7512	MV	612	283	0	0	25	258	152	106
PCT7513	ED	818	225	0	0	25	200	155	45
PCT7513	MV	818	315	0	0	14	301	210	91
PCT7514	ED	874	140	0	0	13	127	87	40
PCT7514	MV	874	305	3	1	24	277	200	77
PCT7515	ED	869	211	2	0	16	193	139	54
PCT7515	MV	869	389	-1	0	22	368	228	140
PCT7516	ED	922	172	2	0	10	160	107	53
PCT7516	MV	922	538	0	0	33	505	324	181
PCT7517	ED	863	289	1	0	9	279	204	75
PCT7517	MV	863	410	0	0	15	395	289	106
PCT7518	ED	950	309	2	1	9	297	226	71
PCT7518	MV	950	480	1	0	32	447	322	125
PCT7519	ED	737	224	0	0	3	221	160	61
PCT7519	MV	737	355	-1	0	26	330	238	92
PCT7521	ED	812	291	6	0	16	269	206	63
PCT7521	MV	812	354	-1	1	13	341	251	90
PCT7522	ED	764	207	0	0	8	199	143	56
PCT7522	MV	764	397	1	0	21	375	284	91
PCT7523	ED	747	275	0	0	19	256	188	68
PCT7523	MV	747	359	1	1	13	344	238	106
PCT7524	ED	615	181	1	0	8	172	120	52
PCT7524	MV	615	262	1	0	11	250	176	74
PCT7525	ED	800	205	2	0	16	187	139	48
PCT7525	MV	800	341	0	0	18	323	234	89
PCT7526	ED	1011	291	-1	1	10	281	191	90
PCT7526	MV	1011	552	1	1	31	519	355	164
PCT7527	ED	725	208	0	1	14	193	138	55
PCT7527	MV	725	339	0	0	16	323	235	88
PCT7529	ED	948	294	2	0	16	276	218	58
PCT7529	MV	948	486	-1	0	29	458	328	130
PCT7531	ED	865	225	0	0	6	219	172	47
PCT7531	MV	865	442	0	2	16	424	321	103
PCT7532	ED	852	246	1	0	20	225	155	70
PCT7532	MV	852	398	1	0	10	387	231	156
PCT7533	ED	1015	354	1	0	10	343	277	66
PCT7533	MV	1015	490	0	0	31	459	333	126
PCT7534	ED	936	322	-1	0	15	308	236	72
PCT7534	MV	936	415	0	0	20	395	276	119
PCT7535	ED	767	261	3	0	10	248	197	51
PCT7535	MV	767	387	0	1	28	358	252	106
PCT7536	ED	863	291	1	0	20	270	193	77
PCT7536	MV	863	421	-1	1	21	400	279	121
PCT7537	ED	752	240	-1	0	15	226	170	56
PCT7537	MV	752	363	1	0	17	345	233	112
PCT7538	ED	771	246	2	1	7	236	168	68
PCT7538	MV	771	400	0	0	18	382	288	94
PCT7539	ED	922	330	-1	0	15	316	247	69
PCT7539	MV	922	428	0	0	19	409	297	112
PCT7541	ED	805	245	-2	0	5	242	180	62
PCT7541	MV	805	400	0	0	14	386	276	110
PCT7542	ED	821	270	-1	0	9	262	202	60
PCT7542	MV	821	389	0	0	15	374	276	98
PCT7543	ED	909	215	-2	0	13	204	152	52
PCT7543	MV	909	467	2	0	13	452	317	135
PCT7544	ED	898	256	-2	0	12	246	177	69
PCT7544	MV	898	479	3	1	25	450	319	131
PCT7545	ED	918	273	-2	0	12	263	202	61
PCT7545	MV	918	480	-2	1	25	456	302	154
PCT7546	ED	982	304	0	0	12	292	217	75
PCT7546	MV	982	517	-1	1	19	498	369	129
PCT7547	ED	1029	314	1	0	13	300	236	64
PCT7547	MV	1029	505	2	0	24	479	374	105
PCT7548	ED	1073	317	0	0	11	306	236	70
PCT7548	MV	1073	512	1	0	24	487	350	137
PCT7549	ED	811	215	1	0	14	200	148	52
PCT7549	MV	811	431	-4	2	24	409	284	125
PCT7551	ED	741	239	0	0	6	233	174	59
PCT7551	MV	741	394	0	0	8	386	267	119
PCT7552	ED	727	241	2	0	9	230	171	59
PCT7552	MV	727	360	-1	0	19	342	258	84
PCT7553	MV	180	126	2	0	6	118	87	31
PCT7554	ED	808	247	1	0	12	234	154	80
PCT7554	MV	808	442	3	0	24	415	274	141
PCT7555	ED	886	289	-1	0	12	278	195	83
PCT7555	MV	886	459	-1	1	23	436	279	157
PCT7556	ED	969	275	0	1	15	259	155	104
PCT7556	MV	969	573	0	0	23	550	336	214
PCT7601	ED	767	190	1	0	13	176	142	34
PCT7601	MV	767	290	1	0	12	277	208	69
PCT7602	ED	901	210	0	0	21	189	149	40
PCT7602	MV	901	379	1	0	17	361	268	93
PCT7603	ED	830	249	-1	0	11	239	190	49
PCT7603	MV	830	376	-2	1	14	363	268	95
PCT7604	ED	954	265	1	0	16	248	190	58
PCT7604	MV	954	352	2	0	21	329	248	81
PCT7605	ED	648	120	0	0	12	108	90	18
PCT7605	MV	648	203	-1	1	16	187	139	48
PCT7606	ED	924	204	2	0	25	177	137	40
PCT7606	MV	924	330	0	2	15	313	219	94
PCT7607	ED	960	215	1	0	16	198	155	43
PCT7607	MV	960	407	2	0	16	389	263	126
PCT7608	ED	392	70	1	0	7	62	39	23
PCT7608	MV	392	136	0	0	12	124	84	40
PCT7609	ED	926	120	-1	1	15	105	85	20
PCT7609	MV	926	352	4	0	30	318	232	86
PCT7611	ED	755	126	1	0	11	114	90	24
PCT7611	MV	755	269	1	0	28	240	180	60
PCT7612	ED	583	97	2	0	12	83	52	31
PCT7612	MV	583	265	0	0	22	243	146	97
PCT7613	ED	908	202	3	0	20	179	144	35
PCT7613	MV	908	340	0	0	23	317	235	82
PCT7614	ED	1029	223	4	0	22	197	162	35
PCT7614	MV	1029	375	1	0	24	350	248	102
PCT7615	ED	762	162	2	1	21	138	105	33
PCT7615	MV	762	237	0	0	17	220	156	64
PCT7616	ED	1203	322	5	0	21	296	195	101
PCT7616	MV	1203	686	0	0	37	649	408	241
PCT7617	ED	768	102	1	0	11	90	69	21
PCT7617	MV	768	261	-1	0	19	243	169	74
PCT7618	ED	862	168	-2	0	9	161	124	37
PCT7618	MV	862	407	3	0	16	388	266	122
PCT7619	ED	1063	219	-1	0	11	209	140	69
PCT7619	MV	1063	563	-2	0	31	534	334	200
PCT7621	ED	1320	287	-1	0	10	278	194	84
PCT7621	MV	1320	668	2	0	32	634	395	239
PCT7622	ED	988	170	-1	0	19	152	120	32
PCT7622	MV	988	301	2	0	20	279	208	71
PCT7623	ED	746	182	1	0	14	167	133	34
PCT7623	MV	746	297	1	0	18	278	204	74
PCT7624	ED	859	142	-4	0	12	134	99	35
PCT7624	MV	859	290	1	1	20	268	183	85
PCT7625	ED	822	66	1	0	5	60	37	23
PCT7625	MV	822	475	0	0	44	431	231	200
PCT7626	ED	1114	224	0	1	12	211	135	76
PCT7626	MV	1114	612	-1	1	33	579	315	264
PCT7627	ED	1187	266	-1	1	17	249	137	112
PCT7627	MV	1187	582	2	0	39	541	269	272
PCT7628	ED	960	239	1	0	18	220	159	61
PCT7628	MV	960	428	0	1	21	406	300	106
PCT7629	ED	809	208	3	0	5	200	151	49
PCT7629	MV	809	343	0	0	20	323	212	111
PCT7631	ED	1155	266	2	0	13	251	173	78
PCT7631	MV	1155	576	0	0	30	546	363	183
PCT7632	ED	1124	288	3	1	13	271	187	84
PCT7632	MV	1124	561	0	1	20	540	364	176
PCT7633	ED	741	137	0	0	10	127	84	43
PCT7633	MV	741	392	3	0	25	364	223	141
PCT7634	ED	900	194	-1	1	20	174	124	50
PCT7634	MV	900	421	0	0	36	385	247	138
PCT7635	ED	840	157	0	1	12	144	100	44
PCT7635	MV	840	382	2	0	24	356	242	114
PCT7636	ED	938	246	1	0	15	230	144	86
PCT7636	MV	938	465	1	0	21	443	242	201
PCT7637	ED	809	193	-2	1	14	180	84	96
PCT7637	MV	809	404	-1	2	19	384	187	197
PCT7638	ED	1467	294	0	0	21	273	130	143
PCT7638	MV	1467	871	5	1	53	812	414	398
PCT7639	ED	1011	241	-2	0	15	228	135	93
PCT7639	MV	1011	559	0	2	33	524	254	270
PCT7641	ED	972	204	0	0	8	196	98	98
PCT7641	MV	972	549	0	0	25	524	281	243
PCT7642	ED	937	152	0	0	9	143	91	52
PCT7642	MV	937	394	-1	0	51	344	216	128
PCT7643	ED	920	168	0	0	9	159	104	55
PCT7643	MV	920	507	1	0	28	478	272	206
PCT7644	ED	1175	329	2	0	18	309	196	113
PCT7644	MV	1175	554	2	0	24	528	313	215
PCT7645	ED	640	120	-1	0	10	111	60	51
PCT7645	MV	640	377	0	0	18	359	171	188
PCT7646	ED	1100	262	-1	0	18	245	174	71
PCT7646	MV	1100	591	4	0	31	556	320	236
PCT7647	ED	1075	205	0	0	13	192	151	41
PCT7647	MV	1075	283	0	0	20	263	200	63
PCT7648	MV	1	0	0	0	0	0	0	0
PCT7649	ED	891	175	3	0	8	164	119	45
PCT7649	MV	891	395	2	1	26	366	225	141
PCT7651	ED	677	165	-5	0	10	160	95	65
PCT7651	MV	677	351	5	0	19	327	178	149
PCT7652	ED	628	135	0	0	10	125	83	42
PCT7652	MV	628	301	4	1	17	279	165	114
PCT7653	ED	1280	299	0	0	21	278	177	101
PCT7653	MV	1280	673	0	0	44	629	355	274
PCT7701	ED	1064	295	-1	0	8	288	195	93
PCT7701	MV	1064	597	1	4	28	564	349	215
PCT7702	ED	748	179	-2	0	9	172	99	73
PCT7702	MV	748	415	0	0	25	390	206	184
PCT7703	MV	171	79	4	0	10	65	52	13
PCT7704	ED	1008	257	1	0	7	249	129	120
PCT7704	MV	1008	557	1	0	32	524	262	262
PCT7705	ED	568	149	-2	0	9	142	66	76
PCT7705	MV	568	335	0	0	20	315	157	158
PCT7706	ED	840	252	1	0	8	243	134	109
PCT7706	MV	840	467	-1	0	24	444	218	226
PCT7707	ED	857	240	1	1	10	228	120	108
PCT7707	MV	857	495	-1	0	28	468	267	201
PCT7708	ED	871	205	-1	0	8	198	113	85
PCT7708	MV	871	540	2	0	32	506	276	230
PCT7709	ED	391	102	0	0	2	100	65	35
PCT7709	MV	391	222	0	0	14	208	127	81
PCT7711	ED	766	197	1	0	10	186	128	58
PCT7711	MV	766	422	-2	1	25	398	227	171
PCT7712	ED	529	148	-1	0	8	141	99	42
PCT7712	MV	529	296	-1	2	20	275	193	82
PCT7801	ED	1001	263	0	0	13	250	171	79
PCT7801	MV	1001	596	1	0	27	568	360	208
PCT7802	ED	788	229	0	0	13	216	142	74
PCT7802	MV	788	458	-1	1	16	442	285	157
PCT7803	ED	828	173	0	0	6	167	109	58
PCT7803	MV	828	552	1	2	12	537	303	234
PCT7804	ED	893	257	0	0	10	247	168	79
PCT7804	MV	893	533	0	0	31	502	312	190
PCT7805	ED	825	226	1	0	9	216	160	56
PCT7805	MV	825	484	1	0	19	464	292	172
PCT7806	ED	716	207	3	0	10	194	138	56
PCT7806	MV	716	406	0	0	17	389	234	155
PCT7807	ED	844	276	0	0	6	270	200	70
PCT7807	MV	844	417	2	0	18	397	281	116
PCT7808	ED	655	211	-1	0	8	204	153	51
PCT7808	MV	655	333	0	0	25	308	221	87
PCT7809	ED	781	237	1	0	9	227	178	49
PCT7809	MV	781	405	3	0	17	385	285	100
PCT7811	ED	783	249	0	0	10	239	174	65
PCT7811	MV	783	404	-1	0	14	391	294	97
PCT7812	ED	877	256	0	0	21	235	162	73
PCT7812	MV	877	454	-1	0	17	438	290	148
PCT7813	ED	1064	308	1	0	11	296	221	75
PCT7813	MV	1064	585	4	1	20	560	397	163
PCT7814	ED	936	227	2	0	13	212	166	46
PCT7814	MV	936	340	-1	1	12	328	239	89
PCT7815	ED	954	238	-2	0	16	224	175	49
PCT7815	MV	954	573	1	1	19	552	365	187
PCT7816	ED	865	235	0	0	15	220	159	61
PCT7816	MV	865	531	3	0	19	509	311	198
PCT7817	ED	823	276	1	1	15	259	196	63
PCT7817	MV	823	439	1	0	16	422	299	123
PCT7818	ED	860	232	-1	0	10	223	160	63
PCT7818	MV	860	452	-1	0	15	438	305	133
PCT7819	ED	793	191	0	0	7	184	134	50
PCT7819	MV	793	420	2	0	18	400	279	121
PCT7821	ED	985	247	1	0	6	240	165	75
PCT7821	MV	985	629	5	0	15	609	393	216
PCT7822	ED	908	275	0	0	12	263	185	78
PCT7822	MV	908	479	0	0	21	458	319	139
PCT7823	ED	879	269	7	0	15	247	194	53
PCT7823	MV	879	501	1	1	22	477	336	141
PCT7824	ED	768	246	0	0	12	234	175	59
PCT7824	MV	768	383	0	0	16	367	239	128
PCT7825	ED	597	191	-2	0	7	186	134	52
PCT7825	MV	597	302	-1	0	16	287	219	68
PCT7826	ED	684	258	1	1	9	247	192	55
PCT7826	MV	684	319	-1	0	20	300	211	89
PCT7827	ED	831	261	0	0	7	254	204	50
PCT7827	MV	831	361	0	0	12	349	253	96
PCT7828	ED	1018	260	1	0	16	243	151	92
PCT7828	MV	1018	549	-1	0	21	529	347	182
PCT7829	ED	907	237	1	0	4	232	161	71
PCT7829	MV	907	557	-1	0	29	529	317	212
PCT7831	ED	882	233	1	0	6	226	153	73
PCT7831	MV	882	544	14	0	30	500	322	178
PCT7832	ED	780	187	-1	0	7	181	131	50
PCT7832	MV	780	487	0	0	21	466	307	159
PCT7833	ED	747	230	0	0	6	224	173	51
PCT7833	MV	747	412	-1	0	23	390	291	99
PCT7834	ED	867	276	1	0	15	260	202	58
PCT7834	MV	867	438	2	0	20	416	308	108
PCT7835	ED	847	209	0	0	17	192	131	61
PCT7835	MV	847	505	5	0	26	474	327	147
PCT7836	ED	1023	259	1	0	9	249	172	77
PCT7836	MV	1023	623	-1	0	34	590	397	193
PCT7837	ED	911	259	1	0	9	249	175	74
PCT7837	MV	911	509	1	1	28	479	287	192
PCT7838	ED	926	239	2	0	7	230	158	72
PCT7838	MV	926	545	5	2	24	514	321	193
PCT7839	ED	842	205	1	0	8	196	141	55
PCT7839	MV	842	515	-6	2	22	497	295	202
PCT7841	ED	937	290	2	0	6	282	197	85
PCT7841	MV	937	526	5	0	20	501	334	167
PCT7842	ED	903	283	0	1	17	265	201	64
PCT7842	MV	903	434	-3	1	22	414	278	136
PCT7843	ED	767	231	-1	0	11	221	180	41
PCT7843	MV	767	380	-1	0	22	359	252	107
PCT7844	ED	663	196	0	0	4	192	151	41
PCT7844	MV	663	329	0	2	14	313	219	94
PCT7845	ED	849	241	-2	0	12	231	144	87
PCT7845	MV	849	469	-2	0	16	455	271	184
PCT7846	ED	904	259	1	0	7	251	175	76
PCT7846	MV	904	509	0	1	31	477	295	182
PCT7847	ED	929	261	1	0	14	246	161	85
PCT7847	MV	929	529	-1	0	29	501	346	155
PCT7848	ED	834	232	0	0	14	218	150	68
PCT7848	MV	834	491	-2	0	23	470	318	152
PCT7849	ED	929	263	0	0	9	254	186	68
PCT7849	MV	929	522	2	0	26	494	324	170
PCT7851	ED	513	136	0	0	6	130	73	57
PCT7851	MV	513	298	2	1	11	284	146	138
PCT7852	ED	647	143	0	0	5	138	79	59
PCT7852	MV	647	394	0	0	18	376	217	159
PCT7853	ED	850	214	1	0	8	205	136	69
PCT7853	MV	850	479	8	0	21	450	271	179
PCT7854	ED	894	247	0	1	12	234	165	69
PCT7854	MV	894	500	1	0	21	478	317	161
PCT7855	ED	986	299	0	0	9	290	199	91
PCT7855	MV	986	521	-1	0	26	496	321	175
PCT7856	ED	800	265	0	0	10	255	176	79
PCT7856	MV	800	425	2	0	24	399	246	153
PCT7857	ED	933	275	3	0	9	263	181	82
PCT7857	MV	933	517	-2	0	29	490	338	152
PCT7858	ED	775	244	1	0	7	236	187	49
PCT7858	MV	775	394	2	0	24	368	256	112
PCT7859	ED	891	249	-1	0	10	240	153	87
PCT7859	MV	891	513	2	0	23	488	298	190
PCT7861	ED	859	217	0	1	7	209	142	67
PCT7861	MV	859	510	1	1	23	485	316	169
PCT7862	ED	866	301	2	0	12	287	195	92
PCT7862	MV	866	472	2	0	22	448	278	170
PCT7863	ED	907	310	0	0	7	303	218	85
PCT7863	MV	907	440	0	0	20	420	302	118
PCT7864	ED	807	232	0	0	8	224	168	56
PCT7864	MV	807	426	-3	0	14	415	261	154
PCT7865	ED	823	241	1	0	10	230	173	57
PCT7865	MV	823	463	2	0	17	444	266	178
PCT7866	ED	836	209	0	0	10	199	107	92
PCT7866	MV	836	491	1	0	21	469	244	225
PCT7867	ED	955	266	-1	0	14	253	170	83
PCT7867	MV	955	510	5	0	20	485	299	186
PCT7868	ED	881	242	0	0	14	228	164	64
PCT7868	MV	881	449	1	0	13	435	254	181
PCT7869	ED	867	239	0	0	7	232	166	66
PCT7869	MV	867	489	-2	0	19	472	310	162
PCT7871	ED	900	259	1	0	14	244	152	92
PCT7871	MV	900	502	1	1	27	473	293	180
PCT7872	ED	862	287	2	0	15	270	180	90
PCT7872	MV	862	472	0	2	17	453	282	171
PCT7873	ED	861	257	2	0	7	248	182	66
PCT7873	MV	861	501	-2	0	20	483	307	176
PCT7874	ED	477	137	1	0	8	128	78	50
PCT7874	MV	477	255	2	0	19	234	162	72
PCT7875	ED	623	180	1	2	7	170	116	54
PCT7875	MV	623	285	0	0	13	272	184	88
PCT7876	ED	498	154	9	0	3	142	103	39
PCT7876	MV	498	269	0	0	18	251	179	72
PCT7901	ED	522	135	1	0	9	125	94	31
PCT7901	MV	522	198	0	0	8	190	132	58
PCT7902	ED	968	258	-1	0	18	241	182	59
PCT7902	MV	968	401	-2	1	19	383	276	107
PCT7903	ED	840	201	0	0	14	187	151	36
PCT7903	MV	840	350	0	0	14	336	247	89
PCT7904	ED	877	210	2	0	5	203	164	39
PCT7904	MV	877	403	-1	1	19	384	278	106
PCT7905	ED	851	253	-1	0	18	236	182	54
PCT7905	MV	851	409	4	1	20	384	242	142
PCT7906	ED	787	244	0	1	16	227	191	36
PCT7906	MV	787	335	-2	0	19	318	220	98
PCT7907	ED	950	278	1	0	10	267	209	58
PCT7907	MV	950	425	-3	0	21	407	298	109
PCT7908	ED	949	283	1	0	14	268	201	67
PCT7908	MV	949	408	1	0	24	383	269	114
PCT7909	ED	733	251	-1	0	8	244	201	43
PCT7909	MV	733	303	-1	1	18	285	214	71
PCT7911	ED	860	244	-1	0	12	233	173	60
PCT7911	MV	860	395	-2	0	15	382	275	107
PCT7912	ED	1065	290	1	0	15	274	212	62
PCT7912	MV	1065	463	-2	0	18	447	324	123
PCT7913	ED	913	312	1	1	6	304	221	83
PCT7913	MV	913	378	-2	0	21	359	255	104
PCT7914	ED	883	278	-1	1	14	264	207	57
PCT7914	MV	883	425	4	1	28	392	324	68
PCT7915	ED	831	265	1	0	12	252	205	47
PCT7915	MV	831	351	0	0	22	329	245	84
PCT7916	ED	888	283	-1	0	11	273	219	54
PCT7916	MV	888	421	0	1	20	400	299	101
PCT7917	ED	1015	312	1	0	8	303	248	55
PCT7917	MV	1015	428	1	0	22	405	298	107
PCT7918	ED	836	253	0	0	13	240	185	55
PCT7918	MV	836	379	0	1	17	361	280	81
PCT7919	ED	895	308	0	0	13	295	227	68
PCT7919	MV	895	376	-1	0	17	360	269	91
PCT7921	ED	917	231	1	0	14	216	166	50
PCT7921	MV	917	366	-1	0	23	344	228	116
PCT7922	ED	831	250	-1	0	11	240	195	45
PCT7922	MV	831	383	-1	0	26	358	269	89
PCT7923	ED	885	262	0	0	9	253	206	47
PCT7923	MV	885	403	-1	1	11	392	304	88
PCT7924	ED	842	238	0	1	14	223	183	40
PCT7924	MV	842	382	2	1	23	356	251	105
PCT7925	ED	567	156	0	0	6	150	112	38
PCT7925	MV	567	293	1	0	13	279	207	72
PCT7926	ED	795	229	0	0	12	217	167	50
PCT7926	MV	795	390	0	1	16	373	282	91
PCT7927	ED	747	241	-1	0	10	232	167	65
PCT7927	MV	747	392	2	0	11	379	280	99
PCT7928	ED	931	284	-1	0	11	274	204	70
PCT7928	MV	931	489	0	1	24	464	345	119
PCT7929	ED	864	248	0	0	9	239	180	59
PCT7929	MV	864	509	2	0	21	486	339	147
PCT7931	ED	738	219	0	0	11	208	154	54
PCT7931	MV	738	408	0	0	19	389	263	126
PCT7932	ED	551	157	1	0	7	149	108	41
PCT7932	MV	551	285	1	0	16	268	174	94
PCT7933	MV	6	4	0	0	0	4	3	1
PCT7934	ED	890	250	-1	0	7	244	186	58
PCT7934	MV	890	472	0	0	21	451	339	112
PCT7935	ED	970	305	0	0	11	294	240	54
PCT7935	MV	970	519	-2	0	22	499	365	134
PCT7936	ED	856	287	1	0	5	281	218	63
PCT7936	MV	856	428	-1	1	20	408	304	104
PCT7937	ED	886	267	0	0	13	254	210	44
PCT7937	MV	886	434	0	0	11	423	289	134
PCT7938	ED	788	213	0	0	13	200	155	45
PCT7938	MV	788	337	3	1	13	320	237	83
PCT7939	ED	688	253	0	0	9	244	191	53
PCT7939	MV	688	326	1	0	22	303	219	84
PCT7941	ED	751	218	-2	1	16	203	155	48
PCT7941	MV	751	348	0	2	21	325	237	88
PCT7942	ED	914	257	-1	0	19	239	187	52
PCT7942	MV	914	412	0	0	28	384	256	128
PCT7943	ED	872	257	8	0	11	238	159	79
PCT7943	MV	872	439	2	1	26	410	278	132
PCT7944	ED	801	243	0	0	6	237	192	45
PCT7944	MV	801	381	2	0	14	365	255	110
PCT7945	ED	915	186	2	0	15	169	131	38
PCT7945	MV	915	412	0	0	21	391	268	123
PCT7946	ED	945	183	1	0	5	177	115	62
PCT7946	MV	945	451	0	0	26	425	223	202
PCT7947	ED	946	182	1	0	17	164	84	80
PCT7947	MV	946	430	-1	1	25	405	200	205
PCT7948	ED	928	209	-1	0	10	200	117	83
PCT7948	MV	928	422	-4	0	25	401	211	190
PCT7949	ED	569	100	1	0	4	95	50	45
PCT7949	MV	569	292	-3	1	12	282	117	165
PCT7951	ED	854	166	1	0	11	154	93	61
PCT7951	MV	854	424	0	0	16	408	165	243
PCT7952	ED	866	167	0	0	25	142	82	60
PCT7952	MV	866	359	0	0	18	341	189	152
PCT7953	ED	824	186	4	0	14	168	106	62
PCT7953	MV	824	402	-1	1	27	375	164	211
PCT7955	ED	902	199	0	0	16	183	102	81
PCT7955	MV	902	434	0	0	23	411	203	208
PCT7956	ED	823	136	-1	0	14	123	67	56
PCT7956	MV	823	353	-2	0	29	326	174	152
PCT7957	ED	646	147	-1	0	10	138	86	52
PCT7957	MV	646	298	0	1	15	282	158	124
PCT7958	MV	290	141	1	0	9	131	76	55
PCT7959	ED	727	157	-1	0	6	152	109	43
PCT7959	MV	727	326	0	0	18	308	223	85
PCT9001	MV	273	142	0	0	8	134	78	56
PCT9101	ED	888	260	0	1	14	245	160	85
PCT9101	MV	888	438	-1	1	33	405	227	178
PCT9102	ED	985	257	0	0	13	244	153	91
PCT9102	MV	985	471	0	1	32	438	236	202
PCT9103	ED	954	272	0	0	20	252	151	101
PCT9103	MV	954	431	5	0	29	397	223	174
PCT9104	ED	988	239	0	0	18	221	142	79
PCT9104	MV	988	465	-1	0	34	432	245	187
PCT9105	ED	919	247	1	0	15	231	134	97
PCT9105	MV	919	488	-4	0	28	464	253	211
PCT9106	ED	937	268	0	0	7	261	163	98
PCT9106	MV	937	497	0	0	34	463	269	194
PCT9107	ED	849	218	-1	0	17	202	131	71
PCT9107	MV	849	372	-2	0	32	342	216	126
PCT9108	ED	790	246	0	0	14	232	161	71
PCT9108	MV	790	373	0	0	22	351	197	154
PCT9109	ED	884	263	0	1	20	242	160	82
PCT9109	MV	884	427	-1	0	24	404	226	178
PCT9111	ED	779	229	0	0	8	221	143	78
PCT9111	MV	779	346	2	0	25	319	184	135
PCT9112	ED	976	284	-1	0	14	271	172	99
PCT9112	MV	976	467	-6	1	35	437	245	192
PCT9113	ED	999	310	-2	0	23	289	173	116
PCT9113	MV	999	505	4	0	29	472	270	202
PCT9114	ED	877	263	0	0	16	247	171	76
PCT9114	MV	877	405	-1	1	28	377	235	142
PCT9115	ED	911	258	-1	0	14	245	175	70
PCT9115	MV	911	429	0	0	31	398	271	127
PCT9116	ED	944	281	0	1	15	265	172	93
PCT9116	MV	944	473	2	0	36	435	269	166
PCT9117	ED	783	222	0	0	14	208	127	81
PCT9117	MV	783	398	-1	0	25	374	196	178
PCT9118	ED	974	286	-2	0	22	266	160	106
PCT9118	MV	974	426	1	0	29	396	217	179
PCT9119	ED	891	237	-2	0	20	219	147	72
PCT9119	MV	891	446	0	0	30	416	248	168
PCT9121	ED	930	256	-1	0	12	245	151	94
PCT9121	MV	930	434	0	1	23	410	222	188
PCT9122	ED	953	208	0	0	7	201	128	73
PCT9122	MV	953	454	-1	1	25	429	226	203
PCT9123	ED	858	231	0	0	20	211	129	82
PCT9123	MV	858	418	1	0	13	404	236	168
PCT9124	ED	874	201	0	0	7	194	125	69
PCT9124	MV	874	438	1	1	22	414	221	193
PCT9125	ED	861	210	-1	0	18	193	122	71
PCT9125	MV	861	437	1	0	32	404	249	155
PCT9126	ED	1015	245	-2	1	12	234	146	88
PCT9126	MV	1015	533	-2	2	25	508	251	257
PCT9127	ED	960	269	0	0	12	257	167	90
PCT9127	MV	960	498	-1	0	31	468	258	210
PCT9128	ED	828	248	1	0	13	234	145	89
PCT9128	MV	828	412	2	0	29	381	207	174
PCT9129	ED	741	243	1	1	13	228	154	74
PCT9129	MV	741	348	0	0	15	333	194	139
PCT9131	ED	759	192	0	0	7	185	121	64
PCT9131	MV	759	403	1	0	25	377	226	151
PCT9132	ED	837	248	-1	0	9	240	170	70
PCT9132	MV	837	371	-1	0	19	353	250	103
PCT9133	ED	1021	270	0	0	17	253	177	76
PCT9133	MV	1021	503	3	0	35	465	287	178
PCT9134	ED	893	210	2	0	17	191	122	69
PCT9134	MV	893	469	-1	0	36	434	241	193
PCT9135	ED	808	214	-1	0	8	207	115	92
PCT9135	MV	808	389	0	1	18	370	199	171
PCT9136	ED	929	253	2	0	15	236	168	68
PCT9136	MV	929	439	2	2	25	410	234	176
PCT9137	ED	1006	259	0	1	12	246	153	93
PCT9137	MV	1006	467	0	0	31	436	239	197
PCT9138	ED	943	226	2	0	13	211	120	91
PCT9138	MV	943	476	0	1	23	452	238	214
PCT9139	ED	975	243	1	0	19	223	132	91
PCT9139	MV	975	510	0	0	30	480	235	245
PCT9141	ED	953	251	0	0	18	233	142	91
PCT9141	MV	953	477	2	0	34	441	250	191
PCT9142	ED	966	275	0	0	17	258	186	72
PCT9142	MV	966	459	1	1	20	437	274	163
PCT9143	ED	920	251	0	0	13	238	146	92
PCT9143	MV	920	463	2	0	40	421	244	177
PCT9144	ED	962	291	0	0	14	277	186	91
PCT9144	MV	962	482	0	1	15	466	266	200
PCT9145	ED	861	249	2	0	8	239	161	78
PCT9145	MV	861	423	-1	0	24	400	238	162
PCT9146	ED	885	245	-1	0	8	238	154	84
PCT9146	MV	885	464	5	0	36	423	277	146
PCT9147	ED	971	280	0	0	9	271	201	70
PCT9147	MV	971	492	-3	0	21	474	311	163
PCT9148	ED	1034	322	0	0	18	304	197	107
PCT9148	MV	1034	513	2	0	24	487	305	182
PCT9149	ED	948	263	-2	1	18	246	171	75
PCT9149	MV	948	478	3	0	28	447	297	150
PCT9151	ED	872	226	0	0	13	213	138	75
PCT9151	MV	872	418	5	1	23	389	215	174
PCT9152	ED	721	269	-12	0	21	260	203	57
PCT9152	MV	721	279	-1	1	26	253	178	75
PCT9201	ED	1004	298	1	0	15	282	209	73
PCT9201	MV	1004	475	1	0	21	453	308	145
PCT9202	ED	971	294	1	0	15	278	170	108
PCT9202	MV	971	426	1	1	29	395	245	150
PCT9203	ED	1002	239	0	1	17	221	104	117
PCT9203	MV	1002	536	-1	0	43	494	223	271
PCT9204	ED	873	273	2	0	15	256	111	145
PCT9204	MV	873	393	1	0	29	363	155	208
PCT9205	ED	728	208	-2	0	16	194	108	86
PCT9205	MV	728	376	4	0	21	351	182	169
PCT9206	ED	931	246	-1	0	11	236	108	128
PCT9206	MV	931	479	1	1	24	453	182	271
PCT9207	ED	981	261	2	0	19	240	96	144
PCT9207	MV	981	502	-1	0	29	474	198	276
PCT9208	ED	1002	286	0	0	22	264	124	140
PCT9208	MV	1002	491	0	1	30	460	218	242
PCT9209	ED	711	244	1	0	13	230	114	116
PCT9209	MV	711	327	2	0	20	305	148	157
PCT9211	ED	889	234	0	0	20	214	114	100
PCT9211	MV	889	432	-1	0	21	412	193	219
PCT9212	ED	803	233	1	0	14	218	114	104
PCT9212	MV	803	400	3	0	20	377	199	178
PCT9213	ED	951	264	2	1	21	240	132	108
PCT9213	MV	951	507	1	0	41	465	243	222
PCT9214	ED	640	166	0	0	7	159	68	91
PCT9214	MV	640	334	0	0	15	319	142	177
PCT9215	ED	652	192	2	0	10	180	70	110
PCT9215	MV	652	327	0	0	23	304	127	177
PCT9216	ED	845	245	2	0	14	229	118	111
PCT9216	MV	845	379	0	0	36	343	161	182
PCT9217	ED	698	193	1	0	12	180	88	92
PCT9217	MV	698	349	2	0	21	326	149	177
PCT9218	ED	841	247	2	0	15	230	115	115
PCT9218	MV	841	412	3	1	22	386	188	198
PCT9219	ED	802	240	-1	0	12	229	142	87
PCT9219	MV	802	399	0	1	30	368	181	187
PCT9221	ED	651	145	-1	0	6	140	47	93
PCT9221	MV	651	399	0	1	32	366	112	254
PCT9222	ED	883	248	-1	0	18	231	90	141
PCT9222	MV	883	449	0	0	26	423	184	239
PCT9223	ED	638	160	-1	0	9	152	79	73
PCT9223	MV	638	338	2	0	23	313	132	181
PCT9224	ED	960	262	0	0	11	251	115	136
PCT9224	MV	960	506	5	0	24	477	225	252
PCT9225	ED	958	296	1	0	25	270	150	120
PCT9225	MV	958	469	1	2	34	432	233	199
PCT9226	ED	926	270	0	1	11	258	132	126
PCT9226	MV	926	486	0	0	30	456	253	203
PCT9227	ED	738	188	0	0	8	180	87	93
PCT9227	MV	738	404	1	0	27	376	167	209
PCT9228	ED	747	189	1	0	7	181	91	90
PCT9228	MV	747	424	0	1	21	402	173	229
PCT9229	ED	598	162	0	0	8	154	78	76
PCT9229	MV	598	316	0	0	7	309	138	171
PCT9231	ED	953	313	3	0	21	289	200	89
PCT9231	MV	953	488	-1	0	16	473	283	190
PCT9232	ED	735	212	0	0	12	200	105	95
PCT9232	MV	735	396	0	0	19	377	189	188
PCT9233	ED	793	208	0	0	13	195	92	103
PCT9233	MV	793	434	1	1	22	410	164	246
PCT9234	ED	746	187	0	0	8	179	96	83
PCT9234	MV	746	438	2	0	30	406	195	211
PCT9235	ED	884	239	0	0	8	231	107	124
PCT9235	MV	884	488	1	2	24	461	213	248
PCT9236	ED	683	200	1	0	11	188	98	90
PCT9236	MV	683	358	2	0	21	335	149	186
PCT9237	ED	936	225	2	0	16	207	108	99
PCT9237	MV	936	539	1	1	30	507	245	262
PCT9238	ED	842	230	-1	0	15	216	107	109
PCT9238	MV	842	456	0	0	31	425	194	231
PCT9239	ED	881	198	1	1	9	187	85	102
PCT9239	MV	881	499	4	0	27	468	209	259
PCT9241	ED	1005	254	1	0	16	237	126	111
PCT9241	MV	1005	578	1	2	21	554	264	290
PCT9242	ED	972	276	2	1	22	251	130	121
PCT9242	MV	972	513	1	2	21	489	253	236
PCT9243	ED	594	191	1	0	11	179	94	85
PCT9243	MV	594	307	-2	0	20	289	163	126
PCT9244	ED	903	254	-2	0	16	240	150	90
PCT9244	MV	903	485	2	1	37	445	244	201
PCT9245	ED	742	208	1	0	17	190	114	76
PCT9245	MV	742	375	1	1	24	349	212	137
PCT9246	ED	929	254	1	0	12	241	124	117
PCT9246	MV	929	528	0	0	32	496	249	247
PCT9247	ED	927	263	2	0	18	243	137	106
PCT9247	MV	927	515	-1	2	29	485	262	223
PCT9248	ED	907	257	0	0	15	242	156	86
PCT9248	MV	907	485	2	0	19	464	265	199
PCT9249	ED	917	271	-1	0	15	257	139	118
PCT9249	MV	917	494	3	0	28	463	262	201
PCT9251	ED	995	286	1	0	18	267	150	117
PCT9251	MV	995	530	4	0	30	496	261	235
PCT9252	ED	944	218	2	0	12	204	117	87
PCT9252	MV	944	550	2	0	37	511	258	253
PCT9253	ED	772	187	0	0	16	171	109	62
PCT9253	MV	772	397	-2	2	16	381	208	173
PCT9254	ED	935	230	-2	1	8	223	153	70
PCT9254	MV	935	538	1	1	26	510	301	209
PCT9255	ED	553	182	2	0	9	171	105	66
PCT9255	MV	553	263	1	0	18	244	160	84
PCT9256	ED	474	128	-2	0	8	122	79	43
PCT9256	MV	474	233	-1	0	13	221	128	93
PCT9257	MV	321	235	0	0	14	221	163	58
PCT9258	ED	712	192	0	0	6	186	115	71
PCT9258	MV	712	373	-2	0	18	357	194	163
PCT9401	ED	1012	293	-5	1	23	274	195	79
PCT9401	MV	1012	483	-1	1	20	463	325	138
PCT9402	ED	977	288	0	0	16	272	183	89
PCT9402	MV	977	458	-1	0	38	421	262	159
PCT9403	ED	897	239	-3	0	22	220	142	78
PCT9403	MV	897	419	1	0	16	402	225	177
PCT9404	ED	930	200	0	0	18	182	107	75
PCT9404	MV	930	462	0	0	20	442	250	192
PCT9405	ED	786	210	4	0	16	190	95	95
PCT9405	MV	786	364	-2	0	19	347	191	156
PCT9406	ED	868	244	-1	0	12	233	144	89
PCT9406	MV	868	421	1	0	18	402	241	161
PCT9407	ED	889	253	-1	0	11	243	161	82
PCT9407	MV	889	409	0	1	24	384	225	159
PCT9408	ED	886	265	-2	0	22	245	164	81
PCT9408	MV	886	415	0	0	20	395	260	135
PCT9409	ED	590	201	-3	0	12	192	152	40
PCT9409	MV	590	252	1	0	17	234	158	76
PCT9411	ED	956	270	-1	0	15	256	190	66
PCT9411	MV	956	430	1	0	30	399	277	122
PCT9412	ED	848	245	-1	0	15	231	151	80
PCT9412	MV	848	380	-1	0	23	358	199	159
PCT9413	ED	894	229	-2	0	14	217	140	77
PCT9413	MV	894	461	1	0	25	435	224	211
PCT9414	ED	916	216	-1	0	11	206	113	93
PCT9414	MV	916	463	2	0	33	428	230	198
PCT9415	ED	784	187	1	0	15	171	99	72
PCT9415	MV	784	391	0	3	20	368	177	191
PCT9416	ED	1008	280	-1	0	17	264	168	96
PCT9416	MV	1008	480	2	1	29	448	244	204
PCT9417	ED	752	175	0	0	15	160	99	61
PCT9417	MV	752	402	0	1	22	379	195	184
PCT9418	ED	790	211	-2	0	18	195	116	79
PCT9418	MV	790	376	2	1	28	345	143	202
PCT9419	ED	924	222	1	0	12	209	105	104
PCT9419	MV	924	468	-3	0	36	435	202	233
PCT9421	ED	906	237	-4	1	22	218	120	98
PCT9421	MV	906	446	2	0	22	422	189	233
PCT9422	ED	1056	283	-2	0	24	261	150	111
PCT9422	MV	1056	513	2	0	29	482	244	238
PCT9423	ED	889	219	-1	0	21	199	124	75
PCT9423	MV	889	440	-2	0	28	414	224	190
PCT9424	ED	952	224	0	1	11	212	128	84
PCT9424	MV	952	496	1	3	21	471	238	233
PCT9425	ED	933	199	-1	1	17	182	115	67
PCT9425	MV	933	465	-1	2	30	434	198	236
PCT9426	ED	823	198	-1	0	17	182	107	75
PCT9426	MV	823	408	5	0	25	378	175	203
PCT9427	ED	948	210	1	0	16	193	96	97
PCT9427	MV	948	447	-3	0	22	428	190	238
PCT9428	ED	961	183	-2	0	12	173	106	67
PCT9428	MV	961	518	0	0	38	480	224	256
PCT9429	ED	899	228	0	0	17	211	119	92
PCT9429	MV	899	432	0	0	21	411	198	213
PCT9431	ED	973	235	2	0	19	214	120	94
PCT9431	MV	973	464	1	0	31	432	174	258
PCT9432	ED	945	214	-1	0	16	199	102	97
PCT9432	MV	945	468	0	0	27	441	217	224
PCT9433	ED	945	195	-1	0	15	181	99	82
PCT9433	MV	945	487	0	0	27	460	222	238
PCT9434	ED	979	260	-2	0	13	249	157	92
PCT9434	MV	979	481	0	1	26	454	218	236
PCT9435	ED	969	251	-3	0	18	236	141	95
PCT9435	MV	969	448	-2	0	29	421	198	223
PCT9436	ED	1006	231	0	0	19	212	114	98
PCT9436	MV	1006	495	-2	0	35	462	229	233
PCT9437	ED	897	219	-3	0	18	204	111	93
PCT9437	MV	897	435	2	1	21	411	180	231
PCT9438	ED	948	202	0	0	13	189	111	78
PCT9438	MV	948	496	-1	0	30	467	198	269
PCT9439	ED	879	173	-1	0	14	160	88	72
PCT9439	MV	879	425	1	0	37	387	187	200
PCT9441	ED	980	261	-1	0	15	247	169	78
PCT9441	MV	980	462	0	1	21	440	222	218
PCT9442	ED	1008	280	1	0	14	265	160	105
PCT9442	MV	1008	461	0	0	27	434	231	203
PCT9443	ED	937	219	-1	0	18	202	115	87
PCT9443	MV	937	442	-2	0	21	423	228	195
PCT9444	ED	937	190	1	0	15	174	95	79
PCT9444	MV	937	442	0	0	24	418	204	214
PCT9445	ED	981	230	-1	0	10	221	133	88
PCT9445	MV	981	493	-1	1	26	467	233	234
PCT9446	ED	1090	240	-1	0	14	227	144	83
PCT9446	MV	1090	564	1	0	28	535	244	291
PCT9447	ED	906	236	-1	0	13	224	135	89
PCT9447	MV	906	448	-2	1	29	420	203	217
PCT9448	ED	909	232	-3	0	21	214	141	73
PCT9448	MV	909	429	2	0	28	399	210	189
PCT9449	ED	830	177	3	0	17	157	86	71
PCT9449	MV	830	428	3	0	19	406	172	234
PCT9451	ED	420	97	0	0	4	93	52	41
PCT9451	MV	420	218	-1	0	16	203	77	126
PCT9452	ED	840	259	0	0	13	246	131	115
PCT9452	MV	840	412	1	0	16	395	171	224
PCT9453	ED	500	135	0	0	5	130	63	67
PCT9453	MV	500	242	0	0	22	220	110	110
PCT9501	MV	148	110	0	0	6	104	66	38
PCT9502	MV	245	177	2	1	3	171	124	47
PCT9503	ED	729	198	-2	0	5	195	129	66
PCT9503	MV	729	315	4	1	18	292	211	81
PCT9505	ED	784	176	-1	0	9	168	121	47
PCT9505	MV	784	383	0	0	20	363	248	115
PCT9506	ED	766	177	1	1	9	166	116	50
PCT9506	MV	766	312	-1	0	15	298	199	99
PCT9507	ED	766	231	0	0	5	226	158	68
PCT9507	MV	766	406	-1	0	15	392	289	103
PCT9508	ED	798	237	1	0	12	224	175	49
PCT9508	MV	798	429	-1	0	16	414	309	105
PCT9509	ED	759	229	1	0	18	210	154	56
PCT9509	MV	759	386	-2	0	24	364	242	122
PCT9511	ED	622	190	-1	0	9	182	135	47
PCT9511	MV	622	296	0	0	12	284	207	77
PCT9512	ED	809	240	1	0	10	229	169	60
PCT9512	MV	809	399	0	1	20	378	271	107
PCT9513	ED	902	275	-1	0	14	262	189	73
PCT9513	MV	902	390	2	0	16	372	262	110
PCT9514	ED	928	304	-4	0	24	284	208	76
PCT9514	MV	928	456	1	0	26	429	299	130
PCT9515	ED	705	222	0	0	11	211	147	64
PCT9515	MV	705	368	-3	0	18	353	233	120
PCT9516	ED	866	254	-2	0	16	240	161	79
PCT9516	MV	866	427	0	0	24	403	260	143
PCT9517	ED	801	226	0	0	11	215	167	48
PCT9517	MV	801	397	1	0	11	385	272	113
PCT9518	ED	802	229	-1	0	12	218	162	56
PCT9518	MV	802	431	0	0	14	417	300	117
PCT9519	ED	910	261	-1	0	16	246	159	87
PCT9519	MV	910	486	-3	1	24	464	323	141
PCT9521	ED	939	315	-2	0	16	301	216	85
PCT9521	MV	939	442	0	0	28	414	288	126
PCT9701	ED	671	200	-1	0	10	191	144	47
PCT9701	MV	671	339	1	0	19	319	190	129
PCT9702	ED	723	209	1	1	5	202	142	60
PCT9702	MV	723	364	0	0	18	346	234	112
PCT9703	ED	986	232	6	0	14	212	108	104
PCT9703	MV	986	529	1	0	28	500	276	224
PCT9704	ED	950	279	0	0	11	268	165	103
PCT9704	MV	950	504	0	1	32	471	265	206
PCT9705	ED	919	260	4	0	7	249	178	71
PCT9705	MV	919	483	0	0	24	459	303	156
PCT9706	MV	49	39	-1	0	5	35	23	12
PCT9707	ED	821	172	0	0	8	164	70	94
PCT9707	MV	821	491	4	0	33	454	197	257
PCT9708	ED	948	248	4	0	18	226	147	79
PCT9708	MV	948	500	-2	0	24	478	287	191
PCT9709	ED	1028	281	10	1	15	255	132	123
PCT9709	MV	1028	517	0	0	29	488	199	289
PCT9711	ED	641	195	0	0	12	183	93	90
PCT9711	MV	641	336	0	0	23	313	144	169
PCT9712	ED	649	160	0	0	8	152	71	81
PCT9712	MV	649	398	3	1	15	379	190	189
PCT9713	ED	960	225	1	0	19	205	110	95
PCT9713	MV	960	489	0	0	25	464	213	251
PCT9714	ED	931	207	1	1	13	192	78	114
PCT9714	MV	931	538	5	0	33	500	195	305
PCT9715	ED	569	180	0	1	9	170	81	89
PCT9715	MV	569	309	2	0	14	293	121	172
PCT9716	ED	947	238	5	0	14	219	114	105
PCT9716	MV	947	481	2	0	37	442	221	221
PCT9717	ED	972	265	0	0	16	249	117	132
PCT9717	MV	972	532	3	0	27	502	254	248
PCT9718	ED	862	227	0	0	8	219	106	113
PCT9718	MV	862	496	-1	1	24	472	213	259
PCT9719	ED	901	245	0	1	13	231	130	101
PCT9719	MV	901	524	6	0	18	500	215	285
PCT9721	ED	662	198	0	0	8	190	87	103
PCT9721	MV	662	357	1	1	17	338	146	192
PCT9722	ED	605	119	0	0	8	111	45	66
PCT9722	MV	605	355	-1	0	20	336	138	198
PCT9723	ED	481	98	0	0	5	93	45	48
PCT9723	MV	481	275	0	1	24	250	87	163
PCT9724	ED	991	205	0	0	14	191	68	123
PCT9724	MV	991	565	-1	1	37	528	178	350
PCT9725	ED	970	213	-3	0	17	199	96	103
PCT9725	MV	970	499	0	0	41	458	160	298
PCT9726	ED	655	262	0	0	14	248	179	69
PCT9726	MV	655	241	-2	1	22	220	132	88
PCT9727	ED	459	79	0	0	3	76	36	40
PCT9727	MV	459	271	1	0	15	255	99	156
PCT9728	ED	926	230	-2	0	14	218	101	117
PCT9728	MV	926	503	2	0	28	473	184	289
PCT9729	ED	800	191	1	0	12	178	62	116
PCT9729	MV	800	442	-1	2	21	420	160	260
PCT9731	ED	556	167	-1	0	15	153	67	86
PCT9731	MV	556	282	0	0	19	263	101	162
PCT9732	MV	70	56	0	0	1	55	18	37
PCT9733	MV	235	191	0	0	6	185	106	79
PCT9734	ED	603	154	0	0	7	147	50	97
PCT9734	MV	603	341	-1	0	25	317	132	185
PCT9735	ED	809	206	0	1	14	191	81	110
PCT9735	MV	809	449	0	1	22	426	197	229
PCT9736	ED	713	173	1	0	13	159	69	90
PCT9736	MV	713	410	2	0	20	388	201	187
PCT9737	ED	818	208	0	0	12	196	121	75
PCT9737	MV	818	476	3	0	20	453	255	198
PCT9738	ED	848	185	0	0	9	176	115	61
PCT9738	MV	848	404	0	2	32	370	216	154
PCT9739	ED	828	220	1	0	16	203	138	65
PCT9739	MV	828	335	0	0	18	317	229	88
PCT9741	ED	552	227	-8	0	17	218	179	39
PCT9741	MV	552	105	-1	0	11	95	77	18
PCT9742	ED	677	180	4	0	9	167	72	95
PCT9742	MV	677	289	1	1	13	274	120	154
PCT9743	ED	1163	310	-1	0	19	292	206	86
PCT9743	MV	1163	501	2	0	35	464	301	163
PCT9744	ED	911	244	0	0	21	223	158	65
PCT9744	MV	911	390	0	1	22	367	241	126
PCT9745	ED	991	281	-4	0	19	266	175	91
PCT9745	MV	991	346	1	0	12	333	218	115
PCT9746	ED	884	231	1	0	17	213	101	112
PCT9746	MV	884	451	0	0	20	431	190	241
PCT9747	ED	973	246	2	0	15	229	143	86
PCT9747	MV	973	470	0	1	30	439	233	206
PCT9748	ED	931	229	-1	0	8	222	120	102
PCT9748	MV	931	475	1	1	31	442	226	216
PCT9749	ED	913	224	2	0	11	211	133	78
PCT9749	MV	913	384	-3	1	34	352	213	139
PCT9751	ED	1016	253	0	0	18	235	119	116
PCT9751	MV	1016	522	0	0	33	489	247	242
PCT9752	ED	710	175	3	0	8	164	90	74
PCT9752	MV	710	392	-1	1	19	373	185	188
PCT9753	ED	756	186	-2	0	5	183	110	73
PCT9753	MV	756	387	0	0	23	364	217	147
PCT9754	ED	707	47	0	0	4	43	20	23
PCT9754	MV	707	377	0	1	17	359	217	142
PCT9755	ED	582	171	-2	1	13	159	99	60
PCT9755	MV	582	284	2	0	12	270	136	134
PCT9756	ED	941	185	0	0	16	169	107	62
PCT9756	MV	941	477	-2	0	31	448	228	220
PCT9801	ED	408	104	0	0	6	98	62	36
PCT9801	MV	408	181	0	0	5	176	110	66
CONG12	TO	443570	332140	288	246	18510	313096	194991	118105
CONG14	TO	56946	40321	-7	36	2411	37881	20251	17630
ASSM17	TO	291063	214584	224	162	11611	202587	132494	70093
ASSM19	TO	209453	157877	57	120	9310	148390	82748	65642
BART7	TO	38460	24701	27	20	1553	23101	13866	9235
BART8	TO	223735	166231	85	124	10072	155950	85086	70864
BART9	TO	238321	181529	169	138	9296	171926	116290	55636
SUPV1	TO	42767	32717	-2	24	1961	30734	18613	12121
SUPV2	TO	50394	40340	70	39	2364	37867	19650	18217
SUPV3	TO	39799	28528	-10	13	1777	26748	16113	10635
SUPV4	TO	42953	31684	-32	22	1959	29735	16092	13643
SUPV5	TO	53744	41997	33	35	2192	39737	27916	11821
SUPV6	TO	43321	29109	61	23	1834	27191	17552	9639
SUPV7	TO	47076	36551	49	34	2077	34391	18197	16194
SUPV8	TO	58122	48580	98	28	2113	46341	31168	15173
SUPV9	TO	42988	31742	7	25	1596	30114	21193	8921
SUPV10	TO	41862	26436	23	20	1547	24846	15426	9420
SUPV11	TO	37490	24777	-16	19	1501	23273	13322	9951
NEIG1	TO	19914	11260	8	7	753	10492	6484	4008
NEIG2	TO	17446	12417	0	6	796	11615	6776	4839
NEIG3	TO	28644	19019	20	9	1236	17754	12027	5727
NEIG4	TO	7002	5798	18	4	263	5513	3348	2165
NEIG5	TO	27634	18410	-7	16	1110	17291	9860	7431
NEIG6	TO	14982	12227	12	8	563	11644	8425	3219
NEIG7	TO	12118	7922	-12	4	494	7436	4315	3121
NEIG8	TO	9734	7850	-11	4	413	7444	5165	2279
NEIG9	TO	8390	5906	-16	6	405	5511	3198	2313
NEIG10	TO	10097	8001	4	6	473	7518	4621	2897
NEIG11	TO	40622	32340	64	38	1983	30255	15729	14526
NEIG12	TO	31129	23270	-3	19	1108	22146	16419	5727
NEIG13	TO	16964	14401	26	7	641	13727	9131	4596
NEIG14	TO	8795	7262	2	3	296	6961	5133	1828
NEIG15	TO	7019	5227	0	4	322	4901	2775	2126
NEIG26	TO	9293	6101	-5	5	378	5723	3011	2712
NEIG16	TO	16814	13062	11	7	626	12418	8111	4307
NEIG17	TO	37322	28480	8	21	1690	26761	16136	10625
NEIG18	TO	8050	6586	5	4	335	6242	3197	3045
NEIG19	TO	9419	7384	19	9	366	6990	4887	2103
NEIG20	TO	24674	17016	22	17	1039	15938	9786	6152
NEIG21	TO	42363	31231	-30	22	1930	29309	15782	13527
NEIG22	TO	18966	16173	31	9	675	15458	10429	5029
NEIG23	TO	8139	4486	12	5	311	4158	2138	2020
NEIG24	TO	34909	27819	69	24	1500	26226	13316	12910
NEIG25	TO	30077	22813	34	18	1215	21546	15043	6503
