area_id	subtotal_type	RSReg	RSCst	RSRej	RSOvr	RSUnd	RSTot	004:Yes	005:No
ALLPCTS	TO	500516	372848	106	238	133261	239243	148219	91024
ALLPCTS	ED	500516	127886	80	65	45162	82579	51080	31499
ALLPCTS	MV	500516	244962	26	173	88099	156664	97139	59525
PCT1101	ED	553	126	0	0	40	86	52	34
PCT1101	MV	553	266	0	0	88	178	111	67
PCT1102	ED	995	266	0	0	75	191	105	86
PCT1102	MV	995	480	0	0	156	324	199	125
PCT1103	ED	951	246	1	0	83	162	101	61
PCT1103	MV	951	445	0	1	156	288	175	113
PCT1104	ED	993	249	0	0	80	169	104	65
PCT1104	MV	993	414	0	0	124	290	183	107
PCT1106	ED	765	191	0	1	71	119	75	44
PCT1106	MV	765	343	0	0	121	222	123	99
PCT1107	ED	746	163	0	0	55	108	68	40
PCT1107	MV	746	336	0	0	125	211	133	78
PCT1108	ED	909	232	0	0	103	129	80	49
PCT1108	MV	909	438	0	0	162	276	177	99
PCT1109	ED	798	166	0	0	59	107	62	45
PCT1109	MV	798	365	0	0	124	241	163	78
PCT1111	ED	1002	205	0	0	60	145	94	51
PCT1111	MV	1002	460	0	0	162	298	195	103
PCT1112	ED	769	151	0	1	41	109	74	35
PCT1112	MV	769	344	0	0	115	229	145	84
PCT1113	ED	746	135	0	0	51	84	48	36
PCT1113	MV	746	360	0	0	118	242	158	84
PCT1114	ED	957	226	0	0	82	144	94	50
PCT1114	MV	957	404	0	0	121	283	159	124
PCT1115	ED	895	174	0	0	62	112	52	60
PCT1115	MV	895	371	0	1	138	232	139	93
PCT1116	ED	895	225	0	0	86	139	92	47
PCT1116	MV	895	376	0	2	114	260	167	93
PCT1117	ED	858	185	0	0	59	126	85	41
PCT1117	MV	858	357	0	0	123	234	151	83
PCT1118	ED	1043	213	0	1	64	148	83	65
PCT1118	MV	1043	476	0	0	143	333	219	114
PCT1119	ED	791	165	0	0	62	103	57	46
PCT1119	MV	791	386	0	0	130	256	163	93
PCT1121	ED	691	160	0	0	54	106	60	46
PCT1121	MV	691	313	0	0	127	186	115	71
PCT1122	ED	632	110	0	0	35	75	49	26
PCT1122	MV	632	310	0	1	115	194	125	69
PCT1123	ED	915	179	0	0	47	132	76	56
PCT1123	MV	915	364	0	0	122	242	138	104
PCT1124	ED	819	152	0	0	41	111	63	48
PCT1124	MV	819	302	0	1	76	225	139	86
PCT1125	ED	1047	159	0	0	51	108	65	43
PCT1125	MV	1047	466	0	0	136	330	227	103
PCT1126	ED	922	191	0	0	40	151	96	55
PCT1126	MV	922	400	0	2	107	291	200	91
PCT1127	ED	920	200	0	1	66	133	96	37
PCT1127	MV	920	382	0	0	115	267	176	91
PCT1128	ED	838	154	0	0	49	105	57	48
PCT1128	MV	838	362	0	0	117	245	153	92
PCT1129	ED	980	227	0	0	72	155	95	60
PCT1129	MV	980	416	0	0	117	299	210	89
PCT1131	ED	797	132	0	0	40	92	63	29
PCT1131	MV	797	371	0	0	132	239	160	79
PCT1132	ED	969	179	0	1	64	114	75	39
PCT1132	MV	969	427	0	0	142	285	206	79
PCT1133	ED	863	161	0	0	57	104	71	33
PCT1133	MV	863	410	0	0	146	264	172	92
PCT1134	ED	759	170	0	0	47	123	72	51
PCT1134	MV	759	318	0	0	120	198	128	70
PCT1135	ED	540	87	0	0	31	56	37	19
PCT1135	MV	540	295	0	0	101	194	130	64
PCT1136	ED	829	144	0	0	41	103	66	37
PCT1136	MV	829	412	0	0	139	273	173	100
PCT1141	ED	1041	223	0	0	72	151	91	60
PCT1141	MV	1041	484	0	0	133	351	235	116
PCT1142	ED	861	175	0	0	47	128	75	53
PCT1142	MV	861	393	0	0	131	262	170	92
PCT1143	ED	1034	229	0	2	58	169	106	63
PCT1143	MV	1034	440	0	0	134	306	189	117
PCT1144	ED	907	205	0	1	46	158	97	61
PCT1144	MV	907	387	0	0	99	288	169	119
PCT1145	ED	888	189	0	0	64	125	72	53
PCT1145	MV	888	461	0	0	152	309	196	113
PCT1146	ED	1011	186	0	0	54	132	85	47
PCT1146	MV	1011	454	0	0	133	321	206	115
PCT1147	ED	877	210	0	0	62	148	87	61
PCT1147	MV	877	396	0	1	100	295	175	120
PCT1148	ED	962	196	0	0	52	144	95	49
PCT1148	MV	962	444	0	0	129	315	209	106
PCT1149	ED	907	210	0	0	62	148	93	55
PCT1149	MV	907	407	0	0	120	287	180	107
PCT1152	ED	864	198	0	0	62	136	81	55
PCT1152	MV	864	388	0	1	105	282	190	92
PCT1153	ED	951	210	0	1	70	139	87	52
PCT1153	MV	951	415	0	0	142	273	162	111
PCT7001	ED	776	176	2	0	61	113	67	46
PCT7001	MV	776	429	0	1	149	279	150	129
PCT7002	ED	706	176	0	0	58	118	64	54
PCT7002	MV	706	332	0	0	114	218	109	109
PCT7003	ED	884	238	0	0	87	151	93	58
PCT7003	MV	884	498	0	1	199	298	168	130
PCT7004	ED	881	241	1	0	90	150	96	54
PCT7004	MV	881	496	0	0	158	338	192	146
PCT7005	ED	847	253	0	0	94	159	80	79
PCT7005	MV	847	480	0	1	175	304	163	141
PCT7006	ED	917	254	0	0	100	154	74	80
PCT7006	MV	917	442	0	1	130	311	164	147
PCT7007	ED	949	283	0	0	84	199	118	81
PCT7007	MV	949	516	0	0	182	334	186	148
PCT7008	ED	932	264	1	0	89	174	115	59
PCT7008	MV	932	546	1	0	215	330	218	112
PCT7009	ED	905	185	0	0	62	123	70	53
PCT7009	MV	905	513	0	0	170	343	185	158
PCT7011	ED	985	204	0	0	64	140	79	61
PCT7011	MV	985	294	0	0	98	196	130	66
PCT7012	ED	1109	313	0	1	110	202	126	76
PCT7012	MV	1109	594	0	3	194	397	251	146
PCT7013	ED	956	267	0	0	102	165	97	68
PCT7013	MV	956	501	0	0	159	342	201	141
PCT7014	ED	1460	367	0	0	133	234	159	75
PCT7014	MV	1460	802	0	1	266	535	304	231
PCT7015	MV	95	44	0	0	15	29	12	17
PCT7016	ED	918	171	0	0	47	124	81	43
PCT7016	MV	918	280	0	0	95	185	110	75
PCT7017	ED	754	149	0	0	64	85	45	40
PCT7017	MV	754	252	0	1	88	163	94	69
PCT7018	ED	977	155	0	0	55	100	63	37
PCT7018	MV	977	448	0	0	155	293	201	92
PCT7019	ED	899	182	0	0	51	131	79	52
PCT7019	MV	899	413	0	0	139	274	179	95
PCT7021	ED	947	184	0	1	54	129	78	51
PCT7021	MV	947	305	0	0	106	199	129	70
PCT7022	ED	945	215	0	0	70	145	92	53
PCT7022	MV	945	352	0	0	96	256	159	97
PCT7023	ED	928	178	0	0	55	123	86	37
PCT7023	MV	928	400	0	0	134	266	167	99
PCT7024	ED	414	70	0	0	24	46	30	16
PCT7024	MV	414	78	0	0	24	54	40	14
PCT7025	ED	477	85	0	1	28	56	36	20
PCT7025	MV	477	128	0	1	38	89	48	41
PCT7026	ED	1011	149	0	0	46	103	71	32
PCT7026	MV	1011	455	0	0	162	293	214	79
PCT7027	ED	869	195	0	0	67	128	84	44
PCT7027	MV	869	353	0	1	110	242	152	90
PCT7028	ED	850	213	0	0	67	146	84	62
PCT7028	MV	850	282	0	0	84	198	111	87
PCT7029	ED	901	184	0	0	62	122	76	46
PCT7029	MV	901	251	0	0	76	175	111	64
PCT7030	ED	759	119	0	0	39	80	47	33
PCT7030	MV	759	357	0	0	107	250	161	89
PCT7031	ED	641	91	0	0	35	56	40	16
PCT7031	MV	641	309	0	1	83	225	170	55
PCT7032	ED	904	173	1	0	55	117	79	38
PCT7032	MV	904	316	0	0	90	226	153	73
PCT7033	ED	798	191	0	0	61	130	81	49
PCT7033	MV	798	247	0	1	65	181	123	58
PCT7034	ED	958	197	0	0	68	129	77	52
PCT7034	MV	958	201	0	0	69	132	90	42
PCT7035	ED	606	122	0	0	40	82	52	30
PCT7035	MV	606	262	0	0	78	184	111	73
PCT7036	ED	921	117	0	0	28	89	54	35
PCT7036	MV	921	342	0	0	105	237	181	56
PCT7037	ED	735	135	0	0	59	76	44	32
PCT7037	MV	735	98	0	0	31	67	41	26
PCT7038	ED	911	135	0	0	46	89	59	30
PCT7038	MV	911	351	0	0	100	251	181	70
PCT7039	ED	784	178	0	0	55	123	77	46
PCT7039	MV	784	306	0	0	100	206	138	68
PCT7041	MV	61	33	0	0	14	19	8	11
PCT7042	ED	639	118	0	0	28	90	62	28
PCT7042	MV	639	258	0	0	88	170	117	53
PCT7043	ED	957	176	0	0	40	136	79	57
PCT7043	MV	957	404	0	0	151	253	174	79
PCT7044	ED	827	167	0	1	50	116	78	38
PCT7044	MV	827	193	0	0	74	119	77	42
PCT7045	ED	779	120	0	0	54	66	40	26
PCT7045	MV	779	344	0	0	137	207	141	66
PCT7046	ED	402	94	0	0	31	63	44	19
PCT7046	MV	402	175	0	0	62	113	67	46
PCT7047	ED	823	119	0	0	41	78	50	28
PCT7047	MV	823	388	0	0	135	253	199	54
PCT7048	ED	858	150	3	0	50	97	68	29
PCT7048	MV	858	318	0	0	102	216	153	63
PCT7049	ED	792	173	0	0	55	118	83	35
PCT7049	MV	792	305	0	0	113	192	147	45
PCT7051	ED	861	114	0	0	42	72	37	35
PCT7051	MV	861	380	0	0	130	250	168	82
PCT7052	ED	852	161	0	0	51	110	65	45
PCT7052	MV	852	402	0	0	140	262	172	90
PCT7053	ED	548	102	0	0	44	58	34	24
PCT7053	MV	548	278	0	0	99	179	126	53
PCT7054	ED	1073	215	0	0	70	145	89	56
PCT7054	MV	1073	410	0	0	118	292	188	104
PCT7055	ED	808	190	0	0	60	130	83	47
PCT7055	MV	808	440	0	0	151	289	173	116
PCT7101	MV	155	120	1	0	39	80	44	36
PCT7201	ED	936	245	0	0	110	135	82	53
PCT7201	MV	936	518	0	0	205	313	212	101
PCT7202	ED	850	227	0	0	99	128	100	28
PCT7202	MV	850	431	0	0	159	272	194	78
PCT7203	ED	921	291	1	0	108	182	128	54
PCT7203	MV	921	423	0	0	182	241	157	84
PCT7204	ED	918	233	0	0	97	136	93	43
PCT7204	MV	918	531	0	0	202	329	234	95
PCT7205	ED	875	251	0	0	104	147	105	42
PCT7205	MV	875	485	0	0	184	301	224	77
PCT7206	ED	378	135	0	0	48	87	59	28
PCT7206	MV	378	191	0	0	72	119	80	39
PCT7207	ED	812	196	0	0	74	122	89	33
PCT7207	MV	812	434	0	0	170	264	168	96
PCT7208	ED	600	111	0	0	43	68	43	25
PCT7208	MV	600	328	0	0	115	213	143	70
PCT7209	ED	626	107	0	0	46	61	45	16
PCT7209	MV	626	423	0	1	175	247	175	72
PCT7301	ED	1016	228	0	0	79	149	105	44
PCT7301	MV	1016	435	0	0	174	261	174	87
PCT7302	ED	814	188	0	0	70	118	79	39
PCT7302	MV	814	458	0	0	183	275	181	94
PCT7303	ED	1042	281	0	1	112	168	100	68
PCT7303	MV	1042	482	0	0	185	297	201	96
PCT7304	ED	1002	278	0	1	110	167	102	65
PCT7304	MV	1002	493	0	0	198	295	174	121
PCT7305	ED	871	240	0	0	95	145	108	37
PCT7305	MV	871	460	0	0	201	259	185	74
PCT7306	ED	1056	317	0	0	128	189	120	69
PCT7306	MV	1056	498	0	1	220	277	177	100
PCT7307	ED	767	210	0	0	90	120	79	41
PCT7307	MV	767	346	0	0	133	213	135	78
PCT7308	ED	603	177	0	0	63	114	77	37
PCT7308	MV	603	313	0	0	128	185	135	50
PCT7309	ED	884	263	0	0	113	150	104	46
PCT7309	MV	884	439	0	0	164	275	181	94
PCT7311	ED	917	268	0	0	103	165	116	49
PCT7311	MV	917	448	0	0	173	275	186	89
PCT7312	ED	821	203	0	0	77	126	96	30
PCT7312	MV	821	470	0	0	187	283	222	61
PCT7313	ED	968	225	1	0	91	133	79	54
PCT7313	MV	968	485	0	1	184	300	208	92
PCT7314	ED	787	125	0	0	42	83	55	28
PCT7314	MV	787	271	0	0	110	161	119	42
PCT7315	ED	760	220	0	0	89	131	80	51
PCT7315	MV	760	282	0	0	122	160	98	62
PCT7316	ED	853	205	0	0	87	118	74	44
PCT7316	MV	853	367	0	0	146	221	129	92
PCT7317	ED	904	189	0	0	80	109	70	39
PCT7317	MV	904	454	0	0	165	289	203	86
PCT7318	ED	727	179	0	0	76	103	71	32
PCT7318	MV	727	390	0	0	147	243	173	70
PCT7319	ED	1079	301	0	2	111	188	134	54
PCT7319	MV	1079	516	0	1	220	295	184	111
PCT7321	ED	671	149	0	0	67	82	53	29
PCT7321	MV	671	286	0	0	115	171	109	62
PCT7322	ED	874	65	0	0	26	39	24	15
PCT7322	MV	874	337	0	0	162	175	125	50
PCT7323	ED	950	234	0	0	79	155	99	56
PCT7323	MV	950	455	0	0	185	270	176	94
PCT7324	ED	755	190	0	0	84	106	78	28
PCT7324	MV	755	364	0	2	136	226	152	74
PCT7325	ED	904	243	0	0	91	152	105	47
PCT7325	MV	904	436	0	0	192	244	165	79
PCT7326	ED	876	200	0	0	79	121	89	32
PCT7326	MV	876	430	0	0	164	266	179	87
PCT7327	ED	699	71	0	1	26	44	28	16
PCT7327	MV	699	276	0	2	106	168	130	38
PCT7328	ED	973	94	0	0	51	43	30	13
PCT7328	MV	973	394	0	1	162	231	186	45
PCT7329	ED	640	112	0	0	42	70	54	16
PCT7329	MV	640	321	0	0	112	209	153	56
PCT7331	ED	852	213	0	0	81	132	96	36
PCT7331	MV	852	461	0	0	192	269	199	70
PCT7332	ED	834	225	0	0	81	144	94	50
PCT7332	MV	834	364	0	0	126	238	147	91
PCT7333	ED	1044	298	0	0	105	193	134	59
PCT7333	MV	1044	543	0	0	199	344	220	124
PCT7334	ED	881	199	0	0	90	109	69	40
PCT7334	MV	881	462	0	1	173	288	185	103
PCT7335	ED	970	225	0	0	77	148	98	50
PCT7335	MV	970	523	0	1	213	309	197	112
PCT7336	ED	955	238	0	0	98	140	92	48
PCT7336	MV	955	523	0	0	194	329	221	108
PCT7337	ED	851	179	0	0	63	116	69	47
PCT7337	MV	851	464	0	0	162	302	193	109
PCT7338	ED	915	153	0	0	42	111	77	34
PCT7338	MV	915	426	0	1	157	268	208	60
PCT7339	ED	669	174	0	0	54	120	83	37
PCT7339	MV	669	309	0	0	107	202	127	75
PCT7341	ED	908	260	0	1	101	158	106	52
PCT7341	MV	908	401	0	1	141	259	169	90
PCT7342	ED	947	334	0	0	107	227	135	92
PCT7342	MV	947	414	0	1	136	277	168	109
PCT7343	ED	731	234	0	0	75	159	97	62
PCT7343	MV	731	316	0	0	96	220	129	91
PCT7344	ED	1110	291	0	1	99	191	110	81
PCT7344	MV	1110	538	0	1	168	369	220	149
PCT7345	ED	1141	329	1	0	103	225	146	79
PCT7345	MV	1141	521	0	0	181	340	181	159
PCT7346	ED	920	250	0	0	83	167	100	67
PCT7346	MV	920	384	0	0	126	258	132	126
PCT7347	ED	1040	241	0	1	77	163	87	76
PCT7347	MV	1040	480	0	1	136	343	195	148
PCT7348	ED	861	210	0	0	65	145	95	50
PCT7348	MV	861	353	0	0	123	230	147	83
PCT7349	ED	957	248	0	0	82	166	109	57
PCT7349	MV	957	427	0	1	153	273	172	101
PCT7501	ED	565	172	0	0	65	107	79	28
PCT7501	MV	565	308	0	0	140	168	119	49
PCT7502	ED	784	180	1	0	69	110	73	37
PCT7502	MV	784	447	0	0	165	282	172	110
PCT7503	ED	764	208	0	0	74	134	98	36
PCT7503	MV	764	388	0	0	141	247	170	77
PCT7504	ED	503	112	0	0	40	72	55	17
PCT7504	MV	503	222	0	0	75	147	101	46
PCT7505	ED	869	158	0	0	55	103	75	28
PCT7505	MV	869	532	0	0	216	316	258	58
PCT7506	ED	999	226	0	0	74	152	100	52
PCT7506	MV	999	473	0	0	163	310	195	115
PCT7507	ED	955	211	0	0	70	141	91	50
PCT7507	MV	955	344	0	0	123	221	138	83
PCT7508	ED	727	154	0	0	52	102	72	30
PCT7508	MV	727	427	0	0	170	257	184	73
PCT7509	ED	932	235	2	0	71	162	101	61
PCT7509	MV	932	470	1	0	143	326	190	136
PCT7512	ED	612	150	0	0	60	90	65	25
PCT7512	MV	612	283	0	0	103	180	125	55
PCT7513	ED	818	225	0	0	84	141	96	45
PCT7513	MV	818	315	0	0	96	219	138	81
PCT7514	ED	874	140	0	0	42	98	69	29
PCT7514	MV	874	305	0	0	95	210	147	63
PCT7515	ED	869	212	0	0	73	139	91	48
PCT7515	MV	869	389	0	0	146	243	154	89
PCT7516	ED	922	172	0	0	52	120	78	42
PCT7516	MV	922	538	0	0	177	361	252	109
PCT7517	ED	863	289	0	0	92	197	115	82
PCT7517	MV	863	410	0	0	148	262	139	123
PCT7518	ED	950	309	0	0	110	199	112	87
PCT7518	MV	950	480	0	2	169	309	151	158
PCT7519	ED	737	224	0	0	68	156	86	70
PCT7519	MV	737	355	0	0	135	220	107	113
PCT7521	ED	812	292	0	0	110	182	98	84
PCT7521	MV	812	354	0	0	149	205	115	90
PCT7522	ED	764	207	0	0	72	135	72	63
PCT7522	MV	764	397	0	0	136	261	143	118
PCT7523	ED	747	275	0	0	80	195	105	90
PCT7523	MV	747	359	0	1	110	248	134	114
PCT7524	ED	615	181	0	0	65	116	66	50
PCT7524	MV	615	262	0	0	85	177	97	80
PCT7525	ED	800	205	0	1	68	136	76	60
PCT7525	MV	800	341	0	1	122	218	126	92
PCT7526	ED	1011	292	0	0	99	193	102	91
PCT7526	MV	1011	552	0	0	211	341	186	155
PCT7527	ED	725	211	0	0	61	150	92	58
PCT7527	MV	725	339	0	0	123	216	122	94
PCT7529	ED	948	295	0	0	107	188	97	91
PCT7529	MV	948	486	0	0	148	338	170	168
PCT7531	ED	865	228	0	0	70	158	82	76
PCT7531	MV	865	442	0	1	145	296	165	131
PCT7532	ED	852	246	0	0	89	157	86	71
PCT7532	MV	852	398	0	0	142	256	146	110
PCT7533	ED	1015	357	0	0	101	256	128	128
PCT7533	MV	1015	490	0	2	178	310	156	154
PCT7534	ED	936	322	0	0	127	195	114	81
PCT7534	MV	936	415	0	2	143	270	126	144
PCT7535	ED	767	262	0	0	72	190	94	96
PCT7535	MV	767	387	0	1	132	254	124	130
PCT7536	ED	863	291	0	0	95	196	102	94
PCT7536	MV	863	421	0	2	158	261	137	124
PCT7537	ED	752	240	0	0	83	157	73	84
PCT7537	MV	752	363	0	0	123	240	124	116
PCT7538	ED	771	246	0	0	80	166	101	65
PCT7538	MV	771	400	0	0	124	276	133	143
PCT7539	ED	922	330	0	1	119	210	107	103
PCT7539	MV	922	428	0	0	143	285	129	156
PCT7541	ED	805	248	0	0	86	162	93	69
PCT7541	MV	805	400	0	1	134	265	120	145
PCT7542	ED	821	272	0	1	83	188	96	92
PCT7542	MV	821	389	0	0	126	263	137	126
PCT7543	ED	909	216	0	1	76	139	75	64
PCT7543	MV	909	467	0	1	150	316	174	142
PCT7544	ED	898	258	0	0	97	161	93	68
PCT7544	MV	898	479	0	1	152	326	160	166
PCT7545	ED	918	273	0	0	92	181	92	89
PCT7545	MV	918	480	0	1	178	301	173	128
PCT7546	ED	982	304	0	0	106	198	100	98
PCT7546	MV	982	517	0	0	168	349	197	152
PCT7547	ED	1029	315	0	0	105	210	106	104
PCT7547	MV	1029	505	0	0	175	330	159	171
PCT7548	ED	1073	319	1	0	111	207	121	86
PCT7548	MV	1073	512	0	0	167	345	197	148
PCT7549	ED	811	215	0	0	83	132	76	56
PCT7549	MV	811	431	0	2	162	267	164	103
PCT7551	ED	741	239	0	0	76	163	95	68
PCT7551	MV	741	394	0	2	112	280	145	135
PCT7552	ED	727	241	0	0	84	157	100	57
PCT7552	MV	727	361	0	0	141	220	119	101
PCT7553	MV	180	126	0	1	37	88	60	28
PCT7554	ED	808	247	0	2	97	148	97	51
PCT7554	MV	808	442	0	3	185	254	156	98
PCT7555	ED	886	290	0	0	87	203	136	67
PCT7555	MV	886	459	0	1	172	286	179	107
PCT7556	ED	969	275	0	0	109	166	109	57
PCT7556	MV	969	573	0	0	199	374	236	138
PCT7601	ED	767	191	0	0	53	138	93	45
PCT7601	MV	767	290	0	0	84	206	132	74
PCT7602	ED	901	213	0	0	69	144	91	53
PCT7602	MV	901	379	0	0	117	262	150	112
PCT7603	ED	830	250	0	0	78	172	85	87
PCT7603	MV	830	376	0	0	118	258	144	114
PCT7604	ED	954	266	0	0	89	177	107	70
PCT7604	MV	954	352	0	0	90	262	149	113
PCT7605	ED	648	120	0	0	54	66	52	14
PCT7605	MV	648	203	0	0	63	140	89	51
PCT7606	ED	924	205	0	0	70	135	78	57
PCT7606	MV	924	330	0	0	99	231	128	103
PCT7607	ED	960	215	0	1	77	137	83	54
PCT7607	MV	960	407	0	0	115	292	166	126
PCT7608	ED	392	70	0	0	26	44	33	11
PCT7608	MV	392	136	0	0	52	84	67	17
PCT7609	ED	926	120	0	0	36	84	59	25
PCT7609	MV	926	352	0	0	120	232	187	45
PCT7611	ED	755	126	0	0	39	87	66	21
PCT7611	MV	755	269	0	0	89	180	130	50
PCT7612	ED	583	97	0	0	34	63	40	23
PCT7612	MV	583	265	0	0	91	174	113	61
PCT7613	ED	908	204	0	0	66	138	95	43
PCT7613	MV	908	340	0	0	96	244	149	95
PCT7614	ED	1029	223	0	0	75	148	97	51
PCT7614	MV	1029	375	0	0	90	285	180	105
PCT7615	ED	762	162	0	0	44	118	83	35
PCT7615	MV	762	237	0	0	81	156	115	41
PCT7616	ED	1203	324	0	0	142	182	133	49
PCT7616	MV	1203	686	0	0	212	474	277	197
PCT7617	ED	768	102	0	0	39	63	42	21
PCT7617	MV	768	261	0	0	82	179	128	51
PCT7618	ED	862	168	0	0	62	106	59	47
PCT7618	MV	862	407	0	0	133	274	151	123
PCT7619	ED	1063	219	0	0	72	147	79	68
PCT7619	MV	1063	563	0	0	190	373	201	172
PCT7621	ED	1320	287	0	0	95	192	125	67
PCT7621	MV	1320	668	0	0	205	463	285	178
PCT7622	ED	988	170	0	1	50	119	69	50
PCT7622	MV	988	301	0	0	84	217	140	77
PCT7623	ED	746	184	0	0	64	120	71	49
PCT7623	MV	746	297	0	1	73	223	135	88
PCT7624	ED	859	142	0	0	35	107	66	41
PCT7624	MV	859	290	0	1	75	214	148	66
PCT7625	ED	822	66	0	0	19	47	36	11
PCT7625	MV	822	475	0	0	179	296	256	40
PCT7626	ED	1114	227	0	0	78	149	101	48
PCT7626	MV	1114	612	0	0	220	392	277	115
PCT7627	ED	1187	267	0	0	97	170	117	53
PCT7627	MV	1187	582	0	0	213	369	254	115
PCT7628	ED	960	241	0	0	77	164	93	71
PCT7628	MV	960	428	0	0	137	291	162	129
PCT7629	ED	809	208	0	1	70	137	72	65
PCT7629	MV	809	343	0	0	113	230	136	94
PCT7631	ED	1155	270	0	0	107	163	107	56
PCT7631	MV	1155	577	0	0	199	378	239	139
PCT7632	ED	1124	289	0	0	116	173	109	64
PCT7632	MV	1124	561	0	0	179	382	198	184
PCT7633	ED	741	137	0	0	43	94	56	38
PCT7633	MV	741	392	0	1	140	251	163	88
PCT7634	ED	900	195	0	0	69	126	78	48
PCT7634	MV	900	421	0	0	138	283	208	75
PCT7635	ED	840	158	0	0	58	100	60	40
PCT7635	MV	840	382	0	0	122	260	163	97
PCT7636	ED	938	251	0	0	102	149	101	48
PCT7636	MV	938	465	0	1	169	295	178	117
PCT7637	ED	809	193	0	1	86	106	79	27
PCT7637	MV	809	404	0	0	148	256	170	86
PCT7638	ED	1467	295	0	0	113	182	141	41
PCT7638	MV	1467	871	1	1	338	531	375	156
PCT7639	ED	1011	242	0	0	105	137	97	40
PCT7639	MV	1011	559	0	1	204	354	251	103
PCT7641	ED	972	205	0	0	80	125	93	32
PCT7641	MV	972	549	0	2	208	339	246	93
PCT7642	ED	937	153	0	0	51	102	77	25
PCT7642	MV	937	394	0	0	178	216	146	70
PCT7643	ED	920	169	0	0	70	99	66	33
PCT7643	MV	920	507	0	1	153	353	255	98
PCT7644	ED	1175	330	0	0	108	222	142	80
PCT7644	MV	1175	554	0	0	183	371	226	145
PCT7645	ED	640	120	0	0	40	80	59	21
PCT7645	MV	640	377	0	0	160	217	153	64
PCT7646	ED	1100	267	0	0	102	165	111	54
PCT7646	MV	1100	592	0	0	208	384	265	119
PCT7647	ED	1075	205	0	0	61	144	93	51
PCT7647	MV	1075	283	0	0	75	208	114	94
PCT7648	MV	1	0	0	0	0	0	0	0
PCT7649	ED	891	178	0	0	65	113	75	38
PCT7649	MV	891	395	0	1	109	285	187	98
PCT7651	ED	677	166	1	0	68	97	67	30
PCT7651	MV	677	351	0	0	121	230	142	88
PCT7652	ED	628	135	0	0	46	89	56	33
PCT7652	MV	628	301	0	0	113	188	121	67
PCT7653	ED	1280	300	0	0	121	179	119	60
PCT7653	MV	1280	673	0	0	276	397	279	118
PCT7701	ED	1064	296	0	0	107	189	117	72
PCT7701	MV	1064	597	0	0	235	362	209	153
PCT7702	ED	748	180	0	0	69	111	87	24
PCT7702	MV	748	415	0	1	165	249	160	89
PCT7703	MV	171	79	0	1	30	48	40	8
PCT7704	ED	1008	257	0	0	93	164	117	47
PCT7704	MV	1008	557	0	0	204	353	224	129
PCT7705	ED	568	149	0	0	55	94	65	29
PCT7705	MV	568	335	0	0	118	217	151	66
PCT7706	ED	840	252	0	0	81	171	111	60
PCT7706	MV	840	467	0	0	184	283	181	102
PCT7707	ED	857	241	1	0	64	176	119	57
PCT7707	MV	857	495	0	0	208	287	200	87
PCT7708	ED	871	205	0	0	79	126	92	34
PCT7708	MV	871	540	0	0	180	360	233	127
PCT7709	ED	391	102	0	0	26	76	44	32
PCT7709	MV	391	222	0	0	69	153	90	63
PCT7711	ED	766	198	0	0	80	118	67	51
PCT7711	MV	766	422	0	0	160	262	167	95
PCT7712	ED	529	149	0	0	50	99	57	42
PCT7712	MV	529	296	0	1	93	202	106	96
PCT7801	ED	1001	264	1	0	97	166	113	53
PCT7801	MV	1001	596	0	0	224	372	211	161
PCT7802	ED	788	230	0	0	84	146	94	52
PCT7802	MV	788	458	0	1	190	267	160	107
PCT7803	ED	828	174	0	0	60	114	63	51
PCT7803	MV	828	552	0	0	197	355	216	139
PCT7804	ED	893	257	0	0	88	169	98	71
PCT7804	MV	893	533	0	1	193	339	197	142
PCT7805	ED	825	228	0	0	70	158	94	64
PCT7805	MV	825	484	0	0	155	329	190	139
PCT7806	ED	716	208	2	0	60	146	75	71
PCT7806	MV	716	407	0	0	132	275	147	128
PCT7807	ED	844	276	0	1	71	204	111	93
PCT7807	MV	844	417	0	0	138	279	134	145
PCT7808	ED	655	211	0	0	65	146	88	58
PCT7808	MV	655	333	0	0	117	216	107	109
PCT7809	ED	781	238	0	0	83	155	91	64
PCT7809	MV	781	405	0	0	125	280	152	128
PCT7811	ED	783	249	0	0	71	178	90	88
PCT7811	MV	783	404	0	0	127	277	137	140
PCT7812	ED	877	257	0	0	88	169	107	62
PCT7812	MV	877	454	0	0	161	293	165	128
PCT7813	ED	1064	308	1	0	105	202	118	84
PCT7813	MV	1064	585	0	1	198	386	194	192
PCT7814	ED	936	228	0	0	69	159	87	72
PCT7814	MV	936	341	0	2	105	234	130	104
PCT7815	ED	954	238	0	0	82	156	91	65
PCT7815	MV	954	573	0	0	192	381	210	171
PCT7816	ED	865	236	0	0	94	142	80	62
PCT7816	MV	865	531	1	0	170	360	202	158
PCT7817	ED	823	277	0	0	91	186	95	91
PCT7817	MV	823	439	0	1	127	311	166	145
PCT7818	ED	860	234	0	0	89	145	88	57
PCT7818	MV	860	452	2	1	162	287	160	127
PCT7819	ED	793	191	0	0	66	125	77	48
PCT7819	MV	793	420	0	0	144	276	169	107
PCT7821	ED	985	248	0	0	72	176	88	88
PCT7821	MV	985	630	0	0	201	429	224	205
PCT7822	ED	908	275	0	0	86	189	109	80
PCT7822	MV	908	480	0	0	161	319	170	149
PCT7823	ED	879	270	6	0	85	179	83	96
PCT7823	MV	879	501	0	0	160	341	184	157
PCT7824	ED	768	247	0	0	83	164	92	72
PCT7824	MV	768	383	0	0	148	235	141	94
PCT7825	ED	597	191	0	0	71	120	60	60
PCT7825	MV	597	302	0	0	99	203	92	111
PCT7826	ED	684	258	0	0	93	165	96	69
PCT7826	MV	684	319	0	0	110	209	107	102
PCT7827	ED	831	261	0	2	83	176	86	90
PCT7827	MV	831	361	0	1	120	240	109	131
PCT7828	ED	1018	261	0	0	84	177	118	59
PCT7828	MV	1018	549	0	0	184	365	216	149
PCT7829	ED	907	237	1	1	76	159	98	61
PCT7829	MV	907	557	0	0	201	356	218	138
PCT7831	ED	882	233	0	0	75	158	87	71
PCT7831	MV	882	544	0	2	197	345	163	182
PCT7832	ED	780	188	0	0	53	135	73	62
PCT7832	MV	780	488	0	0	167	321	174	147
PCT7833	ED	747	230	0	0	91	139	82	57
PCT7833	MV	747	412	0	1	166	245	120	125
PCT7834	ED	867	277	0	0	91	186	103	83
PCT7834	MV	867	439	0	1	142	296	135	161
PCT7835	ED	847	211	0	0	73	138	76	62
PCT7835	MV	847	505	1	0	164	340	198	142
PCT7836	ED	1023	260	0	0	86	174	111	63
PCT7836	MV	1023	623	0	2	201	420	261	159
PCT7837	ED	911	260	0	0	96	164	106	58
PCT7837	MV	911	509	2	1	186	320	208	112
PCT7838	ED	926	239	0	0	74	165	101	64
PCT7838	MV	926	546	0	1	215	330	203	127
PCT7839	ED	842	205	0	0	80	125	78	47
PCT7839	MV	842	515	0	0	180	335	198	137
PCT7841	ED	937	291	0	0	117	174	97	77
PCT7841	MV	937	526	0	0	194	332	174	158
PCT7842	ED	903	283	0	0	96	187	98	89
PCT7842	MV	903	434	0	0	158	276	142	134
PCT7843	ED	767	232	0	0	73	159	80	79
PCT7843	MV	767	380	0	0	138	242	120	122
PCT7844	ED	663	196	0	0	64	132	64	68
PCT7844	MV	663	329	0	0	107	222	109	113
PCT7845	ED	849	241	0	0	89	152	96	56
PCT7845	MV	849	469	0	0	169	300	211	89
PCT7846	ED	904	262	0	0	99	163	108	55
PCT7846	MV	904	509	0	1	192	316	208	108
PCT7847	ED	929	261	0	0	88	173	94	79
PCT7847	MV	929	529	0	0	194	335	193	142
PCT7848	ED	834	233	0	0	91	142	97	45
PCT7848	MV	834	491	0	0	195	296	182	114
PCT7849	ED	929	264	0	0	101	163	92	71
PCT7849	MV	929	522	0	1	186	335	184	151
PCT7851	ED	513	136	0	0	60	76	42	34
PCT7851	MV	513	298	0	0	117	181	127	54
PCT7852	ED	647	143	0	0	51	92	55	37
PCT7852	MV	647	394	0	0	148	246	148	98
PCT7853	ED	850	214	0	0	60	154	98	56
PCT7853	MV	850	479	0	1	166	312	191	121
PCT7854	ED	894	248	0	0	95	153	81	72
PCT7854	MV	894	500	0	1	177	322	201	121
PCT7855	ED	986	301	0	0	106	195	120	75
PCT7855	MV	986	522	0	0	192	330	190	140
PCT7856	ED	800	265	0	0	88	177	90	87
PCT7856	MV	800	425	0	0	127	298	172	126
PCT7857	ED	933	276	0	0	104	172	90	82
PCT7857	MV	933	517	0	0	189	328	197	131
PCT7858	ED	775	245	0	1	81	163	89	74
PCT7858	MV	775	394	0	0	115	279	146	133
PCT7859	ED	891	250	0	0	90	160	97	63
PCT7859	MV	891	513	0	1	184	328	207	121
PCT7861	ED	859	217	0	0	79	138	84	54
PCT7861	MV	859	510	0	1	186	323	186	137
PCT7862	ED	866	302	0	0	100	202	127	75
PCT7862	MV	866	472	0	0	164	308	187	121
PCT7863	ED	907	311	0	0	103	208	118	90
PCT7863	MV	907	440	0	0	141	299	172	127
PCT7864	ED	807	232	0	0	73	159	108	51
PCT7864	MV	807	427	0	0	148	279	151	128
PCT7865	ED	823	241	0	0	76	165	80	85
PCT7865	MV	823	463	0	0	169	294	158	136
PCT7866	ED	836	209	0	0	69	140	93	47
PCT7866	MV	836	491	0	0	186	305	220	85
PCT7867	ED	955	266	0	0	93	173	120	53
PCT7867	MV	955	512	0	0	174	338	219	119
PCT7868	ED	881	242	0	1	84	157	93	64
PCT7868	MV	881	449	1	1	151	296	197	99
PCT7869	ED	867	239	0	0	87	152	94	58
PCT7869	MV	867	489	0	1	192	296	189	107
PCT7871	ED	900	259	0	1	93	165	96	69
PCT7871	MV	900	502	2	1	177	322	200	122
PCT7872	ED	862	288	0	0	97	191	123	68
PCT7872	MV	862	472	0	0	178	294	202	92
PCT7873	ED	861	257	0	0	75	182	114	68
PCT7873	MV	861	502	0	1	193	308	182	126
PCT7874	ED	477	137	0	0	44	93	60	33
PCT7874	MV	477	256	1	0	86	169	101	68
PCT7875	ED	623	180	0	1	53	126	81	45
PCT7875	MV	623	285	0	1	109	175	95	80
PCT7876	ED	498	154	10	0	58	86	51	35
PCT7876	MV	498	269	0	0	89	180	108	72
PCT7901	ED	522	136	0	0	48	88	48	40
PCT7901	MV	522	198	0	0	56	142	82	60
PCT7902	ED	968	258	0	0	78	180	91	89
PCT7902	MV	968	401	0	0	119	282	138	144
PCT7903	ED	840	201	0	0	64	137	75	62
PCT7903	MV	840	350	0	1	104	245	150	95
PCT7904	ED	877	212	0	0	68	144	74	70
PCT7904	MV	877	403	0	1	128	274	170	104
PCT7905	ED	851	254	0	0	90	164	87	77
PCT7905	MV	851	409	1	0	135	273	156	117
PCT7906	ED	787	245	0	0	99	146	67	79
PCT7906	MV	787	335	0	0	109	226	108	118
PCT7907	ED	950	278	0	0	89	189	95	94
PCT7907	MV	950	425	0	0	126	299	156	143
PCT7908	ED	949	284	0	1	96	187	108	79
PCT7908	MV	949	408	0	1	133	274	148	126
PCT7909	ED	733	251	0	0	72	179	79	100
PCT7909	MV	733	303	0	1	93	209	97	112
PCT7911	ED	860	244	0	1	70	173	89	84
PCT7911	MV	860	395	0	0	133	262	133	129
PCT7912	ED	1065	291	0	0	98	193	103	90
PCT7912	MV	1065	463	0	0	140	323	136	187
PCT7913	ED	913	312	0	1	91	220	121	99
PCT7913	MV	913	378	0	0	106	272	130	142
PCT7914	ED	883	278	0	0	93	185	86	99
PCT7914	MV	883	425	0	0	142	283	131	152
PCT7915	ED	831	266	0	0	78	188	99	89
PCT7915	MV	831	351	0	0	101	250	148	102
PCT7916	ED	888	284	0	0	99	185	99	86
PCT7916	MV	888	421	0	0	141	280	150	130
PCT7917	ED	1015	315	0	0	102	213	114	99
PCT7917	MV	1015	428	0	0	117	311	154	157
PCT7918	ED	836	253	0	0	90	163	84	79
PCT7918	MV	836	379	0	1	125	253	126	127
PCT7919	ED	895	309	0	0	82	227	124	103
PCT7919	MV	895	376	0	0	113	263	131	132
PCT7921	ED	917	232	0	1	51	180	98	82
PCT7921	MV	917	366	0	0	113	253	139	114
PCT7922	ED	831	250	0	0	72	178	96	82
PCT7922	MV	831	383	0	1	123	259	126	133
PCT7923	ED	885	262	0	0	69	193	98	95
PCT7923	MV	885	403	0	0	116	287	133	154
PCT7924	ED	842	238	0	0	71	167	72	95
PCT7924	MV	842	382	0	1	94	287	144	143
PCT7925	ED	567	156	0	0	50	106	50	56
PCT7925	MV	567	293	0	0	88	205	96	109
PCT7926	ED	795	229	0	0	80	149	90	59
PCT7926	MV	795	390	0	2	123	265	143	122
PCT7927	ED	747	241	0	0	81	160	78	82
PCT7927	MV	747	392	0	0	147	245	119	126
PCT7928	ED	931	284	0	0	100	184	94	90
PCT7928	MV	931	489	0	0	144	345	167	178
PCT7929	ED	864	248	0	0	75	173	104	69
PCT7929	MV	864	509	1	0	176	332	178	154
PCT7931	ED	738	219	0	0	81	138	73	65
PCT7931	MV	738	408	0	0	137	271	151	120
PCT7932	ED	551	157	1	0	45	111	62	49
PCT7932	MV	551	285	0	0	93	192	99	93
PCT7933	MV	6	4	0	0	2	2	1	1
PCT7934	ED	890	250	0	0	93	157	74	83
PCT7934	MV	890	472	0	0	142	330	153	177
PCT7935	ED	970	305	0	0	117	188	105	83
PCT7935	MV	970	519	0	1	210	308	165	143
PCT7936	ED	856	287	0	0	96	191	99	92
PCT7936	MV	856	428	0	0	131	297	157	140
PCT7937	ED	886	267	0	1	90	176	97	79
PCT7937	MV	886	435	0	0	153	282	163	119
PCT7938	ED	788	213	0	0	67	146	85	61
PCT7938	MV	788	337	0	0	105	232	119	113
PCT7939	ED	688	254	0	0	90	164	92	72
PCT7939	MV	688	326	0	0	119	207	110	97
PCT7941	ED	751	218	0	0	80	138	89	49
PCT7941	MV	751	348	0	1	121	226	121	105
PCT7942	ED	914	259	1	0	84	174	105	69
PCT7942	MV	914	412	0	0	137	275	148	127
PCT7943	ED	872	258	4	0	84	170	111	59
PCT7943	MV	872	439	0	0	140	299	165	134
PCT7944	ED	801	243	0	0	76	167	90	77
PCT7944	MV	801	381	0	0	123	258	137	121
PCT7945	ED	915	186	0	0	61	125	82	43
PCT7945	MV	915	414	0	0	121	293	172	121
PCT7946	ED	945	183	0	0	60	123	78	45
PCT7946	MV	945	451	0	1	156	294	200	94
PCT7947	ED	946	182	0	0	67	115	78	37
PCT7947	MV	946	430	0	0	145	285	202	83
PCT7948	ED	928	210	0	0	62	148	82	66
PCT7948	MV	928	422	0	1	148	273	185	88
PCT7949	ED	569	100	0	0	38	62	36	26
PCT7949	MV	569	292	0	0	109	183	125	58
PCT7951	ED	854	166	0	0	60	106	65	41
PCT7951	MV	854	425	0	0	166	259	161	98
PCT7952	ED	866	167	0	0	48	119	78	41
PCT7952	MV	866	359	0	0	117	242	159	83
PCT7953	ED	824	186	2	0	66	118	77	41
PCT7953	MV	824	402	0	0	133	269	191	78
PCT7955	ED	902	199	0	0	67	132	81	51
PCT7955	MV	902	435	0	0	148	287	188	99
PCT7956	ED	823	136	0	0	48	88	51	37
PCT7956	MV	823	353	0	1	112	240	154	86
PCT7957	ED	646	147	0	0	50	97	53	44
PCT7957	MV	646	298	0	0	95	203	120	83
PCT7958	MV	290	141	0	0	43	98	72	26
PCT7959	ED	727	160	0	0	54	106	61	45
PCT7959	MV	727	326	0	0	98	228	118	110
PCT9001	MV	273	142	0	1	29	112	74	38
PCT9101	ED	888	260	0	0	95	165	96	69
PCT9101	MV	888	438	0	0	153	285	191	94
PCT9102	ED	985	257	0	0	98	159	93	66
PCT9102	MV	985	471	0	0	161	310	178	132
PCT9103	ED	954	273	0	0	89	184	131	53
PCT9103	MV	954	431	0	0	181	250	164	86
PCT9104	ED	988	239	0	0	85	154	85	69
PCT9104	MV	988	465	0	0	183	282	174	108
PCT9105	ED	919	247	0	0	100	147	89	58
PCT9105	MV	919	488	0	1	177	310	202	108
PCT9106	ED	937	268	1	1	80	186	130	56
PCT9106	MV	937	497	0	0	188	309	204	105
PCT9107	ED	849	219	0	0	71	148	95	53
PCT9107	MV	849	372	0	0	142	230	141	89
PCT9108	ED	790	247	0	0	65	182	104	78
PCT9108	MV	790	373	1	0	133	239	134	105
PCT9109	ED	884	263	0	0	101	162	95	67
PCT9109	MV	884	428	0	0	152	276	167	109
PCT9111	ED	779	229	0	0	91	138	82	56
PCT9111	MV	779	346	0	1	123	222	118	104
PCT9112	ED	976	284	0	0	103	181	109	72
PCT9112	MV	976	467	0	0	216	251	150	101
PCT9113	ED	999	311	0	0	120	191	127	64
PCT9113	MV	999	505	0	0	169	336	223	113
PCT9114	ED	877	263	0	0	109	154	86	68
PCT9114	MV	877	405	0	0	134	271	155	116
PCT9115	ED	911	258	0	0	84	174	98	76
PCT9115	MV	911	429	0	0	151	278	162	116
PCT9116	ED	944	281	1	0	98	182	101	81
PCT9116	MV	944	473	0	0	172	301	163	138
PCT9117	ED	783	222	0	0	72	150	93	57
PCT9117	MV	783	398	0	0	133	265	190	75
PCT9118	ED	974	286	0	0	104	182	113	69
PCT9118	MV	974	426	0	0	159	267	162	105
PCT9119	ED	891	237	0	1	93	143	76	67
PCT9119	MV	891	447	0	0	163	284	179	105
PCT9121	ED	930	256	0	0	85	171	102	69
PCT9121	MV	930	434	0	1	187	246	140	106
PCT9122	ED	953	210	0	0	80	130	84	46
PCT9122	MV	953	454	0	0	183	271	178	93
PCT9123	ED	858	232	0	0	69	163	104	59
PCT9123	MV	858	418	0	0	150	268	163	105
PCT9124	ED	874	202	0	1	60	141	87	54
PCT9124	MV	874	438	0	0	187	251	154	97
PCT9125	ED	861	210	0	0	83	127	80	47
PCT9125	MV	861	437	0	0	189	248	145	103
PCT9126	ED	1015	245	0	0	99	146	81	65
PCT9126	MV	1015	533	0	0	215	318	189	129
PCT9127	ED	960	269	0	0	107	162	91	71
PCT9127	MV	960	498	0	0	190	308	201	107
PCT9128	ED	828	248	0	0	82	166	115	51
PCT9128	MV	828	412	0	1	146	265	162	103
PCT9129	ED	741	243	0	0	79	164	103	61
PCT9129	MV	741	348	0	0	137	211	127	84
PCT9131	ED	759	193	0	0	69	124	69	55
PCT9131	MV	759	403	0	0	152	251	151	100
PCT9132	ED	837	248	0	0	103	145	85	60
PCT9132	MV	837	371	0	0	127	244	133	111
PCT9133	ED	1021	271	0	0	80	191	117	74
PCT9133	MV	1021	503	0	0	176	327	196	131
PCT9134	ED	893	210	0	1	88	121	73	48
PCT9134	MV	893	469	0	0	190	279	173	106
PCT9135	ED	808	215	0	0	81	134	88	46
PCT9135	MV	808	389	0	0	169	220	153	67
PCT9136	ED	929	253	0	0	104	149	89	60
PCT9136	MV	929	439	0	0	173	266	162	104
PCT9137	ED	1006	260	0	0	98	162	96	66
PCT9137	MV	1006	467	0	0	172	295	193	102
PCT9138	ED	943	226	1	0	74	151	99	52
PCT9138	MV	943	477	1	1	149	326	202	124
PCT9139	ED	975	243	0	0	88	155	95	60
PCT9139	MV	975	510	0	1	184	325	188	137
PCT9141	ED	953	252	0	0	87	165	108	57
PCT9141	MV	953	477	0	0	182	295	178	117
PCT9142	ED	966	276	0	0	104	172	101	71
PCT9142	MV	966	459	0	0	158	301	171	130
PCT9143	ED	920	251	0	0	96	155	89	66
PCT9143	MV	920	463	0	0	175	288	174	114
PCT9144	ED	962	293	0	0	108	185	106	79
PCT9144	MV	962	482	0	0	172	310	182	128
PCT9145	ED	861	249	1	0	76	172	108	64
PCT9145	MV	861	423	0	0	181	242	146	96
PCT9146	ED	885	245	0	1	90	154	87	67
PCT9146	MV	885	464	0	0	172	292	153	139
PCT9147	ED	971	281	0	0	116	165	95	70
PCT9147	MV	971	492	0	0	154	338	198	140
PCT9148	ED	1034	325	0	0	114	211	126	85
PCT9148	MV	1034	513	0	0	191	322	176	146
PCT9149	ED	948	264	0	0	95	169	89	80
PCT9149	MV	948	478	0	0	165	313	167	146
PCT9151	ED	872	227	0	0	80	147	99	48
PCT9151	MV	872	418	0	0	142	276	193	83
PCT9152	ED	721	270	0	0	73	197	121	76
PCT9152	MV	721	279	0	0	76	203	111	92
PCT9201	ED	1004	300	0	0	93	207	121	86
PCT9201	MV	1004	475	0	1	147	327	187	140
PCT9202	ED	971	294	0	0	100	194	133	61
PCT9202	MV	971	426	0	1	156	269	163	106
PCT9203	ED	1002	239	0	0	103	136	100	36
PCT9203	MV	1002	536	0	1	237	298	208	90
PCT9204	ED	873	273	0	0	109	164	132	32
PCT9204	MV	873	393	0	0	178	215	144	71
PCT9205	ED	728	208	0	0	87	121	93	28
PCT9205	MV	728	376	0	0	169	207	144	63
PCT9206	ED	931	249	0	0	108	141	102	39
PCT9206	MV	931	479	0	0	223	256	183	73
PCT9207	ED	981	262	0	0	121	141	98	43
PCT9207	MV	981	502	0	0	239	263	198	65
PCT9208	ED	1002	287	0	0	120	167	120	47
PCT9208	MV	1002	491	0	1	204	286	199	87
PCT9209	ED	711	245	0	0	99	146	107	39
PCT9209	MV	711	327	0	0	139	188	146	42
PCT9211	ED	889	234	0	0	103	131	95	36
PCT9211	MV	889	432	0	0	203	229	153	76
PCT9212	ED	803	234	0	1	98	135	90	45
PCT9212	MV	803	400	0	0	156	244	162	82
PCT9213	ED	951	264	0	0	94	170	124	46
PCT9213	MV	951	508	0	0	204	304	216	88
PCT9214	ED	640	166	0	0	69	97	77	20
PCT9214	MV	640	334	0	0	142	192	147	45
PCT9215	ED	652	194	0	0	74	120	89	31
PCT9215	MV	652	327	0	0	155	172	122	50
PCT9216	ED	845	246	0	0	110	136	107	29
PCT9216	MV	845	379	0	0	159	220	158	62
PCT9217	ED	698	194	0	0	81	113	95	18
PCT9217	MV	698	349	0	0	158	191	141	50
PCT9218	ED	841	249	0	0	98	151	111	40
PCT9218	MV	841	412	0	0	184	228	161	67
PCT9219	ED	802	242	0	1	88	153	100	53
PCT9219	MV	802	399	0	0	160	239	161	78
PCT9221	ED	651	145	0	0	54	91	71	20
PCT9221	MV	651	399	0	0	194	205	167	38
PCT9222	ED	883	249	0	0	115	134	101	33
PCT9222	MV	883	449	0	0	195	254	205	49
PCT9223	ED	638	160	0	0	71	89	73	16
PCT9223	MV	638	338	0	0	156	182	147	35
PCT9224	ED	960	263	0	0	102	161	111	50
PCT9224	MV	960	506	0	0	219	287	204	83
PCT9225	ED	958	299	0	0	134	165	113	52
PCT9225	MV	958	469	0	1	200	268	180	88
PCT9226	ED	926	271	0	0	120	151	108	43
PCT9226	MV	926	486	0	1	199	286	195	91
PCT9227	ED	738	188	0	0	77	111	83	28
PCT9227	MV	738	404	0	0	157	247	188	59
PCT9228	ED	747	189	0	0	71	118	81	37
PCT9228	MV	747	424	0	0	159	265	192	73
PCT9229	ED	598	162	0	0	66	96	75	21
PCT9229	MV	598	316	0	0	122	194	148	46
PCT9231	ED	953	313	0	0	128	185	138	47
PCT9231	MV	953	488	0	1	193	294	190	104
PCT9232	ED	735	212	0	0	94	118	88	30
PCT9232	MV	735	396	0	0	147	249	182	67
PCT9233	ED	793	209	0	0	85	124	95	29
PCT9233	MV	793	434	0	0	198	236	178	58
PCT9234	ED	746	187	0	0	72	115	70	45
PCT9234	MV	746	438	0	0	183	255	178	77
PCT9235	ED	884	239	0	0	93	146	113	33
PCT9235	MV	884	488	0	1	228	259	190	69
PCT9236	ED	683	201	0	0	70	131	107	24
PCT9236	MV	683	358	0	1	153	204	153	51
PCT9237	ED	936	229	0	0	100	129	95	34
PCT9237	MV	936	539	0	0	223	316	209	107
PCT9238	ED	842	230	0	0	117	113	80	33
PCT9238	MV	842	456	0	0	164	292	208	84
PCT9239	ED	881	200	0	0	80	120	99	21
PCT9239	MV	881	499	0	0	221	278	201	77
PCT9241	ED	1005	255	0	0	102	153	109	44
PCT9241	MV	1005	578	0	0	230	348	254	94
PCT9242	ED	972	277	0	0	113	164	116	48
PCT9242	MV	972	513	0	0	209	304	208	96
PCT9243	ED	594	193	0	0	76	117	79	38
PCT9243	MV	594	307	0	0	122	185	126	59
PCT9244	ED	903	255	0	0	110	145	103	42
PCT9244	MV	903	485	0	0	206	279	187	92
PCT9245	ED	742	209	0	0	84	125	85	40
PCT9245	MV	742	375	0	2	173	200	144	56
PCT9246	ED	929	257	0	0	106	151	99	52
PCT9246	MV	929	528	0	0	216	312	193	119
PCT9247	ED	927	264	0	1	96	167	116	51
PCT9247	MV	927	515	0	0	171	344	250	94
PCT9248	ED	907	258	0	0	90	168	108	60
PCT9248	MV	907	487	0	0	191	296	190	106
PCT9249	ED	917	271	0	0	104	167	112	55
PCT9249	MV	917	495	0	0	193	302	199	103
PCT9251	ED	995	287	0	0	106	181	112	69
PCT9251	MV	995	530	0	0	228	302	200	102
PCT9252	ED	944	219	0	0	86	133	97	36
PCT9252	MV	944	550	0	0	210	340	215	125
PCT9253	ED	772	187	0	0	71	116	89	27
PCT9253	MV	772	397	0	0	155	242	169	73
PCT9254	ED	935	230	0	0	70	160	108	52
PCT9254	MV	935	538	0	1	186	351	231	120
PCT9255	ED	553	183	0	0	73	110	67	43
PCT9255	MV	553	263	0	0	97	166	109	57
PCT9256	ED	474	130	0	0	49	81	46	35
PCT9256	MV	474	233	0	0	83	150	102	48
PCT9257	MV	321	235	0	1	69	165	94	71
PCT9258	ED	712	193	0	0	70	123	74	49
PCT9258	MV	712	373	0	0	151	222	122	100
PCT9401	ED	1012	293	0	1	114	178	107	71
PCT9401	MV	1012	484	0	1	166	317	174	143
PCT9402	ED	977	290	0	1	114	175	92	83
PCT9402	MV	977	458	0	0	167	291	155	136
PCT9403	ED	897	240	0	0	84	156	79	77
PCT9403	MV	897	419	0	0	148	271	166	105
PCT9404	ED	930	200	0	0	74	126	73	53
PCT9404	MV	930	462	0	0	182	280	165	115
PCT9405	ED	786	210	0	0	76	134	91	43
PCT9405	MV	786	364	0	0	144	220	136	84
PCT9406	ED	868	244	0	0	81	163	99	64
PCT9406	MV	868	421	0	2	166	253	156	97
PCT9407	ED	889	253	0	0	92	161	101	60
PCT9407	MV	889	409	0	0	141	268	155	113
PCT9408	ED	886	265	0	0	86	179	96	83
PCT9408	MV	886	415	0	0	140	275	133	142
PCT9409	ED	590	201	0	0	66	135	66	69
PCT9409	MV	590	252	0	0	96	156	80	76
PCT9411	ED	956	271	0	0	91	180	98	82
PCT9411	MV	956	431	0	0	134	297	159	138
PCT9412	ED	848	245	0	0	104	141	83	58
PCT9412	MV	848	380	0	0	156	224	133	91
PCT9413	ED	894	229	0	0	85	144	86	58
PCT9413	MV	894	461	0	0	201	260	143	117
PCT9414	ED	916	216	0	0	86	130	80	50
PCT9414	MV	916	463	0	0	174	289	184	105
PCT9415	ED	784	187	0	0	73	114	70	44
PCT9415	MV	784	392	0	1	159	232	139	93
PCT9416	ED	1008	282	1	0	108	173	103	70
PCT9416	MV	1008	480	1	0	200	279	159	120
PCT9417	ED	752	175	0	0	59	116	78	38
PCT9417	MV	752	402	0	0	165	237	153	84
PCT9418	ED	790	211	0	0	83	128	72	56
PCT9418	MV	790	376	0	0	160	216	147	69
PCT9419	ED	924	222	0	0	98	124	84	40
PCT9419	MV	924	468	0	1	201	266	178	88
PCT9421	ED	906	238	0	0	112	126	76	50
PCT9421	MV	906	446	0	0	214	232	140	92
PCT9422	ED	1056	283	0	0	109	174	108	66
PCT9422	MV	1056	513	0	0	192	321	218	103
PCT9423	ED	889	219	0	0	88	131	77	54
PCT9423	MV	889	440	0	1	183	256	162	94
PCT9424	ED	952	224	0	1	71	152	101	51
PCT9424	MV	952	496	0	1	184	311	208	103
PCT9425	ED	933	199	0	0	81	118	65	53
PCT9425	MV	933	465	0	0	182	283	212	71
PCT9426	ED	823	198	0	0	77	121	74	47
PCT9426	MV	823	408	0	1	164	243	159	84
PCT9427	ED	948	210	0	0	103	107	77	30
PCT9427	MV	948	447	0	1	194	252	154	98
PCT9428	ED	961	183	0	0	73	110	66	44
PCT9428	MV	961	518	0	0	195	323	200	123
PCT9429	ED	899	228	1	0	83	144	84	60
PCT9429	MV	899	432	0	0	149	283	185	98
PCT9431	ED	973	235	0	0	82	153	99	54
PCT9431	MV	973	464	0	0	163	301	231	70
PCT9432	ED	945	214	0	0	85	129	77	52
PCT9432	MV	945	468	0	0	196	272	192	80
PCT9433	ED	945	195	0	0	72	123	79	44
PCT9433	MV	945	487	0	0	222	265	168	97
PCT9434	ED	979	261	0	0	103	158	96	62
PCT9434	MV	979	481	1	0	182	298	191	107
PCT9435	ED	969	251	0	0	96	155	89	66
PCT9435	MV	969	448	0	0	183	265	185	80
PCT9436	ED	1006	232	0	0	96	136	86	50
PCT9436	MV	1006	495	0	0	191	304	202	102
PCT9437	ED	897	219	0	0	77	142	85	57
PCT9437	MV	897	435	0	0	174	261	173	88
PCT9438	ED	948	202	0	0	86	116	71	45
PCT9438	MV	948	496	0	1	181	314	219	95
PCT9439	ED	879	173	0	0	57	116	72	44
PCT9439	MV	879	425	0	0	176	249	167	82
PCT9441	ED	980	261	0	0	93	168	97	71
PCT9441	MV	980	462	0	1	181	280	172	108
PCT9442	ED	1008	280	0	0	93	187	128	59
PCT9442	MV	1008	461	0	1	178	282	178	104
PCT9443	ED	937	220	1	0	82	137	91	46
PCT9443	MV	937	442	0	0	148	294	192	102
PCT9444	ED	937	190	1	0	84	105	69	36
PCT9444	MV	937	442	0	2	167	273	165	108
PCT9445	ED	981	230	0	0	84	146	81	65
PCT9445	MV	981	493	0	0	195	298	201	97
PCT9446	ED	1090	240	0	0	106	134	84	50
PCT9446	MV	1090	564	0	0	222	342	221	121
PCT9447	ED	906	236	0	0	79	157	110	47
PCT9447	MV	906	448	0	0	196	252	154	98
PCT9448	ED	909	232	0	0	74	158	100	58
PCT9448	MV	909	429	0	0	166	263	143	120
PCT9449	ED	830	177	2	0	76	99	63	36
PCT9449	MV	830	428	0	0	170	258	166	92
PCT9451	ED	420	97	0	0	35	62	44	18
PCT9451	MV	420	218	0	0	90	128	95	33
PCT9452	ED	840	259	0	0	105	154	93	61
PCT9452	MV	840	412	0	0	190	222	132	90
PCT9453	ED	500	135	0	0	53	82	59	23
PCT9453	MV	500	244	0	0	98	146	103	43
PCT9501	MV	148	110	0	0	34	76	46	30
PCT9502	MV	245	177	0	0	65	112	64	48
PCT9503	ED	729	198	0	0	71	127	88	39
PCT9503	MV	729	315	0	0	94	221	148	73
PCT9505	ED	784	177	0	0	63	114	76	38
PCT9505	MV	784	383	0	0	125	258	162	96
PCT9506	ED	766	177	0	0	59	118	75	43
PCT9506	MV	766	313	0	0	102	211	126	85
PCT9507	ED	766	231	0	0	74	157	81	76
PCT9507	MV	766	406	0	0	144	262	147	115
PCT9508	ED	798	237	0	0	90	147	76	71
PCT9508	MV	798	429	0	0	135	294	153	141
PCT9509	ED	759	230	0	0	83	147	67	80
PCT9509	MV	759	386	0	1	147	238	121	117
PCT9511	ED	622	190	0	0	67	123	58	65
PCT9511	MV	622	296	0	0	115	181	78	103
PCT9512	ED	809	240	0	0	80	160	95	65
PCT9512	MV	809	399	0	1	140	258	143	115
PCT9513	ED	902	275	0	1	84	190	102	88
PCT9513	MV	902	390	0	1	116	273	146	127
PCT9514	ED	928	304	0	0	109	195	109	86
PCT9514	MV	928	456	0	1	161	294	159	135
PCT9515	ED	705	222	0	0	72	150	93	57
PCT9515	MV	705	368	0	0	138	230	112	118
PCT9516	ED	866	254	0	0	91	163	96	67
PCT9516	MV	866	427	0	1	162	264	149	115
PCT9517	ED	801	228	0	0	84	144	75	69
PCT9517	MV	801	397	0	0	125	272	148	124
PCT9518	ED	802	229	0	0	67	162	92	70
PCT9518	MV	802	431	0	0	138	293	181	112
PCT9519	ED	910	262	0	0	97	165	92	73
PCT9519	MV	910	486	0	0	170	316	159	157
PCT9521	ED	939	316	0	0	109	207	119	88
PCT9521	MV	939	442	0	3	154	285	160	125
PCT9701	ED	671	201	0	0	69	132	84	48
PCT9701	MV	671	340	0	0	143	197	111	86
PCT9702	ED	723	210	0	0	76	134	81	53
PCT9702	MV	723	364	0	0	136	228	125	103
PCT9703	ED	986	232	0	0	74	158	108	50
PCT9703	MV	986	530	0	0	221	309	185	124
PCT9704	ED	950	279	0	0	100	179	106	73
PCT9704	MV	950	505	0	0	198	307	176	131
PCT9705	ED	919	261	3	0	97	161	95	66
PCT9705	MV	919	483	0	1	161	321	184	137
PCT9706	MV	49	39	0	0	22	17	11	6
PCT9707	ED	821	173	0	0	74	99	64	35
PCT9707	MV	821	491	0	0	190	301	211	90
PCT9708	ED	948	250	0	0	93	157	97	60
PCT9708	MV	948	500	0	1	200	299	170	129
PCT9709	ED	1028	281	7	0	111	163	116	47
PCT9709	MV	1028	517	0	0	204	313	211	102
PCT9711	ED	641	195	0	0	76	119	72	47
PCT9711	MV	641	336	0	0	139	197	130	67
PCT9712	ED	649	160	0	0	59	101	79	22
PCT9712	MV	649	398	1	0	154	243	188	55
PCT9713	ED	960	225	1	0	86	138	93	45
PCT9713	MV	960	489	0	1	214	274	174	100
PCT9714	ED	931	208	1	0	70	137	87	50
PCT9714	MV	931	538	0	0	221	317	216	101
PCT9715	ED	569	180	0	0	59	121	92	29
PCT9715	MV	569	309	0	0	119	190	138	52
PCT9716	ED	947	239	0	0	92	147	90	57
PCT9716	MV	947	481	0	0	200	281	185	96
PCT9717	ED	972	265	0	0	93	172	117	55
PCT9717	MV	972	532	0	0	217	315	208	107
PCT9718	ED	862	227	0	0	80	147	104	43
PCT9718	MV	862	496	0	0	173	323	223	100
PCT9719	ED	901	245	0	0	93	152	109	43
PCT9719	MV	901	524	2	1	224	297	205	92
PCT9721	ED	662	198	0	0	58	140	105	35
PCT9721	MV	662	357	0	0	136	221	152	69
PCT9722	ED	605	119	1	0	44	74	52	22
PCT9722	MV	605	355	0	0	128	227	173	54
PCT9723	ED	481	98	0	1	39	58	41	17
PCT9723	MV	481	275	0	0	117	158	113	45
PCT9724	ED	991	205	0	1	87	117	82	35
PCT9724	MV	991	565	0	0	244	321	248	73
PCT9725	ED	970	214	0	1	83	130	85	45
PCT9725	MV	970	499	0	0	220	279	203	76
PCT9726	ED	655	263	0	0	70	193	112	81
PCT9726	MV	655	241	0	0	85	156	93	63
PCT9727	ED	459	79	0	0	24	55	30	25
PCT9727	MV	459	271	0	1	98	172	120	52
PCT9728	ED	926	231	0	0	91	140	96	44
PCT9728	MV	926	503	0	1	173	329	226	103
PCT9729	ED	800	191	0	0	78	113	90	23
PCT9729	MV	800	442	0	0	169	273	218	55
PCT9731	ED	556	167	0	0	65	102	74	28
PCT9731	MV	556	282	0	0	115	167	115	52
PCT9732	MV	70	56	0	0	19	37	21	16
PCT9733	MV	235	191	0	0	55	136	92	44
PCT9734	ED	603	154	0	0	55	99	83	16
PCT9734	MV	603	341	0	1	125	215	159	56
PCT9735	ED	809	206	0	0	84	122	85	37
PCT9735	MV	809	449	0	0	166	283	213	70
PCT9736	ED	713	173	0	0	56	117	82	35
PCT9736	MV	713	410	0	1	145	264	187	77
PCT9737	ED	818	208	0	0	71	137	94	43
PCT9737	MV	818	476	0	0	173	303	186	117
PCT9738	ED	848	185	0	0	64	121	72	49
PCT9738	MV	848	404	0	0	119	285	186	99
PCT9739	ED	828	220	0	1	48	171	97	74
PCT9739	MV	828	335	0	0	95	240	131	109
PCT9741	ED	552	232	0	0	62	170	98	72
PCT9741	MV	552	105	0	0	31	74	29	45
PCT9742	ED	677	180	4	0	68	108	92	16
PCT9742	MV	677	289	0	0	101	188	149	39
PCT9743	ED	1163	310	0	1	85	224	135	89
PCT9743	MV	1163	501	0	0	169	332	225	107
PCT9744	ED	911	247	1	1	77	168	102	66
PCT9744	MV	911	391	0	1	133	257	147	110
PCT9745	ED	991	282	0	1	100	181	123	58
PCT9745	MV	991	346	0	1	88	257	160	97
PCT9746	ED	884	232	0	0	65	167	125	42
PCT9746	MV	884	452	0	1	164	287	196	91
PCT9747	ED	973	246	0	1	79	166	110	56
PCT9747	MV	973	470	0	0	178	292	178	114
PCT9748	ED	931	229	0	0	67	162	112	50
PCT9748	MV	931	475	1	1	168	305	198	107
PCT9749	ED	913	225	2	1	70	152	82	70
PCT9749	MV	913	384	0	0	127	257	159	98
PCT9751	ED	1016	253	0	0	85	168	107	61
PCT9751	MV	1016	523	0	0	183	340	226	114
PCT9752	ED	710	175	3	0	53	119	81	38
PCT9752	MV	710	392	0	0	135	257	172	85
PCT9753	ED	756	186	0	0	65	121	74	47
PCT9753	MV	756	388	0	0	142	246	152	94
PCT9754	ED	707	47	0	0	18	29	19	10
PCT9754	MV	707	377	0	0	113	264	176	88
PCT9755	ED	582	172	0	0	59	113	74	39
PCT9755	MV	582	285	2	0	89	194	115	79
PCT9756	ED	941	185	0	0	60	125	91	34
PCT9756	MV	941	477	0	0	174	303	201	102
PCT9801	ED	408	104	0	0	30	74	44	30
PCT9801	MV	408	181	0	0	53	128	92	36
CONG12	TO	443570	332491	87	206	119457	212741	130818	81923
CONG14	TO	56946	40357	19	32	13804	26502	17401	9101
ASSM17	TO	291063	214827	62	150	74222	140393	84953	55440
ASSM19	TO	209453	158021	44	88	59039	98850	63266	35584
BART7	TO	38460	24736	3	16	8546	16171	10602	5569
BART8	TO	223735	166386	47	85	63032	103222	67480	35742
BART9	TO	238321	181726	56	137	61683	119850	70137	49713
SUPV1	TO	42767	32743	7	11	12001	20724	12553	8171
SUPV2	TO	50394	40402	1	17	16425	23959	16752	7207
SUPV3	TO	39799	28571	2	24	10801	17744	11656	6088
SUPV4	TO	42953	31699	8	17	12315	19359	12062	7297
SUPV5	TO	53744	42036	5	40	14550	27441	15702	11739
SUPV6	TO	43321	29158	2	14	9964	19178	12439	6739
SUPV7	TO	47076	36587	30	24	13297	23236	15312	7924
SUPV8	TO	58122	48632	31	35	16855	31711	18310	13401
SUPV9	TO	42988	31769	10	19	10295	21445	11754	9691
SUPV10	TO	41862	26459	9	18	8831	17601	11050	6551
SUPV11	TO	37490	24792	1	19	7927	16845	10629	6216
NEIG1	TO	19914	11270	1	8	3643	7618	4899	2719
NEIG2	TO	17446	12440	1	11	4921	7507	5029	2478
NEIG3	TO	28644	19045	1	12	6404	12628	8060	4568
NEIG4	TO	7002	5802	3	7	2046	3746	2366	1380
NEIG5	TO	27634	18420	1	12	5779	12628	8044	4584
NEIG6	TO	14982	12240	2	12	4230	7996	4361	3635
NEIG7	TO	12118	7928	2	8	2662	5256	3254	2002
NEIG8	TO	9734	7857	0	13	2828	5016	2847	2169
NEIG9	TO	8390	5918	1	9	2016	3892	2482	1410
NEIG10	TO	10097	8010	0	2	2970	5038	3082	1956
NEIG11	TO	40622	32395	5	13	13211	19166	13414	5752
NEIG12	TO	31129	23295	3	20	7453	15819	8247	7572
NEIG13	TO	16964	14420	3	8	5127	9282	5512	3770
NEIG14	TO	8795	7263	2	4	2452	4805	2517	2288
NEIG15	TO	7019	5232	0	2	2066	3164	2108	1056
NEIG26	TO	9293	6104	2	3	2075	4024	2626	1398
NEIG16	TO	16814	13081	3	9	4565	8504	5161	3343
NEIG17	TO	37322	28503	5	8	10506	17984	10855	7129
NEIG18	TO	8050	6587	1	4	2618	3964	2814	1150
NEIG19	TO	9419	7393	6	5	2522	4860	2867	1993
NEIG20	TO	24674	17045	2	12	5958	11073	7225	3848
NEIG21	TO	42363	31246	8	17	12153	19068	11916	7152
NEIG22	TO	18966	16190	12	9	5522	10647	5946	4701
NEIG23	TO	8139	4488	3	1	1505	2979	2049	930
NEIG24	TO	34909	27838	27	13	10283	17515	11733	5782
NEIG25	TO	30077	22838	12	16	7746	15064	8805	6259
