area_id	subtotal_type	RSReg	RSCst	RSRej	RSOvr	RSUnd	RSTot	012:Yes	013:No
ALLPCTS	TO	500516	372461	106	90	150631	221634	137573	84061
ALLPCTS	ED	500516	127556	80	21	50862	76593	45180	31413
ALLPCTS	MV	500516	244905	26	69	99769	145041	92393	52648
PCT1101	ED	553	125	0	0	42	83	42	41
PCT1101	MV	553	266	0	0	96	170	109	61
PCT1102	ED	995	266	0	0	85	181	101	80
PCT1102	MV	995	480	0	0	175	305	179	126
PCT1103	ED	951	246	1	0	94	151	91	60
PCT1103	MV	951	445	0	1	171	273	173	100
PCT1104	ED	993	249	0	0	90	159	78	81
PCT1104	MV	993	414	0	0	140	274	169	105
PCT1106	ED	765	191	0	0	82	109	65	44
PCT1106	MV	765	343	0	0	141	202	111	91
PCT1107	ED	746	163	0	0	64	99	59	40
PCT1107	MV	746	336	0	0	134	202	123	79
PCT1108	ED	909	232	0	0	113	119	67	52
PCT1108	MV	909	437	0	0	175	262	159	103
PCT1109	ED	798	166	0	0	61	105	54	51
PCT1109	MV	798	365	0	0	139	226	159	67
PCT1111	ED	1002	205	0	0	70	135	84	51
PCT1111	MV	1002	460	0	0	188	272	187	85
PCT1112	ED	769	151	0	0	49	102	58	44
PCT1112	MV	769	344	0	0	137	207	121	86
PCT1113	ED	746	134	0	0	59	75	37	38
PCT1113	MV	746	359	0	0	127	232	163	69
PCT1114	ED	957	226	0	0	90	136	80	56
PCT1114	MV	957	403	0	0	144	259	158	101
PCT1115	ED	895	173	0	0	71	102	45	57
PCT1115	MV	895	371	0	0	152	219	136	83
PCT1116	ED	895	224	0	0	94	130	65	65
PCT1116	MV	895	376	0	0	129	247	164	83
PCT1117	ED	858	184	0	0	64	120	65	55
PCT1117	MV	858	357	0	0	131	226	149	77
PCT1118	ED	1043	213	0	0	74	139	74	65
PCT1118	MV	1043	475	0	0	174	301	195	106
PCT1119	ED	791	165	0	0	74	91	38	53
PCT1119	MV	791	386	0	0	143	243	153	90
PCT1121	ED	691	159	0	0	55	104	59	45
PCT1121	MV	691	313	0	0	144	169	107	62
PCT1122	ED	632	109	0	0	42	67	36	31
PCT1122	MV	632	310	0	0	123	187	120	67
PCT1123	ED	915	179	0	0	54	125	68	57
PCT1123	MV	915	364	0	0	140	224	115	109
PCT1124	ED	819	152	0	0	52	100	45	55
PCT1124	MV	819	302	0	0	93	209	131	78
PCT1125	ED	1047	159	0	0	57	102	57	45
PCT1125	MV	1047	466	0	0	152	314	213	101
PCT1126	ED	922	190	0	0	50	140	88	52
PCT1126	MV	922	400	0	2	125	273	179	94
PCT1127	ED	920	200	0	0	70	130	87	43
PCT1127	MV	920	382	0	1	121	260	183	77
PCT1128	ED	838	154	0	0	55	99	53	46
PCT1128	MV	838	362	0	0	122	240	166	74
PCT1129	ED	980	227	0	0	82	145	80	65
PCT1129	MV	980	416	0	1	140	275	191	84
PCT1131	ED	797	132	0	0	45	87	59	28
PCT1131	MV	797	371	0	0	144	227	148	79
PCT1132	ED	969	179	0	0	70	109	72	37
PCT1132	MV	969	427	0	0	157	270	190	80
PCT1133	ED	863	161	0	0	69	92	63	29
PCT1133	MV	863	410	0	0	157	253	170	83
PCT1134	ED	759	170	0	0	55	115	65	50
PCT1134	MV	759	317	0	0	128	189	125	64
PCT1135	ED	540	87	0	0	34	53	27	26
PCT1135	MV	540	295	0	0	127	168	105	63
PCT1136	ED	829	144	0	0	48	96	51	45
PCT1136	MV	829	412	0	0	161	251	156	95
PCT1141	ED	1041	223	0	0	79	144	79	65
PCT1141	MV	1041	484	0	0	153	331	224	107
PCT1142	ED	861	175	0	0	53	122	74	48
PCT1142	MV	861	393	0	0	147	246	157	89
PCT1143	ED	1034	228	0	0	67	161	95	66
PCT1143	MV	1034	440	0	0	151	289	174	115
PCT1144	ED	907	205	0	0	56	149	86	63
PCT1144	MV	907	387	0	0	116	271	151	120
PCT1145	ED	888	189	0	0	74	115	64	51
PCT1145	MV	888	461	0	0	173	288	179	109
PCT1146	ED	1011	186	0	0	62	124	61	63
PCT1146	MV	1011	454	0	0	151	303	211	92
PCT1147	ED	877	210	0	0	83	127	64	63
PCT1147	MV	877	396	0	0	111	285	173	112
PCT1148	ED	962	196	0	0	66	130	74	56
PCT1148	MV	962	444	0	0	147	297	186	111
PCT1149	ED	907	210	0	0	71	139	86	53
PCT1149	MV	907	407	0	0	140	267	156	111
PCT1152	ED	864	198	0	0	68	130	64	66
PCT1152	MV	864	388	0	1	132	255	172	83
PCT1153	ED	951	209	0	1	75	133	80	53
PCT1153	MV	951	415	0	0	159	256	179	77
PCT7001	ED	776	175	2	0	66	107	66	41
PCT7001	MV	776	429	0	0	176	253	143	110
PCT7002	ED	706	176	0	0	67	109	63	46
PCT7002	MV	706	332	0	0	129	203	114	89
PCT7003	ED	884	238	0	0	99	139	88	51
PCT7003	MV	884	498	0	0	222	276	163	113
PCT7004	ED	881	239	1	0	101	137	86	51
PCT7004	MV	881	496	0	0	206	290	176	114
PCT7005	ED	847	253	0	0	104	149	76	73
PCT7005	MV	847	480	0	1	194	285	170	115
PCT7006	ED	917	254	0	0	111	143	61	82
PCT7006	MV	917	442	0	1	148	293	150	143
PCT7007	ED	949	282	0	0	97	185	109	76
PCT7007	MV	949	516	0	1	222	293	179	114
PCT7008	ED	932	264	1	0	107	156	97	59
PCT7008	MV	932	546	1	0	244	301	196	105
PCT7009	ED	905	185	0	0	71	114	66	48
PCT7009	MV	905	513	0	0	187	326	189	137
PCT7011	ED	985	203	0	0	68	135	77	58
PCT7011	MV	985	294	0	0	107	187	117	70
PCT7012	ED	1109	313	0	0	125	188	111	77
PCT7012	MV	1109	594	0	0	232	362	235	127
PCT7013	ED	956	265	0	0	116	149	92	57
PCT7013	MV	956	501	0	0	186	315	192	123
PCT7014	ED	1460	366	0	0	146	220	136	84
PCT7014	MV	1460	801	0	1	306	494	307	187
PCT7015	MV	95	44	0	0	15	29	11	18
PCT7016	ED	918	171	0	0	51	120	74	46
PCT7016	MV	918	280	0	1	99	180	108	72
PCT7017	ED	754	149	0	1	64	84	48	36
PCT7017	MV	754	252	0	0	98	154	88	66
PCT7018	ED	977	154	0	0	61	93	53	40
PCT7018	MV	977	448	0	0	171	277	191	86
PCT7019	ED	899	182	0	0	54	128	71	57
PCT7019	MV	899	413	0	0	159	254	178	76
PCT7021	ED	947	184	0	0	58	126	67	59
PCT7021	MV	947	305	0	0	120	185	123	62
PCT7022	ED	945	214	0	0	75	139	85	54
PCT7022	MV	945	351	0	0	125	226	131	95
PCT7023	ED	928	177	0	1	60	116	70	46
PCT7023	MV	928	400	0	0	151	249	165	84
PCT7024	ED	414	70	0	0	27	43	27	16
PCT7024	MV	414	78	0	0	26	52	41	11
PCT7025	ED	477	85	0	0	31	54	29	25
PCT7025	MV	477	128	0	0	47	81	46	35
PCT7026	ED	1011	149	0	0	56	93	54	39
PCT7026	MV	1011	455	0	0	179	276	191	85
PCT7027	ED	869	195	0	0	77	118	72	46
PCT7027	MV	869	353	0	0	124	229	148	81
PCT7028	ED	850	212	0	0	76	136	73	63
PCT7028	MV	850	282	0	0	90	192	120	72
PCT7029	ED	901	183	0	0	69	114	62	52
PCT7029	MV	901	251	0	0	84	167	98	69
PCT7030	ED	759	118	0	0	43	75	39	36
PCT7030	MV	759	357	0	0	124	233	155	78
PCT7031	ED	641	91	0	0	40	51	33	18
PCT7031	MV	641	308	0	0	95	213	161	52
PCT7032	ED	904	173	1	0	66	106	58	48
PCT7032	MV	904	316	0	0	99	217	140	77
PCT7033	ED	798	191	0	0	65	126	71	55
PCT7033	MV	798	247	0	1	78	168	108	60
PCT7034	ED	958	197	0	0	76	121	71	50
PCT7034	MV	958	201	0	0	78	123	75	48
PCT7035	ED	606	122	0	0	43	79	51	28
PCT7035	MV	606	262	0	0	83	179	118	61
PCT7036	ED	921	117	0	0	29	88	48	40
PCT7036	MV	921	342	0	0	114	228	175	53
PCT7037	ED	735	134	0	0	64	70	39	31
PCT7037	MV	735	98	0	0	34	64	41	23
PCT7038	ED	911	135	0	0	49	86	51	35
PCT7038	MV	911	351	0	0	111	240	163	77
PCT7039	ED	784	178	0	1	62	115	67	48
PCT7039	MV	784	306	0	0	119	187	134	53
PCT7041	MV	61	33	0	0	15	18	9	9
PCT7042	ED	639	118	0	0	34	84	53	31
PCT7042	MV	639	258	0	0	100	158	104	54
PCT7043	ED	957	175	0	0	46	129	71	58
PCT7043	MV	957	404	0	0	168	236	165	71
PCT7044	ED	827	167	0	0	56	111	66	45
PCT7044	MV	827	193	0	0	75	118	79	39
PCT7045	ED	779	120	0	0	58	62	25	37
PCT7045	MV	779	344	0	0	157	187	130	57
PCT7046	ED	402	94	0	0	35	59	36	23
PCT7046	MV	402	175	0	0	70	105	61	44
PCT7047	ED	823	119	0	0	45	74	47	27
PCT7047	MV	823	388	0	0	154	234	172	62
PCT7048	ED	858	150	3	0	53	94	59	35
PCT7048	MV	858	318	0	0	113	205	145	60
PCT7049	ED	792	172	0	0	60	112	75	37
PCT7049	MV	792	305	0	0	119	186	136	50
PCT7051	ED	861	114	0	0	46	68	38	30
PCT7051	MV	861	380	0	0	156	224	143	81
PCT7052	ED	852	161	0	0	57	104	60	44
PCT7052	MV	852	402	0	0	154	248	173	75
PCT7053	ED	548	102	0	0	50	52	29	23
PCT7053	MV	548	278	0	0	107	171	129	42
PCT7054	ED	1073	214	0	0	81	133	67	66
PCT7054	MV	1073	410	0	0	138	272	165	107
PCT7055	ED	808	188	0	0	67	121	81	40
PCT7055	MV	808	440	0	0	173	267	165	102
PCT7101	MV	155	120	1	0	46	73	48	25
PCT7201	ED	936	245	0	0	125	120	78	42
PCT7201	MV	936	518	0	1	231	286	202	84
PCT7202	ED	850	225	0	0	111	114	78	36
PCT7202	MV	850	431	0	1	188	242	175	67
PCT7203	ED	921	289	1	0	126	162	107	55
PCT7203	MV	921	423	0	0	196	227	160	67
PCT7204	ED	918	233	0	0	107	126	81	45
PCT7204	MV	918	531	0	1	235	295	225	70
PCT7205	ED	875	249	0	0	113	136	97	39
PCT7205	MV	875	485	0	0	218	267	197	70
PCT7206	ED	378	134	0	0	51	83	51	32
PCT7206	MV	378	191	0	0	86	105	71	34
PCT7207	ED	812	194	0	0	81	113	76	37
PCT7207	MV	812	433	0	0	188	245	164	81
PCT7208	ED	600	111	0	0	55	56	32	24
PCT7208	MV	600	328	0	0	128	200	146	54
PCT7209	ED	626	107	0	0	50	57	39	18
PCT7209	MV	626	423	0	1	189	233	166	67
PCT7301	ED	1016	228	0	0	87	141	90	51
PCT7301	MV	1016	435	0	0	187	248	168	80
PCT7302	ED	814	188	0	0	83	105	62	43
PCT7302	MV	814	458	0	0	199	259	180	79
PCT7303	ED	1042	280	0	0	123	157	90	67
PCT7303	MV	1042	482	0	0	210	272	187	85
PCT7304	ED	1002	278	0	0	130	148	91	57
PCT7304	MV	1002	493	0	0	211	282	181	101
PCT7305	ED	871	239	0	0	106	133	90	43
PCT7305	MV	871	459	0	0	219	240	166	74
PCT7306	ED	1056	317	0	0	143	174	99	75
PCT7306	MV	1056	496	0	0	241	255	151	104
PCT7307	ED	767	209	0	0	98	111	64	47
PCT7307	MV	767	345	0	0	148	197	128	69
PCT7308	ED	603	177	0	0	74	103	72	31
PCT7308	MV	603	313	0	0	142	171	123	48
PCT7309	ED	884	260	0	0	136	124	82	42
PCT7309	MV	884	439	0	0	183	256	163	93
PCT7311	ED	917	266	0	0	115	151	103	48
PCT7311	MV	917	448	0	1	193	254	179	75
PCT7312	ED	821	203	0	0	85	118	89	29
PCT7312	MV	821	470	0	1	210	259	201	58
PCT7313	ED	968	224	1	0	101	122	66	56
PCT7313	MV	968	485	0	0	210	275	204	71
PCT7314	ED	787	125	0	0	47	78	45	33
PCT7314	MV	787	271	0	0	123	148	116	32
PCT7315	ED	760	220	0	0	94	126	75	51
PCT7315	MV	760	282	0	0	132	150	90	60
PCT7316	ED	853	205	0	0	100	105	63	42
PCT7316	MV	853	367	0	0	164	203	124	79
PCT7317	ED	904	189	0	0	92	97	59	38
PCT7317	MV	904	454	0	0	188	266	184	82
PCT7318	ED	727	179	0	0	87	92	60	32
PCT7318	MV	727	389	0	0	172	217	143	74
PCT7319	ED	1079	298	0	0	120	178	115	63
PCT7319	MV	1079	516	0	0	243	273	192	81
PCT7321	ED	671	149	0	0	75	74	44	30
PCT7321	MV	671	286	0	0	123	163	108	55
PCT7322	ED	874	64	0	0	29	35	22	13
PCT7322	MV	874	337	0	0	172	165	121	44
PCT7323	ED	950	234	0	0	97	137	88	49
PCT7323	MV	950	455	0	0	203	252	173	79
PCT7324	ED	755	189	0	0	96	93	62	31
PCT7324	MV	755	364	0	1	154	209	138	71
PCT7325	ED	904	240	0	0	103	137	92	45
PCT7325	MV	904	436	0	0	217	219	148	71
PCT7326	ED	876	199	0	0	84	115	80	35
PCT7326	MV	876	429	0	0	190	239	170	69
PCT7327	ED	699	71	0	0	27	44	27	17
PCT7327	MV	699	276	0	0	121	155	121	34
PCT7328	ED	973	94	0	0	51	43	27	16
PCT7328	MV	973	394	0	0	173	221	169	52
PCT7329	ED	640	112	0	0	51	61	51	10
PCT7329	MV	640	321	0	0	133	188	133	55
PCT7331	ED	852	213	0	0	91	122	81	41
PCT7331	MV	852	461	0	0	215	246	184	62
PCT7332	ED	834	223	0	0	88	135	82	53
PCT7332	MV	834	364	0	0	140	224	146	78
PCT7333	ED	1044	295	0	0	122	173	113	60
PCT7333	MV	1044	543	0	0	229	314	210	104
PCT7334	ED	881	199	0	0	100	99	56	43
PCT7334	MV	881	462	0	0	205	257	172	85
PCT7335	ED	970	225	0	0	90	135	85	50
PCT7335	MV	970	523	0	1	230	292	193	99
PCT7336	ED	955	236	0	0	111	125	69	56
PCT7336	MV	955	523	0	0	234	289	195	94
PCT7337	ED	851	178	0	0	74	104	68	36
PCT7337	MV	851	464	0	0	192	272	165	107
PCT7338	ED	915	153	0	0	49	104	64	40
PCT7338	MV	915	426	0	0	178	248	193	55
PCT7339	ED	669	174	0	1	62	111	69	42
PCT7339	MV	669	309	0	0	121	188	127	61
PCT7341	ED	908	260	0	0	115	145	86	59
PCT7341	MV	908	401	0	0	160	241	163	78
PCT7342	ED	947	333	0	0	122	211	124	87
PCT7342	MV	947	414	0	0	161	253	165	88
PCT7343	ED	731	234	0	0	86	148	83	65
PCT7343	MV	731	316	0	0	108	208	127	81
PCT7344	ED	1110	287	0	0	108	179	107	72
PCT7344	MV	1110	538	0	0	190	348	201	147
PCT7345	ED	1141	327	1	0	122	204	132	72
PCT7345	MV	1141	521	0	0	202	319	186	133
PCT7346	ED	920	248	0	0	86	162	85	77
PCT7346	MV	920	384	0	0	142	242	122	120
PCT7347	ED	1040	240	0	0	80	160	91	69
PCT7347	MV	1040	480	0	0	166	314	173	141
PCT7348	ED	861	210	0	0	71	139	87	52
PCT7348	MV	861	353	0	0	137	216	142	74
PCT7349	ED	957	247	0	0	89	158	106	52
PCT7349	MV	957	427	0	0	172	255	155	100
PCT7501	ED	565	172	0	0	73	99	72	27
PCT7501	MV	565	308	0	0	152	156	117	39
PCT7502	ED	784	180	1	0	70	109	71	38
PCT7502	MV	784	447	0	0	179	268	170	98
PCT7503	ED	764	207	0	0	86	121	81	40
PCT7503	MV	764	388	0	0	157	231	156	75
PCT7504	ED	503	112	0	0	52	60	45	15
PCT7504	MV	503	222	0	0	77	145	101	44
PCT7505	ED	869	158	0	0	62	96	68	28
PCT7505	MV	869	532	0	0	241	291	247	44
PCT7506	ED	999	224	0	0	83	141	88	53
PCT7506	MV	999	473	0	0	183	290	192	98
PCT7507	ED	955	210	0	0	80	130	76	54
PCT7507	MV	955	344	0	0	133	211	134	77
PCT7508	ED	727	154	0	0	60	94	57	37
PCT7508	MV	727	427	0	0	191	236	166	70
PCT7509	ED	932	235	2	0	81	152	88	64
PCT7509	MV	932	470	1	0	168	301	175	126
PCT7512	ED	612	149	0	0	68	81	54	27
PCT7512	MV	612	283	0	0	112	171	117	54
PCT7513	ED	818	225	0	0	97	128	84	44
PCT7513	MV	818	315	0	0	111	204	118	86
PCT7514	ED	874	140	0	0	54	86	56	30
PCT7514	MV	874	305	0	0	117	188	125	63
PCT7515	ED	869	211	0	0	85	126	73	53
PCT7515	MV	869	389	0	0	158	231	160	71
PCT7516	ED	922	172	0	0	70	102	60	42
PCT7516	MV	922	538	0	0	206	332	238	94
PCT7517	ED	863	289	0	0	106	183	102	81
PCT7517	MV	863	410	0	0	170	240	137	103
PCT7518	ED	950	309	0	0	125	184	97	87
PCT7518	MV	950	480	0	0	189	291	159	132
PCT7519	ED	737	224	0	0	84	140	81	59
PCT7519	MV	737	355	0	1	145	209	101	108
PCT7521	ED	812	291	0	0	124	167	85	82
PCT7521	MV	812	354	0	0	161	193	120	73
PCT7522	ED	764	207	0	0	82	125	60	65
PCT7522	MV	764	397	0	0	160	237	135	102
PCT7523	ED	747	275	0	0	96	179	94	85
PCT7523	MV	747	359	0	0	131	228	121	107
PCT7524	ED	615	181	0	0	70	111	62	49
PCT7524	MV	615	262	0	0	99	163	93	70
PCT7525	ED	800	205	0	0	76	129	74	55
PCT7525	MV	800	341	0	0	138	203	112	91
PCT7526	ED	1011	291	0	0	115	176	93	83
PCT7526	MV	1011	552	0	0	238	314	184	130
PCT7527	ED	725	208	0	0	69	139	85	54
PCT7527	MV	725	339	0	0	131	208	129	79
PCT7529	ED	948	294	0	0	128	166	85	81
PCT7529	MV	948	486	0	0	169	317	169	148
PCT7531	ED	865	225	0	0	76	149	78	71
PCT7531	MV	865	442	0	0	169	273	148	125
PCT7532	ED	852	246	0	0	105	141	68	73
PCT7532	MV	852	398	0	0	167	231	140	91
PCT7533	ED	1015	354	0	0	109	245	125	120
PCT7533	MV	1015	490	0	0	199	291	156	135
PCT7534	ED	936	322	0	0	148	174	87	87
PCT7534	MV	936	415	0	0	165	250	128	122
PCT7535	ED	767	261	0	0	89	172	96	76
PCT7535	MV	767	387	0	0	154	233	131	102
PCT7536	ED	863	291	0	0	104	187	95	92
PCT7536	MV	863	421	0	0	180	241	134	107
PCT7537	ED	752	240	0	0	99	141	69	72
PCT7537	MV	752	363	0	0	146	217	125	92
PCT7538	ED	771	246	0	0	92	154	84	70
PCT7538	MV	771	400	0	0	153	247	131	116
PCT7539	ED	922	330	0	0	133	197	93	104
PCT7539	MV	922	428	0	0	163	265	126	139
PCT7541	ED	805	245	0	0	101	144	72	72
PCT7541	MV	805	400	0	0	147	253	120	133
PCT7542	ED	821	270	0	0	90	180	86	94
PCT7542	MV	821	389	0	0	144	245	125	120
PCT7543	ED	909	215	0	0	86	129	68	61
PCT7543	MV	909	467	0	0	176	291	166	125
PCT7544	ED	898	256	0	0	105	151	88	63
PCT7544	MV	898	479	0	1	175	303	162	141
PCT7545	ED	918	273	0	0	99	174	89	85
PCT7545	MV	918	480	0	0	200	280	158	122
PCT7546	ED	982	304	0	0	126	178	94	84
PCT7546	MV	982	517	0	0	193	324	182	142
PCT7547	ED	1029	314	0	0	129	185	90	95
PCT7547	MV	1029	505	0	1	196	308	166	142
PCT7548	ED	1073	317	1	0	121	195	116	79
PCT7548	MV	1073	512	0	0	186	326	197	129
PCT7549	ED	811	215	0	0	97	118	71	47
PCT7549	MV	811	431	0	0	197	234	149	85
PCT7551	ED	741	239	0	0	89	150	89	61
PCT7551	MV	741	394	0	0	139	255	138	117
PCT7552	ED	727	241	0	0	98	143	83	60
PCT7552	MV	727	360	0	0	160	200	119	81
PCT7553	MV	180	126	0	0	38	88	69	19
PCT7554	ED	808	247	0	0	102	145	91	54
PCT7554	MV	808	442	0	1	206	235	152	83
PCT7555	ED	886	289	0	0	106	183	118	65
PCT7555	MV	886	459	0	0	200	259	175	84
PCT7556	ED	969	275	0	0	126	149	95	54
PCT7556	MV	969	573	0	0	228	345	224	121
PCT7601	ED	767	190	0	0	63	127	73	54
PCT7601	MV	767	290	0	0	98	192	117	75
PCT7602	ED	901	210	0	0	77	133	73	60
PCT7602	MV	901	379	0	0	126	253	149	104
PCT7603	ED	830	249	0	0	77	172	89	83
PCT7603	MV	830	376	0	0	141	235	138	97
PCT7604	ED	954	265	0	0	99	166	86	80
PCT7604	MV	954	352	0	0	106	246	152	94
PCT7605	ED	648	120	0	0	58	62	44	18
PCT7605	MV	648	203	0	0	72	131	78	53
PCT7606	ED	924	204	0	0	76	128	73	55
PCT7606	MV	924	330	0	0	117	213	123	90
PCT7607	ED	960	215	0	0	87	128	75	53
PCT7607	MV	960	407	0	0	130	277	160	117
PCT7608	ED	392	70	0	0	30	40	26	14
PCT7608	MV	392	136	0	0	55	81	68	13
PCT7609	ED	926	120	0	0	38	82	59	23
PCT7609	MV	926	352	0	0	142	210	165	45
PCT7611	ED	755	126	0	0	42	84	62	22
PCT7611	MV	755	269	0	0	102	167	118	49
PCT7612	ED	583	97	0	0	39	58	35	23
PCT7612	MV	583	265	0	0	100	165	107	58
PCT7613	ED	908	202	0	1	73	128	83	45
PCT7613	MV	908	340	0	0	115	225	135	90
PCT7614	ED	1029	223	0	0	86	137	93	44
PCT7614	MV	1029	375	0	0	112	263	156	107
PCT7615	ED	762	162	0	0	55	107	67	40
PCT7615	MV	762	237	0	0	87	150	94	56
PCT7616	ED	1203	322	0	0	152	170	115	55
PCT7616	MV	1203	686	0	1	247	438	278	160
PCT7617	ED	768	102	0	0	42	60	40	20
PCT7617	MV	768	261	0	0	88	173	112	61
PCT7618	ED	862	168	0	0	71	97	51	46
PCT7618	MV	862	407	0	0	150	257	165	92
PCT7619	ED	1063	219	0	0	80	139	80	59
PCT7619	MV	1063	563	0	0	226	337	197	140
PCT7621	ED	1320	287	0	0	102	185	113	72
PCT7621	MV	1320	668	0	0	233	435	292	143
PCT7622	ED	988	170	0	0	53	117	67	50
PCT7622	MV	988	301	0	0	99	202	131	71
PCT7623	ED	746	182	0	0	69	113	64	49
PCT7623	MV	746	297	0	0	87	210	131	79
PCT7624	ED	859	142	0	0	37	105	67	38
PCT7624	MV	859	290	0	0	82	208	151	57
PCT7625	ED	822	66	0	0	26	40	26	14
PCT7625	MV	822	475	0	0	198	277	239	38
PCT7626	ED	1114	224	0	0	89	135	95	40
PCT7626	MV	1114	612	0	0	248	364	258	106
PCT7627	ED	1187	266	0	0	115	151	107	44
PCT7627	MV	1187	582	0	0	246	336	237	99
PCT7628	ED	960	239	0	0	92	147	77	70
PCT7628	MV	960	428	0	0	157	271	155	116
PCT7629	ED	809	208	0	0	83	125	59	66
PCT7629	MV	809	343	0	0	125	218	134	84
PCT7631	ED	1155	266	0	0	119	147	92	55
PCT7631	MV	1155	576	0	0	220	356	225	131
PCT7632	ED	1124	288	0	0	124	164	99	65
PCT7632	MV	1124	561	0	0	191	370	197	173
PCT7633	ED	741	137	0	0	45	92	60	32
PCT7633	MV	741	392	0	0	165	227	156	71
PCT7634	ED	900	194	0	0	75	119	74	45
PCT7634	MV	900	421	0	0	157	264	192	72
PCT7635	ED	840	157	0	0	62	95	60	35
PCT7635	MV	840	382	0	0	139	243	145	98
PCT7636	ED	938	246	0	0	111	135	96	39
PCT7636	MV	938	465	0	0	189	276	181	95
PCT7637	ED	809	193	0	0	91	102	75	27
PCT7637	MV	809	404	0	0	162	242	172	70
PCT7638	ED	1467	294	0	0	129	165	126	39
PCT7638	MV	1467	871	1	0	396	474	349	125
PCT7639	ED	1011	241	0	0	115	126	82	44
PCT7639	MV	1011	559	0	0	230	329	236	93
PCT7641	ED	972	204	0	0	90	114	77	37
PCT7641	MV	972	549	0	1	234	314	232	82
PCT7642	ED	937	152	0	0	58	94	69	25
PCT7642	MV	937	394	0	0	193	201	133	68
PCT7643	ED	920	168	0	0	84	84	54	30
PCT7643	MV	920	507	0	1	171	335	252	83
PCT7644	ED	1175	329	0	0	122	207	123	84
PCT7644	MV	1175	554	0	1	214	339	237	102
PCT7645	ED	640	120	0	0	48	72	45	27
PCT7645	MV	640	377	0	0	177	200	146	54
PCT7646	ED	1100	262	0	0	113	149	107	42
PCT7646	MV	1100	591	0	0	248	343	234	109
PCT7647	ED	1075	205	0	0	71	134	69	65
PCT7647	MV	1075	283	0	0	87	196	110	86
PCT7648	MV	1	0	0	0	0	0	0	0
PCT7649	ED	891	175	0	0	71	104	64	40
PCT7649	MV	891	395	0	0	128	267	180	87
PCT7651	ED	677	165	1	0	75	89	67	22
PCT7651	MV	677	351	0	0	140	211	153	58
PCT7652	ED	628	135	0	0	52	83	55	28
PCT7652	MV	628	301	0	0	128	173	124	49
PCT7653	ED	1280	299	0	1	130	168	110	58
PCT7653	MV	1280	673	0	0	307	366	274	92
PCT7701	ED	1064	295	0	0	114	181	108	73
PCT7701	MV	1064	597	0	0	260	337	207	130
PCT7702	ED	748	179	0	0	73	106	85	21
PCT7702	MV	748	415	0	0	178	237	160	77
PCT7703	MV	171	79	0	1	33	45	34	11
PCT7704	ED	1008	257	0	0	105	152	96	56
PCT7704	MV	1008	557	0	0	227	330	221	109
PCT7705	ED	568	149	0	0	60	89	57	32
PCT7705	MV	568	335	0	0	139	196	148	48
PCT7706	ED	840	252	0	0	105	147	100	47
PCT7706	MV	840	467	0	0	205	262	169	93
PCT7707	ED	857	240	1	0	77	162	110	52
PCT7707	MV	857	495	0	0	227	268	195	73
PCT7708	ED	871	205	0	0	87	118	80	38
PCT7708	MV	871	540	0	0	210	330	216	114
PCT7709	ED	391	102	0	0	34	68	42	26
PCT7709	MV	391	222	0	0	82	140	88	52
PCT7711	ED	766	197	0	0	90	107	60	47
PCT7711	MV	766	422	0	1	176	245	162	83
PCT7712	ED	529	148	0	0	59	89	41	48
PCT7712	MV	529	296	0	0	112	184	95	89
PCT7801	ED	1001	263	1	0	115	147	102	45
PCT7801	MV	1001	596	0	0	257	339	229	110
PCT7802	ED	788	229	0	0	91	138	90	48
PCT7802	MV	788	458	0	0	211	247	152	95
PCT7803	ED	828	173	0	0	71	102	56	46
PCT7803	MV	828	552	0	0	217	335	224	111
PCT7804	ED	893	257	0	0	106	151	97	54
PCT7804	MV	893	533	0	0	223	310	213	97
PCT7805	ED	825	226	0	0	75	151	87	64
PCT7805	MV	825	484	0	0	186	298	186	112
PCT7806	ED	716	207	2	0	70	135	69	66
PCT7806	MV	716	406	0	0	148	258	148	110
PCT7807	ED	844	276	0	0	88	188	101	87
PCT7807	MV	844	417	0	0	166	251	132	119
PCT7808	ED	655	211	0	0	79	132	84	48
PCT7808	MV	655	333	0	0	131	202	108	94
PCT7809	ED	781	237	0	0	101	136	77	59
PCT7809	MV	781	405	0	0	148	257	145	112
PCT7811	ED	783	249	0	0	82	167	83	84
PCT7811	MV	783	404	0	0	147	257	139	118
PCT7812	ED	877	256	0	0	100	156	87	69
PCT7812	MV	877	454	0	0	187	267	164	103
PCT7813	ED	1064	308	1	0	117	190	104	86
PCT7813	MV	1064	585	0	0	233	352	196	156
PCT7814	ED	936	227	0	0	74	153	75	78
PCT7814	MV	936	340	0	2	112	226	126	100
PCT7815	ED	954	238	0	0	104	134	89	45
PCT7815	MV	954	573	0	0	225	348	215	133
PCT7816	ED	865	235	0	0	104	131	80	51
PCT7816	MV	865	531	1	0	217	313	224	89
PCT7817	ED	823	276	0	0	103	173	87	86
PCT7817	MV	823	439	0	0	148	291	185	106
PCT7818	ED	860	232	0	0	91	141	82	59
PCT7818	MV	860	452	2	0	187	263	160	103
PCT7819	ED	793	191	0	0	77	114	60	54
PCT7819	MV	793	420	0	0	167	253	162	91
PCT7821	ED	985	247	0	0	86	161	94	67
PCT7821	MV	985	629	0	0	245	384	236	148
PCT7822	ED	908	275	0	0	102	173	103	70
PCT7822	MV	908	479	0	0	179	300	173	127
PCT7823	ED	879	269	6	0	95	168	77	91
PCT7823	MV	879	501	0	0	189	312	185	127
PCT7824	ED	768	246	0	0	95	151	92	59
PCT7824	MV	768	383	0	0	169	214	140	74
PCT7825	ED	597	191	0	0	77	114	51	63
PCT7825	MV	597	302	0	1	109	192	86	106
PCT7826	ED	684	258	0	0	92	166	94	72
PCT7826	MV	684	319	0	0	127	192	90	102
PCT7827	ED	831	261	0	0	90	171	83	88
PCT7827	MV	831	361	0	0	134	227	101	126
PCT7828	ED	1018	260	0	0	99	161	107	54
PCT7828	MV	1018	549	0	0	215	334	215	119
PCT7829	ED	907	237	1	0	87	149	94	55
PCT7829	MV	907	557	0	0	229	328	224	104
PCT7831	ED	882	233	0	0	85	148	92	56
PCT7831	MV	882	544	0	0	233	311	197	114
PCT7832	ED	780	187	0	0	58	129	73	56
PCT7832	MV	780	487	0	0	196	291	182	109
PCT7833	ED	747	230	0	0	100	130	63	67
PCT7833	MV	747	412	0	0	187	225	115	110
PCT7834	ED	867	276	0	0	107	169	93	76
PCT7834	MV	867	438	0	0	162	276	140	136
PCT7835	ED	847	209	0	0	77	132	70	62
PCT7835	MV	847	505	1	0	179	325	183	142
PCT7836	ED	1023	259	0	0	92	167	104	63
PCT7836	MV	1023	623	0	3	239	381	254	127
PCT7837	ED	911	259	0	0	111	148	99	49
PCT7837	MV	911	509	2	0	218	289	214	75
PCT7838	ED	926	239	0	0	84	155	90	65
PCT7838	MV	926	545	0	0	242	303	188	115
PCT7839	ED	842	205	0	0	87	118	76	42
PCT7839	MV	842	515	0	0	218	297	186	111
PCT7841	ED	937	290	0	0	129	161	94	67
PCT7841	MV	937	526	0	0	221	305	178	127
PCT7842	ED	903	283	0	0	106	177	94	83
PCT7842	MV	903	434	0	2	183	249	137	112
PCT7843	ED	767	231	0	0	82	149	76	73
PCT7843	MV	767	380	0	0	166	214	118	96
PCT7844	ED	663	196	0	0	71	125	56	69
PCT7844	MV	663	329	0	1	120	208	106	102
PCT7845	ED	849	241	0	0	100	141	90	51
PCT7845	MV	849	469	0	0	206	263	188	75
PCT7846	ED	904	259	0	1	111	147	93	54
PCT7846	MV	904	509	0	0	218	291	195	96
PCT7847	ED	929	261	0	0	101	160	92	68
PCT7847	MV	929	529	0	0	232	297	173	124
PCT7848	ED	834	232	0	0	103	129	77	52
PCT7848	MV	834	491	0	0	219	272	188	84
PCT7849	ED	929	263	0	0	124	139	72	67
PCT7849	MV	929	522	0	0	216	306	180	126
PCT7851	ED	513	136	0	0	72	64	40	24
PCT7851	MV	513	298	0	0	134	164	117	47
PCT7852	ED	647	143	0	0	60	83	49	34
PCT7852	MV	647	394	0	0	166	228	158	70
PCT7853	ED	850	214	0	0	74	140	88	52
PCT7853	MV	850	479	0	0	194	285	189	96
PCT7854	ED	894	247	0	0	105	142	77	65
PCT7854	MV	894	500	0	1	205	294	195	99
PCT7855	ED	986	299	0	0	118	181	106	75
PCT7855	MV	986	521	0	0	213	308	183	125
PCT7856	ED	800	265	0	0	97	168	86	82
PCT7856	MV	800	425	0	0	157	268	165	103
PCT7857	ED	933	275	0	0	121	154	88	66
PCT7857	MV	933	517	0	0	214	303	174	129
PCT7858	ED	775	244	0	0	91	153	76	77
PCT7858	MV	775	394	0	0	129	265	153	112
PCT7859	ED	891	249	0	0	104	145	92	53
PCT7859	MV	891	513	0	1	212	300	200	100
PCT7861	ED	859	217	0	0	98	119	71	48
PCT7861	MV	859	510	0	1	214	295	187	108
PCT7862	ED	866	301	0	0	118	183	113	70
PCT7862	MV	866	472	0	0	187	285	179	106
PCT7863	ED	907	310	0	0	115	195	119	76
PCT7863	MV	907	440	0	0	163	277	165	112
PCT7864	ED	807	232	0	0	89	143	88	55
PCT7864	MV	807	426	0	0	161	265	142	123
PCT7865	ED	823	241	0	0	91	150	75	75
PCT7865	MV	823	463	0	0	194	269	160	109
PCT7866	ED	836	209	0	0	79	130	87	43
PCT7866	MV	836	491	0	0	211	280	203	77
PCT7867	ED	955	266	0	0	114	152	97	55
PCT7867	MV	955	510	0	1	199	310	205	105
PCT7868	ED	881	242	0	0	94	148	83	65
PCT7868	MV	881	449	1	0	177	271	193	78
PCT7869	ED	867	239	0	0	91	148	96	52
PCT7869	MV	867	489	0	0	216	273	186	87
PCT7871	ED	900	259	0	0	109	150	88	62
PCT7871	MV	900	502	2	1	203	296	182	114
PCT7872	ED	862	287	0	0	113	174	112	62
PCT7872	MV	862	472	0	0	201	271	186	85
PCT7873	ED	861	257	0	0	87	170	90	80
PCT7873	MV	861	501	0	0	214	287	184	103
PCT7874	ED	477	137	0	0	46	91	58	33
PCT7874	MV	477	255	1	0	97	157	94	63
PCT7875	ED	623	180	0	0	61	119	64	55
PCT7875	MV	623	285	0	0	123	162	80	82
PCT7876	ED	498	154	10	0	64	80	53	27
PCT7876	MV	498	269	0	0	99	170	113	57
PCT7901	ED	522	135	0	0	54	81	45	36
PCT7901	MV	522	198	0	0	71	127	67	60
PCT7902	ED	968	258	0	0	86	172	79	93
PCT7902	MV	968	401	0	1	140	260	137	123
PCT7903	ED	840	201	0	0	79	122	63	59
PCT7903	MV	840	350	0	1	118	231	139	92
PCT7904	ED	877	210	0	0	79	131	68	63
PCT7904	MV	877	403	0	0	156	247	145	102
PCT7905	ED	851	253	0	0	100	153	75	78
PCT7905	MV	851	409	1	0	155	253	148	105
PCT7906	ED	787	244	0	1	109	134	60	74
PCT7906	MV	787	335	0	0	125	210	106	104
PCT7907	ED	950	278	0	0	100	178	77	101
PCT7907	MV	950	425	0	0	149	276	135	141
PCT7908	ED	949	283	0	0	113	170	92	78
PCT7908	MV	949	408	0	0	144	264	141	123
PCT7909	ED	733	251	0	0	78	173	84	89
PCT7909	MV	733	303	0	0	114	189	97	92
PCT7911	ED	860	244	0	0	81	163	74	89
PCT7911	MV	860	395	0	0	141	254	127	127
PCT7912	ED	1065	290	0	1	106	183	90	93
PCT7912	MV	1065	463	0	0	173	290	133	157
PCT7913	ED	913	312	0	0	102	210	111	99
PCT7913	MV	913	378	0	0	118	260	126	134
PCT7914	ED	883	278	0	0	113	165	73	92
PCT7914	MV	883	425	0	0	168	257	126	131
PCT7915	ED	831	265	0	1	88	176	86	90
PCT7915	MV	831	351	0	0	114	237	128	109
PCT7916	ED	888	283	0	0	114	169	82	87
PCT7916	MV	888	421	0	0	153	268	138	130
PCT7917	ED	1015	312	0	0	113	199	97	102
PCT7917	MV	1015	428	0	0	145	283	149	134
PCT7918	ED	836	253	0	0	92	161	78	83
PCT7918	MV	836	379	0	0	153	226	118	108
PCT7919	ED	895	308	0	0	94	214	109	105
PCT7919	MV	895	376	0	0	130	246	116	130
PCT7921	ED	917	231	0	0	62	169	76	93
PCT7921	MV	917	366	0	1	127	238	141	97
PCT7922	ED	831	250	0	0	84	166	78	88
PCT7922	MV	831	383	0	0	134	249	125	124
PCT7923	ED	885	262	0	0	77	185	86	99
PCT7923	MV	885	403	0	0	134	269	129	140
PCT7924	ED	842	238	0	0	85	153	68	85
PCT7924	MV	842	382	0	0	118	264	131	133
PCT7925	ED	567	156	0	0	54	102	53	49
PCT7925	MV	567	293	0	0	99	194	100	94
PCT7926	ED	795	229	0	0	89	140	76	64
PCT7926	MV	795	390	0	0	142	248	132	116
PCT7927	ED	747	241	0	0	97	144	64	80
PCT7927	MV	747	392	0	0	176	216	115	101
PCT7928	ED	931	284	0	0	114	170	83	87
PCT7928	MV	931	489	0	0	171	318	164	154
PCT7929	ED	864	248	0	0	91	157	88	69
PCT7929	MV	864	509	1	1	207	300	161	139
PCT7931	ED	738	219	0	0	90	129	73	56
PCT7931	MV	738	408	0	0	157	251	151	100
PCT7932	ED	551	157	1	0	52	104	57	47
PCT7932	MV	551	285	0	0	111	174	101	73
PCT7933	MV	6	4	0	0	2	2	2	0
PCT7934	ED	890	250	0	0	109	141	67	74
PCT7934	MV	890	472	0	0	171	301	143	158
PCT7935	ED	970	305	0	0	131	174	91	83
PCT7935	MV	970	519	0	0	242	277	151	126
PCT7936	ED	856	287	0	0	108	179	85	94
PCT7936	MV	856	428	0	0	154	274	145	129
PCT7937	ED	886	267	0	0	95	172	94	78
PCT7937	MV	886	434	0	0	181	253	157	96
PCT7938	ED	788	213	0	0	72	141	75	66
PCT7938	MV	788	337	0	0	131	206	108	98
PCT7939	ED	688	253	0	0	101	152	79	73
PCT7939	MV	688	326	0	0	137	189	103	86
PCT7941	ED	751	218	0	0	79	139	85	54
PCT7941	MV	751	348	0	0	136	212	114	98
PCT7942	ED	914	257	1	0	90	166	88	78
PCT7942	MV	914	412	0	0	162	250	122	128
PCT7943	ED	872	257	4	0	93	160	97	63
PCT7943	MV	872	439	0	0	174	265	156	109
PCT7944	ED	801	243	0	0	92	151	77	74
PCT7944	MV	801	381	0	0	141	240	130	110
PCT7945	ED	915	186	0	0	67	119	70	49
PCT7945	MV	915	412	0	0	144	268	153	115
PCT7946	ED	945	183	0	0	63	120	70	50
PCT7946	MV	945	451	0	0	175	276	191	85
PCT7947	ED	946	182	0	0	72	110	66	44
PCT7947	MV	946	430	0	0	157	273	169	104
PCT7948	ED	928	209	0	0	69	140	76	64
PCT7948	MV	928	422	0	0	168	254	162	92
PCT7949	ED	569	100	0	0	44	56	37	19
PCT7949	MV	569	292	0	0	119	173	115	58
PCT7951	ED	854	166	0	0	69	97	52	45
PCT7951	MV	854	424	0	0	185	239	147	92
PCT7952	ED	866	167	0	0	51	116	64	52
PCT7952	MV	866	359	0	1	123	235	143	92
PCT7953	ED	824	186	2	0	74	110	65	45
PCT7953	MV	824	402	0	0	157	245	171	74
PCT7955	ED	902	199	0	0	72	127	74	53
PCT7955	MV	902	434	0	0	155	279	180	99
PCT7956	ED	823	136	0	0	54	82	52	30
PCT7956	MV	823	353	0	0	118	235	153	82
PCT7957	ED	646	147	0	0	55	92	50	42
PCT7957	MV	646	298	0	0	117	181	107	74
PCT7958	MV	290	141	0	0	46	95	62	33
PCT7959	ED	727	157	0	0	64	93	48	45
PCT7959	MV	727	326	0	0	110	216	134	82
PCT9001	MV	273	142	0	0	36	106	66	40
PCT9101	ED	888	260	0	0	115	145	82	63
PCT9101	MV	888	438	0	0	190	248	168	80
PCT9102	ED	985	257	0	0	108	149	86	63
PCT9102	MV	985	471	0	0	181	290	177	113
PCT9103	ED	954	272	0	0	99	173	113	60
PCT9103	MV	954	431	0	0	202	229	144	85
PCT9104	ED	988	239	0	0	99	140	70	70
PCT9104	MV	988	465	0	0	195	270	176	94
PCT9105	ED	919	247	0	0	107	140	81	59
PCT9105	MV	919	488	0	0	193	295	199	96
PCT9106	ED	937	268	1	0	97	170	119	51
PCT9106	MV	937	497	0	0	214	283	193	90
PCT9107	ED	849	218	0	0	86	132	75	57
PCT9107	MV	849	372	0	0	155	217	136	81
PCT9108	ED	790	246	0	1	74	171	94	77
PCT9108	MV	790	373	1	0	149	223	127	96
PCT9109	ED	884	263	0	0	114	149	91	58
PCT9109	MV	884	427	0	0	167	260	173	87
PCT9111	ED	779	229	0	0	102	127	78	49
PCT9111	MV	779	346	0	0	137	209	127	82
PCT9112	ED	976	284	0	0	117	167	92	75
PCT9112	MV	976	467	0	0	237	230	135	95
PCT9113	ED	999	310	0	0	135	175	92	83
PCT9113	MV	999	505	0	0	193	312	194	118
PCT9114	ED	877	263	0	0	123	140	69	71
PCT9114	MV	877	405	0	0	153	252	144	108
PCT9115	ED	911	258	0	0	100	158	83	75
PCT9115	MV	911	429	0	0	170	259	156	103
PCT9116	ED	944	281	1	0	105	175	100	75
PCT9116	MV	944	473	0	0	196	277	158	119
PCT9117	ED	783	222	0	0	80	142	91	51
PCT9117	MV	783	398	0	0	156	242	169	73
PCT9118	ED	974	286	0	0	117	169	91	78
PCT9118	MV	974	426	0	0	178	248	152	96
PCT9119	ED	891	237	0	0	102	135	71	64
PCT9119	MV	891	446	0	0	179	267	167	100
PCT9121	ED	930	256	0	0	98	158	89	69
PCT9121	MV	930	434	0	0	207	227	135	92
PCT9122	ED	953	208	0	0	91	117	69	48
PCT9122	MV	953	454	0	0	201	253	161	92
PCT9123	ED	858	231	0	0	79	152	90	62
PCT9123	MV	858	418	0	1	163	254	157	97
PCT9124	ED	874	201	0	0	72	129	80	49
PCT9124	MV	874	438	0	0	198	240	154	86
PCT9125	ED	861	210	0	0	88	122	70	52
PCT9125	MV	861	437	0	0	213	224	140	84
PCT9126	ED	1015	245	0	0	113	132	70	62
PCT9126	MV	1015	533	0	0	249	284	174	110
PCT9127	ED	960	269	0	0	119	150	76	74
PCT9127	MV	960	498	0	0	226	272	172	100
PCT9128	ED	828	248	0	0	91	157	107	50
PCT9128	MV	828	412	0	0	169	243	145	98
PCT9129	ED	741	243	0	0	86	157	91	66
PCT9129	MV	741	348	0	0	152	196	124	72
PCT9131	ED	759	192	0	0	79	113	61	52
PCT9131	MV	759	403	0	0	173	230	145	85
PCT9132	ED	837	248	0	0	114	134	71	63
PCT9132	MV	837	371	0	0	144	227	137	90
PCT9133	ED	1021	270	0	1	94	175	102	73
PCT9133	MV	1021	503	0	1	203	299	190	109
PCT9134	ED	893	210	0	0	100	110	63	47
PCT9134	MV	893	469	0	0	210	259	153	106
PCT9135	ED	808	214	0	0	88	126	82	44
PCT9135	MV	808	389	0	0	185	204	143	61
PCT9136	ED	929	253	0	0	113	140	75	65
PCT9136	MV	929	439	0	0	189	250	161	89
PCT9137	ED	1006	259	0	0	107	152	77	75
PCT9137	MV	1006	467	0	0	198	269	174	95
PCT9138	ED	943	226	1	0	83	142	93	49
PCT9138	MV	943	476	1	0	174	301	196	105
PCT9139	ED	975	243	0	0	98	145	80	65
PCT9139	MV	975	510	0	0	201	309	184	125
PCT9141	ED	953	251	0	0	97	154	87	67
PCT9141	MV	953	477	0	0	194	283	172	111
PCT9142	ED	966	275	0	0	120	155	90	65
PCT9142	MV	966	459	0	0	174	285	170	115
PCT9143	ED	920	251	0	0	103	148	81	67
PCT9143	MV	920	463	0	0	197	266	156	110
PCT9144	ED	962	291	0	0	123	168	85	83
PCT9144	MV	962	482	0	1	192	289	182	107
PCT9145	ED	861	249	1	0	85	163	102	61
PCT9145	MV	861	423	0	0	189	234	138	96
PCT9146	ED	885	245	0	0	106	139	73	66
PCT9146	MV	885	464	0	0	197	267	145	122
PCT9147	ED	971	280	0	0	119	161	89	72
PCT9147	MV	971	492	0	0	193	299	176	123
PCT9148	ED	1034	322	0	0	122	200	111	89
PCT9148	MV	1034	513	0	0	220	293	181	112
PCT9149	ED	948	263	0	0	106	157	77	80
PCT9149	MV	948	478	0	1	193	284	159	125
PCT9151	ED	872	226	0	0	94	132	83	49
PCT9151	MV	872	418	0	0	169	249	176	73
PCT9152	ED	721	269	0	0	88	181	109	72
PCT9152	MV	721	279	0	0	83	196	118	78
PCT9201	ED	1004	298	0	0	104	194	107	87
PCT9201	MV	1004	475	0	0	175	300	174	126
PCT9202	ED	971	294	0	0	120	174	117	57
PCT9202	MV	971	426	0	0	177	249	151	98
PCT9203	ED	1002	239	0	0	116	123	91	32
PCT9203	MV	1002	536	0	0	259	277	200	77
PCT9204	ED	873	273	0	0	129	144	113	31
PCT9204	MV	873	393	0	0	210	183	132	51
PCT9205	ED	728	208	0	0	100	108	81	27
PCT9205	MV	728	376	0	0	192	184	132	52
PCT9206	ED	931	246	0	0	118	128	88	40
PCT9206	MV	931	479	0	1	239	239	177	62
PCT9207	ED	981	261	0	0	132	129	88	41
PCT9207	MV	981	502	0	0	262	240	178	62
PCT9208	ED	1002	286	0	0	127	159	115	44
PCT9208	MV	1002	491	0	0	222	269	201	68
PCT9209	ED	711	244	0	0	114	130	92	38
PCT9209	MV	711	327	0	0	162	165	127	38
PCT9211	ED	889	234	0	1	110	123	92	31
PCT9211	MV	889	432	0	0	227	205	148	57
PCT9212	ED	803	233	0	0	110	123	80	43
PCT9212	MV	803	400	0	0	185	215	148	67
PCT9213	ED	951	264	0	0	111	153	107	46
PCT9213	MV	951	507	0	0	231	276	193	83
PCT9214	ED	640	166	0	0	74	92	72	20
PCT9214	MV	640	334	0	0	156	178	131	47
PCT9215	ED	652	192	0	0	80	112	81	31
PCT9215	MV	652	327	0	0	175	152	121	31
PCT9216	ED	845	245	0	0	120	125	100	25
PCT9216	MV	845	379	0	0	176	203	147	56
PCT9217	ED	698	193	0	0	91	102	80	22
PCT9217	MV	698	349	0	0	174	175	121	54
PCT9218	ED	841	247	0	0	112	135	96	39
PCT9218	MV	841	412	0	0	199	213	152	61
PCT9219	ED	802	240	0	0	103	137	84	53
PCT9219	MV	802	399	0	0	184	215	149	66
PCT9221	ED	651	145	0	0	57	88	72	16
PCT9221	MV	651	399	0	0	212	187	156	31
PCT9222	ED	883	248	0	0	123	125	95	30
PCT9222	MV	883	449	0	0	220	229	198	31
PCT9223	ED	638	160	0	0	77	83	59	24
PCT9223	MV	638	338	0	0	173	165	135	30
PCT9224	ED	960	262	0	0	115	147	100	47
PCT9224	MV	960	506	0	1	243	262	193	69
PCT9225	ED	958	296	0	0	148	148	104	44
PCT9225	MV	958	469	0	0	224	245	170	75
PCT9226	ED	926	270	0	1	130	139	98	41
PCT9226	MV	926	486	0	0	223	263	193	70
PCT9227	ED	738	188	0	0	81	107	74	33
PCT9227	MV	738	404	0	0	174	230	175	55
PCT9228	ED	747	189	0	0	81	108	75	33
PCT9228	MV	747	424	0	0	175	249	191	58
PCT9229	ED	598	162	0	0	76	86	67	19
PCT9229	MV	598	316	0	0	140	176	132	44
PCT9231	ED	953	313	0	0	137	176	120	56
PCT9231	MV	953	488	0	2	215	271	188	83
PCT9232	ED	735	212	0	0	100	112	80	32
PCT9232	MV	735	396	0	0	163	233	172	61
PCT9233	ED	793	208	0	0	98	110	79	31
PCT9233	MV	793	434	0	0	223	211	164	47
PCT9234	ED	746	187	0	0	85	102	63	39
PCT9234	MV	746	438	0	0	205	233	174	59
PCT9235	ED	884	239	0	0	106	133	108	25
PCT9235	MV	884	488	0	0	250	238	190	48
PCT9236	ED	683	200	0	0	81	119	89	30
PCT9236	MV	683	358	0	0	166	192	155	37
PCT9237	ED	936	225	0	0	112	113	86	27
PCT9237	MV	936	539	0	0	248	291	207	84
PCT9238	ED	842	230	0	0	129	101	67	34
PCT9238	MV	842	456	0	0	183	273	208	65
PCT9239	ED	881	198	0	0	85	113	84	29
PCT9239	MV	881	499	0	0	259	240	181	59
PCT9241	ED	1005	254	0	0	120	134	97	37
PCT9241	MV	1005	578	0	0	263	315	233	82
PCT9242	ED	972	276	0	0	129	147	104	43
PCT9242	MV	972	513	0	0	236	277	195	82
PCT9243	ED	594	191	0	0	84	107	71	36
PCT9243	MV	594	307	0	0	133	174	124	50
PCT9244	ED	903	254	0	0	126	128	86	42
PCT9244	MV	903	485	0	0	241	244	170	74
PCT9245	ED	742	208	0	1	98	109	75	34
PCT9245	MV	742	375	0	0	192	183	134	49
PCT9246	ED	929	254	0	0	116	138	93	45
PCT9246	MV	929	528	0	0	249	279	185	94
PCT9247	ED	927	263	0	0	110	153	108	45
PCT9247	MV	927	515	0	0	206	309	227	82
PCT9248	ED	907	257	0	0	101	156	102	54
PCT9248	MV	907	485	0	0	221	264	180	84
PCT9249	ED	917	271	0	0	123	148	98	50
PCT9249	MV	917	494	0	0	220	274	187	87
PCT9251	ED	995	286	0	0	123	163	96	67
PCT9251	MV	995	530	0	0	264	266	183	83
PCT9252	ED	944	218	0	1	96	121	82	39
PCT9252	MV	944	550	0	0	231	319	207	112
PCT9253	ED	772	187	0	0	82	105	72	33
PCT9253	MV	772	397	0	0	180	217	151	66
PCT9254	ED	935	230	0	0	82	148	99	49
PCT9254	MV	935	538	0	2	209	327	229	98
PCT9255	ED	553	182	0	0	88	94	59	35
PCT9255	MV	553	263	0	0	113	150	99	51
PCT9256	ED	474	128	0	0	57	71	40	31
PCT9256	MV	474	233	0	0	95	138	88	50
PCT9257	MV	321	235	0	0	85	150	69	81
PCT9258	ED	712	192	0	0	82	110	65	45
PCT9258	MV	712	373	0	0	167	206	126	80
PCT9401	ED	1012	293	0	0	121	172	93	79
PCT9401	MV	1012	483	0	0	180	303	167	136
PCT9402	ED	977	288	0	0	124	164	80	84
PCT9402	MV	977	458	0	0	186	272	158	114
PCT9403	ED	897	239	0	0	91	148	69	79
PCT9403	MV	897	419	0	0	165	254	161	93
PCT9404	ED	930	200	0	0	82	118	61	57
PCT9404	MV	930	462	0	0	194	268	160	108
PCT9405	ED	786	210	0	0	84	126	78	48
PCT9405	MV	786	364	0	0	155	209	129	80
PCT9406	ED	868	244	0	0	88	156	83	73
PCT9406	MV	868	421	0	0	183	238	147	91
PCT9407	ED	889	253	0	0	104	149	90	59
PCT9407	MV	889	409	0	0	163	246	153	93
PCT9408	ED	886	265	0	0	91	174	87	87
PCT9408	MV	886	415	0	0	158	257	131	126
PCT9409	ED	590	201	0	0	71	130	56	74
PCT9409	MV	590	252	0	0	108	144	73	71
PCT9411	ED	956	270	0	1	98	171	79	92
PCT9411	MV	956	430	0	0	142	288	151	137
PCT9412	ED	848	245	0	0	116	129	69	60
PCT9412	MV	848	380	0	0	169	211	118	93
PCT9413	ED	894	229	0	0	95	134	76	58
PCT9413	MV	894	461	0	0	240	221	131	90
PCT9414	ED	916	216	0	0	98	118	70	48
PCT9414	MV	916	463	0	0	187	276	178	98
PCT9415	ED	784	187	0	0	80	107	61	46
PCT9415	MV	784	391	0	1	173	217	140	77
PCT9416	ED	1008	280	1	0	122	157	91	66
PCT9416	MV	1008	480	1	0	226	253	143	110
PCT9417	ED	752	175	0	0	66	109	65	44
PCT9417	MV	752	402	0	0	184	218	137	81
PCT9418	ED	790	211	0	0	94	117	64	53
PCT9418	MV	790	376	0	0	186	190	138	52
PCT9419	ED	924	222	0	0	103	119	77	42
PCT9419	MV	924	468	0	0	223	245	153	92
PCT9421	ED	906	237	0	0	127	110	64	46
PCT9421	MV	906	446	0	0	233	213	127	86
PCT9422	ED	1056	283	0	0	119	164	94	70
PCT9422	MV	1056	513	0	0	213	300	199	101
PCT9423	ED	889	219	0	0	101	118	67	51
PCT9423	MV	889	440	0	0	195	245	141	104
PCT9424	ED	952	224	0	0	83	141	80	61
PCT9424	MV	952	496	0	0	209	287	190	97
PCT9425	ED	933	199	0	0	90	109	58	51
PCT9425	MV	933	465	0	0	200	265	194	71
PCT9426	ED	823	198	0	0	89	109	63	46
PCT9426	MV	823	408	0	1	177	230	152	78
PCT9427	ED	948	210	0	0	107	103	72	31
PCT9427	MV	948	447	0	0	210	237	152	85
PCT9428	ED	961	183	0	0	85	98	59	39
PCT9428	MV	961	518	0	0	213	305	190	115
PCT9429	ED	899	228	1	0	88	139	78	61
PCT9429	MV	899	432	0	0	178	254	163	91
PCT9431	ED	973	235	0	0	96	139	81	58
PCT9431	MV	973	464	0	0	178	286	212	74
PCT9432	ED	945	214	0	0	98	116	64	52
PCT9432	MV	945	468	0	0	217	251	179	72
PCT9433	ED	945	195	0	0	86	109	67	42
PCT9433	MV	945	487	0	0	236	251	166	85
PCT9434	ED	979	260	0	0	118	142	74	68
PCT9434	MV	979	481	1	0	205	275	173	102
PCT9435	ED	969	251	0	0	108	143	77	66
PCT9435	MV	969	448	0	0	211	237	158	79
PCT9436	ED	1006	231	0	0	102	129	83	46
PCT9436	MV	1006	495	0	1	203	291	193	98
PCT9437	ED	897	219	0	0	88	131	69	62
PCT9437	MV	897	435	0	0	192	243	166	77
PCT9438	ED	948	202	0	0	92	110	59	51
PCT9438	MV	948	496	0	0	200	296	205	91
PCT9439	ED	879	173	0	0	67	106	60	46
PCT9439	MV	879	425	0	0	188	237	154	83
PCT9441	ED	980	261	0	0	110	151	75	76
PCT9441	MV	980	462	0	0	198	264	159	105
PCT9442	ED	1008	280	0	0	101	179	119	60
PCT9442	MV	1008	461	0	1	190	270	174	96
PCT9443	ED	937	219	1	0	87	131	87	44
PCT9443	MV	937	442	0	0	166	276	177	99
PCT9444	ED	937	190	1	0	87	102	65	37
PCT9444	MV	937	442	0	0	182	260	162	98
PCT9445	ED	981	230	0	0	92	138	81	57
PCT9445	MV	981	493	0	0	213	280	194	86
PCT9446	ED	1090	240	0	0	115	125	76	49
PCT9446	MV	1090	564	0	0	236	328	217	111
PCT9447	ED	906	236	0	0	97	139	87	52
PCT9447	MV	906	448	0	0	213	235	155	80
PCT9448	ED	909	232	0	0	78	154	88	66
PCT9448	MV	909	429	0	0	181	248	136	112
PCT9449	ED	830	177	2	0	86	89	47	42
PCT9449	MV	830	428	0	0	188	240	155	85
PCT9451	ED	420	97	0	0	38	59	43	16
PCT9451	MV	420	218	0	0	96	122	91	31
PCT9452	ED	840	259	0	0	110	149	86	63
PCT9452	MV	840	412	0	0	206	206	128	78
PCT9453	ED	500	135	0	0	58	77	57	20
PCT9453	MV	500	242	0	0	112	130	93	37
PCT9501	MV	148	110	0	0	40	70	49	21
PCT9502	MV	245	177	0	0	73	104	58	46
PCT9503	ED	729	198	0	0	78	120	80	40
PCT9503	MV	729	315	0	0	113	202	140	62
PCT9505	ED	784	176	0	0	70	106	66	40
PCT9505	MV	784	383	0	0	143	240	148	92
PCT9506	ED	766	177	0	0	60	117	72	45
PCT9506	MV	766	312	0	1	112	199	109	90
PCT9507	ED	766	231	0	0	89	142	79	63
PCT9507	MV	766	406	0	0	160	246	146	100
PCT9508	ED	798	237	0	0	99	138	72	66
PCT9508	MV	798	429	0	0	160	269	141	128
PCT9509	ED	759	229	0	0	94	135	71	64
PCT9509	MV	759	386	0	0	160	226	125	101
PCT9511	ED	622	190	0	0	72	118	45	73
PCT9511	MV	622	296	0	0	129	167	74	93
PCT9512	ED	809	240	0	0	83	157	90	67
PCT9512	MV	809	399	0	0	160	239	141	98
PCT9513	ED	902	275	0	1	108	166	77	89
PCT9513	MV	902	390	0	0	141	249	126	123
PCT9514	ED	928	304	0	0	127	177	93	84
PCT9514	MV	928	456	0	1	191	264	148	116
PCT9515	ED	705	222	0	0	82	140	80	60
PCT9515	MV	705	368	0	0	157	211	111	100
PCT9516	ED	866	254	0	0	100	154	88	66
PCT9516	MV	866	427	0	1	182	244	143	101
PCT9517	ED	801	226	0	0	93	133	70	63
PCT9517	MV	801	397	0	0	139	258	139	119
PCT9518	ED	802	229	0	1	75	153	83	70
PCT9518	MV	802	431	0	0	154	277	167	110
PCT9519	ED	910	261	0	0	101	160	85	75
PCT9519	MV	910	486	0	0	189	297	144	153
PCT9521	ED	939	315	0	0	125	190	102	88
PCT9521	MV	939	442	0	0	176	266	155	111
PCT9701	ED	671	200	0	0	85	115	66	49
PCT9701	MV	671	339	0	0	158	181	107	74
PCT9702	ED	723	209	0	0	82	127	71	56
PCT9702	MV	723	364	0	0	143	221	126	95
PCT9703	ED	986	232	0	0	89	143	98	45
PCT9703	MV	986	529	0	0	248	281	179	102
PCT9704	ED	950	279	0	0	106	173	107	66
PCT9704	MV	950	504	0	1	226	277	169	108
PCT9705	ED	919	260	3	0	112	145	84	61
PCT9705	MV	919	483	0	0	193	290	169	121
PCT9706	MV	49	39	0	0	23	16	13	3
PCT9707	ED	821	172	0	0	87	85	57	28
PCT9707	MV	821	491	0	0	225	266	185	81
PCT9708	ED	948	248	0	0	102	146	87	59
PCT9708	MV	948	500	0	0	223	277	166	111
PCT9709	ED	1028	281	7	0	126	148	94	54
PCT9709	MV	1028	517	0	0	238	279	192	87
PCT9711	ED	641	195	0	0	88	107	66	41
PCT9711	MV	641	336	0	0	152	184	122	62
PCT9712	ED	649	160	0	0	66	94	74	20
PCT9712	MV	649	398	1	0	177	220	178	42
PCT9713	ED	960	225	1	0	98	126	80	46
PCT9713	MV	960	489	0	0	240	249	175	74
PCT9714	ED	931	207	1	0	82	124	75	49
PCT9714	MV	931	538	0	0	240	298	211	87
PCT9715	ED	569	180	0	0	68	112	78	34
PCT9715	MV	569	309	0	1	134	174	130	44
PCT9716	ED	947	238	0	0	102	136	78	58
PCT9716	MV	947	481	0	0	217	264	175	89
PCT9717	ED	972	265	0	0	106	159	108	51
PCT9717	MV	972	532	0	0	246	286	193	93
PCT9718	ED	862	227	0	0	84	143	101	42
PCT9718	MV	862	496	0	0	184	312	219	93
PCT9719	ED	901	245	0	0	102	143	94	49
PCT9719	MV	901	524	2	0	256	266	183	83
PCT9721	ED	662	198	0	0	64	134	96	38
PCT9721	MV	662	357	0	0	152	205	137	68
PCT9722	ED	605	119	1	0	48	70	52	18
PCT9722	MV	605	355	0	0	139	216	169	47
PCT9723	ED	481	98	0	0	43	55	36	19
PCT9723	MV	481	275	0	0	128	147	98	49
PCT9724	ED	991	205	0	0	91	114	73	41
PCT9724	MV	991	565	0	0	268	297	236	61
PCT9725	ED	970	213	0	0	88	125	77	48
PCT9725	MV	970	499	0	0	240	259	187	72
PCT9726	ED	655	262	0	0	80	182	92	90
PCT9726	MV	655	241	0	0	100	141	83	58
PCT9727	ED	459	79	0	0	31	48	31	17
PCT9727	MV	459	271	0	0	109	162	120	42
PCT9728	ED	926	230	0	0	95	135	91	44
PCT9728	MV	926	503	0	0	196	307	223	84
PCT9729	ED	800	191	0	0	83	108	79	29
PCT9729	MV	800	442	0	0	191	251	204	47
PCT9731	ED	556	167	0	0	70	97	72	25
PCT9731	MV	556	282	0	0	122	160	119	41
PCT9732	MV	70	56	0	0	23	33	21	12
PCT9733	MV	235	191	0	0	67	124	77	47
PCT9734	ED	603	154	0	0	61	93	77	16
PCT9734	MV	603	341	0	0	143	198	153	45
PCT9735	ED	809	206	0	0	92	114	76	38
PCT9735	MV	809	449	0	0	182	267	206	61
PCT9736	ED	713	173	0	0	63	110	76	34
PCT9736	MV	713	410	0	0	171	239	175	64
PCT9737	ED	818	208	0	0	79	129	84	45
PCT9737	MV	818	476	0	0	196	280	170	110
PCT9738	ED	848	185	0	0	72	113	59	54
PCT9738	MV	848	404	0	0	144	260	179	81
PCT9739	ED	828	220	0	0	53	167	90	77
PCT9739	MV	828	335	0	0	106	229	132	97
PCT9741	ED	552	227	0	0	73	154	72	82
PCT9741	MV	552	105	0	0	34	71	38	33
PCT9742	ED	677	180	4	0	77	99	77	22
PCT9742	MV	677	289	0	0	120	169	126	43
PCT9743	ED	1163	310	0	1	95	214	111	103
PCT9743	MV	1163	501	0	0	187	314	223	91
PCT9744	ED	911	244	1	0	91	152	94	58
PCT9744	MV	911	390	0	0	152	238	143	95
PCT9745	ED	991	281	0	0	111	170	88	82
PCT9745	MV	991	346	0	0	106	240	147	93
PCT9746	ED	884	231	0	0	81	150	107	43
PCT9746	MV	884	451	0	1	188	262	177	85
PCT9747	ED	973	246	0	0	84	162	105	57
PCT9747	MV	973	470	0	0	200	270	171	99
PCT9748	ED	931	229	0	0	78	151	103	48
PCT9748	MV	931	475	1	0	189	285	188	97
PCT9749	ED	913	224	2	0	76	146	71	75
PCT9749	MV	913	384	0	0	137	247	150	97
PCT9751	ED	1016	253	0	0	94	159	96	63
PCT9751	MV	1016	522	0	0	194	328	217	111
PCT9752	ED	710	175	3	0	65	107	67	40
PCT9752	MV	710	392	0	0	163	229	156	73
PCT9753	ED	756	186	0	0	69	117	72	45
PCT9753	MV	756	387	0	0	163	224	144	80
PCT9754	ED	707	47	0	0	18	29	20	9
PCT9754	MV	707	377	0	0	150	227	142	85
PCT9755	ED	582	171	0	0	62	109	64	45
PCT9755	MV	582	284	2	0	105	177	106	71
PCT9756	ED	941	185	0	0	67	118	87	31
PCT9756	MV	941	477	0	0	192	285	192	93
PCT9801	ED	408	104	0	0	33	71	40	31
PCT9801	MV	408	181	0	0	64	117	79	38
CONG12	TO	443570	332140	87	82	135102	196869	121588	75281
CONG14	TO	56946	40321	19	8	15529	24765	15985	8780
ASSM17	TO	291063	214584	62	55	84416	130051	79337	50714
ASSM19	TO	209453	157877	44	35	66215	91583	58236	33347
BART7	TO	38460	24701	3	9	9633	15056	9857	5199
BART8	TO	223735	166231	47	33	70642	95509	62046	33463
BART9	TO	238321	181529	56	48	70356	111069	65670	45399
SUPV1	TO	42767	32717	7	6	13505	19199	11574	7625
SUPV2	TO	50394	40340	1	14	18502	21823	15449	6374
SUPV3	TO	39799	28528	2	5	12143	16378	10676	5702
SUPV4	TO	42953	31684	8	5	13592	18079	11052	7027
SUPV5	TO	53744	41997	5	9	16567	25416	14668	10748
SUPV6	TO	43321	29109	2	6	11262	17839	11671	6168
SUPV7	TO	47076	36551	30	6	14975	21540	14191	7349
SUPV8	TO	58122	48580	31	15	19351	29183	17597	11586
SUPV9	TO	42988	31742	10	8	11774	19950	10753	9197
SUPV10	TO	41862	26436	9	9	9982	16436	10233	6203
SUPV11	TO	37490	24777	1	7	8978	15791	9709	6082
NEIG1	TO	19914	11260	1	4	4073	7182	4510	2672
NEIG2	TO	17446	12417	1	4	5527	6885	4588	2297
NEIG3	TO	28644	19019	1	3	7251	11764	7396	4368
NEIG4	TO	7002	5798	3	3	2373	3419	2207	1212
NEIG5	TO	27634	18410	1	7	6536	11866	7417	4449
NEIG6	TO	14982	12227	2	2	4842	7381	4178	3203
NEIG7	TO	12118	7922	2	0	3011	4909	2911	1998
NEIG8	TO	9734	7850	0	4	3179	4667	2642	2025
NEIG9	TO	8390	5906	1	1	2262	3642	2258	1384
NEIG10	TO	10097	8001	0	2	3392	4607	2853	1754
NEIG11	TO	40622	32340	5	9	14853	17473	12375	5098
NEIG12	TO	31129	23270	3	11	8519	14737	7651	7086
NEIG13	TO	16964	14401	3	6	5882	8510	5195	3315
NEIG14	TO	8795	7262	2	1	2841	4418	2351	2067
NEIG15	TO	7019	5227	0	0	2297	2930	1935	995
NEIG26	TO	9293	6101	2	1	2299	3799	2375	1424
NEIG16	TO	16814	13062	3	7	5224	7828	4887	2941
NEIG17	TO	37322	28480	5	5	11803	16667	9994	6673
NEIG18	TO	8050	6586	1	2	2920	3663	2644	1019
NEIG19	TO	9419	7384	6	0	2868	4510	2607	1903
NEIG20	TO	24674	17016	2	1	6720	10293	6821	3472
NEIG21	TO	42363	31231	8	5	13413	17805	10923	6882
NEIG22	TO	18966	16173	12	1	6398	9762	5966	3796
NEIG23	TO	8139	4486	3	1	1684	2798	1853	945
NEIG24	TO	34909	27819	27	5	11602	16185	10927	5258
NEIG25	TO	30077	22813	12	5	8862	13934	8109	5825
