area_id	subtotal_type	RSReg	RSCst	RSRej	RSOvr	RSUnd	RSTot	008:Yes	009:No
ALL	TO	500516	372848	106	130	146150	226462	191112	35350
ALL	ED	500516	127886	80	32	49771	78003	63925	14078
ALL	MV	500516	244962	26	98	96379	148459	127187	21272
PCT1101	ED	553	126	0	0	39	87	69	18
PCT1101	MV	553	266	0	0	94	172	144	28
PCT1102	ED	995	266	0	0	78	188	146	42
PCT1102	MV	995	480	0	0	167	313	229	84
PCT1103	ED	951	246	1	0	90	155	122	33
PCT1103	MV	951	445	0	0	169	276	233	43
PCT1104	ED	993	249	0	0	85	164	103	61
PCT1104	MV	993	414	0	0	136	278	227	51
PCT1106	ED	765	191	0	0	78	113	83	30
PCT1106	MV	765	343	0	1	134	208	162	46
PCT1107	ED	746	163	0	0	61	102	75	27
PCT1107	MV	746	336	0	0	131	205	157	48
PCT1108	ED	909	232	0	0	113	119	97	22
PCT1108	MV	909	438	0	0	170	268	218	50
PCT1109	ED	798	166	0	0	60	106	83	23
PCT1109	MV	798	365	0	0	134	231	199	32
PCT1111	ED	1002	205	0	0	65	140	109	31
PCT1111	MV	1002	460	0	0	176	284	247	37
PCT1112	ED	769	151	0	0	47	104	84	20
PCT1112	MV	769	344	0	0	132	212	168	44
PCT1113	ED	746	135	0	0	59	76	57	19
PCT1113	MV	746	360	0	0	122	238	200	38
PCT1114	ED	957	226	0	0	89	137	110	27
PCT1114	MV	957	404	0	0	136	268	227	41
PCT1115	ED	895	174	0	0	70	104	80	24
PCT1115	MV	895	371	0	0	147	224	164	60
PCT1116	ED	895	225	0	0	92	133	97	36
PCT1116	MV	895	376	0	0	126	250	190	60
PCT1117	ED	858	185	0	0	62	123	83	40
PCT1117	MV	858	357	0	0	130	227	177	50
PCT1118	ED	1043	213	0	0	73	140	95	45
PCT1118	MV	1043	476	0	0	163	313	253	60
PCT1119	ED	791	165	0	0	71	94	66	28
PCT1119	MV	791	386	0	1	138	247	207	40
PCT1121	ED	691	160	0	0	55	105	81	24
PCT1121	MV	691	313	0	0	140	173	145	28
PCT1122	ED	632	110	0	0	40	70	50	20
PCT1122	MV	632	310	0	0	119	191	152	39
PCT1123	ED	915	179	0	0	50	129	91	38
PCT1123	MV	915	364	0	0	138	226	168	58
PCT1124	ED	819	152	0	1	45	106	79	27
PCT1124	MV	819	302	0	0	82	220	185	35
PCT1125	ED	1047	159	0	0	58	101	67	34
PCT1125	MV	1047	466	0	0	143	323	257	66
PCT1126	ED	922	191	0	0	53	138	97	41
PCT1126	MV	922	400	0	1	123	276	230	46
PCT1127	ED	920	200	0	0	67	133	101	32
PCT1127	MV	920	382	0	1	123	258	205	53
PCT1128	ED	838	154	0	0	52	102	74	28
PCT1128	MV	838	362	0	0	120	242	189	53
PCT1129	ED	980	227	0	0	81	146	99	47
PCT1129	MV	980	416	0	0	130	286	217	69
PCT1131	ED	797	132	0	0	46	86	65	21
PCT1131	MV	797	371	0	0	136	235	167	68
PCT1132	ED	969	179	0	0	66	113	89	24
PCT1132	MV	969	427	0	1	152	274	221	53
PCT1133	ED	863	161	0	0	66	95	75	20
PCT1133	MV	863	410	0	0	150	260	218	42
PCT1134	ED	759	170	0	0	53	117	84	33
PCT1134	MV	759	318	0	1	126	191	159	32
PCT1135	ED	540	87	0	0	35	52	37	15
PCT1135	MV	540	295	0	0	115	180	143	37
PCT1136	ED	829	144	0	0	46	98	62	36
PCT1136	MV	829	412	0	0	157	255	194	61
PCT1141	ED	1041	223	0	0	77	146	105	41
PCT1141	MV	1041	484	0	0	142	342	289	53
PCT1142	ED	861	175	0	0	50	125	103	22
PCT1142	MV	861	393	0	0	146	247	207	40
PCT1143	ED	1034	229	0	0	69	160	122	38
PCT1143	MV	1034	440	0	0	140	300	258	42
PCT1144	ED	907	205	0	0	53	152	116	36
PCT1144	MV	907	387	0	0	111	276	205	71
PCT1145	ED	888	189	0	0	70	119	94	25
PCT1145	MV	888	461	0	0	168	293	238	55
PCT1146	ED	1011	186	0	0	62	124	98	26
PCT1146	MV	1011	454	0	0	145	309	263	46
PCT1147	ED	877	210	0	0	79	131	96	35
PCT1147	MV	877	396	0	0	115	281	231	50
PCT1148	ED	962	196	0	0	65	131	101	30
PCT1148	MV	962	444	0	0	143	301	238	63
PCT1149	ED	907	210	0	0	70	140	108	32
PCT1149	MV	907	407	0	0	136	271	213	58
PCT1152	ED	864	198	0	0	66	132	100	32
PCT1152	MV	864	388	0	0	125	263	214	49
PCT1153	ED	951	210	0	1	74	135	103	32
PCT1153	MV	951	415	0	0	149	266	215	51
PCT7001	ED	776	176	2	0	67	107	93	14
PCT7001	MV	776	429	0	0	167	262	242	20
PCT7002	ED	706	176	0	0	70	106	93	13
PCT7002	MV	706	332	0	0	129	203	182	21
PCT7003	ED	884	238	0	0	98	140	127	13
PCT7003	MV	884	498	0	0	216	282	242	40
PCT7004	ED	881	241	1	0	100	140	119	21
PCT7004	MV	881	496	0	1	193	302	273	29
PCT7005	ED	847	253	0	0	105	148	133	15
PCT7005	MV	847	480	0	1	191	288	268	20
PCT7006	ED	917	254	0	0	109	145	120	25
PCT7006	MV	917	442	0	0	137	305	269	36
PCT7007	ED	949	283	0	0	96	187	158	29
PCT7007	MV	949	516	0	0	203	313	272	41
PCT7008	ED	932	264	1	0	100	163	142	21
PCT7008	MV	932	546	1	0	237	308	271	37
PCT7009	ED	905	185	0	0	70	115	97	18
PCT7009	MV	905	513	0	0	177	336	294	42
PCT7011	ED	985	204	0	0	67	137	99	38
PCT7011	MV	985	294	0	0	105	189	155	34
PCT7012	ED	1109	313	0	1	127	185	155	30
PCT7012	MV	1109	594	0	0	219	375	337	38
PCT7013	ED	956	267	0	0	112	155	132	23
PCT7013	MV	956	501	0	0	177	324	285	39
PCT7014	ED	1460	367	0	0	143	224	191	33
PCT7014	MV	1460	802	0	1	293	508	461	47
PCT7015	MV	95	44	0	0	15	29	24	5
PCT7016	ED	918	171	0	0	51	120	93	27
PCT7016	MV	918	280	0	1	91	188	145	43
PCT7017	ED	754	149	0	0	63	86	47	39
PCT7017	MV	754	252	0	0	91	161	109	52
PCT7018	ED	977	155	0	0	60	95	66	29
PCT7018	MV	977	448	0	0	170	278	222	56
PCT7019	ED	899	182	0	0	54	128	88	40
PCT7019	MV	899	413	0	0	157	256	211	45
PCT7021	ED	947	184	0	0	55	129	95	34
PCT7021	MV	947	305	0	0	111	194	164	30
PCT7022	ED	945	215	0	0	78	137	93	44
PCT7022	MV	945	352	0	0	113	239	187	52
PCT7023	ED	928	178	0	0	65	113	82	31
PCT7023	MV	928	400	0	0	145	255	191	64
PCT7024	ED	414	70	0	0	26	44	26	18
PCT7024	MV	414	78	0	0	26	52	38	14
PCT7025	ED	477	85	0	0	32	53	36	17
PCT7025	MV	477	128	0	0	43	85	62	23
PCT7026	ED	1011	149	0	0	55	94	65	29
PCT7026	MV	1011	455	0	0	176	279	227	52
PCT7027	ED	869	195	0	0	76	119	88	31
PCT7027	MV	869	353	0	0	119	234	176	58
PCT7028	ED	850	213	0	0	76	137	107	30
PCT7028	MV	850	282	0	0	91	191	155	36
PCT7029	ED	901	184	0	0	66	118	68	50
PCT7029	MV	901	251	0	0	82	169	117	52
PCT7030	ED	759	119	0	0	44	75	54	21
PCT7030	MV	759	357	0	0	117	240	176	64
PCT7031	ED	641	91	0	0	37	54	35	19
PCT7031	MV	641	309	0	0	95	214	177	37
PCT7032	ED	904	173	1	0	61	111	75	36
PCT7032	MV	904	316	0	0	100	216	171	45
PCT7033	ED	798	191	0	0	65	126	87	39
PCT7033	MV	798	247	0	1	73	173	138	35
PCT7034	ED	958	197	0	0	73	124	72	52
PCT7034	MV	958	201	0	0	74	127	75	52
PCT7035	ED	606	122	0	0	46	76	56	20
PCT7035	MV	606	262	0	0	84	178	136	42
PCT7036	ED	921	117	0	0	30	87	67	20
PCT7036	MV	921	342	0	0	120	222	172	50
PCT7037	ED	735	135	0	0	67	68	44	24
PCT7037	MV	735	98	0	0	32	66	46	20
PCT7038	ED	911	135	0	0	49	86	62	24
PCT7038	MV	911	351	0	0	107	244	181	63
PCT7039	ED	784	178	0	0	59	119	85	34
PCT7039	MV	784	306	0	0	113	193	154	39
PCT7041	MV	61	33	0	0	15	18	15	3
PCT7042	ED	639	118	0	0	36	82	61	21
PCT7042	MV	639	258	0	0	95	163	129	34
PCT7043	ED	957	176	0	0	45	131	101	30
PCT7043	MV	957	404	0	1	157	246	199	47
PCT7044	ED	827	167	0	0	55	112	65	47
PCT7044	MV	827	193	0	1	75	117	73	44
PCT7045	ED	779	120	0	0	58	62	41	21
PCT7045	MV	779	344	0	0	146	198	145	53
PCT7046	ED	402	94	0	0	30	64	51	13
PCT7046	MV	402	175	0	0	65	110	86	24
PCT7047	ED	823	119	0	0	46	73	53	20
PCT7047	MV	823	388	0	0	149	239	191	48
PCT7048	ED	858	150	3	0	52	95	64	31
PCT7048	MV	858	318	0	0	107	211	166	45
PCT7049	ED	792	173	0	0	65	108	82	26
PCT7049	MV	792	305	0	0	118	187	144	43
PCT7051	ED	861	114	0	0	45	69	55	14
PCT7051	MV	861	380	0	0	148	232	160	72
PCT7052	ED	852	161	0	0	55	106	82	24
PCT7052	MV	852	402	0	1	152	249	199	50
PCT7053	ED	548	102	0	0	47	55	39	16
PCT7053	MV	548	278	0	0	106	172	146	26
PCT7054	ED	1073	215	0	0	80	135	85	50
PCT7054	MV	1073	410	0	0	126	284	225	59
PCT7055	ED	808	190	0	0	64	126	111	15
PCT7055	MV	808	440	0	0	162	278	236	42
PCT7101	MV	155	120	1	0	43	76	73	3
PCT7201	ED	936	245	0	0	122	123	106	17
PCT7201	MV	936	518	0	0	229	289	245	44
PCT7202	ED	850	227	0	0	109	118	98	20
PCT7202	MV	850	431	0	0	178	253	219	34
PCT7203	ED	921	291	1	0	121	169	143	26
PCT7203	MV	921	423	0	0	193	230	209	21
PCT7204	ED	918	233	0	0	104	129	107	22
PCT7204	MV	918	531	0	0	224	307	270	37
PCT7205	ED	875	251	0	0	112	139	126	13
PCT7205	MV	875	485	0	0	215	270	234	36
PCT7206	ED	378	135	0	0	52	83	68	15
PCT7206	MV	378	191	0	0	77	114	100	14
PCT7207	ED	812	196	0	0	81	115	99	16
PCT7207	MV	812	434	0	0	180	254	218	36
PCT7208	ED	600	111	0	0	53	58	52	6
PCT7208	MV	600	328	0	0	123	205	186	19
PCT7209	ED	626	107	0	0	48	59	50	9
PCT7209	MV	626	423	0	0	182	241	220	21
PCT7301	ED	1016	228	0	0	85	143	105	38
PCT7301	MV	1016	435	0	0	182	253	210	43
PCT7302	ED	814	188	0	0	82	106	81	25
PCT7302	MV	814	458	0	0	191	267	220	47
PCT7303	ED	1042	281	0	1	120	160	135	25
PCT7303	MV	1042	482	0	0	203	279	252	27
PCT7304	ED	1002	278	0	0	126	152	135	17
PCT7304	MV	1002	493	0	0	216	277	236	41
PCT7305	ED	871	240	0	0	106	134	113	21
PCT7305	MV	871	460	0	0	208	252	213	39
PCT7306	ED	1056	317	0	0	136	181	156	25
PCT7306	MV	1056	498	0	0	238	260	214	46
PCT7307	ED	767	210	0	0	96	114	102	12
PCT7307	MV	767	346	0	1	147	198	164	34
PCT7308	ED	603	177	0	0	72	105	97	8
PCT7308	MV	603	313	0	1	132	180	162	18
PCT7309	ED	884	263	0	0	135	128	109	19
PCT7309	MV	884	439	0	0	179	260	217	43
PCT7311	ED	917	268	0	0	114	154	135	19
PCT7311	MV	917	448	0	0	184	264	239	25
PCT7312	ED	821	203	0	0	83	120	105	15
PCT7312	MV	821	470	0	0	202	268	224	44
PCT7313	ED	968	225	1	0	99	125	105	20
PCT7313	MV	968	485	0	0	204	281	244	37
PCT7314	ED	787	125	0	0	47	78	54	24
PCT7314	MV	787	271	0	0	120	151	129	22
PCT7315	ED	760	220	0	0	96	124	104	20
PCT7315	MV	760	282	0	0	131	151	127	24
PCT7316	ED	853	205	0	0	97	108	86	22
PCT7316	MV	853	367	0	0	158	209	181	28
PCT7317	ED	904	189	0	0	91	98	80	18
PCT7317	MV	904	454	0	0	182	272	237	35
PCT7318	ED	727	179	0	0	82	97	84	13
PCT7318	MV	727	390	0	1	166	223	183	40
PCT7319	ED	1079	301	0	1	118	182	148	34
PCT7319	MV	1079	516	0	0	233	283	246	37
PCT7321	ED	671	149	0	0	73	76	59	17
PCT7321	MV	671	286	0	0	119	167	139	28
PCT7322	ED	874	65	0	0	27	38	30	8
PCT7322	MV	874	337	0	0	172	165	130	35
PCT7323	ED	950	234	0	0	90	144	125	19
PCT7323	MV	950	455	0	0	195	260	226	34
PCT7324	ED	755	190	0	0	93	97	84	13
PCT7324	MV	755	364	0	1	149	214	191	23
PCT7325	ED	904	243	0	0	102	141	117	24
PCT7325	MV	904	436	0	0	207	229	210	19
PCT7326	ED	876	200	0	0	85	115	100	15
PCT7326	MV	876	430	0	0	180	250	219	31
PCT7327	ED	699	71	0	0	26	45	41	4
PCT7327	MV	699	276	0	0	120	156	134	22
PCT7328	ED	973	94	0	0	51	43	33	10
PCT7328	MV	973	394	0	0	171	223	186	37
PCT7329	ED	640	112	0	0	47	65	56	9
PCT7329	MV	640	321	0	0	132	189	147	42
PCT7331	ED	852	213	0	0	90	123	101	22
PCT7331	MV	852	461	0	0	209	252	223	29
PCT7332	ED	834	225	0	0	83	142	118	24
PCT7332	MV	834	364	0	0	130	234	203	31
PCT7333	ED	1044	298	0	0	119	179	152	27
PCT7333	MV	1044	543	0	0	219	324	279	45
PCT7334	ED	881	199	0	0	100	99	82	17
PCT7334	MV	881	462	0	1	200	261	235	26
PCT7335	ED	970	225	0	0	86	139	117	22
PCT7335	MV	970	523	0	0	230	293	253	40
PCT7336	ED	955	238	0	0	110	128	107	21
PCT7336	MV	955	523	0	0	223	300	255	45
PCT7337	ED	851	179	0	0	67	112	94	18
PCT7337	MV	851	464	0	0	179	285	234	51
PCT7338	ED	915	153	0	0	50	103	78	25
PCT7338	MV	915	426	0	0	177	249	208	41
PCT7339	ED	669	174	0	0	57	117	93	24
PCT7339	MV	669	309	0	1	115	193	171	22
PCT7341	ED	908	260	0	0	110	150	116	34
PCT7341	MV	908	401	0	2	152	247	208	39
PCT7342	ED	947	334	0	0	118	216	171	45
PCT7342	MV	947	414	0	0	151	263	230	33
PCT7343	ED	731	234	0	0	86	148	122	26
PCT7343	MV	731	316	0	0	105	211	179	32
PCT7344	ED	1110	291	0	1	106	184	149	35
PCT7344	MV	1110	538	0	0	185	353	286	67
PCT7345	ED	1141	329	1	0	113	215	178	37
PCT7345	MV	1141	521	0	1	196	324	284	40
PCT7346	ED	920	250	0	0	89	161	122	39
PCT7346	MV	920	384	0	0	137	247	203	44
PCT7347	ED	1040	241	0	0	83	158	126	32
PCT7347	MV	1040	480	0	0	158	322	277	45
PCT7348	ED	861	210	0	0	72	138	111	27
PCT7348	MV	861	353	0	0	133	220	176	44
PCT7349	ED	957	248	0	0	86	162	140	22
PCT7349	MV	957	427	0	0	168	259	217	42
PCT7501	ED	565	172	0	0	73	99	86	13
PCT7501	MV	565	308	0	0	149	159	141	18
PCT7502	ED	784	180	1	0	69	110	95	15
PCT7502	MV	784	447	0	0	176	271	229	42
PCT7503	ED	764	208	0	0	86	122	95	27
PCT7503	MV	764	388	0	0	150	238	208	30
PCT7504	ED	503	112	0	0	47	65	54	11
PCT7504	MV	503	222	0	0	76	146	131	15
PCT7505	ED	869	158	0	0	62	96	90	6
PCT7505	MV	869	532	0	0	228	304	280	24
PCT7506	ED	999	226	0	0	80	146	119	27
PCT7506	MV	999	473	0	1	174	298	257	41
PCT7507	ED	955	211	0	0	82	129	91	38
PCT7507	MV	955	344	0	0	129	215	187	28
PCT7508	ED	727	154	0	1	63	90	72	18
PCT7508	MV	727	427	0	0	189	238	200	38
PCT7509	ED	932	235	2	0	80	153	132	21
PCT7509	MV	932	470	1	0	162	307	257	50
PCT7512	ED	612	150	0	0	67	83	64	19
PCT7512	MV	612	283	0	0	108	175	146	29
PCT7513	ED	818	225	0	0	91	134	105	29
PCT7513	MV	818	315	0	0	106	209	166	43
PCT7514	ED	874	140	0	0	48	92	69	23
PCT7514	MV	874	305	0	0	107	198	141	57
PCT7515	ED	869	212	0	0	79	133	97	36
PCT7515	MV	869	389	0	0	157	232	183	49
PCT7516	ED	922	172	0	0	65	107	86	21
PCT7516	MV	922	538	0	0	201	337	286	51
PCT7517	ED	863	289	0	0	99	190	162	28
PCT7517	MV	863	410	0	0	160	250	223	27
PCT7518	ED	950	309	0	0	121	188	164	24
PCT7518	MV	950	480	0	0	184	296	270	26
PCT7519	ED	737	224	0	0	82	142	123	19
PCT7519	MV	737	355	0	0	140	215	191	24
PCT7521	ED	812	292	0	0	122	170	142	28
PCT7521	MV	812	354	0	0	159	195	183	12
PCT7522	ED	764	207	0	0	82	125	104	21
PCT7522	MV	764	397	0	0	149	248	224	24
PCT7523	ED	747	275	0	0	97	178	154	24
PCT7523	MV	747	359	0	0	127	232	217	15
PCT7524	ED	615	181	0	0	71	110	92	18
PCT7524	MV	615	262	0	0	89	173	150	23
PCT7525	ED	800	205	0	0	76	129	104	25
PCT7525	MV	800	341	0	0	130	211	177	34
PCT7526	ED	1011	292	0	0	107	185	169	16
PCT7526	MV	1011	552	0	0	229	323	295	28
PCT7527	ED	725	211	0	0	70	141	116	25
PCT7527	MV	725	339	0	0	129	210	188	22
PCT7529	ED	948	295	0	0	119	176	158	18
PCT7529	MV	948	486	0	0	162	324	299	25
PCT7531	ED	865	228	0	0	75	153	134	19
PCT7531	MV	865	442	0	0	162	280	266	14
PCT7532	ED	852	246	0	0	101	145	111	34
PCT7532	MV	852	398	0	0	162	236	217	19
PCT7533	ED	1015	357	0	0	110	247	216	31
PCT7533	MV	1015	490	0	0	187	303	274	29
PCT7534	ED	936	322	0	1	142	179	159	20
PCT7534	MV	936	415	0	1	158	256	232	24
PCT7535	ED	767	262	0	0	85	177	159	18
PCT7535	MV	767	387	0	0	147	240	218	22
PCT7536	ED	863	291	0	0	100	191	163	28
PCT7536	MV	863	421	0	0	175	246	229	17
PCT7537	ED	752	240	0	0	98	142	126	16
PCT7537	MV	752	363	0	0	133	230	214	16
PCT7538	ED	771	246	0	0	89	157	144	13
PCT7538	MV	771	400	0	0	145	255	237	18
PCT7539	ED	922	330	0	0	130	200	172	28
PCT7539	MV	922	428	0	0	153	275	249	26
PCT7541	ED	805	248	0	0	98	150	133	17
PCT7541	MV	805	400	0	0	143	257	236	21
PCT7542	ED	821	272	0	0	86	186	159	27
PCT7542	MV	821	389	0	1	135	253	230	23
PCT7543	ED	909	216	0	0	85	131	108	23
PCT7543	MV	909	467	0	0	169	298	265	33
PCT7544	ED	898	258	0	0	103	155	130	25
PCT7544	MV	898	479	0	0	168	311	293	18
PCT7545	ED	918	273	0	0	97	176	152	24
PCT7545	MV	918	480	0	0	193	287	247	40
PCT7546	ED	982	304	0	0	119	185	152	33
PCT7546	MV	982	517	0	0	182	335	306	29
PCT7547	ED	1029	315	0	0	126	189	163	26
PCT7547	MV	1029	505	0	0	186	319	297	22
PCT7548	ED	1073	319	1	0	121	197	172	25
PCT7548	MV	1073	512	0	0	177	335	306	29
PCT7549	ED	811	215	0	0	91	124	106	18
PCT7549	MV	811	431	0	0	180	251	228	23
PCT7551	ED	741	239	0	0	86	153	134	19
PCT7551	MV	741	394	0	0	127	267	243	24
PCT7552	ED	727	241	0	0	95	146	129	17
PCT7552	MV	727	361	0	0	153	208	195	13
PCT7553	MV	180	126	0	0	38	88	85	3
PCT7554	ED	808	247	0	0	97	150	135	15
PCT7554	MV	808	442	0	0	199	243	227	16
PCT7555	ED	886	290	0	0	102	188	169	19
PCT7555	MV	886	459	0	0	195	264	243	21
PCT7556	ED	969	275	0	0	123	152	138	14
PCT7556	MV	969	573	0	0	213	360	333	27
PCT7601	ED	767	191	0	0	64	127	97	30
PCT7601	MV	767	290	0	0	92	198	171	27
PCT7602	ED	901	213	0	0	75	138	104	34
PCT7602	MV	901	379	0	1	122	256	205	51
PCT7603	ED	830	250	0	0	74	176	143	33
PCT7603	MV	830	376	0	0	135	241	203	38
PCT7604	ED	954	266	0	0	102	164	123	41
PCT7604	MV	954	352	0	0	101	251	212	39
PCT7605	ED	648	120	0	0	55	65	51	14
PCT7605	MV	648	203	0	0	68	135	108	27
PCT7606	ED	924	205	0	0	77	128	100	28
PCT7606	MV	924	330	0	0	111	219	183	36
PCT7607	ED	960	215	0	1	86	128	94	34
PCT7607	MV	960	407	0	0	126	281	235	46
PCT7608	ED	392	70	0	0	28	42	27	15
PCT7608	MV	392	136	0	0	55	81	71	10
PCT7609	ED	926	120	0	1	40	79	46	33
PCT7609	MV	926	352	0	0	130	222	175	47
PCT7611	ED	755	126	0	0	43	83	57	26
PCT7611	MV	755	269	0	0	98	171	114	57
PCT7612	ED	583	97	0	0	37	60	43	17
PCT7612	MV	583	265	0	0	100	165	141	24
PCT7613	ED	908	204	0	0	73	131	100	31
PCT7613	MV	908	340	0	0	109	231	177	54
PCT7614	ED	1029	223	0	0	83	140	109	31
PCT7614	MV	1029	375	0	0	106	269	218	51
PCT7615	ED	762	162	0	0	57	105	72	33
PCT7615	MV	762	237	0	0	90	147	115	32
PCT7616	ED	1203	324	0	0	151	173	146	27
PCT7616	MV	1203	686	0	0	241	445	385	60
PCT7617	ED	768	102	0	0	44	58	44	14
PCT7617	MV	768	261	0	0	91	170	128	42
PCT7618	ED	862	168	0	0	71	97	79	18
PCT7618	MV	862	407	0	0	145	262	228	34
PCT7619	ED	1063	219	0	0	75	144	115	29
PCT7619	MV	1063	563	0	0	216	347	296	51
PCT7621	ED	1320	287	0	0	98	189	152	37
PCT7621	MV	1320	668	0	0	233	435	376	59
PCT7622	ED	988	170	0	0	52	118	94	24
PCT7622	MV	988	301	0	0	95	206	168	38
PCT7623	ED	746	184	0	0	71	113	87	26
PCT7623	MV	746	297	0	1	86	210	166	44
PCT7624	ED	859	142	0	0	38	104	84	20
PCT7624	MV	859	290	0	0	76	214	182	32
PCT7625	ED	822	66	0	0	24	42	33	9
PCT7625	MV	822	475	0	0	199	276	246	30
PCT7626	ED	1114	227	0	0	88	139	122	17
PCT7626	MV	1114	612	0	0	241	371	338	33
PCT7627	ED	1187	267	0	0	112	155	132	23
PCT7627	MV	1187	582	0	0	236	346	293	53
PCT7628	ED	960	241	0	0	91	150	126	24
PCT7628	MV	960	428	0	0	149	279	249	30
PCT7629	ED	809	208	0	0	73	135	112	23
PCT7629	MV	809	343	0	0	120	223	198	25
PCT7631	ED	1155	270	0	0	113	157	122	35
PCT7631	MV	1155	577	0	0	218	359	303	56
PCT7632	ED	1124	289	0	1	124	164	143	21
PCT7632	MV	1124	561	0	0	185	376	330	46
PCT7633	ED	741	137	0	0	43	94	80	14
PCT7633	MV	741	392	0	0	161	231	204	27
PCT7634	ED	900	195	0	0	75	120	85	35
PCT7634	MV	900	421	0	0	154	267	232	35
PCT7635	ED	840	158	0	0	60	98	81	17
PCT7635	MV	840	382	0	0	132	250	205	45
PCT7636	ED	938	251	0	0	109	142	121	21
PCT7636	MV	938	465	0	0	181	284	245	39
PCT7637	ED	809	193	0	0	88	105	89	16
PCT7637	MV	809	404	0	0	158	246	215	31
PCT7638	ED	1467	295	0	0	124	171	140	31
PCT7638	MV	1467	871	1	0	374	496	441	55
PCT7639	ED	1011	242	0	0	113	129	105	24
PCT7639	MV	1011	559	0	1	222	336	308	28
PCT7641	ED	972	205	0	0	88	117	90	27
PCT7641	MV	972	549	0	1	229	319	266	53
PCT7642	ED	937	153	0	0	58	95	81	14
PCT7642	MV	937	394	0	0	188	206	163	43
PCT7643	ED	920	169	0	0	79	90	67	23
PCT7643	MV	920	507	0	1	169	337	296	41
PCT7644	ED	1175	330	0	0	122	208	160	48
PCT7644	MV	1175	554	0	0	199	355	317	38
PCT7645	ED	640	120	0	0	44	76	61	15
PCT7645	MV	640	377	0	0	171	206	170	36
PCT7646	ED	1100	267	0	0	115	152	134	18
PCT7646	MV	1100	592	0	0	236	356	318	38
PCT7647	ED	1075	205	0	0	66	139	99	40
PCT7647	MV	1075	283	0	0	80	203	158	45
PCT7648	MV	1	0	0	0	0	0	0	0
PCT7649	ED	891	178	0	0	70	108	82	26
PCT7649	MV	891	395	0	0	120	275	228	47
PCT7651	ED	677	166	1	0	76	89	78	11
PCT7651	MV	677	351	0	0	130	221	189	32
PCT7652	ED	628	135	0	0	50	85	70	15
PCT7652	MV	628	301	0	0	122	179	159	20
PCT7653	ED	1280	300	0	0	128	172	149	23
PCT7653	MV	1280	673	0	0	291	382	347	35
PCT7701	ED	1064	296	0	0	112	184	152	32
PCT7701	MV	1064	597	0	0	251	346	307	39
PCT7702	ED	748	180	0	0	72	108	94	14
PCT7702	MV	748	415	0	0	175	240	211	29
PCT7703	MV	171	79	0	1	32	46	37	9
PCT7704	ED	1008	257	0	0	103	154	125	29
PCT7704	MV	1008	557	0	0	221	336	296	40
PCT7705	ED	568	149	0	0	60	89	78	11
PCT7705	MV	568	335	0	0	134	201	166	35
PCT7706	ED	840	252	0	1	99	152	129	23
PCT7706	MV	840	467	0	0	199	268	220	48
PCT7707	ED	857	241	1	0	76	164	128	36
PCT7707	MV	857	495	0	0	222	273	241	32
PCT7708	ED	871	205	0	0	85	120	97	23
PCT7708	MV	871	540	0	0	201	339	284	55
PCT7709	ED	391	102	0	0	29	73	64	9
PCT7709	MV	391	222	0	0	83	139	117	22
PCT7711	ED	766	198	0	0	87	111	98	13
PCT7711	MV	766	422	0	0	172	250	222	28
PCT7712	ED	529	149	0	0	54	95	73	22
PCT7712	MV	529	296	0	0	109	187	162	25
PCT7801	ED	1001	264	1	0	114	149	135	14
PCT7801	MV	1001	596	0	0	243	353	316	37
PCT7802	ED	788	230	0	0	90	140	126	14
PCT7802	MV	788	458	0	0	204	254	225	29
PCT7803	ED	828	174	0	0	74	100	89	11
PCT7803	MV	828	552	0	0	211	341	309	32
PCT7804	ED	893	257	0	0	100	157	142	15
PCT7804	MV	893	533	0	1	212	320	295	25
PCT7805	ED	825	228	0	0	77	151	128	23
PCT7805	MV	825	484	0	0	180	304	276	28
PCT7806	ED	716	208	2	0	69	137	123	14
PCT7806	MV	716	407	0	0	141	266	247	19
PCT7807	ED	844	276	0	1	85	190	166	24
PCT7807	MV	844	417	0	0	159	258	232	26
PCT7808	ED	655	211	0	0	75	136	122	14
PCT7808	MV	655	333	0	0	129	204	189	15
PCT7809	ED	781	238	0	0	97	141	117	24
PCT7809	MV	781	405	0	0	139	266	233	33
PCT7811	ED	783	249	0	0	80	169	146	23
PCT7811	MV	783	404	0	1	142	261	237	24
PCT7812	ED	877	257	0	0	100	157	132	25
PCT7812	MV	877	454	0	1	176	277	254	23
PCT7813	ED	1064	308	1	0	116	191	164	27
PCT7813	MV	1064	585	0	0	219	366	329	37
PCT7814	ED	936	228	0	0	76	152	125	27
PCT7814	MV	936	341	0	1	111	229	195	34
PCT7815	ED	954	238	0	0	99	139	129	10
PCT7815	MV	954	573	0	0	224	349	318	31
PCT7816	ED	865	236	0	0	103	133	119	14
PCT7816	MV	865	531	1	1	198	331	300	31
PCT7817	ED	823	277	0	0	100	177	146	31
PCT7817	MV	823	439	0	0	144	295	276	19
PCT7818	ED	860	234	0	0	93	141	123	18
PCT7818	MV	860	452	2	0	186	264	240	24
PCT7819	ED	793	191	0	0	71	120	96	24
PCT7819	MV	793	420	0	0	163	257	226	31
PCT7821	ED	985	248	0	0	83	165	150	15
PCT7821	MV	985	630	0	0	229	401	370	31
PCT7822	ED	908	275	0	0	98	177	145	32
PCT7822	MV	908	480	0	0	172	308	271	37
PCT7823	ED	879	270	6	0	91	173	151	22
PCT7823	MV	879	501	0	1	183	317	295	22
PCT7824	ED	768	247	0	0	95	152	137	15
PCT7824	MV	768	383	0	0	162	221	201	20
PCT7825	ED	597	191	0	0	77	114	93	21
PCT7825	MV	597	302	0	0	106	196	177	19
PCT7826	ED	684	258	0	0	93	165	147	18
PCT7826	MV	684	319	0	0	123	196	182	14
PCT7827	ED	831	261	0	0	87	174	151	23
PCT7827	MV	831	361	0	0	133	228	198	30
PCT7828	ED	1018	261	0	0	95	166	146	20
PCT7828	MV	1018	549	0	0	209	340	308	32
PCT7829	ED	907	237	1	0	83	153	137	16
PCT7829	MV	907	557	0	1	224	332	283	49
PCT7831	ED	882	233	0	0	84	149	137	12
PCT7831	MV	882	544	0	0	226	318	289	29
PCT7832	ED	780	188	0	0	57	131	117	14
PCT7832	MV	780	488	0	0	187	301	275	26
PCT7833	ED	747	230	0	0	96	134	117	17
PCT7833	MV	747	412	0	0	174	238	216	22
PCT7834	ED	867	277	0	0	104	173	154	19
PCT7834	MV	867	439	0	1	156	282	267	15
PCT7835	ED	847	211	0	0	77	134	105	29
PCT7835	MV	847	505	1	0	176	328	281	47
PCT7836	ED	1023	260	0	0	94	166	137	29
PCT7836	MV	1023	623	0	0	229	394	336	58
PCT7837	ED	911	260	0	0	109	151	133	18
PCT7837	MV	911	509	2	1	212	294	271	23
PCT7838	ED	926	239	0	0	82	157	130	27
PCT7838	MV	926	546	0	0	239	307	273	34
PCT7839	ED	842	205	0	0	84	121	112	9
PCT7839	MV	842	515	0	1	207	307	273	34
PCT7841	ED	937	291	0	0	127	164	148	16
PCT7841	MV	937	526	0	0	211	315	284	31
PCT7842	ED	903	283	0	0	100	183	159	24
PCT7842	MV	903	434	0	0	175	259	232	27
PCT7843	ED	767	232	0	0	81	151	127	24
PCT7843	MV	767	380	0	0	152	228	207	21
PCT7844	ED	663	196	0	0	72	124	106	18
PCT7844	MV	663	329	0	0	121	208	190	18
PCT7845	ED	849	241	0	0	97	144	122	22
PCT7845	MV	849	469	0	0	189	280	254	26
PCT7846	ED	904	262	0	0	111	151	130	21
PCT7846	MV	904	509	0	1	213	295	268	27
PCT7847	ED	929	261	0	0	100	161	135	26
PCT7847	MV	929	529	0	0	214	315	282	33
PCT7848	ED	834	233	0	0	95	138	121	17
PCT7848	MV	834	491	0	1	208	282	259	23
PCT7849	ED	929	264	0	0	120	144	126	18
PCT7849	MV	929	522	0	1	201	320	302	18
PCT7851	ED	513	136	0	0	70	66	61	5
PCT7851	MV	513	298	0	0	130	168	157	11
PCT7852	ED	647	143	0	0	59	84	66	18
PCT7852	MV	647	394	0	0	163	231	204	27
PCT7853	ED	850	214	0	0	68	146	121	25
PCT7853	MV	850	479	0	0	185	294	259	35
PCT7854	ED	894	248	0	0	102	146	129	17
PCT7854	MV	894	500	0	0	201	299	263	36
PCT7855	ED	986	301	0	0	119	182	159	23
PCT7855	MV	986	522	0	0	205	317	285	32
PCT7856	ED	800	265	0	0	94	171	151	20
PCT7856	MV	800	425	0	0	148	277	250	27
PCT7857	ED	933	276	0	0	113	163	139	24
PCT7857	MV	933	517	0	1	209	307	279	28
PCT7858	ED	775	245	0	0	88	157	139	18
PCT7858	MV	775	394	0	0	126	268	248	20
PCT7859	ED	891	250	0	0	101	149	135	14
PCT7859	MV	891	513	0	0	203	310	274	36
PCT7861	ED	859	217	0	0	90	127	115	12
PCT7861	MV	859	510	0	2	201	307	268	39
PCT7862	ED	866	302	0	0	113	189	166	23
PCT7862	MV	866	472	0	0	178	294	265	29
PCT7863	ED	907	311	0	1	116	194	170	24
PCT7863	MV	907	440	0	0	153	287	255	32
PCT7864	ED	807	232	0	0	86	146	130	16
PCT7864	MV	807	427	0	0	162	265	247	18
PCT7865	ED	823	241	0	0	84	157	138	19
PCT7865	MV	823	463	0	0	184	279	251	28
PCT7866	ED	836	209	0	0	76	133	110	23
PCT7866	MV	836	491	0	0	206	285	250	35
PCT7867	ED	955	266	0	1	110	155	133	22
PCT7867	MV	955	512	0	0	199	313	277	36
PCT7868	ED	881	242	0	0	89	153	124	29
PCT7868	MV	881	449	1	0	167	281	244	37
PCT7869	ED	867	239	0	0	94	145	129	16
PCT7869	MV	867	489	0	0	217	272	249	23
PCT7871	ED	900	259	0	0	107	152	135	17
PCT7871	MV	900	502	2	1	198	301	274	27
PCT7872	ED	862	288	0	0	110	178	152	26
PCT7872	MV	862	472	0	0	198	274	247	27
PCT7873	ED	861	257	0	0	83	174	153	21
PCT7873	MV	861	502	0	0	209	293	266	27
PCT7874	ED	477	137	0	0	48	89	72	17
PCT7874	MV	477	256	1	0	101	154	133	21
PCT7875	ED	623	180	0	0	61	119	97	22
PCT7875	MV	623	285	0	0	117	168	141	27
PCT7876	ED	498	154	10	0	61	83	73	10
PCT7876	MV	498	269	0	0	96	173	163	10
PCT7901	ED	522	136	0	0	58	78	66	12
PCT7901	MV	522	198	0	0	68	130	109	21
PCT7902	ED	968	258	0	0	83	175	140	35
PCT7902	MV	968	401	0	1	136	264	236	28
PCT7903	ED	840	201	0	0	80	121	99	22
PCT7903	MV	840	350	0	0	114	236	191	45
PCT7904	ED	877	212	0	0	73	139	119	20
PCT7904	MV	877	403	0	0	141	262	223	39
PCT7905	ED	851	254	0	0	102	152	132	20
PCT7905	MV	851	409	1	1	148	259	228	31
PCT7906	ED	787	245	0	0	105	140	118	22
PCT7906	MV	787	335	0	0	116	219	195	24
PCT7907	ED	950	278	0	1	95	182	154	28
PCT7907	MV	950	425	0	1	143	281	248	33
PCT7908	ED	949	284	0	0	114	170	136	34
PCT7908	MV	949	408	0	0	144	264	234	30
PCT7909	ED	733	251	0	0	78	173	150	23
PCT7909	MV	733	303	0	0	103	200	192	8
PCT7911	ED	860	244	0	0	81	163	128	35
PCT7911	MV	860	395	0	0	141	254	209	45
PCT7912	ED	1065	291	0	0	108	183	156	27
PCT7912	MV	1065	463	0	0	159	304	274	30
PCT7913	ED	913	312	0	0	95	217	177	40
PCT7913	MV	913	378	0	1	112	265	238	27
PCT7914	ED	883	278	0	0	112	166	138	28
PCT7914	MV	883	425	0	0	160	265	231	34
PCT7915	ED	831	266	0	0	86	180	149	31
PCT7915	MV	831	351	0	0	109	242	202	40
PCT7916	ED	888	284	0	1	111	172	137	35
PCT7916	MV	888	421	0	0	143	278	241	37
PCT7917	ED	1015	315	0	0	116	199	166	33
PCT7917	MV	1015	428	0	2	132	294	269	25
PCT7918	ED	836	253	0	0	92	161	134	27
PCT7918	MV	836	379	0	0	147	232	206	26
PCT7919	ED	895	309	0	1	89	219	183	36
PCT7919	MV	895	376	0	0	123	253	221	32
PCT7921	ED	917	232	0	0	63	169	118	51
PCT7921	MV	917	366	0	1	120	245	203	42
PCT7922	ED	831	250	0	0	85	165	149	16
PCT7922	MV	831	383	0	1	133	249	215	34
PCT7923	ED	885	262	0	0	74	188	158	30
PCT7923	MV	885	403	0	1	133	269	243	26
PCT7924	ED	842	238	0	0	83	155	129	26
PCT7924	MV	842	382	0	0	109	273	233	40
PCT7925	ED	567	156	0	0	58	98	88	10
PCT7925	MV	567	293	0	0	97	196	170	26
PCT7926	ED	795	229	0	0	86	143	127	16
PCT7926	MV	795	390	0	1	138	251	225	26
PCT7927	ED	747	241	0	0	93	148	124	24
PCT7927	MV	747	392	0	0	168	224	203	21
PCT7928	ED	931	284	0	0	113	171	147	24
PCT7928	MV	931	489	0	0	162	327	283	44
PCT7929	ED	864	248	0	0	85	163	143	20
PCT7929	MV	864	509	1	1	201	306	272	34
PCT7931	ED	738	219	0	0	90	129	113	16
PCT7931	MV	738	408	0	0	156	252	227	25
PCT7932	ED	551	157	1	0	50	106	93	13
PCT7932	MV	551	285	0	0	105	180	163	17
PCT7933	MV	6	4	0	0	2	2	1	1
PCT7934	ED	890	250	0	0	106	144	120	24
PCT7934	MV	890	472	0	1	168	303	272	31
PCT7935	ED	970	305	0	0	129	176	155	21
PCT7935	MV	970	519	0	0	234	285	256	29
PCT7936	ED	856	287	0	0	105	182	158	24
PCT7936	MV	856	428	0	0	145	283	247	36
PCT7937	ED	886	267	0	0	97	170	147	23
PCT7937	MV	886	435	0	0	171	264	238	26
PCT7938	ED	788	213	0	0	77	136	104	32
PCT7938	MV	788	337	0	1	129	207	174	33
PCT7939	ED	688	254	0	0	97	157	136	21
PCT7939	MV	688	326	0	1	134	191	175	16
PCT7941	ED	751	218	0	0	78	140	117	23
PCT7941	MV	751	348	0	0	127	221	193	28
PCT7942	ED	914	259	1	0	88	170	137	33
PCT7942	MV	914	412	0	0	154	258	212	46
PCT7943	ED	872	258	4	0	95	159	125	34
PCT7943	MV	872	439	0	0	159	280	238	42
PCT7944	ED	801	243	0	0	88	155	126	29
PCT7944	MV	801	381	0	0	137	244	202	42
PCT7945	ED	915	186	0	0	65	121	91	30
PCT7945	MV	915	414	0	0	144	270	222	48
PCT7946	ED	945	183	0	0	61	122	91	31
PCT7946	MV	945	451	0	0	177	274	223	51
PCT7947	ED	946	182	0	0	74	108	82	26
PCT7947	MV	946	430	0	0	152	278	234	44
PCT7948	ED	928	210	0	0	68	142	102	40
PCT7948	MV	928	422	0	0	159	263	208	55
PCT7949	ED	569	100	0	0	42	58	46	12
PCT7949	MV	569	292	0	0	114	178	138	40
PCT7951	ED	854	166	0	0	67	99	71	28
PCT7951	MV	854	425	0	0	177	248	197	51
PCT7952	ED	866	167	0	0	52	115	70	45
PCT7952	MV	866	359	0	0	126	233	187	46
PCT7953	ED	824	186	2	0	71	113	90	23
PCT7953	MV	824	402	0	0	149	253	205	48
PCT7955	ED	902	199	0	0	70	129	91	38
PCT7955	MV	902	435	0	0	158	277	225	52
PCT7956	ED	823	136	0	1	51	84	72	12
PCT7956	MV	823	353	0	0	117	236	179	57
PCT7957	ED	646	147	0	0	55	92	65	27
PCT7957	MV	646	298	0	0	113	185	155	30
PCT7958	MV	290	141	0	0	45	96	75	21
PCT7959	ED	727	160	0	0	63	97	75	22
PCT7959	MV	727	326	0	0	106	220	200	20
PCT9001	MV	273	142	0	0	34	108	81	27
PCT9101	ED	888	260	0	0	109	151	120	31
PCT9101	MV	888	438	0	0	182	256	215	41
PCT9102	ED	985	257	0	0	105	152	131	21
PCT9102	MV	985	471	0	0	170	301	253	48
PCT9103	ED	954	273	0	0	96	177	142	35
PCT9103	MV	954	431	0	0	197	234	205	29
PCT9104	ED	988	239	0	0	93	146	117	29
PCT9104	MV	988	465	0	0	199	266	217	49
PCT9105	ED	919	247	0	0	108	139	108	31
PCT9105	MV	919	488	0	0	191	297	261	36
PCT9106	ED	937	268	1	1	89	177	155	22
PCT9106	MV	937	497	0	0	208	289	247	42
PCT9107	ED	849	219	0	1	81	137	111	26
PCT9107	MV	849	372	0	1	148	223	194	29
PCT9108	ED	790	247	0	0	74	173	152	21
PCT9108	MV	790	373	1	0	145	227	194	33
PCT9109	ED	884	263	0	0	113	150	133	17
PCT9109	MV	884	428	0	0	163	265	234	31
PCT9111	ED	779	229	0	0	97	132	104	28
PCT9111	MV	779	346	0	0	132	214	183	31
PCT9112	ED	976	284	0	1	112	171	142	29
PCT9112	MV	976	467	0	1	235	231	204	27
PCT9113	ED	999	311	0	0	133	178	145	33
PCT9113	MV	999	505	0	0	183	322	284	38
PCT9114	ED	877	263	0	0	121	142	116	26
PCT9114	MV	877	405	0	0	155	250	220	30
PCT9115	ED	911	258	0	0	91	167	141	26
PCT9115	MV	911	429	0	0	165	264	231	33
PCT9116	ED	944	281	1	0	103	177	149	28
PCT9116	MV	944	473	0	0	190	283	239	44
PCT9117	ED	783	222	0	0	78	144	124	20
PCT9117	MV	783	398	0	0	150	248	212	36
PCT9118	ED	974	286	0	0	111	175	155	20
PCT9118	MV	974	426	0	1	173	252	209	43
PCT9119	ED	891	237	0	0	104	133	100	33
PCT9119	MV	891	447	0	0	175	272	234	38
PCT9121	ED	930	256	0	0	93	163	123	40
PCT9121	MV	930	434	0	0	199	235	197	38
PCT9122	ED	953	210	0	0	90	120	102	18
PCT9122	MV	953	454	0	0	197	257	221	36
PCT9123	ED	858	232	0	0	77	155	122	33
PCT9123	MV	858	418	0	0	157	261	214	47
PCT9124	ED	874	202	0	0	74	128	103	25
PCT9124	MV	874	438	0	0	196	242	199	43
PCT9125	ED	861	210	0	0	85	125	103	22
PCT9125	MV	861	437	0	0	205	232	205	27
PCT9126	ED	1015	245	0	0	109	136	111	25
PCT9126	MV	1015	533	0	0	236	297	259	38
PCT9127	ED	960	269	0	0	118	151	131	20
PCT9127	MV	960	498	0	0	216	282	250	32
PCT9128	ED	828	248	0	0	94	154	132	22
PCT9128	MV	828	412	0	0	165	247	216	31
PCT9129	ED	741	243	0	0	84	159	133	26
PCT9129	MV	741	348	0	0	153	195	164	31
PCT9131	ED	759	193	0	0	80	113	90	23
PCT9131	MV	759	403	0	0	168	235	204	31
PCT9132	ED	837	248	0	0	115	133	108	25
PCT9132	MV	837	371	0	0	136	235	201	34
PCT9133	ED	1021	271	0	0	94	177	148	29
PCT9133	MV	1021	503	0	0	183	320	281	39
PCT9134	ED	893	210	0	0	98	112	93	19
PCT9134	MV	893	469	0	0	203	266	235	31
PCT9135	ED	808	215	0	0	88	127	104	23
PCT9135	MV	808	389	0	0	180	209	172	37
PCT9136	ED	929	253	0	0	114	139	108	31
PCT9136	MV	929	439	0	1	187	251	212	39
PCT9137	ED	1006	260	0	0	106	154	114	40
PCT9137	MV	1006	467	0	0	195	272	229	43
PCT9138	ED	943	226	1	0	78	147	122	25
PCT9138	MV	943	477	1	0	170	306	246	60
PCT9139	ED	975	243	0	0	97	146	118	28
PCT9139	MV	975	510	0	0	201	309	251	58
PCT9141	ED	953	252	0	0	98	154	123	31
PCT9141	MV	953	477	0	0	190	287	230	57
PCT9142	ED	966	276	0	0	115	161	139	22
PCT9142	MV	966	459	0	0	167	292	246	46
PCT9143	ED	920	251	0	0	103	148	128	20
PCT9143	MV	920	463	0	0	195	268	214	54
PCT9144	ED	962	293	0	0	119	174	150	24
PCT9144	MV	962	482	0	0	189	293	267	26
PCT9145	ED	861	249	1	0	86	162	137	25
PCT9145	MV	861	423	0	0	185	238	203	35
PCT9146	ED	885	245	0	0	101	144	125	19
PCT9146	MV	885	464	0	0	189	275	236	39
PCT9147	ED	971	281	0	0	116	165	138	27
PCT9147	MV	971	492	0	0	176	316	289	27
PCT9148	ED	1034	325	0	0	123	202	170	32
PCT9148	MV	1034	513	0	2	216	295	262	33
PCT9149	ED	948	264	0	0	102	162	132	30
PCT9149	MV	948	478	0	0	185	293	259	34
PCT9151	ED	872	227	0	0	88	139	115	24
PCT9151	MV	872	418	0	2	168	248	222	26
PCT9152	ED	721	270	0	1	83	186	148	38
PCT9152	MV	721	279	0	0	83	196	173	23
PCT9201	ED	1004	300	0	0	108	192	154	38
PCT9201	MV	1004	475	0	0	165	310	267	43
PCT9202	ED	971	294	0	0	119	175	138	37
PCT9202	MV	971	426	0	1	168	257	224	33
PCT9203	ED	1002	239	0	0	115	124	100	24
PCT9203	MV	1002	536	0	1	247	288	238	50
PCT9204	ED	873	273	0	0	123	150	130	20
PCT9204	MV	873	393	0	0	196	197	170	27
PCT9205	ED	728	208	0	0	96	112	98	14
PCT9205	MV	728	376	0	0	189	187	163	24
PCT9206	ED	931	249	0	0	117	132	100	32
PCT9206	MV	931	479	0	0	238	241	188	53
PCT9207	ED	981	262	0	0	126	136	116	20
PCT9207	MV	981	502	0	0	249	253	223	30
PCT9208	ED	1002	287	0	0	126	161	138	23
PCT9208	MV	1002	491	0	1	217	273	237	36
PCT9209	ED	711	245	0	0	112	133	113	20
PCT9209	MV	711	327	0	0	157	170	140	30
PCT9211	ED	889	234	0	0	108	126	109	17
PCT9211	MV	889	432	0	0	219	213	180	33
PCT9212	ED	803	234	0	0	106	128	104	24
PCT9212	MV	803	400	0	0	177	223	198	25
PCT9213	ED	951	264	0	0	108	156	132	24
PCT9213	MV	951	508	0	0	226	282	248	34
PCT9214	ED	640	166	0	0	71	95	80	15
PCT9214	MV	640	334	0	0	154	180	149	31
PCT9215	ED	652	194	0	0	78	116	96	20
PCT9215	MV	652	327	0	1	164	162	147	15
PCT9216	ED	845	246	0	0	119	127	108	19
PCT9216	MV	845	379	0	0	172	207	182	25
PCT9217	ED	698	194	0	0	86	108	96	12
PCT9217	MV	698	349	0	0	168	181	155	26
PCT9218	ED	841	249	0	0	109	140	118	22
PCT9218	MV	841	412	0	0	195	217	188	29
PCT9219	ED	802	242	0	0	100	142	117	25
PCT9219	MV	802	399	0	0	175	224	200	24
PCT9221	ED	651	145	0	0	56	89	86	3
PCT9221	MV	651	399	0	0	206	193	174	19
PCT9222	ED	883	249	0	0	123	126	107	19
PCT9222	MV	883	449	0	0	213	236	217	19
PCT9223	ED	638	160	0	0	75	85	69	16
PCT9223	MV	638	338	0	0	167	171	158	13
PCT9224	ED	960	263	0	0	111	152	129	23
PCT9224	MV	960	506	0	0	235	271	244	27
PCT9225	ED	958	299	0	0	140	159	137	22
PCT9225	MV	958	469	0	1	214	254	220	34
PCT9226	ED	926	271	0	1	129	141	121	20
PCT9226	MV	926	486	0	0	220	266	231	35
PCT9227	ED	738	188	0	0	82	106	90	16
PCT9227	MV	738	404	0	0	166	238	212	26
PCT9228	ED	747	189	0	0	79	110	97	13
PCT9228	MV	747	424	0	0	176	248	216	32
PCT9229	ED	598	162	0	0	72	90	77	13
PCT9229	MV	598	316	0	0	135	181	169	12
PCT9231	ED	953	313	0	0	133	180	156	24
PCT9231	MV	953	488	0	0	210	278	242	36
PCT9232	ED	735	212	0	0	103	109	89	20
PCT9232	MV	735	396	0	1	157	238	218	20
PCT9233	ED	793	209	0	0	92	117	109	8
PCT9233	MV	793	434	0	0	216	218	198	20
PCT9234	ED	746	187	0	0	79	108	97	11
PCT9234	MV	746	438	0	0	200	238	218	20
PCT9235	ED	884	239	0	0	103	136	119	17
PCT9235	MV	884	488	0	0	241	247	218	29
PCT9236	ED	683	201	0	0	79	122	108	14
PCT9236	MV	683	358	0	0	166	192	179	13
PCT9237	ED	936	229	0	0	111	118	105	13
PCT9237	MV	936	539	0	0	244	295	269	26
PCT9238	ED	842	230	0	0	127	103	86	17
PCT9238	MV	842	456	0	0	181	275	238	37
PCT9239	ED	881	200	0	0	84	116	103	13
PCT9239	MV	881	499	0	0	252	247	225	22
PCT9241	ED	1005	255	0	0	118	137	118	19
PCT9241	MV	1005	578	0	0	255	323	283	40
PCT9242	ED	972	277	0	0	118	159	132	27
PCT9242	MV	972	513	0	0	228	285	248	37
PCT9243	ED	594	193	0	0	81	112	97	15
PCT9243	MV	594	307	0	0	135	172	158	14
PCT9244	ED	903	255	0	0	122	133	123	10
PCT9244	MV	903	485	0	0	230	255	234	21
PCT9245	ED	742	209	0	0	92	117	106	11
PCT9245	MV	742	375	0	0	184	191	168	23
PCT9246	ED	929	257	0	0	118	139	123	16
PCT9246	MV	929	528	0	0	240	288	250	38
PCT9247	ED	927	264	0	0	113	151	126	25
PCT9247	MV	927	515	0	0	201	314	282	32
PCT9248	ED	907	258	0	0	98	160	129	31
PCT9248	MV	907	487	0	1	209	277	249	28
PCT9249	ED	917	271	0	0	117	154	132	22
PCT9249	MV	917	495	0	0	217	278	244	34
PCT9251	ED	995	287	0	0	121	166	143	23
PCT9251	MV	995	530	0	0	258	272	235	37
PCT9252	ED	944	219	0	0	91	128	106	22
PCT9252	MV	944	550	0	0	235	315	257	58
PCT9253	ED	772	187	0	0	76	111	94	17
PCT9253	MV	772	397	0	0	173	224	189	35
PCT9254	ED	935	230	0	0	77	153	134	19
PCT9254	MV	935	538	0	0	210	328	291	37
PCT9255	ED	553	183	0	0	87	96	83	13
PCT9255	MV	553	263	0	0	111	152	135	17
PCT9256	ED	474	130	0	0	56	74	64	10
PCT9256	MV	474	233	0	0	93	140	129	11
PCT9257	MV	321	235	0	0	80	155	134	21
PCT9258	ED	712	193	0	0	79	114	96	18
PCT9258	MV	712	373	0	0	164	209	185	24
PCT9401	ED	1012	293	0	0	118	175	138	37
PCT9401	MV	1012	484	0	0	173	311	268	43
PCT9402	ED	977	290	0	0	124	166	140	26
PCT9402	MV	977	458	0	0	181	277	247	30
PCT9403	ED	897	240	0	0	91	149	119	30
PCT9403	MV	897	419	0	0	165	254	202	52
PCT9404	ED	930	200	0	0	83	117	95	22
PCT9404	MV	930	462	0	0	185	277	228	49
PCT9405	ED	786	210	0	1	84	125	98	27
PCT9405	MV	786	364	0	0	146	218	164	54
PCT9406	ED	868	244	0	0	85	159	123	36
PCT9406	MV	868	421	0	1	181	239	191	48
PCT9407	ED	889	253	0	0	104	149	122	27
PCT9407	MV	889	409	0	0	155	254	221	33
PCT9408	ED	886	265	0	0	93	172	146	26
PCT9408	MV	886	415	0	0	154	261	225	36
PCT9409	ED	590	201	0	0	71	130	105	25
PCT9409	MV	590	252	0	1	108	143	117	26
PCT9411	ED	956	271	0	0	94	177	136	41
PCT9411	MV	956	431	0	0	140	291	245	46
PCT9412	ED	848	245	0	0	113	132	110	22
PCT9412	MV	848	380	0	0	165	215	186	29
PCT9413	ED	894	229	0	0	93	136	113	23
PCT9413	MV	894	461	0	0	229	232	205	27
PCT9414	ED	916	216	0	0	94	122	100	22
PCT9414	MV	916	463	0	0	186	277	242	35
PCT9415	ED	784	187	0	0	79	108	89	19
PCT9415	MV	784	392	0	1	165	226	182	44
PCT9416	ED	1008	282	1	0	119	162	136	26
PCT9416	MV	1008	480	1	0	219	260	207	53
PCT9417	ED	752	175	0	0	65	110	94	16
PCT9417	MV	752	402	0	0	179	223	190	33
PCT9418	ED	790	211	0	0	94	117	91	26
PCT9418	MV	790	376	0	1	178	197	156	41
PCT9419	ED	924	222	0	0	99	123	105	18
PCT9419	MV	924	468	0	0	220	248	205	43
PCT9421	ED	906	238	0	0	122	116	93	23
PCT9421	MV	906	446	0	0	228	218	181	37
PCT9422	ED	1056	283	0	0	116	167	130	37
PCT9422	MV	1056	513	0	0	209	304	249	55
PCT9423	ED	889	219	0	0	98	121	94	27
PCT9423	MV	889	440	0	0	192	248	204	44
PCT9424	ED	952	224	0	0	82	142	114	28
PCT9424	MV	952	496	0	0	204	292	227	65
PCT9425	ED	933	199	0	0	85	114	89	25
PCT9425	MV	933	465	0	0	196	269	217	52
PCT9426	ED	823	198	0	0	86	112	93	19
PCT9426	MV	823	408	0	0	175	233	188	45
PCT9427	ED	948	210	0	0	106	104	84	20
PCT9427	MV	948	447	0	0	200	247	194	53
PCT9428	ED	961	183	0	0	82	101	81	20
PCT9428	MV	961	518	0	0	210	308	256	52
PCT9429	ED	899	228	1	0	89	138	100	38
PCT9429	MV	899	432	0	0	172	260	213	47
PCT9431	ED	973	235	0	0	94	141	111	30
PCT9431	MV	973	464	0	0	175	289	227	62
PCT9432	ED	945	214	0	0	99	115	96	19
PCT9432	MV	945	468	0	0	218	250	208	42
PCT9433	ED	945	195	0	0	82	113	89	24
PCT9433	MV	945	487	0	0	233	254	191	63
PCT9434	ED	979	261	0	0	114	147	115	32
PCT9434	MV	979	481	1	1	193	286	241	45
PCT9435	ED	969	251	0	0	105	146	117	29
PCT9435	MV	969	448	0	0	198	250	196	54
PCT9436	ED	1006	232	0	0	101	131	104	27
PCT9436	MV	1006	495	0	0	200	295	248	47
PCT9437	ED	897	219	0	0	87	132	103	29
PCT9437	MV	897	435	0	1	187	247	200	47
PCT9438	ED	948	202	0	0	90	112	86	26
PCT9438	MV	948	496	0	0	194	302	249	53
PCT9439	ED	879	173	0	0	69	104	80	24
PCT9439	MV	879	425	0	0	183	242	182	60
PCT9441	ED	980	261	0	0	107	154	118	36
PCT9441	MV	980	462	0	0	191	271	223	48
PCT9442	ED	1008	280	0	0	103	177	148	29
PCT9442	MV	1008	461	0	1	186	274	220	54
PCT9443	ED	937	220	1	0	89	130	100	30
PCT9443	MV	937	442	0	0	153	289	234	55
PCT9444	ED	937	190	1	0	85	104	79	25
PCT9444	MV	937	442	0	1	174	267	201	66
PCT9445	ED	981	230	0	0	94	136	109	27
PCT9445	MV	981	493	0	0	213	280	239	41
PCT9446	ED	1090	240	0	0	108	132	110	22
PCT9446	MV	1090	564	0	0	234	330	277	53
PCT9447	ED	906	236	0	0	90	146	114	32
PCT9447	MV	906	448	0	0	211	237	201	36
PCT9448	ED	909	232	0	0	82	150	114	36
PCT9448	MV	909	429	0	0	176	253	198	55
PCT9449	ED	830	177	2	0	84	91	71	20
PCT9449	MV	830	428	0	0	184	244	189	55
PCT9451	ED	420	97	0	0	37	60	51	9
PCT9451	MV	420	218	0	0	96	122	95	27
PCT9452	ED	840	259	0	0	110	149	114	35
PCT9452	MV	840	412	0	0	197	215	167	48
PCT9453	ED	500	135	0	0	57	78	67	11
PCT9453	MV	500	244	0	0	112	132	107	25
PCT9501	MV	148	110	0	0	39	71	56	15
PCT9502	MV	245	177	0	0	71	106	93	13
PCT9503	ED	729	198	0	0	77	121	103	18
PCT9503	MV	729	315	0	1	105	209	185	24
PCT9505	ED	784	177	0	0	69	108	81	27
PCT9505	MV	784	383	0	0	137	246	191	55
PCT9506	ED	766	177	0	1	60	116	96	20
PCT9506	MV	766	313	0	0	112	201	177	24
PCT9507	ED	766	231	0	0	87	144	128	16
PCT9507	MV	766	406	0	0	161	245	223	22
PCT9508	ED	798	237	0	0	98	139	127	12
PCT9508	MV	798	429	0	0	149	280	254	26
PCT9509	ED	759	230	0	0	91	139	126	13
PCT9509	MV	759	386	0	0	160	226	206	20
PCT9511	ED	622	190	0	0	70	120	96	24
PCT9511	MV	622	296	0	0	125	171	154	17
PCT9512	ED	809	240	0	0	84	156	133	23
PCT9512	MV	809	399	0	0	150	249	231	18
PCT9513	ED	902	275	0	1	105	169	141	28
PCT9513	MV	902	390	0	1	134	255	214	41
PCT9514	ED	928	304	0	1	126	177	147	30
PCT9514	MV	928	456	0	0	177	279	255	24
PCT9515	ED	705	222	0	0	79	143	120	23
PCT9515	MV	705	368	0	1	147	220	197	23
PCT9516	ED	866	254	0	1	105	148	125	23
PCT9516	MV	866	427	0	1	172	254	228	26
PCT9517	ED	801	228	0	0	90	138	118	20
PCT9517	MV	801	397	0	0	140	257	210	47
PCT9518	ED	802	229	0	0	75	154	138	16
PCT9518	MV	802	431	0	0	143	288	255	33
PCT9519	ED	910	262	0	0	103	159	131	28
PCT9519	MV	910	486	0	0	182	304	273	31
PCT9521	ED	939	316	0	0	127	189	160	29
PCT9521	MV	939	442	0	0	170	272	249	23
PCT9701	ED	671	201	0	0	81	120	105	15
PCT9701	MV	671	340	0	2	154	184	157	27
PCT9702	ED	723	210	0	0	81	129	113	16
PCT9702	MV	723	364	0	0	139	225	206	19
PCT9703	ED	986	232	0	0	87	145	117	28
PCT9703	MV	986	530	0	0	243	287	248	39
PCT9704	ED	950	279	0	0	104	175	150	25
PCT9704	MV	950	505	0	0	216	289	250	39
PCT9705	ED	919	261	3	0	112	146	119	27
PCT9705	MV	919	483	0	0	179	304	269	35
PCT9706	MV	49	39	0	0	21	18	18	0
PCT9707	ED	821	173	0	0	87	86	68	18
PCT9707	MV	821	491	0	0	213	278	223	55
PCT9708	ED	948	250	0	0	100	150	121	29
PCT9708	MV	948	500	0	0	222	278	238	40
PCT9709	ED	1028	281	7	0	119	155	120	35
PCT9709	MV	1028	517	0	1	230	286	247	39
PCT9711	ED	641	195	0	0	83	112	91	21
PCT9711	MV	641	336	0	0	144	192	167	25
PCT9712	ED	649	160	0	0	65	95	80	15
PCT9712	MV	649	398	1	1	168	228	204	24
PCT9713	ED	960	225	1	0	94	130	101	29
PCT9713	MV	960	489	0	1	233	255	221	34
PCT9714	ED	931	208	1	0	79	128	104	24
PCT9714	MV	931	538	0	0	232	306	261	45
PCT9715	ED	569	180	0	0	69	111	91	20
PCT9715	MV	569	309	0	0	125	184	164	20
PCT9716	ED	947	239	0	0	99	140	110	30
PCT9716	MV	947	481	0	0	215	266	209	57
PCT9717	ED	972	265	0	0	101	164	132	32
PCT9717	MV	972	532	0	0	237	295	258	37
PCT9718	ED	862	227	0	1	83	143	119	24
PCT9718	MV	862	496	0	0	188	308	245	63
PCT9719	ED	901	245	0	0	102	143	114	29
PCT9719	MV	901	524	2	0	246	276	231	45
PCT9721	ED	662	198	0	0	59	139	119	20
PCT9721	MV	662	357	0	0	145	212	179	33
PCT9722	ED	605	119	1	0	47	71	61	10
PCT9722	MV	605	355	0	1	137	217	191	26
PCT9723	ED	481	98	0	0	43	55	42	13
PCT9723	MV	481	275	0	0	128	147	112	35
PCT9724	ED	991	205	0	0	89	116	81	35
PCT9724	MV	991	565	0	0	260	305	244	61
PCT9725	ED	970	214	0	0	89	125	89	36
PCT9725	MV	970	499	0	0	238	261	206	55
PCT9726	ED	655	263	0	0	77	186	122	64
PCT9726	MV	655	241	0	0	101	140	106	34
PCT9727	ED	459	79	0	0	30	49	38	11
PCT9727	MV	459	271	0	0	105	166	140	26
PCT9728	ED	926	231	0	0	95	136	106	30
PCT9728	MV	926	503	0	0	192	311	249	62
PCT9729	ED	800	191	0	0	81	110	95	15
PCT9729	MV	800	442	0	0	192	250	227	23
PCT9731	ED	556	167	0	0	69	98	85	13
PCT9731	MV	556	282	0	0	120	162	129	33
PCT9732	MV	70	56	0	0	23	33	24	9
PCT9733	MV	235	191	0	0	64	127	105	22
PCT9734	ED	603	154	0	0	59	95	86	9
PCT9734	MV	603	341	0	0	142	199	167	32
PCT9735	ED	809	206	0	0	89	117	99	18
PCT9735	MV	809	449	0	0	178	271	232	39
PCT9736	ED	713	173	0	0	61	112	94	18
PCT9736	MV	713	410	0	0	162	248	219	29
PCT9737	ED	818	208	0	0	77	131	106	25
PCT9737	MV	818	476	0	0	191	285	252	33
PCT9738	ED	848	185	0	0	71	114	82	32
PCT9738	MV	848	404	0	1	139	264	214	50
PCT9739	ED	828	220	0	0	53	167	116	51
PCT9739	MV	828	335	0	0	108	227	187	40
PCT9741	ED	552	232	0	0	69	163	111	52
PCT9741	MV	552	105	0	0	33	72	53	19
PCT9742	ED	677	180	4	0	74	102	89	13
PCT9742	MV	677	289	0	0	114	175	145	30
PCT9743	ED	1163	310	0	1	95	214	151	63
PCT9743	MV	1163	501	0	0	178	323	266	57
PCT9744	ED	911	247	1	0	89	157	120	37
PCT9744	MV	911	391	0	0	145	246	199	47
PCT9745	ED	991	282	0	0	107	175	120	55
PCT9745	MV	991	346	0	0	107	239	187	52
PCT9746	ED	884	232	0	1	83	148	117	31
PCT9746	MV	884	452	0	1	191	260	211	49
PCT9747	ED	973	246	0	0	85	161	134	27
PCT9747	MV	973	470	0	0	194	276	232	44
PCT9748	ED	931	229	0	0	78	151	123	28
PCT9748	MV	931	475	1	0	180	294	245	49
PCT9749	ED	913	225	2	0	81	142	103	39
PCT9749	MV	913	384	0	0	141	243	203	40
PCT9751	ED	1016	253	0	0	91	162	124	38
PCT9751	MV	1016	523	0	0	195	328	273	55
PCT9752	ED	710	175	3	0	61	111	92	19
PCT9752	MV	710	392	0	0	154	238	196	42
PCT9753	ED	756	186	0	0	70	116	90	26
PCT9753	MV	756	388	0	0	156	232	180	52
PCT9754	ED	707	47	0	0	17	30	26	4
PCT9754	MV	707	377	0	0	140	237	207	30
PCT9755	ED	582	172	0	0	60	112	88	24
PCT9755	MV	582	285	2	0	102	181	145	36
PCT9756	ED	941	185	0	0	69	116	90	26
PCT9756	MV	941	477	0	0	191	286	216	70
PCT9801	ED	408	104	0	0	31	73	59	14
PCT9801	MV	408	181	0	0	61	120	104	16
CONG12	TO	443570	332491	87	116	131052	201236	170996	30240
CONG14	TO	56946	40357	19	14	15098	25226	20116	5110
ASSM17	TO	291063	214827	62	75	81723	132967	113248	19719
ASSM19	TO	209453	158021	44	55	64427	93495	77864	15631
BART7	TO	38460	24736	3	8	9302	15423	12388	3035
BART8	TO	223735	166386	47	50	68786	97503	80937	16566
BART9	TO	238321	181726	56	72	68062	113536	97787	15749
SUPV1	TO	42767	32743	7	12	13142	19582	16584	2998
SUPV2	TO	50394	40402	1	8	17978	22415	19506	2909
SUPV3	TO	39799	28571	2	12	11792	16765	14157	2608
SUPV4	TO	42953	31699	8	9	13279	18403	14937	3466
SUPV5	TO	53744	42036	5	13	15976	26042	22847	3195
SUPV6	TO	43321	29158	2	8	10919	18229	15204	3025
SUPV7	TO	47076	36587	30	13	14594	21950	18119	3831
SUPV8	TO	58122	48632	31	20	18713	29868	26551	3317
SUPV9	TO	42988	31769	10	18	11421	20320	17185	3135
SUPV10	TO	41862	26459	9	9	9677	16764	13343	3421
SUPV11	TO	37490	24792	1	8	8659	16124	12679	3445
NEIG1	TO	19914	11270	1	5	3958	7306	5449	1857
NEIG2	TO	17446	12440	1	3	5360	7076	6024	1052
NEIG3	TO	28644	19045	1	9	7057	11978	9788	2190
NEIG4	TO	7002	5802	3	2	2294	3503	3059	444
NEIG5	TO	27634	18420	1	5	6323	12091	9531	2560
NEIG6	TO	14982	12240	2	2	4651	7585	6808	777
NEIG7	TO	12118	7928	2	3	2910	5013	3923	1090
NEIG8	TO	9734	7857	0	7	3076	4774	4194	580
NEIG9	TO	8390	5918	1	2	2219	3696	2808	888
NEIG10	TO	10097	8010	0	3	3313	4694	4064	630
NEIG11	TO	40622	32395	5	7	14426	17957	15569	2388
NEIG12	TO	31129	23295	3	16	8236	15040	13045	1995
NEIG13	TO	16964	14420	3	8	5662	8747	7757	990
NEIG14	TO	8795	7263	2	3	2757	4501	3971	530
NEIG15	TO	7019	5232	0	3	2239	2990	2542	448
NEIG26	TO	9293	6104	2	1	2251	3850	3015	835
NEIG16	TO	16814	13081	3	5	5039	8034	7010	1024
NEIG17	TO	37322	28503	5	8	11491	16999	14360	2639
NEIG18	TO	8050	6587	1	2	2840	3744	3296	448
NEIG19	TO	9419	7393	6	2	2810	4575	3891	684
NEIG20	TO	24674	17045	2	4	6500	10539	8912	1627
NEIG21	TO	42363	31246	8	8	13100	18130	14715	3415
NEIG22	TO	18966	16190	12	6	6187	9985	8961	1024
NEIG23	TO	8139	4488	3	0	1640	2845	2132	713
NEIG24	TO	34909	27838	27	9	11275	16527	13883	2644
NEIG25	TO	30077	22838	12	7	8536	14283	12405	1878
