area_id	subtotal_type	RSReg	RSCst	RSRej	RSOvr	RSUnd	RSTot	062:Yes	063:No
ALL	TO	500516	372848	282	290	23854	348422	288146	60276
ALL	ED	500516	127886	68	107	8625	119086	100152	18934
ALL	MV	500516	244962	214	183	15229	229336	187994	41342
PCT1101	ED	553	126	0	0	6	120	100	20
PCT1101	MV	553	266	0	0	14	252	190	62
PCT1102	ED	995	266	0	1	10	255	211	44
PCT1102	MV	995	480	-2	0	38	444	334	110
PCT1103	ED	951	246	1	0	16	229	184	45
PCT1103	MV	951	445	-1	0	23	423	306	117
PCT1104	ED	993	249	-1	0	20	230	171	59
PCT1104	MV	993	414	-2	0	18	398	291	107
PCT1106	ED	765	191	0	1	13	177	132	45
PCT1106	MV	765	343	-1	1	14	329	244	85
PCT1107	ED	746	163	0	0	18	145	123	22
PCT1107	MV	746	336	5	0	25	306	213	93
PCT1108	ED	909	232	-1	0	21	212	163	49
PCT1108	MV	909	438	-1	0	34	405	311	94
PCT1109	ED	798	166	0	0	8	158	118	40
PCT1109	MV	798	365	-2	0	26	341	250	91
PCT1111	ED	1002	205	0	0	19	186	148	38
PCT1111	MV	1002	460	-3	1	25	437	304	133
PCT1112	ED	769	151	2	0	11	138	102	36
PCT1112	MV	769	344	-1	0	29	316	228	88
PCT1113	ED	746	135	0	0	18	117	101	16
PCT1113	MV	746	360	0	0	21	339	234	105
PCT1114	ED	957	226	-2	0	22	206	169	37
PCT1114	MV	957	404	0	0	29	375	288	87
PCT1115	ED	895	174	0	0	10	164	128	36
PCT1115	MV	895	371	-3	0	24	350	237	113
PCT1116	ED	895	225	1	1	26	197	159	38
PCT1116	MV	895	376	-2	2	27	349	257	92
PCT1117	ED	858	185	0	0	14	171	131	40
PCT1117	MV	858	357	1	0	22	334	260	74
PCT1118	ED	1043	213	0	0	12	201	149	52
PCT1118	MV	1043	476	-3	0	27	452	325	127
PCT1119	ED	791	165	0	0	14	151	117	34
PCT1119	MV	791	386	0	0	20	366	271	95
PCT1121	ED	691	160	0	1	13	146	96	50
PCT1121	MV	691	313	-1	1	18	295	187	108
PCT1122	ED	632	110	0	0	9	101	74	27
PCT1122	MV	632	310	-1	1	16	294	196	98
PCT1123	ED	915	179	0	0	6	173	143	30
PCT1123	MV	915	364	-1	0	32	333	231	102
PCT1124	ED	819	152	0	1	13	138	116	22
PCT1124	MV	819	302	-2	0	20	284	217	67
PCT1125	ED	1047	159	1	0	11	147	118	29
PCT1125	MV	1047	466	0	1	30	435	299	136
PCT1126	ED	922	191	0	0	14	177	137	40
PCT1126	MV	922	400	-2	1	24	377	269	108
PCT1127	ED	920	200	0	0	17	183	143	40
PCT1127	MV	920	382	-2	1	31	352	224	128
PCT1128	ED	838	154	0	0	15	139	106	33
PCT1128	MV	838	362	0	0	24	338	242	96
PCT1129	ED	980	227	1	0	22	204	152	52
PCT1129	MV	980	416	2	0	31	383	260	123
PCT1131	ED	797	132	0	0	17	115	95	20
PCT1131	MV	797	371	0	0	15	356	239	117
PCT1132	ED	969	179	2	0	18	159	128	31
PCT1132	MV	969	427	-1	0	26	402	285	117
PCT1133	ED	863	161	1	0	11	149	121	28
PCT1133	MV	863	410	0	0	27	383	294	89
PCT1134	ED	759	170	2	0	14	154	130	24
PCT1134	MV	759	318	-3	0	25	296	204	92
PCT1135	ED	540	87	1	0	7	79	52	27
PCT1135	MV	540	295	1	0	19	275	181	94
PCT1136	ED	829	144	0	0	9	135	105	30
PCT1136	MV	829	412	1	0	30	381	275	106
PCT1141	ED	1041	223	3	0	19	201	161	40
PCT1141	MV	1041	484	-1	0	21	464	342	122
PCT1142	ED	861	175	-1	0	12	164	134	30
PCT1142	MV	861	393	-2	0	30	365	274	91
PCT1143	ED	1034	229	1	0	10	218	193	25
PCT1143	MV	1034	440	1	0	27	412	317	95
PCT1144	ED	907	205	2	0	12	191	138	53
PCT1144	MV	907	387	0	0	27	360	263	97
PCT1145	ED	888	189	1	0	12	176	136	40
PCT1145	MV	888	461	-3	0	21	443	341	102
PCT1146	ED	1011	186	-1	0	7	180	148	32
PCT1146	MV	1011	454	0	0	21	433	308	125
PCT1147	ED	877	210	4	0	12	194	153	41
PCT1147	MV	877	396	2	0	27	367	271	96
PCT1148	ED	962	196	1	0	17	178	146	32
PCT1148	MV	962	444	0	0	31	413	279	134
PCT1149	ED	907	210	1	1	11	197	159	38
PCT1149	MV	907	407	-6	1	26	386	281	105
PCT1152	ED	864	198	-1	0	21	178	137	41
PCT1152	MV	864	388	0	0	19	369	282	87
PCT1153	ED	951	210	0	0	24	186	140	46
PCT1153	MV	951	415	-1	1	28	387	294	93
PCT7001	ED	776	176	0	0	10	166	144	22
PCT7001	MV	776	429	0	1	20	408	352	56
PCT7002	ED	706	176	1	0	17	158	135	23
PCT7002	MV	706	332	1	0	17	314	265	49
PCT7003	ED	884	238	0	0	16	222	192	30
PCT7003	MV	884	498	0	0	26	472	419	53
PCT7004	ED	881	241	1	0	17	223	189	34
PCT7004	MV	881	496	1	1	22	472	421	51
PCT7005	ED	847	253	1	0	6	246	213	33
PCT7005	MV	847	480	-1	0	26	455	408	47
PCT7006	ED	917	254	1	0	9	244	197	47
PCT7006	MV	917	442	1	0	20	421	352	69
PCT7007	ED	949	283	0	1	13	269	238	31
PCT7007	MV	949	516	-1	0	19	498	435	63
PCT7008	ED	932	264	-1	0	13	252	231	21
PCT7008	MV	932	546	2	0	32	512	445	67
PCT7009	ED	905	185	0	0	9	176	144	32
PCT7009	MV	905	513	0	0	26	487	410	77
PCT7011	ED	985	204	0	0	14	190	169	21
PCT7011	MV	985	294	-1	0	19	276	237	39
PCT7012	ED	1109	313	0	0	13	300	254	46
PCT7012	MV	1109	594	1	3	27	563	479	84
PCT7013	ED	956	267	0	0	23	244	212	32
PCT7013	MV	956	501	3	0	31	467	419	48
PCT7014	ED	1460	367	-2	0	13	356	314	42
PCT7014	MV	1460	802	0	0	48	754	665	89
PCT7015	MV	95	44	0	0	1	43	37	6
PCT7016	ED	918	171	1	1	21	148	123	25
PCT7016	MV	918	280	-1	1	10	270	193	77
PCT7017	ED	754	149	0	0	22	127	108	19
PCT7017	MV	754	252	2	1	15	234	191	43
PCT7018	ED	977	155	0	0	18	137	111	26
PCT7018	MV	977	448	-2	2	34	414	273	141
PCT7019	ED	899	182	4	0	12	166	145	21
PCT7019	MV	899	413	1	0	26	386	282	104
PCT7021	ED	947	184	0	0	11	173	150	23
PCT7021	MV	947	305	-1	1	27	278	217	61
PCT7022	ED	945	215	0	1	15	199	168	31
PCT7022	MV	945	352	0	1	36	315	266	49
PCT7023	ED	928	178	-1	0	13	166	133	33
PCT7023	MV	928	400	1	0	31	368	300	68
PCT7024	ED	414	70	0	0	3	67	57	10
PCT7024	MV	414	78	0	0	3	75	62	13
PCT7025	ED	477	85	0	0	8	77	62	15
PCT7025	MV	477	128	-1	0	7	122	103	19
PCT7026	ED	1011	149	0	0	11	138	112	26
PCT7026	MV	1011	455	0	0	26	429	279	150
PCT7027	ED	869	195	0	0	24	171	139	32
PCT7027	MV	869	353	-1	1	30	323	235	88
PCT7028	ED	850	213	-1	0	12	202	168	34
PCT7028	MV	850	282	0	0	21	261	207	54
PCT7029	ED	901	184	0	0	22	162	133	29
PCT7029	MV	901	251	0	0	21	230	197	33
PCT7030	ED	759	119	0	1	1	117	80	37
PCT7030	MV	759	357	0	1	18	338	195	143
PCT7031	ED	641	91	0	0	12	79	63	16
PCT7031	MV	641	309	-1	0	15	295	232	63
PCT7032	ED	904	173	1	0	14	158	129	29
PCT7032	MV	904	316	2	1	24	289	224	65
PCT7033	ED	798	191	1	0	11	179	139	40
PCT7033	MV	798	247	-2	1	16	232	171	61
PCT7034	ED	958	197	0	0	29	168	142	26
PCT7034	MV	958	201	0	0	11	190	161	29
PCT7035	ED	606	122	1	0	12	109	87	22
PCT7035	MV	606	262	-1	1	13	249	199	50
PCT7036	ED	921	117	0	0	11	106	77	29
PCT7036	MV	921	342	2	0	19	321	214	107
PCT7037	ED	735	135	-5	0	19	121	104	17
PCT7037	MV	735	98	-1	0	8	91	74	17
PCT7038	ED	911	135	0	0	13	122	98	24
PCT7038	MV	911	351	0	1	22	328	199	129
PCT7039	ED	784	178	1	0	16	161	114	47
PCT7039	MV	784	306	3	0	19	284	192	92
PCT7041	MV	61	33	0	0	1	32	28	4
PCT7042	ED	639	118	0	0	10	108	82	26
PCT7042	MV	639	258	0	0	21	237	188	49
PCT7043	ED	957	176	0	0	8	168	138	30
PCT7043	MV	957	404	-1	0	27	378	275	103
PCT7044	ED	827	167	1	0	18	148	120	28
PCT7044	MV	827	193	0	0	21	172	128	44
PCT7045	ED	779	120	0	0	14	106	80	26
PCT7045	MV	779	344	2	1	23	318	186	132
PCT7046	ED	402	94	0	0	12	82	63	19
PCT7046	MV	402	175	1	1	8	165	109	56
PCT7047	ED	823	119	0	0	10	109	88	21
PCT7047	MV	823	388	1	2	29	356	252	104
PCT7048	ED	858	150	3	0	13	134	109	25
PCT7048	MV	858	318	4	1	16	297	214	83
PCT7049	ED	792	173	-1	1	19	154	112	42
PCT7049	MV	792	305	2	0	17	286	181	105
PCT7051	ED	861	114	0	0	14	100	80	20
PCT7051	MV	861	380	1	0	28	351	208	143
PCT7052	ED	852	161	1	0	11	149	113	36
PCT7052	MV	852	402	-1	1	29	373	255	118
PCT7053	ED	548	102	0	0	12	90	73	17
PCT7053	MV	548	278	0	1	15	262	205	57
PCT7054	ED	1073	215	1	0	10	204	159	45
PCT7054	MV	1073	410	5	0	30	375	288	87
PCT7055	ED	808	190	-3	0	9	184	161	23
PCT7055	MV	808	440	-1	0	22	419	332	87
PCT7101	MV	155	120	-1	0	5	116	111	5
PCT7201	ED	936	245	1	1	21	222	184	38
PCT7201	MV	936	518	1	0	37	480	401	79
PCT7202	ED	850	227	-1	0	16	212	182	30
PCT7202	MV	850	431	2	0	24	405	337	68
PCT7203	ED	921	291	3	0	22	266	221	45
PCT7203	MV	921	423	0	1	29	393	328	65
PCT7204	ED	918	233	0	1	23	209	174	35
PCT7204	MV	918	531	-1	0	28	504	423	81
PCT7205	ED	875	251	2	1	16	232	192	40
PCT7205	MV	875	485	0	0	22	463	388	75
PCT7206	ED	378	135	1	0	3	131	110	21
PCT7206	MV	378	191	0	0	15	176	146	30
PCT7207	ED	812	196	-2	0	15	183	163	20
PCT7207	MV	812	434	4	2	25	403	318	85
PCT7208	ED	600	111	-1	0	7	105	95	10
PCT7208	MV	600	328	-4	0	22	310	261	49
PCT7209	ED	626	107	-4	0	3	108	94	14
PCT7209	MV	626	423	-1	1	30	393	355	38
PCT7301	ED	1016	228	-1	0	22	207	177	30
PCT7301	MV	1016	435	2	2	31	400	352	48
PCT7302	ED	814	188	0	0	16	172	157	15
PCT7302	MV	814	458	0	0	43	415	372	43
PCT7303	ED	1042	281	0	0	17	264	219	45
PCT7303	MV	1042	482	-1	0	39	444	371	73
PCT7304	ED	1002	278	0	0	20	258	233	25
PCT7304	MV	1002	493	-2	0	36	459	383	76
PCT7305	ED	871	240	0	1	12	227	193	34
PCT7305	MV	871	460	2	0	24	434	348	86
PCT7306	ED	1056	317	3	0	25	289	237	52
PCT7306	MV	1056	498	-2	0	39	461	377	84
PCT7307	ED	767	210	-1	0	14	197	171	26
PCT7307	MV	767	346	2	0	29	315	259	56
PCT7308	ED	603	177	0	0	9	168	149	19
PCT7308	MV	603	313	2	0	20	291	242	49
PCT7309	ED	884	263	2	0	18	243	206	37
PCT7309	MV	884	439	4	0	33	402	333	69
PCT7311	ED	917	268	2	0	8	258	231	27
PCT7311	MV	917	448	-6	0	29	425	359	66
PCT7312	ED	821	203	0	0	13	190	161	29
PCT7312	MV	821	470	1	0	43	426	352	74
PCT7313	ED	968	225	3	1	17	204	180	24
PCT7313	MV	968	485	3	0	33	449	374	75
PCT7314	ED	787	125	0	0	15	110	95	15
PCT7314	MV	787	271	-1	0	41	231	198	33
PCT7315	ED	760	220	-5	0	23	202	165	37
PCT7315	MV	760	282	1	1	21	259	217	42
PCT7316	ED	853	205	0	0	16	189	168	21
PCT7316	MV	853	367	1	1	35	330	265	65
PCT7317	ED	904	189	0	0	11	178	149	29
PCT7317	MV	904	454	-2	0	31	425	365	60
PCT7318	ED	727	179	1	0	16	162	137	25
PCT7318	MV	727	390	-3	0	44	349	290	59
PCT7319	ED	1079	301	0	0	30	271	227	44
PCT7319	MV	1079	516	1	0	34	481	400	81
PCT7321	ED	671	149	-2	0	14	137	106	31
PCT7321	MV	671	286	1	0	21	264	212	52
PCT7322	ED	874	65	-1	0	10	56	46	10
PCT7322	MV	874	337	-3	0	35	305	230	75
PCT7323	ED	950	234	0	0	26	208	168	40
PCT7323	MV	950	455	0	0	41	414	333	81
PCT7324	ED	755	190	-1	0	15	176	145	31
PCT7324	MV	755	364	1	2	24	337	281	56
PCT7325	ED	904	243	0	0	18	225	185	40
PCT7325	MV	904	436	1	0	31	404	343	61
PCT7326	ED	876	200	0	0	19	181	155	26
PCT7326	MV	876	430	1	0	34	395	330	65
PCT7327	ED	699	71	0	0	8	63	57	6
PCT7327	MV	699	276	-2	0	24	254	194	60
PCT7328	ED	973	94	-2	0	21	75	60	15
PCT7328	MV	973	394	3	0	49	342	288	54
PCT7329	ED	640	112	-17	0	8	121	106	15
PCT7329	MV	640	321	2	0	18	301	247	54
PCT7331	ED	852	213	1	0	13	199	176	23
PCT7331	MV	852	461	-1	0	22	440	391	49
PCT7332	ED	834	225	0	0	13	212	185	27
PCT7332	MV	834	364	-1	0	30	335	289	46
PCT7333	ED	1044	298	0	0	24	274	233	41
PCT7333	MV	1044	543	5	1	38	499	420	79
PCT7334	ED	881	199	1	0	17	181	160	21
PCT7334	MV	881	462	4	0	27	431	362	69
PCT7335	ED	970	225	1	0	12	212	180	32
PCT7335	MV	970	523	-2	0	32	493	418	75
PCT7336	ED	955	238	-1	0	13	226	193	33
PCT7336	MV	955	523	2	1	35	485	393	92
PCT7337	ED	851	179	-1	0	8	172	140	32
PCT7337	MV	851	464	-3	0	28	439	360	79
PCT7338	ED	915	153	0	0	13	140	116	24
PCT7338	MV	915	426	-3	1	41	387	308	79
PCT7339	ED	669	174	1	0	11	162	141	21
PCT7339	MV	669	309	-1	0	12	298	255	43
PCT7341	ED	908	260	0	0	23	237	202	35
PCT7341	MV	908	401	3	0	35	363	308	55
PCT7342	ED	947	334	0	0	20	314	277	37
PCT7342	MV	947	414	1	0	26	387	334	53
PCT7343	ED	731	234	0	1	18	215	183	32
PCT7343	MV	731	316	1	0	20	295	257	38
PCT7344	ED	1110	291	0	1	23	267	224	43
PCT7344	MV	1110	538	-3	0	32	509	430	79
PCT7345	ED	1141	329	0	0	23	306	266	40
PCT7345	MV	1141	521	2	0	29	490	426	64
PCT7346	ED	920	250	-3	0	20	233	203	30
PCT7346	MV	920	384	0	0	17	367	326	41
PCT7347	ED	1040	241	-2	0	21	222	199	23
PCT7347	MV	1040	480	4	1	36	439	397	42
PCT7348	ED	861	210	0	0	20	190	163	27
PCT7348	MV	861	353	-1	0	31	323	275	48
PCT7349	ED	957	248	-3	0	15	236	202	34
PCT7349	MV	957	427	3	0	26	398	341	57
PCT7501	ED	565	172	-1	1	17	155	132	23
PCT7501	MV	565	308	2	0	12	294	249	45
PCT7502	ED	784	180	1	0	8	171	139	32
PCT7502	MV	784	447	0	0	43	404	333	71
PCT7503	ED	764	208	0	0	18	190	160	30
PCT7503	MV	764	388	3	0	28	357	308	49
PCT7504	ED	503	112	1	0	9	102	90	12
PCT7504	MV	503	222	2	2	14	204	176	28
PCT7505	ED	869	158	1	0	13	144	128	16
PCT7505	MV	869	532	4	1	42	485	448	37
PCT7506	ED	999	226	-3	0	22	207	186	21
PCT7506	MV	999	473	1	0	41	431	376	55
PCT7507	ED	955	211	1	0	20	190	156	34
PCT7507	MV	955	344	-2	0	19	327	276	51
PCT7508	ED	727	154	-1	0	15	140	122	18
PCT7508	MV	727	427	4	1	43	379	319	60
PCT7509	ED	932	235	3	0	15	217	184	33
PCT7509	MV	932	470	1	0	40	429	368	61
PCT7512	ED	612	150	1	0	15	134	124	10
PCT7512	MV	612	283	0	0	26	257	218	39
PCT7513	ED	818	225	0	0	27	198	168	30
PCT7513	MV	818	315	0	0	23	292	257	35
PCT7514	ED	874	140	0	0	16	124	102	22
PCT7514	MV	874	305	3	1	25	276	235	41
PCT7515	ED	869	212	2	0	14	196	168	28
PCT7515	MV	869	389	-1	0	21	369	295	74
PCT7516	ED	922	172	2	0	12	158	140	18
PCT7516	MV	922	538	0	0	50	488	420	68
PCT7517	ED	863	289	1	2	10	276	234	42
PCT7517	MV	863	410	0	0	16	394	353	41
PCT7518	ED	950	309	2	1	12	294	263	31
PCT7518	MV	950	480	1	0	33	446	398	48
PCT7519	ED	737	224	0	0	4	220	194	26
PCT7519	MV	737	355	-1	0	25	331	290	41
PCT7521	ED	812	292	6	0	21	265	236	29
PCT7521	MV	812	354	-1	1	12	342	319	23
PCT7522	ED	764	207	0	0	10	197	178	19
PCT7522	MV	764	397	1	0	19	377	351	26
PCT7523	ED	747	275	0	0	21	254	222	32
PCT7523	MV	747	359	1	1	14	343	306	37
PCT7524	ED	615	181	1	1	6	173	158	15
PCT7524	MV	615	262	1	0	11	250	222	28
PCT7525	ED	800	205	2	0	18	185	176	9
PCT7525	MV	800	341	0	0	19	322	289	33
PCT7526	ED	1011	292	-1	0	12	281	249	32
PCT7526	MV	1011	552	1	1	37	513	459	54
PCT7527	ED	725	211	0	0	11	200	181	19
PCT7527	MV	725	339	0	0	22	317	280	37
PCT7529	ED	948	295	2	0	23	270	253	17
PCT7529	MV	948	486	-1	0	33	454	419	35
PCT7531	ED	865	228	0	0	8	220	203	17
PCT7531	MV	865	442	0	1	27	414	365	49
PCT7532	ED	852	246	1	0	21	224	194	30
PCT7532	MV	852	398	1	0	11	386	345	41
PCT7533	ED	1015	357	1	2	16	338	307	31
PCT7533	MV	1015	490	0	1	32	457	416	41
PCT7534	ED	936	322	-1	0	19	304	270	34
PCT7534	MV	936	415	0	0	17	398	356	42
PCT7535	ED	767	262	3	0	9	250	229	21
PCT7535	MV	767	387	0	0	27	360	324	36
PCT7536	ED	863	291	1	1	20	269	239	30
PCT7536	MV	863	421	-1	0	19	403	360	43
PCT7537	ED	752	240	-1	0	11	230	205	25
PCT7537	MV	752	363	1	2	16	344	317	27
PCT7538	ED	771	246	2	1	11	232	198	34
PCT7538	MV	771	400	0	0	20	380	339	41
PCT7539	ED	922	330	-1	1	16	314	291	23
PCT7539	MV	922	428	0	1	25	402	368	34
PCT7541	ED	805	248	-2	0	13	237	205	32
PCT7541	MV	805	400	0	0	14	386	332	54
PCT7542	ED	821	272	-1	0	13	260	232	28
PCT7542	MV	821	389	0	0	17	372	336	36
PCT7543	ED	909	216	-2	0	16	202	183	19
PCT7543	MV	909	467	2	2	18	445	402	43
PCT7544	ED	898	258	-2	0	13	247	218	29
PCT7544	MV	898	479	3	0	22	454	418	36
PCT7545	ED	918	273	-2	0	15	260	223	37
PCT7545	MV	918	480	-2	0	28	454	392	62
PCT7546	ED	982	304	0	0	15	289	261	28
PCT7546	MV	982	517	-1	0	23	495	436	59
PCT7547	ED	1029	315	1	1	15	298	276	22
PCT7547	MV	1029	505	2	1	28	474	427	47
PCT7548	ED	1073	319	0	2	14	303	259	44
PCT7548	MV	1073	512	1	0	34	477	425	52
PCT7549	ED	811	215	1	0	15	199	177	22
PCT7549	MV	811	431	-4	0	26	409	365	44
PCT7551	ED	741	239	0	0	6	233	207	26
PCT7551	MV	741	394	0	1	10	383	343	40
PCT7552	ED	727	241	2	0	14	225	197	28
PCT7552	MV	727	361	-1	0	16	346	315	31
PCT7553	MV	180	126	2	0	7	117	102	15
PCT7554	ED	808	247	1	0	15	231	193	38
PCT7554	MV	808	442	3	0	24	415	367	48
PCT7555	ED	886	290	-1	0	18	273	251	22
PCT7555	MV	886	459	-1	0	27	433	384	49
PCT7556	ED	969	275	0	0	16	259	221	38
PCT7556	MV	969	573	0	0	24	549	497	52
PCT7601	ED	767	191	1	0	16	174	148	26
PCT7601	MV	767	290	1	0	20	269	237	32
PCT7602	ED	901	213	0	0	24	189	172	17
PCT7602	MV	901	379	1	0	22	356	308	48
PCT7603	ED	830	250	-1	0	18	233	204	29
PCT7603	MV	830	376	-2	0	19	359	310	49
PCT7604	ED	954	266	1	1	18	246	221	25
PCT7604	MV	954	352	2	0	22	328	278	50
PCT7605	ED	648	120	0	0	19	101	91	10
PCT7605	MV	648	203	-1	1	15	188	161	27
PCT7606	ED	924	205	2	0	30	173	149	24
PCT7606	MV	924	330	0	2	11	317	267	50
PCT7607	ED	960	215	1	0	21	193	162	31
PCT7607	MV	960	407	2	0	18	387	333	54
PCT7608	ED	392	70	1	0	8	61	53	8
PCT7608	MV	392	136	0	0	10	126	106	20
PCT7609	ED	926	120	-1	1	17	103	93	10
PCT7609	MV	926	352	4	1	35	312	268	44
PCT7611	ED	755	126	1	1	13	111	98	13
PCT7611	MV	755	269	1	1	43	224	196	28
PCT7612	ED	583	97	2	0	15	80	63	17
PCT7612	MV	583	265	0	0	20	245	209	36
PCT7613	ED	908	204	3	0	28	173	152	21
PCT7613	MV	908	340	0	0	28	312	261	51
PCT7614	ED	1029	223	4	0	27	192	161	31
PCT7614	MV	1029	375	1	1	26	347	313	34
PCT7615	ED	762	162	2	1	22	137	124	13
PCT7615	MV	762	237	0	0	24	213	188	25
PCT7616	ED	1203	324	5	0	29	290	250	40
PCT7616	MV	1203	686	0	0	44	642	571	71
PCT7617	ED	768	102	1	0	20	81	73	8
PCT7617	MV	768	261	-1	0	21	241	214	27
PCT7618	ED	862	168	-2	0	11	159	140	19
PCT7618	MV	862	407	3	0	20	384	333	51
PCT7619	ED	1063	219	-1	0	10	210	183	27
PCT7619	MV	1063	563	-2	0	39	526	455	71
PCT7621	ED	1320	287	-1	0	17	271	236	35
PCT7621	MV	1320	668	2	3	37	626	542	84
PCT7622	ED	988	170	-1	1	23	147	132	15
PCT7622	MV	988	301	2	0	28	271	248	23
PCT7623	ED	746	184	1	0	18	165	149	16
PCT7623	MV	746	297	1	0	17	279	234	45
PCT7624	ED	859	142	-4	0	11	135	120	15
PCT7624	MV	859	290	1	0	21	268	242	26
PCT7625	ED	822	66	1	0	3	62	49	13
PCT7625	MV	822	475	0	1	58	416	360	56
PCT7626	ED	1114	227	0	0	16	211	177	34
PCT7626	MV	1114	612	-1	0	38	575	508	67
PCT7627	ED	1187	267	-1	0	16	252	223	29
PCT7627	MV	1187	582	2	0	39	541	460	81
PCT7628	ED	960	241	1	0	20	220	191	29
PCT7628	MV	960	428	0	0	26	402	357	45
PCT7629	ED	809	208	3	1	8	196	176	20
PCT7629	MV	809	343	0	0	23	320	275	45
PCT7631	ED	1155	270	2	0	16	252	221	31
PCT7631	MV	1155	577	0	0	35	542	479	63
PCT7632	ED	1124	289	3	0	16	270	235	35
PCT7632	MV	1124	561	0	2	24	535	464	71
PCT7633	ED	741	137	0	0	10	127	113	14
PCT7633	MV	741	392	3	1	21	367	313	54
PCT7634	ED	900	195	-1	1	20	175	155	20
PCT7634	MV	900	421	0	0	33	388	348	40
PCT7635	ED	840	158	0	0	14	144	131	13
PCT7635	MV	840	382	2	1	26	353	308	45
PCT7636	ED	938	251	1	0	17	233	197	36
PCT7636	MV	938	465	1	0	22	442	377	65
PCT7637	ED	809	193	-2	1	12	182	153	29
PCT7637	MV	809	404	-1	0	23	382	316	66
PCT7638	ED	1467	295	0	0	18	277	240	37
PCT7638	MV	1467	871	5	1	51	814	713	101
PCT7639	ED	1011	242	-2	0	20	224	194	30
PCT7639	MV	1011	559	0	1	43	515	441	74
PCT7641	ED	972	205	0	0	7	198	173	25
PCT7641	MV	972	549	0	0	24	525	453	72
PCT7642	ED	937	153	0	1	11	141	126	15
PCT7642	MV	937	394	-1	0	57	338	307	31
PCT7643	ED	920	169	0	1	13	155	139	16
PCT7643	MV	920	507	1	0	27	479	411	68
PCT7644	ED	1175	330	2	0	20	308	260	48
PCT7644	MV	1175	554	2	1	30	521	453	68
PCT7645	ED	640	120	-1	0	9	112	94	18
PCT7645	MV	640	377	0	0	19	358	320	38
PCT7646	ED	1100	267	-1	0	19	249	219	30
PCT7646	MV	1100	592	4	0	27	561	501	60
PCT7647	ED	1075	205	0	0	19	186	150	36
PCT7647	MV	1075	283	0	0	24	259	218	41
PCT7648	MV	1	0	0	0	0	0	0	0
PCT7649	ED	891	178	3	0	9	166	145	21
PCT7649	MV	891	395	2	1	24	368	303	65
PCT7651	ED	677	166	-5	0	16	155	127	28
PCT7651	MV	677	351	5	1	19	326	266	60
PCT7652	ED	628	135	0	0	12	123	105	18
PCT7652	MV	628	301	4	0	15	282	243	39
PCT7653	ED	1280	300	0	0	30	270	233	37
PCT7653	MV	1280	673	0	0	50	623	547	76
PCT7701	ED	1064	296	-1	0	18	279	242	37
PCT7701	MV	1064	597	1	1	34	561	469	92
PCT7702	ED	748	180	-2	0	13	169	139	30
PCT7702	MV	748	415	0	0	27	388	313	75
PCT7703	MV	171	79	4	0	9	66	57	9
PCT7704	ED	1008	257	1	0	17	239	187	52
PCT7704	MV	1008	557	1	2	30	524	412	112
PCT7705	ED	568	149	-2	0	10	141	112	29
PCT7705	MV	568	335	0	0	24	311	239	72
PCT7706	ED	840	252	1	0	10	241	190	51
PCT7706	MV	840	467	-1	0	25	443	356	87
PCT7707	ED	857	241	1	0	12	228	182	46
PCT7707	MV	857	495	-1	1	33	462	383	79
PCT7708	ED	871	205	-1	0	11	195	159	36
PCT7708	MV	871	540	2	1	35	502	408	94
PCT7709	ED	391	102	0	0	3	99	76	23
PCT7709	MV	391	222	0	2	15	205	157	48
PCT7711	ED	766	198	1	0	12	185	152	33
PCT7711	MV	766	422	-2	0	27	397	334	63
PCT7712	ED	529	149	-1	0	10	140	120	20
PCT7712	MV	529	296	-1	0	16	281	228	53
PCT7801	ED	1001	264	0	0	16	248	214	34
PCT7801	MV	1001	596	1	0	34	561	484	77
PCT7802	ED	788	230	0	0	16	214	173	41
PCT7802	MV	788	458	-1	1	21	437	387	50
PCT7803	ED	828	174	0	0	9	165	143	22
PCT7803	MV	828	552	1	0	18	533	472	61
PCT7804	ED	893	257	0	0	11	246	218	28
PCT7804	MV	893	533	0	0	32	501	435	66
PCT7805	ED	825	228	1	0	11	216	192	24
PCT7805	MV	825	484	1	0	21	462	423	39
PCT7806	ED	716	208	3	0	10	195	175	20
PCT7806	MV	716	407	0	2	16	389	356	33
PCT7807	ED	844	276	0	1	10	265	237	28
PCT7807	MV	844	417	2	0	21	394	356	38
PCT7808	ED	655	211	-1	0	14	198	176	22
PCT7808	MV	655	333	0	0	27	306	277	29
PCT7809	ED	781	238	1	0	15	222	208	14
PCT7809	MV	781	405	3	0	20	382	348	34
PCT7811	ED	783	249	0	0	10	239	212	27
PCT7811	MV	783	404	-1	0	15	390	351	39
PCT7812	ED	877	257	0	1	20	236	205	31
PCT7812	MV	877	454	-1	1	16	438	388	50
PCT7813	ED	1064	308	1	0	17	290	264	26
PCT7813	MV	1064	585	4	0	22	559	494	65
PCT7814	ED	936	228	2	2	17	207	187	20
PCT7814	MV	936	341	-1	1	10	331	293	38
PCT7815	ED	954	238	-2	0	13	227	196	31
PCT7815	MV	954	573	1	1	25	546	482	64
PCT7816	ED	865	236	0	0	15	221	191	30
PCT7816	MV	865	531	3	1	25	502	432	70
PCT7817	ED	823	277	1	0	19	257	233	24
PCT7817	MV	823	439	1	0	15	423	381	42
PCT7818	ED	860	234	-1	0	11	224	199	25
PCT7818	MV	860	452	-1	0	17	436	405	31
PCT7819	ED	793	191	0	0	10	181	158	23
PCT7819	MV	793	420	2	1	22	395	355	40
PCT7821	ED	985	248	1	0	9	238	217	21
PCT7821	MV	985	630	5	1	18	606	533	73
PCT7822	ED	908	275	0	0	10	265	231	34
PCT7822	MV	908	480	0	1	24	455	395	60
PCT7823	ED	879	270	7	0	12	251	226	25
PCT7823	MV	879	501	1	0	24	476	415	61
PCT7824	ED	768	247	0	0	14	233	205	28
PCT7824	MV	768	383	0	0	18	365	316	49
PCT7825	ED	597	191	-2	0	11	182	152	30
PCT7825	MV	597	302	-1	0	14	289	270	19
PCT7826	ED	684	258	1	0	12	245	223	22
PCT7826	MV	684	319	-1	0	21	299	267	32
PCT7827	ED	831	261	0	0	17	244	213	31
PCT7827	MV	831	361	0	0	13	348	307	41
PCT7828	ED	1018	261	1	0	21	239	212	27
PCT7828	MV	1018	549	-1	0	26	524	449	75
PCT7829	ED	907	237	1	1	8	227	199	28
PCT7829	MV	907	557	-1	0	28	530	445	85
PCT7831	ED	882	233	1	0	6	226	203	23
PCT7831	MV	882	544	14	0	31	499	444	55
PCT7832	ED	780	188	-1	0	6	183	169	14
PCT7832	MV	780	488	0	1	23	464	408	56
PCT7833	ED	747	230	0	0	7	223	199	24
PCT7833	MV	747	412	-1	0	29	384	355	29
PCT7834	ED	867	277	1	0	14	262	232	30
PCT7834	MV	867	439	2	0	15	422	390	32
PCT7835	ED	847	211	0	0	16	195	165	30
PCT7835	MV	847	505	5	0	24	476	394	82
PCT7836	ED	1023	260	1	0	11	248	205	43
PCT7836	MV	1023	623	-1	0	30	594	504	90
PCT7837	ED	911	260	1	0	12	247	216	31
PCT7837	MV	911	509	1	0	26	482	410	72
PCT7838	ED	926	239	2	0	10	227	198	29
PCT7838	MV	926	546	5	1	25	515	436	79
PCT7839	ED	842	205	1	0	10	194	165	29
PCT7839	MV	842	515	-6	0	17	504	433	71
PCT7841	ED	937	291	2	0	12	277	246	31
PCT7841	MV	937	526	5	0	19	502	459	43
PCT7842	ED	903	283	0	0	20	263	238	25
PCT7842	MV	903	434	-3	0	15	422	376	46
PCT7843	ED	767	232	-1	0	13	220	198	22
PCT7843	MV	767	380	-1	0	22	359	323	36
PCT7844	ED	663	196	0	1	9	186	169	17
PCT7844	MV	663	329	0	0	16	313	281	32
PCT7845	ED	849	241	-2	1	10	232	197	35
PCT7845	MV	849	469	-2	1	14	456	399	57
PCT7846	ED	904	262	1	0	9	252	222	30
PCT7846	MV	904	509	0	0	38	471	414	57
PCT7847	ED	929	261	1	0	15	245	207	38
PCT7847	MV	929	529	-1	1	31	498	462	36
PCT7848	ED	834	233	0	0	15	218	191	27
PCT7848	MV	834	491	-2	0	23	470	423	47
PCT7849	ED	929	264	0	0	15	249	222	27
PCT7849	MV	929	522	2	0	28	492	436	56
PCT7851	ED	513	136	0	0	8	128	110	18
PCT7851	MV	513	298	2	0	10	286	241	45
PCT7852	ED	647	143	0	0	10	133	108	25
PCT7852	MV	647	394	0	1	17	376	315	61
PCT7853	ED	850	214	1	0	10	203	172	31
PCT7853	MV	850	479	8	1	24	446	379	67
PCT7854	ED	894	248	0	1	15	232	202	30
PCT7854	MV	894	500	1	0	28	471	403	68
PCT7855	ED	986	301	0	0	10	291	262	29
PCT7855	MV	986	522	-1	0	28	495	426	69
PCT7856	ED	800	265	0	0	8	257	227	30
PCT7856	MV	800	425	2	0	24	399	345	54
PCT7857	ED	933	276	3	0	11	262	242	20
PCT7857	MV	933	517	-2	3	25	491	437	54
PCT7858	ED	775	245	1	0	11	233	199	34
PCT7858	MV	775	394	2	0	27	365	335	30
PCT7859	ED	891	250	-1	1	10	240	210	30
PCT7859	MV	891	513	2	0	25	486	426	60
PCT7861	ED	859	217	0	0	9	208	179	29
PCT7861	MV	859	510	1	0	22	487	403	84
PCT7862	ED	866	302	2	0	13	287	254	33
PCT7862	MV	866	472	2	0	27	443	395	48
PCT7863	ED	907	311	0	0	17	294	262	32
PCT7863	MV	907	440	0	0	20	420	360	60
PCT7864	ED	807	232	0	0	9	223	189	34
PCT7864	MV	807	427	-3	0	12	418	355	63
PCT7865	ED	823	241	1	1	8	231	200	31
PCT7865	MV	823	463	2	0	20	441	386	55
PCT7866	ED	836	209	0	0	7	202	175	27
PCT7866	MV	836	491	1	0	32	458	377	81
PCT7867	ED	955	266	-1	2	16	249	217	32
PCT7867	MV	955	512	5	0	21	486	420	66
PCT7868	ED	881	242	0	1	14	227	197	30
PCT7868	MV	881	449	1	0	13	435	381	54
PCT7869	ED	867	239	0	1	14	224	200	24
PCT7869	MV	867	489	-2	0	19	472	429	43
PCT7871	ED	900	259	1	0	15	243	208	35
PCT7871	MV	900	502	1	3	29	469	420	49
PCT7872	ED	862	288	2	0	18	268	238	30
PCT7872	MV	862	472	0	0	21	451	396	55
PCT7873	ED	861	257	2	0	6	249	224	25
PCT7873	MV	861	502	-2	1	23	480	433	47
PCT7874	ED	477	137	1	0	6	130	105	25
PCT7874	MV	477	256	2	0	21	233	201	32
PCT7875	ED	623	180	1	0	7	172	145	27
PCT7875	MV	623	285	0	0	13	272	228	44
PCT7876	ED	498	154	9	0	7	138	122	16
PCT7876	MV	498	269	0	0	21	248	227	21
PCT7901	ED	522	136	1	0	4	131	119	12
PCT7901	MV	522	198	0	0	9	189	167	22
PCT7902	ED	968	258	-1	0	23	236	205	31
PCT7902	MV	968	401	-2	1	21	381	342	39
PCT7903	ED	840	201	0	0	20	181	161	20
PCT7903	MV	840	350	0	2	15	333	288	45
PCT7904	ED	877	212	2	1	5	204	188	16
PCT7904	MV	877	403	-1	0	26	378	325	53
PCT7905	ED	851	254	-1	0	23	232	205	27
PCT7905	MV	851	409	4	0	19	386	324	62
PCT7906	ED	787	245	0	0	19	226	198	28
PCT7906	MV	787	335	-2	0	21	316	277	39
PCT7907	ED	950	278	1	0	17	260	232	28
PCT7907	MV	950	425	-3	2	22	404	360	44
PCT7908	ED	949	284	1	0	22	261	226	35
PCT7908	MV	949	408	1	0	23	384	346	38
PCT7909	ED	733	251	-1	0	11	241	215	26
PCT7909	MV	733	303	-1	0	21	283	262	21
PCT7911	ED	860	244	-1	0	14	231	201	30
PCT7911	MV	860	395	-2	0	21	376	321	55
PCT7912	ED	1065	291	1	0	17	273	244	29
PCT7912	MV	1065	463	-2	0	24	441	397	44
PCT7913	ED	913	312	1	1	13	297	258	39
PCT7913	MV	913	378	-2	0	24	356	306	50
PCT7914	ED	883	278	-1	0	14	265	238	27
PCT7914	MV	883	425	4	0	30	391	341	50
PCT7915	ED	831	266	1	0	12	253	223	30
PCT7915	MV	831	351	0	0	22	329	278	51
PCT7916	ED	888	284	-1	1	13	271	240	31
PCT7916	MV	888	421	0	1	23	397	360	37
PCT7917	ED	1015	315	1	2	11	301	272	29
PCT7917	MV	1015	428	1	2	21	404	368	36
PCT7918	ED	836	253	0	1	16	236	205	31
PCT7918	MV	836	379	0	0	16	363	332	31
PCT7919	ED	895	309	0	0	18	291	258	33
PCT7919	MV	895	376	-1	0	19	358	316	42
PCT7921	ED	917	232	1	0	16	215	185	30
PCT7921	MV	917	366	-1	0	30	337	292	45
PCT7922	ED	831	250	-1	1	14	236	209	27
PCT7922	MV	831	383	-1	0	27	357	323	34
PCT7923	ED	885	262	0	0	10	252	225	27
PCT7923	MV	885	403	-1	1	16	387	342	45
PCT7924	ED	842	238	0	1	16	221	175	46
PCT7924	MV	842	382	2	0	20	360	302	58
PCT7925	ED	567	156	0	0	6	150	131	19
PCT7925	MV	567	293	1	0	20	272	243	29
PCT7926	ED	795	229	0	0	8	221	192	29
PCT7926	MV	795	390	0	0	16	374	325	49
PCT7927	ED	747	241	-1	0	8	234	203	31
PCT7927	MV	747	392	2	0	16	374	337	37
PCT7928	ED	931	284	-1	0	14	271	243	28
PCT7928	MV	931	489	0	0	33	456	404	52
PCT7929	ED	864	248	0	0	10	238	209	29
PCT7929	MV	864	509	2	0	20	487	443	44
PCT7931	ED	738	219	0	0	8	211	187	24
PCT7931	MV	738	408	0	0	19	389	333	56
PCT7932	ED	551	157	1	0	10	146	130	16
PCT7932	MV	551	285	1	0	18	266	225	41
PCT7933	MV	6	4	0	0	0	4	3	1
PCT7934	ED	890	250	-1	0	9	242	215	27
PCT7934	MV	890	472	0	2	22	448	402	46
PCT7935	ED	970	305	0	0	13	292	270	22
PCT7935	MV	970	519	-2	0	25	496	423	73
PCT7936	ED	856	287	1	0	7	279	251	28
PCT7936	MV	856	428	-1	2	23	404	369	35
PCT7937	ED	886	267	0	0	18	249	226	23
PCT7937	MV	886	435	0	1	19	415	361	54
PCT7938	ED	788	213	0	0	17	196	171	25
PCT7938	MV	788	337	3	3	15	316	272	44
PCT7939	ED	688	254	0	1	13	240	221	19
PCT7939	MV	688	326	1	0	20	305	283	22
PCT7941	ED	751	218	-2	0	15	205	176	29
PCT7941	MV	751	348	0	0	19	329	279	50
PCT7942	ED	914	259	-1	0	21	239	212	27
PCT7942	MV	914	412	0	0	32	380	322	58
PCT7943	ED	872	258	8	0	16	234	211	23
PCT7943	MV	872	439	2	0	32	405	331	74
PCT7944	ED	801	243	0	0	9	234	201	33
PCT7944	MV	801	381	2	0	10	369	312	57
PCT7945	ED	915	186	2	0	17	167	150	17
PCT7945	MV	915	414	0	0	23	391	321	70
PCT7946	ED	945	183	1	0	10	172	121	51
PCT7946	MV	945	451	0	0	24	427	286	141
PCT7947	ED	946	182	1	0	18	163	123	40
PCT7947	MV	946	430	-1	0	30	401	289	112
PCT7948	ED	928	210	-1	0	14	197	145	52
PCT7948	MV	928	422	-4	0	33	393	276	117
PCT7949	ED	569	100	1	0	8	91	69	22
PCT7949	MV	569	292	-3	0	14	281	192	89
PCT7951	ED	854	166	1	0	11	154	122	32
PCT7951	MV	854	425	0	1	21	403	256	147
PCT7952	ED	866	167	0	0	23	144	103	41
PCT7952	MV	866	359	0	0	23	336	228	108
PCT7953	ED	824	186	4	1	11	170	125	45
PCT7953	MV	824	402	-1	0	23	380	262	118
PCT7955	ED	902	199	0	0	18	181	129	52
PCT7955	MV	902	435	0	0	22	413	287	126
PCT7956	ED	823	136	-1	1	13	123	92	31
PCT7956	MV	823	353	-2	1	32	322	222	100
PCT7957	ED	646	147	-1	0	11	137	103	34
PCT7957	MV	646	298	0	0	14	284	219	65
PCT7958	MV	290	141	1	0	11	129	92	37
PCT7959	ED	727	160	-1	0	5	156	128	28
PCT7959	MV	727	326	0	1	17	308	271	37
PCT9001	MV	273	142	0	0	8	134	98	36
PCT9101	ED	888	260	0	0	20	240	196	44
PCT9101	MV	888	438	-1	0	34	405	313	92
PCT9102	ED	985	257	0	0	14	243	202	41
PCT9102	MV	985	471	0	0	34	437	360	77
PCT9103	ED	954	273	0	0	25	248	186	62
PCT9103	MV	954	431	5	0	29	397	317	80
PCT9104	ED	988	239	0	0	19	220	188	32
PCT9104	MV	988	465	-1	0	34	432	341	91
PCT9105	ED	919	247	1	0	18	228	192	36
PCT9105	MV	919	488	-4	0	32	460	362	98
PCT9106	ED	937	268	0	0	16	252	213	39
PCT9106	MV	937	497	0	0	34	463	389	74
PCT9107	ED	849	219	-1	0	16	204	174	30
PCT9107	MV	849	372	-2	0	30	344	282	62
PCT9108	ED	790	247	0	0	19	228	191	37
PCT9108	MV	790	373	0	0	27	346	275	71
PCT9109	ED	884	263	0	0	23	240	195	45
PCT9109	MV	884	428	-1	0	35	394	327	67
PCT9111	ED	779	229	0	1	9	219	178	41
PCT9111	MV	779	346	2	0	26	318	258	60
PCT9112	ED	976	284	-1	0	14	271	223	48
PCT9112	MV	976	467	-6	0	41	432	349	83
PCT9113	ED	999	311	-2	0	21	292	249	43
PCT9113	MV	999	505	4	0	27	474	388	86
PCT9114	ED	877	263	0	0	23	240	203	37
PCT9114	MV	877	405	-1	0	30	376	311	65
PCT9115	ED	911	258	-1	0	15	244	217	27
PCT9115	MV	911	429	0	0	36	393	340	53
PCT9116	ED	944	281	0	1	14	266	211	55
PCT9116	MV	944	473	2	0	31	440	355	85
PCT9117	ED	783	222	0	0	17	205	164	41
PCT9117	MV	783	398	-1	0	22	377	302	75
PCT9118	ED	974	286	-2	1	21	266	213	53
PCT9118	MV	974	426	1	0	34	391	282	109
PCT9119	ED	891	237	-2	0	23	216	170	46
PCT9119	MV	891	447	0	0	29	418	324	94
PCT9121	ED	930	256	-1	0	19	238	180	58
PCT9121	MV	930	434	0	0	36	398	295	103
PCT9122	ED	953	210	0	0	20	190	156	34
PCT9122	MV	953	454	-1	0	34	421	294	127
PCT9123	ED	858	232	0	1	22	209	167	42
PCT9123	MV	858	418	1	0	20	397	307	90
PCT9124	ED	874	202	0	0	12	190	162	28
PCT9124	MV	874	438	1	1	31	405	302	103
PCT9125	ED	861	210	-1	0	19	192	154	38
PCT9125	MV	861	437	1	0	32	404	308	96
PCT9126	ED	1015	245	-2	0	25	222	183	39
PCT9126	MV	1015	533	-2	1	29	505	378	127
PCT9127	ED	960	269	0	0	16	253	213	40
PCT9127	MV	960	498	-1	0	33	466	364	102
PCT9128	ED	828	248	1	0	17	230	195	35
PCT9128	MV	828	412	2	0	38	372	299	73
PCT9129	ED	741	243	1	0	15	227	191	36
PCT9129	MV	741	348	0	0	17	331	258	73
PCT9131	ED	759	193	0	0	12	181	154	27
PCT9131	MV	759	403	1	1	32	369	292	77
PCT9132	ED	837	248	-1	0	14	235	202	33
PCT9132	MV	837	371	-1	0	19	353	300	53
PCT9133	ED	1021	271	0	0	15	256	229	27
PCT9133	MV	1021	503	3	2	43	455	396	59
PCT9134	ED	893	210	2	0	18	190	159	31
PCT9134	MV	893	469	-1	0	35	435	347	88
PCT9135	ED	808	215	-1	0	10	206	161	45
PCT9135	MV	808	389	0	0	22	367	279	88
PCT9136	ED	929	253	2	0	15	236	199	37
PCT9136	MV	929	439	2	0	27	410	309	101
PCT9137	ED	1006	260	0	0	13	247	188	59
PCT9137	MV	1006	467	0	0	41	426	315	111
PCT9138	ED	943	226	2	0	14	210	167	43
PCT9138	MV	943	477	0	0	34	443	318	125
PCT9139	ED	975	243	1	0	19	223	166	57
PCT9139	MV	975	510	0	0	42	468	358	110
PCT9141	ED	953	252	0	0	19	233	187	46
PCT9141	MV	953	477	2	0	33	442	337	105
PCT9142	ED	966	276	0	0	23	253	206	47
PCT9142	MV	966	459	1	0	26	432	354	78
PCT9143	ED	920	251	0	0	18	233	195	38
PCT9143	MV	920	463	2	0	37	424	321	103
PCT9144	ED	962	293	0	0	18	275	232	43
PCT9144	MV	962	482	0	0	24	458	369	89
PCT9145	ED	861	249	2	0	9	238	199	39
PCT9145	MV	861	423	-1	0	26	398	317	81
PCT9146	ED	885	245	-1	0	13	233	197	36
PCT9146	MV	885	464	5	0	36	423	342	81
PCT9147	ED	971	281	0	0	14	267	220	47
PCT9147	MV	971	492	-3	0	25	470	399	71
PCT9148	ED	1034	325	0	1	23	301	256	45
PCT9148	MV	1034	513	2	1	25	485	398	87
PCT9149	ED	948	264	-2	0	24	242	213	29
PCT9149	MV	948	478	3	0	35	440	377	63
PCT9151	ED	872	227	0	0	14	213	189	24
PCT9151	MV	872	418	5	0	22	391	332	59
PCT9152	ED	721	270	-12	0	18	264	234	30
PCT9152	MV	721	279	-1	0	28	252	223	29
PCT9201	ED	1004	300	1	0	16	283	234	49
PCT9201	MV	1004	475	1	0	26	448	391	57
PCT9202	ED	971	294	1	1	20	272	237	35
PCT9202	MV	971	426	1	0	27	398	341	57
PCT9203	ED	1002	239	0	2	17	220	182	38
PCT9203	MV	1002	536	-1	0	35	502	404	98
PCT9204	ED	873	273	2	0	18	253	206	47
PCT9204	MV	873	393	1	0	30	362	312	50
PCT9205	ED	728	208	-2	0	19	191	159	32
PCT9205	MV	728	376	4	1	22	349	290	59
PCT9206	ED	931	249	-1	0	18	232	179	53
PCT9206	MV	931	479	1	0	29	449	354	95
PCT9207	ED	981	262	2	0	19	241	187	54
PCT9207	MV	981	502	-1	0	35	468	382	86
PCT9208	ED	1002	287	0	0	27	260	220	40
PCT9208	MV	1002	491	0	1	43	447	384	63
PCT9209	ED	711	245	1	0	15	229	180	49
PCT9209	MV	711	327	2	0	25	300	243	57
PCT9211	ED	889	234	0	1	25	208	180	28
PCT9211	MV	889	432	-1	0	25	408	332	76
PCT9212	ED	803	234	1	0	16	217	172	45
PCT9212	MV	803	400	3	0	34	363	301	62
PCT9213	ED	951	264	2	1	25	236	192	44
PCT9213	MV	951	508	1	0	42	465	365	100
PCT9214	ED	640	166	0	0	7	159	129	30
PCT9214	MV	640	334	0	0	14	320	271	49
PCT9215	ED	652	194	2	0	15	177	141	36
PCT9215	MV	652	327	0	0	33	294	238	56
PCT9216	ED	845	246	2	1	15	228	193	35
PCT9216	MV	845	379	0	0	44	335	285	50
PCT9217	ED	698	194	1	0	15	178	144	34
PCT9217	MV	698	349	2	0	24	323	253	70
PCT9218	ED	841	249	2	0	20	227	188	39
PCT9218	MV	841	412	3	1	25	383	314	69
PCT9219	ED	802	242	-1	0	15	228	185	43
PCT9219	MV	802	399	0	1	33	365	319	46
PCT9221	ED	651	145	-1	0	8	138	108	30
PCT9221	MV	651	399	0	1	33	365	301	64
PCT9222	ED	883	249	-1	0	21	229	182	47
PCT9222	MV	883	449	0	1	27	421	345	76
PCT9223	ED	638	160	-1	0	11	150	116	34
PCT9223	MV	638	338	2	0	23	313	260	53
PCT9224	ED	960	263	0	0	16	247	189	58
PCT9224	MV	960	506	5	0	25	476	402	74
PCT9225	ED	958	299	1	1	29	268	222	46
PCT9225	MV	958	469	1	0	36	432	377	55
PCT9226	ED	926	271	0	0	13	258	221	37
PCT9226	MV	926	486	0	0	32	454	371	83
PCT9227	ED	738	188	0	0	6	182	143	39
PCT9227	MV	738	404	1	0	27	376	303	73
PCT9228	ED	747	189	1	0	12	176	152	24
PCT9228	MV	747	424	0	0	29	395	329	66
PCT9229	ED	598	162	0	0	8	154	136	18
PCT9229	MV	598	316	0	0	11	305	243	62
PCT9231	ED	953	313	3	1	25	284	249	35
PCT9231	MV	953	488	-1	0	20	469	409	60
PCT9232	ED	735	212	0	0	16	196	163	33
PCT9232	MV	735	396	0	0	26	370	315	55
PCT9233	ED	793	209	0	0	14	195	166	29
PCT9233	MV	793	434	1	0	21	412	350	62
PCT9234	ED	746	187	0	0	7	180	145	35
PCT9234	MV	746	438	2	0	37	399	331	68
PCT9235	ED	884	239	0	0	11	228	181	47
PCT9235	MV	884	488	1	0	30	457	378	79
PCT9236	ED	683	201	1	1	12	187	153	34
PCT9236	MV	683	358	2	0	20	336	284	52
PCT9237	ED	936	229	2	0	21	206	166	40
PCT9237	MV	936	539	1	1	38	499	422	77
PCT9238	ED	842	230	-1	0	16	215	170	45
PCT9238	MV	842	456	0	0	35	421	345	76
PCT9239	ED	881	200	1	0	12	187	154	33
PCT9239	MV	881	499	4	1	30	464	389	75
PCT9241	ED	1005	255	1	0	23	231	195	36
PCT9241	MV	1005	578	1	0	20	557	464	93
PCT9242	ED	972	277	2	0	24	251	195	56
PCT9242	MV	972	513	1	1	28	483	410	73
PCT9243	ED	594	193	1	0	13	179	153	26
PCT9243	MV	594	307	-2	0	20	289	253	36
PCT9244	ED	903	255	-2	0	19	238	216	22
PCT9244	MV	903	485	2	0	47	436	380	56
PCT9245	ED	742	209	1	0	20	188	155	33
PCT9245	MV	742	375	1	0	29	345	286	59
PCT9246	ED	929	257	1	0	16	240	200	40
PCT9246	MV	929	528	0	0	34	494	410	84
PCT9247	ED	927	264	2	0	19	243	208	35
PCT9247	MV	927	515	-1	0	33	483	417	66
PCT9248	ED	907	258	0	1	17	240	210	30
PCT9248	MV	907	487	2	0	25	460	386	74
PCT9249	ED	917	271	-1	0	19	253	211	42
PCT9249	MV	917	495	3	0	27	465	406	59
PCT9251	ED	995	287	1	0	15	271	235	36
PCT9251	MV	995	530	4	0	34	492	393	99
PCT9252	ED	944	219	2	0	15	202	167	35
PCT9252	MV	944	550	2	0	30	518	404	114
PCT9253	ED	772	187	0	0	13	174	145	29
PCT9253	MV	772	397	-2	0	17	382	320	62
PCT9254	ED	935	230	-2	0	9	223	195	28
PCT9254	MV	935	538	1	0	27	510	439	71
PCT9255	ED	553	183	2	0	9	172	144	28
PCT9255	MV	553	263	1	0	18	244	202	42
PCT9256	ED	474	130	-2	0	7	125	104	21
PCT9256	MV	474	233	-1	0	14	220	190	30
PCT9257	MV	321	235	0	0	14	221	194	27
PCT9258	ED	712	193	0	0	5	188	155	33
PCT9258	MV	712	373	-2	0	22	353	289	64
PCT9401	ED	1012	293	-5	0	27	271	238	33
PCT9401	MV	1012	484	-1	0	27	458	373	85
PCT9402	ED	977	290	0	0	18	272	225	47
PCT9402	MV	977	458	-1	0	42	417	319	98
PCT9403	ED	897	240	-3	0	21	222	182	40
PCT9403	MV	897	419	1	1	22	395	276	119
PCT9404	ED	930	200	0	0	21	179	142	37
PCT9404	MV	930	462	0	0	15	447	341	106
PCT9405	ED	786	210	4	1	19	186	143	43
PCT9405	MV	786	364	-2	0	22	344	257	87
PCT9406	ED	868	244	-1	2	12	231	173	58
PCT9406	MV	868	421	1	0	21	399	318	81
PCT9407	ED	889	253	-1	1	8	245	198	47
PCT9407	MV	889	409	0	0	27	382	303	79
PCT9408	ED	886	265	-2	1	25	241	199	42
PCT9408	MV	886	415	0	1	24	390	321	69
PCT9409	ED	590	201	-3	0	19	185	171	14
PCT9409	MV	590	252	1	0	23	228	180	48
PCT9411	ED	956	271	-1	0	15	257	221	36
PCT9411	MV	956	431	1	0	31	399	337	62
PCT9412	ED	848	245	-1	2	22	222	171	51
PCT9412	MV	848	380	-1	3	25	353	262	91
PCT9413	ED	894	229	-2	0	18	213	172	41
PCT9413	MV	894	461	1	0	28	432	327	105
PCT9414	ED	916	216	-1	0	12	205	160	45
PCT9414	MV	916	463	2	1	44	416	308	108
PCT9415	ED	784	187	1	0	17	169	131	38
PCT9415	MV	784	392	0	0	19	373	281	92
PCT9416	ED	1008	282	-1	0	19	264	218	46
PCT9416	MV	1008	480	2	0	33	445	314	131
PCT9417	ED	752	175	0	2	15	158	113	45
PCT9417	MV	752	402	0	1	32	369	265	104
PCT9418	ED	790	211	-2	0	21	192	149	43
PCT9418	MV	790	376	2	0	34	340	222	118
PCT9419	ED	924	222	1	0	12	209	149	60
PCT9419	MV	924	468	-3	1	38	432	308	124
PCT9421	ED	906	238	-4	1	24	217	157	60
PCT9421	MV	906	446	2	0	35	409	267	142
PCT9422	ED	1056	283	-2	0	30	255	200	55
PCT9422	MV	1056	513	2	0	30	481	369	112
PCT9423	ED	889	219	-1	0	20	200	159	41
PCT9423	MV	889	440	-2	0	39	403	298	105
PCT9424	ED	952	224	0	0	13	211	160	51
PCT9424	MV	952	496	1	1	21	473	331	142
PCT9425	ED	933	199	-1	0	15	185	139	46
PCT9425	MV	933	465	-1	1	34	431	300	131
PCT9426	ED	823	198	-1	0	15	184	130	54
PCT9426	MV	823	408	5	0	40	363	253	110
PCT9427	ED	948	210	1	0	16	193	145	48
PCT9427	MV	948	447	-3	0	21	429	277	152
PCT9428	ED	961	183	-2	0	17	168	132	36
PCT9428	MV	961	518	0	0	42	476	345	131
PCT9429	ED	899	228	0	0	19	209	158	51
PCT9429	MV	899	432	0	0	26	406	287	119
PCT9431	ED	973	235	2	0	17	216	151	65
PCT9431	MV	973	464	1	0	41	422	275	147
PCT9432	ED	945	214	-1	0	15	200	153	47
PCT9432	MV	945	468	0	0	37	431	322	109
PCT9433	ED	945	195	-1	0	16	180	129	51
PCT9433	MV	945	487	0	0	38	449	301	148
PCT9434	ED	979	261	-2	0	17	246	192	54
PCT9434	MV	979	481	0	0	23	458	344	114
PCT9435	ED	969	251	-3	0	20	234	165	69
PCT9435	MV	969	448	-2	1	40	409	293	116
PCT9436	ED	1006	232	0	0	21	211	166	45
PCT9436	MV	1006	495	-2	0	36	461	317	144
PCT9437	ED	897	219	-3	0	13	209	149	60
PCT9437	MV	897	435	2	1	24	408	272	136
PCT9438	ED	948	202	0	0	15	187	141	46
PCT9438	MV	948	496	-1	0	35	462	338	124
PCT9439	ED	879	173	-1	1	12	161	123	38
PCT9439	MV	879	425	1	0	32	392	277	115
PCT9441	ED	980	261	-1	0	13	249	198	51
PCT9441	MV	980	462	0	0	28	434	316	118
PCT9442	ED	1008	280	1	0	15	264	215	49
PCT9442	MV	1008	461	0	0	33	428	317	111
PCT9443	ED	937	220	-1	1	22	198	161	37
PCT9443	MV	937	442	-2	0	21	423	320	103
PCT9444	ED	937	190	1	0	18	171	131	40
PCT9444	MV	937	442	0	0	26	416	294	122
PCT9445	ED	981	230	-1	0	15	216	169	47
PCT9445	MV	981	493	-1	1	31	462	329	133
PCT9446	ED	1090	240	-1	0	14	227	182	45
PCT9446	MV	1090	564	1	0	34	529	360	169
PCT9447	ED	906	236	-1	0	11	226	179	47
PCT9447	MV	906	448	-2	0	27	423	305	118
PCT9448	ED	909	232	-3	0	24	211	174	37
PCT9448	MV	909	429	2	1	33	393	271	122
PCT9449	ED	830	177	3	0	14	160	123	37
PCT9449	MV	830	428	3	0	27	398	256	142
PCT9451	ED	420	97	0	0	5	92	68	24
PCT9451	MV	420	218	-1	0	14	205	142	63
PCT9452	ED	840	259	0	0	13	246	187	59
PCT9452	MV	840	412	1	0	20	391	276	115
PCT9453	ED	500	135	0	0	7	128	95	33
PCT9453	MV	500	244	0	0	23	221	164	57
PCT9501	MV	148	110	0	0	5	105	95	10
PCT9502	MV	245	177	2	0	4	171	151	20
PCT9503	ED	729	198	-2	0	12	188	160	28
PCT9503	MV	729	315	4	0	22	289	259	30
PCT9505	ED	784	177	-1	0	11	167	142	25
PCT9505	MV	784	383	0	0	32	351	299	52
PCT9506	ED	766	177	1	1	11	164	140	24
PCT9506	MV	766	313	-1	0	17	297	265	32
PCT9507	ED	766	231	0	0	4	227	199	28
PCT9507	MV	766	406	-1	0	20	387	344	43
PCT9508	ED	798	237	1	0	18	218	198	20
PCT9508	MV	798	429	-1	0	21	409	376	33
PCT9509	ED	759	230	1	0	17	212	179	33
PCT9509	MV	759	386	-2	0	28	360	325	35
PCT9511	ED	622	190	-1	0	10	181	160	21
PCT9511	MV	622	296	0	1	13	282	247	35
PCT9512	ED	809	240	1	0	12	227	207	20
PCT9512	MV	809	399	0	0	17	382	327	55
PCT9513	ED	902	275	-1	1	19	256	228	28
PCT9513	MV	902	390	2	0	20	368	330	38
PCT9514	ED	928	304	-4	0	22	286	247	39
PCT9514	MV	928	456	1	0	31	424	379	45
PCT9515	ED	705	222	0	0	13	209	179	30
PCT9515	MV	705	368	-3	0	21	350	291	59
PCT9516	ED	866	254	-2	0	16	240	188	52
PCT9516	MV	866	427	0	0	25	402	340	62
PCT9517	ED	801	228	0	0	13	215	197	18
PCT9517	MV	801	397	1	1	10	385	339	46
PCT9518	ED	802	229	-1	0	13	217	197	20
PCT9518	MV	802	431	0	1	16	414	373	41
PCT9519	ED	910	262	-1	2	9	252	219	33
PCT9519	MV	910	486	-3	0	29	460	415	45
PCT9521	ED	939	316	-2	0	18	300	271	29
PCT9521	MV	939	442	0	1	27	414	373	41
PCT9701	ED	671	201	-1	0	19	183	157	26
PCT9701	MV	671	340	1	0	28	311	249	62
PCT9702	ED	723	210	1	0	6	203	175	28
PCT9702	MV	723	364	0	0	19	345	267	78
PCT9703	ED	986	232	6	0	12	214	171	43
PCT9703	MV	986	530	1	0	42	487	364	123
PCT9704	ED	950	279	0	0	14	265	227	38
PCT9704	MV	950	505	0	0	35	470	366	104
PCT9705	ED	919	261	4	0	14	243	209	34
PCT9705	MV	919	483	0	2	35	446	383	63
PCT9706	MV	49	39	-1	0	5	35	29	6
PCT9707	ED	821	173	0	0	8	165	124	41
PCT9707	MV	821	491	4	0	33	454	342	112
PCT9708	ED	948	250	4	0	24	222	191	31
PCT9708	MV	948	500	-2	2	34	466	378	88
PCT9709	ED	1028	281	10	0	17	254	184	70
PCT9709	MV	1028	517	0	0	33	484	366	118
PCT9711	ED	641	195	0	0	16	179	140	39
PCT9711	MV	641	336	0	0	20	316	243	73
PCT9712	ED	649	160	0	0	9	151	120	31
PCT9712	MV	649	398	3	0	17	378	306	72
PCT9713	ED	960	225	1	0	21	203	153	50
PCT9713	MV	960	489	0	0	29	460	327	133
PCT9714	ED	931	208	1	0	13	194	136	58
PCT9714	MV	931	538	5	1	35	497	374	123
PCT9715	ED	569	180	0	0	13	167	146	21
PCT9715	MV	569	309	2	0	14	293	235	58
PCT9716	ED	947	239	5	0	16	218	170	48
PCT9716	MV	947	481	2	0	37	442	341	101
PCT9717	ED	972	265	0	1	13	251	182	69
PCT9717	MV	972	532	3	1	29	499	404	95
PCT9718	ED	862	227	0	0	4	223	177	46
PCT9718	MV	862	496	-1	0	30	467	359	108
PCT9719	ED	901	245	0	0	11	234	178	56
PCT9719	MV	901	524	6	0	21	497	389	108
PCT9721	ED	662	198	0	0	14	184	140	44
PCT9721	MV	662	357	1	1	20	335	264	71
PCT9722	ED	605	119	0	0	8	111	89	22
PCT9722	MV	605	355	-1	0	24	332	272	60
PCT9723	ED	481	98	0	0	7	91	69	22
PCT9723	MV	481	275	0	0	29	246	160	86
PCT9724	ED	991	205	0	0	21	184	117	67
PCT9724	MV	991	565	-1	0	38	528	323	205
PCT9725	ED	970	214	-3	0	23	194	147	47
PCT9725	MV	970	499	0	0	48	451	316	135
PCT9726	ED	655	263	0	2	21	240	208	32
PCT9726	MV	655	241	-2	0	22	221	178	43
PCT9727	ED	459	79	0	0	2	77	58	19
PCT9727	MV	459	271	1	0	15	255	187	68
PCT9728	ED	926	231	-2	0	16	217	169	48
PCT9728	MV	926	503	2	0	35	466	346	120
PCT9729	ED	800	191	1	0	10	180	144	36
PCT9729	MV	800	442	-1	0	32	411	311	100
PCT9731	ED	556	167	-1	0	16	152	124	28
PCT9731	MV	556	282	0	0	16	266	194	72
PCT9732	MV	70	56	0	1	1	54	42	12
PCT9733	MV	235	191	0	0	7	184	159	25
PCT9734	ED	603	154	0	0	5	149	115	34
PCT9734	MV	603	341	-1	0	23	319	252	67
PCT9735	ED	809	206	0	2	13	191	141	50
PCT9735	MV	809	449	0	0	24	425	311	114
PCT9736	ED	713	173	1	0	17	155	119	36
PCT9736	MV	713	410	2	0	21	387	311	76
PCT9737	ED	818	208	0	0	17	191	166	25
PCT9737	MV	818	476	3	0	29	444	356	88
PCT9738	ED	848	185	0	0	11	174	148	26
PCT9738	MV	848	404	0	0	34	370	315	55
PCT9739	ED	828	220	1	1	16	202	168	34
PCT9739	MV	828	335	0	0	22	313	271	42
PCT9741	ED	552	232	-8	2	22	216	199	17
PCT9741	MV	552	105	-1	0	13	93	86	7
PCT9742	ED	677	180	4	0	13	163	128	35
PCT9742	MV	677	289	1	1	14	273	189	84
PCT9743	ED	1163	310	-1	0	22	289	247	42
PCT9743	MV	1163	501	2	0	37	462	407	55
PCT9744	ED	911	247	0	0	24	223	180	43
PCT9744	MV	911	391	0	1	26	364	315	49
PCT9745	ED	991	282	-4	1	21	264	231	33
PCT9745	MV	991	346	1	0	15	330	266	64
PCT9746	ED	884	232	1	0	19	212	164	48
PCT9746	MV	884	452	0	0	24	428	339	89
PCT9747	ED	973	246	2	0	15	229	192	37
PCT9747	MV	973	470	0	1	41	428	336	92
PCT9748	ED	931	229	-1	0	7	223	179	44
PCT9748	MV	931	475	1	0	33	441	360	81
PCT9749	ED	913	225	2	0	20	203	157	46
PCT9749	MV	913	384	-3	1	37	349	245	104
PCT9751	ED	1016	253	0	1	22	230	189	41
PCT9751	MV	1016	523	0	2	38	483	352	131
PCT9752	ED	710	175	3	0	7	165	128	37
PCT9752	MV	710	392	-1	0	28	365	272	93
PCT9753	ED	756	186	-2	0	7	181	148	33
PCT9753	MV	756	388	0	0	23	365	283	82
PCT9754	ED	707	47	0	0	4	43	31	12
PCT9754	MV	707	377	0	0	21	356	301	55
PCT9755	ED	582	172	-2	0	12	162	132	30
PCT9755	MV	582	285	2	0	15	268	213	55
PCT9756	ED	941	185	0	0	16	169	140	29
PCT9756	MV	941	477	-2	1	36	442	299	143
PCT9801	ED	408	104	0	0	6	98	76	22
PCT9801	MV	408	181	0	0	5	176	134	42
CONG12	TO	443570	332491	289	258	21110	310834	259528	51306
CONG14	TO	56946	40357	-7	32	2744	37588	28618	8970
ASSM17	TO	291063	214827	225	187	13203	201212	171549	29663
ASSM19	TO	209453	158021	57	103	10651	147210	116597	30613
BART7	TO	38460	24736	27	24	1726	22959	18906	4053
BART8	TO	223735	166386	86	116	11562	154622	122002	32620
BART9	TO	238321	181726	169	150	10566	170841	147238	23603
SUPV1	TO	42767	32743	-2	11	2269	30465	24596	5869
SUPV2	TO	50394	40402	70	26	2667	37639	31370	6269
SUPV3	TO	39799	28571	-9	14	2147	26419	22331	4088
SUPV4	TO	42953	31699	-32	26	2225	29480	21914	7566
SUPV5	TO	53744	42036	33	38	2459	39506	34939	4567
SUPV6	TO	43321	29158	61	29	2104	26964	23415	3549
SUPV7	TO	47076	36587	49	32	2407	34099	26881	7218
SUPV8	TO	58122	48632	98	37	2349	46148	40539	5609
SUPV9	TO	42988	31769	7	31	1808	29923	25381	4542
SUPV10	TO	41862	26459	23	29	1746	24661	19615	5046
SUPV11	TO	37490	24792	-16	17	1673	23118	17165	5953
NEIG1	TO	19914	11270	8	16	837	10409	8032	2377
NEIG2	TO	17446	12440	0	6	995	11439	9508	1931
NEIG3	TO	28644	19045	20	15	1481	17529	15117	2412
NEIG4	TO	7002	5802	18	9	287	5488	4704	784
NEIG5	TO	27634	18420	-7	11	1226	17190	12737	4453
NEIG6	TO	14982	12240	12	15	619	11594	10384	1210
NEIG7	TO	12118	7928	-12	8	567	7365	5479	1886
NEIG8	TO	9734	7857	-11	5	465	7398	6414	984
NEIG9	TO	8390	5918	-16	7	472	5455	4351	1104
NEIG10	TO	10097	8010	4	0	494	7512	6357	1155
NEIG11	TO	40622	32395	64	26	2252	30053	25047	5006
NEIG12	TO	31129	23295	-3	26	1262	22010	19473	2537
NEIG13	TO	16964	14420	26	9	689	13696	11933	1763
NEIG14	TO	8795	7263	2	5	342	6914	6122	792
NEIG15	TO	7019	5232	1	3	374	4854	4140	714
NEIG26	TO	9293	6104	-5	4	419	5686	4044	1642
NEIG16	TO	16814	13081	11	7	723	12340	10699	1641
NEIG17	TO	37322	28503	8	11	1968	26516	21252	5264
NEIG18	TO	8050	6587	5	1	400	6181	5149	1032
NEIG19	TO	9419	7393	19	6	407	6961	6061	900
NEIG20	TO	24674	17045	22	17	1154	15852	13745	2107
NEIG21	TO	42363	31246	-30	26	2183	29067	21563	7504
NEIG22	TO	18966	16190	31	8	770	15381	13551	1830
NEIG23	TO	8139	4488	12	7	340	4129	2854	1275
NEIG24	TO	34909	27838	69	23	1728	26018	20493	5525
NEIG25	TO	30077	22838	34	19	1400	21385	18937	2448
