area_id	subtotal_type	RSReg	RSCst	RSRej	RSOvr	RSUnd	RSTot	076:ALEX PADILLA	077:MARK P. MEUSER
ALLPCTS	TO	500516	372461	106	109	19713	352533	309025	43508
ALLPCTS	ED	500516	127556	80	49	6755	120672	107373	13299
ALLPCTS	MV	500516	244905	26	60	12958	231861	201652	30209
PCT1101	ED	553	125	0	0	7	118	106	12
PCT1101	MV	553	266	0	0	12	254	214	40
PCT1102	ED	995	266	0	1	7	258	240	18
PCT1102	MV	995	480	0	0	16	464	393	71
PCT1103	ED	951	246	1	0	14	231	211	20
PCT1103	MV	951	445	0	0	15	430	352	78
PCT1104	ED	993	249	0	0	16	233	201	32
PCT1104	MV	993	414	0	1	21	392	335	57
PCT1106	ED	765	191	0	0	10	181	157	24
PCT1106	MV	765	343	0	0	21	322	255	67
PCT1107	ED	746	163	0	0	6	157	146	11
PCT1107	MV	746	336	0	0	30	306	261	45
PCT1108	ED	909	232	0	0	15	217	198	19
PCT1108	MV	909	437	0	0	28	409	362	47
PCT1109	ED	798	166	0	0	9	157	137	20
PCT1109	MV	798	365	0	0	16	349	286	63
PCT1111	ED	1002	205	0	0	15	190	173	17
PCT1111	MV	1002	460	0	0	27	433	355	78
PCT1112	ED	769	151	0	0	13	138	127	11
PCT1112	MV	769	344	0	0	21	323	280	43
PCT1113	ED	746	134	0	0	8	126	113	13
PCT1113	MV	746	359	0	0	42	317	250	67
PCT1114	ED	957	226	0	0	19	207	175	32
PCT1114	MV	957	403	0	0	29	374	307	67
PCT1115	ED	895	173	0	0	6	167	153	14
PCT1115	MV	895	371	0	1	19	351	283	68
PCT1116	ED	895	224	0	0	17	207	192	15
PCT1116	MV	895	376	0	0	26	350	285	65
PCT1117	ED	858	184	0	0	17	167	146	21
PCT1117	MV	858	357	0	0	35	322	278	44
PCT1118	ED	1043	213	0	0	10	203	187	16
PCT1118	MV	1043	475	0	0	36	439	361	78
PCT1119	ED	791	165	0	0	12	153	139	14
PCT1119	MV	791	386	0	0	13	373	311	62
PCT1121	ED	691	159	0	0	12	147	121	26
PCT1121	MV	691	313	0	1	35	277	220	57
PCT1122	ED	632	109	0	1	9	99	89	10
PCT1122	MV	632	310	0	0	26	284	214	70
PCT1123	ED	915	179	0	0	8	171	158	13
PCT1123	MV	915	364	0	0	28	336	280	56
PCT1124	ED	819	152	0	0	13	139	121	18
PCT1124	MV	819	302	0	0	15	287	240	47
PCT1125	ED	1047	159	0	0	6	153	126	27
PCT1125	MV	1047	466	0	0	23	443	359	84
PCT1126	ED	922	190	0	1	9	180	162	18
PCT1126	MV	922	400	0	0	27	373	322	51
PCT1127	ED	920	200	0	0	12	188	154	34
PCT1127	MV	920	382	0	0	21	361	286	75
PCT1128	ED	838	154	0	0	6	148	120	28
PCT1128	MV	838	362	0	0	17	345	278	67
PCT1129	ED	980	227	0	0	15	212	167	45
PCT1129	MV	980	416	0	0	14	402	311	91
PCT1131	ED	797	132	0	0	6	126	111	15
PCT1131	MV	797	371	0	0	23	348	261	87
PCT1132	ED	969	179	0	0	9	170	148	22
PCT1132	MV	969	427	0	0	38	389	315	74
PCT1133	ED	863	161	0	0	10	151	132	19
PCT1133	MV	863	410	0	0	20	390	310	80
PCT1134	ED	759	170	0	0	20	150	141	9
PCT1134	MV	759	317	0	0	26	291	239	52
PCT1135	ED	540	87	0	0	5	82	70	12
PCT1135	MV	540	295	0	0	21	274	221	53
PCT1136	ED	829	144	0	0	9	135	120	15
PCT1136	MV	829	412	0	0	28	384	309	75
PCT1141	ED	1041	223	0	0	16	207	184	23
PCT1141	MV	1041	484	0	0	26	458	399	59
PCT1142	ED	861	175	0	0	5	170	152	18
PCT1142	MV	861	393	0	0	24	369	309	60
PCT1143	ED	1034	228	0	0	4	224	209	15
PCT1143	MV	1034	440	0	0	24	416	331	85
PCT1144	ED	907	205	0	1	9	195	168	27
PCT1144	MV	907	387	0	0	28	359	297	62
PCT1145	ED	888	189	0	1	12	176	157	19
PCT1145	MV	888	461	0	0	24	437	374	63
PCT1146	ED	1011	186	0	0	14	172	150	22
PCT1146	MV	1011	454	0	1	41	412	358	54
PCT1147	ED	877	210	0	0	13	197	170	27
PCT1147	MV	877	396	0	1	32	363	312	51
PCT1148	ED	962	196	0	0	12	184	161	23
PCT1148	MV	962	444	0	2	30	412	322	90
PCT1149	ED	907	210	0	0	14	196	175	21
PCT1149	MV	907	407	0	0	28	379	326	53
PCT1152	ED	864	198	0	0	9	189	158	31
PCT1152	MV	864	388	0	1	24	363	306	57
PCT1153	ED	951	209	0	1	14	194	162	32
PCT1153	MV	951	415	0	0	29	386	308	78
PCT7001	ED	776	175	2	0	6	167	159	8
PCT7001	MV	776	429	0	0	22	407	378	29
PCT7002	ED	706	176	0	0	8	168	158	10
PCT7002	MV	706	332	0	0	11	321	293	28
PCT7003	ED	884	238	0	0	11	227	209	18
PCT7003	MV	884	498	0	0	19	479	438	41
PCT7004	ED	881	239	1	0	10	228	214	14
PCT7004	MV	881	496	0	0	16	480	448	32
PCT7005	ED	847	253	0	0	13	240	230	10
PCT7005	MV	847	480	0	0	16	464	444	20
PCT7006	ED	917	254	0	0	10	244	228	16
PCT7006	MV	917	442	0	1	19	422	400	22
PCT7007	ED	949	282	0	0	9	273	262	11
PCT7007	MV	949	516	0	0	17	499	464	35
PCT7008	ED	932	264	1	0	8	255	234	21
PCT7008	MV	932	546	1	0	22	523	480	43
PCT7009	ED	905	185	0	0	11	174	156	18
PCT7009	MV	905	513	0	0	20	493	455	38
PCT7011	ED	985	203	0	0	10	193	186	7
PCT7011	MV	985	294	0	0	16	278	262	16
PCT7012	ED	1109	313	0	0	3	310	271	39
PCT7012	MV	1109	594	0	0	27	567	520	47
PCT7013	ED	956	265	0	0	20	245	220	25
PCT7013	MV	956	501	0	0	18	483	450	33
PCT7014	ED	1460	366	0	0	13	353	333	20
PCT7014	MV	1460	801	0	1	29	771	721	50
PCT7015	MV	95	44	0	0	3	41	40	1
PCT7016	ED	918	171	0	0	15	156	140	16
PCT7016	MV	918	280	0	0	29	251	213	38
PCT7017	ED	754	149	0	0	13	136	127	9
PCT7017	MV	754	252	0	0	12	240	229	11
PCT7018	ED	977	154	0	0	13	141	121	20
PCT7018	MV	977	448	0	0	51	397	334	63
PCT7019	ED	899	182	0	1	15	166	159	7
PCT7019	MV	899	413	0	0	20	393	338	55
PCT7021	ED	947	184	0	0	14	170	156	14
PCT7021	MV	947	305	0	0	20	285	252	33
PCT7022	ED	945	214	0	0	17	197	188	9
PCT7022	MV	945	351	0	0	18	333	298	35
PCT7023	ED	928	177	0	0	6	171	159	12
PCT7023	MV	928	400	0	1	26	373	334	39
PCT7024	ED	414	70	0	0	8	62	59	3
PCT7024	MV	414	78	0	0	6	72	58	14
PCT7025	ED	477	85	0	0	10	75	71	4
PCT7025	MV	477	128	0	0	4	124	117	7
PCT7026	ED	1011	149	0	0	14	135	121	14
PCT7026	MV	1011	455	0	0	44	411	341	70
PCT7027	ED	869	195	0	0	14	181	166	15
PCT7027	MV	869	353	0	1	19	333	276	57
PCT7028	ED	850	212	0	0	15	197	185	12
PCT7028	MV	850	282	0	0	8	274	258	16
PCT7029	ED	901	183	0	2	22	159	148	11
PCT7029	MV	901	251	0	0	8	243	217	26
PCT7030	ED	759	118	0	0	9	109	86	23
PCT7030	MV	759	357	0	0	40	317	228	89
PCT7031	ED	641	91	0	0	7	84	77	7
PCT7031	MV	641	308	0	0	20	288	238	50
PCT7032	ED	904	173	1	0	22	150	133	17
PCT7032	MV	904	316	0	0	27	289	257	32
PCT7033	ED	798	191	0	0	15	176	159	17
PCT7033	MV	798	247	0	0	15	232	216	16
PCT7034	ED	958	197	0	0	27	170	155	15
PCT7034	MV	958	201	0	0	16	185	171	14
PCT7035	ED	606	122	0	0	6	116	108	8
PCT7035	MV	606	262	0	0	9	253	225	28
PCT7036	ED	921	117	0	0	9	108	99	9
PCT7036	MV	921	342	0	0	15	327	251	76
PCT7037	ED	735	134	0	0	20	114	104	10
PCT7037	MV	735	98	0	0	11	87	70	17
PCT7038	ED	911	135	0	0	16	119	107	12
PCT7038	MV	911	351	0	0	34	317	238	79
PCT7039	ED	784	178	0	0	12	166	141	25
PCT7039	MV	784	306	0	0	19	287	218	69
PCT7041	MV	61	33	0	0	1	32	25	7
PCT7042	ED	639	118	0	0	6	112	96	16
PCT7042	MV	639	258	0	0	15	243	206	37
PCT7043	ED	957	175	0	0	11	164	153	11
PCT7043	MV	957	404	0	0	32	372	333	39
PCT7044	ED	827	167	0	0	19	148	127	21
PCT7044	MV	827	193	0	0	12	181	152	29
PCT7045	ED	779	120	0	0	15	105	85	20
PCT7045	MV	779	344	0	0	28	316	242	74
PCT7046	ED	402	94	0	0	5	89	81	8
PCT7046	MV	402	175	0	0	14	161	123	38
PCT7047	ED	823	119	0	0	7	112	103	9
PCT7047	MV	823	388	0	0	27	361	290	71
PCT7048	ED	858	150	3	0	13	134	123	11
PCT7048	MV	858	318	0	0	27	291	242	49
PCT7049	ED	792	172	0	0	20	152	117	35
PCT7049	MV	792	305	0	0	44	261	196	65
PCT7051	ED	861	114	0	0	9	105	92	13
PCT7051	MV	861	380	0	0	48	332	253	79
PCT7052	ED	852	161	0	0	13	148	128	20
PCT7052	MV	852	402	0	0	39	363	283	80
PCT7053	ED	548	102	0	0	8	94	84	10
PCT7053	MV	548	278	0	0	14	264	208	56
PCT7054	ED	1073	214	0	0	10	204	193	11
PCT7054	MV	1073	410	0	0	26	384	334	50
PCT7055	ED	808	188	0	0	12	176	169	7
PCT7055	MV	808	440	0	0	25	415	359	56
PCT7101	MV	155	120	1	0	3	116	110	6
PCT7201	ED	936	245	0	0	16	229	201	28
PCT7201	MV	936	518	0	0	24	494	410	84
PCT7202	ED	850	225	0	0	5	220	189	31
PCT7202	MV	850	431	0	0	21	410	310	100
PCT7203	ED	921	289	1	1	10	277	249	28
PCT7203	MV	921	423	0	0	15	408	356	52
PCT7204	ED	918	233	0	0	11	222	186	36
PCT7204	MV	918	531	0	0	15	516	442	74
PCT7205	ED	875	249	0	0	21	228	199	29
PCT7205	MV	875	485	0	0	20	465	375	90
PCT7206	ED	378	134	0	0	5	129	118	11
PCT7206	MV	378	191	0	0	6	185	159	26
PCT7207	ED	812	194	0	0	12	182	159	23
PCT7207	MV	812	433	0	0	23	410	365	45
PCT7208	ED	600	111	0	0	7	104	96	8
PCT7208	MV	600	328	0	0	15	313	263	50
PCT7209	ED	626	107	0	0	9	98	88	10
PCT7209	MV	626	423	0	0	20	403	340	63
PCT7301	ED	1016	228	0	0	19	209	169	40
PCT7301	MV	1016	435	0	0	31	404	333	71
PCT7302	ED	814	188	0	0	9	179	147	32
PCT7302	MV	814	458	0	1	37	420	359	61
PCT7303	ED	1042	280	0	0	19	261	228	33
PCT7303	MV	1042	482	0	0	23	459	405	54
PCT7304	ED	1002	278	0	0	11	267	233	34
PCT7304	MV	1002	493	0	0	23	470	397	73
PCT7305	ED	871	239	0	0	13	226	190	36
PCT7305	MV	871	459	0	1	29	429	340	89
PCT7306	ED	1056	317	0	0	25	292	255	37
PCT7306	MV	1056	496	0	0	49	447	377	70
PCT7307	ED	767	209	0	0	11	198	184	14
PCT7307	MV	767	345	0	0	23	322	277	45
PCT7308	ED	603	177	0	0	10	167	149	18
PCT7308	MV	603	313	0	0	15	298	256	42
PCT7309	ED	884	260	0	0	13	247	217	30
PCT7309	MV	884	439	0	0	19	420	344	76
PCT7311	ED	917	266	0	0	8	258	235	23
PCT7311	MV	917	448	0	0	14	434	378	56
PCT7312	ED	821	203	0	0	12	191	160	31
PCT7312	MV	821	470	0	0	30	440	361	79
PCT7313	ED	968	224	1	0	10	213	194	19
PCT7313	MV	968	485	0	0	44	441	365	76
PCT7314	ED	787	125	0	0	12	113	93	20
PCT7314	MV	787	271	0	0	47	224	189	35
PCT7315	ED	760	220	0	0	20	200	175	25
PCT7315	MV	760	282	0	0	19	263	225	38
PCT7316	ED	853	205	0	0	9	196	175	21
PCT7316	MV	853	367	0	0	35	332	291	41
PCT7317	ED	904	189	0	0	9	180	155	25
PCT7317	MV	904	454	0	0	25	429	352	77
PCT7318	ED	727	179	0	0	16	163	144	19
PCT7318	MV	727	389	0	0	30	359	313	46
PCT7319	ED	1079	298	0	0	17	281	254	27
PCT7319	MV	1079	516	0	0	37	479	400	79
PCT7321	ED	671	149	0	0	19	130	112	18
PCT7321	MV	671	286	0	0	27	259	215	44
PCT7322	ED	874	64	0	0	10	54	46	8
PCT7322	MV	874	337	0	0	74	263	219	44
PCT7323	ED	950	234	0	0	16	218	189	29
PCT7323	MV	950	455	0	0	31	424	359	65
PCT7324	ED	755	189	0	0	18	171	147	24
PCT7324	MV	755	364	0	1	28	335	292	43
PCT7325	ED	904	240	0	0	16	224	196	28
PCT7325	MV	904	436	0	1	25	410	367	43
PCT7326	ED	876	199	0	0	10	189	177	12
PCT7326	MV	876	429	0	0	48	381	326	55
PCT7327	ED	699	71	0	0	12	59	49	10
PCT7327	MV	699	276	0	0	36	240	179	61
PCT7328	ED	973	94	0	0	15	79	63	16
PCT7328	MV	973	394	0	0	81	313	263	50
PCT7329	ED	640	112	0	0	6	106	94	12
PCT7329	MV	640	321	0	0	26	295	228	67
PCT7331	ED	852	213	0	1	11	201	147	54
PCT7331	MV	852	461	0	1	21	439	343	96
PCT7332	ED	834	223	0	0	16	207	188	19
PCT7332	MV	834	364	0	1	18	345	298	47
PCT7333	ED	1044	295	0	0	21	274	242	32
PCT7333	MV	1044	543	0	0	29	514	451	63
PCT7334	ED	881	199	0	0	7	192	169	23
PCT7334	MV	881	462	0	0	34	428	386	42
PCT7335	ED	970	225	0	0	8	217	194	23
PCT7335	MV	970	523	0	0	21	502	417	85
PCT7336	ED	955	236	0	0	17	219	191	28
PCT7336	MV	955	523	0	0	22	501	401	100
PCT7337	ED	851	178	0	0	12	166	140	26
PCT7337	MV	851	464	0	1	31	432	348	84
PCT7338	ED	915	153	0	0	11	142	122	20
PCT7338	MV	915	426	0	0	65	361	292	69
PCT7339	ED	669	174	0	0	8	166	152	14
PCT7339	MV	669	309	0	0	16	293	268	25
PCT7341	ED	908	260	0	0	12	248	220	28
PCT7341	MV	908	401	0	0	18	383	343	40
PCT7342	ED	947	333	0	0	13	320	284	36
PCT7342	MV	947	414	0	0	14	400	357	43
PCT7343	ED	731	234	0	0	10	224	204	20
PCT7343	MV	731	316	0	0	9	307	280	27
PCT7344	ED	1110	287	0	0	12	275	241	34
PCT7344	MV	1110	538	0	0	18	520	461	59
PCT7345	ED	1141	327	1	0	8	318	282	36
PCT7345	MV	1141	521	0	0	11	510	460	50
PCT7346	ED	920	248	0	0	10	238	219	19
PCT7346	MV	920	384	0	0	11	373	342	31
PCT7347	ED	1040	240	0	0	15	225	204	21
PCT7347	MV	1040	480	0	0	15	465	441	24
PCT7348	ED	861	210	0	0	4	206	177	29
PCT7348	MV	861	353	0	0	14	339	301	38
PCT7349	ED	957	247	0	0	9	238	211	27
PCT7349	MV	957	427	0	0	30	397	348	49
PCT7501	ED	565	172	0	0	6	166	145	21
PCT7501	MV	565	308	0	0	17	291	263	28
PCT7502	ED	784	180	1	0	7	172	153	19
PCT7502	MV	784	447	0	1	23	423	366	57
PCT7503	ED	764	207	0	0	13	194	172	22
PCT7503	MV	764	388	0	0	18	370	326	44
PCT7504	ED	503	112	0	0	5	107	92	15
PCT7504	MV	503	222	0	0	8	214	189	25
PCT7505	ED	869	158	0	0	21	137	118	19
PCT7505	MV	869	532	0	0	26	506	426	80
PCT7506	ED	999	224	0	0	6	218	204	14
PCT7506	MV	999	473	0	0	15	458	396	62
PCT7507	ED	955	210	0	1	16	193	169	24
PCT7507	MV	955	344	0	0	14	330	295	35
PCT7508	ED	727	154	0	0	9	145	126	19
PCT7508	MV	727	427	0	0	31	396	349	47
PCT7509	ED	932	235	2	0	6	227	205	22
PCT7509	MV	932	470	1	0	11	458	422	36
PCT7512	ED	612	149	0	0	12	137	97	40
PCT7512	MV	612	283	0	0	12	271	213	58
PCT7513	ED	818	225	0	1	14	210	192	18
PCT7513	MV	818	315	0	1	14	300	255	45
PCT7514	ED	874	140	0	1	9	130	121	9
PCT7514	MV	874	305	0	0	35	270	237	33
PCT7515	ED	869	211	0	0	20	191	173	18
PCT7515	MV	869	389	0	0	18	371	334	37
PCT7516	ED	922	172	0	0	10	162	146	16
PCT7516	MV	922	538	0	0	27	511	448	63
PCT7517	ED	863	289	0	0	10	279	267	12
PCT7517	MV	863	410	0	0	17	393	380	13
PCT7518	ED	950	309	0	0	13	296	279	17
PCT7518	MV	950	480	0	0	22	458	436	22
PCT7519	ED	737	224	0	0	2	222	204	18
PCT7519	MV	737	355	0	0	14	341	320	21
PCT7521	ED	812	291	0	0	20	271	256	15
PCT7521	MV	812	354	0	0	12	342	337	5
PCT7522	ED	764	207	0	0	6	201	191	10
PCT7522	MV	764	397	0	1	11	385	373	12
PCT7523	ED	747	275	0	0	17	258	244	14
PCT7523	MV	747	359	0	0	10	349	328	21
PCT7524	ED	615	181	0	0	16	165	160	5
PCT7524	MV	615	262	0	0	13	249	234	15
PCT7525	ED	800	205	0	0	6	199	188	11
PCT7525	MV	800	341	0	0	16	325	307	18
PCT7526	ED	1011	291	0	1	5	285	269	16
PCT7526	MV	1011	552	0	0	16	536	517	19
PCT7527	ED	725	208	0	1	12	195	169	26
PCT7527	MV	725	339	0	1	18	320	290	30
PCT7529	ED	948	294	0	0	11	283	270	13
PCT7529	MV	948	486	0	0	7	479	463	16
PCT7531	ED	865	225	0	0	5	220	214	6
PCT7531	MV	865	442	0	0	13	429	415	14
PCT7532	ED	852	246	0	0	13	233	220	13
PCT7532	MV	852	398	0	0	15	383	347	36
PCT7533	ED	1015	354	0	0	10	344	336	8
PCT7533	MV	1015	490	0	0	21	469	434	35
PCT7534	ED	936	322	0	0	12	310	297	13
PCT7534	MV	936	415	0	0	16	399	379	20
PCT7535	ED	767	261	0	1	12	248	237	11
PCT7535	MV	767	387	0	0	19	368	350	18
PCT7536	ED	863	291	0	0	12	279	271	8
PCT7536	MV	863	421	0	0	8	413	394	19
PCT7537	ED	752	240	0	0	10	230	216	14
PCT7537	MV	752	363	0	0	7	356	340	16
PCT7538	ED	771	246	0	0	5	241	231	10
PCT7538	MV	771	400	0	0	16	384	374	10
PCT7539	ED	922	330	0	0	13	317	305	12
PCT7539	MV	922	428	0	0	12	416	400	16
PCT7541	ED	805	245	0	0	7	238	226	12
PCT7541	MV	805	400	0	0	14	386	372	14
PCT7542	ED	821	270	0	0	12	258	253	5
PCT7542	MV	821	389	0	0	14	375	359	16
PCT7543	ED	909	215	0	0	14	201	196	5
PCT7543	MV	909	467	0	1	16	450	428	22
PCT7544	ED	898	256	0	0	15	241	222	19
PCT7544	MV	898	479	0	0	16	463	447	16
PCT7545	ED	918	273	0	0	7	266	250	16
PCT7545	MV	918	480	0	0	24	456	418	38
PCT7546	ED	982	304	0	0	16	288	271	17
PCT7546	MV	982	517	0	1	12	504	486	18
PCT7547	ED	1029	314	0	0	14	300	294	6
PCT7547	MV	1029	505	0	0	23	482	462	20
PCT7548	ED	1073	317	1	0	13	303	282	21
PCT7548	MV	1073	512	0	0	12	500	470	30
PCT7549	ED	811	215	0	0	11	204	187	17
PCT7549	MV	811	431	0	2	18	411	380	31
PCT7551	ED	741	239	0	0	8	231	219	12
PCT7551	MV	741	394	0	0	11	383	366	17
PCT7552	ED	727	241	0	0	10	231	223	8
PCT7552	MV	727	360	0	0	13	347	331	16
PCT7553	MV	180	126	0	0	4	122	109	13
PCT7554	ED	808	247	0	0	8	239	219	20
PCT7554	MV	808	442	0	0	13	429	402	27
PCT7555	ED	886	289	0	0	9	280	268	12
PCT7555	MV	886	459	0	0	11	448	424	24
PCT7556	ED	969	275	0	0	8	267	238	29
PCT7556	MV	969	573	0	0	10	563	535	28
PCT7601	ED	767	190	0	0	9	181	165	16
PCT7601	MV	767	290	0	0	11	279	244	35
PCT7602	ED	901	210	0	0	13	197	179	18
PCT7602	MV	901	379	0	0	22	357	326	31
PCT7603	ED	830	249	0	0	11	238	223	15
PCT7603	MV	830	376	0	1	17	358	320	38
PCT7604	ED	954	265	0	0	21	244	217	27
PCT7604	MV	954	352	0	0	15	337	303	34
PCT7605	ED	648	120	0	0	13	107	94	13
PCT7605	MV	648	203	0	1	14	188	161	27
PCT7606	ED	924	204	0	1	21	182	157	25
PCT7606	MV	924	330	0	0	14	316	284	32
PCT7607	ED	960	215	0	1	15	199	179	20
PCT7607	MV	960	407	0	0	18	389	341	48
PCT7608	ED	392	70	0	0	2	68	55	13
PCT7608	MV	392	136	0	0	17	119	91	28
PCT7609	ED	926	120	0	1	19	100	83	17
PCT7609	MV	926	352	0	0	54	298	248	50
PCT7611	ED	755	126	0	0	20	106	91	15
PCT7611	MV	755	269	0	0	49	220	190	30
PCT7612	ED	583	97	0	0	10	87	70	17
PCT7612	MV	583	265	0	0	23	242	201	41
PCT7613	ED	908	202	0	0	19	183	166	17
PCT7613	MV	908	340	0	0	23	317	273	44
PCT7614	ED	1029	223	0	0	24	199	185	14
PCT7614	MV	1029	375	0	2	12	361	315	46
PCT7615	ED	762	162	0	0	25	137	114	23
PCT7615	MV	762	237	0	0	27	210	172	38
PCT7616	ED	1203	322	0	0	15	307	274	33
PCT7616	MV	1203	686	0	0	16	670	614	56
PCT7617	ED	768	102	0	2	11	89	75	14
PCT7617	MV	768	261	0	0	27	234	184	50
PCT7618	ED	862	168	0	0	3	165	150	15
PCT7618	MV	862	407	0	0	15	392	350	42
PCT7619	ED	1063	219	0	0	8	211	191	20
PCT7619	MV	1063	563	0	0	22	541	488	53
PCT7621	ED	1320	287	0	0	12	275	254	21
PCT7621	MV	1320	668	0	0	23	645	575	70
PCT7622	ED	988	170	0	0	17	153	139	14
PCT7622	MV	988	301	0	0	21	280	238	42
PCT7623	ED	746	182	0	0	17	165	155	10
PCT7623	MV	746	297	0	0	20	277	239	38
PCT7624	ED	859	142	0	0	8	134	120	14
PCT7624	MV	859	290	0	1	22	267	232	35
PCT7625	ED	822	66	0	0	10	56	42	14
PCT7625	MV	822	475	0	0	85	390	307	83
PCT7626	ED	1114	224	0	0	7	217	201	16
PCT7626	MV	1114	612	0	0	17	595	528	67
PCT7627	ED	1187	266	0	0	18	248	217	31
PCT7627	MV	1187	582	0	0	34	548	439	109
PCT7628	ED	960	239	0	0	12	227	205	22
PCT7628	MV	960	428	0	1	17	410	383	27
PCT7629	ED	809	208	0	0	11	197	182	15
PCT7629	MV	809	343	0	0	15	328	296	32
PCT7631	ED	1155	266	0	0	27	239	208	31
PCT7631	MV	1155	576	0	0	31	545	495	50
PCT7632	ED	1124	288	0	0	16	272	245	27
PCT7632	MV	1124	561	0	0	19	542	500	42
PCT7633	ED	741	137	0	0	6	131	118	13
PCT7633	MV	741	392	0	0	40	352	304	48
PCT7634	ED	900	194	0	1	21	172	149	23
PCT7634	MV	900	421	0	0	26	395	335	60
PCT7635	ED	840	157	0	0	12	145	131	14
PCT7635	MV	840	382	0	0	15	367	338	29
PCT7636	ED	938	246	0	0	13	233	203	30
PCT7636	MV	938	465	0	0	13	452	409	43
PCT7637	ED	809	193	0	0	4	189	150	39
PCT7637	MV	809	404	0	0	21	383	336	47
PCT7638	ED	1467	294	0	0	16	278	233	45
PCT7638	MV	1467	871	1	0	37	833	681	152
PCT7639	ED	1011	241	0	0	11	230	193	37
PCT7639	MV	1011	559	0	0	25	534	468	66
PCT7641	ED	972	204	0	0	18	186	149	37
PCT7641	MV	972	549	0	0	30	519	422	97
PCT7642	ED	937	152	0	0	5	147	134	13
PCT7642	MV	937	394	0	0	34	360	313	47
PCT7643	ED	920	168	0	0	14	154	136	18
PCT7643	MV	920	507	0	0	21	486	427	59
PCT7644	ED	1175	329	0	0	14	315	287	28
PCT7644	MV	1175	554	0	0	18	536	490	46
PCT7645	ED	640	120	0	0	4	116	98	18
PCT7645	MV	640	377	0	0	14	363	300	63
PCT7646	ED	1100	262	0	0	13	249	226	23
PCT7646	MV	1100	591	0	0	30	561	516	45
PCT7647	ED	1075	205	0	0	14	191	168	23
PCT7647	MV	1075	283	0	1	15	267	244	23
PCT7648	MV	1	0	0	0	0	0	0	0
PCT7649	ED	891	175	0	0	9	166	157	9
PCT7649	MV	891	395	0	0	26	369	316	53
PCT7651	ED	677	165	1	0	9	155	137	18
PCT7651	MV	677	351	0	0	11	340	312	28
PCT7652	ED	628	135	0	0	6	129	114	15
PCT7652	MV	628	301	0	1	15	285	259	26
PCT7653	ED	1280	299	0	1	21	277	253	24
PCT7653	MV	1280	673	0	0	29	644	582	62
PCT7701	ED	1064	295	0	0	10	285	256	29
PCT7701	MV	1064	597	0	0	26	571	512	59
PCT7702	ED	748	179	0	0	10	169	146	23
PCT7702	MV	748	415	0	0	28	387	329	58
PCT7703	MV	171	79	0	1	7	71	61	10
PCT7704	ED	1008	257	0	0	19	238	200	38
PCT7704	MV	1008	557	0	0	29	528	439	89
PCT7705	ED	568	149	0	0	14	135	121	14
PCT7705	MV	568	335	0	0	14	321	266	55
PCT7706	ED	840	252	0	0	14	238	207	31
PCT7706	MV	840	467	0	0	18	449	380	69
PCT7707	ED	857	240	1	0	13	226	197	29
PCT7707	MV	857	495	0	0	24	471	421	50
PCT7708	ED	871	205	0	0	14	191	166	25
PCT7708	MV	871	540	0	0	24	516	450	66
PCT7709	ED	391	102	0	0	4	98	85	13
PCT7709	MV	391	222	0	0	6	216	194	22
PCT7711	ED	766	197	0	0	9	188	167	21
PCT7711	MV	766	422	0	0	21	401	370	31
PCT7712	ED	529	148	0	0	3	145	129	16
PCT7712	MV	529	296	0	0	2	294	267	27
PCT7801	ED	1001	263	1	0	8	254	234	20
PCT7801	MV	1001	596	0	0	21	575	531	44
PCT7802	ED	788	229	0	0	13	216	207	9
PCT7802	MV	788	458	0	0	20	438	408	30
PCT7803	ED	828	173	0	0	7	166	157	9
PCT7803	MV	828	552	0	0	13	539	503	36
PCT7804	ED	893	257	0	0	9	248	241	7
PCT7804	MV	893	533	0	0	14	519	491	28
PCT7805	ED	825	226	0	0	7	219	216	3
PCT7805	MV	825	484	0	0	10	474	444	30
PCT7806	ED	716	207	2	0	3	202	194	8
PCT7806	MV	716	406	0	0	16	390	371	19
PCT7807	ED	844	276	0	0	7	269	261	8
PCT7807	MV	844	417	0	0	13	404	390	14
PCT7808	ED	655	211	0	0	6	205	198	7
PCT7808	MV	655	333	0	0	7	326	316	10
PCT7809	ED	781	237	0	0	11	226	216	10
PCT7809	MV	781	405	0	0	13	392	379	13
PCT7811	ED	783	249	0	0	9	240	224	16
PCT7811	MV	783	404	0	0	11	393	376	17
PCT7812	ED	877	256	0	0	11	245	223	22
PCT7812	MV	877	454	0	0	17	437	416	21
PCT7813	ED	1064	308	1	0	9	298	288	10
PCT7813	MV	1064	585	0	0	20	565	544	21
PCT7814	ED	936	227	0	0	15	212	195	17
PCT7814	MV	936	340	0	1	9	330	310	20
PCT7815	ED	954	238	0	0	6	232	222	10
PCT7815	MV	954	573	0	0	16	557	536	21
PCT7816	ED	865	235	0	0	7	228	215	13
PCT7816	MV	865	531	1	0	12	518	499	19
PCT7817	ED	823	276	0	1	8	267	256	11
PCT7817	MV	823	439	0	0	11	428	417	11
PCT7818	ED	860	232	0	0	10	222	216	6
PCT7818	MV	860	452	2	0	15	435	423	12
PCT7819	ED	793	191	0	0	7	184	169	15
PCT7819	MV	793	420	0	0	14	406	382	24
PCT7821	ED	985	247	0	0	10	237	227	10
PCT7821	MV	985	629	0	0	17	612	574	38
PCT7822	ED	908	275	0	0	9	266	248	18
PCT7822	MV	908	479	0	0	17	462	436	26
PCT7823	ED	879	269	6	0	8	255	248	7
PCT7823	MV	879	501	0	0	22	479	453	26
PCT7824	ED	768	246	0	1	7	238	227	11
PCT7824	MV	768	383	0	0	21	362	342	20
PCT7825	ED	597	191	0	0	5	186	174	12
PCT7825	MV	597	302	0	0	6	296	285	11
PCT7826	ED	684	258	0	0	10	248	241	7
PCT7826	MV	684	319	0	0	8	311	292	19
PCT7827	ED	831	261	0	0	8	253	243	10
PCT7827	MV	831	361	0	0	11	350	323	27
PCT7828	ED	1018	260	0	0	6	254	235	19
PCT7828	MV	1018	549	0	0	21	528	493	35
PCT7829	ED	907	237	1	0	7	229	208	21
PCT7829	MV	907	557	0	0	13	544	503	41
PCT7831	ED	882	233	0	0	8	225	217	8
PCT7831	MV	882	544	0	0	10	534	508	26
PCT7832	ED	780	187	0	0	2	185	176	9
PCT7832	MV	780	487	0	0	13	474	447	27
PCT7833	ED	747	230	0	0	11	219	208	11
PCT7833	MV	747	412	0	0	8	404	385	19
PCT7834	ED	867	276	0	0	9	267	254	13
PCT7834	MV	867	438	0	0	12	426	413	13
PCT7835	ED	847	209	0	0	6	203	188	15
PCT7835	MV	847	505	1	0	15	489	450	39
PCT7836	ED	1023	259	0	0	9	250	228	22
PCT7836	MV	1023	623	0	0	18	605	557	48
PCT7837	ED	911	259	0	0	3	256	241	15
PCT7837	MV	911	509	2	0	16	491	464	27
PCT7838	ED	926	239	0	0	7	232	221	11
PCT7838	MV	926	545	0	0	18	527	497	30
PCT7839	ED	842	205	0	0	12	193	185	8
PCT7839	MV	842	515	0	0	15	500	464	36
PCT7841	ED	937	290	0	0	13	277	265	12
PCT7841	MV	937	526	0	0	17	509	490	19
PCT7842	ED	903	283	0	0	13	270	258	12
PCT7842	MV	903	434	0	0	15	419	388	31
PCT7843	ED	767	231	0	0	8	223	215	8
PCT7843	MV	767	380	0	0	8	372	348	24
PCT7844	ED	663	196	0	0	7	189	178	11
PCT7844	MV	663	329	0	0	11	318	297	21
PCT7845	ED	849	241	0	0	12	229	207	22
PCT7845	MV	849	469	0	0	14	455	430	25
PCT7846	ED	904	259	0	0	8	251	231	20
PCT7846	MV	904	509	0	0	20	489	446	43
PCT7847	ED	929	261	0	0	8	253	231	22
PCT7847	MV	929	529	0	0	25	504	482	22
PCT7848	ED	834	232	0	0	11	221	199	22
PCT7848	MV	834	491	0	0	18	473	445	28
PCT7849	ED	929	263	0	0	7	256	241	15
PCT7849	MV	929	522	0	0	11	511	484	27
PCT7851	ED	513	136	0	0	6	130	112	18
PCT7851	MV	513	298	0	0	17	281	252	29
PCT7852	ED	647	143	0	0	5	138	118	20
PCT7852	MV	647	394	0	0	15	379	336	43
PCT7853	ED	850	214	0	0	9	205	186	19
PCT7853	MV	850	479	0	0	16	463	424	39
PCT7854	ED	894	247	0	0	12	235	219	16
PCT7854	MV	894	500	0	0	20	480	449	31
PCT7855	ED	986	299	0	0	11	288	278	10
PCT7855	MV	986	521	0	0	22	499	452	47
PCT7856	ED	800	265	0	0	5	260	250	10
PCT7856	MV	800	425	0	0	15	410	388	22
PCT7857	ED	933	275	0	0	13	262	255	7
PCT7857	MV	933	517	0	0	19	498	467	31
PCT7858	ED	775	244	0	0	8	236	221	15
PCT7858	MV	775	394	0	0	19	375	361	14
PCT7859	ED	891	249	0	0	5	244	235	9
PCT7859	MV	891	513	0	0	11	502	464	38
PCT7861	ED	859	217	0	0	7	210	194	16
PCT7861	MV	859	510	0	0	19	491	452	39
PCT7862	ED	866	301	0	0	10	291	271	20
PCT7862	MV	866	472	0	0	13	459	420	39
PCT7863	ED	907	310	0	0	13	297	283	14
PCT7863	MV	907	440	0	0	14	426	402	24
PCT7864	ED	807	232	0	0	5	227	216	11
PCT7864	MV	807	426	0	0	10	416	386	30
PCT7865	ED	823	241	0	0	9	232	217	15
PCT7865	MV	823	463	0	0	10	453	415	38
PCT7866	ED	836	209	0	0	9	200	175	25
PCT7866	MV	836	491	0	0	16	475	399	76
PCT7867	ED	955	266	0	0	15	251	230	21
PCT7867	MV	955	510	0	0	18	492	446	46
PCT7868	ED	881	242	0	1	9	232	219	13
PCT7868	MV	881	449	1	0	16	432	391	41
PCT7869	ED	867	239	0	0	5	234	219	15
PCT7869	MV	867	489	0	0	11	478	452	26
PCT7871	ED	900	259	0	0	13	246	228	18
PCT7871	MV	900	502	2	1	14	485	456	29
PCT7872	ED	862	287	0	0	7	280	263	17
PCT7872	MV	862	472	0	0	23	449	422	27
PCT7873	ED	861	257	0	0	6	251	236	15
PCT7873	MV	861	501	0	0	14	487	457	30
PCT7874	ED	477	137	0	0	8	129	117	12
PCT7874	MV	477	255	1	0	12	242	225	17
PCT7875	ED	623	180	0	0	12	168	152	16
PCT7875	MV	623	285	0	0	14	271	236	35
PCT7876	ED	498	154	10	0	10	134	126	8
PCT7876	MV	498	269	0	0	11	258	250	8
PCT7901	ED	522	135	0	1	9	125	116	9
PCT7901	MV	522	198	0	0	9	189	173	16
PCT7902	ED	968	258	0	0	13	245	225	20
PCT7902	MV	968	401	0	0	12	389	368	21
PCT7903	ED	840	201	0	1	6	194	182	12
PCT7903	MV	840	350	0	0	22	328	307	21
PCT7904	ED	877	210	0	0	13	197	180	17
PCT7904	MV	877	403	0	1	15	387	358	29
PCT7905	ED	851	253	0	0	6	247	229	18
PCT7905	MV	851	409	1	0	15	393	364	29
PCT7906	ED	787	244	0	0	12	232	222	10
PCT7906	MV	787	335	0	0	12	323	307	16
PCT7907	ED	950	278	0	0	17	261	247	14
PCT7907	MV	950	425	0	0	21	404	388	16
PCT7908	ED	949	283	0	0	18	265	242	23
PCT7908	MV	949	408	0	0	29	379	352	27
PCT7909	ED	733	251	0	0	9	242	232	10
PCT7909	MV	733	303	0	0	8	295	287	8
PCT7911	ED	860	244	0	0	13	231	220	11
PCT7911	MV	860	395	0	0	8	387	367	20
PCT7912	ED	1065	290	0	0	15	275	259	16
PCT7912	MV	1065	463	0	0	21	442	423	19
PCT7913	ED	913	312	0	0	10	302	288	14
PCT7913	MV	913	378	0	0	15	363	342	21
PCT7914	ED	883	278	0	0	11	267	257	10
PCT7914	MV	883	425	0	0	11	414	391	23
PCT7915	ED	831	265	0	0	8	257	244	13
PCT7915	MV	831	351	0	0	8	343	323	20
PCT7916	ED	888	283	0	0	13	270	257	13
PCT7916	MV	888	421	0	0	1	420	394	26
PCT7917	ED	1015	312	0	0	14	298	287	11
PCT7917	MV	1015	428	0	0	11	417	395	22
PCT7918	ED	836	253	0	0	16	237	229	8
PCT7918	MV	836	379	0	1	11	367	353	14
PCT7919	ED	895	308	0	0	9	299	286	13
PCT7919	MV	895	376	0	0	12	364	346	18
PCT7921	ED	917	231	0	2	15	214	199	15
PCT7921	MV	917	366	0	0	18	348	317	31
PCT7922	ED	831	250	0	0	5	245	238	7
PCT7922	MV	831	383	0	0	11	372	351	21
PCT7923	ED	885	262	0	0	10	252	236	16
PCT7923	MV	885	403	0	0	13	390	370	20
PCT7924	ED	842	238	0	1	12	225	220	5
PCT7924	MV	842	382	0	0	7	375	349	26
PCT7925	ED	567	156	0	0	5	151	145	6
PCT7925	MV	567	293	0	0	12	281	264	17
PCT7926	ED	795	229	0	0	6	223	211	12
PCT7926	MV	795	390	0	0	6	384	363	21
PCT7927	ED	747	241	0	0	8	233	222	11
PCT7927	MV	747	392	0	0	10	382	367	15
PCT7928	ED	931	284	0	0	7	277	270	7
PCT7928	MV	931	489	0	0	15	474	443	31
PCT7929	ED	864	248	0	0	12	236	225	11
PCT7929	MV	864	509	1	0	14	494	471	23
PCT7931	ED	738	219	0	0	6	213	205	8
PCT7931	MV	738	408	0	0	17	391	374	17
PCT7932	ED	551	157	1	0	5	151	143	8
PCT7932	MV	551	285	0	0	6	279	260	19
PCT7933	MV	6	4	0	0	0	4	4	0
PCT7934	ED	890	250	0	0	10	240	231	9
PCT7934	MV	890	472	0	1	14	457	435	22
PCT7935	ED	970	305	0	0	10	295	279	16
PCT7935	MV	970	519	0	0	19	500	473	27
PCT7936	ED	856	287	0	0	9	278	263	15
PCT7936	MV	856	428	0	0	10	418	399	19
PCT7937	ED	886	267	0	0	20	247	235	12
PCT7937	MV	886	434	0	0	19	415	390	25
PCT7938	ED	788	213	0	0	10	203	189	14
PCT7938	MV	788	337	0	0	13	324	308	16
PCT7939	ED	688	253	0	0	3	250	237	13
PCT7939	MV	688	326	0	0	12	314	298	16
PCT7941	ED	751	218	0	2	7	209	204	5
PCT7941	MV	751	348	0	0	13	335	319	16
PCT7942	ED	914	257	1	0	9	247	228	19
PCT7942	MV	914	412	0	1	24	387	358	29
PCT7943	ED	872	257	4	0	6	247	228	19
PCT7943	MV	872	439	0	1	25	413	367	46
PCT7944	ED	801	243	0	0	8	235	229	6
PCT7944	MV	801	381	0	0	5	376	350	26
PCT7945	ED	915	186	0	0	9	177	165	12
PCT7945	MV	915	412	0	0	16	396	362	34
PCT7946	ED	945	183	0	0	10	173	149	24
PCT7946	MV	945	451	0	0	30	421	342	79
PCT7947	ED	946	182	0	0	16	166	149	17
PCT7947	MV	946	430	0	0	46	384	323	61
PCT7948	ED	928	209	0	0	9	200	179	21
PCT7948	MV	928	422	0	0	37	385	316	69
PCT7949	ED	569	100	0	0	10	90	69	21
PCT7949	MV	569	292	0	1	22	269	209	60
PCT7951	ED	854	166	0	0	14	152	133	19
PCT7951	MV	854	424	0	0	28	396	293	103
PCT7952	ED	866	167	0	0	14	153	125	28
PCT7952	MV	866	359	0	0	28	331	276	55
PCT7953	ED	824	186	2	0	11	173	148	25
PCT7953	MV	824	402	0	0	31	371	295	76
PCT7955	ED	902	199	0	1	13	185	151	34
PCT7955	MV	902	434	0	0	39	395	327	68
PCT7956	ED	823	136	0	0	14	122	101	21
PCT7956	MV	823	353	0	0	25	328	243	85
PCT7957	ED	646	147	0	0	9	138	123	15
PCT7957	MV	646	298	0	0	17	281	242	39
PCT7958	MV	290	141	0	0	14	127	98	29
PCT7959	ED	727	157	0	0	6	151	143	8
PCT7959	MV	727	326	0	0	15	311	297	14
PCT9001	MV	273	142	0	0	7	135	116	19
PCT9101	ED	888	260	0	3	11	246	212	34
PCT9101	MV	888	438	0	0	32	406	325	81
PCT9102	ED	985	257	0	0	12	245	199	46
PCT9102	MV	985	471	0	0	20	451	370	81
PCT9103	ED	954	272	0	0	19	253	213	40
PCT9103	MV	954	431	0	1	35	395	328	67
PCT9104	ED	988	239	0	0	17	222	197	25
PCT9104	MV	988	465	0	0	28	437	356	81
PCT9105	ED	919	247	0	0	16	231	200	31
PCT9105	MV	919	488	0	0	44	444	386	58
PCT9106	ED	937	268	1	0	10	257	223	34
PCT9106	MV	937	497	0	0	31	466	404	62
PCT9107	ED	849	218	0	0	11	207	175	32
PCT9107	MV	849	372	0	0	22	350	295	55
PCT9108	ED	790	246	0	0	11	235	213	22
PCT9108	MV	790	373	1	0	21	351	305	46
PCT9109	ED	884	263	0	0	8	255	215	40
PCT9109	MV	884	427	0	0	30	397	363	34
PCT9111	ED	779	229	0	0	11	218	192	26
PCT9111	MV	779	346	0	0	22	324	272	52
PCT9112	ED	976	284	0	0	16	268	234	34
PCT9112	MV	976	467	0	0	24	443	394	49
PCT9113	ED	999	310	0	0	16	294	263	31
PCT9113	MV	999	505	0	0	22	483	413	70
PCT9114	ED	877	263	0	0	13	250	221	29
PCT9114	MV	877	405	0	0	20	385	335	50
PCT9115	ED	911	258	0	0	13	245	224	21
PCT9115	MV	911	429	0	0	25	404	363	41
PCT9116	ED	944	281	1	0	8	272	233	39
PCT9116	MV	944	473	0	0	23	450	394	56
PCT9117	ED	783	222	0	0	4	218	192	26
PCT9117	MV	783	398	0	0	21	377	327	50
PCT9118	ED	974	286	0	0	17	269	226	43
PCT9118	MV	974	426	0	0	39	387	321	66
PCT9119	ED	891	237	0	0	19	218	190	28
PCT9119	MV	891	446	0	1	30	415	343	72
PCT9121	ED	930	256	0	0	12	244	200	44
PCT9121	MV	930	434	0	0	23	411	352	59
PCT9122	ED	953	208	0	0	12	196	169	27
PCT9122	MV	953	454	0	0	23	431	341	90
PCT9123	ED	858	231	0	1	8	222	179	43
PCT9123	MV	858	418	0	0	21	397	327	70
PCT9124	ED	874	201	0	1	9	191	167	24
PCT9124	MV	874	438	0	0	40	398	319	79
PCT9125	ED	861	210	0	0	15	195	176	19
PCT9125	MV	861	437	0	0	26	411	354	57
PCT9126	ED	1015	245	0	0	17	228	195	33
PCT9126	MV	1015	533	0	0	42	491	399	92
PCT9127	ED	960	269	0	0	16	253	220	33
PCT9127	MV	960	498	0	0	21	477	407	70
PCT9128	ED	828	248	0	0	14	234	205	29
PCT9128	MV	828	412	0	0	12	400	328	72
PCT9129	ED	741	243	0	0	13	230	205	25
PCT9129	MV	741	348	0	0	15	333	290	43
PCT9131	ED	759	192	0	0	12	180	162	18
PCT9131	MV	759	403	0	0	19	384	321	63
PCT9132	ED	837	248	0	0	12	236	209	27
PCT9132	MV	837	371	0	0	19	352	318	34
PCT9133	ED	1021	270	0	0	11	259	239	20
PCT9133	MV	1021	503	0	0	26	477	408	69
PCT9134	ED	893	210	0	0	18	192	172	20
PCT9134	MV	893	469	0	0	31	438	376	62
PCT9135	ED	808	214	0	0	12	202	162	40
PCT9135	MV	808	389	0	0	15	374	285	89
PCT9136	ED	929	253	0	1	14	238	216	22
PCT9136	MV	929	439	0	0	35	404	351	53
PCT9137	ED	1006	259	0	0	18	241	197	44
PCT9137	MV	1006	467	0	0	30	437	356	81
PCT9138	ED	943	226	1	0	13	212	182	30
PCT9138	MV	943	476	1	1	24	450	377	73
PCT9139	ED	975	243	0	0	8	235	197	38
PCT9139	MV	975	510	0	0	34	476	364	112
PCT9141	ED	953	251	0	0	16	235	193	42
PCT9141	MV	953	477	0	0	26	451	364	87
PCT9142	ED	966	275	0	0	16	259	234	25
PCT9142	MV	966	459	0	0	21	438	386	52
PCT9143	ED	920	251	0	0	15	236	207	29
PCT9143	MV	920	463	0	0	30	433	355	78
PCT9144	ED	962	291	0	0	8	283	254	29
PCT9144	MV	962	482	0	0	30	452	380	72
PCT9145	ED	861	249	1	0	12	236	205	31
PCT9145	MV	861	423	0	0	19	404	347	57
PCT9146	ED	885	245	0	0	15	230	202	28
PCT9146	MV	885	464	0	0	21	443	403	40
PCT9147	ED	971	280	0	0	29	251	231	20
PCT9147	MV	971	492	0	0	16	476	427	49
PCT9148	ED	1034	322	0	0	7	315	286	29
PCT9148	MV	1034	513	0	0	19	494	446	48
PCT9149	ED	948	263	0	0	10	253	232	21
PCT9149	MV	948	478	0	0	16	462	411	51
PCT9151	ED	872	226	0	0	10	216	194	22
PCT9151	MV	872	418	0	0	14	404	357	47
PCT9152	ED	721	269	0	0	13	256	238	18
PCT9152	MV	721	279	0	0	12	267	235	32
PCT9201	ED	1004	298	0	0	6	292	262	30
PCT9201	MV	1004	475	0	0	12	463	418	45
PCT9202	ED	971	294	0	0	11	283	243	40
PCT9202	MV	971	426	0	0	15	411	363	48
PCT9203	ED	1002	239	0	0	14	225	157	68
PCT9203	MV	1002	536	0	0	33	503	370	133
PCT9204	ED	873	273	0	0	21	252	185	67
PCT9204	MV	873	393	0	1	18	374	268	106
PCT9205	ED	728	208	0	0	14	194	160	34
PCT9205	MV	728	376	0	0	22	354	309	45
PCT9206	ED	931	246	0	0	14	232	162	70
PCT9206	MV	931	479	0	0	24	455	327	128
PCT9207	ED	981	261	0	0	21	240	175	65
PCT9207	MV	981	502	0	0	40	462	359	103
PCT9208	ED	1002	286	0	0	13	273	220	53
PCT9208	MV	1002	491	0	0	36	455	374	81
PCT9209	ED	711	244	0	0	14	230	179	51
PCT9209	MV	711	327	0	0	17	310	242	68
PCT9211	ED	889	234	0	0	12	222	188	34
PCT9211	MV	889	432	0	0	26	406	334	72
PCT9212	ED	803	233	0	0	11	222	184	38
PCT9212	MV	803	400	0	1	20	379	310	69
PCT9213	ED	951	264	0	0	13	251	210	41
PCT9213	MV	951	507	0	1	22	484	406	78
PCT9214	ED	640	166	0	0	9	157	123	34
PCT9214	MV	640	334	0	0	22	312	237	75
PCT9215	ED	652	192	0	0	11	181	131	50
PCT9215	MV	652	327	0	0	26	301	245	56
PCT9216	ED	845	245	0	0	6	239	198	41
PCT9216	MV	845	379	0	0	25	354	294	60
PCT9217	ED	698	193	0	0	14	179	138	41
PCT9217	MV	698	349	0	0	23	326	254	72
PCT9218	ED	841	247	0	0	10	237	190	47
PCT9218	MV	841	412	0	0	29	383	303	80
PCT9219	ED	802	240	0	0	15	225	190	35
PCT9219	MV	802	399	0	0	16	383	332	51
PCT9221	ED	651	145	0	0	6	139	109	30
PCT9221	MV	651	399	0	0	27	372	270	102
PCT9222	ED	883	248	0	0	26	222	183	39
PCT9222	MV	883	449	0	0	20	429	333	96
PCT9223	ED	638	160	0	0	8	152	118	34
PCT9223	MV	638	338	0	0	15	323	253	70
PCT9224	ED	960	262	0	0	18	244	188	56
PCT9224	MV	960	506	0	0	27	479	377	102
PCT9225	ED	958	296	0	0	12	284	227	57
PCT9225	MV	958	469	0	0	27	442	370	72
PCT9226	ED	926	270	0	0	18	252	195	57
PCT9226	MV	926	486	0	0	28	458	380	78
PCT9227	ED	738	188	0	0	14	174	137	37
PCT9227	MV	738	404	0	0	24	380	295	85
PCT9228	ED	747	189	0	0	18	171	139	32
PCT9228	MV	747	424	0	0	22	402	312	90
PCT9229	ED	598	162	0	0	8	154	125	29
PCT9229	MV	598	316	0	0	15	301	248	53
PCT9231	ED	953	313	0	0	15	298	274	24
PCT9231	MV	953	488	0	0	35	453	402	51
PCT9232	ED	735	212	0	0	17	195	163	32
PCT9232	MV	735	396	0	0	15	381	330	51
PCT9233	ED	793	208	0	0	12	196	159	37
PCT9233	MV	793	434	0	0	27	407	318	89
PCT9234	ED	746	187	0	0	11	176	147	29
PCT9234	MV	746	438	0	0	23	415	336	79
PCT9235	ED	884	239	0	0	12	227	191	36
PCT9235	MV	884	488	0	0	23	465	356	109
PCT9236	ED	683	200	0	0	10	190	152	38
PCT9236	MV	683	358	0	0	13	345	299	46
PCT9237	ED	936	225	0	0	13	212	176	36
PCT9237	MV	936	539	0	0	29	510	431	79
PCT9238	ED	842	230	0	0	16	214	176	38
PCT9238	MV	842	456	0	0	26	430	335	95
PCT9239	ED	881	198	0	0	14	184	146	38
PCT9239	MV	881	499	0	0	28	471	380	91
PCT9241	ED	1005	254	0	0	17	237	199	38
PCT9241	MV	1005	578	0	0	16	562	479	83
PCT9242	ED	972	276	0	0	13	263	212	51
PCT9242	MV	972	513	0	0	17	496	428	68
PCT9243	ED	594	191	0	0	9	182	151	31
PCT9243	MV	594	307	0	0	11	296	265	31
PCT9244	ED	903	254	0	0	12	242	215	27
PCT9244	MV	903	485	0	0	27	458	414	44
PCT9245	ED	742	208	0	1	7	200	172	28
PCT9245	MV	742	375	0	0	20	355	317	38
PCT9246	ED	929	254	0	0	16	238	211	27
PCT9246	MV	929	528	0	0	27	501	425	76
PCT9247	ED	927	263	0	0	13	250	209	41
PCT9247	MV	927	515	0	0	14	501	425	76
PCT9248	ED	907	257	0	0	7	250	221	29
PCT9248	MV	907	485	0	0	26	459	411	48
PCT9249	ED	917	271	0	0	11	260	229	31
PCT9249	MV	917	494	0	0	24	470	391	79
PCT9251	ED	995	286	0	1	20	265	236	29
PCT9251	MV	995	530	0	0	23	507	436	71
PCT9252	ED	944	218	0	0	11	207	177	30
PCT9252	MV	944	550	0	0	33	517	443	74
PCT9253	ED	772	187	0	0	9	178	138	40
PCT9253	MV	772	397	0	0	20	377	309	68
PCT9254	ED	935	230	0	0	5	225	202	23
PCT9254	MV	935	538	0	0	16	522	468	54
PCT9255	ED	553	182	0	0	10	172	151	21
PCT9255	MV	553	263	0	0	11	252	230	22
PCT9256	ED	474	128	0	0	4	124	117	7
PCT9256	MV	474	233	0	1	11	221	200	21
PCT9257	MV	321	235	0	0	6	229	215	14
PCT9258	ED	712	192	0	0	7	185	170	15
PCT9258	MV	712	373	0	0	21	352	308	44
PCT9401	ED	1012	293	0	0	17	276	256	20
PCT9401	MV	1012	483	0	0	29	454	405	49
PCT9402	ED	977	288	0	0	26	262	236	26
PCT9402	MV	977	458	0	0	39	419	361	58
PCT9403	ED	897	239	0	0	9	230	202	28
PCT9403	MV	897	419	0	0	30	389	314	75
PCT9404	ED	930	200	0	0	19	181	158	23
PCT9404	MV	930	462	0	0	35	427	353	74
PCT9405	ED	786	210	0	0	11	199	161	38
PCT9405	MV	786	364	0	0	26	338	283	55
PCT9406	ED	868	244	0	0	18	226	186	40
PCT9406	MV	868	421	0	0	19	402	348	54
PCT9407	ED	889	253	0	0	15	238	203	35
PCT9407	MV	889	409	0	0	22	387	335	52
PCT9408	ED	886	265	0	0	15	250	222	28
PCT9408	MV	886	415	0	0	26	389	353	36
PCT9409	ED	590	201	0	0	4	197	186	11
PCT9409	MV	590	252	0	0	16	236	211	25
PCT9411	ED	956	270	0	0	13	257	239	18
PCT9411	MV	956	430	0	0	15	415	376	39
PCT9412	ED	848	245	0	0	18	227	199	28
PCT9412	MV	848	380	0	0	35	345	288	57
PCT9413	ED	894	229	0	0	16	213	185	28
PCT9413	MV	894	461	0	0	36	425	345	80
PCT9414	ED	916	216	0	0	9	207	173	34
PCT9414	MV	916	463	0	0	30	433	367	66
PCT9415	ED	784	187	0	0	14	173	136	37
PCT9415	MV	784	391	0	0	36	355	283	72
PCT9416	ED	1008	280	1	0	14	265	224	41
PCT9416	MV	1008	480	1	0	35	444	390	54
PCT9417	ED	752	175	0	0	14	161	133	28
PCT9417	MV	752	402	0	0	36	366	298	68
PCT9418	ED	790	211	0	0	20	191	154	37
PCT9418	MV	790	376	0	0	39	337	242	95
PCT9419	ED	924	222	0	0	22	200	150	50
PCT9419	MV	924	468	0	0	32	436	326	110
PCT9421	ED	906	237	0	0	20	217	167	50
PCT9421	MV	906	446	0	0	56	390	296	94
PCT9422	ED	1056	283	0	0	25	258	207	51
PCT9422	MV	1056	513	0	0	35	478	365	113
PCT9423	ED	889	219	0	0	13	206	175	31
PCT9423	MV	889	440	0	0	25	415	356	59
PCT9424	ED	952	224	0	0	18	206	173	33
PCT9424	MV	952	496	0	0	41	455	364	91
PCT9425	ED	933	199	0	0	16	183	160	23
PCT9425	MV	933	465	0	0	48	417	317	100
PCT9426	ED	823	198	0	1	20	177	151	26
PCT9426	MV	823	408	0	0	52	356	266	90
PCT9427	ED	948	210	0	0	23	187	147	40
PCT9427	MV	948	447	0	0	49	398	294	104
PCT9428	ED	961	183	0	0	13	170	139	31
PCT9428	MV	961	518	0	0	32	486	389	97
PCT9429	ED	899	228	1	0	21	206	161	45
PCT9429	MV	899	432	0	0	30	402	319	83
PCT9431	ED	973	235	0	0	14	221	189	32
PCT9431	MV	973	464	0	0	28	436	339	97
PCT9432	ED	945	214	0	0	17	197	172	25
PCT9432	MV	945	468	0	0	42	426	352	74
PCT9433	ED	945	195	0	0	14	181	141	40
PCT9433	MV	945	487	0	0	48	439	346	93
PCT9434	ED	979	260	0	1	19	240	206	34
PCT9434	MV	979	481	1	1	41	438	355	83
PCT9435	ED	969	251	0	0	16	235	190	45
PCT9435	MV	969	448	0	0	49	399	326	73
PCT9436	ED	1006	231	0	0	15	216	175	41
PCT9436	MV	1006	495	0	0	50	445	342	103
PCT9437	ED	897	219	0	0	18	201	169	32
PCT9437	MV	897	435	0	0	34	401	296	105
PCT9438	ED	948	202	0	0	17	185	151	34
PCT9438	MV	948	496	0	0	33	463	356	107
PCT9439	ED	879	173	0	0	5	168	131	37
PCT9439	MV	879	425	0	1	42	382	299	83
PCT9441	ED	980	261	0	0	21	240	212	28
PCT9441	MV	980	462	0	0	42	420	340	80
PCT9442	ED	1008	280	0	0	13	267	225	42
PCT9442	MV	1008	461	0	0	39	422	336	86
PCT9443	ED	937	219	1	0	16	202	174	28
PCT9443	MV	937	442	0	1	29	412	342	70
PCT9444	ED	937	190	1	0	11	178	142	36
PCT9444	MV	937	442	0	1	35	406	294	112
PCT9445	ED	981	230	0	0	10	220	188	32
PCT9445	MV	981	493	0	0	42	451	361	90
PCT9446	ED	1090	240	0	0	10	230	202	28
PCT9446	MV	1090	564	0	0	43	521	391	130
PCT9447	ED	906	236	0	0	12	224	198	26
PCT9447	MV	906	448	0	0	32	416	335	81
PCT9448	ED	909	232	0	0	16	216	184	32
PCT9448	MV	909	429	0	0	37	392	313	79
PCT9449	ED	830	177	2	0	15	160	137	23
PCT9449	MV	830	428	0	0	38	390	312	78
PCT9451	ED	420	97	0	0	9	88	72	16
PCT9451	MV	420	218	0	0	15	203	147	56
PCT9452	ED	840	259	0	0	18	241	186	55
PCT9452	MV	840	412	0	0	30	382	285	97
PCT9453	ED	500	135	0	0	14	121	84	37
PCT9453	MV	500	242	0	0	18	224	174	50
PCT9501	MV	148	110	0	0	5	105	88	17
PCT9502	MV	245	177	0	0	1	176	162	14
PCT9503	ED	729	198	0	0	7	191	179	12
PCT9503	MV	729	315	0	0	15	300	276	24
PCT9505	ED	784	176	0	0	14	162	149	13
PCT9505	MV	784	383	0	0	15	368	340	28
PCT9506	ED	766	177	0	1	4	172	159	13
PCT9506	MV	766	312	0	0	15	297	278	19
PCT9507	ED	766	231	0	0	5	226	221	5
PCT9507	MV	766	406	0	0	12	394	374	20
PCT9508	ED	798	237	0	0	8	229	227	2
PCT9508	MV	798	429	0	0	8	421	414	7
PCT9509	ED	759	229	0	0	4	225	214	11
PCT9509	MV	759	386	0	1	17	368	346	22
PCT9511	ED	622	190	0	1	3	186	171	15
PCT9511	MV	622	296	0	0	13	283	259	24
PCT9512	ED	809	240	0	0	9	231	217	14
PCT9512	MV	809	399	0	0	15	384	356	28
PCT9513	ED	902	275	0	0	13	262	247	15
PCT9513	MV	902	390	0	0	10	380	356	24
PCT9514	ED	928	304	0	1	11	292	272	20
PCT9514	MV	928	456	0	0	23	433	401	32
PCT9515	ED	705	222	0	0	5	217	201	16
PCT9515	MV	705	368	0	0	17	351	307	44
PCT9516	ED	866	254	0	0	9	245	211	34
PCT9516	MV	866	427	0	0	22	405	356	49
PCT9517	ED	801	226	0	0	12	214	199	15
PCT9517	MV	801	397	0	0	16	381	357	24
PCT9518	ED	802	229	0	0	8	221	215	6
PCT9518	MV	802	431	0	0	15	416	377	39
PCT9519	ED	910	261	0	0	11	250	229	21
PCT9519	MV	910	486	0	0	11	475	445	30
PCT9521	ED	939	315	0	0	15	300	279	21
PCT9521	MV	939	442	0	0	18	424	399	25
PCT9701	ED	671	200	0	0	8	192	178	14
PCT9701	MV	671	339	0	0	25	314	264	50
PCT9702	ED	723	209	0	0	4	205	193	12
PCT9702	MV	723	364	0	1	18	345	306	39
PCT9703	ED	986	232	0	0	17	215	181	34
PCT9703	MV	986	529	0	0	32	497	417	80
PCT9704	ED	950	279	0	0	8	271	241	30
PCT9704	MV	950	504	0	0	33	471	404	67
PCT9705	ED	919	260	3	0	9	248	228	20
PCT9705	MV	919	483	0	0	21	462	424	38
PCT9706	MV	49	39	0	0	2	37	35	2
PCT9707	ED	821	172	0	0	12	160	122	38
PCT9707	MV	821	491	0	0	29	462	373	89
PCT9708	ED	948	248	0	0	8	240	213	27
PCT9708	MV	948	500	0	0	23	477	430	47
PCT9709	ED	1028	281	7	0	19	255	219	36
PCT9709	MV	1028	517	0	0	40	477	400	77
PCT9711	ED	641	195	0	0	11	184	150	34
PCT9711	MV	641	336	0	0	13	323	261	62
PCT9712	ED	649	160	0	0	9	151	128	23
PCT9712	MV	649	398	1	0	12	385	321	64
PCT9713	ED	960	225	1	0	14	210	173	37
PCT9713	MV	960	489	0	0	49	440	352	88
PCT9714	ED	931	207	1	0	10	196	146	50
PCT9714	MV	931	538	0	0	31	507	403	104
PCT9715	ED	569	180	0	0	12	168	142	26
PCT9715	MV	569	309	0	0	13	296	230	66
PCT9716	ED	947	238	0	0	15	223	184	39
PCT9716	MV	947	481	0	0	37	444	360	84
PCT9717	ED	972	265	0	0	20	245	206	39
PCT9717	MV	972	532	0	0	28	504	424	80
PCT9718	ED	862	227	0	0	11	216	171	45
PCT9718	MV	862	496	0	0	28	468	368	100
PCT9719	ED	901	245	0	0	16	229	189	40
PCT9719	MV	901	524	2	1	30	491	388	103
PCT9721	ED	662	198	0	0	6	192	153	39
PCT9721	MV	662	357	0	0	23	334	266	68
PCT9722	ED	605	119	1	0	9	109	83	26
PCT9722	MV	605	355	0	0	18	337	262	75
PCT9723	ED	481	98	0	0	5	93	62	31
PCT9723	MV	481	275	0	0	23	252	185	67
PCT9724	ED	991	205	0	0	11	194	146	48
PCT9724	MV	991	565	0	0	40	525	345	180
PCT9725	ED	970	213	0	0	17	196	147	49
PCT9725	MV	970	499	0	0	39	460	324	136
PCT9726	ED	655	262	0	0	8	254	222	32
PCT9726	MV	655	241	0	0	12	229	195	34
PCT9727	ED	459	79	0	0	2	77	58	19
PCT9727	MV	459	271	0	0	19	252	172	80
PCT9728	ED	926	230	0	0	18	212	154	58
PCT9728	MV	926	503	0	0	31	472	344	128
PCT9729	ED	800	191	0	0	13	178	132	46
PCT9729	MV	800	442	0	0	22	420	327	93
PCT9731	ED	556	167	0	1	10	156	117	39
PCT9731	MV	556	282	0	0	14	268	207	61
PCT9732	MV	70	56	0	0	0	56	49	7
PCT9733	MV	235	191	0	0	4	187	167	20
PCT9734	ED	603	154	0	0	9	145	102	43
PCT9734	MV	603	341	0	0	23	318	246	72
PCT9735	ED	809	206	0	0	10	196	150	46
PCT9735	MV	809	449	0	0	16	433	349	84
PCT9736	ED	713	173	0	0	11	162	133	29
PCT9736	MV	713	410	0	0	17	393	346	47
PCT9737	ED	818	208	0	0	6	202	173	29
PCT9737	MV	818	476	0	0	16	460	400	60
PCT9738	ED	848	185	0	0	7	178	147	31
PCT9738	MV	848	404	0	0	20	384	319	65
PCT9739	ED	828	220	0	0	10	210	197	13
PCT9739	MV	828	335	0	0	14	321	272	49
PCT9741	ED	552	227	0	0	1	226	217	9
PCT9741	MV	552	105	0	0	2	103	100	3
PCT9742	ED	677	180	4	0	9	167	124	43
PCT9742	MV	677	289	0	0	19	270	204	66
PCT9743	ED	1163	310	0	0	10	300	260	40
PCT9743	MV	1163	501	0	0	21	480	421	59
PCT9744	ED	911	244	1	0	11	232	196	36
PCT9744	MV	911	390	0	0	12	378	315	63
PCT9745	ED	991	281	0	0	20	261	227	34
PCT9745	MV	991	346	0	0	7	339	296	43
PCT9746	ED	884	231	0	0	13	218	163	55
PCT9746	MV	884	451	0	0	21	430	339	91
PCT9747	ED	973	246	0	0	11	235	211	24
PCT9747	MV	973	470	0	0	25	445	369	76
PCT9748	ED	931	229	0	0	13	216	183	33
PCT9748	MV	931	475	1	0	25	449	356	93
PCT9749	ED	913	224	2	0	15	207	182	25
PCT9749	MV	913	384	0	0	30	354	297	57
PCT9751	ED	1016	253	0	0	10	243	204	39
PCT9751	MV	1016	522	0	1	23	498	418	80
PCT9752	ED	710	175	3	0	4	168	134	34
PCT9752	MV	710	392	0	0	11	381	314	67
PCT9753	ED	756	186	0	0	7	179	161	18
PCT9753	MV	756	387	0	0	18	369	321	48
PCT9754	ED	707	47	0	0	2	45	39	6
PCT9754	MV	707	377	0	1	15	361	322	39
PCT9755	ED	582	171	0	0	6	165	147	18
PCT9755	MV	582	284	2	0	11	271	239	32
PCT9756	ED	941	185	0	0	9	176	155	21
PCT9756	MV	941	477	0	0	32	445	359	86
PCT9801	ED	408	104	0	0	3	101	83	18
PCT9801	MV	408	181	0	0	6	175	146	29
CONG12	TO	443570	332140	87	99	17458	314496	277678	36818
CONG14	TO	56946	40321	19	10	2255	38037	31347	6690
ASSM17	TO	291063	214584	62	73	10586	203863	184263	19600
ASSM19	TO	209453	157877	44	36	9127	148670	124762	23908
BART7	TO	38460	24701	3	9	1479	23210	20445	2765
BART8	TO	223735	166231	47	33	10306	155845	129676	26169
BART9	TO	238321	181529	56	67	7928	173478	158904	14574
SUPV1	TO	42767	32717	7	9	1790	30911	26541	4370
SUPV2	TO	50394	40340	1	7	2077	38255	31762	6493
SUPV3	TO	39799	28528	2	8	1872	26646	22964	3682
SUPV4	TO	42953	31684	8	6	2414	29256	23896	5360
SUPV5	TO	53744	41997	5	18	1666	40308	37517	2791
SUPV6	TO	43321	29109	2	15	1745	27347	24061	3286
SUPV7	TO	47076	36551	30	6	1892	34623	28821	5802
SUPV8	TO	58122	48580	31	5	1619	46925	44009	2916
SUPV9	TO	42988	31742	10	14	1403	30315	27973	2342
SUPV10	TO	41862	26436	9	7	1684	24736	21919	2817
SUPV11	TO	37490	24777	1	14	1551	23211	19562	3649
NEIG1	TO	19914	11260	1	5	841	10413	9159	1254
NEIG2	TO	17446	12417	1	3	958	11455	9810	1645
NEIG3	TO	28644	19019	1	12	1214	17792	15574	2218
NEIG4	TO	7002	5798	3	2	199	5594	5067	527
NEIG5	TO	27634	18410	1	13	1135	17261	14434	2827
NEIG6	TO	14982	12227	2	4	441	11780	11174	606
NEIG7	TO	12118	7922	2	1	511	7408	6350	1058
NEIG8	TO	9734	7850	0	4	322	7524	6888	636
NEIG9	TO	8390	5906	1	0	290	5615	4593	1022
NEIG10	TO	10097	8001	0	2	364	7635	6764	871
NEIG11	TO	40622	32340	5	6	1644	30685	25449	5236
NEIG12	TO	31129	23270	3	8	870	22389	21117	1272
NEIG13	TO	16964	14401	3	0	483	13915	13011	904
NEIG14	TO	8795	7262	2	1	240	7019	6668	351
NEIG15	TO	7019	5227	0	2	307	4918	4174	744
NEIG26	TO	9293	6101	2	2	460	5637	4628	1009
NEIG16	TO	16814	13062	3	3	553	12503	11521	982
NEIG17	TO	37322	28480	5	9	1561	26905	23000	3905
NEIG18	TO	8050	6586	1	0	392	6193	5145	1048
NEIG19	TO	9419	7384	6	4	272	7102	6621	481
NEIG20	TO	24674	17016	2	5	960	16049	14050	1999
NEIG21	TO	42363	31231	8	6	2394	28823	23499	5324
NEIG22	TO	18966	16173	12	2	498	15661	14863	798
NEIG23	TO	8139	4486	3	0	400	4083	3294	789
NEIG24	TO	34909	27819	27	5	1456	26331	21898	4433
NEIG25	TO	30077	22813	12	10	948	21843	20274	1569
