area_id	subtotal_type	RSReg	RSCst	RSRej	RSOvr	RSUnd	RSTot	058:Yes	059:No
ALLPCTS	TO	500516	372848	282	266	22063	350237	135874	214363
ALLPCTS	ED	500516	127886	68	78	7596	120144	42221	77923
ALLPCTS	MV	500516	244962	214	188	14467	230093	93653	136440
PCT1101	ED	553	126	0	0	6	120	46	74
PCT1101	MV	553	266	0	0	8	258	92	166
PCT1102	ED	995	266	0	0	5	261	83	178
PCT1102	MV	995	480	-2	0	22	460	203	257
PCT1103	ED	951	246	1	1	14	230	72	158
PCT1103	MV	951	445	-1	0	15	431	179	252
PCT1104	ED	993	249	-1	0	13	237	87	150
PCT1104	MV	993	414	-2	0	18	398	180	218
PCT1106	ED	765	191	0	0	7	184	67	117
PCT1106	MV	765	343	-1	0	16	328	156	172
PCT1107	ED	746	163	0	0	9	154	55	99
PCT1107	MV	746	336	5	0	31	300	142	158
PCT1108	ED	909	232	-1	0	12	221	80	141
PCT1108	MV	909	438	-1	1	29	409	176	233
PCT1109	ED	798	166	0	1	12	153	50	103
PCT1109	MV	798	365	-2	0	18	349	163	186
PCT1111	ED	1002	205	0	0	13	192	64	128
PCT1111	MV	1002	460	-3	0	36	427	201	226
PCT1112	ED	769	151	2	0	9	140	57	83
PCT1112	MV	769	344	-1	0	28	317	156	161
PCT1113	ED	746	135	0	0	11	124	48	76
PCT1113	MV	746	360	0	0	24	336	164	172
PCT1114	ED	957	226	-2	0	19	209	95	114
PCT1114	MV	957	404	0	0	15	389	173	216
PCT1115	ED	895	174	0	0	8	166	57	109
PCT1115	MV	895	371	-3	0	21	353	168	185
PCT1116	ED	895	225	1	0	14	210	83	127
PCT1116	MV	895	376	-2	0	24	354	169	185
PCT1117	ED	858	185	0	1	13	171	69	102
PCT1117	MV	858	357	1	1	18	337	153	184
PCT1118	ED	1043	213	0	1	4	208	74	134
PCT1118	MV	1043	476	-3	0	23	456	197	259
PCT1119	ED	791	165	0	0	6	159	57	102
PCT1119	MV	791	386	0	0	23	363	147	216
PCT1121	ED	691	160	0	0	7	153	56	97
PCT1121	MV	691	313	-1	0	21	293	135	158
PCT1122	ED	632	110	0	0	6	104	43	61
PCT1122	MV	632	310	-1	0	25	286	129	157
PCT1123	ED	915	179	0	0	8	171	61	110
PCT1123	MV	915	364	-1	0	28	337	177	160
PCT1124	ED	819	152	0	0	13	139	49	90
PCT1124	MV	819	302	-2	0	15	289	137	152
PCT1125	ED	1047	159	1	0	4	154	60	94
PCT1125	MV	1047	466	0	0	26	440	221	219
PCT1126	ED	922	191	0	0	11	180	65	115
PCT1126	MV	922	400	-2	0	14	388	163	225
PCT1127	ED	920	200	0	0	11	189	73	116
PCT1127	MV	920	382	-2	1	23	360	178	182
PCT1128	ED	838	154	0	0	8	146	57	89
PCT1128	MV	838	362	0	0	19	343	170	173
PCT1129	ED	980	227	1	1	18	207	82	125
PCT1129	MV	980	416	2	0	19	395	175	220
PCT1131	ED	797	132	0	0	9	123	45	78
PCT1131	MV	797	371	0	0	23	348	166	182
PCT1132	ED	969	179	2	0	8	169	66	103
PCT1132	MV	969	427	-1	0	25	403	190	213
PCT1133	ED	863	161	1	1	10	149	59	90
PCT1133	MV	863	410	0	0	24	386	168	218
PCT1134	ED	759	170	2	0	13	155	66	89
PCT1134	MV	759	318	-3	1	25	295	117	178
PCT1135	ED	540	87	1	0	4	82	34	48
PCT1135	MV	540	295	1	1	28	265	117	148
PCT1136	ED	829	144	0	1	11	132	52	80
PCT1136	MV	829	412	1	0	22	389	163	226
PCT1141	ED	1041	223	3	0	12	208	73	135
PCT1141	MV	1041	484	-1	0	18	467	200	267
PCT1142	ED	861	175	-1	0	11	165	62	103
PCT1142	MV	861	393	-2	0	17	378	142	236
PCT1143	ED	1034	229	1	0	14	214	69	145
PCT1143	MV	1034	440	1	0	26	413	183	230
PCT1144	ED	907	205	2	0	6	197	73	124
PCT1144	MV	907	387	0	1	20	366	153	213
PCT1145	ED	888	189	1	0	8	180	69	111
PCT1145	MV	888	461	-3	0	20	444	165	279
PCT1146	ED	1011	186	-1	0	6	181	73	108
PCT1146	MV	1011	454	0	0	26	428	158	270
PCT1147	ED	877	210	4	0	12	194	59	135
PCT1147	MV	877	396	2	0	21	373	141	232
PCT1148	ED	962	196	1	0	9	186	64	122
PCT1148	MV	962	444	0	0	23	421	194	227
PCT1149	ED	907	210	1	0	9	200	70	130
PCT1149	MV	907	407	-6	0	29	384	153	231
PCT1152	ED	864	198	-1	0	13	186	62	124
PCT1152	MV	864	388	0	0	20	368	156	212
PCT1153	ED	951	210	0	0	13	197	82	115
PCT1153	MV	951	415	-1	0	20	396	171	225
PCT7001	ED	776	176	0	1	11	164	47	117
PCT7001	MV	776	429	0	0	19	410	140	270
PCT7002	ED	706	176	1	0	10	165	47	118
PCT7002	MV	706	332	1	1	16	314	134	180
PCT7003	ED	884	238	0	0	11	227	77	150
PCT7003	MV	884	498	0	0	18	480	156	324
PCT7004	ED	881	241	1	0	7	233	72	161
PCT7004	MV	881	496	1	0	23	472	145	327
PCT7005	ED	847	253	1	0	17	235	64	171
PCT7005	MV	847	480	-1	0	22	459	151	308
PCT7006	ED	917	254	1	0	7	246	55	191
PCT7006	MV	917	442	1	0	13	428	129	299
PCT7007	ED	949	283	0	0	7	276	59	217
PCT7007	MV	949	516	-1	2	29	486	169	317
PCT7008	ED	932	264	-1	0	11	254	55	199
PCT7008	MV	932	546	2	1	34	509	188	321
PCT7009	ED	905	185	0	1	14	170	53	117
PCT7009	MV	905	513	0	0	25	488	144	344
PCT7011	ED	985	204	0	0	14	190	62	128
PCT7011	MV	985	294	-1	1	13	281	98	183
PCT7012	ED	1109	313	0	1	15	297	84	213
PCT7012	MV	1109	594	1	0	25	568	223	345
PCT7013	ED	956	267	0	1	18	248	85	163
PCT7013	MV	956	501	3	0	27	471	170	301
PCT7014	ED	1460	367	-2	0	17	352	138	214
PCT7014	MV	1460	802	0	0	39	763	259	504
PCT7015	MV	95	44	0	0	3	41	14	27
PCT7016	ED	918	171	1	0	8	162	70	92
PCT7016	MV	918	280	-1	0	18	263	98	165
PCT7017	ED	754	149	0	0	14	135	54	81
PCT7017	MV	754	252	2	0	16	234	82	152
PCT7018	ED	977	155	0	0	16	139	50	89
PCT7018	MV	977	448	-2	0	28	422	198	224
PCT7019	ED	899	182	4	0	9	169	61	108
PCT7019	MV	899	413	1	0	31	381	144	237
PCT7021	ED	947	184	0	0	9	175	54	121
PCT7021	MV	947	305	-1	0	12	294	107	187
PCT7022	ED	945	215	0	0	18	197	61	136
PCT7022	MV	945	352	0	0	23	329	116	213
PCT7023	ED	928	178	-1	0	8	171	64	107
PCT7023	MV	928	400	1	0	22	377	150	227
PCT7024	ED	414	70	0	0	2	68	27	41
PCT7024	MV	414	78	0	0	3	75	42	33
PCT7025	ED	477	85	0	0	4	81	38	43
PCT7025	MV	477	128	-1	1	1	127	37	90
PCT7026	ED	1011	149	0	0	10	139	68	71
PCT7026	MV	1011	455	0	0	35	420	229	191
PCT7027	ED	869	195	0	0	20	175	74	101
PCT7027	MV	869	353	-1	0	24	330	141	189
PCT7028	ED	850	213	-1	0	8	206	83	123
PCT7028	MV	850	282	0	0	19	263	94	169
PCT7029	ED	901	184	0	0	17	167	58	109
PCT7029	MV	901	251	0	0	10	241	88	153
PCT7030	ED	759	119	0	0	4	115	56	59
PCT7030	MV	759	357	0	0	25	332	160	172
PCT7031	ED	641	91	0	1	11	79	42	37
PCT7031	MV	641	309	-1	0	19	291	154	137
PCT7032	ED	904	173	1	2	11	159	55	104
PCT7032	MV	904	316	2	0	22	292	118	174
PCT7033	ED	798	191	1	0	12	178	74	104
PCT7033	MV	798	247	-2	0	11	238	86	152
PCT7034	ED	958	197	0	0	14	183	56	127
PCT7034	MV	958	201	0	1	9	191	59	132
PCT7035	ED	606	122	1	0	6	115	36	79
PCT7035	MV	606	262	-1	1	12	250	106	144
PCT7036	ED	921	117	0	0	4	113	47	66
PCT7036	MV	921	342	2	0	15	325	164	161
PCT7037	ED	735	135	-5	0	9	131	53	78
PCT7037	MV	735	98	-1	0	4	95	53	42
PCT7038	ED	911	135	0	0	14	121	52	69
PCT7038	MV	911	351	0	0	19	332	166	166
PCT7039	ED	784	178	1	0	6	171	57	114
PCT7039	MV	784	306	3	1	19	283	141	142
PCT7041	MV	61	33	0	0	0	33	14	19
PCT7042	ED	639	118	0	0	6	112	60	52
PCT7042	MV	639	258	0	0	15	243	109	134
PCT7043	ED	957	176	0	1	8	167	53	114
PCT7043	MV	957	404	-1	0	24	381	154	227
PCT7044	ED	827	167	1	3	11	152	65	87
PCT7044	MV	827	193	0	0	17	176	78	98
PCT7045	ED	779	120	0	0	13	107	37	70
PCT7045	MV	779	344	2	0	31	311	160	151
PCT7046	ED	402	94	0	0	4	90	31	59
PCT7046	MV	402	175	1	0	15	159	66	93
PCT7047	ED	823	119	0	0	10	109	43	66
PCT7047	MV	823	388	1	1	29	357	163	194
PCT7048	ED	858	150	3	0	5	142	47	95
PCT7048	MV	858	318	4	0	22	292	144	148
PCT7049	ED	792	173	-1	2	18	154	78	76
PCT7049	MV	792	305	2	0	15	288	138	150
PCT7051	ED	861	114	0	0	10	104	36	68
PCT7051	MV	861	380	1	0	36	343	190	153
PCT7052	ED	852	161	1	0	10	150	60	90
PCT7052	MV	852	402	-1	0	37	366	179	187
PCT7053	ED	548	102	0	0	9	93	44	49
PCT7053	MV	548	278	0	1	12	265	120	145
PCT7054	ED	1073	215	1	0	8	206	66	140
PCT7054	MV	1073	410	5	0	16	389	157	232
PCT7055	ED	808	190	-3	0	12	181	76	105
PCT7055	MV	808	440	-1	0	25	416	182	234
PCT7101	MV	155	120	-1	0	5	116	30	86
PCT7201	ED	936	245	1	1	13	230	92	138
PCT7201	MV	936	518	1	0	33	484	230	254
PCT7202	ED	850	227	-1	1	12	215	92	123
PCT7202	MV	850	431	2	0	23	406	189	217
PCT7203	ED	921	291	3	0	14	274	100	174
PCT7203	MV	921	423	0	0	22	401	155	246
PCT7204	ED	918	233	0	1	12	220	96	124
PCT7204	MV	918	531	-1	0	40	492	211	281
PCT7205	ED	875	251	2	0	24	225	78	147
PCT7205	MV	875	485	0	1	27	457	207	250
PCT7206	ED	378	135	1	0	6	128	54	74
PCT7206	MV	378	191	0	0	8	183	89	94
PCT7207	ED	812	196	-2	0	13	185	80	105
PCT7207	MV	812	434	4	0	28	402	191	211
PCT7208	ED	600	111	-1	0	9	103	43	60
PCT7208	MV	600	328	-4	0	25	307	144	163
PCT7209	ED	626	107	-4	0	10	101	46	55
PCT7209	MV	626	423	-1	1	22	401	166	235
PCT7301	ED	1016	228	-1	0	22	207	108	99
PCT7301	MV	1016	435	2	0	36	397	219	178
PCT7302	ED	814	188	0	1	11	176	86	90
PCT7302	MV	814	458	0	0	41	417	198	219
PCT7303	ED	1042	281	0	0	25	256	94	162
PCT7303	MV	1042	482	-1	0	36	447	184	263
PCT7304	ED	1002	278	0	0	17	261	111	150
PCT7304	MV	1002	493	-2	0	25	470	196	274
PCT7305	ED	871	240	0	0	15	225	94	131
PCT7305	MV	871	460	2	0	28	430	197	233
PCT7306	ED	1056	317	3	0	26	288	117	171
PCT7306	MV	1056	498	-2	1	45	454	202	252
PCT7307	ED	767	210	-1	0	11	200	65	135
PCT7307	MV	767	346	2	0	23	321	145	176
PCT7308	ED	603	177	0	0	12	165	66	99
PCT7308	MV	603	313	2	0	17	294	136	158
PCT7309	ED	884	263	2	0	25	236	101	135
PCT7309	MV	884	439	4	0	39	396	187	209
PCT7311	ED	917	268	2	0	12	254	99	155
PCT7311	MV	917	448	-6	1	34	419	191	228
PCT7312	ED	821	203	0	0	19	184	74	110
PCT7312	MV	821	470	1	1	31	437	188	249
PCT7313	ED	968	225	3	0	16	206	77	129
PCT7313	MV	968	485	3	0	38	444	206	238
PCT7314	ED	787	125	0	0	17	108	46	62
PCT7314	MV	787	271	-1	0	56	216	114	102
PCT7315	ED	760	220	-5	0	16	209	63	146
PCT7315	MV	760	282	1	0	23	258	118	140
PCT7316	ED	853	205	0	0	11	194	79	115
PCT7316	MV	853	367	1	0	42	324	156	168
PCT7317	ED	904	189	0	1	18	170	69	101
PCT7317	MV	904	454	-2	1	28	427	216	211
PCT7318	ED	727	179	1	1	14	163	80	83
PCT7318	MV	727	390	-3	0	40	353	152	201
PCT7319	ED	1079	301	0	1	17	283	103	180
PCT7319	MV	1079	516	1	0	35	480	230	250
PCT7321	ED	671	149	-2	0	10	141	78	63
PCT7321	MV	671	286	1	0	21	264	114	150
PCT7322	ED	874	65	-1	0	7	59	25	34
PCT7322	MV	874	337	-3	0	62	278	169	109
PCT7323	ED	950	234	0	0	20	214	81	133
PCT7323	MV	950	455	0	0	33	422	199	223
PCT7324	ED	755	190	-1	0	14	177	76	101
PCT7324	MV	755	364	1	0	30	333	154	179
PCT7325	ED	904	243	0	1	23	219	81	138
PCT7325	MV	904	436	1	0	34	401	191	210
PCT7326	ED	876	200	0	1	18	181	75	106
PCT7326	MV	876	430	1	0	32	397	173	224
PCT7327	ED	699	71	0	0	8	63	25	38
PCT7327	MV	699	276	-2	0	57	221	121	100
PCT7328	ED	973	94	-2	0	15	81	42	39
PCT7328	MV	973	394	3	0	87	304	161	143
PCT7329	ED	640	112	-17	0	6	123	53	70
PCT7329	MV	640	321	2	0	35	284	161	123
PCT7331	ED	852	213	1	0	21	191	93	98
PCT7331	MV	852	461	-1	0	29	433	217	216
PCT7332	ED	834	225	0	0	12	213	81	132
PCT7332	MV	834	364	-1	1	25	339	142	197
PCT7333	ED	1044	298	0	0	24	274	116	158
PCT7333	MV	1044	543	5	2	26	510	225	285
PCT7334	ED	881	199	1	1	14	183	64	119
PCT7334	MV	881	462	4	0	27	431	179	252
PCT7335	ED	970	225	1	0	14	210	77	133
PCT7335	MV	970	523	-2	1	19	505	234	271
PCT7336	ED	955	238	-1	1	16	222	92	130
PCT7336	MV	955	523	2	0	29	492	232	260
PCT7337	ED	851	179	-1	0	12	168	67	101
PCT7337	MV	851	464	-3	1	36	430	208	222
PCT7338	ED	915	153	0	0	15	138	59	79
PCT7338	MV	915	426	-3	0	71	358	192	166
PCT7339	ED	669	174	1	1	9	163	63	100
PCT7339	MV	669	309	-1	1	20	289	123	166
PCT7341	ED	908	260	0	0	16	244	84	160
PCT7341	MV	908	401	3	1	22	375	165	210
PCT7342	ED	947	334	0	0	21	313	117	196
PCT7342	MV	947	414	1	0	17	396	158	238
PCT7343	ED	731	234	0	0	14	220	71	149
PCT7343	MV	731	316	1	0	23	292	104	188
PCT7344	ED	1110	291	0	0	18	273	102	171
PCT7344	MV	1110	538	-3	0	25	516	213	303
PCT7345	ED	1141	329	0	0	14	315	127	188
PCT7345	MV	1141	521	2	0	24	495	193	302
PCT7346	ED	920	250	-3	0	20	233	73	160
PCT7346	MV	920	384	0	1	21	362	148	214
PCT7347	ED	1040	241	-2	0	16	227	73	154
PCT7347	MV	1040	480	4	1	28	447	163	284
PCT7348	ED	861	210	0	0	11	199	65	134
PCT7348	MV	861	353	-1	1	23	330	135	195
PCT7349	ED	957	248	-3	0	13	238	89	149
PCT7349	MV	957	427	3	0	27	397	169	228
PCT7501	ED	565	172	-1	0	12	161	57	104
PCT7501	MV	565	308	2	0	19	287	137	150
PCT7502	ED	784	180	1	0	11	168	69	99
PCT7502	MV	784	447	0	0	28	419	188	231
PCT7503	ED	764	208	0	0	14	194	86	108
PCT7503	MV	764	388	3	0	22	363	160	203
PCT7504	ED	503	112	1	0	8	103	41	62
PCT7504	MV	503	222	2	0	14	206	83	123
PCT7505	ED	869	158	1	0	14	143	45	98
PCT7505	MV	869	532	4	0	32	496	206	290
PCT7506	ED	999	226	-3	0	10	219	85	134
PCT7506	MV	999	473	1	0	28	444	203	241
PCT7507	ED	955	211	1	0	10	200	73	127
PCT7507	MV	955	344	-2	0	12	334	117	217
PCT7508	ED	727	154	-1	0	15	140	57	83
PCT7508	MV	727	427	4	0	31	392	170	222
PCT7509	ED	932	235	3	0	12	220	87	133
PCT7509	MV	932	470	1	0	31	438	177	261
PCT7512	ED	612	150	1	0	12	137	75	62
PCT7512	MV	612	283	0	0	18	265	124	141
PCT7513	ED	818	225	0	0	17	208	95	113
PCT7513	MV	818	315	0	0	22	293	123	170
PCT7514	ED	874	140	0	0	9	131	56	75
PCT7514	MV	874	305	3	1	28	273	131	142
PCT7515	ED	869	212	2	0	17	193	66	127
PCT7515	MV	869	389	-1	0	17	373	155	218
PCT7516	ED	922	172	2	1	8	161	65	96
PCT7516	MV	922	538	0	0	41	497	219	278
PCT7517	ED	863	289	1	0	21	267	65	202
PCT7517	MV	863	410	0	0	15	395	112	283
PCT7518	ED	950	309	2	0	13	294	99	195
PCT7518	MV	950	480	1	0	21	458	151	307
PCT7519	ED	737	224	0	0	5	219	55	164
PCT7519	MV	737	355	-1	0	15	341	94	247
PCT7521	ED	812	292	6	0	23	263	87	176
PCT7521	MV	812	354	-1	1	11	343	116	227
PCT7522	ED	764	207	0	0	5	202	58	144
PCT7522	MV	764	397	1	0	19	377	111	266
PCT7523	ED	747	275	0	0	12	263	63	200
PCT7523	MV	747	359	1	1	12	345	86	259
PCT7524	ED	615	181	1	0	9	171	65	106
PCT7524	MV	615	262	1	0	10	251	108	143
PCT7525	ED	800	205	2	0	9	194	69	125
PCT7525	MV	800	341	0	2	28	311	105	206
PCT7526	ED	1011	292	-1	0	15	278	77	201
PCT7526	MV	1011	552	1	0	25	526	166	360
PCT7527	ED	725	211	0	0	13	198	64	134
PCT7527	MV	725	339	0	0	15	324	116	208
PCT7529	ED	948	295	2	0	16	277	88	189
PCT7529	MV	948	486	-1	0	22	465	126	339
PCT7531	ED	865	228	0	0	18	210	56	154
PCT7531	MV	865	442	0	0	19	423	139	284
PCT7532	ED	852	246	1	0	14	231	75	156
PCT7532	MV	852	398	1	0	16	381	141	240
PCT7533	ED	1015	357	1	0	15	341	88	253
PCT7533	MV	1015	490	0	0	27	463	147	316
PCT7534	ED	936	322	-1	0	17	306	68	238
PCT7534	MV	936	415	0	0	19	396	122	274
PCT7535	ED	767	262	3	0	12	247	62	185
PCT7535	MV	767	387	0	1	28	358	123	235
PCT7536	ED	863	291	1	0	18	272	74	198
PCT7536	MV	863	421	-1	0	14	408	121	287
PCT7537	ED	752	240	-1	0	17	224	56	168
PCT7537	MV	752	363	1	2	9	351	90	261
PCT7538	ED	771	246	2	0	16	228	55	173
PCT7538	MV	771	400	0	0	21	379	97	282
PCT7539	ED	922	330	-1	0	15	316	69	247
PCT7539	MV	922	428	0	1	22	405	108	297
PCT7541	ED	805	248	-2	0	22	228	69	159
PCT7541	MV	805	400	0	0	15	385	113	272
PCT7542	ED	821	272	-1	0	21	252	55	197
PCT7542	MV	821	389	0	1	9	379	95	284
PCT7543	ED	909	216	-2	0	17	201	55	146
PCT7543	MV	909	467	2	0	26	439	121	318
PCT7544	ED	898	258	-2	0	12	248	71	177
PCT7544	MV	898	479	3	0	23	453	134	319
PCT7545	ED	918	273	-2	0	15	260	77	183
PCT7545	MV	918	480	-2	1	24	457	176	281
PCT7546	ED	982	304	0	0	20	284	83	201
PCT7546	MV	982	517	-1	2	20	496	156	340
PCT7547	ED	1029	315	1	0	24	290	81	209
PCT7547	MV	1029	505	2	1	21	481	131	350
PCT7548	ED	1073	319	0	1	20	298	78	220
PCT7548	MV	1073	512	1	0	16	495	169	326
PCT7549	ED	811	215	1	0	15	199	62	137
PCT7549	MV	811	431	-4	0	25	410	151	259
PCT7551	ED	741	239	0	0	14	225	64	161
PCT7551	MV	741	394	0	0	28	366	123	243
PCT7552	ED	727	241	2	0	10	229	63	166
PCT7552	MV	727	361	-1	0	10	352	112	240
PCT7553	MV	180	126	2	0	8	116	38	78
PCT7554	ED	808	247	1	0	11	235	73	162
PCT7554	MV	808	442	3	0	20	419	167	252
PCT7555	ED	886	290	-1	0	13	278	77	201
PCT7555	MV	886	459	-1	3	25	432	141	291
PCT7556	ED	969	275	0	0	10	265	89	176
PCT7556	MV	969	573	0	1	21	551	195	356
PCT7601	ED	767	191	1	0	13	177	60	117
PCT7601	MV	767	290	1	0	19	270	121	149
PCT7602	ED	901	213	0	0	16	197	74	123
PCT7602	MV	901	379	1	0	21	357	133	224
PCT7603	ED	830	250	-1	0	11	240	65	175
PCT7603	MV	830	376	-2	0	14	364	113	251
PCT7604	ED	954	266	1	1	20	244	81	163
PCT7604	MV	954	352	2	0	19	331	133	198
PCT7605	ED	648	120	0	1	11	108	50	58
PCT7605	MV	648	203	-1	1	14	189	88	101
PCT7606	ED	924	205	2	0	21	182	60	122
PCT7606	MV	924	330	0	1	16	313	119	194
PCT7607	ED	960	215	1	0	17	197	48	149
PCT7607	MV	960	407	2	0	21	384	143	241
PCT7608	ED	392	70	1	0	11	58	29	29
PCT7608	MV	392	136	0	0	18	118	58	60
PCT7609	ED	926	120	-1	1	10	110	45	65
PCT7609	MV	926	352	4	0	49	299	166	133
PCT7611	ED	755	126	1	0	11	114	50	64
PCT7611	MV	755	269	1	0	38	230	115	115
PCT7612	ED	583	97	2	0	8	87	37	50
PCT7612	MV	583	265	0	0	23	242	119	123
PCT7613	ED	908	204	3	0	15	186	71	115
PCT7613	MV	908	340	0	0	16	324	131	193
PCT7614	ED	1029	223	4	0	21	198	69	129
PCT7614	MV	1029	375	1	1	21	352	157	195
PCT7615	ED	762	162	2	0	23	137	61	76
PCT7615	MV	762	237	0	0	24	213	111	102
PCT7616	ED	1203	324	5	0	23	296	110	186
PCT7616	MV	1203	686	0	1	28	657	246	411
PCT7617	ED	768	102	1	0	12	89	42	47
PCT7617	MV	768	261	-1	0	27	235	127	108
PCT7618	ED	862	168	-2	0	13	157	40	117
PCT7618	MV	862	407	3	0	19	385	146	239
PCT7619	ED	1063	219	-1	0	7	213	68	145
PCT7619	MV	1063	563	-2	2	32	531	196	335
PCT7621	ED	1320	287	-1	0	14	274	98	176
PCT7621	MV	1320	668	2	0	40	626	277	349
PCT7622	ED	988	170	-1	0	12	159	62	97
PCT7622	MV	988	301	2	1	18	280	122	158
PCT7623	ED	746	184	1	0	8	175	64	111
PCT7623	MV	746	297	1	0	21	275	113	162
PCT7624	ED	859	142	-4	0	8	138	56	82
PCT7624	MV	859	290	1	0	18	271	117	154
PCT7625	ED	822	66	1	0	11	54	23	31
PCT7625	MV	822	475	0	1	84	390	234	156
PCT7626	ED	1114	227	0	0	19	208	87	121
PCT7626	MV	1114	612	-1	0	40	573	256	317
PCT7627	ED	1187	267	-1	1	19	248	102	146
PCT7627	MV	1187	582	2	0	29	551	272	279
PCT7628	ED	960	241	1	0	9	231	78	153
PCT7628	MV	960	428	0	2	22	404	119	285
PCT7629	ED	809	208	3	0	10	195	57	138
PCT7629	MV	809	343	0	1	15	327	110	217
PCT7631	ED	1155	270	2	0	17	251	98	153
PCT7631	MV	1155	577	0	0	30	547	211	336
PCT7632	ED	1124	289	3	0	19	267	82	185
PCT7632	MV	1124	561	0	0	26	535	194	341
PCT7633	ED	741	137	0	0	6	131	42	89
PCT7633	MV	741	392	3	0	31	358	166	192
PCT7634	ED	900	195	-1	0	23	173	84	89
PCT7634	MV	900	421	0	0	39	382	179	203
PCT7635	ED	840	158	0	0	6	152	54	98
PCT7635	MV	840	382	2	1	15	364	151	213
PCT7636	ED	938	251	1	0	19	231	86	145
PCT7636	MV	938	465	1	0	23	441	172	269
PCT7637	ED	809	193	-2	0	12	183	78	105
PCT7637	MV	809	404	-1	0	23	382	175	207
PCT7638	ED	1467	295	0	0	28	267	124	143
PCT7638	MV	1467	871	5	1	46	819	418	401
PCT7639	ED	1011	242	-2	0	23	221	83	138
PCT7639	MV	1011	559	0	1	38	520	216	304
PCT7641	ED	972	205	0	0	13	192	83	109
PCT7641	MV	972	549	0	0	29	520	234	286
PCT7642	ED	937	153	0	0	11	142	55	87
PCT7642	MV	937	394	-1	1	49	345	189	156
PCT7643	ED	920	169	0	0	21	148	56	92
PCT7643	MV	920	507	1	3	34	469	221	248
PCT7644	ED	1175	330	2	0	17	311	129	182
PCT7644	MV	1175	554	2	0	27	525	241	284
PCT7645	ED	640	120	-1	0	9	112	41	71
PCT7645	MV	640	377	0	1	26	350	179	171
PCT7646	ED	1100	267	-1	0	19	249	83	166
PCT7646	MV	1100	592	4	0	24	564	245	319
PCT7647	ED	1075	205	0	0	14	191	71	120
PCT7647	MV	1075	283	0	0	12	271	107	164
PCT7648	MV	1	0	0	0	0	0	0	0
PCT7649	ED	891	178	3	0	13	162	60	102
PCT7649	MV	891	395	2	1	24	368	165	203
PCT7651	ED	677	166	-5	0	12	159	69	90
PCT7651	MV	677	351	5	0	23	323	144	179
PCT7652	ED	628	135	0	0	8	127	52	75
PCT7652	MV	628	301	4	0	18	279	118	161
PCT7653	ED	1280	300	0	0	19	281	119	162
PCT7653	MV	1280	673	0	2	43	628	270	358
PCT7701	ED	1064	296	-1	0	15	282	87	195
PCT7701	MV	1064	597	1	0	34	562	230	332
PCT7702	ED	748	180	-2	0	14	168	64	104
PCT7702	MV	748	415	0	2	26	387	159	228
PCT7703	MV	171	79	4	2	10	63	24	39
PCT7704	ED	1008	257	1	0	15	241	96	145
PCT7704	MV	1008	557	1	1	26	529	234	295
PCT7705	ED	568	149	-2	0	8	143	60	83
PCT7705	MV	568	335	0	0	16	319	141	178
PCT7706	ED	840	252	1	0	8	243	103	140
PCT7706	MV	840	467	-1	0	22	446	187	259
PCT7707	ED	857	241	1	1	10	229	98	131
PCT7707	MV	857	495	-1	1	35	460	173	287
PCT7708	ED	871	205	-1	0	12	194	76	118
PCT7708	MV	871	540	2	0	36	502	221	281
PCT7709	ED	391	102	0	0	1	101	28	73
PCT7709	MV	391	222	0	1	10	211	85	126
PCT7711	ED	766	198	1	0	10	187	54	133
PCT7711	MV	766	422	-2	1	30	393	150	243
PCT7712	ED	529	149	-1	0	6	144	47	97
PCT7712	MV	529	296	-1	1	13	283	99	184
PCT7801	ED	1001	264	0	0	8	256	76	180
PCT7801	MV	1001	596	1	0	35	560	198	362
PCT7802	ED	788	230	0	0	18	212	60	152
PCT7802	MV	788	458	-1	0	32	427	153	274
PCT7803	ED	828	174	0	1	10	163	50	113
PCT7803	MV	828	552	1	0	22	529	196	333
PCT7804	ED	893	257	0	1	16	240	68	172
PCT7804	MV	893	533	0	0	32	501	182	319
PCT7805	ED	825	228	1	0	8	219	53	166
PCT7805	MV	825	484	1	1	14	468	164	304
PCT7806	ED	716	208	3	0	10	195	44	151
PCT7806	MV	716	407	0	0	20	387	106	281
PCT7807	ED	844	276	0	0	8	268	73	195
PCT7807	MV	844	417	2	0	24	391	108	283
PCT7808	ED	655	211	-1	2	8	202	46	156
PCT7808	MV	655	333	0	0	14	319	90	229
PCT7809	ED	781	238	1	0	11	226	73	153
PCT7809	MV	781	405	3	0	22	380	109	271
PCT7811	ED	783	249	0	0	7	242	61	181
PCT7811	MV	783	404	-1	1	20	384	117	267
PCT7812	ED	877	257	0	0	20	237	63	174
PCT7812	MV	877	454	-1	0	26	429	135	294
PCT7813	ED	1064	308	1	0	14	293	79	214
PCT7813	MV	1064	585	4	0	35	546	186	360
PCT7814	ED	936	228	2	0	12	214	57	157
PCT7814	MV	936	341	-1	1	12	329	107	222
PCT7815	ED	954	238	-2	0	9	231	67	164
PCT7815	MV	954	573	1	0	29	543	164	379
PCT7816	ED	865	236	0	0	10	226	66	160
PCT7816	MV	865	531	3	1	23	504	148	356
PCT7817	ED	823	277	1	0	14	262	53	209
PCT7817	MV	823	439	1	1	14	423	110	313
PCT7818	ED	860	234	-1	0	10	225	58	167
PCT7818	MV	860	452	-1	0	18	435	123	312
PCT7819	ED	793	191	0	0	12	179	57	122
PCT7819	MV	793	420	2	0	24	394	118	276
PCT7821	ED	985	248	1	0	8	239	64	175
PCT7821	MV	985	630	5	1	26	598	188	410
PCT7822	ED	908	275	0	0	6	269	78	191
PCT7822	MV	908	480	0	1	17	462	140	322
PCT7823	ED	879	270	7	0	10	253	52	201
PCT7823	MV	879	501	1	0	25	475	154	321
PCT7824	ED	768	247	0	0	16	231	70	161
PCT7824	MV	768	383	0	1	29	353	108	245
PCT7825	ED	597	191	-2	0	10	183	35	148
PCT7825	MV	597	302	-1	1	20	282	67	215
PCT7826	ED	684	258	1	0	7	250	69	181
PCT7826	MV	684	319	-1	0	17	303	101	202
PCT7827	ED	831	261	0	0	7	254	57	197
PCT7827	MV	831	361	0	0	20	341	95	246
PCT7828	ED	1018	261	1	0	14	246	81	165
PCT7828	MV	1018	549	-1	0	22	528	184	344
PCT7829	ED	907	237	1	1	12	223	69	154
PCT7829	MV	907	557	-1	0	21	537	172	365
PCT7831	ED	882	233	1	0	10	222	55	167
PCT7831	MV	882	544	14	0	16	514	132	382
PCT7832	ED	780	188	-1	0	7	182	53	129
PCT7832	MV	780	488	0	0	19	469	147	322
PCT7833	ED	747	230	0	1	12	217	56	161
PCT7833	MV	747	412	-1	1	27	385	93	292
PCT7834	ED	867	277	1	0	13	263	63	200
PCT7834	MV	867	439	2	0	19	418	119	299
PCT7835	ED	847	211	0	0	11	200	60	140
PCT7835	MV	847	505	5	0	17	483	176	307
PCT7836	ED	1023	260	1	0	12	247	93	154
PCT7836	MV	1023	623	-1	0	19	605	224	381
PCT7837	ED	911	260	1	0	10	249	81	168
PCT7837	MV	911	509	1	0	35	473	151	322
PCT7838	ED	926	239	2	0	15	222	76	146
PCT7838	MV	926	546	5	0	34	507	167	340
PCT7839	ED	842	205	1	0	11	193	49	144
PCT7839	MV	842	515	-6	0	24	497	162	335
PCT7841	ED	937	291	2	0	14	275	82	193
PCT7841	MV	937	526	5	1	16	504	185	319
PCT7842	ED	903	283	0	0	8	275	65	210
PCT7842	MV	903	434	-3	0	17	420	129	291
PCT7843	ED	767	232	-1	0	9	224	57	167
PCT7843	MV	767	380	-1	0	24	357	112	245
PCT7844	ED	663	196	0	0	13	183	47	136
PCT7844	MV	663	329	0	0	10	319	87	232
PCT7845	ED	849	241	-2	0	12	231	78	153
PCT7845	MV	849	469	-2	0	28	443	163	280
PCT7846	ED	904	262	1	0	13	248	75	173
PCT7846	MV	904	509	0	1	26	482	184	298
PCT7847	ED	929	261	1	0	14	246	94	152
PCT7847	MV	929	529	-1	1	25	504	159	345
PCT7848	ED	834	233	0	0	14	219	68	151
PCT7848	MV	834	491	-2	0	27	466	140	326
PCT7849	ED	929	264	0	0	17	247	63	184
PCT7849	MV	929	522	2	1	26	493	149	344
PCT7851	ED	513	136	0	0	6	130	59	71
PCT7851	MV	513	298	2	0	11	285	115	170
PCT7852	ED	647	143	0	0	5	138	56	82
PCT7852	MV	647	394	0	0	15	379	137	242
PCT7853	ED	850	214	1	0	10	203	73	130
PCT7853	MV	850	479	8	0	27	444	166	278
PCT7854	ED	894	248	0	0	12	236	71	165
PCT7854	MV	894	500	1	1	32	466	171	295
PCT7855	ED	986	301	0	0	16	285	89	196
PCT7855	MV	986	522	-1	0	32	491	154	337
PCT7856	ED	800	265	0	1	12	252	62	190
PCT7856	MV	800	425	2	0	22	401	140	261
PCT7857	ED	933	276	3	0	21	252	75	177
PCT7857	MV	933	517	-2	0	26	493	148	345
PCT7858	ED	775	245	1	0	10	234	44	190
PCT7858	MV	775	394	2	0	13	379	108	271
PCT7859	ED	891	250	-1	1	9	241	92	149
PCT7859	MV	891	513	2	1	23	487	201	286
PCT7861	ED	859	217	0	0	13	204	55	149
PCT7861	MV	859	510	1	1	25	483	164	319
PCT7862	ED	866	302	2	0	14	286	85	201
PCT7862	MV	866	472	2	1	20	449	149	300
PCT7863	ED	907	311	0	0	16	295	84	211
PCT7863	MV	907	440	0	0	29	411	127	284
PCT7864	ED	807	232	0	0	12	220	52	168
PCT7864	MV	807	427	-3	1	17	412	114	298
PCT7865	ED	823	241	1	0	13	227	63	164
PCT7865	MV	823	463	2	0	17	444	137	307
PCT7866	ED	836	209	0	0	9	200	77	123
PCT7866	MV	836	491	1	1	20	469	220	249
PCT7867	ED	955	266	-1	0	13	254	80	174
PCT7867	MV	955	512	5	0	21	486	178	308
PCT7868	ED	881	242	0	0	14	228	86	142
PCT7868	MV	881	449	1	2	15	431	176	255
PCT7869	ED	867	239	0	0	12	227	63	164
PCT7869	MV	867	489	-2	0	29	462	148	314
PCT7871	ED	900	259	1	0	13	245	76	169
PCT7871	MV	900	502	1	0	30	471	162	309
PCT7872	ED	862	288	2	0	12	274	81	193
PCT7872	MV	862	472	0	0	26	446	162	284
PCT7873	ED	861	257	2	0	8	247	62	185
PCT7873	MV	861	502	-2	1	18	485	151	334
PCT7874	ED	477	137	1	0	7	129	33	96
PCT7874	MV	477	256	2	0	20	234	76	158
PCT7875	ED	623	180	1	0	11	168	52	116
PCT7875	MV	623	285	0	0	14	271	97	174
PCT7876	ED	498	154	9	0	11	134	46	88
PCT7876	MV	498	269	0	0	21	248	92	156
PCT7901	ED	522	136	1	0	10	125	36	89
PCT7901	MV	522	198	0	0	7	191	74	117
PCT7902	ED	968	258	-1	0	22	237	65	172
PCT7902	MV	968	401	-2	0	12	391	106	285
PCT7903	ED	840	201	0	1	15	185	53	132
PCT7903	MV	840	350	0	0	14	336	118	218
PCT7904	ED	877	212	2	0	9	201	49	152
PCT7904	MV	877	403	-1	0	14	390	144	246
PCT7905	ED	851	254	-1	0	9	246	73	173
PCT7905	MV	851	409	4	1	20	384	136	248
PCT7906	ED	787	245	0	0	9	236	70	166
PCT7906	MV	787	335	-2	0	15	322	104	218
PCT7907	ED	950	278	1	0	18	259	61	198
PCT7907	MV	950	425	-3	0	22	406	118	288
PCT7908	ED	949	284	1	1	19	263	84	179
PCT7908	MV	949	408	1	1	35	371	112	259
PCT7909	ED	733	251	-1	0	8	244	51	193
PCT7909	MV	733	303	-1	0	17	287	83	204
PCT7911	ED	860	244	-1	0	11	234	64	170
PCT7911	MV	860	395	-2	1	15	381	104	277
PCT7912	ED	1065	291	1	0	19	271	63	208
PCT7912	MV	1065	463	-2	2	25	438	120	318
PCT7913	ED	913	312	1	0	12	299	66	233
PCT7913	MV	913	378	-2	0	12	368	117	251
PCT7914	ED	883	278	-1	0	11	268	64	204
PCT7914	MV	883	425	4	1	17	403	107	296
PCT7915	ED	831	266	1	0	3	262	58	204
PCT7915	MV	831	351	0	0	22	329	109	220
PCT7916	ED	888	284	-1	0	21	264	63	201
PCT7916	MV	888	421	0	0	15	406	114	292
PCT7917	ED	1015	315	1	0	10	304	69	235
PCT7917	MV	1015	428	1	0	14	413	121	292
PCT7918	ED	836	253	0	0	18	235	63	172
PCT7918	MV	836	379	0	1	13	365	96	269
PCT7919	ED	895	309	0	0	10	299	78	221
PCT7919	MV	895	376	-1	0	14	363	91	272
PCT7921	ED	917	232	1	0	13	218	67	151
PCT7921	MV	917	366	-1	1	18	348	117	231
PCT7922	ED	831	250	-1	0	12	239	57	182
PCT7922	MV	831	383	-1	1	17	366	97	269
PCT7923	ED	885	262	0	0	6	256	55	201
PCT7923	MV	885	403	-1	0	16	388	112	276
PCT7924	ED	842	238	0	0	13	225	58	167
PCT7924	MV	842	382	2	0	15	365	126	239
PCT7925	ED	567	156	0	0	7	149	26	123
PCT7925	MV	567	293	1	0	11	281	82	199
PCT7926	ED	795	229	0	0	6	223	52	171
PCT7926	MV	795	390	0	0	18	372	92	280
PCT7927	ED	747	241	-1	0	12	230	61	169
PCT7927	MV	747	392	2	0	15	375	103	272
PCT7928	ED	931	284	-1	0	14	271	58	213
PCT7928	MV	931	489	0	0	22	467	139	328
PCT7929	ED	864	248	0	1	11	236	55	181
PCT7929	MV	864	509	2	0	16	491	147	344
PCT7931	ED	738	219	0	0	8	211	62	149
PCT7931	MV	738	408	0	1	14	393	117	276
PCT7932	ED	551	157	1	1	7	148	41	107
PCT7932	MV	551	285	1	0	11	273	91	182
PCT7933	MV	6	4	0	0	1	3	1	2
PCT7934	ED	890	250	-1	0	14	237	55	182
PCT7934	MV	890	472	0	0	16	456	110	346
PCT7935	ED	970	305	0	0	17	288	51	237
PCT7935	MV	970	519	-2	0	25	496	145	351
PCT7936	ED	856	287	1	0	16	270	59	211
PCT7936	MV	856	428	-1	0	15	414	117	297
PCT7937	ED	886	267	0	0	10	257	69	188
PCT7937	MV	886	435	0	1	10	424	133	291
PCT7938	ED	788	213	0	0	11	202	56	146
PCT7938	MV	788	337	3	0	18	316	92	224
PCT7939	ED	688	254	0	0	9	245	57	188
PCT7939	MV	688	326	1	0	18	307	75	232
PCT7941	ED	751	218	-2	1	11	208	55	153
PCT7941	MV	751	348	0	0	18	330	95	235
PCT7942	ED	914	259	-1	1	11	248	64	184
PCT7942	MV	914	412	0	0	30	382	137	245
PCT7943	ED	872	258	8	0	15	235	80	155
PCT7943	MV	872	439	2	0	24	413	155	258
PCT7944	ED	801	243	0	0	9	234	63	171
PCT7944	MV	801	381	2	0	16	363	103	260
PCT7945	ED	915	186	2	0	10	174	57	117
PCT7945	MV	915	414	0	0	20	394	130	264
PCT7946	ED	945	183	1	0	7	175	61	114
PCT7946	MV	945	451	0	0	32	419	179	240
PCT7947	ED	946	182	1	1	9	171	71	100
PCT7947	MV	946	430	-1	0	32	399	209	190
PCT7948	ED	928	210	-1	0	9	202	80	122
PCT7948	MV	928	422	-4	0	22	404	188	216
PCT7949	ED	569	100	1	0	4	95	46	49
PCT7949	MV	569	292	-3	0	18	277	139	138
PCT7951	ED	854	166	1	1	11	153	68	85
PCT7951	MV	854	425	0	0	28	397	193	204
PCT7952	ED	866	167	0	0	10	157	56	101
PCT7952	MV	866	359	0	1	25	333	153	180
PCT7953	ED	824	186	4	0	8	174	57	117
PCT7953	MV	824	402	-1	0	19	384	209	175
PCT7955	ED	902	199	0	0	13	186	69	117
PCT7955	MV	902	435	0	0	30	405	200	205
PCT7956	ED	823	136	-1	0	11	126	65	61
PCT7956	MV	823	353	-2	0	27	328	155	173
PCT7957	ED	646	147	-1	0	13	135	45	90
PCT7957	MV	646	298	0	0	17	281	109	172
PCT7958	MV	290	141	1	0	7	133	59	74
PCT7959	ED	727	160	-1	0	5	156	53	103
PCT7959	MV	727	326	0	0	14	312	108	204
PCT9001	MV	273	142	0	0	3	139	50	89
PCT9101	ED	888	260	0	3	18	239	96	143
PCT9101	MV	888	438	-1	0	19	420	207	213
PCT9102	ED	985	257	0	1	14	242	93	149
PCT9102	MV	985	471	0	0	34	437	171	266
PCT9103	ED	954	273	0	0	16	257	107	150
PCT9103	MV	954	431	5	0	34	392	195	197
PCT9104	ED	988	239	0	0	10	229	80	149
PCT9104	MV	988	465	-1	0	22	444	173	271
PCT9105	ED	919	247	1	0	13	233	82	151
PCT9105	MV	919	488	-4	1	30	461	206	255
PCT9106	ED	937	268	0	0	10	258	102	156
PCT9106	MV	937	497	0	1	31	465	194	271
PCT9107	ED	849	219	-1	0	10	210	70	140
PCT9107	MV	849	372	-2	0	21	353	155	198
PCT9108	ED	790	247	0	0	11	236	81	155
PCT9108	MV	790	373	0	1	21	351	142	209
PCT9109	ED	884	263	0	0	15	248	100	148
PCT9109	MV	884	428	-1	0	30	399	167	232
PCT9111	ED	779	229	0	0	10	219	72	147
PCT9111	MV	779	346	2	0	25	319	132	187
PCT9112	ED	976	284	-1	0	13	272	92	180
PCT9112	MV	976	467	-6	0	27	446	168	278
PCT9113	ED	999	311	-2	0	17	296	80	216
PCT9113	MV	999	505	4	0	36	465	196	269
PCT9114	ED	877	263	0	0	22	241	95	146
PCT9114	MV	877	405	-1	0	24	382	136	246
PCT9115	ED	911	258	-1	1	14	244	81	163
PCT9115	MV	911	429	0	1	33	395	151	244
PCT9116	ED	944	281	0	0	15	266	89	177
PCT9116	MV	944	473	2	0	21	450	195	255
PCT9117	ED	783	222	0	0	13	209	82	127
PCT9117	MV	783	398	-1	0	15	384	168	216
PCT9118	ED	974	286	-2	0	16	272	105	167
PCT9118	MV	974	426	1	0	47	378	179	199
PCT9119	ED	891	237	-2	1	25	213	81	132
PCT9119	MV	891	447	0	0	28	419	194	225
PCT9121	ED	930	256	-1	0	18	239	97	142
PCT9121	MV	930	434	0	1	31	402	192	210
PCT9122	ED	953	210	0	0	18	192	83	109
PCT9122	MV	953	454	-1	1	32	422	200	222
PCT9123	ED	858	232	0	0	18	214	69	145
PCT9123	MV	858	418	1	0	23	394	196	198
PCT9124	ED	874	202	0	0	12	190	74	116
PCT9124	MV	874	438	1	0	32	405	186	219
PCT9125	ED	861	210	-1	0	16	195	77	118
PCT9125	MV	861	437	1	0	30	406	194	212
PCT9126	ED	1015	245	-2	1	18	228	75	153
PCT9126	MV	1015	533	-2	1	48	486	205	281
PCT9127	ED	960	269	0	0	17	252	100	152
PCT9127	MV	960	498	-1	0	26	473	187	286
PCT9128	ED	828	248	1	0	18	229	68	161
PCT9128	MV	828	412	2	0	31	379	161	218
PCT9129	ED	741	243	1	0	7	235	82	153
PCT9129	MV	741	348	0	0	19	329	159	170
PCT9131	ED	759	193	0	1	13	179	59	120
PCT9131	MV	759	403	1	0	31	371	162	209
PCT9132	ED	837	248	-1	0	19	230	62	168
PCT9132	MV	837	371	-1	0	9	363	151	212
PCT9133	ED	1021	271	0	1	16	254	83	171
PCT9133	MV	1021	503	3	0	42	458	209	249
PCT9134	ED	893	210	2	0	11	197	70	127
PCT9134	MV	893	469	-1	0	33	437	181	256
PCT9135	ED	808	215	-1	0	10	206	77	129
PCT9135	MV	808	389	0	0	16	373	175	198
PCT9136	ED	929	253	2	0	13	238	89	149
PCT9136	MV	929	439	2	1	32	404	168	236
PCT9137	ED	1006	260	0	0	15	245	97	148
PCT9137	MV	1006	467	0	1	39	427	159	268
PCT9138	ED	943	226	2	0	19	205	79	126
PCT9138	MV	943	477	0	1	25	451	195	256
PCT9139	ED	975	243	1	0	19	223	80	143
PCT9139	MV	975	510	0	0	35	475	177	298
PCT9141	ED	953	252	0	0	15	237	82	155
PCT9141	MV	953	477	2	0	18	457	203	254
PCT9142	ED	966	276	0	0	23	253	75	178
PCT9142	MV	966	459	1	0	25	433	167	266
PCT9143	ED	920	251	0	0	15	236	69	167
PCT9143	MV	920	463	2	1	24	436	176	260
PCT9144	ED	962	293	0	0	14	279	87	192
PCT9144	MV	962	482	0	0	30	452	173	279
PCT9145	ED	861	249	2	0	12	235	81	154
PCT9145	MV	861	423	-1	0	28	396	135	261
PCT9146	ED	885	245	-1	0	17	229	71	158
PCT9146	MV	885	464	5	0	29	430	150	280
PCT9147	ED	971	281	0	0	16	265	89	176
PCT9147	MV	971	492	-3	0	33	462	170	292
PCT9148	ED	1034	325	0	0	19	306	114	192
PCT9148	MV	1034	513	2	0	16	495	182	313
PCT9149	ED	948	264	-2	0	18	248	83	165
PCT9149	MV	948	478	3	1	26	448	151	297
PCT9151	ED	872	227	0	0	11	216	74	142
PCT9151	MV	872	418	5	0	12	401	191	210
PCT9152	ED	721	270	-12	0	11	271	101	170
PCT9152	MV	721	279	-1	0	11	269	119	150
PCT9201	ED	1004	300	1	0	15	284	98	186
PCT9201	MV	1004	475	1	0	23	451	162	289
PCT9202	ED	971	294	1	0	16	277	106	171
PCT9202	MV	971	426	1	0	24	401	170	231
PCT9203	ED	1002	239	0	0	21	218	119	99
PCT9203	MV	1002	536	-1	1	37	499	259	240
PCT9204	ED	873	273	2	0	25	246	115	131
PCT9204	MV	873	393	1	0	24	368	186	182
PCT9205	ED	728	208	-2	1	11	198	100	98
PCT9205	MV	728	376	4	0	28	344	154	190
PCT9206	ED	931	249	-1	0	19	231	125	106
PCT9206	MV	931	479	1	0	29	449	229	220
PCT9207	ED	981	262	2	0	18	242	112	130
PCT9207	MV	981	502	-1	0	33	470	267	203
PCT9208	ED	1002	287	0	0	20	267	128	139
PCT9208	MV	1002	491	0	0	31	460	227	233
PCT9209	ED	711	245	1	0	15	229	122	107
PCT9209	MV	711	327	2	1	28	296	146	150
PCT9211	ED	889	234	0	0	14	220	93	127
PCT9211	MV	889	432	-1	0	35	398	195	203
PCT9212	ED	803	234	1	0	18	215	94	121
PCT9212	MV	803	400	3	2	33	362	155	207
PCT9213	ED	951	264	2	0	20	242	101	141
PCT9213	MV	951	508	1	0	33	474	199	275
PCT9214	ED	640	166	0	0	9	157	78	79
PCT9214	MV	640	334	0	0	18	316	164	152
PCT9215	ED	652	194	2	0	15	177	84	93
PCT9215	MV	652	327	0	1	21	305	152	153
PCT9216	ED	845	246	2	0	21	223	106	117
PCT9216	MV	845	379	0	0	27	352	170	182
PCT9217	ED	698	194	1	0	15	178	75	103
PCT9217	MV	698	349	2	0	20	327	179	148
PCT9218	ED	841	249	2	0	14	233	92	141
PCT9218	MV	841	412	3	0	32	377	184	193
PCT9219	ED	802	242	-1	0	16	227	94	133
PCT9219	MV	802	399	0	1	28	370	172	198
PCT9221	ED	651	145	-1	1	8	137	73	64
PCT9221	MV	651	399	0	0	23	376	197	179
PCT9222	ED	883	249	-1	0	27	223	99	124
PCT9222	MV	883	449	0	0	29	420	226	194
PCT9223	ED	638	160	-1	0	9	152	75	77
PCT9223	MV	638	338	2	1	18	317	170	147
PCT9224	ED	960	263	0	0	21	242	122	120
PCT9224	MV	960	506	5	2	27	472	248	224
PCT9225	ED	958	299	1	0	20	278	122	156
PCT9225	MV	958	469	1	0	39	429	203	226
PCT9226	ED	926	271	0	0	18	253	127	126
PCT9226	MV	926	486	0	0	36	450	217	233
PCT9227	ED	738	188	0	0	8	180	50	130
PCT9227	MV	738	404	1	0	23	380	184	196
PCT9228	ED	747	189	1	0	10	178	84	94
PCT9228	MV	747	424	0	1	29	394	203	191
PCT9229	ED	598	162	0	0	15	147	62	85
PCT9229	MV	598	316	0	0	9	307	152	155
PCT9231	ED	953	313	3	0	18	292	87	205
PCT9231	MV	953	488	-1	2	34	453	188	265
PCT9232	ED	735	212	0	0	17	195	91	104
PCT9232	MV	735	396	0	0	29	367	148	219
PCT9233	ED	793	209	0	0	14	195	77	118
PCT9233	MV	793	434	1	1	35	397	195	202
PCT9234	ED	746	187	0	0	18	169	76	93
PCT9234	MV	746	438	2	2	30	404	195	209
PCT9235	ED	884	239	0	0	14	225	88	137
PCT9235	MV	884	488	1	1	28	458	232	226
PCT9236	ED	683	201	1	0	12	188	87	101
PCT9236	MV	683	358	2	0	23	333	167	166
PCT9237	ED	936	229	2	0	22	205	92	113
PCT9237	MV	936	539	1	0	41	497	209	288
PCT9238	ED	842	230	-1	0	22	209	86	123
PCT9238	MV	842	456	0	1	34	421	211	210
PCT9239	ED	881	200	1	1	22	176	90	86
PCT9239	MV	881	499	4	0	25	470	226	244
PCT9241	ED	1005	255	1	1	19	234	108	126
PCT9241	MV	1005	578	1	1	23	553	278	275
PCT9242	ED	972	277	2	0	12	263	100	163
PCT9242	MV	972	513	1	0	22	490	226	264
PCT9243	ED	594	193	1	1	11	180	64	116
PCT9243	MV	594	307	-2	0	14	295	132	163
PCT9244	ED	903	255	-2	0	18	239	100	139
PCT9244	MV	903	485	2	0	35	448	169	279
PCT9245	ED	742	209	1	0	14	194	74	120
PCT9245	MV	742	375	1	1	24	349	169	180
PCT9246	ED	929	257	1	0	14	242	94	148
PCT9246	MV	929	528	0	1	34	493	215	278
PCT9247	ED	927	264	2	0	16	246	98	148
PCT9247	MV	927	515	-1	0	32	484	207	277
PCT9248	ED	907	258	0	0	10	248	111	137
PCT9248	MV	907	487	2	1	24	460	200	260
PCT9249	ED	917	271	-1	0	16	256	76	180
PCT9249	MV	917	495	3	0	25	467	195	272
PCT9251	ED	995	287	1	0	16	270	103	167
PCT9251	MV	995	530	4	0	32	494	209	285
PCT9252	ED	944	219	2	0	9	208	76	132
PCT9252	MV	944	550	2	0	37	511	224	287
PCT9253	ED	772	187	0	0	15	172	72	100
PCT9253	MV	772	397	-2	0	21	378	189	189
PCT9254	ED	935	230	-2	0	12	220	96	124
PCT9254	MV	935	538	1	2	33	502	203	299
PCT9255	ED	553	183	2	0	10	171	69	102
PCT9255	MV	553	263	1	0	21	241	100	141
PCT9256	ED	474	130	-2	0	9	123	51	72
PCT9256	MV	474	233	-1	1	5	228	88	140
PCT9257	MV	321	235	0	0	9	226	80	146
PCT9258	ED	712	193	0	0	14	179	72	107
PCT9258	MV	712	373	-2	0	19	356	133	223
PCT9401	ED	1012	293	-5	0	14	284	100	184
PCT9401	MV	1012	484	-1	0	24	461	175	286
PCT9402	ED	977	290	0	0	19	271	89	182
PCT9402	MV	977	458	-1	1	45	413	152	261
PCT9403	ED	897	240	-3	0	16	227	83	144
PCT9403	MV	897	419	1	0	12	406	168	238
PCT9404	ED	930	200	0	0	21	179	65	114
PCT9404	MV	930	462	0	1	34	427	171	256
PCT9405	ED	786	210	4	0	14	192	81	111
PCT9405	MV	786	364	-2	0	19	347	151	196
PCT9406	ED	868	244	-1	0	17	228	83	145
PCT9406	MV	868	421	1	0	25	395	165	230
PCT9407	ED	889	253	-1	0	12	242	88	154
PCT9407	MV	889	409	0	0	26	383	155	228
PCT9408	ED	886	265	-2	0	14	253	85	168
PCT9408	MV	886	415	0	0	37	378	120	258
PCT9409	ED	590	201	-3	0	6	198	53	145
PCT9409	MV	590	252	1	0	22	229	77	152
PCT9411	ED	956	271	-1	0	13	259	80	179
PCT9411	MV	956	431	1	0	22	408	160	248
PCT9412	ED	848	245	-1	0	16	230	73	157
PCT9412	MV	848	380	-1	0	26	355	139	216
PCT9413	ED	894	229	-2	0	10	221	72	149
PCT9413	MV	894	461	1	1	38	421	194	227
PCT9414	ED	916	216	-1	0	12	205	82	123
PCT9414	MV	916	463	2	1	38	422	171	251
PCT9415	ED	784	187	1	1	14	171	68	103
PCT9415	MV	784	392	0	0	29	363	164	199
PCT9416	ED	1008	282	-1	0	20	263	100	163
PCT9416	MV	1008	480	2	1	45	432	188	244
PCT9417	ED	752	175	0	0	11	164	59	105
PCT9417	MV	752	402	0	1	37	364	169	195
PCT9418	ED	790	211	-2	0	16	197	66	131
PCT9418	MV	790	376	2	0	23	351	184	167
PCT9419	ED	924	222	1	1	14	206	89	117
PCT9419	MV	924	468	-3	0	53	418	202	216
PCT9421	ED	906	238	-4	0	21	221	71	150
PCT9421	MV	906	446	2	0	44	400	179	221
PCT9422	ED	1056	283	-2	0	25	260	100	160
PCT9422	MV	1056	513	2	0	33	478	213	265
PCT9423	ED	889	219	-1	0	16	204	78	126
PCT9423	MV	889	440	-2	0	35	407	157	250
PCT9424	ED	952	224	0	0	13	211	73	138
PCT9424	MV	952	496	1	0	34	461	211	250
PCT9425	ED	933	199	-1	0	12	188	67	121
PCT9425	MV	933	465	-1	1	46	419	224	195
PCT9426	ED	823	198	-1	0	20	179	68	111
PCT9426	MV	823	408	5	0	42	361	179	182
PCT9427	ED	948	210	1	0	14	195	87	108
PCT9427	MV	948	447	-3	1	26	423	200	223
PCT9428	ED	961	183	-2	0	17	168	57	111
PCT9428	MV	961	518	0	0	45	473	232	241
PCT9429	ED	899	228	0	0	21	207	85	122
PCT9429	MV	899	432	0	0	35	397	190	207
PCT9431	ED	973	235	2	0	10	223	103	120
PCT9431	MV	973	464	1	0	39	424	212	212
PCT9432	ED	945	214	-1	0	9	206	90	116
PCT9432	MV	945	468	0	0	43	425	191	234
PCT9433	ED	945	195	-1	0	14	182	92	90
PCT9433	MV	945	487	0	0	49	438	235	203
PCT9434	ED	979	261	-2	0	23	240	79	161
PCT9434	MV	979	481	0	0	29	452	204	248
PCT9435	ED	969	251	-3	0	17	237	85	152
PCT9435	MV	969	448	-2	0	32	418	204	214
PCT9436	ED	1006	232	0	1	12	219	89	130
PCT9436	MV	1006	495	-2	1	43	453	231	222
PCT9437	ED	897	219	-3	0	10	212	87	125
PCT9437	MV	897	435	2	2	29	402	181	221
PCT9438	ED	948	202	0	1	11	190	65	125
PCT9438	MV	948	496	-1	0	26	471	241	230
PCT9439	ED	879	173	-1	0	14	160	70	90
PCT9439	MV	879	425	1	1	29	394	198	196
PCT9441	ED	980	261	-1	0	20	242	86	156
PCT9441	MV	980	462	0	0	30	432	178	254
PCT9442	ED	1008	280	1	1	12	266	93	173
PCT9442	MV	1008	461	0	0	47	414	170	244
PCT9443	ED	937	220	-1	1	12	208	98	110
PCT9443	MV	937	442	-2	0	32	412	187	225
PCT9444	ED	937	190	1	0	14	175	79	96
PCT9444	MV	937	442	0	1	43	398	196	202
PCT9445	ED	981	230	-1	0	15	216	89	127
PCT9445	MV	981	493	-1	0	28	466	228	238
PCT9446	ED	1090	240	-1	0	16	225	83	142
PCT9446	MV	1090	564	1	0	35	528	249	279
PCT9447	ED	906	236	-1	0	14	223	73	150
PCT9447	MV	906	448	-2	0	32	418	170	248
PCT9448	ED	909	232	-3	0	14	221	80	141
PCT9448	MV	909	429	2	0	37	390	169	221
PCT9449	ED	830	177	3	0	12	162	60	102
PCT9449	MV	830	428	3	0	23	402	195	207
PCT9451	ED	420	97	0	0	7	90	48	42
PCT9451	MV	420	218	-1	0	11	208	93	115
PCT9452	ED	840	259	0	0	17	242	109	133
PCT9452	MV	840	412	1	0	20	391	188	203
PCT9453	ED	500	135	0	0	11	124	63	61
PCT9453	MV	500	244	0	0	16	228	109	119
PCT9501	MV	148	110	0	0	6	104	48	56
PCT9502	MV	245	177	2	0	7	168	63	105
PCT9503	ED	729	198	-2	0	14	186	61	125
PCT9503	MV	729	315	4	0	16	295	121	174
PCT9505	ED	784	177	-1	0	11	167	64	103
PCT9505	MV	784	383	0	0	20	363	142	221
PCT9506	ED	766	177	1	0	8	168	56	112
PCT9506	MV	766	313	-1	0	17	297	101	196
PCT9507	ED	766	231	0	0	8	223	62	161
PCT9507	MV	766	406	-1	0	20	387	132	255
PCT9508	ED	798	237	1	0	13	223	57	166
PCT9508	MV	798	429	-1	0	16	414	130	284
PCT9509	ED	759	230	1	0	11	218	79	139
PCT9509	MV	759	386	-2	0	15	373	121	252
PCT9511	ED	622	190	-1	0	12	179	53	126
PCT9511	MV	622	296	0	0	12	284	82	202
PCT9512	ED	809	240	1	0	14	225	59	166
PCT9512	MV	809	399	0	1	17	381	120	261
PCT9513	ED	902	275	-1	0	14	262	86	176
PCT9513	MV	902	390	2	1	16	371	111	260
PCT9514	ED	928	304	-4	0	12	296	82	214
PCT9514	MV	928	456	1	0	16	439	153	286
PCT9515	ED	705	222	0	0	15	207	73	134
PCT9515	MV	705	368	-3	0	28	343	120	223
PCT9516	ED	866	254	-2	0	14	242	81	161
PCT9516	MV	866	427	0	0	24	403	141	262
PCT9517	ED	801	228	0	0	19	209	57	152
PCT9517	MV	801	397	1	0	12	384	147	237
PCT9518	ED	802	229	-1	0	14	216	68	148
PCT9518	MV	802	431	0	2	16	413	140	273
PCT9519	ED	910	262	-1	0	12	251	74	177
PCT9519	MV	910	486	-3	0	21	468	157	311
PCT9521	ED	939	316	-2	0	21	297	103	194
PCT9521	MV	939	442	0	1	16	425	141	284
PCT9701	ED	671	201	-1	0	11	191	43	148
PCT9701	MV	671	340	1	0	28	311	136	175
PCT9702	ED	723	210	1	1	10	198	56	142
PCT9702	MV	723	364	0	0	20	344	122	222
PCT9703	ED	986	232	6	0	14	212	99	113
PCT9703	MV	986	530	1	0	43	486	226	260
PCT9704	ED	950	279	0	0	12	267	107	160
PCT9704	MV	950	505	0	0	36	469	201	268
PCT9705	ED	919	261	4	0	8	249	67	182
PCT9705	MV	919	483	0	1	36	446	155	291
PCT9706	MV	49	39	-1	0	1	39	17	22
PCT9707	ED	821	173	0	0	17	156	73	83
PCT9707	MV	821	491	4	1	28	458	199	259
PCT9708	ED	948	250	4	0	10	236	87	149
PCT9708	MV	948	500	-2	0	27	475	169	306
PCT9709	ED	1028	281	10	0	25	246	102	144
PCT9709	MV	1028	517	0	0	32	485	233	252
PCT9711	ED	641	195	0	0	14	181	73	108
PCT9711	MV	641	336	0	0	15	321	145	176
PCT9712	ED	649	160	0	0	7	153	63	90
PCT9712	MV	649	398	3	2	18	375	178	197
PCT9713	ED	960	225	1	0	19	205	84	121
PCT9713	MV	960	489	0	1	25	463	238	225
PCT9714	ED	931	208	1	0	8	199	88	111
PCT9714	MV	931	538	5	0	32	501	229	272
PCT9715	ED	569	180	0	0	11	169	77	92
PCT9715	MV	569	309	2	0	10	297	135	162
PCT9716	ED	947	239	5	0	13	221	85	136
PCT9716	MV	947	481	2	0	36	443	203	240
PCT9717	ED	972	265	0	0	21	244	86	158
PCT9717	MV	972	532	3	0	22	507	235	272
PCT9718	ED	862	227	0	0	11	216	81	135
PCT9718	MV	862	496	-1	1	18	478	237	241
PCT9719	ED	901	245	0	0	18	227	76	151
PCT9719	MV	901	524	6	1	27	490	223	267
PCT9721	ED	662	198	0	0	11	187	76	111
PCT9721	MV	662	357	1	0	21	335	154	181
PCT9722	ED	605	119	0	0	11	108	43	65
PCT9722	MV	605	355	-1	1	27	328	144	184
PCT9723	ED	481	98	0	0	3	95	36	59
PCT9723	MV	481	275	0	0	23	252	136	116
PCT9724	ED	991	205	0	0	14	191	102	89
PCT9724	MV	991	565	-1	0	44	522	281	241
PCT9725	ED	970	214	-3	0	19	198	89	109
PCT9725	MV	970	499	0	0	45	454	257	197
PCT9726	ED	655	263	0	0	7	256	111	145
PCT9726	MV	655	241	-2	0	18	225	106	119
PCT9727	ED	459	79	0	0	1	78	32	46
PCT9727	MV	459	271	1	0	9	261	139	122
PCT9728	ED	926	231	-2	0	7	226	108	118
PCT9728	MV	926	503	2	0	26	475	212	263
PCT9729	ED	800	191	1	0	15	175	72	103
PCT9729	MV	800	442	-1	1	24	418	218	200
PCT9731	ED	556	167	-1	0	7	161	72	89
PCT9731	MV	556	282	0	0	9	273	135	138
PCT9732	MV	70	56	0	0	5	51	25	26
PCT9733	MV	235	191	0	0	11	180	83	97
PCT9734	ED	603	154	0	0	4	150	63	87
PCT9734	MV	603	341	-1	0	21	321	168	153
PCT9735	ED	809	206	0	0	13	193	81	112
PCT9735	MV	809	449	0	1	24	424	192	232
PCT9736	ED	713	173	1	0	12	160	52	108
PCT9736	MV	713	410	2	0	18	390	164	226
PCT9737	ED	818	208	0	0	15	193	84	109
PCT9737	MV	818	476	3	1	28	444	181	263
PCT9738	ED	848	185	0	1	8	176	73	103
PCT9738	MV	848	404	0	0	15	389	166	223
PCT9739	ED	828	220	1	0	12	207	76	131
PCT9739	MV	828	335	0	1	15	319	126	193
PCT9741	ED	552	232	-8	0	10	230	92	138
PCT9741	MV	552	105	-1	0	8	98	45	53
PCT9742	ED	677	180	4	0	13	163	86	77
PCT9742	MV	677	289	1	0	16	272	140	132
PCT9743	ED	1163	310	-1	1	14	296	122	174
PCT9743	MV	1163	501	2	0	24	475	204	271
PCT9744	ED	911	247	0	0	11	236	96	140
PCT9744	MV	911	391	0	0	25	366	167	199
PCT9745	ED	991	282	-4	0	18	268	109	159
PCT9745	MV	991	346	1	1	9	335	140	195
PCT9746	ED	884	232	1	0	13	218	99	119
PCT9746	MV	884	452	0	1	25	426	219	207
PCT9747	ED	973	246	2	0	11	233	81	152
PCT9747	MV	973	470	0	1	30	439	213	226
PCT9748	ED	931	229	-1	0	6	224	96	128
PCT9748	MV	931	475	1	0	29	445	210	235
PCT9749	ED	913	225	2	0	16	207	70	137
PCT9749	MV	913	384	-3	0	26	361	142	219
PCT9751	ED	1016	253	0	0	18	235	87	148
PCT9751	MV	1016	523	0	1	24	498	229	269
PCT9752	ED	710	175	3	0	9	163	57	106
PCT9752	MV	710	392	-1	0	15	378	139	239
PCT9753	ED	756	186	-2	0	8	180	63	117
PCT9753	MV	756	388	0	0	19	369	139	230
PCT9754	ED	707	47	0	0	4	43	19	24
PCT9754	MV	707	377	0	1	18	358	141	217
PCT9755	ED	582	172	-2	0	9	165	52	113
PCT9755	MV	582	285	2	0	14	269	118	151
PCT9756	ED	941	185	0	0	14	171	71	100
PCT9756	MV	941	477	-2	0	37	442	197	245
PCT9801	ED	408	104	0	0	2	102	36	66
PCT9801	MV	408	181	0	0	10	171	84	87
CONG12	TO	443570	332491	289	238	19808	312156	119228	192928
CONG14	TO	56946	40357	-7	28	2255	38081	16646	21435
ASSM17	TO	291063	214827	225	160	12293	202149	73407	128742
ASSM19	TO	209453	158021	57	106	9770	148088	62467	85621
BART7	TO	38460	24736	27	23	1509	23177	9660	13517
BART8	TO	223735	166386	86	115	10972	155213	67239	87974
BART9	TO	238321	181726	169	128	9582	171847	58975	112872
SUPV1	TO	42767	32743	-2	21	2000	30724	12169	18555
SUPV2	TO	50394	40402	70	34	2579	37719	17017	20702
SUPV3	TO	39799	28571	-9	23	2205	26352	11459	14893
SUPV4	TO	42953	31699	-32	19	2270	29442	12542	16900
SUPV5	TO	53744	42036	33	25	2189	39789	13234	26555
SUPV6	TO	43321	29158	61	26	1968	27103	11273	15830
SUPV7	TO	47076	36587	49	30	2076	34432	14746	19686
SUPV8	TO	58122	48632	98	31	2346	46157	14525	31632
SUPV9	TO	42988	31769	7	20	1537	30205	9453	20752
SUPV10	TO	41862	26459	23	24	1518	24894	9647	15247
SUPV11	TO	37490	24792	-16	13	1375	23420	9809	13611
NEIG1	TO	19914	11270	8	11	697	10554	4283	6271
NEIG2	TO	17446	12440	0	11	1056	11373	5072	6301
NEIG3	TO	28644	19045	20	16	1395	17614	7235	10379
NEIG4	TO	7002	5802	18	6	260	5518	2100	3418
NEIG5	TO	27634	18420	-7	8	1000	17419	7232	10187
NEIG6	TO	14982	12240	12	12	586	11630	3503	8127
NEIG7	TO	12118	7928	-12	5	480	7455	3177	4278
NEIG8	TO	9734	7857	-11	4	416	7448	2515	4933
NEIG9	TO	8390	5918	-16	4	342	5588	2534	3054
NEIG10	TO	10097	8010	4	1	429	7576	2950	4626
NEIG11	TO	40622	32395	64	24	2094	30213	13828	16385
NEIG12	TO	31129	23295	-3	16	1087	22195	6344	15851
NEIG13	TO	16964	14420	26	9	734	13651	4408	9243
NEIG14	TO	8795	7263	2	4	295	6962	1865	5097
NEIG15	TO	7019	5232	1	3	365	4863	2184	2679
NEIG26	TO	9293	6104	-5	3	376	5730	2598	3132
NEIG16	TO	16814	13081	11	13	673	12384	4439	7945
NEIG17	TO	37322	28503	8	18	1777	26700	10584	16116
NEIG18	TO	8050	6587	5	9	415	6158	2696	3462
NEIG19	TO	9419	7393	19	3	377	6994	2144	4850
NEIG20	TO	24674	17045	22	14	1121	15888	6691	9197
NEIG21	TO	42363	31246	-30	19	2242	29015	12412	16603
NEIG22	TO	18966	16190	31	12	748	15399	4631	10768
NEIG23	TO	8139	4488	12	4	302	4170	1919	2251
NEIG24	TO	34909	27838	69	24	1553	26192	11229	14963
NEIG25	TO	30077	22838	34	13	1243	21548	7301	14247
