area_id	subtotal_type	RSReg	RSCst	RSRej	RSOvr	RSUnd	RSTot	010:Yes	011:No
ALLPCTS	TO	500516	372461	106	114	143372	228869	159030	69839
ALLPCTS	ED	500516	127556	80	25	48222	79229	53064	26165
ALLPCTS	MV	500516	244905	26	89	95150	149640	105966	43674
PCT1101	ED	553	125	0	0	40	85	56	29
PCT1101	MV	553	266	0	0	92	174	119	55
PCT1102	ED	995	266	0	0	72	194	122	72
PCT1102	MV	995	480	0	0	169	311	209	102
PCT1103	ED	951	246	1	0	88	157	107	50
PCT1103	MV	951	445	0	0	171	274	191	83
PCT1104	ED	993	249	0	0	84	165	108	57
PCT1104	MV	993	414	0	1	136	277	198	79
PCT1106	ED	765	191	0	0	70	121	83	38
PCT1106	MV	765	343	0	0	133	210	139	71
PCT1107	ED	746	163	0	0	62	101	67	34
PCT1107	MV	746	336	0	0	126	210	149	61
PCT1108	ED	909	232	0	0	110	122	83	39
PCT1108	MV	909	437	0	0	168	269	189	80
PCT1109	ED	798	166	0	0	58	108	59	49
PCT1109	MV	798	365	0	1	135	229	172	57
PCT1111	ED	1002	205	0	0	67	138	100	38
PCT1111	MV	1002	460	0	0	177	283	222	61
PCT1112	ED	769	151	0	0	43	108	76	32
PCT1112	MV	769	344	0	0	126	218	151	67
PCT1113	ED	746	134	0	0	52	82	49	33
PCT1113	MV	746	359	0	0	129	230	169	61
PCT1114	ED	957	226	0	0	83	143	99	44
PCT1114	MV	957	403	0	0	136	267	184	83
PCT1115	ED	895	173	0	0	70	103	57	46
PCT1115	MV	895	371	0	0	144	227	140	87
PCT1116	ED	895	224	0	0	90	134	83	51
PCT1116	MV	895	376	0	1	120	255	168	87
PCT1117	ED	858	184	0	0	62	122	88	34
PCT1117	MV	858	357	0	0	127	230	159	71
PCT1118	ED	1043	213	0	0	73	140	89	51
PCT1118	MV	1043	475	0	0	158	317	231	86
PCT1119	ED	791	165	0	0	69	96	65	31
PCT1119	MV	791	386	0	0	136	250	166	84
PCT1121	ED	691	159	0	0	53	106	60	46
PCT1121	MV	691	313	0	0	138	175	119	56
PCT1122	ED	632	109	0	0	37	72	47	25
PCT1122	MV	632	310	0	0	121	189	129	60
PCT1123	ED	915	179	0	0	48	131	86	45
PCT1123	MV	915	364	0	0	134	230	140	90
PCT1124	ED	819	152	0	0	45	107	66	41
PCT1124	MV	819	302	0	0	79	223	158	65
PCT1125	ED	1047	159	0	0	55	104	66	38
PCT1125	MV	1047	466	0	0	144	322	240	82
PCT1126	ED	922	190	0	0	46	144	104	40
PCT1126	MV	922	400	0	1	119	280	218	62
PCT1127	ED	920	200	0	0	67	133	102	31
PCT1127	MV	920	382	0	0	120	262	180	82
PCT1128	ED	838	154	0	0	50	104	64	40
PCT1128	MV	838	362	0	0	120	242	175	67
PCT1129	ED	980	227	0	0	82	145	89	56
PCT1129	MV	980	416	0	0	133	283	211	72
PCT1131	ED	797	132	0	0	43	89	67	22
PCT1131	MV	797	371	0	0	137	234	155	79
PCT1132	ED	969	179	0	0	71	108	81	27
PCT1132	MV	969	427	0	0	150	277	211	66
PCT1133	ED	863	161	0	0	60	101	75	26
PCT1133	MV	863	410	0	0	154	256	187	69
PCT1134	ED	759	170	0	0	54	116	75	41
PCT1134	MV	759	317	0	0	126	191	140	51
PCT1135	ED	540	87	0	0	36	51	32	19
PCT1135	MV	540	295	0	0	114	181	129	52
PCT1136	ED	829	144	0	0	45	99	65	34
PCT1136	MV	829	412	0	0	157	255	180	75
PCT1141	ED	1041	223	0	0	73	150	94	56
PCT1141	MV	1041	484	0	0	143	341	247	94
PCT1142	ED	861	175	0	0	54	121	75	46
PCT1142	MV	861	393	0	0	137	256	195	61
PCT1143	ED	1034	228	0	0	60	168	119	49
PCT1143	MV	1034	440	0	0	146	294	205	89
PCT1144	ED	907	205	0	0	55	150	104	46
PCT1144	MV	907	387	0	0	108	279	189	90
PCT1145	ED	888	189	0	0	70	119	79	40
PCT1145	MV	888	461	0	0	160	301	218	83
PCT1146	ED	1011	186	0	0	56	130	87	43
PCT1146	MV	1011	454	0	0	144	310	226	84
PCT1147	ED	877	210	0	0	75	135	77	58
PCT1147	MV	877	396	0	0	108	288	197	91
PCT1148	ED	962	196	0	0	60	136	89	47
PCT1148	MV	962	444	0	0	142	302	216	86
PCT1149	ED	907	210	0	0	68	142	102	40
PCT1149	MV	907	407	0	0	136	271	186	85
PCT1152	ED	864	198	0	0	66	132	82	50
PCT1152	MV	864	388	0	0	116	272	201	71
PCT1153	ED	951	209	0	1	74	134	94	40
PCT1153	MV	951	415	0	0	156	259	177	82
PCT7001	ED	776	175	2	0	64	109	77	32
PCT7001	MV	776	429	0	0	168	261	166	95
PCT7002	ED	706	176	0	0	63	113	72	41
PCT7002	MV	706	332	0	0	122	210	139	71
PCT7003	ED	884	238	0	0	96	142	100	42
PCT7003	MV	884	498	0	0	214	284	201	83
PCT7004	ED	881	239	1	0	93	145	103	42
PCT7004	MV	881	496	0	0	190	306	214	92
PCT7005	ED	847	253	0	0	101	152	82	70
PCT7005	MV	847	480	0	0	190	290	197	93
PCT7006	ED	917	254	0	0	108	146	77	69
PCT7006	MV	917	442	0	1	137	304	185	119
PCT7007	ED	949	282	0	0	90	192	123	69
PCT7007	MV	949	516	0	0	207	309	203	106
PCT7008	ED	932	264	1	0	98	165	117	48
PCT7008	MV	932	546	1	1	225	319	230	89
PCT7009	ED	905	185	0	0	65	120	80	40
PCT7009	MV	905	513	0	0	175	338	230	108
PCT7011	ED	985	203	0	0	65	138	92	46
PCT7011	MV	985	294	0	0	103	191	131	60
PCT7012	ED	1109	313	0	0	117	196	135	61
PCT7012	MV	1109	594	0	1	219	374	260	114
PCT7013	ED	956	265	0	0	108	157	104	53
PCT7013	MV	956	501	0	0	173	328	230	98
PCT7014	ED	1460	366	0	0	139	227	169	58
PCT7014	MV	1460	801	0	1	285	515	350	165
PCT7015	MV	95	44	0	0	14	30	16	14
PCT7016	ED	918	171	0	0	50	121	81	40
PCT7016	MV	918	280	0	1	96	183	121	62
PCT7017	ED	754	149	0	1	61	87	57	30
PCT7017	MV	754	252	0	1	92	159	105	54
PCT7018	ED	977	154	0	0	59	95	63	32
PCT7018	MV	977	448	0	0	162	286	216	70
PCT7019	ED	899	182	0	0	55	127	79	48
PCT7019	MV	899	413	0	0	149	264	200	64
PCT7021	ED	947	184	0	0	58	126	82	44
PCT7021	MV	947	305	0	0	108	197	151	46
PCT7022	ED	945	214	0	0	68	146	103	43
PCT7022	MV	945	351	0	0	105	246	163	83
PCT7023	ED	928	177	0	0	63	114	84	30
PCT7023	MV	928	400	0	0	141	259	196	63
PCT7024	ED	414	70	0	0	25	45	32	13
PCT7024	MV	414	78	0	0	25	53	45	8
PCT7025	ED	477	85	0	0	31	54	40	14
PCT7025	MV	477	128	0	0	39	89	54	35
PCT7026	ED	1011	149	0	0	51	98	74	24
PCT7026	MV	1011	455	0	0	172	283	208	75
PCT7027	ED	869	195	0	0	77	118	88	30
PCT7027	MV	869	353	0	0	117	236	160	76
PCT7028	ED	850	212	0	0	68	144	87	57
PCT7028	MV	850	282	0	0	88	194	134	60
PCT7029	ED	901	183	0	0	68	115	68	47
PCT7029	MV	901	251	0	0	80	171	121	50
PCT7030	ED	759	118	0	0	43	75	47	28
PCT7030	MV	759	357	0	0	117	240	163	77
PCT7031	ED	641	91	0	0	39	52	40	12
PCT7031	MV	641	308	0	0	93	215	168	47
PCT7032	ED	904	173	1	0	59	113	71	42
PCT7032	MV	904	316	0	0	96	220	158	62
PCT7033	ED	798	191	0	0	63	128	86	42
PCT7033	MV	798	247	0	1	69	177	133	44
PCT7034	ED	958	197	0	0	71	126	78	48
PCT7034	MV	958	201	0	0	77	124	85	39
PCT7035	ED	606	122	0	0	44	78	53	25
PCT7035	MV	606	262	0	0	82	180	138	42
PCT7036	ED	921	117	0	0	29	88	59	29
PCT7036	MV	921	342	0	0	116	226	179	47
PCT7037	ED	735	134	0	0	66	68	47	21
PCT7037	MV	735	98	0	0	32	66	43	23
PCT7038	ED	911	135	0	0	50	85	65	20
PCT7038	MV	911	351	0	0	108	243	182	61
PCT7039	ED	784	178	0	0	60	118	86	32
PCT7039	MV	784	306	0	0	108	198	150	48
PCT7041	MV	61	33	0	0	15	18	7	11
PCT7042	ED	639	118	0	0	29	89	63	26
PCT7042	MV	639	258	0	0	98	160	119	41
PCT7043	ED	957	175	0	0	42	133	89	44
PCT7043	MV	957	404	0	0	162	242	185	57
PCT7044	ED	827	167	0	0	53	114	82	32
PCT7044	MV	827	193	0	0	72	121	92	29
PCT7045	ED	779	120	0	0	56	64	35	29
PCT7045	MV	779	344	0	0	153	191	138	53
PCT7046	ED	402	94	0	0	34	60	42	18
PCT7046	MV	402	175	0	0	64	111	72	39
PCT7047	ED	823	119	0	0	43	76	56	20
PCT7047	MV	823	388	0	0	146	242	196	46
PCT7048	ED	858	150	3	0	50	97	74	23
PCT7048	MV	858	318	0	0	109	209	158	51
PCT7049	ED	792	172	0	0	57	115	88	27
PCT7049	MV	792	305	0	0	117	188	139	49
PCT7051	ED	861	114	0	0	48	66	39	27
PCT7051	MV	861	380	0	0	143	237	177	60
PCT7052	ED	852	161	0	0	54	107	67	40
PCT7052	MV	852	402	0	0	145	257	187	70
PCT7053	ED	548	102	0	0	45	57	39	18
PCT7053	MV	548	278	0	0	102	176	141	35
PCT7054	ED	1073	214	0	0	82	132	83	49
PCT7054	MV	1073	410	0	0	128	282	181	101
PCT7055	ED	808	188	0	0	67	121	90	31
PCT7055	MV	808	440	0	0	162	278	187	91
PCT7101	MV	155	120	1	0	47	72	53	19
PCT7201	ED	936	245	0	0	121	124	85	39
PCT7201	MV	936	518	0	0	223	295	218	77
PCT7202	ED	850	225	0	0	106	119	93	26
PCT7202	MV	850	431	0	0	176	255	199	56
PCT7203	ED	921	289	1	0	119	169	120	49
PCT7203	MV	921	423	0	0	191	232	166	66
PCT7204	ED	918	233	0	0	100	133	98	35
PCT7204	MV	918	531	0	1	225	305	244	61
PCT7205	ED	875	249	0	0	109	140	110	30
PCT7205	MV	875	485	0	0	210	275	225	50
PCT7206	ED	378	134	0	0	52	82	63	19
PCT7206	MV	378	191	0	0	84	107	79	28
PCT7207	ED	812	194	0	0	79	115	89	26
PCT7207	MV	812	433	0	0	185	248	178	70
PCT7208	ED	600	111	0	0	52	59	40	19
PCT7208	MV	600	328	0	0	123	205	164	41
PCT7209	ED	626	107	0	0	46	61	43	18
PCT7209	MV	626	423	0	1	183	239	189	50
PCT7301	ED	1016	228	0	0	85	143	105	38
PCT7301	MV	1016	435	0	0	183	252	189	63
PCT7302	ED	814	188	0	0	77	111	74	37
PCT7302	MV	814	458	0	0	192	266	204	62
PCT7303	ED	1042	280	0	1	119	160	108	52
PCT7303	MV	1042	482	0	0	196	286	216	70
PCT7304	ED	1002	278	0	0	126	152	101	51
PCT7304	MV	1002	493	0	0	208	285	199	86
PCT7305	ED	871	239	0	0	102	137	102	35
PCT7305	MV	871	459	0	0	208	251	197	54
PCT7306	ED	1056	317	0	0	133	184	122	62
PCT7306	MV	1056	496	0	0	226	270	195	75
PCT7307	ED	767	209	0	0	96	113	76	37
PCT7307	MV	767	345	0	0	141	204	140	64
PCT7308	ED	603	177	0	0	70	107	78	29
PCT7308	MV	603	313	0	0	136	177	138	39
PCT7309	ED	884	260	0	0	129	131	101	30
PCT7309	MV	884	439	0	0	177	262	197	65
PCT7311	ED	917	266	0	0	112	154	113	41
PCT7311	MV	917	448	0	0	189	259	201	58
PCT7312	ED	821	203	0	0	79	124	104	20
PCT7312	MV	821	470	0	0	204	266	221	45
PCT7313	ED	968	224	1	0	99	124	79	45
PCT7313	MV	968	485	0	0	202	283	220	63
PCT7314	ED	787	125	0	0	45	80	45	35
PCT7314	MV	787	271	0	0	118	153	125	28
PCT7315	ED	760	220	0	0	92	128	87	41
PCT7315	MV	760	282	0	0	128	154	103	51
PCT7316	ED	853	205	0	0	98	107	74	33
PCT7316	MV	853	367	0	0	161	206	138	68
PCT7317	ED	904	189	0	0	82	107	73	34
PCT7317	MV	904	454	0	0	180	274	209	65
PCT7318	ED	727	179	0	0	82	97	72	25
PCT7318	MV	727	389	0	0	168	221	162	59
PCT7319	ED	1079	298	0	1	113	184	130	54
PCT7319	MV	1079	516	0	1	236	279	216	63
PCT7321	ED	671	149	0	0	70	79	56	23
PCT7321	MV	671	286	0	0	120	166	109	57
PCT7322	ED	874	64	0	0	28	36	25	11
PCT7322	MV	874	337	0	0	170	167	130	37
PCT7323	ED	950	234	0	0	87	147	103	44
PCT7323	MV	950	455	0	0	195	260	202	58
PCT7324	ED	755	189	0	0	90	99	71	28
PCT7324	MV	755	364	0	1	143	220	161	59
PCT7325	ED	904	240	0	0	95	145	104	41
PCT7325	MV	904	436	0	0	199	237	182	55
PCT7326	ED	876	199	0	0	83	116	89	27
PCT7326	MV	876	429	0	0	182	247	182	65
PCT7327	ED	699	71	0	0	25	46	30	16
PCT7327	MV	699	276	0	0	114	162	124	38
PCT7328	ED	973	94	0	0	50	44	35	9
PCT7328	MV	973	394	0	0	174	220	175	45
PCT7329	ED	640	112	0	0	48	64	54	10
PCT7329	MV	640	321	0	0	130	191	144	47
PCT7331	ED	852	213	0	0	82	131	97	34
PCT7331	MV	852	461	0	0	205	256	197	59
PCT7332	ED	834	223	0	0	82	141	95	46
PCT7332	MV	834	364	0	0	131	233	162	71
PCT7333	ED	1044	295	0	0	117	178	137	41
PCT7333	MV	1044	543	0	1	220	322	227	95
PCT7334	ED	881	199	0	0	96	103	66	37
PCT7334	MV	881	462	0	0	197	265	196	69
PCT7335	ED	970	225	0	0	83	142	98	44
PCT7335	MV	970	523	0	0	228	295	212	83
PCT7336	ED	955	236	0	0	103	133	91	42
PCT7336	MV	955	523	0	0	221	302	222	80
PCT7337	ED	851	178	0	0	66	112	76	36
PCT7337	MV	851	464	0	0	179	285	192	93
PCT7338	ED	915	153	0	0	48	105	71	34
PCT7338	MV	915	426	0	0	180	246	203	43
PCT7339	ED	669	174	0	1	57	116	84	32
PCT7339	MV	669	309	0	0	111	198	142	56
PCT7341	ED	908	260	0	0	107	153	109	44
PCT7341	MV	908	401	0	1	149	251	191	60
PCT7342	ED	947	333	0	0	112	221	146	75
PCT7342	MV	947	414	0	0	154	260	186	74
PCT7343	ED	731	234	0	0	78	156	108	48
PCT7343	MV	731	316	0	0	103	213	150	63
PCT7344	ED	1110	287	0	0	101	186	126	60
PCT7344	MV	1110	538	0	0	177	361	239	122
PCT7345	ED	1141	327	1	0	111	215	154	61
PCT7345	MV	1141	521	0	0	201	320	214	106
PCT7346	ED	920	248	0	0	82	166	106	60
PCT7346	MV	920	384	0	0	137	247	150	97
PCT7347	ED	1040	240	0	0	80	160	98	62
PCT7347	MV	1040	480	0	0	150	330	224	106
PCT7348	ED	861	210	0	0	71	139	99	40
PCT7348	MV	861	353	0	0	130	223	159	64
PCT7349	ED	957	247	0	0	84	163	117	46
PCT7349	MV	957	427	0	0	167	260	181	79
PCT7501	ED	565	172	0	0	68	104	84	20
PCT7501	MV	565	308	0	0	148	160	130	30
PCT7502	ED	784	180	1	0	69	110	79	31
PCT7502	MV	784	447	0	0	180	267	173	94
PCT7503	ED	764	207	0	0	81	126	95	31
PCT7503	MV	764	388	0	0	146	242	184	58
PCT7504	ED	503	112	0	0	48	64	52	12
PCT7504	MV	503	222	0	0	76	146	113	33
PCT7505	ED	869	158	0	0	61	97	73	24
PCT7505	MV	869	532	0	0	224	308	264	44
PCT7506	ED	999	224	0	0	76	148	106	42
PCT7506	MV	999	473	0	0	174	299	226	73
PCT7507	ED	955	210	0	0	73	137	98	39
PCT7507	MV	955	344	0	0	124	220	158	62
PCT7508	ED	727	154	0	0	59	95	63	32
PCT7508	MV	727	427	0	1	187	239	186	53
PCT7509	ED	932	235	2	0	77	156	102	54
PCT7509	MV	932	470	1	0	160	309	209	100
PCT7512	ED	612	149	0	0	67	82	55	27
PCT7512	MV	612	283	0	0	108	175	132	43
PCT7513	ED	818	225	0	0	88	137	103	34
PCT7513	MV	818	315	0	0	108	207	150	57
PCT7514	ED	874	140	0	0	46	94	73	21
PCT7514	MV	874	305	0	0	102	203	148	55
PCT7515	ED	869	211	0	0	79	132	88	44
PCT7515	MV	869	389	0	0	151	238	177	61
PCT7516	ED	922	172	0	0	66	106	73	33
PCT7516	MV	922	538	0	0	192	346	268	78
PCT7517	ED	863	289	0	0	97	192	132	60
PCT7517	MV	863	410	0	0	159	251	164	87
PCT7518	ED	950	309	0	0	114	195	126	69
PCT7518	MV	950	480	0	1	178	301	191	110
PCT7519	ED	737	224	0	0	79	145	88	57
PCT7519	MV	737	355	0	1	139	215	126	89
PCT7521	ED	812	291	0	0	118	173	104	69
PCT7521	MV	812	354	0	0	156	198	140	58
PCT7522	ED	764	207	0	0	77	130	74	56
PCT7522	MV	764	397	0	0	148	249	163	86
PCT7523	ED	747	275	0	0	91	184	113	71
PCT7523	MV	747	359	0	0	122	237	146	91
PCT7524	ED	615	181	0	0	64	117	73	44
PCT7524	MV	615	262	0	0	90	172	124	48
PCT7525	ED	800	205	0	0	74	131	88	43
PCT7525	MV	800	341	0	0	134	207	137	70
PCT7526	ED	1011	291	0	0	109	182	109	73
PCT7526	MV	1011	552	0	1	227	324	225	99
PCT7527	ED	725	208	0	0	68	140	92	48
PCT7527	MV	725	339	0	1	125	213	139	74
PCT7529	ED	948	294	0	0	114	180	109	71
PCT7529	MV	948	486	0	0	164	322	197	125
PCT7531	ED	865	225	0	0	70	155	88	67
PCT7531	MV	865	442	0	1	159	282	175	107
PCT7532	ED	852	246	0	0	93	153	95	58
PCT7532	MV	852	398	0	0	160	238	161	77
PCT7533	ED	1015	354	0	0	105	249	145	104
PCT7533	MV	1015	490	0	0	189	301	192	109
PCT7534	ED	936	322	0	0	140	182	111	71
PCT7534	MV	936	415	0	0	156	259	155	104
PCT7535	ED	767	261	0	1	84	176	105	71
PCT7535	MV	767	387	0	0	151	236	155	81
PCT7536	ED	863	291	0	0	93	198	118	80
PCT7536	MV	863	421	0	1	175	245	163	82
PCT7537	ED	752	240	0	0	85	155	86	69
PCT7537	MV	752	363	0	0	136	227	147	80
PCT7538	ED	771	246	0	0	83	163	102	61
PCT7538	MV	771	400	0	0	151	249	154	95
PCT7539	ED	922	330	0	0	129	201	113	88
PCT7539	MV	922	428	0	0	155	273	159	114
PCT7541	ED	805	245	0	0	90	155	93	62
PCT7541	MV	805	400	0	0	139	261	148	113
PCT7542	ED	821	270	0	0	84	186	104	82
PCT7542	MV	821	389	0	0	136	253	160	93
PCT7543	ED	909	215	0	0	82	133	80	53
PCT7543	MV	909	467	0	0	164	303	208	95
PCT7544	ED	898	256	0	0	103	153	98	55
PCT7544	MV	898	479	0	1	163	315	189	126
PCT7545	ED	918	273	0	0	96	177	102	75
PCT7545	MV	918	480	0	0	188	292	197	95
PCT7546	ED	982	304	0	0	114	190	115	75
PCT7546	MV	982	517	0	0	178	339	220	119
PCT7547	ED	1029	314	0	0	123	191	112	79
PCT7547	MV	1029	505	0	0	186	319	193	126
PCT7548	ED	1073	317	1	0	113	203	131	72
PCT7548	MV	1073	512	0	0	180	332	217	115
PCT7549	ED	811	215	0	0	89	126	87	39
PCT7549	MV	811	431	0	0	180	251	181	70
PCT7551	ED	741	239	0	0	86	153	94	59
PCT7551	MV	741	394	0	0	133	261	166	95
PCT7552	ED	727	241	0	0	96	145	97	48
PCT7552	MV	727	360	0	0	146	214	141	73
PCT7553	MV	180	126	0	0	36	90	76	14
PCT7554	ED	808	247	0	0	100	147	100	47
PCT7554	MV	808	442	0	1	198	243	172	71
PCT7555	ED	886	289	0	0	95	194	145	49
PCT7555	MV	886	459	0	0	195	264	184	80
PCT7556	ED	969	275	0	0	114	161	111	50
PCT7556	MV	969	573	0	0	218	355	265	90
PCT7601	ED	767	190	0	0	58	132	88	44
PCT7601	MV	767	290	0	0	95	195	137	58
PCT7602	ED	901	210	0	0	72	138	84	54
PCT7602	MV	901	379	0	0	124	255	165	90
PCT7603	ED	830	249	0	0	79	170	101	69
PCT7603	MV	830	376	0	0	134	242	154	88
PCT7604	ED	954	265	0	0	97	168	112	56
PCT7604	MV	954	352	0	0	101	251	164	87
PCT7605	ED	648	120	0	0	54	66	56	10
PCT7605	MV	648	203	0	0	64	139	97	42
PCT7606	ED	924	204	0	0	72	132	82	50
PCT7606	MV	924	330	0	0	105	225	141	84
PCT7607	ED	960	215	0	1	81	133	84	49
PCT7607	MV	960	407	0	0	125	282	188	94
PCT7608	ED	392	70	0	0	28	42	28	14
PCT7608	MV	392	136	0	0	53	83	69	14
PCT7609	ED	926	120	0	0	38	82	50	32
PCT7609	MV	926	352	0	0	134	218	174	44
PCT7611	ED	755	126	0	0	37	89	68	21
PCT7611	MV	755	269	0	0	97	172	139	33
PCT7612	ED	583	97	0	0	36	61	41	20
PCT7612	MV	583	265	0	0	100	165	120	45
PCT7613	ED	908	202	0	0	72	130	91	39
PCT7613	MV	908	340	0	0	106	234	157	77
PCT7614	ED	1029	223	0	0	82	141	100	41
PCT7614	MV	1029	375	0	0	103	272	192	80
PCT7615	ED	762	162	0	0	55	107	71	36
PCT7615	MV	762	237	0	0	88	149	100	49
PCT7616	ED	1203	322	0	0	144	178	138	40
PCT7616	MV	1203	686	0	0	238	448	337	111
PCT7617	ED	768	102	0	0	39	63	43	20
PCT7617	MV	768	261	0	0	89	172	133	39
PCT7618	ED	862	168	0	0	71	97	62	35
PCT7618	MV	862	407	0	0	143	264	182	82
PCT7619	ED	1063	219	0	0	77	142	86	56
PCT7619	MV	1063	563	0	0	211	352	219	133
PCT7621	ED	1320	287	0	0	101	186	134	52
PCT7621	MV	1320	668	0	0	227	441	328	113
PCT7622	ED	988	170	0	0	53	117	75	42
PCT7622	MV	988	301	0	0	94	207	150	57
PCT7623	ED	746	182	0	0	68	114	79	35
PCT7623	MV	746	297	0	0	80	217	153	64
PCT7624	ED	859	142	0	0	36	106	71	35
PCT7624	MV	859	290	0	0	80	210	169	41
PCT7625	ED	822	66	0	0	24	42	28	14
PCT7625	MV	822	475	0	0	190	285	256	29
PCT7626	ED	1114	224	0	0	84	140	106	34
PCT7626	MV	1114	612	0	0	240	372	306	66
PCT7627	ED	1187	266	0	0	107	159	127	32
PCT7627	MV	1187	582	0	0	232	350	275	75
PCT7628	ED	960	239	0	0	85	154	92	62
PCT7628	MV	960	428	0	0	155	273	172	101
PCT7629	ED	809	208	0	0	76	132	77	55
PCT7629	MV	809	343	0	0	125	218	150	68
PCT7631	ED	1155	266	0	0	111	155	110	45
PCT7631	MV	1155	576	0	0	214	362	260	102
PCT7632	ED	1124	288	0	0	120	168	115	53
PCT7632	MV	1124	561	0	0	189	372	231	141
PCT7633	ED	741	137	0	0	45	92	64	28
PCT7633	MV	741	392	0	0	159	233	165	68
PCT7634	ED	900	194	0	0	74	120	79	41
PCT7634	MV	900	421	0	0	156	265	208	57
PCT7635	ED	840	157	0	0	60	97	62	35
PCT7635	MV	840	382	0	1	132	249	175	74
PCT7636	ED	938	246	0	0	108	138	105	33
PCT7636	MV	938	465	0	0	181	284	208	76
PCT7637	ED	809	193	0	0	88	105	82	23
PCT7637	MV	809	404	0	0	158	246	194	52
PCT7638	ED	1467	294	0	0	121	173	142	31
PCT7638	MV	1467	871	1	0	368	502	390	112
PCT7639	ED	1011	241	0	0	108	133	97	36
PCT7639	MV	1011	559	0	0	219	340	270	70
PCT7641	ED	972	204	0	0	85	119	92	27
PCT7641	MV	972	549	0	1	222	326	257	69
PCT7642	ED	937	152	0	0	54	98	81	17
PCT7642	MV	937	394	0	0	186	208	166	42
PCT7643	ED	920	168	0	0	78	90	69	21
PCT7643	MV	920	507	0	1	172	334	266	68
PCT7644	ED	1175	329	0	0	118	211	151	60
PCT7644	MV	1175	554	0	0	207	347	262	85
PCT7645	ED	640	120	0	0	44	76	54	22
PCT7645	MV	640	377	0	0	169	208	173	35
PCT7646	ED	1100	262	0	0	110	152	117	35
PCT7646	MV	1100	591	0	0	239	352	269	83
PCT7647	ED	1075	205	0	0	67	138	95	43
PCT7647	MV	1075	283	0	1	79	203	145	58
PCT7648	MV	1	0	0	0	0	0	0	0
PCT7649	ED	891	175	0	0	66	109	82	27
PCT7649	MV	891	395	0	1	118	276	199	77
PCT7651	ED	677	165	1	1	75	88	68	20
PCT7651	MV	677	351	0	1	136	214	162	52
PCT7652	ED	628	135	0	0	47	88	63	25
PCT7652	MV	628	301	0	0	121	180	138	42
PCT7653	ED	1280	299	0	0	127	172	131	41
PCT7653	MV	1280	673	0	0	296	377	306	71
PCT7701	ED	1064	295	0	0	111	184	123	61
PCT7701	MV	1064	597	0	0	246	351	246	105
PCT7702	ED	748	179	0	0	72	107	89	18
PCT7702	MV	748	415	0	0	179	236	178	58
PCT7703	MV	171	79	0	0	33	46	38	8
PCT7704	ED	1008	257	0	0	96	161	118	43
PCT7704	MV	1008	557	0	0	220	337	246	91
PCT7705	ED	568	149	0	0	58	91	66	25
PCT7705	MV	568	335	0	0	131	204	169	35
PCT7706	ED	840	252	0	0	91	161	117	44
PCT7706	MV	840	467	0	1	201	265	183	82
PCT7707	ED	857	240	1	0	68	171	122	49
PCT7707	MV	857	495	0	0	217	278	221	57
PCT7708	ED	871	205	0	0	84	121	85	36
PCT7708	MV	871	540	0	0	199	341	246	95
PCT7709	ED	391	102	0	0	30	72	44	28
PCT7709	MV	391	222	0	0	80	142	99	43
PCT7711	ED	766	197	0	0	84	113	70	43
PCT7711	MV	766	422	0	0	165	257	185	72
PCT7712	ED	529	148	0	0	52	96	59	37
PCT7712	MV	529	296	0	0	106	190	106	84
PCT7801	ED	1001	263	1	0	110	152	111	41
PCT7801	MV	1001	596	0	0	245	351	254	97
PCT7802	ED	788	229	0	0	85	144	104	40
PCT7802	MV	788	458	0	0	204	254	182	72
PCT7803	ED	828	173	0	0	69	104	68	36
PCT7803	MV	828	552	0	0	212	340	261	79
PCT7804	ED	893	257	0	0	98	159	113	46
PCT7804	MV	893	533	0	0	218	315	227	88
PCT7805	ED	825	226	0	0	76	150	109	41
PCT7805	MV	825	484	0	0	171	313	221	92
PCT7806	ED	716	207	2	0	65	140	81	59
PCT7806	MV	716	406	0	0	141	265	157	108
PCT7807	ED	844	276	0	0	80	196	124	72
PCT7807	MV	844	417	0	0	155	262	173	89
PCT7808	ED	655	211	0	0	73	138	97	41
PCT7808	MV	655	333	0	0	129	204	137	67
PCT7809	ED	781	237	0	0	91	146	100	46
PCT7809	MV	781	405	0	0	137	268	184	84
PCT7811	ED	783	249	0	0	76	173	96	77
PCT7811	MV	783	404	0	0	142	262	165	97
PCT7812	ED	877	256	0	0	94	162	106	56
PCT7812	MV	877	454	0	0	175	279	203	76
PCT7813	ED	1064	308	1	0	114	193	118	75
PCT7813	MV	1064	585	0	0	214	371	233	138
PCT7814	ED	936	227	0	0	77	150	88	62
PCT7814	MV	936	340	0	2	107	231	154	77
PCT7815	ED	954	238	0	0	96	142	98	44
PCT7815	MV	954	573	0	0	210	363	262	101
PCT7816	ED	865	235	0	0	98	137	93	44
PCT7816	MV	865	531	1	0	201	329	253	76
PCT7817	ED	823	276	0	0	95	181	110	71
PCT7817	MV	823	439	0	0	144	295	204	91
PCT7818	ED	860	232	0	0	92	140	90	50
PCT7818	MV	860	452	2	0	181	269	195	74
PCT7819	ED	793	191	0	0	69	122	77	45
PCT7819	MV	793	420	0	0	158	262	182	80
PCT7821	ED	985	247	0	0	82	165	107	58
PCT7821	MV	985	629	0	0	227	402	284	118
PCT7822	ED	908	275	0	0	101	174	115	59
PCT7822	MV	908	479	0	0	174	305	214	91
PCT7823	ED	879	269	6	0	91	172	99	73
PCT7823	MV	879	501	0	2	170	329	236	93
PCT7824	ED	768	246	0	0	93	153	104	49
PCT7824	MV	768	383	0	0	163	220	168	52
PCT7825	ED	597	191	0	0	77	114	67	47
PCT7825	MV	597	302	0	0	105	197	102	95
PCT7826	ED	684	258	0	0	91	167	105	62
PCT7826	MV	684	319	0	0	124	195	117	78
PCT7827	ED	831	261	0	0	85	176	103	73
PCT7827	MV	831	361	0	0	124	237	125	112
PCT7828	ED	1018	260	0	0	93	167	127	40
PCT7828	MV	1018	549	0	0	205	344	252	92
PCT7829	ED	907	237	1	0	80	156	104	52
PCT7829	MV	907	557	0	0	218	339	260	79
PCT7831	ED	882	233	0	0	79	154	101	53
PCT7831	MV	882	544	0	0	217	327	223	104
PCT7832	ED	780	187	0	0	57	130	88	42
PCT7832	MV	780	487	0	0	186	301	221	80
PCT7833	ED	747	230	0	0	93	137	81	56
PCT7833	MV	747	412	0	0	177	235	127	108
PCT7834	ED	867	276	0	0	102	174	104	70
PCT7834	MV	867	438	0	0	154	284	172	112
PCT7835	ED	847	209	0	0	73	136	79	57
PCT7835	MV	847	505	1	0	175	329	229	100
PCT7836	ED	1023	259	0	0	88	171	114	57
PCT7836	MV	1023	623	0	2	224	397	295	102
PCT7837	ED	911	259	0	0	106	153	112	41
PCT7837	MV	911	509	2	2	210	295	238	57
PCT7838	ED	926	239	0	1	80	158	111	47
PCT7838	MV	926	545	0	0	233	312	213	99
PCT7839	ED	842	205	0	0	86	119	84	35
PCT7839	MV	842	515	0	0	204	311	214	97
PCT7841	ED	937	290	0	0	121	169	104	65
PCT7841	MV	937	526	0	0	215	311	214	97
PCT7842	ED	903	283	0	0	98	185	111	74
PCT7842	MV	903	434	0	2	173	259	163	96
PCT7843	ED	767	231	0	0	76	155	96	59
PCT7843	MV	767	380	0	0	148	232	146	86
PCT7844	ED	663	196	0	0	68	128	70	58
PCT7844	MV	663	329	0	0	118	211	121	90
PCT7845	ED	849	241	0	0	97	144	104	40
PCT7845	MV	849	469	0	1	189	279	219	60
PCT7846	ED	904	259	0	0	105	154	108	46
PCT7846	MV	904	509	0	1	211	297	218	79
PCT7847	ED	929	261	0	0	99	162	103	59
PCT7847	MV	929	529	0	0	212	317	220	97
PCT7848	ED	834	232	0	0	96	136	95	41
PCT7848	MV	834	491	0	0	208	283	218	65
PCT7849	ED	929	263	0	0	117	146	89	57
PCT7849	MV	929	522	0	1	199	322	208	114
PCT7851	ED	513	136	0	0	68	68	48	20
PCT7851	MV	513	298	0	0	130	168	133	35
PCT7852	ED	647	143	0	0	58	85	56	29
PCT7852	MV	647	394	0	0	160	234	174	60
PCT7853	ED	850	214	0	0	65	149	109	40
PCT7853	MV	850	479	0	0	180	299	228	71
PCT7854	ED	894	247	0	0	99	148	83	65
PCT7854	MV	894	500	0	0	194	306	220	86
PCT7855	ED	986	299	0	0	110	189	126	63
PCT7855	MV	986	521	0	1	204	316	222	94
PCT7856	ED	800	265	0	1	95	169	106	63
PCT7856	MV	800	425	0	1	141	283	195	88
PCT7857	ED	933	275	0	0	118	157	100	57
PCT7857	MV	933	517	0	0	200	317	210	107
PCT7858	ED	775	244	0	0	87	157	96	61
PCT7858	MV	775	394	0	0	126	268	172	96
PCT7859	ED	891	249	0	0	102	147	103	44
PCT7859	MV	891	513	0	0	200	313	236	77
PCT7861	ED	859	217	0	0	86	131	89	42
PCT7861	MV	859	510	0	1	201	308	213	95
PCT7862	ED	866	301	0	0	113	188	130	58
PCT7862	MV	866	472	0	2	173	297	211	86
PCT7863	ED	907	310	0	0	110	200	132	68
PCT7863	MV	907	440	0	0	154	286	192	94
PCT7864	ED	807	232	0	0	84	148	107	41
PCT7864	MV	807	426	0	0	155	271	177	94
PCT7865	ED	823	241	0	0	80	161	98	63
PCT7865	MV	823	463	0	0	186	277	185	92
PCT7866	ED	836	209	0	1	76	132	107	25
PCT7866	MV	836	491	0	0	201	290	237	53
PCT7867	ED	955	266	0	0	107	159	116	43
PCT7867	MV	955	510	0	0	194	316	240	76
PCT7868	ED	881	242	0	0	90	152	102	50
PCT7868	MV	881	449	1	0	164	284	213	71
PCT7869	ED	867	239	0	1	88	150	101	49
PCT7869	MV	867	489	0	0	209	280	213	67
PCT7871	ED	900	259	0	0	101	158	109	49
PCT7871	MV	900	502	2	1	182	317	235	82
PCT7872	ED	862	287	0	0	100	187	136	51
PCT7872	MV	862	472	0	0	189	283	214	69
PCT7873	ED	861	257	0	0	79	178	115	63
PCT7873	MV	861	501	0	0	205	296	215	81
PCT7874	ED	477	137	0	0	42	95	69	26
PCT7874	MV	477	255	1	0	91	163	119	44
PCT7875	ED	623	180	0	0	55	125	85	40
PCT7875	MV	623	285	0	0	117	168	95	73
PCT7876	ED	498	154	10	0	63	81	54	27
PCT7876	MV	498	269	0	0	96	173	127	46
PCT7901	ED	522	135	0	0	53	82	49	33
PCT7901	MV	522	198	0	0	69	129	84	45
PCT7902	ED	968	258	0	0	84	174	89	85
PCT7902	MV	968	401	0	0	131	270	161	109
PCT7903	ED	840	201	0	0	71	130	77	53
PCT7903	MV	840	350	0	0	110	240	158	82
PCT7904	ED	877	210	0	0	73	137	77	60
PCT7904	MV	877	403	0	0	145	258	181	77
PCT7905	ED	851	253	0	0	97	156	84	72
PCT7905	MV	851	409	1	0	144	264	170	94
PCT7906	ED	787	244	0	0	99	145	79	66
PCT7906	MV	787	335	0	0	117	218	124	94
PCT7907	ED	950	278	0	0	97	181	98	83
PCT7907	MV	950	425	0	0	143	282	168	114
PCT7908	ED	949	283	0	0	111	172	103	69
PCT7908	MV	949	408	0	1	142	265	162	103
PCT7909	ED	733	251	0	0	72	179	94	85
PCT7909	MV	733	303	0	0	103	200	111	89
PCT7911	ED	860	244	0	0	76	168	90	78
PCT7911	MV	860	395	0	0	135	260	157	103
PCT7912	ED	1065	290	0	0	105	185	101	84
PCT7912	MV	1065	463	0	0	160	303	173	130
PCT7913	ED	913	312	0	0	93	219	129	90
PCT7913	MV	913	378	0	0	110	268	158	110
PCT7914	ED	883	278	0	0	106	172	90	82
PCT7914	MV	883	425	0	0	152	273	158	115
PCT7915	ED	831	265	0	0	83	182	107	75
PCT7915	MV	831	351	0	0	107	244	159	85
PCT7916	ED	888	283	0	1	109	173	106	67
PCT7916	MV	888	421	0	0	148	273	162	111
PCT7917	ED	1015	312	0	0	104	208	119	89
PCT7917	MV	1015	428	0	0	135	293	173	120
PCT7918	ED	836	253	0	0	93	160	91	69
PCT7918	MV	836	379	0	0	140	239	142	97
PCT7919	ED	895	308	0	0	85	223	137	86
PCT7919	MV	895	376	0	0	123	253	139	114
PCT7921	ED	917	231	0	0	59	172	108	64
PCT7921	MV	917	366	0	1	117	248	163	85
PCT7922	ED	831	250	0	0	82	168	95	73
PCT7922	MV	831	383	0	1	132	250	156	94
PCT7923	ED	885	262	0	0	72	190	105	85
PCT7923	MV	885	403	0	0	128	275	157	118
PCT7924	ED	842	238	0	0	80	158	85	73
PCT7924	MV	842	382	0	0	105	277	164	113
PCT7925	ED	567	156	0	0	52	104	60	44
PCT7925	MV	567	293	0	0	96	197	113	84
PCT7926	ED	795	229	0	0	84	145	99	46
PCT7926	MV	795	390	0	0	134	256	161	95
PCT7927	ED	747	241	0	0	92	149	85	64
PCT7927	MV	747	392	0	0	158	234	150	84
PCT7928	ED	931	284	0	0	108	176	102	74
PCT7928	MV	931	489	0	0	156	333	200	133
PCT7929	ED	864	248	0	0	79	169	102	67
PCT7929	MV	864	509	1	0	191	317	204	113
PCT7931	ED	738	219	0	0	84	135	83	52
PCT7931	MV	738	408	0	0	154	254	174	80
PCT7932	ED	551	157	1	0	49	107	64	43
PCT7932	MV	551	285	0	0	105	180	117	63
PCT7933	MV	6	4	0	0	2	2	0	2
PCT7934	ED	890	250	0	0	99	151	87	64
PCT7934	MV	890	472	0	0	160	312	186	126
PCT7935	ED	970	305	0	0	123	182	113	69
PCT7935	MV	970	519	0	0	231	288	180	108
PCT7936	ED	856	287	0	0	103	184	104	80
PCT7936	MV	856	428	0	0	140	288	183	105
PCT7937	ED	886	267	0	1	91	175	109	66
PCT7937	MV	886	434	0	0	168	266	187	79
PCT7938	ED	788	213	0	0	71	142	88	54
PCT7938	MV	788	337	0	1	129	207	135	72
PCT7939	ED	688	253	0	0	96	157	100	57
PCT7939	MV	688	326	0	1	130	195	121	74
PCT7941	ED	751	218	0	0	79	139	95	44
PCT7941	MV	751	348	0	0	128	220	134	86
PCT7942	ED	914	257	1	0	83	173	109	64
PCT7942	MV	914	412	0	0	150	262	165	97
PCT7943	ED	872	257	4	0	90	163	108	55
PCT7943	MV	872	439	0	1	166	272	181	91
PCT7944	ED	801	243	0	0	82	161	98	63
PCT7944	MV	801	381	0	1	134	246	155	91
PCT7945	ED	915	186	0	0	62	124	89	35
PCT7945	MV	915	412	0	0	134	278	184	94
PCT7946	ED	945	183	0	0	64	119	76	43
PCT7946	MV	945	451	0	0	168	283	216	67
PCT7947	ED	946	182	0	0	68	114	77	37
PCT7947	MV	946	430	0	0	152	278	211	67
PCT7948	ED	928	209	0	0	66	143	83	60
PCT7948	MV	928	422	0	0	158	264	192	72
PCT7949	ED	569	100	0	0	40	60	45	15
PCT7949	MV	569	292	0	1	115	176	130	46
PCT7951	ED	854	166	0	0	68	98	61	37
PCT7951	MV	854	424	0	0	176	248	165	83
PCT7952	ED	866	167	0	0	47	120	78	42
PCT7952	MV	866	359	0	0	120	239	184	55
PCT7953	ED	824	186	2	0	73	111	71	40
PCT7953	MV	824	402	0	0	147	255	188	67
PCT7955	ED	902	199	0	0	69	130	90	40
PCT7955	MV	902	434	0	0	158	276	201	75
PCT7956	ED	823	136	0	1	49	86	61	25
PCT7956	MV	823	353	0	0	122	231	160	71
PCT7957	ED	646	147	0	0	54	93	55	38
PCT7957	MV	646	298	0	0	104	194	133	61
PCT7958	MV	290	141	0	0	46	95	67	28
PCT7959	ED	727	157	0	0	60	97	58	39
PCT7959	MV	727	326	0	0	107	219	145	74
PCT9001	MV	273	142	0	0	30	112	77	35
PCT9101	ED	888	260	0	0	106	154	93	61
PCT9101	MV	888	438	0	0	174	264	198	66
PCT9102	ED	985	257	0	0	103	154	92	62
PCT9102	MV	985	471	0	0	178	293	190	103
PCT9103	ED	954	272	0	0	96	176	126	50
PCT9103	MV	954	431	0	0	193	238	165	73
PCT9104	ED	988	239	0	0	90	149	85	64
PCT9104	MV	988	465	0	0	191	274	198	76
PCT9105	ED	919	247	0	1	100	146	97	49
PCT9105	MV	919	488	0	0	187	301	228	73
PCT9106	ED	937	268	1	0	86	181	131	50
PCT9106	MV	937	497	0	0	200	297	218	79
PCT9107	ED	849	218	0	0	77	141	92	49
PCT9107	MV	849	372	0	1	147	224	161	63
PCT9108	ED	790	246	0	1	69	176	107	69
PCT9108	MV	790	373	1	0	138	234	153	81
PCT9109	ED	884	263	0	0	113	150	98	52
PCT9109	MV	884	427	0	0	160	267	194	73
PCT9111	ED	779	229	0	0	96	133	87	46
PCT9111	MV	779	346	0	0	134	212	146	66
PCT9112	ED	976	284	0	0	109	175	113	62
PCT9112	MV	976	467	0	0	229	238	168	70
PCT9113	ED	999	310	0	0	128	182	117	65
PCT9113	MV	999	505	0	0	181	324	233	91
PCT9114	ED	877	263	0	0	120	143	80	63
PCT9114	MV	877	405	0	0	140	265	172	93
PCT9115	ED	911	258	0	0	89	169	108	61
PCT9115	MV	911	429	0	0	164	265	176	89
PCT9116	ED	944	281	1	0	103	177	110	67
PCT9116	MV	944	473	0	0	184	289	191	98
PCT9117	ED	783	222	0	0	75	147	101	46
PCT9117	MV	783	398	0	1	143	254	200	54
PCT9118	ED	974	286	0	0	112	174	109	65
PCT9118	MV	974	426	0	0	170	256	173	83
PCT9119	ED	891	237	0	0	98	139	80	59
PCT9119	MV	891	446	0	0	171	275	191	84
PCT9121	ED	930	256	0	0	92	164	109	55
PCT9121	MV	930	434	0	0	194	240	164	76
PCT9122	ED	953	208	0	0	81	127	84	43
PCT9122	MV	953	454	0	1	194	259	184	75
PCT9123	ED	858	231	0	0	76	155	102	53
PCT9123	MV	858	418	0	0	155	263	181	82
PCT9124	ED	874	201	0	0	65	136	96	40
PCT9124	MV	874	438	0	0	193	245	156	89
PCT9125	ED	861	210	0	0	85	125	84	41
PCT9125	MV	861	437	0	0	203	234	162	72
PCT9126	ED	1015	245	0	0	106	139	84	55
PCT9126	MV	1015	533	0	0	236	297	197	100
PCT9127	ED	960	269	0	0	116	153	93	60
PCT9127	MV	960	498	0	0	209	289	207	82
PCT9128	ED	828	248	0	0	88	160	113	47
PCT9128	MV	828	412	0	1	162	249	181	68
PCT9129	ED	741	243	0	0	84	159	103	56
PCT9129	MV	741	348	0	0	148	200	146	54
PCT9131	ED	759	192	0	0	77	115	72	43
PCT9131	MV	759	403	0	0	167	236	173	63
PCT9132	ED	837	248	0	0	111	137	87	50
PCT9132	MV	837	371	0	1	135	235	160	75
PCT9133	ED	1021	270	0	0	91	179	116	63
PCT9133	MV	1021	503	0	0	191	312	218	94
PCT9134	ED	893	210	0	0	89	121	83	38
PCT9134	MV	893	469	0	1	202	266	171	95
PCT9135	ED	808	214	0	0	79	135	94	41
PCT9135	MV	808	389	0	0	176	213	169	44
PCT9136	ED	929	253	0	0	111	142	85	57
PCT9136	MV	929	439	0	0	184	255	166	89
PCT9137	ED	1006	259	0	0	99	160	101	59
PCT9137	MV	1006	467	0	0	190	277	198	79
PCT9138	ED	943	226	1	0	80	145	104	41
PCT9138	MV	943	476	1	0	159	316	231	85
PCT9139	ED	975	243	0	0	93	150	96	54
PCT9139	MV	975	510	0	0	197	313	201	112
PCT9141	ED	953	251	0	0	95	156	106	50
PCT9141	MV	953	477	0	0	189	288	200	88
PCT9142	ED	966	275	0	0	112	163	106	57
PCT9142	MV	966	459	0	1	164	294	194	100
PCT9143	ED	920	251	0	0	95	156	97	59
PCT9143	MV	920	463	0	0	186	277	184	93
PCT9144	ED	962	291	0	0	117	174	102	72
PCT9144	MV	962	482	0	0	190	292	192	100
PCT9145	ED	861	249	1	0	81	167	117	50
PCT9145	MV	861	423	0	0	185	238	163	75
PCT9146	ED	885	245	0	1	97	147	84	63
PCT9146	MV	885	464	0	0	186	278	180	98
PCT9147	ED	971	280	0	0	119	161	96	65
PCT9147	MV	971	492	0	0	178	314	205	109
PCT9148	ED	1034	322	0	0	117	205	134	71
PCT9148	MV	1034	513	0	0	218	295	197	98
PCT9149	ED	948	263	0	0	99	164	95	69
PCT9149	MV	948	478	0	0	182	296	190	106
PCT9151	ED	872	226	0	0	89	137	98	39
PCT9151	MV	872	418	0	0	163	255	197	58
PCT9152	ED	721	269	0	0	77	192	137	55
PCT9152	MV	721	279	0	0	84	195	130	65
PCT9201	ED	1004	298	0	0	100	198	128	70
PCT9201	MV	1004	475	0	0	167	308	217	91
PCT9202	ED	971	294	0	0	115	179	131	48
PCT9202	MV	971	426	0	0	164	262	192	70
PCT9203	ED	1002	239	0	0	113	126	100	26
PCT9203	MV	1002	536	0	0	248	288	220	68
PCT9204	ED	873	273	0	0	120	153	130	23
PCT9204	MV	873	393	0	0	197	196	154	42
PCT9205	ED	728	208	0	0	95	113	91	22
PCT9205	MV	728	376	0	0	187	189	147	42
PCT9206	ED	931	246	0	0	114	132	93	39
PCT9206	MV	931	479	0	0	235	244	185	59
PCT9207	ED	981	261	0	0	128	133	100	33
PCT9207	MV	981	502	0	0	256	246	197	49
PCT9208	ED	1002	286	0	0	122	164	126	38
PCT9208	MV	1002	491	0	0	214	277	219	58
PCT9209	ED	711	244	0	0	111	133	99	34
PCT9209	MV	711	327	0	0	153	174	134	40
PCT9211	ED	889	234	0	0	103	131	104	27
PCT9211	MV	889	432	0	0	216	216	171	45
PCT9212	ED	803	233	0	0	104	129	97	32
PCT9212	MV	803	400	0	0	176	224	169	55
PCT9213	ED	951	264	0	0	106	158	123	35
PCT9213	MV	951	507	0	0	226	281	222	59
PCT9214	ED	640	166	0	0	72	94	77	17
PCT9214	MV	640	334	0	1	151	182	150	32
PCT9215	ED	652	192	0	0	81	111	84	27
PCT9215	MV	652	327	0	0	165	162	134	28
PCT9216	ED	845	245	0	0	116	129	110	19
PCT9216	MV	845	379	0	0	171	208	167	41
PCT9217	ED	698	193	0	0	84	109	94	15
PCT9217	MV	698	349	0	0	163	186	155	31
PCT9218	ED	841	247	0	0	102	145	110	35
PCT9218	MV	841	412	0	0	190	222	177	45
PCT9219	ED	802	240	0	1	99	140	99	41
PCT9219	MV	802	399	0	0	179	220	169	51
PCT9221	ED	651	145	0	0	57	88	72	16
PCT9221	MV	651	399	0	0	204	195	164	31
PCT9222	ED	883	248	0	0	120	128	109	19
PCT9222	MV	883	449	0	1	207	241	215	26
PCT9223	ED	638	160	0	0	76	84	70	14
PCT9223	MV	638	338	0	0	167	171	144	27
PCT9224	ED	960	262	0	0	111	151	112	39
PCT9224	MV	960	506	0	0	229	277	221	56
PCT9225	ED	958	296	0	0	137	159	126	33
PCT9225	MV	958	469	0	0	211	258	193	65
PCT9226	ED	926	270	0	0	125	145	107	38
PCT9226	MV	926	486	0	0	216	270	208	62
PCT9227	ED	738	188	0	0	83	105	82	23
PCT9227	MV	738	404	0	0	165	239	189	50
PCT9228	ED	747	189	0	0	77	112	80	32
PCT9228	MV	747	424	0	0	171	253	201	52
PCT9229	ED	598	162	0	0	74	88	69	19
PCT9229	MV	598	316	0	0	131	185	152	33
PCT9231	ED	953	313	0	0	131	182	141	41
PCT9231	MV	953	488	0	2	206	280	204	76
PCT9232	ED	735	212	0	0	102	110	82	28
PCT9232	MV	735	396	0	0	155	241	192	49
PCT9233	ED	793	208	0	0	92	116	90	26
PCT9233	MV	793	434	0	0	216	218	174	44
PCT9234	ED	746	187	0	0	81	106	76	30
PCT9234	MV	746	438	0	0	196	242	187	55
PCT9235	ED	884	239	0	0	99	140	120	20
PCT9235	MV	884	488	0	0	238	250	211	39
PCT9236	ED	683	200	0	0	76	124	101	23
PCT9236	MV	683	358	0	0	164	194	155	39
PCT9237	ED	936	225	0	0	107	118	93	25
PCT9237	MV	936	539	0	1	239	299	226	73
PCT9238	ED	842	230	0	0	119	111	85	26
PCT9238	MV	842	456	0	0	179	277	216	61
PCT9239	ED	881	198	0	0	82	116	93	23
PCT9239	MV	881	499	0	0	245	254	208	46
PCT9241	ED	1005	254	0	0	113	141	114	27
PCT9241	MV	1005	578	0	0	246	332	264	68
PCT9242	ED	972	276	0	0	121	155	113	42
PCT9242	MV	972	513	0	0	228	285	217	68
PCT9243	ED	594	191	0	0	80	111	82	29
PCT9243	MV	594	307	0	0	128	179	137	42
PCT9244	ED	903	254	0	0	120	134	102	32
PCT9244	MV	903	485	0	0	224	261	197	64
PCT9245	ED	742	208	0	1	91	116	82	34
PCT9245	MV	742	375	0	0	186	189	153	36
PCT9246	ED	929	254	0	0	116	138	103	35
PCT9246	MV	929	528	0	0	235	293	231	62
PCT9247	ED	927	263	0	0	103	160	117	43
PCT9247	MV	927	515	0	0	191	324	257	67
PCT9248	ED	907	257	0	0	95	162	119	43
PCT9248	MV	907	485	0	0	211	274	203	71
PCT9249	ED	917	271	0	0	112	159	114	45
PCT9249	MV	917	494	0	0	207	287	219	68
PCT9251	ED	995	286	0	0	113	173	118	55
PCT9251	MV	995	530	0	0	253	277	197	80
PCT9252	ED	944	218	0	0	90	128	93	35
PCT9252	MV	944	550	0	0	226	324	231	93
PCT9253	ED	772	187	0	0	76	111	88	23
PCT9253	MV	772	397	0	0	168	229	162	67
PCT9254	ED	935	230	0	0	78	152	110	42
PCT9254	MV	935	538	0	2	201	335	256	79
PCT9255	ED	553	182	0	0	82	100	66	34
PCT9255	MV	553	263	0	0	106	157	112	45
PCT9256	ED	474	128	0	0	51	77	50	27
PCT9256	MV	474	233	0	0	92	141	103	38
PCT9257	MV	321	235	0	0	79	156	95	61
PCT9258	ED	712	192	0	0	77	115	74	41
PCT9258	MV	712	373	0	0	167	206	145	61
PCT9401	ED	1012	293	0	0	115	178	117	61
PCT9401	MV	1012	483	0	0	177	306	200	106
PCT9402	ED	977	288	0	0	122	166	97	69
PCT9402	MV	977	458	0	0	182	276	171	105
PCT9403	ED	897	239	0	0	88	151	82	69
PCT9403	MV	897	419	0	0	164	255	178	77
PCT9404	ED	930	200	0	0	81	119	71	48
PCT9404	MV	930	462	0	0	188	274	164	110
PCT9405	ED	786	210	0	0	82	128	85	43
PCT9405	MV	786	364	0	1	149	214	147	67
PCT9406	ED	868	244	0	0	81	163	107	56
PCT9406	MV	868	421	0	1	176	244	163	81
PCT9407	ED	889	253	0	0	101	152	103	49
PCT9407	MV	889	409	0	0	155	254	172	82
PCT9408	ED	886	265	0	0	89	176	102	74
PCT9408	MV	886	415	0	0	150	265	160	105
PCT9409	ED	590	201	0	0	66	135	74	61
PCT9409	MV	590	252	0	0	104	148	83	65
PCT9411	ED	956	270	0	0	95	175	99	76
PCT9411	MV	956	430	0	0	140	290	170	120
PCT9412	ED	848	245	0	0	113	132	78	54
PCT9412	MV	848	380	0	0	161	219	130	89
PCT9413	ED	894	229	0	0	93	136	83	53
PCT9413	MV	894	461	0	0	231	230	147	83
PCT9414	ED	916	216	0	0	91	125	77	48
PCT9414	MV	916	463	0	0	181	282	194	88
PCT9415	ED	784	187	0	0	77	110	69	41
PCT9415	MV	784	391	0	1	167	223	156	67
PCT9416	ED	1008	280	1	0	113	166	105	61
PCT9416	MV	1008	480	1	0	215	264	172	92
PCT9417	ED	752	175	0	0	63	112	79	33
PCT9417	MV	752	402	0	1	179	222	158	64
PCT9418	ED	790	211	0	0	93	118	75	43
PCT9418	MV	790	376	0	0	174	202	156	46
PCT9419	ED	924	222	0	0	100	122	86	36
PCT9419	MV	924	468	0	0	219	249	166	83
PCT9421	ED	906	237	0	0	119	118	79	39
PCT9421	MV	906	446	0	0	226	220	146	74
PCT9422	ED	1056	283	0	0	112	171	116	55
PCT9422	MV	1056	513	0	0	204	309	219	90
PCT9423	ED	889	219	0	0	98	121	75	46
PCT9423	MV	889	440	0	0	191	249	159	90
PCT9424	ED	952	224	0	0	80	144	90	54
PCT9424	MV	952	496	0	0	205	291	211	80
PCT9425	ED	933	199	0	0	86	113	63	50
PCT9425	MV	933	465	0	0	196	269	217	52
PCT9426	ED	823	198	0	0	82	116	77	39
PCT9426	MV	823	408	0	0	178	230	157	73
PCT9427	ED	948	210	0	0	107	103	75	28
PCT9427	MV	948	447	0	0	201	246	168	78
PCT9428	ED	961	183	0	0	80	103	68	35
PCT9428	MV	961	518	0	0	205	313	221	92
PCT9429	ED	899	228	1	0	88	139	85	54
PCT9429	MV	899	432	0	0	172	260	174	86
PCT9431	ED	973	235	0	0	89	146	102	44
PCT9431	MV	973	464	0	0	175	289	230	59
PCT9432	ED	945	214	0	0	97	117	84	33
PCT9432	MV	945	468	0	0	211	257	200	57
PCT9433	ED	945	195	0	0	78	117	80	37
PCT9433	MV	945	487	0	0	236	251	173	78
PCT9434	ED	979	260	0	0	111	149	95	54
PCT9434	MV	979	481	1	0	192	288	207	81
PCT9435	ED	969	251	0	0	103	148	85	63
PCT9435	MV	969	448	0	0	197	251	180	71
PCT9436	ED	1006	231	0	1	100	130	91	39
PCT9436	MV	1006	495	0	1	196	298	222	76
PCT9437	ED	897	219	0	1	84	134	88	46
PCT9437	MV	897	435	0	0	183	252	180	72
PCT9438	ED	948	202	0	0	88	114	76	38
PCT9438	MV	948	496	0	0	190	306	227	79
PCT9439	ED	879	173	0	0	68	105	73	32
PCT9439	MV	879	425	0	0	185	240	163	77
PCT9441	ED	980	261	0	0	99	162	97	65
PCT9441	MV	980	462	0	0	187	275	183	92
PCT9442	ED	1008	280	0	0	101	179	128	51
PCT9442	MV	1008	461	0	1	182	278	196	82
PCT9443	ED	937	219	1	0	85	133	94	39
PCT9443	MV	937	442	0	0	155	287	201	86
PCT9444	ED	937	190	1	0	83	106	70	36
PCT9444	MV	937	442	0	0	171	271	190	81
PCT9445	ED	981	230	0	0	90	140	82	58
PCT9445	MV	981	493	0	1	203	289	209	80
PCT9446	ED	1090	240	0	0	109	131	88	43
PCT9446	MV	1090	564	0	0	236	328	229	99
PCT9447	ED	906	236	0	0	88	148	108	40
PCT9447	MV	906	448	0	0	209	239	167	72
PCT9448	ED	909	232	0	0	78	154	104	50
PCT9448	MV	909	429	0	0	173	256	159	97
PCT9449	ED	830	177	2	0	76	99	67	32
PCT9449	MV	830	428	0	0	182	246	169	77
PCT9451	ED	420	97	0	0	38	59	48	11
PCT9451	MV	420	218	0	0	96	122	93	29
PCT9452	ED	840	259	0	0	112	147	91	56
PCT9452	MV	840	412	0	0	203	209	127	82
PCT9453	ED	500	135	0	0	55	80	61	19
PCT9453	MV	500	242	0	0	111	131	102	29
PCT9501	MV	148	110	0	0	41	69	49	20
PCT9502	MV	245	177	0	0	69	108	74	34
PCT9503	ED	729	198	0	0	75	123	93	30
PCT9503	MV	729	315	0	0	102	213	161	52
PCT9505	ED	784	176	0	0	65	111	82	29
PCT9505	MV	784	383	0	0	136	247	174	73
PCT9506	ED	766	177	0	0	60	117	79	38
PCT9506	MV	766	312	0	0	108	204	133	71
PCT9507	ED	766	231	0	0	81	150	96	54
PCT9507	MV	766	406	0	0	153	253	174	79
PCT9508	ED	798	237	0	0	95	142	82	60
PCT9508	MV	798	429	0	0	144	285	186	99
PCT9509	ED	759	229	0	0	88	141	80	61
PCT9509	MV	759	386	0	1	158	227	143	84
PCT9511	ED	622	190	0	0	65	125	69	56
PCT9511	MV	622	296	0	0	123	173	89	84
PCT9512	ED	809	240	0	0	80	160	105	55
PCT9512	MV	809	399	0	0	156	243	157	86
PCT9513	ED	902	275	0	1	92	182	109	73
PCT9513	MV	902	390	0	0	126	264	159	105
PCT9514	ED	928	304	0	0	121	183	114	69
PCT9514	MV	928	456	0	0	175	281	185	96
PCT9515	ED	705	222	0	0	76	146	94	52
PCT9515	MV	705	368	0	0	146	222	131	91
PCT9516	ED	866	254	0	1	101	152	97	55
PCT9516	MV	866	427	0	1	168	258	166	92
PCT9517	ED	801	226	0	0	87	139	84	55
PCT9517	MV	801	397	0	0	140	257	163	94
PCT9518	ED	802	229	0	0	69	160	102	58
PCT9518	MV	802	431	0	0	147	284	192	92
PCT9519	ED	910	261	0	0	101	160	104	56
PCT9519	MV	910	486	0	0	181	305	179	126
PCT9521	ED	939	315	0	0	116	199	125	74
PCT9521	MV	939	442	0	0	169	273	177	96
PCT9701	ED	671	200	0	0	79	121	81	40
PCT9701	MV	671	339	0	0	154	185	127	58
PCT9702	ED	723	209	0	0	75	134	81	53
PCT9702	MV	723	364	0	0	136	228	147	81
PCT9703	ED	986	232	0	0	80	152	107	45
PCT9703	MV	986	529	0	0	237	292	197	95
PCT9704	ED	950	279	0	0	98	181	126	55
PCT9704	MV	950	504	0	0	220	284	193	91
PCT9705	ED	919	260	3	0	110	147	97	50
PCT9705	MV	919	483	0	0	181	302	203	99
PCT9706	MV	49	39	0	0	22	17	14	3
PCT9707	ED	821	172	0	0	82	90	59	31
PCT9707	MV	821	491	0	0	205	286	212	74
PCT9708	ED	948	248	0	0	94	154	101	53
PCT9708	MV	948	500	0	0	213	287	195	92
PCT9709	ED	1028	281	7	0	122	152	112	40
PCT9709	MV	1028	517	0	0	230	287	210	77
PCT9711	ED	641	195	0	0	81	114	82	32
PCT9711	MV	641	336	0	0	149	187	140	47
PCT9712	ED	649	160	0	0	65	95	82	13
PCT9712	MV	649	398	1	0	163	234	202	32
PCT9713	ED	960	225	1	0	93	131	83	48
PCT9713	MV	960	489	0	1	226	262	187	75
PCT9714	ED	931	207	1	0	78	128	89	39
PCT9714	MV	931	538	0	0	229	309	246	63
PCT9715	ED	569	180	0	0	62	118	91	27
PCT9715	MV	569	309	0	0	127	182	144	38
PCT9716	ED	947	238	0	0	97	141	86	55
PCT9716	MV	947	481	0	0	215	266	189	77
PCT9717	ED	972	265	0	0	102	163	113	50
PCT9717	MV	972	532	0	0	235	297	228	69
PCT9718	ED	862	227	0	0	80	147	112	35
PCT9718	MV	862	496	0	0	184	312	251	61
PCT9719	ED	901	245	0	0	99	146	111	35
PCT9719	MV	901	524	2	0	241	281	210	71
PCT9721	ED	662	198	0	0	58	140	105	35
PCT9721	MV	662	357	0	0	144	213	160	53
PCT9722	ED	605	119	1	0	43	75	61	14
PCT9722	MV	605	355	0	0	135	220	182	38
PCT9723	ED	481	98	0	0	43	55	35	20
PCT9723	MV	481	275	0	0	125	150	104	46
PCT9724	ED	991	205	0	0	91	114	80	34
PCT9724	MV	991	565	0	0	256	309	245	64
PCT9725	ED	970	213	0	0	86	127	86	41
PCT9725	MV	970	499	0	0	232	267	195	72
PCT9726	ED	655	262	0	0	74	188	133	55
PCT9726	MV	655	241	0	0	93	148	102	46
PCT9727	ED	459	79	0	0	32	47	32	15
PCT9727	MV	459	271	0	0	105	166	116	50
PCT9728	ED	926	230	0	0	92	138	105	33
PCT9728	MV	926	503	0	0	186	317	244	73
PCT9729	ED	800	191	0	0	83	108	82	26
PCT9729	MV	800	442	0	0	186	256	215	41
PCT9731	ED	556	167	0	0	69	98	74	24
PCT9731	MV	556	282	0	0	115	167	131	36
PCT9732	MV	70	56	0	0	21	35	26	9
PCT9733	MV	235	191	0	0	63	128	99	29
PCT9734	ED	603	154	0	0	60	94	79	15
PCT9734	MV	603	341	0	0	138	203	164	39
PCT9735	ED	809	206	0	0	92	114	86	28
PCT9735	MV	809	449	0	0	177	272	226	46
PCT9736	ED	713	173	0	0	59	114	83	31
PCT9736	MV	713	410	0	0	161	249	190	59
PCT9737	ED	818	208	0	0	71	137	99	38
PCT9737	MV	818	476	0	1	181	294	202	92
PCT9738	ED	848	185	0	0	67	118	75	43
PCT9738	MV	848	404	0	0	132	272	207	65
PCT9739	ED	828	220	0	1	50	169	108	61
PCT9739	MV	828	335	0	0	100	235	155	80
PCT9741	ED	552	227	0	0	67	160	111	49
PCT9741	MV	552	105	0	0	32	73	50	23
PCT9742	ED	677	180	4	0	76	100	84	16
PCT9742	MV	677	289	0	0	111	178	145	33
PCT9743	ED	1163	310	0	0	93	217	142	75
PCT9743	MV	1163	501	0	0	177	324	246	78
PCT9744	ED	911	244	1	0	83	160	116	44
PCT9744	MV	911	390	0	2	146	242	176	66
PCT9745	ED	991	281	0	0	105	176	126	50
PCT9745	MV	991	346	0	0	102	244	170	74
PCT9746	ED	884	231	0	0	70	161	116	45
PCT9746	MV	884	451	0	1	183	267	201	66
PCT9747	ED	973	246	0	0	84	162	112	50
PCT9747	MV	973	470	0	0	188	282	215	67
PCT9748	ED	931	229	0	0	73	156	116	40
PCT9748	MV	931	475	1	0	179	295	214	81
PCT9749	ED	913	224	2	0	75	147	93	54
PCT9749	MV	913	384	0	0	135	249	171	78
PCT9751	ED	1016	253	0	0	91	162	110	52
PCT9751	MV	1016	522	0	0	195	327	255	72
PCT9752	ED	710	175	3	0	60	112	76	36
PCT9752	MV	710	392	0	0	147	245	188	57
PCT9753	ED	756	186	0	0	67	119	85	34
PCT9753	MV	756	387	0	0	157	230	160	70
PCT9754	ED	707	47	0	0	18	29	20	9
PCT9754	MV	707	377	0	1	135	241	181	60
PCT9755	ED	582	171	0	0	59	112	78	34
PCT9755	MV	582	284	2	0	98	184	124	60
PCT9756	ED	941	185	0	0	66	119	94	25
PCT9756	MV	941	477	0	0	183	294	205	89
PCT9801	ED	408	104	0	0	31	73	46	27
PCT9801	MV	408	181	0	0	60	121	94	27
CONG12	TO	443570	332140	87	104	128588	203361	140667	62694
CONG14	TO	56946	40321	19	10	14784	25508	18363	7145
ASSM17	TO	291063	214584	62	71	80163	134288	92388	41900
ASSM19	TO	209453	157877	44	43	63209	94581	66642	27939
BART7	TO	38460	24701	3	11	9158	15529	11351	4178
BART8	TO	223735	166231	47	38	67547	98599	70540	28059
BART9	TO	238321	181529	56	65	66667	114741	77139	37602
SUPV1	TO	42767	32717	7	10	12844	19856	13411	6445
SUPV2	TO	50394	40340	1	11	17689	22639	17375	5264
SUPV3	TO	39799	28528	2	7	11595	16924	12215	4709
SUPV4	TO	42953	31684	8	9	13110	18557	12495	6062
SUPV5	TO	53744	41997	5	14	15647	26331	17357	8974
SUPV6	TO	43321	29109	2	8	10787	18312	13304	5008
SUPV7	TO	47076	36551	30	8	14265	22248	16189	6059
SUPV8	TO	58122	48580	31	23	18318	30208	20725	9483
SUPV9	TO	42988	31742	10	11	11128	20593	12868	7725
SUPV10	TO	41862	26436	9	8	9468	16951	11834	5117
SUPV11	TO	37490	24777	1	5	8521	16250	11257	4993
NEIG1	TO	19914	11260	1	4	3864	7391	5194	2197
NEIG2	TO	17446	12417	1	4	5285	7127	5215	1912
NEIG3	TO	28644	19019	1	3	6909	12106	8495	3611
NEIG4	TO	7002	5798	3	2	2236	3557	2611	946
NEIG5	TO	27634	18410	1	3	6231	12175	8510	3665
NEIG6	TO	14982	12227	2	5	4573	7647	4925	2722
NEIG7	TO	12118	7922	2	2	2840	5078	3450	1628
NEIG8	TO	9734	7850	0	3	3015	4832	3126	1706
NEIG9	TO	8390	5906	1	3	2154	3748	2662	1086
NEIG10	TO	10097	8001	0	2	3215	4784	3298	1486
NEIG11	TO	40622	32340	5	7	14215	18113	13943	4170
NEIG12	TO	31129	23270	3	8	8055	15204	9163	6041
NEIG13	TO	16964	14401	3	14	5561	8823	6087	2736
NEIG14	TO	8795	7262	2	1	2657	4602	2863	1739
NEIG15	TO	7019	5227	0	1	2201	3025	2209	816
NEIG26	TO	9293	6101	2	2	2211	3886	2737	1149
NEIG16	TO	16814	13062	3	5	4959	8095	5672	2423
NEIG17	TO	37322	28480	5	8	11237	17230	11581	5649
NEIG18	TO	8050	6586	1	3	2790	3792	2924	868
NEIG19	TO	9419	7384	6	5	2709	4664	3124	1540
NEIG20	TO	24674	17016	2	6	6426	10582	7785	2797
NEIG21	TO	42363	31231	8	9	12940	18274	12338	5936
NEIG22	TO	18966	16173	12	2	6078	10081	7007	3074
NEIG23	TO	8139	4486	3	0	1619	2864	2106	758
NEIG24	TO	34909	27819	27	5	11050	16737	12363	4374
NEIG25	TO	30077	22813	12	7	8342	14452	9642	4810
