area_id	subtotal_type	RSReg	RSCst	RSRej	RSOvr	RSUnd	RSTot	018:Yes	019:No
ALL	TO	500516	372848	106	89	152378	220275	185425	34850
ALL	ED	500516	127886	80	27	51985	75794	61734	14060
ALL	MV	500516	244962	26	62	100393	144481	123691	20790
PCT1101	ED	553	126	0	0	41	85	66	19
PCT1101	MV	553	266	0	0	94	172	141	31
PCT1102	ED	995	266	0	0	84	182	150	32
PCT1102	MV	995	480	0	0	173	307	232	75
PCT1103	ED	951	246	1	0	94	151	126	25
PCT1103	MV	951	445	0	0	181	264	225	39
PCT1104	ED	993	249	0	0	92	157	104	53
PCT1104	MV	993	414	0	0	144	270	222	48
PCT1106	ED	765	191	0	0	79	112	85	27
PCT1106	MV	765	343	0	0	141	202	158	44
PCT1107	ED	746	163	0	0	68	95	67	28
PCT1107	MV	746	336	0	1	140	195	156	39
PCT1108	ED	909	232	0	0	119	113	90	23
PCT1108	MV	909	438	0	0	180	258	211	47
PCT1109	ED	798	166	0	0	64	102	74	28
PCT1109	MV	798	365	0	1	141	223	182	41
PCT1111	ED	1002	205	0	0	68	137	103	34
PCT1111	MV	1002	460	0	0	186	274	230	44
PCT1112	ED	769	151	0	0	52	99	80	19
PCT1112	MV	769	344	0	0	137	207	163	44
PCT1113	ED	746	135	0	0	58	77	54	23
PCT1113	MV	746	360	0	0	137	223	192	31
PCT1114	ED	957	226	0	0	89	137	105	32
PCT1114	MV	957	404	0	0	141	263	220	43
PCT1115	ED	895	174	0	0	71	103	78	25
PCT1115	MV	895	371	0	0	148	223	173	50
PCT1116	ED	895	225	0	0	91	134	103	31
PCT1116	MV	895	376	0	1	124	251	198	53
PCT1117	ED	858	185	0	0	63	122	84	38
PCT1117	MV	858	357	0	0	135	222	181	41
PCT1118	ED	1043	213	0	0	79	134	92	42
PCT1118	MV	1043	476	0	0	166	310	259	51
PCT1119	ED	791	165	0	0	74	91	65	26
PCT1119	MV	791	386	0	0	147	239	200	39
PCT1121	ED	691	160	0	0	60	100	72	28
PCT1121	MV	691	313	0	0	150	163	136	27
PCT1122	ED	632	110	0	0	44	66	45	21
PCT1122	MV	632	310	0	0	129	181	143	38
PCT1123	ED	915	179	0	0	56	123	92	31
PCT1123	MV	915	364	0	0	143	221	160	61
PCT1124	ED	819	152	0	0	55	97	74	23
PCT1124	MV	819	302	0	0	92	210	169	41
PCT1125	ED	1047	159	0	0	60	99	66	33
PCT1125	MV	1047	466	0	0	157	309	241	68
PCT1126	ED	922	191	0	0	54	137	97	40
PCT1126	MV	922	400	0	0	130	270	225	45
PCT1127	ED	920	200	0	0	71	129	95	34
PCT1127	MV	920	382	0	0	126	256	209	47
PCT1128	ED	838	154	0	0	53	101	73	28
PCT1128	MV	838	362	0	0	130	232	169	63
PCT1129	ED	980	227	0	0	85	142	98	44
PCT1129	MV	980	416	0	1	139	276	221	55
PCT1131	ED	797	132	0	0	45	87	65	22
PCT1131	MV	797	371	0	0	144	227	158	69
PCT1132	ED	969	179	0	1	79	99	77	22
PCT1132	MV	969	427	0	0	156	271	222	49
PCT1133	ED	863	161	0	0	66	95	75	20
PCT1133	MV	863	410	0	0	156	254	210	44
PCT1134	ED	759	170	0	0	56	114	85	29
PCT1134	MV	759	318	0	0	128	190	156	34
PCT1135	ED	540	87	0	0	39	48	37	11
PCT1135	MV	540	295	0	0	126	169	137	32
PCT1136	ED	829	144	0	0	51	93	59	34
PCT1136	MV	829	412	0	0	163	249	185	64
PCT1141	ED	1041	223	0	0	85	138	105	33
PCT1141	MV	1041	484	0	0	146	338	283	55
PCT1142	ED	861	175	0	0	54	121	101	20
PCT1142	MV	861	393	0	0	148	245	202	43
PCT1143	ED	1034	229	0	0	70	159	123	36
PCT1143	MV	1034	440	0	0	152	288	241	47
PCT1144	ED	907	205	0	0	58	147	114	33
PCT1144	MV	907	387	0	0	120	267	203	64
PCT1145	ED	888	189	0	0	73	116	94	22
PCT1145	MV	888	461	0	0	169	292	238	54
PCT1146	ED	1011	186	0	0	62	124	92	32
PCT1146	MV	1011	454	0	0	153	301	250	51
PCT1147	ED	877	210	0	0	84	126	91	35
PCT1147	MV	877	396	0	1	118	277	224	53
PCT1148	ED	962	196	0	0	67	129	100	29
PCT1148	MV	962	444	0	0	146	298	230	68
PCT1149	ED	907	210	0	0	76	134	103	31
PCT1149	MV	907	407	0	0	140	267	212	55
PCT1152	ED	864	198	0	0	71	127	94	33
PCT1152	MV	864	388	0	0	126	262	210	52
PCT1153	ED	951	210	0	1	79	130	93	37
PCT1153	MV	951	415	0	1	154	260	216	44
PCT7001	ED	776	176	2	0	64	110	93	17
PCT7001	MV	776	429	0	1	175	253	234	19
PCT7002	ED	706	176	0	0	73	103	93	10
PCT7002	MV	706	332	0	0	138	194	175	19
PCT7003	ED	884	238	0	0	101	137	121	16
PCT7003	MV	884	498	0	0	217	281	245	36
PCT7004	ED	881	241	1	0	104	136	115	21
PCT7004	MV	881	496	0	0	201	295	264	31
PCT7005	ED	847	253	0	0	106	147	135	12
PCT7005	MV	847	480	0	1	198	281	261	20
PCT7006	ED	917	254	0	0	110	144	119	25
PCT7006	MV	917	442	0	0	150	292	257	35
PCT7007	ED	949	283	0	0	102	181	152	29
PCT7007	MV	949	516	0	0	220	296	255	41
PCT7008	ED	932	264	1	0	108	155	134	21
PCT7008	MV	932	546	1	0	239	306	266	40
PCT7009	ED	905	185	0	0	69	116	98	18
PCT7009	MV	905	513	0	0	187	326	281	45
PCT7011	ED	985	204	0	0	69	135	101	34
PCT7011	MV	985	294	0	0	111	183	143	40
PCT7012	ED	1109	313	0	0	126	187	159	28
PCT7012	MV	1109	594	0	0	226	368	334	34
PCT7013	ED	956	267	0	0	119	148	123	25
PCT7013	MV	956	501	0	0	185	316	276	40
PCT7014	ED	1460	367	0	0	148	219	187	32
PCT7014	MV	1460	802	0	1	301	500	462	38
PCT7015	MV	95	44	0	0	14	30	25	5
PCT7016	ED	918	171	0	0	49	122	96	26
PCT7016	MV	918	280	0	0	96	184	143	41
PCT7017	ED	754	149	0	0	66	83	48	35
PCT7017	MV	754	252	0	0	96	156	106	50
PCT7018	ED	977	155	0	0	63	92	65	27
PCT7018	MV	977	448	0	0	178	270	216	54
PCT7019	ED	899	182	0	0	59	123	84	39
PCT7019	MV	899	413	0	0	160	253	215	38
PCT7021	ED	947	184	0	0	57	127	96	31
PCT7021	MV	947	305	0	0	113	192	151	41
PCT7022	ED	945	215	0	0	78	137	93	44
PCT7022	MV	945	352	0	0	120	232	179	53
PCT7023	ED	928	178	0	0	63	115	77	38
PCT7023	MV	928	400	0	0	148	252	188	64
PCT7024	ED	414	70	0	0	29	41	25	16
PCT7024	MV	414	78	0	0	27	51	46	5
PCT7025	ED	477	85	0	0	33	52	36	16
PCT7025	MV	477	128	0	0	46	82	67	15
PCT7026	ED	1011	149	0	0	57	92	67	25
PCT7026	MV	1011	455	0	0	176	279	213	66
PCT7027	ED	869	195	0	0	78	117	89	28
PCT7027	MV	869	353	0	0	130	223	168	55
PCT7028	ED	850	213	0	0	77	136	109	27
PCT7028	MV	850	282	0	1	97	184	149	35
PCT7029	ED	901	184	0	0	72	112	72	40
PCT7029	MV	901	251	0	0	81	170	126	44
PCT7030	ED	759	119	0	0	48	71	47	24
PCT7030	MV	759	357	0	0	126	231	176	55
PCT7031	ED	641	91	0	0	41	50	36	14
PCT7031	MV	641	309	0	0	99	210	166	44
PCT7032	ED	904	173	1	0	63	109	73	36
PCT7032	MV	904	316	0	0	100	216	168	48
PCT7033	ED	798	191	0	0	69	122	88	34
PCT7033	MV	798	247	0	1	82	164	122	42
PCT7034	ED	958	197	0	0	81	116	71	45
PCT7034	MV	958	201	0	0	80	121	84	37
PCT7035	ED	606	122	0	0	44	78	57	21
PCT7035	MV	606	262	0	0	85	177	141	36
PCT7036	ED	921	117	0	0	30	87	60	27
PCT7036	MV	921	342	0	0	123	219	162	57
PCT7037	ED	735	135	0	0	65	70	46	24
PCT7037	MV	735	98	0	0	36	62	50	12
PCT7038	ED	911	135	0	0	52	83	53	30
PCT7038	MV	911	351	0	0	113	238	188	50
PCT7039	ED	784	178	0	0	64	114	79	35
PCT7039	MV	784	306	0	0	122	184	144	40
PCT7041	MV	61	33	0	0	16	17	13	4
PCT7042	ED	639	118	0	0	37	81	59	22
PCT7042	MV	639	258	0	0	101	157	129	28
PCT7043	ED	957	176	0	0	50	126	94	32
PCT7043	MV	957	404	0	0	167	237	197	40
PCT7044	ED	827	167	0	0	59	108	73	35
PCT7044	MV	827	193	0	0	75	118	80	38
PCT7045	ED	779	120	0	0	55	65	43	22
PCT7045	MV	779	344	0	0	161	183	138	45
PCT7046	ED	402	94	0	0	32	62	54	8
PCT7046	MV	402	175	0	0	64	111	84	27
PCT7047	ED	823	119	0	0	50	69	50	19
PCT7047	MV	823	388	0	0	159	229	186	43
PCT7048	ED	858	150	3	0	55	92	65	27
PCT7048	MV	858	318	0	0	109	209	160	49
PCT7049	ED	792	173	0	0	60	113	77	36
PCT7049	MV	792	305	0	0	123	182	139	43
PCT7051	ED	861	114	0	0	45	69	52	17
PCT7051	MV	861	380	0	0	152	228	176	52
PCT7052	ED	852	161	0	0	59	102	75	27
PCT7052	MV	852	402	0	0	159	243	196	47
PCT7053	ED	548	102	0	1	48	53	38	15
PCT7053	MV	548	278	0	0	107	171	149	22
PCT7054	ED	1073	215	0	0	82	133	74	59
PCT7054	MV	1073	410	0	0	134	276	211	65
PCT7055	ED	808	190	0	0	65	125	110	15
PCT7055	MV	808	440	0	0	174	266	232	34
PCT7101	MV	155	120	1	0	48	71	66	5
PCT7201	ED	936	245	0	0	130	115	96	19
PCT7201	MV	936	518	0	0	234	284	238	46
PCT7202	ED	850	227	0	0	115	112	93	19
PCT7202	MV	850	431	0	0	188	243	208	35
PCT7203	ED	921	291	1	0	127	163	142	21
PCT7203	MV	921	423	0	0	201	222	201	21
PCT7204	ED	918	233	0	0	105	128	108	20
PCT7204	MV	918	531	0	0	238	293	258	35
PCT7205	ED	875	251	0	1	117	133	121	12
PCT7205	MV	875	485	0	0	221	264	225	39
PCT7206	ED	378	135	0	0	55	80	64	16
PCT7206	MV	378	191	0	0	85	106	95	11
PCT7207	ED	812	196	0	0	84	112	96	16
PCT7207	MV	812	434	0	0	190	244	205	39
PCT7208	ED	600	111	0	0	55	56	45	11
PCT7208	MV	600	328	0	0	132	196	177	19
PCT7209	ED	626	107	0	0	49	58	48	10
PCT7209	MV	626	423	0	0	197	226	205	21
PCT7301	ED	1016	228	0	0	89	139	102	37
PCT7301	MV	1016	435	0	1	193	241	205	36
PCT7302	ED	814	188	0	0	81	107	77	30
PCT7302	MV	814	458	0	0	200	258	222	36
PCT7303	ED	1042	281	0	0	126	155	132	23
PCT7303	MV	1042	482	0	0	206	276	243	33
PCT7304	ED	1002	278	0	0	131	147	123	24
PCT7304	MV	1002	493	0	0	223	270	220	50
PCT7305	ED	871	240	0	1	110	129	111	18
PCT7305	MV	871	460	0	0	222	238	201	37
PCT7306	ED	1056	317	0	0	143	174	141	33
PCT7306	MV	1056	498	0	0	246	252	204	48
PCT7307	ED	767	210	0	0	100	110	92	18
PCT7307	MV	767	346	0	0	155	191	164	27
PCT7308	ED	603	177	0	0	75	102	91	11
PCT7308	MV	603	313	0	0	145	168	153	15
PCT7309	ED	884	263	0	0	138	125	101	24
PCT7309	MV	884	439	0	1	182	256	208	48
PCT7311	ED	917	268	0	0	121	147	135	12
PCT7311	MV	917	448	0	0	194	254	226	28
PCT7312	ED	821	203	0	0	86	117	100	17
PCT7312	MV	821	470	0	0	214	256	215	41
PCT7313	ED	968	225	1	0	102	122	101	21
PCT7313	MV	968	485	0	0	212	273	248	25
PCT7314	ED	787	125	0	1	50	74	55	19
PCT7314	MV	787	271	0	0	121	150	130	20
PCT7315	ED	760	220	0	0	98	122	101	21
PCT7315	MV	760	282	0	0	130	152	125	27
PCT7316	ED	853	205	0	0	103	102	80	22
PCT7316	MV	853	367	0	0	165	202	169	33
PCT7317	ED	904	189	0	0	92	97	81	16
PCT7317	MV	904	454	0	0	193	261	223	38
PCT7318	ED	727	179	0	0	92	87	75	12
PCT7318	MV	727	390	0	0	173	217	179	38
PCT7319	ED	1079	301	0	0	128	173	143	30
PCT7319	MV	1079	516	0	0	240	276	245	31
PCT7321	ED	671	149	0	0	74	75	62	13
PCT7321	MV	671	286	0	0	127	159	134	25
PCT7322	ED	874	65	0	0	29	36	28	8
PCT7322	MV	874	337	0	0	174	163	131	32
PCT7323	ED	950	234	0	0	96	138	113	25
PCT7323	MV	950	455	0	0	205	250	222	28
PCT7324	ED	755	190	0	0	95	95	80	15
PCT7324	MV	755	364	0	1	153	210	184	26
PCT7325	ED	904	243	0	0	106	137	108	29
PCT7325	MV	904	436	0	0	215	221	201	20
PCT7326	ED	876	200	0	0	90	110	92	18
PCT7326	MV	876	430	0	0	189	241	213	28
PCT7327	ED	699	71	0	0	28	43	39	4
PCT7327	MV	699	276	0	0	121	155	127	28
PCT7328	ED	973	94	0	0	50	44	35	9
PCT7328	MV	973	394	0	0	180	214	182	32
PCT7329	ED	640	112	0	0	56	56	49	7
PCT7329	MV	640	321	0	0	138	183	142	41
PCT7331	ED	852	213	0	0	98	115	95	20
PCT7331	MV	852	461	0	0	215	246	213	33
PCT7332	ED	834	225	0	0	94	131	107	24
PCT7332	MV	834	364	0	0	139	225	187	38
PCT7333	ED	1044	298	0	0	126	172	147	25
PCT7333	MV	1044	543	0	0	230	313	263	50
PCT7334	ED	881	199	0	0	103	96	77	19
PCT7334	MV	881	462	0	0	205	257	232	25
PCT7335	ED	970	225	0	0	92	133	115	18
PCT7335	MV	970	523	0	0	239	284	245	39
PCT7336	ED	955	238	0	0	114	124	102	22
PCT7336	MV	955	523	0	0	228	295	243	52
PCT7337	ED	851	179	0	0	73	106	90	16
PCT7337	MV	851	464	0	0	195	269	213	56
PCT7338	ED	915	153	0	0	56	97	75	22
PCT7338	MV	915	426	0	0	185	241	203	38
PCT7339	ED	669	174	0	0	68	106	82	24
PCT7339	MV	669	309	0	0	116	193	162	31
PCT7341	ED	908	260	0	1	118	141	103	38
PCT7341	MV	908	401	0	0	167	234	199	35
PCT7342	ED	947	334	0	1	126	207	169	38
PCT7342	MV	947	414	0	0	161	253	223	30
PCT7343	ED	731	234	0	0	87	147	127	20
PCT7343	MV	731	316	0	0	113	203	182	21
PCT7344	ED	1110	291	0	0	113	178	148	30
PCT7344	MV	1110	538	0	0	192	346	284	62
PCT7345	ED	1141	329	1	0	120	208	168	40
PCT7345	MV	1141	521	0	0	205	316	267	49
PCT7346	ED	920	250	0	0	92	158	124	34
PCT7346	MV	920	384	0	0	142	242	200	42
PCT7347	ED	1040	241	0	0	88	153	127	26
PCT7347	MV	1040	480	0	0	166	314	266	48
PCT7348	ED	861	210	0	0	75	135	104	31
PCT7348	MV	861	353	0	0	137	216	174	42
PCT7349	ED	957	248	0	0	93	155	130	25
PCT7349	MV	957	427	0	0	174	253	207	46
PCT7501	ED	565	172	0	1	73	98	87	11
PCT7501	MV	565	308	0	0	152	156	139	17
PCT7502	ED	784	180	1	0	71	108	90	18
PCT7502	MV	784	447	0	1	185	261	227	34
PCT7503	ED	764	208	0	0	88	120	96	24
PCT7503	MV	764	388	0	0	159	229	207	22
PCT7504	ED	503	112	0	0	50	62	51	11
PCT7504	MV	503	222	0	0	80	142	130	12
PCT7505	ED	869	158	0	0	64	94	82	12
PCT7505	MV	869	532	0	0	239	293	268	25
PCT7506	ED	999	226	0	0	84	142	113	29
PCT7506	MV	999	473	0	0	188	285	247	38
PCT7507	ED	955	211	0	0	80	131	88	43
PCT7507	MV	955	344	0	0	134	210	178	32
PCT7508	ED	727	154	0	0	65	89	71	18
PCT7508	MV	727	427	0	0	189	238	199	39
PCT7509	ED	932	235	2	0	84	149	123	26
PCT7509	MV	932	470	1	0	175	294	253	41
PCT7512	ED	612	150	0	0	74	76	62	14
PCT7512	MV	612	283	0	0	112	171	138	33
PCT7513	ED	818	225	0	0	96	129	106	23
PCT7513	MV	818	315	0	1	112	202	158	44
PCT7514	ED	874	140	0	0	49	91	77	14
PCT7514	MV	874	305	0	1	110	194	142	52
PCT7515	ED	869	212	0	0	84	128	93	35
PCT7515	MV	869	389	0	0	161	228	186	42
PCT7516	ED	922	172	0	0	73	99	77	22
PCT7516	MV	922	538	0	0	198	340	285	55
PCT7517	ED	863	289	0	0	101	188	159	29
PCT7517	MV	863	410	0	0	166	244	223	21
PCT7518	ED	950	309	0	0	123	186	160	26
PCT7518	MV	950	480	0	1	186	293	265	28
PCT7519	ED	737	224	0	0	84	140	121	19
PCT7519	MV	737	355	0	1	145	209	184	25
PCT7521	ED	812	292	0	0	126	166	133	33
PCT7521	MV	812	354	0	0	161	193	180	13
PCT7522	ED	764	207	0	0	83	124	103	21
PCT7522	MV	764	397	0	0	161	236	210	26
PCT7523	ED	747	275	0	0	96	179	156	23
PCT7523	MV	747	359	0	0	129	230	213	17
PCT7524	ED	615	181	0	0	69	112	94	18
PCT7524	MV	615	262	0	0	99	163	143	20
PCT7525	ED	800	205	0	0	78	127	103	24
PCT7525	MV	800	341	0	0	138	203	167	36
PCT7526	ED	1011	292	0	0	113	179	156	23
PCT7526	MV	1011	552	0	0	235	317	290	27
PCT7527	ED	725	211	0	0	74	137	115	22
PCT7527	MV	725	339	0	1	130	208	181	27
PCT7529	ED	948	295	0	0	128	167	151	16
PCT7529	MV	948	486	0	0	169	317	290	27
PCT7531	ED	865	228	0	0	78	150	131	19
PCT7531	MV	865	442	0	0	169	273	253	20
PCT7532	ED	852	246	0	0	99	147	115	32
PCT7532	MV	852	398	0	0	172	226	200	26
PCT7533	ED	1015	357	0	0	117	240	209	31
PCT7533	MV	1015	490	0	0	195	295	271	24
PCT7534	ED	936	322	0	0	149	173	153	20
PCT7534	MV	936	415	0	0	170	245	225	20
PCT7535	ED	767	262	0	0	90	172	151	21
PCT7535	MV	767	387	0	0	156	231	215	16
PCT7536	ED	863	291	0	0	108	183	156	27
PCT7536	MV	863	421	0	1	184	236	216	20
PCT7537	ED	752	240	0	0	96	144	124	20
PCT7537	MV	752	363	0	0	145	218	203	15
PCT7538	ED	771	246	0	0	92	154	135	19
PCT7538	MV	771	400	0	0	153	247	232	15
PCT7539	ED	922	330	0	0	133	197	169	28
PCT7539	MV	922	428	0	0	171	257	237	20
PCT7541	ED	805	248	0	0	102	146	126	20
PCT7541	MV	805	400	0	0	150	250	225	25
PCT7542	ED	821	272	0	0	92	180	150	30
PCT7542	MV	821	389	0	0	140	249	223	26
PCT7543	ED	909	216	0	0	84	132	111	21
PCT7543	MV	909	467	0	1	173	293	254	39
PCT7544	ED	898	258	0	0	108	150	131	19
PCT7544	MV	898	479	0	1	178	300	277	23
PCT7545	ED	918	273	0	0	102	171	153	18
PCT7545	MV	918	480	0	0	200	280	246	34
PCT7546	ED	982	304	0	0	127	177	150	27
PCT7546	MV	982	517	0	1	190	326	296	30
PCT7547	ED	1029	315	0	0	126	189	161	28
PCT7547	MV	1029	505	0	0	200	305	292	13
PCT7548	ED	1073	319	1	0	128	190	166	24
PCT7548	MV	1073	512	0	0	184	328	301	27
PCT7549	ED	811	215	0	0	96	119	103	16
PCT7549	MV	811	431	0	1	194	236	212	24
PCT7551	ED	741	239	0	0	94	145	126	19
PCT7551	MV	741	394	0	0	139	255	239	16
PCT7552	ED	727	241	0	0	99	142	128	14
PCT7552	MV	727	361	0	0	156	205	193	12
PCT7553	MV	180	126	0	0	36	90	87	3
PCT7554	ED	808	247	0	0	101	146	128	18
PCT7554	MV	808	442	0	0	202	240	218	22
PCT7555	ED	886	290	0	0	101	189	171	18
PCT7555	MV	886	459	0	0	203	256	237	19
PCT7556	ED	969	275	0	0	129	146	130	16
PCT7556	MV	969	573	0	0	225	348	322	26
PCT7601	ED	767	191	0	0	63	128	97	31
PCT7601	MV	767	290	0	0	98	192	165	27
PCT7602	ED	901	213	0	0	76	137	99	38
PCT7602	MV	901	379	0	0	129	250	204	46
PCT7603	ED	830	250	0	0	81	169	136	33
PCT7603	MV	830	376	0	0	142	234	189	45
PCT7604	ED	954	266	0	0	107	159	118	41
PCT7604	MV	954	352	0	1	109	242	205	37
PCT7605	ED	648	120	0	0	58	62	50	12
PCT7605	MV	648	203	0	0	72	131	100	31
PCT7606	ED	924	205	0	0	78	127	95	32
PCT7606	MV	924	330	0	0	111	219	184	35
PCT7607	ED	960	215	0	0	89	126	91	35
PCT7607	MV	960	407	0	0	131	276	220	56
PCT7608	ED	392	70	0	0	29	41	25	16
PCT7608	MV	392	136	0	0	54	82	72	10
PCT7609	ED	926	120	0	0	43	77	51	26
PCT7609	MV	926	352	0	0	139	213	167	46
PCT7611	ED	755	126	0	0	42	84	63	21
PCT7611	MV	755	269	0	0	102	167	125	42
PCT7612	ED	583	97	0	0	40	57	45	12
PCT7612	MV	583	265	0	0	106	159	133	26
PCT7613	ED	908	204	0	0	75	129	97	32
PCT7613	MV	908	340	0	0	112	228	176	52
PCT7614	ED	1029	223	0	0	87	136	107	29
PCT7614	MV	1029	375	0	0	109	266	213	53
PCT7615	ED	762	162	0	0	58	104	70	34
PCT7615	MV	762	237	0	0	94	143	117	26
PCT7616	ED	1203	324	0	0	155	169	145	24
PCT7616	MV	1203	686	0	0	250	436	383	53
PCT7617	ED	768	102	0	0	41	61	45	16
PCT7617	MV	768	261	0	0	98	163	123	40
PCT7618	ED	862	168	0	0	72	96	76	20
PCT7618	MV	862	407	0	0	152	255	230	25
PCT7619	ED	1063	219	0	0	81	138	112	26
PCT7619	MV	1063	563	0	0	225	338	291	47
PCT7621	ED	1320	287	0	0	104	183	146	37
PCT7621	MV	1320	668	0	0	241	427	362	65
PCT7622	ED	988	170	0	0	52	118	92	26
PCT7622	MV	988	301	0	0	101	200	166	34
PCT7623	ED	746	184	0	0	71	113	84	29
PCT7623	MV	746	297	0	0	89	208	162	46
PCT7624	ED	859	142	0	0	42	100	79	21
PCT7624	MV	859	290	0	0	80	210	174	36
PCT7625	ED	822	66	0	0	28	38	30	8
PCT7625	MV	822	475	0	0	212	263	234	29
PCT7626	ED	1114	227	0	0	92	135	116	19
PCT7626	MV	1114	612	0	0	246	366	324	42
PCT7627	ED	1187	267	0	1	118	148	118	30
PCT7627	MV	1187	582	0	0	250	332	280	52
PCT7628	ED	960	241	0	0	90	151	119	32
PCT7628	MV	960	428	0	0	155	273	244	29
PCT7629	ED	809	208	0	0	71	137	118	19
PCT7629	MV	809	343	0	0	126	217	192	25
PCT7631	ED	1155	270	0	0	123	147	114	33
PCT7631	MV	1155	577	0	0	224	353	296	57
PCT7632	ED	1124	289	0	0	126	163	143	20
PCT7632	MV	1124	561	0	1	195	365	313	52
PCT7633	ED	741	137	0	0	48	89	73	16
PCT7633	MV	741	392	0	0	165	227	202	25
PCT7634	ED	900	195	0	0	80	115	90	25
PCT7634	MV	900	421	0	0	158	263	228	35
PCT7635	ED	840	158	0	0	65	93	78	15
PCT7635	MV	840	382	0	0	137	245	208	37
PCT7636	ED	938	251	0	0	115	136	109	27
PCT7636	MV	938	465	0	0	185	280	243	37
PCT7637	ED	809	193	0	0	94	99	84	15
PCT7637	MV	809	404	0	0	166	238	206	32
PCT7638	ED	1467	295	0	0	129	166	131	35
PCT7638	MV	1467	871	1	0	382	488	431	57
PCT7639	ED	1011	242	0	0	115	127	103	24
PCT7639	MV	1011	559	0	0	229	330	299	31
PCT7641	ED	972	205	0	0	95	110	89	21
PCT7641	MV	972	549	0	1	232	316	265	51
PCT7642	ED	937	153	0	0	59	94	77	17
PCT7642	MV	937	394	0	0	187	207	168	39
PCT7643	ED	920	169	0	0	82	87	67	20
PCT7643	MV	920	507	0	1	173	333	289	44
PCT7644	ED	1175	330	0	0	129	201	153	48
PCT7644	MV	1175	554	0	0	212	342	303	39
PCT7645	ED	640	120	0	0	47	73	61	12
PCT7645	MV	640	377	0	0	181	196	159	37
PCT7646	ED	1100	267	0	0	122	145	124	21
PCT7646	MV	1100	592	0	0	242	350	312	38
PCT7647	ED	1075	205	0	0	66	139	102	37
PCT7647	MV	1075	283	0	0	84	199	158	41
PCT7648	MV	1	0	0	0	0	0	0	0
PCT7649	ED	891	178	0	0	71	107	80	27
PCT7649	MV	891	395	0	0	126	269	213	56
PCT7651	ED	677	166	1	0	77	88	76	12
PCT7651	MV	677	351	0	0	142	209	178	31
PCT7652	ED	628	135	0	0	51	84	64	20
PCT7652	MV	628	301	0	0	128	173	154	19
PCT7653	ED	1280	300	0	0	132	168	143	25
PCT7653	MV	1280	673	0	0	305	368	328	40
PCT7701	ED	1064	296	0	1	115	180	146	34
PCT7701	MV	1064	597	0	0	253	344	306	38
PCT7702	ED	748	180	0	0	75	105	91	14
PCT7702	MV	748	415	0	0	183	232	201	31
PCT7703	MV	171	79	0	1	33	45	34	11
PCT7704	ED	1008	257	0	0	107	150	117	33
PCT7704	MV	1008	557	0	0	221	336	289	47
PCT7705	ED	568	149	0	0	61	88	78	10
PCT7705	MV	568	335	0	0	142	193	164	29
PCT7706	ED	840	252	0	0	107	145	118	27
PCT7706	MV	840	467	0	0	207	260	214	46
PCT7707	ED	857	241	1	0	83	157	126	31
PCT7707	MV	857	495	0	0	226	269	238	31
PCT7708	ED	871	205	0	0	85	120	90	30
PCT7708	MV	871	540	0	0	212	328	276	52
PCT7709	ED	391	102	0	0	33	69	58	11
PCT7709	MV	391	222	0	0	83	139	121	18
PCT7711	ED	766	198	0	0	89	109	98	11
PCT7711	MV	766	422	0	0	183	239	206	33
PCT7712	ED	529	149	0	0	60	89	65	24
PCT7712	MV	529	296	0	0	112	184	163	21
PCT7801	ED	1001	264	1	0	119	144	131	13
PCT7801	MV	1001	596	0	0	264	332	299	33
PCT7802	ED	788	230	0	0	91	139	127	12
PCT7802	MV	788	458	0	0	208	250	217	33
PCT7803	ED	828	174	0	0	76	98	91	7
PCT7803	MV	828	552	0	0	224	328	298	30
PCT7804	ED	893	257	0	0	105	152	138	14
PCT7804	MV	893	533	0	0	228	305	271	34
PCT7805	ED	825	228	0	0	82	146	123	23
PCT7805	MV	825	484	0	0	188	296	265	31
PCT7806	ED	716	208	2	0	71	135	121	14
PCT7806	MV	716	407	0	0	150	257	232	25
PCT7807	ED	844	276	0	0	92	184	158	26
PCT7807	MV	844	417	0	0	168	249	221	28
PCT7808	ED	655	211	0	0	77	134	120	14
PCT7808	MV	655	333	0	0	131	202	184	18
PCT7809	ED	781	238	0	0	103	135	118	17
PCT7809	MV	781	405	0	0	152	253	220	33
PCT7811	ED	783	249	0	0	85	164	140	24
PCT7811	MV	783	404	0	0	149	255	228	27
PCT7812	ED	877	257	0	0	104	153	128	25
PCT7812	MV	877	454	0	0	187	267	238	29
PCT7813	ED	1064	308	1	0	121	186	158	28
PCT7813	MV	1064	585	0	0	236	349	312	37
PCT7814	ED	936	228	0	0	81	147	116	31
PCT7814	MV	936	341	0	1	114	226	196	30
PCT7815	ED	954	238	0	0	103	135	124	11
PCT7815	MV	954	573	0	0	235	338	313	25
PCT7816	ED	865	236	0	0	108	128	113	15
PCT7816	MV	865	531	1	0	205	325	296	29
PCT7817	ED	823	277	0	0	104	173	143	30
PCT7817	MV	823	439	0	0	150	289	266	23
PCT7818	ED	860	234	0	0	95	139	122	17
PCT7818	MV	860	452	2	0	191	259	235	24
PCT7819	ED	793	191	0	0	77	114	89	25
PCT7819	MV	793	420	0	0	169	251	230	21
PCT7821	ED	985	248	0	0	86	162	143	19
PCT7821	MV	985	630	0	1	239	390	355	35
PCT7822	ED	908	275	0	0	104	171	132	39
PCT7822	MV	908	480	0	0	179	301	266	35
PCT7823	ED	879	270	6	0	97	167	150	17
PCT7823	MV	879	501	0	1	187	313	287	26
PCT7824	ED	768	247	0	0	99	148	126	22
PCT7824	MV	768	383	0	0	171	212	191	21
PCT7825	ED	597	191	0	0	76	115	98	17
PCT7825	MV	597	302	0	0	114	188	173	15
PCT7826	ED	684	258	0	1	93	164	144	20
PCT7826	MV	684	319	0	0	130	189	174	15
PCT7827	ED	831	261	0	0	90	171	147	24
PCT7827	MV	831	361	0	0	136	225	201	24
PCT7828	ED	1018	261	0	0	101	160	137	23
PCT7828	MV	1018	549	0	0	212	337	299	38
PCT7829	ED	907	237	1	0	87	149	130	19
PCT7829	MV	907	557	0	0	229	328	283	45
PCT7831	ED	882	233	0	0	88	145	129	16
PCT7831	MV	882	544	0	0	230	314	286	28
PCT7832	ED	780	188	0	0	61	127	113	14
PCT7832	MV	780	488	0	0	194	294	268	26
PCT7833	ED	747	230	0	0	97	133	114	19
PCT7833	MV	747	412	0	0	182	230	210	20
PCT7834	ED	867	277	0	0	110	167	145	22
PCT7834	MV	867	439	0	0	164	275	263	12
PCT7835	ED	847	211	0	0	79	132	104	28
PCT7835	MV	847	505	1	0	181	323	275	48
PCT7836	ED	1023	260	0	0	96	164	136	28
PCT7836	MV	1023	623	0	0	241	382	328	54
PCT7837	ED	911	260	0	0	111	149	130	19
PCT7837	MV	911	509	2	0	218	289	268	21
PCT7838	ED	926	239	0	0	87	152	127	25
PCT7838	MV	926	546	0	0	241	305	269	36
PCT7839	ED	842	205	0	0	88	117	108	9
PCT7839	MV	842	515	0	1	216	298	264	34
PCT7841	ED	937	291	0	0	129	162	148	14
PCT7841	MV	937	526	0	0	215	311	278	33
PCT7842	ED	903	283	0	0	111	172	149	23
PCT7842	MV	903	434	0	0	178	256	226	30
PCT7843	ED	767	232	0	0	82	150	132	18
PCT7843	MV	767	380	0	0	162	218	199	19
PCT7844	ED	663	196	0	0	72	124	110	14
PCT7844	MV	663	329	0	0	124	205	188	17
PCT7845	ED	849	241	0	0	103	138	117	21
PCT7845	MV	849	469	0	0	200	269	242	27
PCT7846	ED	904	262	0	0	115	147	129	18
PCT7846	MV	904	509	0	0	224	285	252	33
PCT7847	ED	929	261	0	0	104	157	129	28
PCT7847	MV	929	529	0	0	224	305	276	29
PCT7848	ED	834	233	0	0	105	128	112	16
PCT7848	MV	834	491	0	0	220	271	249	22
PCT7849	ED	929	264	0	0	125	139	121	18
PCT7849	MV	929	522	0	0	215	307	286	21
PCT7851	ED	513	136	0	0	72	64	60	4
PCT7851	MV	513	298	0	0	132	166	154	12
PCT7852	ED	647	143	0	0	58	85	70	15
PCT7852	MV	647	394	0	0	163	231	200	31
PCT7853	ED	850	214	0	0	70	144	123	21
PCT7853	MV	850	479	0	0	196	283	249	34
PCT7854	ED	894	248	0	0	106	142	125	17
PCT7854	MV	894	500	0	0	202	298	269	29
PCT7855	ED	986	301	0	0	121	180	154	26
PCT7855	MV	986	522	0	0	210	312	277	35
PCT7856	ED	800	265	0	0	102	163	142	21
PCT7856	MV	800	425	0	0	154	271	250	21
PCT7857	ED	933	276	0	0	122	154	132	22
PCT7857	MV	933	517	0	0	220	297	273	24
PCT7858	ED	775	245	0	1	93	151	132	19
PCT7858	MV	775	394	0	0	132	262	240	22
PCT7859	ED	891	250	0	0	106	144	131	13
PCT7859	MV	891	513	0	0	212	301	275	26
PCT7861	ED	859	217	0	0	95	122	109	13
PCT7861	MV	859	510	0	2	214	294	257	37
PCT7862	ED	866	302	0	0	119	183	156	27
PCT7862	MV	866	472	0	0	182	290	265	25
PCT7863	ED	907	311	0	1	118	192	166	26
PCT7863	MV	907	440	0	0	161	279	250	29
PCT7864	ED	807	232	0	0	88	144	125	19
PCT7864	MV	807	427	0	0	165	262	239	23
PCT7865	ED	823	241	0	0	94	147	126	21
PCT7865	MV	823	463	0	0	195	268	242	26
PCT7866	ED	836	209	0	0	81	128	107	21
PCT7866	MV	836	491	0	0	212	279	241	38
PCT7867	ED	955	266	0	1	115	150	127	23
PCT7867	MV	955	512	0	0	203	309	272	37
PCT7868	ED	881	242	0	0	97	145	117	28
PCT7868	MV	881	449	1	0	173	275	246	29
PCT7869	ED	867	239	0	0	95	144	130	14
PCT7869	MV	867	489	0	0	221	268	247	21
PCT7871	ED	900	259	0	0	109	150	133	17
PCT7871	MV	900	502	2	1	200	299	276	23
PCT7872	ED	862	288	0	0	111	177	150	27
PCT7872	MV	862	472	0	0	208	264	241	23
PCT7873	ED	861	257	0	0	90	167	149	18
PCT7873	MV	861	502	0	0	214	288	262	26
PCT7874	ED	477	137	0	0	51	86	66	20
PCT7874	MV	477	256	1	0	102	153	132	21
PCT7875	ED	623	180	0	0	70	110	88	22
PCT7875	MV	623	285	0	0	118	167	135	32
PCT7876	ED	498	154	10	0	65	79	71	8
PCT7876	MV	498	269	0	0	102	167	158	9
PCT7901	ED	522	136	0	0	57	79	66	13
PCT7901	MV	522	198	0	0	71	127	96	31
PCT7902	ED	968	258	0	0	85	173	140	33
PCT7902	MV	968	401	0	1	144	256	228	28
PCT7903	ED	840	201	0	0	81	120	100	20
PCT7903	MV	840	350	0	0	120	230	190	40
PCT7904	ED	877	212	0	0	79	133	115	18
PCT7904	MV	877	403	0	0	153	250	217	33
PCT7905	ED	851	254	0	0	98	156	131	25
PCT7905	MV	851	409	1	0	149	259	230	29
PCT7906	ED	787	245	0	0	111	134	110	24
PCT7906	MV	787	335	0	0	121	214	190	24
PCT7907	ED	950	278	0	0	101	177	143	34
PCT7907	MV	950	425	0	0	152	273	245	28
PCT7908	ED	949	284	0	0	113	171	129	42
PCT7908	MV	949	408	0	0	144	264	235	29
PCT7909	ED	733	251	0	0	82	169	147	22
PCT7909	MV	733	303	0	0	111	192	179	13
PCT7911	ED	860	244	0	0	82	162	133	29
PCT7911	MV	860	395	0	0	144	251	217	34
PCT7912	ED	1065	291	0	0	111	180	157	23
PCT7912	MV	1065	463	0	0	164	299	270	29
PCT7913	ED	913	312	0	0	100	212	177	35
PCT7913	MV	913	378	0	0	114	264	237	27
PCT7914	ED	883	278	0	0	110	168	145	23
PCT7914	MV	883	425	0	0	166	259	229	30
PCT7915	ED	831	266	0	0	91	175	137	38
PCT7915	MV	831	351	0	0	114	237	197	40
PCT7916	ED	888	284	0	0	112	172	139	33
PCT7916	MV	888	421	0	0	145	276	240	36
PCT7917	ED	1015	315	0	0	120	195	161	34
PCT7917	MV	1015	428	0	0	136	292	260	32
PCT7918	ED	836	253	0	0	95	158	136	22
PCT7918	MV	836	379	0	0	147	232	206	26
PCT7919	ED	895	309	0	0	91	218	189	29
PCT7919	MV	895	376	0	0	129	247	217	30
PCT7921	ED	917	232	0	0	63	169	122	47
PCT7921	MV	917	366	0	0	127	239	195	44
PCT7922	ED	831	250	0	1	91	158	143	15
PCT7922	MV	831	383	0	0	139	244	211	33
PCT7923	ED	885	262	0	1	76	185	152	33
PCT7923	MV	885	403	0	0	136	267	245	22
PCT7924	ED	842	238	0	1	93	144	121	23
PCT7924	MV	842	382	0	1	114	267	236	31
PCT7925	ED	567	156	0	0	56	100	88	12
PCT7925	MV	567	293	0	0	100	193	170	23
PCT7926	ED	795	229	0	0	92	137	119	18
PCT7926	MV	795	390	0	0	150	240	212	28
PCT7927	ED	747	241	0	0	97	144	120	24
PCT7927	MV	747	392	0	0	171	221	198	23
PCT7928	ED	931	284	0	0	117	167	145	22
PCT7928	MV	931	489	0	0	167	322	281	41
PCT7929	ED	864	248	0	0	86	162	144	18
PCT7929	MV	864	509	1	0	203	305	271	34
PCT7931	ED	738	219	0	0	93	126	111	15
PCT7931	MV	738	408	0	0	161	247	220	27
PCT7932	ED	551	157	1	0	52	104	89	15
PCT7932	MV	551	285	0	0	108	177	156	21
PCT7933	MV	6	4	0	0	3	1	1	0
PCT7934	ED	890	250	0	0	107	143	117	26
PCT7934	MV	890	472	0	0	167	305	276	29
PCT7935	ED	970	305	0	0	133	172	152	20
PCT7935	MV	970	519	0	0	239	280	260	20
PCT7936	ED	856	287	0	0	109	178	159	19
PCT7936	MV	856	428	0	0	151	277	244	33
PCT7937	ED	886	267	0	0	96	171	149	22
PCT7937	MV	886	435	0	0	176	259	237	22
PCT7938	ED	788	213	0	0	75	138	110	28
PCT7938	MV	788	337	0	0	132	205	173	32
PCT7939	ED	688	254	0	0	102	152	131	21
PCT7939	MV	688	326	0	0	138	188	174	14
PCT7941	ED	751	218	0	0	81	137	111	26
PCT7941	MV	751	348	0	0	134	214	188	26
PCT7942	ED	914	259	1	0	92	166	132	34
PCT7942	MV	914	412	0	0	160	252	202	50
PCT7943	ED	872	258	4	0	96	158	119	39
PCT7943	MV	872	439	0	0	169	270	220	50
PCT7944	ED	801	243	0	0	93	150	121	29
PCT7944	MV	801	381	0	0	149	232	197	35
PCT7945	ED	915	186	0	0	71	115	88	27
PCT7945	MV	915	414	0	0	146	268	224	44
PCT7946	ED	945	183	0	0	66	117	92	25
PCT7946	MV	945	451	0	1	179	271	222	49
PCT7947	ED	946	182	0	0	78	104	79	25
PCT7947	MV	946	430	0	0	162	268	215	53
PCT7948	ED	928	210	0	0	74	136	110	26
PCT7948	MV	928	422	0	0	169	253	199	54
PCT7949	ED	569	100	0	0	48	52	41	11
PCT7949	MV	569	292	0	0	126	166	132	34
PCT7951	ED	854	166	0	0	67	99	73	26
PCT7951	MV	854	425	0	0	188	237	188	49
PCT7952	ED	866	167	0	0	56	111	69	42
PCT7952	MV	866	359	0	0	133	226	175	51
PCT7953	ED	824	186	2	0	75	109	89	20
PCT7953	MV	824	402	0	0	154	248	191	57
PCT7955	ED	902	199	0	0	72	127	91	36
PCT7955	MV	902	435	0	0	161	274	226	48
PCT7956	ED	823	136	0	0	53	83	67	16
PCT7956	MV	823	353	0	0	126	227	173	54
PCT7957	ED	646	147	0	0	58	89	57	32
PCT7957	MV	646	298	0	0	118	180	150	30
PCT7958	MV	290	141	0	0	49	92	69	23
PCT7959	ED	727	160	0	0	68	92	73	19
PCT7959	MV	727	326	0	0	112	214	194	20
PCT9001	MV	273	142	0	0	34	108	89	19
PCT9101	ED	888	260	0	0	110	150	116	34
PCT9101	MV	888	438	0	0	184	254	206	48
PCT9102	ED	985	257	0	0	112	145	124	21
PCT9102	MV	985	471	0	0	180	291	243	48
PCT9103	ED	954	273	0	0	104	169	124	45
PCT9103	MV	954	431	0	0	197	234	201	33
PCT9104	ED	988	239	0	0	100	139	108	31
PCT9104	MV	988	465	0	0	198	267	220	47
PCT9105	ED	919	247	0	0	109	138	106	32
PCT9105	MV	919	488	0	0	200	288	253	35
PCT9106	ED	937	268	1	0	97	170	145	25
PCT9106	MV	937	497	0	0	213	284	243	41
PCT9107	ED	849	219	0	0	88	131	103	28
PCT9107	MV	849	372	0	1	155	216	187	29
PCT9108	ED	790	247	0	0	82	165	137	28
PCT9108	MV	790	373	1	0	151	221	187	34
PCT9109	ED	884	263	0	0	117	146	121	25
PCT9109	MV	884	428	0	0	170	258	223	35
PCT9111	ED	779	229	0	0	100	129	105	24
PCT9111	MV	779	346	0	0	136	210	178	32
PCT9112	ED	976	284	0	0	118	166	137	29
PCT9112	MV	976	467	0	0	245	222	188	34
PCT9113	ED	999	311	0	0	137	174	144	30
PCT9113	MV	999	505	0	0	195	310	267	43
PCT9114	ED	877	263	0	0	124	139	106	33
PCT9114	MV	877	405	0	0	161	244	215	29
PCT9115	ED	911	258	0	1	96	161	130	31
PCT9115	MV	911	429	0	0	170	259	235	24
PCT9116	ED	944	281	1	0	108	172	141	31
PCT9116	MV	944	473	0	0	197	276	239	37
PCT9117	ED	783	222	0	0	79	143	120	23
PCT9117	MV	783	398	0	0	157	241	206	35
PCT9118	ED	974	286	0	0	121	165	142	23
PCT9118	MV	974	426	0	0	183	243	200	43
PCT9119	ED	891	237	0	0	103	134	103	31
PCT9119	MV	891	447	0	0	181	266	220	46
PCT9121	ED	930	256	0	0	101	155	116	39
PCT9121	MV	930	434	0	0	206	228	188	40
PCT9122	ED	953	210	0	0	95	115	97	18
PCT9122	MV	953	454	0	0	202	252	208	44
PCT9123	ED	858	232	0	0	80	152	118	34
PCT9123	MV	858	418	0	0	172	246	195	51
PCT9124	ED	874	202	0	0	76	126	106	20
PCT9124	MV	874	438	0	1	199	238	189	49
PCT9125	ED	861	210	0	0	91	119	94	25
PCT9125	MV	861	437	0	0	213	224	196	28
PCT9126	ED	1015	245	0	0	112	133	109	24
PCT9126	MV	1015	533	0	0	246	287	243	44
PCT9127	ED	960	269	0	0	124	145	125	20
PCT9127	MV	960	498	0	0	226	272	240	32
PCT9128	ED	828	248	0	0	99	149	133	16
PCT9128	MV	828	412	0	0	165	247	211	36
PCT9129	ED	741	243	0	0	91	152	127	25
PCT9129	MV	741	348	0	0	154	194	156	38
PCT9131	ED	759	193	0	0	83	110	88	22
PCT9131	MV	759	403	0	0	179	224	198	26
PCT9132	ED	837	248	0	0	115	133	110	23
PCT9132	MV	837	371	0	0	148	223	190	33
PCT9133	ED	1021	271	0	0	94	177	153	24
PCT9133	MV	1021	503	0	0	198	305	271	34
PCT9134	ED	893	210	0	0	103	107	91	16
PCT9134	MV	893	469	0	0	207	262	227	35
PCT9135	ED	808	215	0	0	87	128	105	23
PCT9135	MV	808	389	0	0	188	201	168	33
PCT9136	ED	929	253	0	0	119	134	105	29
PCT9136	MV	929	439	0	0	187	252	210	42
PCT9137	ED	1006	260	0	0	114	146	105	41
PCT9137	MV	1006	467	0	0	200	267	223	44
PCT9138	ED	943	226	1	0	88	137	107	30
PCT9138	MV	943	477	1	0	176	300	243	57
PCT9139	ED	975	243	0	0	105	138	116	22
PCT9139	MV	975	510	0	0	203	307	250	57
PCT9141	ED	953	252	0	0	104	148	110	38
PCT9141	MV	953	477	0	0	198	279	229	50
PCT9142	ED	966	276	0	0	122	154	131	23
PCT9142	MV	966	459	0	0	170	289	257	32
PCT9143	ED	920	251	0	0	102	149	124	25
PCT9143	MV	920	463	0	0	195	268	221	47
PCT9144	ED	962	293	0	1	124	168	144	24
PCT9144	MV	962	482	0	0	193	289	263	26
PCT9145	ED	861	249	1	0	84	164	137	27
PCT9145	MV	861	423	0	0	190	233	196	37
PCT9146	ED	885	245	0	0	107	138	117	21
PCT9146	MV	885	464	0	0	198	266	225	41
PCT9147	ED	971	281	0	0	123	158	126	32
PCT9147	MV	971	492	0	0	189	303	276	27
PCT9148	ED	1034	325	0	0	133	192	160	32
PCT9148	MV	1034	513	0	0	218	295	255	40
PCT9149	ED	948	264	0	0	109	155	123	32
PCT9149	MV	948	478	0	0	191	287	252	35
PCT9151	ED	872	227	0	0	94	133	107	26
PCT9151	MV	872	418	0	0	176	242	214	28
PCT9152	ED	721	270	0	0	88	182	146	36
PCT9152	MV	721	279	0	0	86	193	174	19
PCT9201	ED	1004	300	0	0	113	187	156	31
PCT9201	MV	1004	475	0	0	173	302	265	37
PCT9202	ED	971	294	0	0	122	172	142	30
PCT9202	MV	971	426	0	0	171	255	223	32
PCT9203	ED	1002	239	0	0	121	118	96	22
PCT9203	MV	1002	536	0	0	258	278	235	43
PCT9204	ED	873	273	0	0	133	140	121	19
PCT9204	MV	873	393	0	0	212	181	156	25
PCT9205	ED	728	208	0	0	100	108	97	11
PCT9205	MV	728	376	0	1	192	183	163	20
PCT9206	ED	931	249	0	0	122	127	99	28
PCT9206	MV	931	479	0	0	244	235	187	48
PCT9207	ED	981	262	0	0	136	126	101	25
PCT9207	MV	981	502	0	0	262	240	212	28
PCT9208	ED	1002	287	0	0	133	154	129	25
PCT9208	MV	1002	491	0	0	228	263	227	36
PCT9209	ED	711	245	0	0	116	129	107	22
PCT9209	MV	711	327	0	0	159	168	139	29
PCT9211	ED	889	234	0	0	117	117	95	22
PCT9211	MV	889	432	0	0	223	209	180	29
PCT9212	ED	803	234	0	0	117	117	91	26
PCT9212	MV	803	400	0	0	189	211	188	23
PCT9213	ED	951	264	0	1	112	151	125	26
PCT9213	MV	951	508	0	0	243	265	229	36
PCT9214	ED	640	166	0	0	74	92	76	16
PCT9214	MV	640	334	0	0	156	178	148	30
PCT9215	ED	652	194	0	0	82	112	92	20
PCT9215	MV	652	327	0	0	175	152	138	14
PCT9216	ED	845	246	0	0	125	121	109	12
PCT9216	MV	845	379	0	0	176	203	179	24
PCT9217	ED	698	194	0	0	92	102	85	17
PCT9217	MV	698	349	0	0	176	173	150	23
PCT9218	ED	841	249	0	0	114	135	112	23
PCT9218	MV	841	412	0	0	203	209	178	31
PCT9219	ED	802	242	0	0	107	135	114	21
PCT9219	MV	802	399	0	0	186	213	193	20
PCT9221	ED	651	145	0	0	59	86	82	4
PCT9221	MV	651	399	0	0	215	184	166	18
PCT9222	ED	883	249	0	0	124	125	111	14
PCT9222	MV	883	449	0	0	223	226	203	23
PCT9223	ED	638	160	0	0	79	81	71	10
PCT9223	MV	638	338	0	0	172	166	155	11
PCT9224	ED	960	263	0	0	117	146	121	25
PCT9224	MV	960	506	0	2	244	260	233	27
PCT9225	ED	958	299	0	1	147	151	127	24
PCT9225	MV	958	469	0	0	227	242	213	29
PCT9226	ED	926	271	0	0	137	134	115	19
PCT9226	MV	926	486	0	0	221	265	228	37
PCT9227	ED	738	188	0	0	80	108	90	18
PCT9227	MV	738	404	0	0	176	228	206	22
PCT9228	ED	747	189	0	0	83	106	91	15
PCT9228	MV	747	424	0	0	184	240	204	36
PCT9229	ED	598	162	0	0	78	84	71	13
PCT9229	MV	598	316	0	0	134	182	166	16
PCT9231	ED	953	313	0	0	142	171	152	19
PCT9231	MV	953	488	0	1	219	268	236	32
PCT9232	ED	735	212	0	0	104	108	88	20
PCT9232	MV	735	396	0	0	164	232	208	24
PCT9233	ED	793	209	0	0	98	111	100	11
PCT9233	MV	793	434	0	0	228	206	185	21
PCT9234	ED	746	187	0	0	85	102	89	13
PCT9234	MV	746	438	0	0	209	229	210	19
PCT9235	ED	884	239	0	0	105	134	124	10
PCT9235	MV	884	488	0	1	251	236	210	26
PCT9236	ED	683	201	0	0	86	115	101	14
PCT9236	MV	683	358	0	0	172	186	174	12
PCT9237	ED	936	229	0	0	115	114	97	17
PCT9237	MV	936	539	0	0	254	285	256	29
PCT9238	ED	842	230	0	0	132	98	84	14
PCT9238	MV	842	456	0	0	189	267	229	38
PCT9239	ED	881	200	0	0	92	108	97	11
PCT9239	MV	881	499	0	0	266	233	209	24
PCT9241	ED	1005	255	0	0	120	135	119	16
PCT9241	MV	1005	578	0	0	266	312	277	35
PCT9242	ED	972	277	0	0	129	148	122	26
PCT9242	MV	972	513	0	0	242	271	227	44
PCT9243	ED	594	193	0	0	86	107	90	17
PCT9243	MV	594	307	0	0	135	172	154	18
PCT9244	ED	903	255	0	0	120	135	125	10
PCT9244	MV	903	485	0	0	241	244	219	25
PCT9245	ED	742	209	0	0	95	114	101	13
PCT9245	MV	742	375	0	0	193	182	155	27
PCT9246	ED	929	257	0	0	119	138	123	15
PCT9246	MV	929	528	0	0	244	284	251	33
PCT9247	ED	927	264	0	0	115	149	124	25
PCT9247	MV	927	515	0	0	204	311	275	36
PCT9248	ED	907	258	0	0	103	155	129	26
PCT9248	MV	907	487	0	0	221	266	236	30
PCT9249	ED	917	271	0	0	126	145	125	20
PCT9249	MV	917	495	0	0	226	269	243	26
PCT9251	ED	995	287	0	0	128	159	139	20
PCT9251	MV	995	530	0	0	266	264	231	33
PCT9252	ED	944	219	0	0	102	117	94	23
PCT9252	MV	944	550	0	0	236	314	256	58
PCT9253	ED	772	187	0	0	81	106	88	18
PCT9253	MV	772	397	0	0	180	217	186	31
PCT9254	ED	935	230	0	0	86	144	125	19
PCT9254	MV	935	538	0	0	216	322	281	41
PCT9255	ED	553	183	0	0	88	95	81	14
PCT9255	MV	553	263	0	1	116	146	128	18
PCT9256	ED	474	130	0	0	57	73	61	12
PCT9256	MV	474	233	0	0	98	135	119	16
PCT9257	MV	321	235	0	0	83	152	134	18
PCT9258	ED	712	193	0	0	82	111	95	16
PCT9258	MV	712	373	0	0	166	207	176	31
PCT9401	ED	1012	293	0	0	129	164	122	42
PCT9401	MV	1012	484	0	0	182	302	249	53
PCT9402	ED	977	290	0	0	128	162	134	28
PCT9402	MV	977	458	0	0	192	266	233	33
PCT9403	ED	897	240	0	0	94	146	122	24
PCT9403	MV	897	419	0	0	177	242	204	38
PCT9404	ED	930	200	0	0	87	113	92	21
PCT9404	MV	930	462	0	0	196	266	221	45
PCT9405	ED	786	210	0	0	89	121	97	24
PCT9405	MV	786	364	0	0	157	207	170	37
PCT9406	ED	868	244	0	0	87	157	120	37
PCT9406	MV	868	421	0	0	192	229	177	52
PCT9407	ED	889	253	0	0	110	143	117	26
PCT9407	MV	889	409	0	0	169	240	217	23
PCT9408	ED	886	265	0	0	93	172	142	30
PCT9408	MV	886	415	0	0	155	260	218	42
PCT9409	ED	590	201	0	1	73	127	100	27
PCT9409	MV	590	252	0	0	112	140	120	20
PCT9411	ED	956	271	0	0	102	169	131	38
PCT9411	MV	956	431	0	0	144	287	239	48
PCT9412	ED	848	245	0	0	114	131	101	30
PCT9412	MV	848	380	0	0	169	211	180	31
PCT9413	ED	894	229	0	0	96	133	112	21
PCT9413	MV	894	461	0	1	242	218	183	35
PCT9414	ED	916	216	0	0	99	117	92	25
PCT9414	MV	916	463	0	1	187	275	236	39
PCT9415	ED	784	187	0	0	83	104	86	18
PCT9415	MV	784	392	0	1	173	218	177	41
PCT9416	ED	1008	282	1	0	118	163	134	29
PCT9416	MV	1008	480	1	0	229	250	192	58
PCT9417	ED	752	175	0	0	73	102	83	19
PCT9417	MV	752	402	0	0	182	220	183	37
PCT9418	ED	790	211	0	0	95	116	89	27
PCT9418	MV	790	376	0	0	185	191	155	36
PCT9419	ED	924	222	0	1	106	115	93	22
PCT9419	MV	924	468	0	0	224	244	200	44
PCT9421	ED	906	238	0	0	130	108	85	23
PCT9421	MV	906	446	0	0	237	209	172	37
PCT9422	ED	1056	283	0	0	116	167	125	42
PCT9422	MV	1056	513	0	0	221	292	239	53
PCT9423	ED	889	219	0	0	96	123	100	23
PCT9423	MV	889	440	0	0	200	240	195	45
PCT9424	ED	952	224	0	0	88	136	110	26
PCT9424	MV	952	496	0	0	212	284	230	54
PCT9425	ED	933	199	0	0	91	108	89	19
PCT9425	MV	933	465	0	0	210	255	211	44
PCT9426	ED	823	198	0	0	92	106	84	22
PCT9426	MV	823	408	0	0	188	220	180	40
PCT9427	ED	948	210	0	0	113	97	77	20
PCT9427	MV	948	447	0	0	211	236	186	50
PCT9428	ED	961	183	0	0	86	97	79	18
PCT9428	MV	961	518	0	0	218	300	247	53
PCT9429	ED	899	228	1	0	88	139	100	39
PCT9429	MV	899	432	0	0	184	248	201	47
PCT9431	ED	973	235	0	0	100	135	106	29
PCT9431	MV	973	464	0	0	182	282	229	53
PCT9432	ED	945	214	0	0	101	113	89	24
PCT9432	MV	945	468	0	0	225	243	204	39
PCT9433	ED	945	195	0	0	89	106	84	22
PCT9433	MV	945	487	0	0	244	243	183	60
PCT9434	ED	979	261	0	0	119	142	110	32
PCT9434	MV	979	481	1	0	205	275	230	45
PCT9435	ED	969	251	0	0	111	140	111	29
PCT9435	MV	969	448	0	0	204	244	193	51
PCT9436	ED	1006	232	0	1	109	122	91	31
PCT9436	MV	1006	495	0	0	208	287	236	51
PCT9437	ED	897	219	0	0	91	128	90	38
PCT9437	MV	897	435	0	0	200	235	193	42
PCT9438	ED	948	202	0	0	93	109	85	24
PCT9438	MV	948	496	0	0	205	291	237	54
PCT9439	ED	879	173	0	0	72	101	74	27
PCT9439	MV	879	425	0	0	191	234	180	54
PCT9441	ED	980	261	0	0	111	150	117	33
PCT9441	MV	980	462	0	0	202	260	208	52
PCT9442	ED	1008	280	0	0	109	171	135	36
PCT9442	MV	1008	461	0	1	191	269	216	53
PCT9443	ED	937	220	1	0	90	129	102	27
PCT9443	MV	937	442	0	0	162	280	229	51
PCT9444	ED	937	190	1	0	89	100	78	22
PCT9444	MV	937	442	0	0	196	246	197	49
PCT9445	ED	981	230	0	0	93	137	112	25
PCT9445	MV	981	493	0	0	224	269	235	34
PCT9446	ED	1090	240	0	0	117	123	100	23
PCT9446	MV	1090	564	0	0	255	309	254	55
PCT9447	ED	906	236	0	0	94	142	110	32
PCT9447	MV	906	448	0	0	216	232	197	35
PCT9448	ED	909	232	0	0	78	154	119	35
PCT9448	MV	909	429	0	0	187	242	188	54
PCT9449	ED	830	177	2	0	88	87	69	18
PCT9449	MV	830	428	0	1	188	239	193	46
PCT9451	ED	420	97	0	0	40	57	45	12
PCT9451	MV	420	218	0	0	99	119	97	22
PCT9452	ED	840	259	0	0	116	143	112	31
PCT9452	MV	840	412	0	0	207	205	158	47
PCT9453	ED	500	135	0	0	62	73	62	11
PCT9453	MV	500	244	0	0	114	130	102	28
PCT9501	MV	148	110	0	0	40	70	59	11
PCT9502	MV	245	177	0	0	78	99	89	10
PCT9503	ED	729	198	0	0	79	119	98	21
PCT9503	MV	729	315	0	0	117	198	173	25
PCT9505	ED	784	177	0	0	70	107	76	31
PCT9505	MV	784	383	0	1	144	238	196	42
PCT9506	ED	766	177	0	0	64	113	83	30
PCT9506	MV	766	313	0	0	112	201	171	30
PCT9507	ED	766	231	0	0	91	140	125	15
PCT9507	MV	766	406	0	0	165	241	219	22
PCT9508	ED	798	237	0	0	102	135	119	16
PCT9508	MV	798	429	0	0	158	271	243	28
PCT9509	ED	759	230	0	0	98	132	119	13
PCT9509	MV	759	386	0	0	166	220	198	22
PCT9511	ED	622	190	0	0	74	116	88	28
PCT9511	MV	622	296	0	0	131	165	147	18
PCT9512	ED	809	240	0	0	88	152	136	16
PCT9512	MV	809	399	0	0	156	243	219	24
PCT9513	ED	902	275	0	0	103	172	138	34
PCT9513	MV	902	390	0	0	140	250	211	39
PCT9514	ED	928	304	0	0	128	176	143	33
PCT9514	MV	928	456	0	1	187	268	244	24
PCT9515	ED	705	222	0	0	85	137	119	18
PCT9515	MV	705	368	0	1	159	208	179	29
PCT9516	ED	866	254	0	0	107	147	120	27
PCT9516	MV	866	427	0	0	178	249	226	23
PCT9517	ED	801	228	0	0	93	135	117	18
PCT9517	MV	801	397	0	0	141	256	214	42
PCT9518	ED	802	229	0	0	77	152	133	19
PCT9518	MV	802	431	0	0	151	280	244	36
PCT9519	ED	910	262	0	0	103	159	130	29
PCT9519	MV	910	486	0	0	190	296	267	29
PCT9521	ED	939	316	0	0	132	184	160	24
PCT9521	MV	939	442	0	0	183	259	235	24
PCT9701	ED	671	201	0	0	84	117	103	14
PCT9701	MV	671	340	0	0	157	183	158	25
PCT9702	ED	723	210	0	0	80	130	111	19
PCT9702	MV	723	364	0	0	144	220	199	21
PCT9703	ED	986	232	0	0	88	144	119	25
PCT9703	MV	986	530	0	0	247	283	243	40
PCT9704	ED	950	279	0	0	108	171	153	18
PCT9704	MV	950	505	0	0	226	279	245	34
PCT9705	ED	919	261	3	0	119	139	110	29
PCT9705	MV	919	483	0	1	192	290	256	34
PCT9706	MV	49	39	0	0	22	17	17	0
PCT9707	ED	821	173	0	0	88	85	63	22
PCT9707	MV	821	491	0	0	219	272	223	49
PCT9708	ED	948	250	0	0	103	147	124	23
PCT9708	MV	948	500	0	0	225	275	239	36
PCT9709	ED	1028	281	7	0	130	144	115	29
PCT9709	MV	1028	517	0	0	241	276	243	33
PCT9711	ED	641	195	0	0	87	108	82	26
PCT9711	MV	641	336	0	0	149	187	163	24
PCT9712	ED	649	160	0	0	69	91	76	15
PCT9712	MV	649	398	1	0	174	223	208	15
PCT9713	ED	960	225	1	0	100	124	100	24
PCT9713	MV	960	489	0	0	235	254	218	36
PCT9714	ED	931	208	1	0	84	123	94	29
PCT9714	MV	931	538	0	0	235	303	263	40
PCT9715	ED	569	180	0	0	69	111	92	19
PCT9715	MV	569	309	0	0	132	177	157	20
PCT9716	ED	947	239	0	0	105	134	98	36
PCT9716	MV	947	481	0	0	222	259	208	51
PCT9717	ED	972	265	0	0	115	150	123	27
PCT9717	MV	972	532	0	0	243	289	247	42
PCT9718	ED	862	227	0	0	86	141	118	23
PCT9718	MV	862	496	0	1	190	305	250	55
PCT9719	ED	901	245	0	0	105	140	104	36
PCT9719	MV	901	524	2	0	250	272	228	44
PCT9721	ED	662	198	0	0	65	133	115	18
PCT9721	MV	662	357	0	0	158	199	164	35
PCT9722	ED	605	119	1	0	48	70	60	10
PCT9722	MV	605	355	0	0	139	216	193	23
PCT9723	ED	481	98	0	0	44	54	41	13
PCT9723	MV	481	275	0	0	132	143	106	37
PCT9724	ED	991	205	0	0	96	109	75	34
PCT9724	MV	991	565	0	0	273	292	234	58
PCT9725	ED	970	214	0	0	96	118	85	33
PCT9725	MV	970	499	0	0	241	258	206	52
PCT9726	ED	655	263	0	0	79	184	120	64
PCT9726	MV	655	241	0	0	102	139	103	36
PCT9727	ED	459	79	0	0	34	45	31	14
PCT9727	MV	459	271	0	1	109	161	134	27
PCT9728	ED	926	231	0	0	100	131	99	32
PCT9728	MV	926	503	0	0	200	303	241	62
PCT9729	ED	800	191	0	0	84	107	91	16
PCT9729	MV	800	442	0	0	195	247	225	22
PCT9731	ED	556	167	0	0	74	93	82	11
PCT9731	MV	556	282	0	0	126	156	125	31
PCT9732	MV	70	56	0	0	24	32	27	5
PCT9733	MV	235	191	0	0	66	125	104	21
PCT9734	ED	603	154	0	0	64	90	80	10
PCT9734	MV	603	341	0	0	146	195	169	26
PCT9735	ED	809	206	0	0	93	113	94	19
PCT9735	MV	809	449	0	0	190	259	232	27
PCT9736	ED	713	173	0	0	69	104	84	20
PCT9736	MV	713	410	0	0	170	240	216	24
PCT9737	ED	818	208	0	0	85	123	99	24
PCT9737	MV	818	476	0	1	195	280	250	30
PCT9738	ED	848	185	0	0	71	114	75	39
PCT9738	MV	848	404	0	0	145	259	216	43
PCT9739	ED	828	220	0	1	54	165	113	52
PCT9739	MV	828	335	0	0	115	220	175	45
PCT9741	ED	552	232	0	0	74	158	107	51
PCT9741	MV	552	105	0	0	39	66	49	17
PCT9742	ED	677	180	4	0	75	101	91	10
PCT9742	MV	677	289	0	0	118	171	146	25
PCT9743	ED	1163	310	0	1	98	211	147	64
PCT9743	MV	1163	501	0	1	190	310	257	53
PCT9744	ED	911	247	1	0	93	153	111	42
PCT9744	MV	911	391	0	0	154	237	186	51
PCT9745	ED	991	282	0	0	116	166	114	52
PCT9745	MV	991	346	0	0	107	239	193	46
PCT9746	ED	884	232	0	0	80	152	112	40
PCT9746	MV	884	452	0	0	200	252	207	45
PCT9747	ED	973	246	0	0	88	158	130	28
PCT9747	MV	973	470	0	0	200	270	227	43
PCT9748	ED	931	229	0	0	82	147	113	34
PCT9748	MV	931	475	1	1	191	282	236	46
PCT9749	ED	913	225	2	0	83	140	99	41
PCT9749	MV	913	384	0	0	143	241	204	37
PCT9751	ED	1016	253	0	0	96	157	128	29
PCT9751	MV	1016	523	0	0	196	327	270	57
PCT9752	ED	710	175	3	0	64	108	90	18
PCT9752	MV	710	392	0	0	159	233	192	41
PCT9753	ED	756	186	0	0	68	118	92	26
PCT9753	MV	756	388	0	0	161	227	178	49
PCT9754	ED	707	47	0	0	17	30	24	6
PCT9754	MV	707	377	0	0	147	230	196	34
PCT9755	ED	582	172	0	0	66	106	85	21
PCT9755	MV	582	285	2	0	106	177	150	27
PCT9756	ED	941	185	0	0	73	112	86	26
PCT9756	MV	941	477	0	0	195	282	213	69
PCT9801	ED	408	104	0	0	31	73	55	18
PCT9801	MV	408	181	0	0	64	117	99	18
CONG12	TO	443570	332491	87	77	136597	195730	165832	29898
CONG14	TO	56946	40357	19	12	15781	24545	19593	4952
ASSM17	TO	291063	214827	62	53	85150	129562	110110	19452
ASSM19	TO	209453	158021	44	36	67228	90713	75315	15398
BART7	TO	38460	24736	3	7	9679	15047	12100	2947
BART8	TO	223735	166386	47	37	71778	94524	78215	16309
BART9	TO	238321	181726	56	45	70921	110704	95110	15594
SUPV1	TO	42767	32743	7	4	13668	19064	15990	3074
SUPV2	TO	50394	40402	1	9	18774	21618	18757	2861
SUPV3	TO	39799	28571	2	7	12350	16212	13616	2596
SUPV4	TO	42953	31699	8	8	13901	17782	14391	3391
SUPV5	TO	53744	42036	5	15	16658	25358	22179	3179
SUPV6	TO	43321	29158	2	5	11356	17795	14773	3022
SUPV7	TO	47076	36587	30	10	15157	21390	17651	3739
SUPV8	TO	58122	48632	31	11	19499	29091	25790	3301
SUPV9	TO	42988	31769	10	6	11852	19901	16850	3051
SUPV10	TO	41862	26459	9	6	10068	16376	13089	3287
SUPV11	TO	37490	24792	1	8	9095	15688	12339	3349
NEIG1	TO	19914	11270	1	3	4126	7140	5366	1774
NEIG2	TO	17446	12440	1	3	5595	6841	5788	1053
NEIG3	TO	28644	19045	1	3	7392	11649	9498	2151
NEIG4	TO	7002	5802	3	2	2371	3426	3009	417
NEIG5	TO	27634	18420	1	5	6639	11775	9265	2510
NEIG6	TO	14982	12240	2	5	4857	7376	6625	751
NEIG7	TO	12118	7928	2	3	3045	4878	3830	1048
NEIG8	TO	9734	7857	0	4	3194	4659	4074	585
NEIG9	TO	8390	5918	1	3	2319	3595	2713	882
NEIG10	TO	10097	8010	0	1	3453	4556	3938	618
NEIG11	TO	40622	32395	5	8	15076	17306	14983	2323
NEIG12	TO	31129	23295	3	9	8547	14736	12802	1934
NEIG13	TO	16964	14420	3	3	5901	8513	7533	980
NEIG14	TO	8795	7263	2	0	2831	4430	3918	512
NEIG15	TO	7019	5232	0	2	2341	2889	2440	449
NEIG26	TO	9293	6104	2	1	2373	3728	2913	815
NEIG16	TO	16814	13081	3	3	5244	7831	6817	1014
NEIG17	TO	37322	28503	5	4	11945	16549	13840	2709
NEIG18	TO	8050	6587	1	2	2959	3625	3177	448
NEIG19	TO	9419	7393	6	0	2918	4469	3790	679
NEIG20	TO	24674	17045	2	3	6757	10283	8638	1645
NEIG21	TO	42363	31246	8	7	13716	17515	14171	3344
NEIG22	TO	18966	16190	12	3	6459	9716	8663	1053
NEIG23	TO	8139	4488	3	0	1704	2781	2097	684
NEIG24	TO	34909	27838	27	7	11707	16097	13537	2560
NEIG25	TO	30077	22838	12	5	8909	13912	12000	1912
