area_id	subtotal_type	RSReg	RSCst	RSRej	RSOvr	RSUnd	RSTot	052:Yes	053:No
ALLPCTS	TO	500516	372848	942	114	23666	348126	233508	114618
ALLPCTS	ED	500516	127886	135	30	7859	119862	78658	41204
ALLPCTS	MV	500516	244962	807	84	15807	228264	154850	73414
PCT1101	ED	553	126	0	0	9	117	86	31
PCT1101	MV	553	266	1	0	11	254	186	68
PCT1102	ED	995	266	0	0	9	257	179	78
PCT1102	MV	995	480	-1	0	32	449	310	139
PCT1103	ED	951	246	1	0	18	227	139	88
PCT1103	MV	951	445	0	0	25	420	288	132
PCT1104	ED	993	249	0	0	15	234	156	78
PCT1104	MV	993	414	-2	0	26	390	275	115
PCT1106	ED	765	191	-1	0	10	182	115	67
PCT1106	MV	765	343	1	0	21	321	220	101
PCT1107	ED	746	163	1	1	8	153	102	51
PCT1107	MV	746	336	3	0	33	300	201	99
PCT1108	ED	909	232	-1	0	25	208	143	65
PCT1108	MV	909	438	-1	0	31	408	283	125
PCT1109	ED	798	166	0	0	6	160	101	59
PCT1109	MV	798	365	1	0	25	339	233	106
PCT1111	ED	1002	205	0	0	17	188	121	67
PCT1111	MV	1002	460	-1	0	38	423	297	126
PCT1112	ED	769	151	0	0	10	141	97	44
PCT1112	MV	769	344	0	0	33	311	223	88
PCT1113	ED	746	135	2	0	6	127	86	41
PCT1113	MV	746	360	0	0	19	341	226	115
PCT1114	ED	957	226	0	0	30	196	132	64
PCT1114	MV	957	404	2	0	20	382	282	100
PCT1115	ED	895	174	1	0	10	163	109	54
PCT1115	MV	895	371	-2	0	21	352	228	124
PCT1116	ED	895	225	0	0	22	203	129	74
PCT1116	MV	895	376	2	0	26	348	227	121
PCT1117	ED	858	185	1	0	19	165	87	78
PCT1117	MV	858	357	1	0	25	331	228	103
PCT1118	ED	1043	213	-2	0	10	205	145	60
PCT1118	MV	1043	476	-3	0	26	453	319	134
PCT1119	ED	791	165	0	0	14	151	102	49
PCT1119	MV	791	386	1	0	35	350	227	123
PCT1121	ED	691	160	0	0	8	152	89	63
PCT1121	MV	691	313	4	0	26	283	201	82
PCT1122	ED	632	110	0	0	10	100	62	38
PCT1122	MV	632	310	0	0	15	295	173	122
PCT1123	ED	915	179	0	0	16	163	107	56
PCT1123	MV	915	364	0	0	41	323	227	96
PCT1124	ED	819	152	-1	0	14	139	82	57
PCT1124	MV	819	302	-2	0	23	281	195	86
PCT1125	ED	1047	159	1	0	13	145	84	61
PCT1125	MV	1047	466	-3	1	45	423	257	166
PCT1126	ED	922	191	0	0	15	176	117	59
PCT1126	MV	922	400	-1	0	22	379	229	150
PCT1127	ED	920	200	0	0	12	188	120	68
PCT1127	MV	920	382	0	0	28	354	233	121
PCT1128	ED	838	154	0	0	16	138	83	55
PCT1128	MV	838	362	0	1	29	332	208	124
PCT1129	ED	980	227	1	0	20	206	126	80
PCT1129	MV	980	416	5	0	30	381	257	124
PCT1131	ED	797	132	0	0	12	120	73	47
PCT1131	MV	797	371	-1	0	19	353	207	146
PCT1132	ED	969	179	2	0	17	160	95	65
PCT1132	MV	969	427	0	0	33	394	265	129
PCT1133	ED	863	161	1	0	8	152	93	59
PCT1133	MV	863	410	0	0	31	379	241	138
PCT1134	ED	759	170	2	0	14	154	107	47
PCT1134	MV	759	318	-1	0	18	301	193	108
PCT1135	ED	540	87	1	0	6	80	55	25
PCT1135	MV	540	295	0	1	23	271	184	87
PCT1136	ED	829	144	0	0	8	136	77	59
PCT1136	MV	829	412	1	1	32	378	273	105
PCT1141	ED	1041	223	0	0	11	212	131	81
PCT1141	MV	1041	484	0	0	20	464	295	169
PCT1142	ED	861	175	0	0	14	161	107	54
PCT1142	MV	861	393	0	0	34	359	244	115
PCT1143	ED	1034	229	1	0	10	218	141	77
PCT1143	MV	1034	440	4	0	27	409	300	109
PCT1144	ED	907	205	1	0	10	194	124	70
PCT1144	MV	907	387	-1	0	26	362	244	118
PCT1145	ED	888	189	0	0	8	181	114	67
PCT1145	MV	888	461	0	0	35	426	307	119
PCT1146	ED	1011	186	0	0	6	180	122	58
PCT1146	MV	1011	454	2	0	30	422	292	130
PCT1147	ED	877	210	1	0	10	199	132	67
PCT1147	MV	877	396	1	0	32	363	275	88
PCT1148	ED	962	196	0	0	15	181	129	52
PCT1148	MV	962	444	0	0	36	408	277	131
PCT1149	ED	907	210	2	1	13	194	135	59
PCT1149	MV	907	407	-8	0	32	383	265	118
PCT1152	ED	864	198	0	0	19	179	121	58
PCT1152	MV	864	388	0	0	28	360	242	118
PCT1153	ED	951	210	0	0	17	193	117	76
PCT1153	MV	951	415	-1	0	30	386	258	128
PCT7001	ED	776	176	2	0	13	161	119	42
PCT7001	MV	776	429	3	0	16	410	282	128
PCT7002	ED	706	176	0	0	12	164	115	49
PCT7002	MV	706	332	-3	0	22	313	235	78
PCT7003	ED	884	238	0	0	15	223	159	64
PCT7003	MV	884	498	5	0	18	475	349	126
PCT7004	ED	881	241	1	0	14	226	156	70
PCT7004	MV	881	496	1	0	23	472	349	123
PCT7005	ED	847	253	0	0	13	240	167	73
PCT7005	MV	847	480	-1	1	28	452	323	129
PCT7006	ED	917	254	1	0	10	243	179	64
PCT7006	MV	917	442	1	0	29	412	309	103
PCT7007	ED	949	283	0	0	9	274	179	95
PCT7007	MV	949	516	2	0	26	488	349	139
PCT7008	ED	932	264	1	0	11	252	168	84
PCT7008	MV	932	546	5	0	29	512	350	162
PCT7009	ED	905	185	0	0	14	171	134	37
PCT7009	MV	905	513	1	0	28	484	349	135
PCT7011	ED	985	204	0	0	17	187	116	71
PCT7011	MV	985	294	0	0	19	275	194	81
PCT7012	ED	1109	313	0	0	12	301	211	90
PCT7012	MV	1109	594	4	1	24	565	419	146
PCT7013	ED	956	267	0	0	10	257	188	69
PCT7013	MV	956	501	4	0	31	466	333	133
PCT7014	ED	1460	367	0	0	13	354	248	106
PCT7014	MV	1460	802	3	0	33	766	546	220
PCT7015	MV	95	44	0	0	3	41	35	6
PCT7016	ED	918	171	0	0	15	156	95	61
PCT7016	MV	918	280	0	0	30	250	158	92
PCT7017	ED	754	149	0	0	14	135	78	57
PCT7017	MV	754	252	2	0	14	236	150	86
PCT7018	ED	977	155	0	0	14	141	86	55
PCT7018	MV	977	448	-1	0	38	411	266	145
PCT7019	ED	899	182	0	0	11	171	111	60
PCT7019	MV	899	413	0	1	31	381	281	100
PCT7021	ED	947	184	1	0	11	172	117	55
PCT7021	MV	947	305	0	0	21	284	201	83
PCT7022	ED	945	215	0	1	17	197	124	73
PCT7022	MV	945	352	0	0	28	324	205	119
PCT7023	ED	928	178	-1	0	10	169	106	63
PCT7023	MV	928	400	0	0	30	370	243	127
PCT7024	ED	414	70	0	0	4	66	32	34
PCT7024	MV	414	78	0	0	5	73	36	37
PCT7025	ED	477	85	0	0	10	75	37	38
PCT7025	MV	477	128	-1	0	10	119	72	47
PCT7026	ED	1011	149	0	0	9	140	90	50
PCT7026	MV	1011	455	1	0	28	426	259	167
PCT7027	ED	869	195	0	0	18	177	113	64
PCT7027	MV	869	353	-1	0	35	319	218	101
PCT7028	ED	850	213	-1	0	16	198	125	73
PCT7028	MV	850	282	0	0	19	263	173	90
PCT7029	ED	901	184	1	0	16	167	102	65
PCT7029	MV	901	251	1	0	14	236	155	81
PCT7030	ED	759	119	0	0	4	115	78	37
PCT7030	MV	759	357	0	0	27	330	233	97
PCT7031	ED	641	91	0	0	10	81	51	30
PCT7031	MV	641	309	-2	0	24	287	186	101
PCT7032	ED	904	173	-1	0	22	152	105	47
PCT7032	MV	904	316	2	0	33	281	180	101
PCT7033	ED	798	191	3	0	15	173	110	63
PCT7033	MV	798	247	-1	1	7	240	144	96
PCT7034	ED	958	197	0	0	16	181	118	63
PCT7034	MV	958	201	2	0	15	184	104	80
PCT7035	ED	606	122	0	0	10	112	62	50
PCT7035	MV	606	262	0	0	15	247	168	79
PCT7036	ED	921	117	0	0	8	109	59	50
PCT7036	MV	921	342	2	0	21	319	201	118
PCT7037	ED	735	135	-4	0	14	125	62	63
PCT7037	MV	735	98	-1	0	12	87	52	35
PCT7038	ED	911	135	0	0	13	122	70	52
PCT7038	MV	911	351	-2	1	23	329	210	119
PCT7039	ED	784	178	0	0	7	171	105	66
PCT7039	MV	784	306	3	0	23	280	185	95
PCT7041	MV	61	33	0	0	2	31	23	8
PCT7042	ED	639	118	0	0	7	111	68	43
PCT7042	MV	639	258	-1	0	21	238	160	78
PCT7043	ED	957	176	0	0	13	163	111	52
PCT7043	MV	957	404	0	0	30	374	227	147
PCT7044	ED	827	167	1	0	16	150	84	66
PCT7044	MV	827	193	-1	0	15	179	117	62
PCT7045	ED	779	120	0	0	12	108	63	45
PCT7045	MV	779	344	3	0	22	319	201	118
PCT7046	ED	402	94	0	0	6	88	52	36
PCT7046	MV	402	175	3	0	13	159	103	56
PCT7047	ED	823	119	0	0	10	109	51	58
PCT7047	MV	823	388	1	0	26	361	254	107
PCT7048	ED	858	150	4	0	9	137	70	67
PCT7048	MV	858	318	1	0	26	291	192	99
PCT7049	ED	792	173	-1	1	10	163	109	54
PCT7049	MV	792	305	2	0	18	285	178	107
PCT7051	ED	861	114	1	0	16	97	68	29
PCT7051	MV	861	380	1	0	34	345	223	122
PCT7052	ED	852	161	1	0	6	154	97	57
PCT7052	MV	852	402	0	0	25	377	267	110
PCT7053	ED	548	102	1	0	8	93	58	35
PCT7053	MV	548	278	0	0	15	263	181	82
PCT7054	ED	1073	215	1	0	10	204	106	98
PCT7054	MV	1073	410	3	0	24	383	233	150
PCT7055	ED	808	190	0	0	14	176	117	59
PCT7055	MV	808	440	0	0	24	416	301	115
PCT7101	MV	155	120	1	0	7	112	85	27
PCT7201	ED	936	245	1	0	19	225	130	95
PCT7201	MV	936	518	2	0	35	481	324	157
PCT7202	ED	850	227	-1	0	12	216	126	90
PCT7202	MV	850	431	4	0	28	399	251	148
PCT7203	ED	921	291	3	1	7	280	168	112
PCT7203	MV	921	423	-1	0	26	398	269	129
PCT7204	ED	918	233	0	0	15	218	127	91
PCT7204	MV	918	531	3	0	26	502	306	196
PCT7205	ED	875	251	1	0	21	229	138	91
PCT7205	MV	875	485	0	1	19	465	292	173
PCT7206	ED	378	135	1	0	5	129	87	42
PCT7206	MV	378	191	2	0	7	182	125	57
PCT7207	ED	812	196	-2	0	17	181	114	67
PCT7207	MV	812	434	6	0	28	400	246	154
PCT7208	ED	600	111	-1	0	10	102	69	33
PCT7208	MV	600	328	-1	1	30	298	194	104
PCT7209	ED	626	107	0	0	4	103	62	41
PCT7209	MV	626	423	2	0	43	378	207	171
PCT7301	ED	1016	228	0	0	23	205	132	73
PCT7301	MV	1016	435	1	0	40	394	266	128
PCT7302	ED	814	188	0	1	16	171	118	53
PCT7302	MV	814	458	2	0	45	411	258	153
PCT7303	ED	1042	281	0	0	15	266	164	102
PCT7303	MV	1042	482	2	1	31	448	308	140
PCT7304	ED	1002	278	0	1	16	261	160	101
PCT7304	MV	1002	493	1	0	34	458	252	206
PCT7305	ED	871	240	0	0	13	227	147	80
PCT7305	MV	871	460	0	0	20	440	285	155
PCT7306	ED	1056	317	0	0	14	303	189	114
PCT7306	MV	1056	498	0	0	43	455	314	141
PCT7307	ED	767	210	0	1	9	200	131	69
PCT7307	MV	767	346	3	0	24	319	191	128
PCT7308	ED	603	177	0	1	8	168	116	52
PCT7308	MV	603	313	4	0	12	297	198	99
PCT7309	ED	884	263	0	0	18	245	148	97
PCT7309	MV	884	439	4	0	34	401	247	154
PCT7311	ED	917	268	2	0	16	250	159	91
PCT7311	MV	917	448	-3	0	25	426	258	168
PCT7312	ED	821	203	0	0	14	189	103	86
PCT7312	MV	821	470	3	0	47	420	236	184
PCT7313	ED	968	225	1	0	18	206	139	67
PCT7313	MV	968	485	5	0	35	445	291	154
PCT7314	ED	787	125	0	0	17	108	72	36
PCT7314	MV	787	271	-2	0	57	216	155	61
PCT7315	ED	760	220	-2	0	20	202	140	62
PCT7315	MV	760	282	2	0	20	260	172	88
PCT7316	ED	853	205	0	0	16	189	126	63
PCT7316	MV	853	367	1	1	35	330	221	109
PCT7317	ED	904	189	0	0	14	175	116	59
PCT7317	MV	904	454	0	0	39	415	265	150
PCT7318	ED	727	179	0	0	11	168	105	63
PCT7318	MV	727	390	0	0	34	356	232	124
PCT7319	ED	1079	301	1	1	25	274	171	103
PCT7319	MV	1079	516	4	1	39	472	296	176
PCT7321	ED	671	149	0	0	11	138	82	56
PCT7321	MV	671	286	1	0	22	263	181	82
PCT7322	ED	874	65	0	0	10	55	31	24
PCT7322	MV	874	337	0	0	60	277	206	71
PCT7323	ED	950	234	0	0	21	213	127	86
PCT7323	MV	950	455	2	0	44	409	267	142
PCT7324	ED	755	190	1	0	18	171	113	58
PCT7324	MV	755	364	2	0	24	338	235	103
PCT7325	ED	904	243	0	0	22	221	131	90
PCT7325	MV	904	436	3	1	29	403	259	144
PCT7326	ED	876	200	0	0	14	186	131	55
PCT7326	MV	876	430	2	0	35	393	258	135
PCT7327	ED	699	71	0	0	9	62	38	24
PCT7327	MV	699	276	-1	0	53	224	157	67
PCT7328	ED	973	94	-2	0	20	76	53	23
PCT7328	MV	973	394	0	0	85	309	230	79
PCT7329	ED	640	112	0	0	10	102	69	33
PCT7329	MV	640	321	5	0	29	287	178	109
PCT7331	ED	852	213	-1	0	19	195	121	74
PCT7331	MV	852	461	3	0	36	422	269	153
PCT7332	ED	834	225	0	0	12	213	132	81
PCT7332	MV	834	364	1	1	30	332	233	99
PCT7333	ED	1044	298	0	0	21	277	182	95
PCT7333	MV	1044	543	5	0	31	507	348	159
PCT7334	ED	881	199	0	0	17	182	118	64
PCT7334	MV	881	462	5	0	30	427	293	134
PCT7335	ED	970	225	0	0	12	213	152	61
PCT7335	MV	970	523	3	0	32	488	312	176
PCT7336	ED	955	238	-1	0	17	222	140	82
PCT7336	MV	955	523	3	0	32	488	303	185
PCT7337	ED	851	179	0	0	12	167	96	71
PCT7337	MV	851	464	3	0	31	430	287	143
PCT7338	ED	915	153	1	0	15	137	86	51
PCT7338	MV	915	426	1	0	64	361	225	136
PCT7339	ED	669	174	0	0	5	169	110	59
PCT7339	MV	669	309	0	0	26	283	195	88
PCT7341	ED	908	260	0	0	15	245	159	86
PCT7341	MV	908	401	3	0	26	372	259	113
PCT7342	ED	947	334	-1	0	22	313	200	113
PCT7342	MV	947	414	1	0	25	388	267	121
PCT7343	ED	731	234	1	0	12	221	137	84
PCT7343	MV	731	316	6	0	16	294	215	79
PCT7344	ED	1110	291	1	0	22	268	198	70
PCT7344	MV	1110	538	-4	0	29	513	373	140
PCT7345	ED	1141	329	-1	0	21	309	201	108
PCT7345	MV	1141	521	3	1	29	488	325	163
PCT7346	ED	920	250	1	0	15	234	158	76
PCT7346	MV	920	384	-2	0	24	362	268	94
PCT7347	ED	1040	241	1	0	20	220	160	60
PCT7347	MV	1040	480	6	0	28	446	328	118
PCT7348	ED	861	210	1	0	18	191	126	65
PCT7348	MV	861	353	-1	0	20	334	239	95
PCT7349	ED	957	248	0	0	11	237	167	70
PCT7349	MV	957	427	3	1	27	396	286	110
PCT7501	ED	565	172	-1	0	11	162	98	64
PCT7501	MV	565	308	4	0	18	286	178	108
PCT7502	ED	784	180	1	0	7	172	113	59
PCT7502	MV	784	447	2	0	40	405	264	141
PCT7503	ED	764	208	1	0	13	194	113	81
PCT7503	MV	764	388	4	1	29	354	237	117
PCT7504	ED	503	112	0	0	17	95	66	29
PCT7504	MV	503	222	2	0	27	193	122	71
PCT7505	ED	869	158	2	0	13	143	80	63
PCT7505	MV	869	532	5	1	47	479	246	233
PCT7506	ED	999	226	0	1	14	211	146	65
PCT7506	MV	999	473	3	0	25	445	310	135
PCT7507	ED	955	211	0	0	18	193	104	89
PCT7507	MV	955	344	-2	1	24	321	210	111
PCT7508	ED	727	154	0	0	12	142	100	42
PCT7508	MV	727	427	3	1	37	386	275	111
PCT7509	ED	932	235	3	0	17	215	156	59
PCT7509	MV	932	470	4	0	46	420	295	125
PCT7512	ED	612	150	0	0	15	135	100	35
PCT7512	MV	612	283	-1	0	23	261	197	64
PCT7513	ED	818	225	0	0	24	201	134	67
PCT7513	MV	818	315	3	0	14	298	220	78
PCT7514	ED	874	140	0	0	20	120	70	50
PCT7514	MV	874	305	1	0	42	262	183	79
PCT7515	ED	869	212	0	0	15	197	112	85
PCT7515	MV	869	389	-1	0	19	371	230	141
PCT7516	ED	922	172	1	0	12	159	107	52
PCT7516	MV	922	538	-1	0	48	491	345	146
PCT7517	ED	863	289	0	0	15	274	200	74
PCT7517	MV	863	410	0	0	20	390	283	107
PCT7518	ED	950	309	0	0	11	298	215	83
PCT7518	MV	950	480	2	1	32	445	308	137
PCT7519	ED	737	224	0	0	8	216	154	62
PCT7519	MV	737	355	1	0	21	333	249	84
PCT7521	ED	812	292	6	0	17	269	183	86
PCT7521	MV	812	354	0	0	23	331	234	97
PCT7522	ED	764	207	0	0	8	199	144	55
PCT7522	MV	764	397	2	0	23	372	278	94
PCT7523	ED	747	275	-1	0	11	265	176	89
PCT7523	MV	747	359	3	1	16	339	258	81
PCT7524	ED	615	181	1	0	9	171	106	65
PCT7524	MV	615	262	3	0	10	249	167	82
PCT7525	ED	800	205	0	0	13	192	136	56
PCT7525	MV	800	341	-1	0	22	320	230	90
PCT7526	ED	1011	292	0	0	19	273	187	86
PCT7526	MV	1011	552	2	0	29	521	351	170
PCT7527	ED	725	211	0	0	16	195	128	67
PCT7527	MV	725	339	0	0	26	313	226	87
PCT7529	ED	948	295	-3	0	18	280	197	83
PCT7529	MV	948	486	1	0	30	455	334	121
PCT7531	ED	865	228	-1	0	16	213	154	59
PCT7531	MV	865	442	1	0	25	416	297	119
PCT7532	ED	852	246	3	0	18	225	156	69
PCT7532	MV	852	398	0	0	20	378	247	131
PCT7533	ED	1015	357	0	0	10	347	243	104
PCT7533	MV	1015	490	0	0	25	465	353	112
PCT7534	ED	936	322	0	0	16	306	226	80
PCT7534	MV	936	415	0	0	22	393	286	107
PCT7535	ED	767	262	2	0	9	251	182	69
PCT7535	MV	767	387	3	0	30	354	261	93
PCT7536	ED	863	291	-1	0	21	271	206	65
PCT7536	MV	863	421	0	0	27	394	278	116
PCT7537	ED	752	240	-1	0	13	228	175	53
PCT7537	MV	752	363	0	0	17	346	249	97
PCT7538	ED	771	246	0	0	19	227	152	75
PCT7538	MV	771	400	2	1	29	368	268	100
PCT7539	ED	922	330	0	0	12	318	225	93
PCT7539	MV	922	428	2	0	21	405	303	102
PCT7541	ED	805	248	0	0	13	235	165	70
PCT7541	MV	805	400	0	0	15	385	275	110
PCT7542	ED	821	272	0	0	10	262	185	77
PCT7542	MV	821	389	0	0	18	371	278	93
PCT7543	ED	909	216	0	0	21	195	136	59
PCT7543	MV	909	467	3	0	23	441	314	127
PCT7544	ED	898	258	0	0	16	242	163	79
PCT7544	MV	898	479	4	0	20	455	315	140
PCT7545	ED	918	273	0	1	11	261	195	66
PCT7545	MV	918	480	-1	0	26	455	317	138
PCT7546	ED	982	304	0	0	13	291	194	97
PCT7546	MV	982	517	5	0	24	488	357	131
PCT7547	ED	1029	315	0	0	10	305	212	93
PCT7547	MV	1029	505	2	0	15	488	336	152
PCT7548	ED	1073	319	1	0	16	302	211	91
PCT7548	MV	1073	512	1	0	24	487	332	155
PCT7549	ED	811	215	0	0	17	198	130	68
PCT7549	MV	811	431	-3	0	34	400	277	123
PCT7551	ED	741	239	0	0	6	233	144	89
PCT7551	MV	741	394	1	0	23	370	245	125
PCT7552	ED	727	241	1	0	11	229	145	84
PCT7552	MV	727	361	1	0	24	336	235	101
PCT7553	MV	180	126	1	0	8	117	78	39
PCT7554	ED	808	247	0	0	12	235	136	99
PCT7554	MV	808	442	4	0	26	412	250	162
PCT7555	ED	886	290	-6	0	20	276	163	113
PCT7555	MV	886	459	1	0	33	425	272	153
PCT7556	ED	969	275	1	0	7	267	169	98
PCT7556	MV	969	573	0	0	32	541	365	176
PCT7601	ED	767	191	0	0	16	175	125	50
PCT7601	MV	767	290	1	0	18	271	201	70
PCT7602	ED	901	213	0	0	16	197	141	56
PCT7602	MV	901	379	3	0	22	354	253	101
PCT7603	ED	830	250	0	1	18	231	176	55
PCT7603	MV	830	376	0	0	22	354	273	81
PCT7604	ED	954	266	0	0	17	249	188	61
PCT7604	MV	954	352	2	0	23	327	234	93
PCT7605	ED	648	120	0	0	12	108	80	28
PCT7605	MV	648	203	-1	0	30	174	132	42
PCT7606	ED	924	205	3	0	25	177	120	57
PCT7606	MV	924	330	1	0	26	303	213	90
PCT7607	ED	960	215	-1	0	18	198	123	75
PCT7607	MV	960	407	3	0	28	376	259	117
PCT7608	ED	392	70	0	0	13	57	35	22
PCT7608	MV	392	136	0	0	19	117	75	42
PCT7609	ED	926	120	-1	0	24	97	65	32
PCT7609	MV	926	352	5	0	51	296	208	88
PCT7611	ED	755	126	0	0	16	110	71	39
PCT7611	MV	755	269	2	0	44	223	154	69
PCT7612	ED	583	97	1	0	12	84	57	27
PCT7612	MV	583	265	0	0	28	237	167	70
PCT7613	ED	908	204	-1	0	22	183	127	56
PCT7613	MV	908	340	1	0	28	311	216	95
PCT7614	ED	1029	223	2	0	26	195	125	70
PCT7614	MV	1029	375	1	0	22	352	240	112
PCT7615	ED	762	162	2	0	32	128	96	32
PCT7615	MV	762	237	-2	0	26	213	155	58
PCT7616	ED	1203	324	0	1	22	301	217	84
PCT7616	MV	1203	686	0	0	33	653	469	184
PCT7617	ED	768	102	1	0	13	88	54	34
PCT7617	MV	768	261	0	0	29	232	155	77
PCT7618	ED	862	168	0	0	11	157	101	56
PCT7618	MV	862	407	4	0	19	384	287	97
PCT7619	ED	1063	219	0	0	13	206	160	46
PCT7619	MV	1063	563	-1	0	38	526	388	138
PCT7621	ED	1320	287	1	0	15	271	176	95
PCT7621	MV	1320	668	4	0	39	625	461	164
PCT7622	ED	988	170	0	0	23	147	97	50
PCT7622	MV	988	301	4	0	27	270	186	84
PCT7623	ED	746	184	0	0	14	170	131	39
PCT7623	MV	746	297	2	0	20	275	192	83
PCT7624	ED	859	142	0	0	10	132	85	47
PCT7624	MV	859	290	1	0	23	266	201	65
PCT7625	ED	822	66	0	0	9	57	31	26
PCT7625	MV	822	475	1	0	85	389	277	112
PCT7626	ED	1114	227	0	0	13	214	149	65
PCT7626	MV	1114	612	0	0	36	576	383	193
PCT7627	ED	1187	267	0	0	11	256	184	72
PCT7627	MV	1187	582	5	0	41	536	351	185
PCT7628	ED	960	241	0	0	7	234	173	61
PCT7628	MV	960	428	2	0	31	395	305	90
PCT7629	ED	809	208	1	0	14	193	137	56
PCT7629	MV	809	343	3	0	22	318	229	89
PCT7631	ED	1155	270	0	0	19	251	172	79
PCT7631	MV	1155	577	2	0	29	546	394	152
PCT7632	ED	1124	289	3	0	14	272	213	59
PCT7632	MV	1124	561	1	0	20	540	406	134
PCT7633	ED	741	137	0	0	13	124	85	39
PCT7633	MV	741	392	1	0	37	354	242	112
PCT7634	ED	900	195	0	0	17	178	113	65
PCT7634	MV	900	421	2	0	35	384	275	109
PCT7635	ED	840	158	0	0	11	147	108	39
PCT7635	MV	840	382	2	0	25	355	237	118
PCT7636	ED	938	251	1	0	19	231	154	77
PCT7636	MV	938	465	3	0	23	439	297	142
PCT7637	ED	809	193	-1	0	11	183	119	64
PCT7637	MV	809	404	1	0	24	379	263	116
PCT7638	ED	1467	295	0	0	24	271	173	98
PCT7638	MV	1467	871	10	0	55	806	518	288
PCT7639	ED	1011	242	0	0	14	228	151	77
PCT7639	MV	1011	559	1	0	28	530	359	171
PCT7641	ED	972	205	-1	0	17	189	122	67
PCT7641	MV	972	549	3	1	31	514	349	165
PCT7642	ED	937	153	0	0	10	143	87	56
PCT7642	MV	937	394	2	1	53	338	197	141
PCT7643	ED	920	169	0	0	12	157	110	47
PCT7643	MV	920	507	1	1	33	472	341	131
PCT7644	ED	1175	330	1	0	17	312	218	94
PCT7644	MV	1175	554	4	0	30	520	368	152
PCT7645	ED	640	120	-1	0	6	115	71	44
PCT7645	MV	640	377	2	0	24	351	225	126
PCT7646	ED	1100	267	0	0	15	252	172	80
PCT7646	MV	1100	592	5	0	31	556	356	200
PCT7647	ED	1075	205	-1	1	25	180	121	59
PCT7647	MV	1075	283	-1	0	17	267	195	72
PCT7648	MV	1	0	0	0	0	0	0	0
PCT7649	ED	891	178	1	0	13	164	114	50
PCT7649	MV	891	395	5	0	22	368	252	116
PCT7651	ED	677	166	1	0	14	151	100	51
PCT7651	MV	677	351	4	0	16	331	226	105
PCT7652	ED	628	135	0	0	9	126	88	38
PCT7652	MV	628	301	6	0	15	280	195	85
PCT7653	ED	1280	300	1	0	18	281	190	91
PCT7653	MV	1280	673	4	0	43	626	431	195
PCT7701	ED	1064	296	0	0	9	287	201	86
PCT7701	MV	1064	597	3	0	39	555	356	199
PCT7702	ED	748	180	-1	0	13	168	115	53
PCT7702	MV	748	415	3	0	22	390	255	135
PCT7703	MV	171	79	0	0	13	66	47	19
PCT7704	ED	1008	257	0	0	10	247	153	94
PCT7704	MV	1008	557	3	0	35	519	334	185
PCT7705	ED	568	149	-2	0	7	144	80	64
PCT7705	MV	568	335	0	0	24	311	218	93
PCT7706	ED	840	252	1	0	13	238	144	94
PCT7706	MV	840	467	4	0	21	442	292	150
PCT7707	ED	857	241	1	0	5	235	129	106
PCT7707	MV	857	495	1	0	42	452	284	168
PCT7708	ED	871	205	-1	0	11	195	115	80
PCT7708	MV	871	540	2	0	32	506	341	165
PCT7709	ED	391	102	0	0	1	101	74	27
PCT7709	MV	391	222	1	0	17	204	140	64
PCT7711	ED	766	198	-1	0	7	192	128	64
PCT7711	MV	766	422	-3	0	21	404	277	127
PCT7712	ED	529	149	0	0	5	144	92	52
PCT7712	MV	529	296	0	0	14	282	200	82
PCT7801	ED	1001	264	2	0	7	255	170	85
PCT7801	MV	1001	596	2	0	33	561	395	166
PCT7802	ED	788	230	1	0	15	214	141	73
PCT7802	MV	788	458	2	0	26	430	290	140
PCT7803	ED	828	174	0	0	9	165	115	50
PCT7803	MV	828	552	1	0	30	521	350	171
PCT7804	ED	893	257	1	0	15	241	170	71
PCT7804	MV	893	533	1	0	28	504	354	150
PCT7805	ED	825	228	0	0	12	216	157	59
PCT7805	MV	825	484	1	0	18	465	322	143
PCT7806	ED	716	208	1	0	6	201	157	44
PCT7806	MV	716	407	1	1	18	387	278	109
PCT7807	ED	844	276	0	0	9	267	200	67
PCT7807	MV	844	417	2	1	28	386	286	100
PCT7808	ED	655	211	-2	0	5	208	140	68
PCT7808	MV	655	333	1	0	17	315	233	82
PCT7809	ED	781	238	1	0	14	223	171	52
PCT7809	MV	781	405	3	0	19	383	288	95
PCT7811	ED	783	249	0	0	8	241	169	72
PCT7811	MV	783	404	6	0	19	379	288	91
PCT7812	ED	877	257	0	0	22	235	172	63
PCT7812	MV	877	454	-1	0	23	432	312	120
PCT7813	ED	1064	308	1	0	18	289	216	73
PCT7813	MV	1064	585	3	0	28	554	417	137
PCT7814	ED	936	228	-1	0	11	218	162	56
PCT7814	MV	936	341	-2	1	14	328	234	94
PCT7815	ED	954	238	0	0	13	225	166	59
PCT7815	MV	954	573	1	0	27	545	383	162
PCT7816	ED	865	236	0	0	5	231	169	62
PCT7816	MV	865	531	4	0	23	504	377	127
PCT7817	ED	823	277	0	0	15	262	193	69
PCT7817	MV	823	439	4	0	12	423	308	115
PCT7818	ED	860	234	1	0	6	227	158	69
PCT7818	MV	860	452	1	0	21	430	305	125
PCT7819	ED	793	191	0	0	10	181	126	55
PCT7819	MV	793	420	1	0	31	388	275	113
PCT7821	ED	985	248	0	0	7	241	175	66
PCT7821	MV	985	630	5	0	23	602	440	162
PCT7822	ED	908	275	0	0	6	269	186	83
PCT7822	MV	908	480	1	0	25	454	327	127
PCT7823	ED	879	270	7	0	12	251	193	58
PCT7823	MV	879	501	3	0	26	472	373	99
PCT7824	ED	768	247	0	0	11	236	164	72
PCT7824	MV	768	383	1	0	23	359	276	83
PCT7825	ED	597	191	0	0	6	185	132	53
PCT7825	MV	597	302	-1	0	19	284	215	69
PCT7826	ED	684	258	1	0	11	246	175	71
PCT7826	MV	684	319	0	0	17	302	220	82
PCT7827	ED	831	261	0	0	15	246	181	65
PCT7827	MV	831	361	0	0	20	341	251	90
PCT7828	ED	1018	261	0	0	13	248	148	100
PCT7828	MV	1018	549	1	0	20	528	355	173
PCT7829	ED	907	237	1	0	14	222	155	67
PCT7829	MV	907	557	1	0	24	532	370	162
PCT7831	ED	882	233	0	0	11	222	153	69
PCT7831	MV	882	544	15	0	32	497	361	136
PCT7832	ED	780	188	0	0	5	183	131	52
PCT7832	MV	780	488	0	0	17	471	346	125
PCT7833	ED	747	230	2	0	9	219	150	69
PCT7833	MV	747	412	2	0	20	390	281	109
PCT7834	ED	867	277	1	0	21	255	180	75
PCT7834	MV	867	439	2	0	27	410	325	85
PCT7835	ED	847	211	0	0	9	202	139	63
PCT7835	MV	847	505	6	0	33	466	327	139
PCT7836	ED	1023	260	0	0	10	250	169	81
PCT7836	MV	1023	623	-2	0	29	596	420	176
PCT7837	ED	911	260	1	0	15	244	164	80
PCT7837	MV	911	509	3	0	26	480	321	159
PCT7838	ED	926	239	0	0	8	231	153	78
PCT7838	MV	926	546	6	0	22	518	361	157
PCT7839	ED	842	205	0	0	14	191	122	69
PCT7839	MV	842	515	-5	0	32	488	327	161
PCT7841	ED	937	291	0	0	9	282	196	86
PCT7841	MV	937	526	4	0	20	502	334	168
PCT7842	ED	903	283	0	0	10	273	192	81
PCT7842	MV	903	434	-2	0	19	417	286	131
PCT7843	ED	767	232	0	0	14	218	164	54
PCT7843	MV	767	380	0	0	22	358	265	93
PCT7844	ED	663	196	0	0	14	182	137	45
PCT7844	MV	663	329	2	0	17	310	245	65
PCT7845	ED	849	241	-1	0	12	230	141	89
PCT7845	MV	849	469	-2	0	34	437	304	133
PCT7846	ED	904	262	0	0	14	248	162	86
PCT7846	MV	904	509	1	0	30	478	310	168
PCT7847	ED	929	261	1	0	17	243	153	90
PCT7847	MV	929	529	1	1	30	497	349	148
PCT7848	ED	834	233	0	1	23	209	141	68
PCT7848	MV	834	491	-2	0	29	464	318	146
PCT7849	ED	929	264	0	0	12	252	182	70
PCT7849	MV	929	522	1	0	28	493	338	155
PCT7851	ED	513	136	0	0	3	133	98	35
PCT7851	MV	513	298	-1	0	12	287	188	99
PCT7852	ED	647	143	0	0	6	137	76	61
PCT7852	MV	647	394	0	0	18	376	258	118
PCT7853	ED	850	214	-2	0	14	202	131	71
PCT7853	MV	850	479	7	0	34	438	310	128
PCT7854	ED	894	248	0	0	18	230	149	81
PCT7854	MV	894	500	0	0	24	476	338	138
PCT7855	ED	986	301	0	0	15	286	190	96
PCT7855	MV	986	522	-3	0	25	500	354	146
PCT7856	ED	800	265	0	0	13	252	174	78
PCT7856	MV	800	425	1	0	20	404	277	127
PCT7857	ED	933	276	1	0	12	263	181	82
PCT7857	MV	933	517	-2	0	30	489	357	132
PCT7858	ED	775	245	0	1	14	230	163	67
PCT7858	MV	775	394	1	0	14	379	292	87
PCT7859	ED	891	250	0	0	8	242	151	91
PCT7859	MV	891	513	1	1	21	490	333	157
PCT7861	ED	859	217	0	0	9	208	146	62
PCT7861	MV	859	510	3	0	21	486	345	141
PCT7862	ED	866	302	1	0	15	286	185	101
PCT7862	MV	866	472	0	0	29	443	303	140
PCT7863	ED	907	311	0	0	17	294	210	84
PCT7863	MV	907	440	0	0	35	405	310	95
PCT7864	ED	807	232	0	0	11	221	156	65
PCT7864	MV	807	427	-2	0	24	405	284	121
PCT7865	ED	823	241	0	1	14	226	161	65
PCT7865	MV	823	463	4	0	18	441	327	114
PCT7866	ED	836	209	-1	0	14	196	127	69
PCT7866	MV	836	491	3	0	23	465	307	158
PCT7867	ED	955	266	0	1	10	255	141	114
PCT7867	MV	955	512	8	1	30	473	336	137
PCT7868	ED	881	242	1	0	16	225	140	85
PCT7868	MV	881	449	1	0	23	425	309	116
PCT7869	ED	867	239	0	0	11	228	149	79
PCT7869	MV	867	489	1	0	27	461	307	154
PCT7871	ED	900	259	0	0	13	246	161	85
PCT7871	MV	900	502	2	0	25	475	316	159
PCT7872	ED	862	288	0	0	12	276	170	106
PCT7872	MV	862	472	3	0	21	448	308	140
PCT7873	ED	861	257	1	0	10	246	161	85
PCT7873	MV	861	502	-1	1	37	465	318	147
PCT7874	ED	477	137	1	0	9	127	78	49
PCT7874	MV	477	256	2	0	11	243	169	74
PCT7875	ED	623	180	0	0	10	170	112	58
PCT7875	MV	623	285	0	0	17	268	172	96
PCT7876	ED	498	154	10	0	13	131	89	42
PCT7876	MV	498	269	1	0	19	249	188	61
PCT7901	ED	522	136	0	0	10	126	87	39
PCT7901	MV	522	198	1	0	7	190	152	38
PCT7902	ED	968	258	0	0	21	237	177	60
PCT7902	MV	968	401	1	0	19	381	295	86
PCT7903	ED	840	201	0	0	16	185	136	49
PCT7903	MV	840	350	-2	0	21	331	241	90
PCT7904	ED	877	212	1	0	14	197	137	60
PCT7904	MV	877	403	2	0	24	377	276	101
PCT7905	ED	851	254	0	0	15	239	171	68
PCT7905	MV	851	409	5	0	22	382	289	93
PCT7906	ED	787	245	0	0	14	231	169	62
PCT7906	MV	787	335	0	0	16	319	242	77
PCT7907	ED	950	278	0	0	10	268	200	68
PCT7907	MV	950	425	-4	0	30	399	300	99
PCT7908	ED	949	284	1	0	23	260	197	63
PCT7908	MV	949	408	2	0	40	366	255	111
PCT7909	ED	733	251	0	0	14	237	169	68
PCT7909	MV	733	303	-1	0	22	282	213	69
PCT7911	ED	860	244	-1	0	19	226	155	71
PCT7911	MV	860	395	-1	1	15	380	257	123
PCT7912	ED	1065	291	0	0	23	268	197	71
PCT7912	MV	1065	463	2	2	25	434	298	136
PCT7913	ED	913	312	1	0	14	297	206	91
PCT7913	MV	913	378	-1	0	17	362	270	92
PCT7914	ED	883	278	-1	0	13	266	184	82
PCT7914	MV	883	425	3	1	19	402	286	116
PCT7915	ED	831	266	0	0	7	259	195	64
PCT7915	MV	831	351	0	0	19	332	237	95
PCT7916	ED	888	284	1	0	18	265	203	62
PCT7916	MV	888	421	0	0	14	407	310	97
PCT7917	ED	1015	315	0	0	25	290	212	78
PCT7917	MV	1015	428	3	0	18	407	298	109
PCT7918	ED	836	253	0	0	15	238	183	55
PCT7918	MV	836	379	0	0	27	352	261	91
PCT7919	ED	895	309	1	0	20	288	218	70
PCT7919	MV	895	376	-1	0	24	353	272	81
PCT7921	ED	917	232	1	0	12	219	145	74
PCT7921	MV	917	366	1	0	29	336	205	131
PCT7922	ED	831	250	1	0	12	237	185	52
PCT7922	MV	831	383	0	0	29	354	267	87
PCT7923	ED	885	262	0	0	9	253	176	77
PCT7923	MV	885	403	-1	0	20	384	283	101
PCT7924	ED	842	238	0	0	10	228	173	55
PCT7924	MV	842	382	0	1	15	366	258	108
PCT7925	ED	567	156	0	0	4	152	114	38
PCT7925	MV	567	293	0	0	14	279	201	78
PCT7926	ED	795	229	0	0	16	213	137	76
PCT7926	MV	795	390	4	0	17	369	272	97
PCT7927	ED	747	241	1	0	13	227	171	56
PCT7927	MV	747	392	4	0	23	365	269	96
PCT7928	ED	931	284	1	0	14	269	176	93
PCT7928	MV	931	489	0	2	30	457	336	121
PCT7929	ED	864	248	0	0	13	235	166	69
PCT7929	MV	864	509	1	0	23	485	352	133
PCT7931	ED	738	219	0	0	7	212	148	64
PCT7931	MV	738	408	2	1	16	389	262	127
PCT7932	ED	551	157	1	0	5	151	109	42
PCT7932	MV	551	285	1	1	13	270	188	82
PCT7933	MV	6	4	0	0	0	4	3	1
PCT7934	ED	890	250	-1	0	19	232	166	66
PCT7934	MV	890	472	0	0	37	435	331	104
PCT7935	ED	970	305	0	0	17	288	182	106
PCT7935	MV	970	519	-2	0	27	494	359	135
PCT7936	ED	856	287	2	0	17	268	194	74
PCT7936	MV	856	428	-1	0	29	400	288	112
PCT7937	ED	886	267	1	0	13	253	184	69
PCT7937	MV	886	435	3	0	20	412	296	116
PCT7938	ED	788	213	0	0	11	202	140	62
PCT7938	MV	788	337	2	0	18	317	235	82
PCT7939	ED	688	254	-2	0	15	241	175	66
PCT7939	MV	688	326	0	0	29	297	212	85
PCT7941	ED	751	218	-1	0	21	198	140	58
PCT7941	MV	751	348	0	0	22	326	235	91
PCT7942	ED	914	259	1	0	13	245	178	67
PCT7942	MV	914	412	-1	2	36	375	259	116
PCT7943	ED	872	258	4	0	17	237	153	84
PCT7943	MV	872	439	0	0	38	401	278	123
PCT7944	ED	801	243	0	0	10	233	163	70
PCT7944	MV	801	381	2	0	23	356	254	102
PCT7945	ED	915	186	0	0	15	171	109	62
PCT7945	MV	915	414	1	0	34	379	264	115
PCT7946	ED	945	183	0	0	10	173	113	60
PCT7946	MV	945	451	0	0	49	402	255	147
PCT7947	ED	946	182	1	0	13	168	106	62
PCT7947	MV	946	430	2	0	27	401	267	134
PCT7948	ED	928	210	0	1	10	199	128	71
PCT7948	MV	928	422	-5	0	23	404	256	148
PCT7949	ED	569	100	1	0	6	93	52	41
PCT7949	MV	569	292	1	0	18	273	185	88
PCT7951	ED	854	166	0	0	14	152	96	56
PCT7951	MV	854	425	2	0	23	400	257	143
PCT7952	ED	866	167	0	0	20	147	89	58
PCT7952	MV	866	359	1	0	32	326	221	105
PCT7953	ED	824	186	2	1	14	169	117	52
PCT7953	MV	824	402	0	1	22	379	243	136
PCT7955	ED	902	199	4	0	20	175	124	51
PCT7955	MV	902	435	1	0	37	397	283	114
PCT7956	ED	823	136	0	0	13	123	75	48
PCT7956	MV	823	353	0	0	30	323	227	96
PCT7957	ED	646	147	0	0	18	129	77	52
PCT7957	MV	646	298	1	0	19	278	197	81
PCT7958	MV	290	141	1	0	9	131	87	44
PCT7959	ED	727	160	1	0	9	150	105	45
PCT7959	MV	727	326	1	1	19	305	233	72
PCT9001	MV	273	142	-2	0	5	139	92	47
PCT9101	ED	888	260	0	0	19	241	162	79
PCT9101	MV	888	438	4	0	20	414	299	115
PCT9102	ED	985	257	0	0	20	237	167	70
PCT9102	MV	985	471	2	1	32	436	286	150
PCT9103	ED	954	273	0	0	15	258	157	101
PCT9103	MV	954	431	7	0	32	392	245	147
PCT9104	ED	988	239	0	0	14	225	161	64
PCT9104	MV	988	465	3	0	27	435	297	138
PCT9105	ED	919	247	1	0	15	231	157	74
PCT9105	MV	919	488	-4	0	31	461	295	166
PCT9106	ED	937	268	1	0	15	252	154	98
PCT9106	MV	937	497	4	0	26	467	296	171
PCT9107	ED	849	219	0	0	8	211	143	68
PCT9107	MV	849	372	-1	0	28	345	238	107
PCT9108	ED	790	247	0	1	8	238	151	87
PCT9108	MV	790	373	2	0	25	346	242	104
PCT9109	ED	884	263	0	0	16	247	146	101
PCT9109	MV	884	428	1	1	38	388	262	126
PCT9111	ED	779	229	0	0	14	215	140	75
PCT9111	MV	779	346	2	0	29	315	218	97
PCT9112	ED	976	284	-1	0	14	271	169	102
PCT9112	MV	976	467	1	0	31	435	298	137
PCT9113	ED	999	311	0	0	18	293	169	124
PCT9113	MV	999	505	4	1	34	466	324	142
PCT9114	ED	877	263	-1	0	11	253	181	72
PCT9114	MV	877	405	-1	0	27	379	251	128
PCT9115	ED	911	258	1	0	21	236	164	72
PCT9115	MV	911	429	3	0	32	394	265	129
PCT9116	ED	944	281	0	0	13	268	180	88
PCT9116	MV	944	473	2	0	30	441	302	139
PCT9117	ED	783	222	0	0	9	213	127	86
PCT9117	MV	783	398	0	0	24	374	236	138
PCT9118	ED	974	286	-2	0	11	277	188	89
PCT9118	MV	974	426	3	1	35	387	268	119
PCT9119	ED	891	237	-1	0	12	226	149	77
PCT9119	MV	891	447	1	1	26	419	292	127
PCT9121	ED	930	256	-1	0	17	240	161	79
PCT9121	MV	930	434	-1	0	29	406	263	143
PCT9122	ED	953	210	0	0	22	188	112	76
PCT9122	MV	953	454	0	0	32	422	293	129
PCT9123	ED	858	232	0	0	20	212	138	74
PCT9123	MV	858	418	1	0	24	393	252	141
PCT9124	ED	874	202	0	0	13	189	130	59
PCT9124	MV	874	438	2	0	33	403	283	120
PCT9125	ED	861	210	-2	0	11	201	135	66
PCT9125	MV	861	437	2	0	41	394	270	124
PCT9126	ED	1015	245	-2	0	28	219	150	69
PCT9126	MV	1015	533	-2	0	27	508	359	149
PCT9127	ED	960	269	0	0	17	252	189	63
PCT9127	MV	960	498	0	0	34	464	340	124
PCT9128	ED	828	248	-1	0	17	232	140	92
PCT9128	MV	828	412	3	0	31	378	260	118
PCT9129	ED	741	243	1	0	15	227	138	89
PCT9129	MV	741	348	0	1	22	325	203	122
PCT9131	ED	759	193	1	0	11	181	128	53
PCT9131	MV	759	403	3	0	43	357	243	114
PCT9132	ED	837	248	0	0	18	230	166	64
PCT9132	MV	837	371	0	0	22	349	229	120
PCT9133	ED	1021	271	0	0	12	259	165	94
PCT9133	MV	1021	503	2	0	34	467	343	124
PCT9134	ED	893	210	0	0	20	190	123	67
PCT9134	MV	893	469	0	0	26	443	292	151
PCT9135	ED	808	215	0	0	14	201	126	75
PCT9135	MV	808	389	2	0	18	369	254	115
PCT9136	ED	929	253	1	0	21	231	152	79
PCT9136	MV	929	439	-2	0	24	417	281	136
PCT9137	ED	1006	260	-1	0	20	241	159	82
PCT9137	MV	1006	467	1	0	34	432	291	141
PCT9138	ED	943	226	2	0	17	207	136	71
PCT9138	MV	943	477	1	0	36	440	298	142
PCT9139	ED	975	243	0	0	17	226	156	70
PCT9139	MV	975	510	6	0	47	457	327	130
PCT9141	ED	953	252	-1	1	14	238	158	80
PCT9141	MV	953	477	4	1	31	441	291	150
PCT9142	ED	966	276	0	0	20	256	167	89
PCT9142	MV	966	459	-1	0	35	425	315	110
PCT9143	ED	920	251	0	0	13	238	152	86
PCT9143	MV	920	463	7	0	29	427	289	138
PCT9144	ED	962	293	0	0	20	273	173	100
PCT9144	MV	962	482	3	0	31	448	289	159
PCT9145	ED	861	249	2	0	8	239	161	78
PCT9145	MV	861	423	2	0	35	386	270	116
PCT9146	ED	885	245	-1	0	16	230	154	76
PCT9146	MV	885	464	2	1	45	416	312	104
PCT9147	ED	971	281	0	0	18	263	174	89
PCT9147	MV	971	492	-2	0	32	462	323	139
PCT9148	ED	1034	325	0	0	17	308	210	98
PCT9148	MV	1034	513	1	1	33	478	327	151
PCT9149	ED	948	264	0	0	16	248	167	81
PCT9149	MV	948	478	4	0	25	449	291	158
PCT9151	ED	872	227	0	0	15	212	135	77
PCT9151	MV	872	418	4	0	29	385	254	131
PCT9152	ED	721	270	-2	0	10	262	170	92
PCT9152	MV	721	279	-2	0	15	266	161	105
PCT9201	ED	1004	300	0	0	12	288	199	89
PCT9201	MV	1004	475	-1	0	15	461	330	131
PCT9202	ED	971	294	0	0	15	279	177	102
PCT9202	MV	971	426	2	0	32	392	272	120
PCT9203	ED	1002	239	0	0	12	227	144	83
PCT9203	MV	1002	536	3	0	31	502	317	185
PCT9204	ED	873	273	5	0	15	253	142	111
PCT9204	MV	873	393	4	0	26	363	228	135
PCT9205	ED	728	208	0	0	15	193	110	83
PCT9205	MV	728	376	7	0	22	347	205	142
PCT9206	ED	931	249	-1	0	17	233	148	85
PCT9206	MV	931	479	3	0	28	448	276	172
PCT9207	ED	981	262	0	0	14	248	146	102
PCT9207	MV	981	502	3	0	30	469	290	179
PCT9208	ED	1002	287	0	0	16	271	152	119
PCT9208	MV	1002	491	3	0	27	461	280	181
PCT9209	ED	711	245	0	0	11	234	116	118
PCT9209	MV	711	327	4	0	18	305	188	117
PCT9211	ED	889	234	0	0	12	222	131	91
PCT9211	MV	889	432	1	0	29	402	248	154
PCT9212	ED	803	234	0	0	16	218	125	93
PCT9212	MV	803	400	4	0	32	364	210	154
PCT9213	ED	951	264	0	0	13	251	136	115
PCT9213	MV	951	508	3	0	28	477	276	201
PCT9214	ED	640	166	0	0	9	157	105	52
PCT9214	MV	640	334	0	0	24	310	199	111
PCT9215	ED	652	194	0	0	11	183	109	74
PCT9215	MV	652	327	1	0	21	305	181	124
PCT9216	ED	845	246	-1	0	14	233	124	109
PCT9216	MV	845	379	2	0	20	357	211	146
PCT9217	ED	698	194	0	0	8	186	107	79
PCT9217	MV	698	349	4	0	25	320	195	125
PCT9218	ED	841	249	1	0	10	238	132	106
PCT9218	MV	841	412	2	0	28	382	245	137
PCT9219	ED	802	242	-1	0	14	229	142	87
PCT9219	MV	802	399	2	0	32	365	232	133
PCT9221	ED	651	145	-1	0	9	137	81	56
PCT9221	MV	651	399	3	0	28	368	196	172
PCT9222	ED	883	249	-2	0	22	229	115	114
PCT9222	MV	883	449	5	0	25	419	247	172
PCT9223	ED	638	160	0	0	11	149	85	64
PCT9223	MV	638	338	6	0	19	313	184	129
PCT9224	ED	960	263	1	0	12	250	139	111
PCT9224	MV	960	506	7	0	25	474	297	177
PCT9225	ED	958	299	0	0	22	277	163	114
PCT9225	MV	958	469	4	0	28	437	263	174
PCT9226	ED	926	271	2	0	14	255	145	110
PCT9226	MV	926	486	1	0	30	455	264	191
PCT9227	ED	738	188	0	0	3	185	107	78
PCT9227	MV	738	404	4	0	24	376	233	143
PCT9228	ED	747	189	-1	0	15	175	100	75
PCT9228	MV	747	424	2	0	15	407	243	164
PCT9229	ED	598	162	0	0	11	151	84	67
PCT9229	MV	598	316	0	0	13	303	159	144
PCT9231	ED	953	313	1	0	27	285	166	119
PCT9231	MV	953	488	-3	1	26	464	286	178
PCT9232	ED	735	212	0	0	16	196	117	79
PCT9232	MV	735	396	3	0	20	373	225	148
PCT9233	ED	793	209	0	0	11	198	112	86
PCT9233	MV	793	434	3	0	21	410	242	168
PCT9234	ED	746	187	0	0	13	174	116	58
PCT9234	MV	746	438	3	0	41	394	237	157
PCT9235	ED	884	239	0	0	11	228	118	110
PCT9235	MV	884	488	2	0	23	463	251	212
PCT9236	ED	683	201	0	0	16	185	105	80
PCT9236	MV	683	358	5	0	26	327	193	134
PCT9237	ED	936	229	5	0	12	212	122	90
PCT9237	MV	936	539	0	0	27	512	302	210
PCT9238	ED	842	230	3	0	12	215	136	79
PCT9238	MV	842	456	2	0	27	427	255	172
PCT9239	ED	881	200	-1	0	15	186	108	78
PCT9239	MV	881	499	3	0	37	459	292	167
PCT9241	ED	1005	255	-2	0	22	235	132	103
PCT9241	MV	1005	578	1	0	25	552	324	228
PCT9242	ED	972	277	0	0	12	265	171	94
PCT9242	MV	972	513	3	0	29	481	306	175
PCT9243	ED	594	193	0	0	14	179	104	75
PCT9243	MV	594	307	-2	0	16	293	185	108
PCT9244	ED	903	255	-1	1	18	237	132	105
PCT9244	MV	903	485	2	0	27	456	285	171
PCT9245	ED	742	209	1	0	13	195	108	87
PCT9245	MV	742	375	5	0	29	341	194	147
PCT9246	ED	929	257	1	0	14	242	136	106
PCT9246	MV	929	528	4	1	35	488	296	192
PCT9247	ED	927	264	0	0	14	250	148	102
PCT9247	MV	927	515	3	0	39	473	279	194
PCT9248	ED	907	258	0	1	12	245	154	91
PCT9248	MV	907	487	1	1	27	458	295	163
PCT9249	ED	917	271	0	0	20	251	155	96
PCT9249	MV	917	495	5	0	22	468	299	169
PCT9251	ED	995	287	0	0	15	272	163	109
PCT9251	MV	995	530	6	0	29	495	284	211
PCT9252	ED	944	219	0	0	7	212	139	73
PCT9252	MV	944	550	3	0	30	517	343	174
PCT9253	ED	772	187	0	0	9	178	120	58
PCT9253	MV	772	397	-1	0	25	373	253	120
PCT9254	ED	935	230	0	0	11	219	142	77
PCT9254	MV	935	538	1	0	37	500	321	179
PCT9255	ED	553	183	0	0	15	168	117	51
PCT9255	MV	553	263	2	0	21	240	157	83
PCT9256	ED	474	130	0	0	8	122	93	29
PCT9256	MV	474	233	0	0	10	223	134	89
PCT9257	MV	321	235	0	0	14	221	147	74
PCT9258	ED	712	193	0	0	5	188	122	66
PCT9258	MV	712	373	-2	0	27	348	230	118
PCT9401	ED	1012	293	-1	0	12	282	211	71
PCT9401	MV	1012	484	0	2	28	454	325	129
PCT9402	ED	977	290	-1	0	15	276	172	104
PCT9402	MV	977	458	-1	0	33	426	296	130
PCT9403	ED	897	240	0	0	15	225	153	72
PCT9403	MV	897	419	1	0	21	397	289	108
PCT9404	ED	930	200	0	0	20	180	114	66
PCT9404	MV	930	462	0	0	30	432	310	122
PCT9405	ED	786	210	6	0	10	194	122	72
PCT9405	MV	786	364	-1	0	33	332	214	118
PCT9406	ED	868	244	-1	0	15	230	137	93
PCT9406	MV	868	421	2	0	25	394	257	137
PCT9407	ED	889	253	0	0	10	243	174	69
PCT9407	MV	889	409	1	0	23	385	264	121
PCT9408	ED	886	265	0	1	17	247	186	61
PCT9408	MV	886	415	3	0	22	390	269	121
PCT9409	ED	590	201	-3	0	13	191	130	61
PCT9409	MV	590	252	2	0	25	225	160	65
PCT9411	ED	956	271	2	0	17	252	181	71
PCT9411	MV	956	431	7	0	17	407	295	112
PCT9412	ED	848	245	-1	0	20	226	147	79
PCT9412	MV	848	380	2	1	22	355	259	96
PCT9413	ED	894	229	-1	0	12	218	150	68
PCT9413	MV	894	461	2	0	38	421	283	138
PCT9414	ED	916	216	-1	0	12	205	131	74
PCT9414	MV	916	463	4	0	29	430	297	133
PCT9415	ED	784	187	1	0	8	178	107	71
PCT9415	MV	784	392	4	0	33	355	243	112
PCT9416	ED	1008	282	0	0	13	269	174	95
PCT9416	MV	1008	480	2	0	35	443	312	131
PCT9417	ED	752	175	0	0	9	166	111	55
PCT9417	MV	752	402	4	0	22	376	250	126
PCT9418	ED	790	211	0	1	22	188	123	65
PCT9418	MV	790	376	4	0	34	338	216	122
PCT9419	ED	924	222	1	0	11	210	137	73
PCT9419	MV	924	468	-1	0	43	426	288	138
PCT9421	ED	906	238	0	0	18	220	149	71
PCT9421	MV	906	446	3	0	31	412	273	139
PCT9422	ED	1056	283	0	0	16	267	175	92
PCT9422	MV	1056	513	4	0	31	478	317	161
PCT9423	ED	889	219	0	0	16	203	125	78
PCT9423	MV	889	440	-1	0	30	411	275	136
PCT9424	ED	952	224	0	0	3	221	146	75
PCT9424	MV	952	496	2	1	22	471	327	144
PCT9425	ED	933	199	0	0	15	184	127	57
PCT9425	MV	933	465	-1	0	32	434	273	161
PCT9426	ED	823	198	0	0	12	186	125	61
PCT9426	MV	823	408	5	0	35	368	263	105
PCT9427	ED	948	210	0	0	17	193	112	81
PCT9427	MV	948	447	-3	0	29	421	279	142
PCT9428	ED	961	183	0	0	11	172	116	56
PCT9428	MV	961	518	4	0	30	484	337	147
PCT9429	ED	899	228	1	0	21	206	126	80
PCT9429	MV	899	432	2	0	30	400	285	115
PCT9431	ED	973	235	3	0	13	219	139	80
PCT9431	MV	973	464	1	0	33	430	290	140
PCT9432	ED	945	214	-1	0	16	199	115	84
PCT9432	MV	945	468	2	0	31	435	291	144
PCT9433	ED	945	195	0	0	14	181	114	67
PCT9433	MV	945	487	3	0	47	437	311	126
PCT9434	ED	979	261	0	0	16	245	158	87
PCT9434	MV	979	481	2	1	33	445	304	141
PCT9435	ED	969	251	0	0	14	237	154	83
PCT9435	MV	969	448	1	0	27	420	281	139
PCT9436	ED	1006	232	0	0	15	217	141	76
PCT9436	MV	1006	495	-2	0	34	463	304	159
PCT9437	ED	897	219	-2	0	16	205	138	67
PCT9437	MV	897	435	3	0	30	402	255	147
PCT9438	ED	948	202	2	0	12	188	122	66
PCT9438	MV	948	496	1	0	21	474	314	160
PCT9439	ED	879	173	0	0	8	165	96	69
PCT9439	MV	879	425	0	0	44	381	247	134
PCT9441	ED	980	261	-2	0	19	244	175	69
PCT9441	MV	980	462	0	0	34	428	310	118
PCT9442	ED	1008	280	1	0	13	266	174	92
PCT9442	MV	1008	461	3	0	31	427	299	128
PCT9443	ED	937	220	-1	0	18	203	126	77
PCT9443	MV	937	442	-1	0	23	420	294	126
PCT9444	ED	937	190	1	0	14	175	106	69
PCT9444	MV	937	442	0	2	34	406	257	149
PCT9445	ED	981	230	0	0	10	220	139	81
PCT9445	MV	981	493	0	1	24	468	341	127
PCT9446	ED	1090	240	0	0	14	226	132	94
PCT9446	MV	1090	564	3	0	30	531	360	171
PCT9447	ED	906	236	0	0	12	224	144	80
PCT9447	MV	906	448	-1	0	20	429	293	136
PCT9448	ED	909	232	1	0	14	217	150	67
PCT9448	MV	909	429	-1	0	40	390	263	127
PCT9449	ED	830	177	4	0	16	157	107	50
PCT9449	MV	830	428	5	0	20	403	276	127
PCT9451	ED	420	97	0	0	4	93	57	36
PCT9451	MV	420	218	-1	0	10	209	125	84
PCT9452	ED	840	259	0	0	17	242	157	85
PCT9452	MV	840	412	0	0	29	383	260	123
PCT9453	ED	500	135	0	0	10	125	74	51
PCT9453	MV	500	244	3	1	16	224	135	89
PCT9501	MV	148	110	1	0	7	102	69	33
PCT9502	MV	245	177	2	0	9	166	103	63
PCT9503	ED	729	198	0	0	9	189	118	71
PCT9503	MV	729	315	3	0	25	287	178	109
PCT9505	ED	784	177	0	0	5	172	100	72
PCT9505	MV	784	383	2	0	24	357	255	102
PCT9506	ED	766	177	0	0	6	171	104	67
PCT9506	MV	766	313	0	1	18	294	207	87
PCT9507	ED	766	231	0	0	9	222	140	82
PCT9507	MV	766	406	0	0	28	378	272	106
PCT9508	ED	798	237	0	0	14	223	155	68
PCT9508	MV	798	429	3	0	24	402	306	96
PCT9509	ED	759	230	0	0	10	220	152	68
PCT9509	MV	759	386	-1	1	26	360	254	106
PCT9511	ED	622	190	0	0	12	178	116	62
PCT9511	MV	622	296	0	0	14	282	198	84
PCT9512	ED	809	240	1	0	9	230	172	58
PCT9512	MV	809	399	0	0	16	383	289	94
PCT9513	ED	902	275	0	0	19	256	156	100
PCT9513	MV	902	390	2	0	18	370	277	93
PCT9514	ED	928	304	0	0	21	283	189	94
PCT9514	MV	928	456	4	0	31	421	277	144
PCT9515	ED	705	222	0	0	13	209	140	69
PCT9515	MV	705	368	1	0	28	339	229	110
PCT9516	ED	866	254	-1	0	14	241	150	91
PCT9516	MV	866	427	3	0	29	395	270	125
PCT9517	ED	801	228	0	0	10	218	156	62
PCT9517	MV	801	397	1	0	11	385	264	121
PCT9518	ED	802	229	0	0	10	219	149	70
PCT9518	MV	802	431	4	0	25	402	285	117
PCT9519	ED	910	262	1	0	9	252	177	75
PCT9519	MV	910	486	0	1	27	458	320	138
PCT9521	ED	939	316	-2	0	16	302	190	112
PCT9521	MV	939	442	-1	1	24	418	286	132
PCT9701	ED	671	201	-1	0	14	188	129	59
PCT9701	MV	671	340	2	0	20	318	223	95
PCT9702	ED	723	210	0	0	6	204	145	59
PCT9702	MV	723	364	1	0	14	349	239	110
PCT9703	ED	986	232	0	0	13	219	152	67
PCT9703	MV	986	530	2	1	43	484	324	160
PCT9704	ED	950	279	0	0	19	260	165	95
PCT9704	MV	950	505	1	0	39	465	313	152
PCT9705	ED	919	261	3	0	7	251	164	87
PCT9705	MV	919	483	2	2	32	447	294	153
PCT9706	MV	49	39	-1	0	3	37	25	12
PCT9707	ED	821	173	0	0	12	161	92	69
PCT9707	MV	821	491	3	0	33	455	313	142
PCT9708	ED	948	250	1	0	16	233	153	80
PCT9708	MV	948	500	0	0	32	468	319	149
PCT9709	ED	1028	281	6	0	22	253	160	93
PCT9709	MV	1028	517	4	0	34	479	297	182
PCT9711	ED	641	195	0	0	12	183	109	74
PCT9711	MV	641	336	2	0	25	309	203	106
PCT9712	ED	649	160	0	0	6	154	81	73
PCT9712	MV	649	398	7	0	20	371	232	139
PCT9713	ED	960	225	1	0	18	206	131	75
PCT9713	MV	960	489	-2	0	25	466	326	140
PCT9714	ED	931	208	1	0	14	193	109	84
PCT9714	MV	931	538	6	0	33	499	314	185
PCT9715	ED	569	180	0	0	17	163	94	69
PCT9715	MV	569	309	2	1	16	290	158	132
PCT9716	ED	947	239	-1	0	12	228	151	77
PCT9716	MV	947	481	0	0	41	440	296	144
PCT9717	ED	972	265	-1	1	17	248	146	102
PCT9717	MV	972	532	1	0	28	503	337	166
PCT9718	ED	862	227	0	0	16	211	136	75
PCT9718	MV	862	496	0	1	34	461	303	158
PCT9719	ED	901	245	0	0	17	228	125	103
PCT9719	MV	901	524	7	0	43	474	287	187
PCT9721	ED	662	198	0	0	11	187	106	81
PCT9721	MV	662	357	3	0	23	331	209	122
PCT9722	ED	605	119	1	0	6	112	68	44
PCT9722	MV	605	355	0	0	23	332	206	126
PCT9723	ED	481	98	0	0	1	97	59	38
PCT9723	MV	481	275	0	0	28	247	162	85
PCT9724	ED	991	205	0	0	17	188	108	80
PCT9724	MV	991	565	1	0	42	522	328	194
PCT9725	ED	970	214	1	0	17	196	118	78
PCT9725	MV	970	499	0	0	33	466	271	195
PCT9726	ED	655	263	2	0	8	253	145	108
PCT9726	MV	655	241	-1	0	27	215	124	91
PCT9727	ED	459	79	0	0	3	76	46	30
PCT9727	MV	459	271	1	0	16	254	155	99
PCT9728	ED	926	231	-1	0	17	215	124	91
PCT9728	MV	926	503	4	0	24	475	268	207
PCT9729	ED	800	191	0	0	12	179	89	90
PCT9729	MV	800	442	4	0	27	411	240	171
PCT9731	ED	556	167	0	0	14	153	80	73
PCT9731	MV	556	282	-1	2	11	270	161	109
PCT9732	MV	70	56	0	0	6	50	27	23
PCT9733	MV	235	191	0	0	8	183	117	66
PCT9734	ED	603	154	0	0	5	149	81	68
PCT9734	MV	603	341	0	0	18	323	185	138
PCT9735	ED	809	206	0	0	13	193	99	94
PCT9735	MV	809	449	0	1	28	420	267	153
PCT9736	ED	713	173	0	0	8	165	81	84
PCT9736	MV	713	410	1	0	29	380	242	138
PCT9737	ED	818	208	0	0	7	201	137	64
PCT9737	MV	818	476	2	0	31	443	306	137
PCT9738	ED	848	185	0	0	11	174	115	59
PCT9738	MV	848	404	-1	0	29	376	230	146
PCT9739	ED	828	220	1	0	16	203	134	69
PCT9739	MV	828	335	0	0	21	314	199	115
PCT9741	ED	552	232	-1	0	9	224	124	100
PCT9741	MV	552	105	0	0	6	99	55	44
PCT9742	ED	677	180	4	0	14	162	84	78
PCT9742	MV	677	289	1	0	15	273	169	104
PCT9743	ED	1163	310	0	1	14	295	201	94
PCT9743	MV	1163	501	4	0	30	467	335	132
PCT9744	ED	911	247	2	0	17	228	143	85
PCT9744	MV	911	391	2	0	23	366	252	114
PCT9745	ED	991	282	-2	0	25	259	151	108
PCT9745	MV	991	346	1	0	20	325	198	127
PCT9746	ED	884	232	1	1	15	215	126	89
PCT9746	MV	884	452	2	0	26	424	276	148
PCT9747	ED	973	246	1	0	17	228	149	79
PCT9747	MV	973	470	2	0	24	444	288	156
PCT9748	ED	931	229	1	0	6	222	140	82
PCT9748	MV	931	475	1	1	37	436	302	134
PCT9749	ED	913	225	2	0	10	213	125	88
PCT9749	MV	913	384	-1	0	33	352	219	133
PCT9751	ED	1016	253	0	0	20	233	130	103
PCT9751	MV	1016	523	0	0	38	485	300	185
PCT9752	ED	710	175	3	0	4	168	104	64
PCT9752	MV	710	392	0	0	12	380	233	147
PCT9753	ED	756	186	0	0	10	176	117	59
PCT9753	MV	756	388	0	0	30	358	230	128
PCT9754	ED	707	47	2	0	3	42	28	14
PCT9754	MV	707	377	1	0	18	358	255	103
PCT9755	ED	582	172	-1	0	9	164	97	67
PCT9755	MV	582	285	2	0	22	261	168	93
PCT9756	ED	941	185	0	0	14	171	112	59
PCT9756	MV	941	477	-2	0	38	441	284	157
PCT9801	ED	408	104	0	0	6	98	62	36
PCT9801	MV	408	181	0	2	6	173	123	50
CONG12	TO	443570	332491	863	98	20975	310555	209524	101031
CONG14	TO	56946	40357	79	16	2691	37571	23984	13587
ASSM17	TO	291063	214827	537	64	13612	200614	137740	62874
ASSM19	TO	209453	158021	405	50	10054	147512	95768	51744
BART7	TO	38460	24736	71	7	1668	22990	15192	7798
BART8	TO	223735	166386	444	55	11093	154794	99678	55116
BART9	TO	238321	181726	427	52	10905	170342	118638	51704
SUPV1	TO	42767	32743	69	11	2162	30501	20495	10006
SUPV2	TO	50394	40402	156	8	2412	37826	23026	14800
SUPV3	TO	39799	28571	83	12	2235	26241	17295	8946
SUPV4	TO	42953	31699	79	11	2059	29550	19845	9705
SUPV5	TO	53744	42036	98	13	2495	39430	27127	12303
SUPV6	TO	43321	29158	111	6	2161	26880	18696	8184
SUPV7	TO	47076	36587	99	12	2263	34213	21711	12502
SUPV8	TO	58122	48632	131	13	2458	46030	32320	13710
SUPV9	TO	42988	31769	51	15	1952	29751	21137	8614
SUPV10	TO	41862	26459	50	7	1717	24685	16489	8196
SUPV11	TO	37490	24792	15	6	1752	23019	15367	7652
NEIG1	TO	19914	11270	10	3	832	10425	6692	3733
NEIG2	TO	17446	12440	37	4	1049	11350	7367	3983
NEIG3	TO	28644	19045	55	5	1578	17407	12025	5382
NEIG4	TO	7002	5802	19	3	289	5491	3674	1817
NEIG5	TO	27634	18420	15	7	1257	17141	11400	5741
NEIG6	TO	14982	12240	22	1	645	11572	8107	3465
NEIG7	TO	12118	7928	-1	1	602	7326	4892	2434
NEIG8	TO	9734	7857	13	2	457	7385	4982	2403
NEIG9	TO	8390	5918	9	1	394	5514	3452	2062
NEIG10	TO	10097	8010	18	1	464	7527	4905	2622
NEIG11	TO	40622	32395	146	8	1998	30243	18458	11785
NEIG12	TO	31129	23295	37	8	1295	21955	16012	5943
NEIG13	TO	16964	14420	20	3	760	13637	9429	4208
NEIG14	TO	8795	7263	17	4	387	6855	4901	1954
NEIG15	TO	7019	5232	13	5	359	4855	3107	1748
NEIG26	TO	9293	6104	11	3	459	5631	3713	1918
NEIG16	TO	16814	13081	41	3	697	12340	8729	3611
NEIG17	TO	37322	28503	61	11	1911	26520	17912	8608
NEIG18	TO	8050	6587	16	1	377	6193	3698	2495
NEIG19	TO	9419	7393	13	3	467	6910	4739	2171
NEIG20	TO	24674	17045	69	3	1181	15792	10918	4874
NEIG21	TO	42363	31246	80	11	2021	29134	19555	9579
NEIG22	TO	18966	16190	56	1	760	15373	10964	4409
NEIG23	TO	8139	4488	11	2	328	4147	2603	1544
NEIG24	TO	34909	27838	89	11	1701	26037	16491	9546
NEIG25	TO	30077	22838	65	9	1398	21366	14783	6583
