area_id	subtotal_type	RSReg	RSCst	RSRej	RSOvr	RSUnd	RSTot	042:Yes	043:No
ALL	TO	500516	372848	942	124	18230	353552	281389	72163
ALL	ED	500516	127886	135	36	6155	121560	100088	21472
ALL	MV	500516	244962	807	88	12075	231992	181301	50691
PCT1101	ED	553	126	0	0	7	119	98	21
PCT1101	MV	553	266	1	0	11	254	180	74
PCT1102	ED	995	266	0	1	10	255	190	65
PCT1102	MV	995	480	-1	0	27	454	322	132
PCT1103	ED	951	246	1	0	14	231	181	50
PCT1103	MV	951	445	0	1	20	424	293	131
PCT1104	ED	993	249	0	0	11	238	185	53
PCT1104	MV	993	414	-2	0	22	394	287	107
PCT1106	ED	765	191	-1	0	9	183	134	49
PCT1106	MV	765	343	1	0	18	324	205	119
PCT1107	ED	746	163	1	0	9	153	123	30
PCT1107	MV	746	336	3	0	20	313	218	95
PCT1108	ED	909	232	-1	0	17	216	178	38
PCT1108	MV	909	438	-1	0	25	414	295	119
PCT1109	ED	798	166	0	0	9	157	116	41
PCT1109	MV	798	365	1	0	17	347	232	115
PCT1111	ED	1002	205	0	0	19	186	149	37
PCT1111	MV	1002	460	-1	0	32	429	276	153
PCT1112	ED	769	151	0	0	8	143	118	25
PCT1112	MV	769	344	0	1	28	315	205	110
PCT1113	ED	746	135	2	0	5	128	97	31
PCT1113	MV	746	360	0	0	15	345	217	128
PCT1114	ED	957	226	0	0	24	202	162	40
PCT1114	MV	957	404	2	0	16	386	279	107
PCT1115	ED	895	174	1	0	6	167	137	30
PCT1115	MV	895	371	-2	1	12	360	235	125
PCT1116	ED	895	225	0	0	22	203	180	23
PCT1116	MV	895	376	2	1	25	348	240	108
PCT1117	ED	858	185	1	0	13	171	134	37
PCT1117	MV	858	357	1	0	13	343	243	100
PCT1118	ED	1043	213	-2	0	8	207	170	37
PCT1118	MV	1043	476	-3	0	19	460	300	160
PCT1119	ED	791	165	0	0	10	155	130	25
PCT1119	MV	791	386	1	0	26	359	273	86
PCT1121	ED	691	160	0	0	9	151	98	53
PCT1121	MV	691	313	4	0	16	293	191	102
PCT1122	ED	632	110	0	0	8	102	70	32
PCT1122	MV	632	310	0	0	16	294	175	119
PCT1123	ED	915	179	0	0	12	167	138	29
PCT1123	MV	915	364	0	0	38	326	217	109
PCT1124	ED	819	152	-1	0	10	143	114	29
PCT1124	MV	819	302	-2	0	18	286	180	106
PCT1125	ED	1047	159	1	0	11	147	111	36
PCT1125	MV	1047	466	-3	0	32	437	293	144
PCT1126	ED	922	191	0	0	14	177	138	39
PCT1126	MV	922	400	-1	0	14	387	261	126
PCT1127	ED	920	200	0	0	15	185	132	53
PCT1127	MV	920	382	0	0	23	359	225	134
PCT1128	ED	838	154	0	0	10	144	114	30
PCT1128	MV	838	362	0	0	28	334	224	110
PCT1129	ED	980	227	1	1	19	206	153	53
PCT1129	MV	980	416	5	0	23	388	261	127
PCT1131	ED	797	132	0	0	8	124	102	22
PCT1131	MV	797	371	-1	0	20	352	217	135
PCT1132	ED	969	179	2	0	10	167	135	32
PCT1132	MV	969	427	0	0	31	396	279	117
PCT1133	ED	863	161	1	0	7	153	113	40
PCT1133	MV	863	410	0	0	21	389	244	145
PCT1134	ED	759	170	2	0	12	156	123	33
PCT1134	MV	759	318	-1	0	17	302	171	131
PCT1135	ED	540	87	1	0	2	84	62	22
PCT1135	MV	540	295	0	0	20	275	161	114
PCT1136	ED	829	144	0	0	6	138	108	30
PCT1136	MV	829	412	1	0	26	385	274	111
PCT1141	ED	1041	223	0	0	12	211	154	57
PCT1141	MV	1041	484	0	0	19	465	330	135
PCT1142	ED	861	175	0	0	9	166	133	33
PCT1142	MV	861	393	0	0	25	368	267	101
PCT1143	ED	1034	229	1	0	7	221	187	34
PCT1143	MV	1034	440	4	2	22	412	295	117
PCT1144	ED	907	205	1	0	10	194	151	43
PCT1144	MV	907	387	-1	0	18	370	250	120
PCT1145	ED	888	189	0	0	10	179	146	33
PCT1145	MV	888	461	0	3	26	432	323	109
PCT1146	ED	1011	186	0	0	6	180	142	38
PCT1146	MV	1011	454	2	0	23	429	304	125
PCT1147	ED	877	210	1	0	12	197	156	41
PCT1147	MV	877	396	1	0	26	369	273	96
PCT1148	ED	962	196	0	0	13	183	133	50
PCT1148	MV	962	444	0	0	21	423	264	159
PCT1149	ED	907	210	2	0	10	198	152	46
PCT1149	MV	907	407	-8	0	24	391	281	110
PCT1152	ED	864	198	0	0	18	180	140	40
PCT1152	MV	864	388	0	0	23	365	260	105
PCT1153	ED	951	210	0	0	15	195	142	53
PCT1153	MV	951	415	-1	0	26	390	278	112
PCT7001	ED	776	176	2	0	9	165	149	16
PCT7001	MV	776	429	3	0	20	406	344	62
PCT7002	ED	706	176	0	0	10	166	146	20
PCT7002	MV	706	332	-3	0	14	321	269	52
PCT7003	ED	884	238	0	0	10	228	196	32
PCT7003	MV	884	498	5	0	15	478	419	59
PCT7004	ED	881	241	1	0	9	231	198	33
PCT7004	MV	881	496	1	0	12	483	419	64
PCT7005	ED	847	253	0	0	10	243	215	28
PCT7005	MV	847	480	-1	0	11	470	413	57
PCT7006	ED	917	254	1	0	6	247	217	30
PCT7006	MV	917	442	1	0	15	426	368	58
PCT7007	ED	949	283	0	0	4	279	245	34
PCT7007	MV	949	516	2	0	19	495	420	75
PCT7008	ED	932	264	1	0	3	260	230	30
PCT7008	MV	932	546	5	0	19	522	456	66
PCT7009	ED	905	185	0	0	9	176	155	21
PCT7009	MV	905	513	1	0	14	498	406	92
PCT7011	ED	985	204	0	0	16	188	172	16
PCT7011	MV	985	294	0	0	10	284	242	42
PCT7012	ED	1109	313	0	0	4	309	251	58
PCT7012	MV	1109	594	4	1	23	566	483	83
PCT7013	ED	956	267	0	0	5	262	221	41
PCT7013	MV	956	501	4	0	19	478	417	61
PCT7014	ED	1460	367	0	0	7	360	307	53
PCT7014	MV	1460	802	3	0	27	772	662	110
PCT7015	MV	95	44	0	0	2	42	37	5
PCT7016	ED	918	171	0	1	7	163	138	25
PCT7016	MV	918	280	0	1	15	264	192	72
PCT7017	ED	754	149	0	0	12	137	126	11
PCT7017	MV	754	252	2	0	10	240	215	25
PCT7018	ED	977	155	0	0	19	136	108	28
PCT7018	MV	977	448	-1	0	35	414	257	157
PCT7019	ED	899	182	0	0	11	171	148	23
PCT7019	MV	899	413	0	1	29	383	260	123
PCT7021	ED	947	184	1	0	11	172	155	17
PCT7021	MV	947	305	0	0	13	292	240	52
PCT7022	ED	945	215	0	0	10	205	180	25
PCT7022	MV	945	352	0	0	31	321	254	67
PCT7023	ED	928	178	-1	0	3	176	157	19
PCT7023	MV	928	400	0	0	24	376	314	62
PCT7024	ED	414	70	0	0	5	65	60	5
PCT7024	MV	414	78	0	0	4	74	58	16
PCT7025	ED	477	85	0	0	7	78	69	9
PCT7025	MV	477	128	-1	0	8	121	105	16
PCT7026	ED	1011	149	0	0	10	139	96	43
PCT7026	MV	1011	455	1	0	20	434	235	199
PCT7027	ED	869	195	0	0	19	176	146	30
PCT7027	MV	869	353	-1	0	23	331	225	106
PCT7028	ED	850	213	-1	0	12	202	175	27
PCT7028	MV	850	282	0	0	13	269	222	47
PCT7029	ED	901	184	1	0	14	169	154	15
PCT7029	MV	901	251	1	0	17	233	196	37
PCT7030	ED	759	119	0	0	4	115	74	41
PCT7030	MV	759	357	0	0	20	337	188	149
PCT7031	ED	641	91	0	0	7	84	68	16
PCT7031	MV	641	309	-2	0	17	294	202	92
PCT7032	ED	904	173	-1	0	16	158	132	26
PCT7032	MV	904	316	2	0	23	291	233	58
PCT7033	ED	798	191	3	0	13	175	151	24
PCT7033	MV	798	247	-1	0	10	238	194	44
PCT7034	ED	958	197	0	0	19	178	161	17
PCT7034	MV	958	201	2	0	7	192	165	27
PCT7035	ED	606	122	0	0	8	114	95	19
PCT7035	MV	606	262	0	0	11	251	202	49
PCT7036	ED	921	117	0	0	8	109	85	24
PCT7036	MV	921	342	2	0	14	326	200	126
PCT7037	ED	735	135	-4	0	10	129	119	10
PCT7037	MV	735	98	-1	0	11	88	72	16
PCT7038	ED	911	135	0	0	12	123	96	27
PCT7038	MV	911	351	-2	0	24	329	190	139
PCT7039	ED	784	178	0	0	10	168	109	59
PCT7039	MV	784	306	3	0	19	284	173	111
PCT7041	MV	61	33	0	0	2	31	20	11
PCT7042	ED	639	118	0	0	5	113	83	30
PCT7042	MV	639	258	-1	0	14	245	181	64
PCT7043	ED	957	176	0	0	6	170	138	32
PCT7043	MV	957	404	0	0	14	390	291	99
PCT7044	ED	827	167	1	0	13	153	131	22
PCT7044	MV	827	193	-1	0	9	185	136	49
PCT7045	ED	779	120	0	0	12	108	79	29
PCT7045	MV	779	344	3	0	22	319	161	158
PCT7046	ED	402	94	0	0	5	89	70	19
PCT7046	MV	402	175	3	0	9	163	109	54
PCT7047	ED	823	119	0	0	9	110	86	24
PCT7047	MV	823	388	1	0	22	365	216	149
PCT7048	ED	858	150	4	0	10	136	101	35
PCT7048	MV	858	318	1	0	30	287	181	106
PCT7049	ED	792	173	-1	0	13	161	113	48
PCT7049	MV	792	305	2	0	12	291	166	125
PCT7051	ED	861	114	1	0	12	101	72	29
PCT7051	MV	861	380	1	0	32	347	191	156
PCT7052	ED	852	161	1	0	2	158	129	29
PCT7052	MV	852	402	0	0	30	372	223	149
PCT7053	ED	548	102	1	0	4	97	73	24
PCT7053	MV	548	278	0	0	15	263	179	84
PCT7054	ED	1073	215	1	0	6	208	182	26
PCT7054	MV	1073	410	3	1	15	391	302	89
PCT7055	ED	808	190	0	0	7	183	164	19
PCT7055	MV	808	440	0	0	15	425	313	112
PCT7101	MV	155	120	1	0	3	116	109	7
PCT7201	ED	936	245	1	0	14	230	190	40
PCT7201	MV	936	518	2	0	32	484	376	108
PCT7202	ED	850	227	-1	0	7	221	181	40
PCT7202	MV	850	431	4	0	20	407	304	103
PCT7203	ED	921	291	3	0	6	282	238	44
PCT7203	MV	921	423	-1	1	25	398	323	75
PCT7204	ED	918	233	0	0	14	219	174	45
PCT7204	MV	918	531	3	1	24	503	409	94
PCT7205	ED	875	251	1	0	19	231	189	42
PCT7205	MV	875	485	0	0	15	470	369	101
PCT7206	ED	378	135	1	0	5	129	111	18
PCT7206	MV	378	191	2	0	7	182	148	34
PCT7207	ED	812	196	-2	0	13	185	160	25
PCT7207	MV	812	434	6	0	22	406	334	72
PCT7208	ED	600	111	-1	1	5	106	92	14
PCT7208	MV	600	328	-1	0	22	307	239	68
PCT7209	ED	626	107	0	0	0	107	90	17
PCT7209	MV	626	423	2	0	36	385	314	71
PCT7301	ED	1016	228	0	0	18	210	169	41
PCT7301	MV	1016	435	1	0	25	409	328	81
PCT7302	ED	814	188	0	0	15	173	134	39
PCT7302	MV	814	458	2	0	38	418	313	105
PCT7303	ED	1042	281	0	1	5	275	217	58
PCT7303	MV	1042	482	2	0	33	447	354	93
PCT7304	ED	1002	278	0	0	17	261	218	43
PCT7304	MV	1002	493	1	0	24	468	362	106
PCT7305	ED	871	240	0	0	9	231	181	50
PCT7305	MV	871	460	0	0	22	438	320	118
PCT7306	ED	1056	317	0	0	14	303	239	64
PCT7306	MV	1056	498	0	0	24	474	359	115
PCT7307	ED	767	210	0	0	6	204	169	35
PCT7307	MV	767	346	3	0	24	319	244	75
PCT7308	ED	603	177	0	0	5	172	132	40
PCT7308	MV	603	313	4	0	11	298	225	73
PCT7309	ED	884	263	0	0	11	252	204	48
PCT7309	MV	884	439	4	0	24	411	332	79
PCT7311	ED	917	268	2	0	9	257	226	31
PCT7311	MV	917	448	-3	0	23	428	349	79
PCT7312	ED	821	203	0	0	11	192	149	43
PCT7312	MV	821	470	3	1	36	430	320	110
PCT7313	ED	968	225	1	0	12	212	176	36
PCT7313	MV	968	485	5	0	23	457	344	113
PCT7314	ED	787	125	0	0	16	109	83	26
PCT7314	MV	787	271	-2	0	51	222	174	48
PCT7315	ED	760	220	-2	0	18	204	170	34
PCT7315	MV	760	282	2	0	14	266	212	54
PCT7316	ED	853	205	0	0	17	188	155	33
PCT7316	MV	853	367	1	0	25	341	250	91
PCT7317	ED	904	189	0	0	11	178	141	37
PCT7317	MV	904	454	0	0	30	424	321	103
PCT7318	ED	727	179	0	0	7	172	133	39
PCT7318	MV	727	390	0	0	25	365	271	94
PCT7319	ED	1079	301	1	0	18	282	232	50
PCT7319	MV	1079	516	4	0	38	474	373	101
PCT7321	ED	671	149	0	0	7	142	108	34
PCT7321	MV	671	286	1	0	27	258	170	88
PCT7322	ED	874	65	0	0	8	57	45	12
PCT7322	MV	874	337	0	0	38	299	191	108
PCT7323	ED	950	234	0	0	15	219	177	42
PCT7323	MV	950	455	2	0	33	420	314	106
PCT7324	ED	755	190	1	0	16	173	137	36
PCT7324	MV	755	364	2	0	17	345	276	69
PCT7325	ED	904	243	0	0	17	226	187	39
PCT7325	MV	904	436	3	1	28	404	317	87
PCT7326	ED	876	200	0	0	16	184	152	32
PCT7326	MV	876	430	2	0	27	401	300	101
PCT7327	ED	699	71	0	0	8	63	48	15
PCT7327	MV	699	276	-1	0	32	245	142	103
PCT7328	ED	973	94	-2	0	14	82	68	14
PCT7328	MV	973	394	0	0	60	334	245	89
PCT7329	ED	640	112	0	1	5	106	88	18
PCT7329	MV	640	321	5	0	21	295	221	74
PCT7331	ED	852	213	-1	0	17	197	153	44
PCT7331	MV	852	461	3	1	29	428	327	101
PCT7332	ED	834	225	0	0	9	216	186	30
PCT7332	MV	834	364	1	0	24	339	281	58
PCT7333	ED	1044	298	0	0	12	286	233	53
PCT7333	MV	1044	543	5	0	27	511	419	92
PCT7334	ED	881	199	0	0	13	186	159	27
PCT7334	MV	881	462	5	0	23	434	358	76
PCT7335	ED	970	225	0	0	10	215	176	39
PCT7335	MV	970	523	3	0	21	499	392	107
PCT7336	ED	955	238	-1	0	12	227	186	41
PCT7336	MV	955	523	3	1	26	493	376	117
PCT7337	ED	851	179	0	0	10	169	128	41
PCT7337	MV	851	464	3	0	28	433	333	100
PCT7338	ED	915	153	1	0	16	136	105	31
PCT7338	MV	915	426	1	0	36	389	266	123
PCT7339	ED	669	174	0	0	5	169	143	26
PCT7339	MV	669	309	0	0	19	290	246	44
PCT7341	ED	908	260	0	0	15	245	204	41
PCT7341	MV	908	401	3	0	26	372	312	60
PCT7342	ED	947	334	-1	0	16	319	277	42
PCT7342	MV	947	414	1	0	13	400	326	74
PCT7343	ED	731	234	1	0	10	223	194	29
PCT7343	MV	731	316	6	0	12	298	257	41
PCT7344	ED	1110	291	1	0	15	275	231	44
PCT7344	MV	1110	538	-4	0	15	527	435	92
PCT7345	ED	1141	329	-1	0	18	312	274	38
PCT7345	MV	1141	521	3	0	26	492	409	83
PCT7346	ED	920	250	1	0	11	238	204	34
PCT7346	MV	920	384	-2	0	18	368	316	52
PCT7347	ED	1040	241	1	0	16	224	205	19
PCT7347	MV	1040	480	6	0	13	461	404	57
PCT7348	ED	861	210	1	0	10	199	169	30
PCT7348	MV	861	353	-1	0	22	332	272	60
PCT7349	ED	957	248	0	0	10	238	201	37
PCT7349	MV	957	427	3	0	25	399	327	72
PCT7501	ED	565	172	-1	1	7	165	132	33
PCT7501	MV	565	308	4	0	11	293	247	46
PCT7502	ED	784	180	1	0	9	170	131	39
PCT7502	MV	784	447	2	0	35	410	331	79
PCT7503	ED	764	208	1	0	17	190	161	29
PCT7503	MV	764	388	4	0	24	360	296	64
PCT7504	ED	503	112	0	0	8	104	89	15
PCT7504	MV	503	222	2	0	21	199	166	33
PCT7505	ED	869	158	2	0	10	146	126	20
PCT7505	MV	869	532	5	1	35	491	417	74
PCT7506	ED	999	226	0	0	11	215	188	27
PCT7506	MV	999	473	3	0	24	446	363	83
PCT7507	ED	955	211	0	0	12	199	169	30
PCT7507	MV	955	344	-2	1	21	324	273	51
PCT7508	ED	727	154	0	1	13	140	117	23
PCT7508	MV	727	427	3	0	37	387	326	61
PCT7509	ED	932	235	3	0	8	224	191	33
PCT7509	MV	932	470	4	0	23	443	372	71
PCT7512	ED	612	150	0	0	15	135	99	36
PCT7512	MV	612	283	-1	0	22	262	210	52
PCT7513	ED	818	225	0	0	19	206	184	22
PCT7513	MV	818	315	3	0	13	299	263	36
PCT7514	ED	874	140	0	0	15	125	110	15
PCT7514	MV	874	305	1	0	25	279	235	44
PCT7515	ED	869	212	0	0	13	199	167	32
PCT7515	MV	869	389	-1	0	19	371	295	76
PCT7516	ED	922	172	1	0	13	158	137	21
PCT7516	MV	922	538	-1	0	37	502	414	88
PCT7517	ED	863	289	0	1	9	279	250	29
PCT7517	MV	863	410	0	0	13	397	354	43
PCT7518	ED	950	309	0	0	11	298	273	25
PCT7518	MV	950	480	2	0	28	450	407	43
PCT7519	ED	737	224	0	0	7	217	194	23
PCT7519	MV	737	355	1	0	12	342	305	37
PCT7521	ED	812	292	6	0	13	273	247	26
PCT7521	MV	812	354	0	0	10	344	321	23
PCT7522	ED	764	207	0	0	10	197	181	16
PCT7522	MV	764	397	2	1	13	381	347	34
PCT7523	ED	747	275	-1	0	8	268	235	33
PCT7523	MV	747	359	3	0	6	350	313	37
PCT7524	ED	615	181	1	0	5	175	165	10
PCT7524	MV	615	262	3	0	10	249	216	33
PCT7525	ED	800	205	0	0	13	192	179	13
PCT7525	MV	800	341	-1	0	18	324	293	31
PCT7526	ED	1011	292	0	0	11	281	250	31
PCT7526	MV	1011	552	2	0	24	526	483	43
PCT7527	ED	725	211	0	0	11	200	175	25
PCT7527	MV	725	339	0	0	12	327	287	40
PCT7529	ED	948	295	-3	0	14	284	256	28
PCT7529	MV	948	486	1	0	20	465	434	31
PCT7531	ED	865	228	-1	0	7	222	204	18
PCT7531	MV	865	442	1	0	13	428	384	44
PCT7532	ED	852	246	3	0	14	229	193	36
PCT7532	MV	852	398	0	0	17	381	327	54
PCT7533	ED	1015	357	0	0	6	351	310	41
PCT7533	MV	1015	490	0	0	21	469	418	51
PCT7534	ED	936	322	0	0	12	310	280	30
PCT7534	MV	936	415	0	1	16	398	357	41
PCT7535	ED	767	262	2	0	7	253	229	24
PCT7535	MV	767	387	3	1	20	363	326	37
PCT7536	ED	863	291	-1	0	9	283	254	29
PCT7536	MV	863	421	0	0	14	407	368	39
PCT7537	ED	752	240	-1	0	10	231	216	15
PCT7537	MV	752	363	0	0	13	350	312	38
PCT7538	ED	771	246	0	0	13	233	215	18
PCT7538	MV	771	400	2	0	23	375	341	34
PCT7539	ED	922	330	0	0	15	315	294	21
PCT7539	MV	922	428	2	0	10	416	377	39
PCT7541	ED	805	248	0	0	11	237	216	21
PCT7541	MV	805	400	0	0	11	389	342	47
PCT7542	ED	821	272	0	0	7	265	249	16
PCT7542	MV	821	389	0	2	8	379	343	36
PCT7543	ED	909	216	0	0	12	204	185	19
PCT7543	MV	909	467	3	0	6	458	424	34
PCT7544	ED	898	258	0	0	9	249	223	26
PCT7544	MV	898	479	4	0	20	455	412	43
PCT7545	ED	918	273	0	0	13	260	230	30
PCT7545	MV	918	480	-1	0	20	461	399	62
PCT7546	ED	982	304	0	0	10	294	258	36
PCT7546	MV	982	517	5	1	18	493	444	49
PCT7547	ED	1029	315	0	1	7	307	281	26
PCT7547	MV	1029	505	2	0	14	489	449	40
PCT7548	ED	1073	319	1	0	14	304	282	22
PCT7548	MV	1073	512	1	0	15	496	451	45
PCT7549	ED	811	215	0	0	14	201	178	23
PCT7549	MV	811	431	-3	0	25	409	356	53
PCT7551	ED	741	239	0	1	4	234	197	37
PCT7551	MV	741	394	1	0	15	378	332	46
PCT7552	ED	727	241	1	0	8	232	198	34
PCT7552	MV	727	361	1	0	12	348	321	27
PCT7553	MV	180	126	1	0	7	118	97	21
PCT7554	ED	808	247	0	0	7	240	206	34
PCT7554	MV	808	442	4	0	19	419	360	59
PCT7555	ED	886	290	-6	0	11	285	261	24
PCT7555	MV	886	459	1	0	22	436	380	56
PCT7556	ED	969	275	1	0	7	267	228	39
PCT7556	MV	969	573	0	0	19	554	495	59
PCT7601	ED	767	191	0	1	12	178	156	22
PCT7601	MV	767	290	1	0	13	276	250	26
PCT7602	ED	901	213	0	0	21	192	175	17
PCT7602	MV	901	379	3	1	13	362	319	43
PCT7603	ED	830	250	0	0	11	239	214	25
PCT7603	MV	830	376	0	0	9	367	314	53
PCT7604	ED	954	266	0	0	13	253	221	32
PCT7604	MV	954	352	2	0	19	331	296	35
PCT7605	ED	648	120	0	0	9	111	99	12
PCT7605	MV	648	203	-1	0	22	182	146	36
PCT7606	ED	924	205	3	0	18	184	157	27
PCT7606	MV	924	330	1	0	14	315	266	49
PCT7607	ED	960	215	-1	0	17	199	180	19
PCT7607	MV	960	407	3	2	17	385	328	57
PCT7608	ED	392	70	0	0	9	61	49	12
PCT7608	MV	392	136	0	0	16	120	95	25
PCT7609	ED	926	120	-1	0	22	99	91	8
PCT7609	MV	926	352	5	0	43	304	243	61
PCT7611	ED	755	126	0	0	11	115	99	16
PCT7611	MV	755	269	2	0	33	234	202	32
PCT7612	ED	583	97	1	0	11	85	58	27
PCT7612	MV	583	265	0	0	28	237	179	58
PCT7613	ED	908	204	-1	0	18	187	165	22
PCT7613	MV	908	340	1	0	23	316	259	57
PCT7614	ED	1029	223	2	0	20	201	177	24
PCT7614	MV	1029	375	1	0	15	359	307	52
PCT7615	ED	762	162	2	0	26	134	113	21
PCT7615	MV	762	237	-2	0	24	215	171	44
PCT7616	ED	1203	324	0	0	16	308	266	42
PCT7616	MV	1203	686	0	0	27	659	565	94
PCT7617	ED	768	102	1	0	11	90	72	18
PCT7617	MV	768	261	0	1	28	232	187	45
PCT7618	ED	862	168	0	0	9	159	143	16
PCT7618	MV	862	407	4	0	11	392	313	79
PCT7619	ED	1063	219	0	0	8	211	180	31
PCT7619	MV	1063	563	-1	0	26	538	447	91
PCT7621	ED	1320	287	1	0	11	275	241	34
PCT7621	MV	1320	668	4	0	29	635	535	100
PCT7622	ED	988	170	0	0	18	152	135	17
PCT7622	MV	988	301	4	0	17	280	241	39
PCT7623	ED	746	184	0	1	9	174	161	13
PCT7623	MV	746	297	2	0	13	282	234	48
PCT7624	ED	859	142	0	0	7	135	120	15
PCT7624	MV	859	290	1	0	18	271	226	45
PCT7625	ED	822	66	0	0	7	59	44	15
PCT7625	MV	822	475	1	0	72	402	287	115
PCT7626	ED	1114	227	0	0	11	216	178	38
PCT7626	MV	1114	612	0	0	22	590	499	91
PCT7627	ED	1187	267	0	0	11	256	214	42
PCT7627	MV	1187	582	5	0	29	548	416	132
PCT7628	ED	960	241	0	0	11	230	203	27
PCT7628	MV	960	428	2	0	20	406	350	56
PCT7629	ED	809	208	1	0	9	198	181	17
PCT7629	MV	809	343	3	0	13	327	276	51
PCT7631	ED	1155	270	0	0	12	258	226	32
PCT7631	MV	1155	577	2	0	29	546	460	86
PCT7632	ED	1124	289	3	0	9	277	238	39
PCT7632	MV	1124	561	1	0	10	550	469	81
PCT7633	ED	741	137	0	0	9	128	109	19
PCT7633	MV	741	392	1	0	29	362	273	89
PCT7634	ED	900	195	0	0	15	180	143	37
PCT7634	MV	900	421	2	0	27	392	323	69
PCT7635	ED	840	158	0	0	8	150	129	21
PCT7635	MV	840	382	2	0	19	361	295	66
PCT7636	ED	938	251	1	0	12	238	203	35
PCT7636	MV	938	465	3	0	19	443	336	107
PCT7637	ED	809	193	-1	0	13	181	137	44
PCT7637	MV	809	404	1	0	12	391	296	95
PCT7638	ED	1467	295	0	0	21	274	212	62
PCT7638	MV	1467	871	10	0	33	828	603	225
PCT7639	ED	1011	242	0	0	14	228	181	47
PCT7639	MV	1011	559	1	0	23	535	413	122
PCT7641	ED	972	205	-1	0	10	196	149	47
PCT7641	MV	972	549	3	1	24	521	416	105
PCT7642	ED	937	153	0	0	10	143	122	21
PCT7642	MV	937	394	2	0	51	341	279	62
PCT7643	ED	920	169	0	1	13	155	120	35
PCT7643	MV	920	507	1	0	29	477	360	117
PCT7644	ED	1175	330	1	0	15	314	263	51
PCT7644	MV	1175	554	4	0	26	524	433	91
PCT7645	ED	640	120	-1	0	7	114	91	23
PCT7645	MV	640	377	2	0	18	357	294	63
PCT7646	ED	1100	267	0	0	7	260	226	34
PCT7646	MV	1100	592	5	0	23	564	456	108
PCT7647	ED	1075	205	-1	0	14	192	166	26
PCT7647	MV	1075	283	-1	0	10	274	231	43
PCT7648	MV	1	0	0	0	0	0	0	0
PCT7649	ED	891	178	1	0	7	170	152	18
PCT7649	MV	891	395	5	0	20	370	302	68
PCT7651	ED	677	166	1	1	9	155	124	31
PCT7651	MV	677	351	4	0	10	337	269	68
PCT7652	ED	628	135	0	0	7	128	102	26
PCT7652	MV	628	301	6	0	14	281	230	51
PCT7653	ED	1280	300	1	0	21	278	228	50
PCT7653	MV	1280	673	4	0	28	641	526	115
PCT7701	ED	1064	296	0	0	12	284	244	40
PCT7701	MV	1064	597	3	0	28	566	465	101
PCT7702	ED	748	180	-1	0	9	172	127	45
PCT7702	MV	748	415	3	0	21	391	293	98
PCT7703	MV	171	79	0	0	12	67	60	7
PCT7704	ED	1008	257	0	0	12	245	180	65
PCT7704	MV	1008	557	3	0	29	525	373	152
PCT7705	ED	568	149	-2	0	5	146	111	35
PCT7705	MV	568	335	0	0	21	314	228	86
PCT7706	ED	840	252	1	0	10	241	181	60
PCT7706	MV	840	467	4	0	19	444	336	108
PCT7707	ED	857	241	1	0	5	235	176	59
PCT7707	MV	857	495	1	0	24	470	360	110
PCT7708	ED	871	205	-1	0	9	197	153	44
PCT7708	MV	871	540	2	1	30	507	374	133
PCT7709	ED	391	102	0	0	3	99	80	19
PCT7709	MV	391	222	1	0	13	208	158	50
PCT7711	ED	766	198	-1	0	3	196	164	32
PCT7711	MV	766	422	-3	0	26	399	332	67
PCT7712	ED	529	149	0	0	4	145	122	23
PCT7712	MV	529	296	0	0	11	285	241	44
PCT7801	ED	1001	264	2	0	6	256	218	38
PCT7801	MV	1001	596	2	1	22	571	483	88
PCT7802	ED	788	230	1	0	9	220	191	29
PCT7802	MV	788	458	2	0	31	425	364	61
PCT7803	ED	828	174	0	0	8	166	140	26
PCT7803	MV	828	552	1	0	19	532	451	81
PCT7804	ED	893	257	1	0	13	243	210	33
PCT7804	MV	893	533	1	1	12	519	449	70
PCT7805	ED	825	228	0	0	6	222	202	20
PCT7805	MV	825	484	1	1	13	469	407	62
PCT7806	ED	716	208	1	0	3	204	182	22
PCT7806	MV	716	407	1	1	8	397	349	48
PCT7807	ED	844	276	0	1	4	271	247	24
PCT7807	MV	844	417	2	0	10	405	366	39
PCT7808	ED	655	211	-2	0	10	203	188	15
PCT7808	MV	655	333	1	0	21	311	279	32
PCT7809	ED	781	238	1	0	7	230	215	15
PCT7809	MV	781	405	3	0	12	390	365	25
PCT7811	ED	783	249	0	0	0	249	221	28
PCT7811	MV	783	404	6	0	13	385	350	35
PCT7812	ED	877	257	0	0	17	240	208	32
PCT7812	MV	877	454	-1	0	13	442	409	33
PCT7813	ED	1064	308	1	0	11	296	264	32
PCT7813	MV	1064	585	3	0	26	556	500	56
PCT7814	ED	936	228	-1	0	4	225	197	28
PCT7814	MV	936	341	-2	1	9	333	303	30
PCT7815	ED	954	238	0	0	8	230	208	22
PCT7815	MV	954	573	1	1	24	547	482	65
PCT7816	ED	865	236	0	0	4	232	200	32
PCT7816	MV	865	531	4	0	18	509	442	67
PCT7817	ED	823	277	0	0	9	268	246	22
PCT7817	MV	823	439	4	0	8	427	394	33
PCT7818	ED	860	234	1	0	5	228	203	25
PCT7818	MV	860	452	1	0	11	440	388	52
PCT7819	ED	793	191	0	0	4	187	164	23
PCT7819	MV	793	420	1	0	26	393	350	43
PCT7821	ED	985	248	0	0	8	240	215	25
PCT7821	MV	985	630	5	0	16	609	535	74
PCT7822	ED	908	275	0	0	5	270	226	44
PCT7822	MV	908	480	1	0	19	460	407	53
PCT7823	ED	879	270	7	0	6	257	230	27
PCT7823	MV	879	501	3	0	16	482	421	61
PCT7824	ED	768	247	0	0	10	237	211	26
PCT7824	MV	768	383	1	0	16	366	323	43
PCT7825	ED	597	191	0	0	3	188	168	20
PCT7825	MV	597	302	-1	0	11	292	272	20
PCT7826	ED	684	258	1	0	6	251	230	21
PCT7826	MV	684	319	0	0	15	304	274	30
PCT7827	ED	831	261	0	0	13	248	230	18
PCT7827	MV	831	361	0	0	8	353	308	45
PCT7828	ED	1018	261	0	1	9	251	207	44
PCT7828	MV	1018	549	1	0	18	530	452	78
PCT7829	ED	907	237	1	0	11	225	190	35
PCT7829	MV	907	557	1	0	17	539	443	96
PCT7831	ED	882	233	0	0	9	224	202	22
PCT7831	MV	882	544	15	0	20	509	450	59
PCT7832	ED	780	188	0	0	1	187	168	19
PCT7832	MV	780	488	0	0	13	475	421	54
PCT7833	ED	747	230	2	0	6	222	195	27
PCT7833	MV	747	412	2	0	12	398	360	38
PCT7834	ED	867	277	1	0	12	264	243	21
PCT7834	MV	867	439	2	0	16	421	385	36
PCT7835	ED	847	211	0	1	5	205	174	31
PCT7835	MV	847	505	6	0	18	481	393	88
PCT7836	ED	1023	260	0	0	8	252	213	39
PCT7836	MV	1023	623	-2	0	22	603	494	109
PCT7837	ED	911	260	1	1	5	253	221	32
PCT7837	MV	911	509	3	0	28	478	384	94
PCT7838	ED	926	239	0	0	8	231	203	28
PCT7838	MV	926	546	6	0	19	521	438	83
PCT7839	ED	842	205	0	0	10	195	164	31
PCT7839	MV	842	515	-5	1	21	498	428	70
PCT7841	ED	937	291	0	0	15	276	240	36
PCT7841	MV	937	526	4	3	18	501	436	65
PCT7842	ED	903	283	0	0	9	274	241	33
PCT7842	MV	903	434	-2	0	15	421	371	50
PCT7843	ED	767	232	0	0	5	227	209	18
PCT7843	MV	767	380	0	0	5	375	336	39
PCT7844	ED	663	196	0	0	5	191	173	18
PCT7844	MV	663	329	2	0	13	314	288	26
PCT7845	ED	849	241	-1	0	10	232	186	46
PCT7845	MV	849	469	-2	0	20	451	384	67
PCT7846	ED	904	262	0	0	11	251	214	37
PCT7846	MV	904	509	1	1	15	492	401	91
PCT7847	ED	929	261	1	1	12	247	211	36
PCT7847	MV	929	529	1	0	21	507	449	58
PCT7848	ED	834	233	0	0	11	222	188	34
PCT7848	MV	834	491	-2	0	18	475	414	61
PCT7849	ED	929	264	0	0	10	254	225	29
PCT7849	MV	929	522	1	0	20	501	432	69
PCT7851	ED	513	136	0	0	4	132	106	26
PCT7851	MV	513	298	-1	1	13	285	219	66
PCT7852	ED	647	143	0	0	8	135	111	24
PCT7852	MV	647	394	0	0	17	377	307	70
PCT7853	ED	850	214	-2	0	11	205	172	33
PCT7853	MV	850	479	7	0	26	446	373	73
PCT7854	ED	894	248	0	0	11	237	202	35
PCT7854	MV	894	500	0	0	21	479	425	54
PCT7855	ED	986	301	0	0	13	288	256	32
PCT7855	MV	986	522	-3	0	22	503	428	75
PCT7856	ED	800	265	0	0	6	259	229	30
PCT7856	MV	800	425	1	0	19	405	334	71
PCT7857	ED	933	276	1	0	7	268	244	24
PCT7857	MV	933	517	-2	0	18	501	422	79
PCT7858	ED	775	245	0	0	8	237	211	26
PCT7858	MV	775	394	1	0	8	385	351	34
PCT7859	ED	891	250	0	0	9	241	201	40
PCT7859	MV	891	513	1	0	19	493	408	85
PCT7861	ED	859	217	0	0	9	208	178	30
PCT7861	MV	859	510	3	1	11	495	420	75
PCT7862	ED	866	302	1	0	8	293	252	41
PCT7862	MV	866	472	0	1	18	453	394	59
PCT7863	ED	907	311	0	0	10	301	274	27
PCT7863	MV	907	440	0	0	21	419	365	54
PCT7864	ED	807	232	0	0	7	225	200	25
PCT7864	MV	807	427	-2	0	18	411	343	68
PCT7865	ED	823	241	0	0	8	233	212	21
PCT7865	MV	823	463	4	1	17	441	358	83
PCT7866	ED	836	209	-1	0	6	204	156	48
PCT7866	MV	836	491	3	0	19	469	345	124
PCT7867	ED	955	266	0	0	6	260	217	43
PCT7867	MV	955	512	8	0	21	483	389	94
PCT7868	ED	881	242	1	0	12	229	204	25
PCT7868	MV	881	449	1	0	15	433	360	73
PCT7869	ED	867	239	0	0	7	232	200	32
PCT7869	MV	867	489	1	0	8	480	408	72
PCT7871	ED	900	259	0	0	16	243	198	45
PCT7871	MV	900	502	2	1	22	477	401	76
PCT7872	ED	862	288	0	0	12	276	230	46
PCT7872	MV	862	472	3	0	10	459	377	82
PCT7873	ED	861	257	1	0	10	246	214	32
PCT7873	MV	861	502	-1	0	23	480	418	62
PCT7874	ED	477	137	1	0	5	131	103	28
PCT7874	MV	477	256	2	0	7	247	206	41
PCT7875	ED	623	180	0	0	5	175	153	22
PCT7875	MV	623	285	0	1	12	272	210	62
PCT7876	ED	498	154	10	0	8	136	119	17
PCT7876	MV	498	269	1	1	13	254	229	25
PCT7901	ED	522	136	0	0	7	129	106	23
PCT7901	MV	522	198	1	0	6	191	166	25
PCT7902	ED	968	258	0	0	17	241	219	22
PCT7902	MV	968	401	1	0	8	392	344	48
PCT7903	ED	840	201	0	0	12	189	173	16
PCT7903	MV	840	350	-2	0	18	334	293	41
PCT7904	ED	877	212	1	0	9	202	182	20
PCT7904	MV	877	403	2	0	16	385	336	49
PCT7905	ED	851	254	0	0	11	243	216	27
PCT7905	MV	851	409	5	2	13	389	322	67
PCT7906	ED	787	245	0	0	11	234	210	24
PCT7906	MV	787	335	0	0	16	319	277	42
PCT7907	ED	950	278	0	0	10	268	246	22
PCT7907	MV	950	425	-4	0	18	411	369	42
PCT7908	ED	949	284	1	0	18	265	235	30
PCT7908	MV	949	408	2	1	14	391	349	42
PCT7909	ED	733	251	0	0	10	241	217	24
PCT7909	MV	733	303	-1	0	15	289	260	29
PCT7911	ED	860	244	-1	0	13	232	202	30
PCT7911	MV	860	395	-1	0	16	380	328	52
PCT7912	ED	1065	291	0	0	13	278	254	24
PCT7912	MV	1065	463	2	0	12	449	404	45
PCT7913	ED	913	312	1	0	10	301	265	36
PCT7913	MV	913	378	-1	0	15	364	312	52
PCT7914	ED	883	278	-1	0	13	266	235	31
PCT7914	MV	883	425	3	0	8	414	378	36
PCT7915	ED	831	266	0	0	6	260	231	29
PCT7915	MV	831	351	0	0	15	336	285	51
PCT7916	ED	888	284	1	0	8	275	254	21
PCT7916	MV	888	421	0	0	17	404	361	43
PCT7917	ED	1015	315	0	0	10	305	279	26
PCT7917	MV	1015	428	3	0	17	408	370	38
PCT7918	ED	836	253	0	0	11	242	222	20
PCT7918	MV	836	379	0	0	20	359	338	21
PCT7919	ED	895	309	1	0	10	298	278	20
PCT7919	MV	895	376	-1	0	15	362	328	34
PCT7921	ED	917	232	1	0	11	220	201	19
PCT7921	MV	917	366	1	0	15	350	308	42
PCT7922	ED	831	250	1	0	9	240	222	18
PCT7922	MV	831	383	0	0	19	364	340	24
PCT7923	ED	885	262	0	0	6	256	226	30
PCT7923	MV	885	403	-1	0	15	389	349	40
PCT7924	ED	842	238	0	0	7	231	209	22
PCT7924	MV	842	382	0	0	14	368	299	69
PCT7925	ED	567	156	0	0	3	153	138	15
PCT7925	MV	567	293	0	0	7	286	256	30
PCT7926	ED	795	229	0	0	8	221	195	26
PCT7926	MV	795	390	4	0	10	376	330	46
PCT7927	ED	747	241	1	0	7	233	205	28
PCT7927	MV	747	392	4	0	13	375	331	44
PCT7928	ED	931	284	1	0	11	272	237	35
PCT7928	MV	931	489	0	0	17	472	417	55
PCT7929	ED	864	248	0	0	5	243	213	30
PCT7929	MV	864	509	1	1	10	497	438	59
PCT7931	ED	738	219	0	0	2	217	190	27
PCT7931	MV	738	408	2	0	9	397	343	54
PCT7932	ED	551	157	1	0	6	150	125	25
PCT7932	MV	551	285	1	0	8	276	228	48
PCT7933	MV	6	4	0	0	0	4	3	1
PCT7934	ED	890	250	-1	0	8	243	218	25
PCT7934	MV	890	472	0	0	18	454	402	52
PCT7935	ED	970	305	0	1	10	294	268	26
PCT7935	MV	970	519	-2	1	13	507	444	63
PCT7936	ED	856	287	2	0	14	271	243	28
PCT7936	MV	856	428	-1	0	14	415	377	38
PCT7937	ED	886	267	1	1	12	253	233	20
PCT7937	MV	886	435	3	0	11	421	366	55
PCT7938	ED	788	213	0	0	10	203	182	21
PCT7938	MV	788	337	2	0	12	323	277	46
PCT7939	ED	688	254	-2	0	8	248	222	26
PCT7939	MV	688	326	0	0	20	306	277	29
PCT7941	ED	751	218	-1	0	15	204	185	19
PCT7941	MV	751	348	0	0	18	330	285	45
PCT7942	ED	914	259	1	0	15	243	209	34
PCT7942	MV	914	412	-1	0	29	384	313	71
PCT7943	ED	872	258	4	0	11	243	213	30
PCT7943	MV	872	439	0	0	31	408	330	78
PCT7944	ED	801	243	0	0	7	236	206	30
PCT7944	MV	801	381	2	0	12	367	323	44
PCT7945	ED	915	186	0	0	13	173	147	26
PCT7945	MV	915	414	1	0	20	393	333	60
PCT7946	ED	945	183	0	0	9	174	137	37
PCT7946	MV	945	451	0	0	37	414	283	131
PCT7947	ED	946	182	1	0	10	171	131	40
PCT7947	MV	946	430	2	0	22	406	255	151
PCT7948	ED	928	210	0	0	10	200	147	53
PCT7948	MV	928	422	-5	0	28	399	257	142
PCT7949	ED	569	100	1	0	8	91	64	27
PCT7949	MV	569	292	1	0	13	278	158	120
PCT7951	ED	854	166	0	1	10	155	116	39
PCT7951	MV	854	425	2	0	19	404	240	164
PCT7952	ED	866	167	0	0	17	150	106	44
PCT7952	MV	866	359	1	0	27	331	202	129
PCT7953	ED	824	186	2	0	13	171	129	42
PCT7953	MV	824	402	0	1	16	385	237	148
PCT7955	ED	902	199	4	0	11	184	133	51
PCT7955	MV	902	435	1	0	37	397	255	142
PCT7956	ED	823	136	0	0	10	126	94	32
PCT7956	MV	823	353	0	0	21	332	207	125
PCT7957	ED	646	147	0	0	10	137	106	31
PCT7957	MV	646	298	1	0	18	279	211	68
PCT7958	MV	290	141	1	0	7	133	97	36
PCT7959	ED	727	160	1	0	5	154	133	21
PCT7959	MV	727	326	1	0	14	311	273	38
PCT9001	MV	273	142	-2	0	6	138	104	34
PCT9101	ED	888	260	0	1	11	248	192	56
PCT9101	MV	888	438	4	0	14	420	308	112
PCT9102	ED	985	257	0	0	15	242	181	61
PCT9102	MV	985	471	2	0	28	441	332	109
PCT9103	ED	954	273	0	0	19	254	187	67
PCT9103	MV	954	431	7	0	22	402	300	102
PCT9104	ED	988	239	0	0	13	226	181	45
PCT9104	MV	988	465	3	0	21	441	341	100
PCT9105	ED	919	247	1	0	9	237	194	43
PCT9105	MV	919	488	-4	0	26	466	341	125
PCT9106	ED	937	268	1	0	15	252	208	44
PCT9106	MV	937	497	4	0	20	473	377	96
PCT9107	ED	849	219	0	0	7	212	159	53
PCT9107	MV	849	372	-1	0	24	349	265	84
PCT9108	ED	790	247	0	0	10	237	189	48
PCT9108	MV	790	373	2	0	25	346	264	82
PCT9109	ED	884	263	0	0	13	250	187	63
PCT9109	MV	884	428	1	0	26	401	325	76
PCT9111	ED	779	229	0	0	6	223	177	46
PCT9111	MV	779	346	2	0	17	327	251	76
PCT9112	ED	976	284	-1	0	7	278	229	49
PCT9112	MV	976	467	1	0	22	444	345	99
PCT9113	ED	999	311	0	0	10	301	237	64
PCT9113	MV	999	505	4	0	28	473	358	115
PCT9114	ED	877	263	-1	0	12	252	218	34
PCT9114	MV	877	405	-1	0	20	386	299	87
PCT9115	ED	911	258	1	0	14	243	210	33
PCT9115	MV	911	429	3	0	20	406	331	75
PCT9116	ED	944	281	0	0	16	265	218	47
PCT9116	MV	944	473	2	0	28	443	346	97
PCT9117	ED	783	222	0	0	7	215	166	49
PCT9117	MV	783	398	0	0	19	379	262	117
PCT9118	ED	974	286	-2	0	10	278	212	66
PCT9118	MV	974	426	3	0	28	395	281	114
PCT9119	ED	891	237	-1	1	15	222	182	40
PCT9119	MV	891	447	1	3	24	419	305	114
PCT9121	ED	930	256	-1	1	12	244	167	77
PCT9121	MV	930	434	-1	0	26	409	300	109
PCT9122	ED	953	210	0	0	19	191	149	42
PCT9122	MV	953	454	0	0	23	431	306	125
PCT9123	ED	858	232	0	1	16	215	168	47
PCT9123	MV	858	418	1	0	16	401	281	120
PCT9124	ED	874	202	0	0	9	193	153	40
PCT9124	MV	874	438	2	0	22	414	283	131
PCT9125	ED	861	210	-2	0	15	197	157	40
PCT9125	MV	861	437	2	0	22	413	319	94
PCT9126	ED	1015	245	-2	0	19	228	186	42
PCT9126	MV	1015	533	-2	0	20	515	340	175
PCT9127	ED	960	269	0	0	11	258	197	61
PCT9127	MV	960	498	0	0	23	475	367	108
PCT9128	ED	828	248	-1	0	10	239	194	45
PCT9128	MV	828	412	3	1	23	385	289	96
PCT9129	ED	741	243	1	0	11	231	191	40
PCT9129	MV	741	348	0	0	12	336	263	73
PCT9131	ED	759	193	1	0	8	184	148	36
PCT9131	MV	759	403	3	0	19	381	297	84
PCT9132	ED	837	248	0	0	13	235	202	33
PCT9132	MV	837	371	0	1	19	351	292	59
PCT9133	ED	1021	271	0	0	13	258	214	44
PCT9133	MV	1021	503	2	0	31	470	369	101
PCT9134	ED	893	210	0	0	14	196	157	39
PCT9134	MV	893	469	0	0	20	449	337	112
PCT9135	ED	808	215	0	0	7	208	146	62
PCT9135	MV	808	389	2	0	21	366	265	101
PCT9136	ED	929	253	1	0	19	233	193	40
PCT9136	MV	929	439	-2	1	23	417	309	108
PCT9137	ED	1006	260	-1	1	9	251	185	66
PCT9137	MV	1006	467	1	0	29	437	298	139
PCT9138	ED	943	226	2	0	15	209	163	46
PCT9138	MV	943	477	1	0	26	450	302	148
PCT9139	ED	975	243	0	0	12	231	171	60
PCT9139	MV	975	510	6	0	30	474	316	158
PCT9141	ED	953	252	-1	0	18	235	172	63
PCT9141	MV	953	477	4	0	23	450	318	132
PCT9142	ED	966	276	0	0	20	256	214	42
PCT9142	MV	966	459	-1	0	23	437	317	120
PCT9143	ED	920	251	0	0	13	238	188	50
PCT9143	MV	920	463	7	0	29	427	311	116
PCT9144	ED	962	293	0	0	10	283	227	56
PCT9144	MV	962	482	3	0	28	451	337	114
PCT9145	ED	861	249	2	0	5	242	209	33
PCT9145	MV	861	423	2	0	21	400	318	82
PCT9146	ED	885	245	-1	0	16	230	186	44
PCT9146	MV	885	464	2	0	34	428	341	87
PCT9147	ED	971	281	0	0	8	273	219	54
PCT9147	MV	971	492	-2	0	21	473	376	97
PCT9148	ED	1034	325	0	0	13	312	254	58
PCT9148	MV	1034	513	1	0	25	487	392	95
PCT9149	ED	948	264	0	0	11	253	211	42
PCT9149	MV	948	478	4	0	23	451	383	68
PCT9151	ED	872	227	0	0	10	217	179	38
PCT9151	MV	872	418	4	0	27	387	302	85
PCT9152	ED	721	270	-2	0	7	265	232	33
PCT9152	MV	721	279	-2	0	10	271	239	32
PCT9201	ED	1004	300	0	0	9	291	248	43
PCT9201	MV	1004	475	-1	0	14	462	404	58
PCT9202	ED	971	294	0	0	11	283	235	48
PCT9202	MV	971	426	2	0	26	398	339	59
PCT9203	ED	1002	239	0	0	13	226	168	58
PCT9203	MV	1002	536	3	0	28	505	372	133
PCT9204	ED	873	273	5	0	11	257	181	76
PCT9204	MV	873	393	4	0	19	370	265	105
PCT9205	ED	728	208	0	0	9	199	156	43
PCT9205	MV	728	376	7	0	26	343	270	73
PCT9206	ED	931	249	-1	0	13	237	175	62
PCT9206	MV	931	479	3	0	20	456	338	118
PCT9207	ED	981	262	0	0	9	253	178	75
PCT9207	MV	981	502	3	1	28	470	350	120
PCT9208	ED	1002	287	0	1	18	268	206	62
PCT9208	MV	1002	491	3	2	26	460	363	97
PCT9209	ED	711	245	0	0	13	232	169	63
PCT9209	MV	711	327	4	1	16	306	231	75
PCT9211	ED	889	234	0	0	11	223	166	57
PCT9211	MV	889	432	1	0	26	405	305	100
PCT9212	ED	803	234	0	0	12	222	165	57
PCT9212	MV	803	400	4	0	23	373	302	71
PCT9213	ED	951	264	0	0	13	251	187	64
PCT9213	MV	951	508	3	0	25	480	377	103
PCT9214	ED	640	166	0	0	6	160	129	31
PCT9214	MV	640	334	0	0	17	317	234	83
PCT9215	ED	652	194	0	0	9	185	129	56
PCT9215	MV	652	327	1	0	14	312	245	67
PCT9216	ED	845	246	-1	0	11	236	197	39
PCT9216	MV	845	379	2	0	16	361	273	88
PCT9217	ED	698	194	0	0	5	189	145	44
PCT9217	MV	698	349	4	1	20	324	232	92
PCT9218	ED	841	249	1	0	12	236	184	52
PCT9218	MV	841	412	2	0	25	385	294	91
PCT9219	ED	802	242	-1	0	8	235	192	43
PCT9219	MV	802	399	2	0	21	376	297	79
PCT9221	ED	651	145	-1	0	4	142	105	37
PCT9221	MV	651	399	3	0	26	370	260	110
PCT9222	ED	883	249	-2	0	18	233	181	52
PCT9222	MV	883	449	5	1	22	421	320	101
PCT9223	ED	638	160	0	0	10	150	115	35
PCT9223	MV	638	338	6	0	18	314	243	71
PCT9224	ED	960	263	1	0	13	249	177	72
PCT9224	MV	960	506	7	0	23	476	363	113
PCT9225	ED	958	299	0	0	18	281	228	53
PCT9225	MV	958	469	4	0	23	442	352	90
PCT9226	ED	926	271	2	0	8	261	202	59
PCT9226	MV	926	486	1	0	22	463	362	101
PCT9227	ED	738	188	0	0	5	183	133	50
PCT9227	MV	738	404	4	0	13	387	296	91
PCT9228	ED	747	189	-1	0	12	178	129	49
PCT9228	MV	747	424	2	1	12	409	320	89
PCT9229	ED	598	162	0	0	10	152	112	40
PCT9229	MV	598	316	0	0	9	307	246	61
PCT9231	ED	953	313	1	0	17	295	265	30
PCT9231	MV	953	488	-3	1	17	473	390	83
PCT9232	ED	735	212	0	0	15	197	157	40
PCT9232	MV	735	396	3	0	22	371	287	84
PCT9233	ED	793	209	0	1	5	203	161	42
PCT9233	MV	793	434	3	0	20	411	311	100
PCT9234	ED	746	187	0	0	13	174	146	28
PCT9234	MV	746	438	3	1	27	407	304	103
PCT9235	ED	884	239	0	0	11	228	178	50
PCT9235	MV	884	488	2	0	28	458	337	121
PCT9236	ED	683	201	0	0	10	191	148	43
PCT9236	MV	683	358	5	0	16	337	271	66
PCT9237	ED	936	229	5	0	7	217	171	46
PCT9237	MV	936	539	0	0	21	518	429	89
PCT9238	ED	842	230	3	0	8	219	169	50
PCT9238	MV	842	456	2	0	24	430	346	84
PCT9239	ED	881	200	-1	0	12	189	144	45
PCT9239	MV	881	499	3	0	33	463	358	105
PCT9241	ED	1005	255	-2	0	20	237	196	41
PCT9241	MV	1005	578	1	0	17	560	458	102
PCT9242	ED	972	277	0	0	13	264	214	50
PCT9242	MV	972	513	3	0	20	490	400	90
PCT9243	ED	594	193	0	0	10	183	147	36
PCT9243	MV	594	307	-2	0	16	293	226	67
PCT9244	ED	903	255	-1	0	13	243	207	36
PCT9244	MV	903	485	2	0	23	460	397	63
PCT9245	ED	742	209	1	0	8	200	163	37
PCT9245	MV	742	375	5	0	18	352	301	51
PCT9246	ED	929	257	1	0	13	243	194	49
PCT9246	MV	929	528	4	0	25	499	392	107
PCT9247	ED	927	264	0	0	11	253	200	53
PCT9247	MV	927	515	3	0	27	485	404	81
PCT9248	ED	907	258	0	0	4	254	217	37
PCT9248	MV	907	487	1	1	17	468	382	86
PCT9249	ED	917	271	0	0	15	256	208	48
PCT9249	MV	917	495	5	0	21	469	379	90
PCT9251	ED	995	287	0	0	9	278	225	53
PCT9251	MV	995	530	6	1	19	504	396	108
PCT9252	ED	944	219	0	0	6	213	171	42
PCT9252	MV	944	550	3	0	21	526	396	130
PCT9253	ED	772	187	0	0	12	175	144	31
PCT9253	MV	772	397	-1	0	22	376	290	86
PCT9254	ED	935	230	0	0	7	223	193	30
PCT9254	MV	935	538	1	0	28	509	417	92
PCT9255	ED	553	183	0	0	9	174	146	28
PCT9255	MV	553	263	2	0	11	250	198	52
PCT9256	ED	474	130	0	0	5	125	106	19
PCT9256	MV	474	233	0	0	7	226	190	36
PCT9257	MV	321	235	0	0	8	227	199	28
PCT9258	ED	712	193	0	0	5	188	144	44
PCT9258	MV	712	373	-2	0	9	366	296	70
PCT9401	ED	1012	293	-1	0	9	285	248	37
PCT9401	MV	1012	484	0	0	17	467	389	78
PCT9402	ED	977	290	-1	0	15	276	224	52
PCT9402	MV	977	458	-1	0	29	430	319	111
PCT9403	ED	897	240	0	0	9	231	188	43
PCT9403	MV	897	419	1	1	14	403	283	120
PCT9404	ED	930	200	0	0	14	186	136	50
PCT9404	MV	930	462	0	0	22	440	292	148
PCT9405	ED	786	210	6	0	16	188	131	57
PCT9405	MV	786	364	-1	1	21	343	232	111
PCT9406	ED	868	244	-1	0	12	233	166	67
PCT9406	MV	868	421	2	0	15	404	300	104
PCT9407	ED	889	253	0	0	8	245	192	53
PCT9407	MV	889	409	1	0	20	388	295	93
PCT9408	ED	886	265	0	0	13	252	209	43
PCT9408	MV	886	415	3	0	17	395	315	80
PCT9409	ED	590	201	-3	0	7	197	177	20
PCT9409	MV	590	252	2	0	17	233	187	46
PCT9411	ED	956	271	2	0	15	254	213	41
PCT9411	MV	956	431	7	1	14	409	326	83
PCT9412	ED	848	245	-1	0	16	230	177	53
PCT9412	MV	848	380	2	0	16	362	252	110
PCT9413	ED	894	229	-1	0	9	221	171	50
PCT9413	MV	894	461	2	0	43	416	289	127
PCT9414	ED	916	216	-1	0	12	205	153	52
PCT9414	MV	916	463	4	0	19	440	300	140
PCT9415	ED	784	187	1	0	8	178	131	47
PCT9415	MV	784	392	4	0	16	372	239	133
PCT9416	ED	1008	282	0	1	13	268	215	53
PCT9416	MV	1008	480	2	0	38	440	307	133
PCT9417	ED	752	175	0	0	7	168	121	47
PCT9417	MV	752	402	4	0	23	375	258	117
PCT9418	ED	790	211	0	0	18	193	131	62
PCT9418	MV	790	376	4	0	24	348	192	156
PCT9419	ED	924	222	1	0	7	214	146	68
PCT9419	MV	924	468	-1	0	45	424	265	159
PCT9421	ED	906	238	0	0	21	217	157	60
PCT9421	MV	906	446	3	0	24	419	224	195
PCT9422	ED	1056	283	0	0	20	263	200	63
PCT9422	MV	1056	513	4	0	22	487	333	154
PCT9423	ED	889	219	0	0	16	203	149	54
PCT9423	MV	889	440	-1	0	27	414	302	112
PCT9424	ED	952	224	0	0	5	219	152	67
PCT9424	MV	952	496	2	0	21	473	289	184
PCT9425	ED	933	199	0	0	16	183	133	50
PCT9425	MV	933	465	-1	0	30	436	260	176
PCT9426	ED	823	198	0	1	14	183	127	56
PCT9426	MV	823	408	5	0	32	371	215	156
PCT9427	ED	948	210	0	0	12	198	127	71
PCT9427	MV	948	447	-3	0	22	428	237	191
PCT9428	ED	961	183	0	0	15	168	131	37
PCT9428	MV	961	518	4	0	35	479	313	166
PCT9429	ED	899	228	1	0	15	212	143	69
PCT9429	MV	899	432	2	0	21	409	250	159
PCT9431	ED	973	235	3	0	15	217	159	58
PCT9431	MV	973	464	1	0	33	430	240	190
PCT9432	ED	945	214	-1	0	14	201	144	57
PCT9432	MV	945	468	2	0	30	436	291	145
PCT9433	ED	945	195	0	0	14	181	117	64
PCT9433	MV	945	487	3	0	34	450	267	183
PCT9434	ED	979	261	0	0	13	248	193	55
PCT9434	MV	979	481	2	0	32	447	296	151
PCT9435	ED	969	251	0	0	12	239	169	70
PCT9435	MV	969	448	1	0	25	422	265	157
PCT9436	ED	1006	232	0	0	14	218	155	63
PCT9436	MV	1006	495	-2	0	39	458	259	199
PCT9437	ED	897	219	-2	0	12	209	139	70
PCT9437	MV	897	435	3	0	26	406	230	176
PCT9438	ED	948	202	2	0	17	183	129	54
PCT9438	MV	948	496	1	0	21	474	305	169
PCT9439	ED	879	173	0	0	8	165	120	45
PCT9439	MV	879	425	0	0	40	385	226	159
PCT9441	ED	980	261	-2	0	14	249	191	58
PCT9441	MV	980	462	0	0	23	439	277	162
PCT9442	ED	1008	280	1	1	9	269	200	69
PCT9442	MV	1008	461	3	0	30	428	277	151
PCT9443	ED	937	220	-1	0	19	202	155	47
PCT9443	MV	937	442	-1	0	17	426	279	147
PCT9444	ED	937	190	1	0	10	179	126	53
PCT9444	MV	937	442	0	1	28	413	255	158
PCT9445	ED	981	230	0	0	10	220	150	70
PCT9445	MV	981	493	0	0	26	467	316	151
PCT9446	ED	1090	240	0	0	11	229	164	65
PCT9446	MV	1090	564	3	0	22	539	338	201
PCT9447	ED	906	236	0	0	9	227	167	60
PCT9447	MV	906	448	-1	0	22	427	280	147
PCT9448	ED	909	232	1	0	13	218	163	55
PCT9448	MV	909	429	-1	0	33	397	259	138
PCT9449	ED	830	177	4	0	11	162	119	43
PCT9449	MV	830	428	5	0	19	404	232	172
PCT9451	ED	420	97	0	0	4	93	71	22
PCT9451	MV	420	218	-1	0	11	208	127	81
PCT9452	ED	840	259	0	0	16	243	171	72
PCT9452	MV	840	412	0	0	22	390	239	151
PCT9453	ED	500	135	0	0	10	125	80	45
PCT9453	MV	500	244	3	0	13	228	142	86
PCT9501	MV	148	110	1	0	7	102	89	13
PCT9502	MV	245	177	2	0	4	171	148	23
PCT9503	ED	729	198	0	0	8	190	167	23
PCT9503	MV	729	315	3	0	14	298	258	40
PCT9505	ED	784	177	0	0	5	172	146	26
PCT9505	MV	784	383	2	0	16	365	311	54
PCT9506	ED	766	177	0	0	5	172	152	20
PCT9506	MV	766	313	0	0	13	300	257	43
PCT9507	ED	766	231	0	0	6	225	202	23
PCT9507	MV	766	406	0	0	18	388	351	37
PCT9508	ED	798	237	0	0	11	226	211	15
PCT9508	MV	798	429	3	0	8	418	382	36
PCT9509	ED	759	230	0	0	6	224	195	29
PCT9509	MV	759	386	-1	1	20	366	318	48
PCT9511	ED	622	190	0	0	10	180	159	21
PCT9511	MV	622	296	0	0	14	282	242	40
PCT9512	ED	809	240	1	0	6	233	211	22
PCT9512	MV	809	399	0	1	7	391	345	46
PCT9513	ED	902	275	0	0	11	264	239	25
PCT9513	MV	902	390	2	0	9	379	337	42
PCT9514	ED	928	304	0	0	13	291	247	44
PCT9514	MV	928	456	4	0	18	434	384	50
PCT9515	ED	705	222	0	0	10	212	179	33
PCT9515	MV	705	368	1	0	23	344	280	64
PCT9516	ED	866	254	-1	0	11	244	185	59
PCT9516	MV	866	427	3	0	18	406	332	74
PCT9517	ED	801	228	0	0	11	217	197	20
PCT9517	MV	801	397	1	0	15	381	325	56
PCT9518	ED	802	229	0	0	6	223	205	18
PCT9518	MV	802	431	4	0	10	417	358	59
PCT9519	ED	910	262	1	0	4	257	220	37
PCT9519	MV	910	486	0	1	15	470	411	59
PCT9521	ED	939	316	-2	1	8	309	263	46
PCT9521	MV	939	442	-1	0	14	429	371	58
PCT9701	ED	671	201	-1	0	10	192	166	26
PCT9701	MV	671	340	2	0	16	322	240	82
PCT9702	ED	723	210	0	0	3	207	184	23
PCT9702	MV	723	364	1	0	10	353	268	85
PCT9703	ED	986	232	0	0	10	222	162	60
PCT9703	MV	986	530	2	0	31	497	335	162
PCT9704	ED	950	279	0	1	15	263	210	53
PCT9704	MV	950	505	1	0	27	477	361	116
PCT9705	ED	919	261	3	0	8	250	217	33
PCT9705	MV	919	483	2	0	22	459	377	82
PCT9706	MV	49	39	-1	0	2	38	33	5
PCT9707	ED	821	173	0	0	15	158	100	58
PCT9707	MV	821	491	3	0	36	452	306	146
PCT9708	ED	948	250	1	0	7	242	187	55
PCT9708	MV	948	500	0	0	31	469	386	83
PCT9709	ED	1028	281	6	0	16	259	194	65
PCT9709	MV	1028	517	4	0	30	483	317	166
PCT9711	ED	641	195	0	0	10	185	140	45
PCT9711	MV	641	336	2	0	21	313	208	105
PCT9712	ED	649	160	0	0	4	156	113	43
PCT9712	MV	649	398	7	0	13	378	279	99
PCT9713	ED	960	225	1	0	13	211	139	72
PCT9713	MV	960	489	-2	0	19	472	305	167
PCT9714	ED	931	208	1	0	8	199	136	63
PCT9714	MV	931	538	6	0	35	497	347	150
PCT9715	ED	569	180	0	0	9	171	130	41
PCT9715	MV	569	309	2	0	15	292	205	87
PCT9716	ED	947	239	-1	0	11	229	168	61
PCT9716	MV	947	481	0	0	38	443	295	148
PCT9717	ED	972	265	-1	0	14	252	174	78
PCT9717	MV	972	532	1	0	20	511	356	155
PCT9718	ED	862	227	0	0	16	211	154	57
PCT9718	MV	862	496	0	0	21	475	337	138
PCT9719	ED	901	245	0	0	11	234	161	73
PCT9719	MV	901	524	7	1	28	488	331	157
PCT9721	ED	662	198	0	0	12	186	140	46
PCT9721	MV	662	357	3	0	21	333	236	97
PCT9722	ED	605	119	1	0	7	111	78	33
PCT9722	MV	605	355	0	0	18	337	245	92
PCT9723	ED	481	98	0	0	2	96	65	31
PCT9723	MV	481	275	0	0	28	247	122	125
PCT9724	ED	991	205	0	0	15	190	99	91
PCT9724	MV	991	565	1	0	38	526	270	256
PCT9725	ED	970	214	1	0	18	195	132	63
PCT9725	MV	970	499	0	0	29	470	283	187
PCT9726	ED	655	263	2	0	7	254	207	47
PCT9726	MV	655	241	-1	0	16	226	174	52
PCT9727	ED	459	79	0	0	2	77	49	28
PCT9727	MV	459	271	1	0	18	252	161	91
PCT9728	ED	926	231	-1	0	12	220	140	80
PCT9728	MV	926	503	4	0	22	477	309	168
PCT9729	ED	800	191	0	0	9	182	119	63
PCT9729	MV	800	442	4	0	21	417	275	142
PCT9731	ED	556	167	0	0	12	155	105	50
PCT9731	MV	556	282	-1	1	15	267	174	93
PCT9732	MV	70	56	0	0	6	50	38	12
PCT9733	MV	235	191	0	0	3	188	149	39
PCT9734	ED	603	154	0	0	2	152	109	43
PCT9734	MV	603	341	0	0	18	323	213	110
PCT9735	ED	809	206	0	0	11	195	129	66
PCT9735	MV	809	449	0	0	35	414	288	126
PCT9736	ED	713	173	0	0	12	161	116	45
PCT9736	MV	713	410	1	0	22	387	295	92
PCT9737	ED	818	208	0	0	11	197	159	38
PCT9737	MV	818	476	2	0	23	451	345	106
PCT9738	ED	848	185	0	0	9	176	137	39
PCT9738	MV	848	404	-1	0	29	376	289	87
PCT9739	ED	828	220	1	0	12	207	181	26
PCT9739	MV	828	335	0	0	17	318	267	51
PCT9741	ED	552	232	-1	0	7	226	203	23
PCT9741	MV	552	105	0	0	5	100	89	11
PCT9742	ED	677	180	4	0	12	164	110	54
PCT9742	MV	677	289	1	0	10	278	179	99
PCT9743	ED	1163	310	0	0	13	297	258	39
PCT9743	MV	1163	501	4	0	32	465	380	85
PCT9744	ED	911	247	2	0	23	222	185	37
PCT9744	MV	911	391	2	0	19	370	297	73
PCT9745	ED	991	282	-2	0	17	267	216	51
PCT9745	MV	991	346	1	0	13	332	265	67
PCT9746	ED	884	232	1	0	12	219	153	66
PCT9746	MV	884	452	2	0	22	428	305	123
PCT9747	ED	973	246	1	0	12	233	181	52
PCT9747	MV	973	470	2	0	30	438	313	125
PCT9748	ED	931	229	1	0	5	223	173	50
PCT9748	MV	931	475	1	1	31	442	322	120
PCT9749	ED	913	225	2	0	13	210	152	58
PCT9749	MV	913	384	-1	1	30	354	245	109
PCT9751	ED	1016	253	0	0	19	234	175	59
PCT9751	MV	1016	523	0	1	27	495	345	150
PCT9752	ED	710	175	3	0	4	168	122	46
PCT9752	MV	710	392	0	0	14	378	264	114
PCT9753	ED	756	186	0	0	9	177	130	47
PCT9753	MV	756	388	0	0	23	365	275	90
PCT9754	ED	707	47	2	0	3	42	33	9
PCT9754	MV	707	377	1	0	16	360	288	72
PCT9755	ED	582	172	-1	0	4	169	134	35
PCT9755	MV	582	285	2	0	9	274	199	75
PCT9756	ED	941	185	0	0	9	176	136	40
PCT9756	MV	941	477	-2	2	28	449	286	163
PCT9801	ED	408	104	0	0	7	97	76	21
PCT9801	MV	408	181	0	0	4	177	135	42
CONG12	TO	443570	332491	863	111	15990	315527	254310	61217
CONG14	TO	56946	40357	79	13	2240	38025	27079	10946
ASSM17	TO	291063	214827	537	74	10132	204084	169796	34288
ASSM19	TO	209453	158021	405	50	8098	149468	111593	37875
BART7	TO	38460	24736	71	7	1282	23376	18494	4882
BART8	TO	223735	166386	444	52	9044	156846	115771	41075
BART9	TO	238321	181726	427	65	7904	173330	147124	26206
SUPV1	TO	42767	32743	69	11	1656	31007	23870	7137
SUPV2	TO	50394	40402	156	16	1910	38320	30264	8056
SUPV3	TO	39799	28571	83	6	1726	26756	21249	5507
SUPV4	TO	42953	31699	79	7	1787	29826	20393	9433
SUPV5	TO	53744	42036	98	18	1776	40144	35274	4870
SUPV6	TO	43321	29158	111	9	1657	27381	22629	4752
SUPV7	TO	47076	36587	99	9	1904	34575	25300	9275
SUPV8	TO	58122	48632	131	23	1712	46766	40454	6312
SUPV9	TO	42988	31769	51	9	1365	30344	25677	4667
SUPV10	TO	41862	26459	50	5	1319	25085	19652	5433
SUPV11	TO	37490	24792	15	11	1418	23348	16627	6721
NEIG1	TO	19914	11270	10	4	654	10602	8175	2427
NEIG2	TO	17446	12440	37	2	813	11588	8996	2592
NEIG3	TO	28644	19045	55	8	1209	17773	14844	2929
NEIG4	TO	7002	5802	19	2	239	5542	4530	1012
NEIG5	TO	27634	18420	15	10	1023	17372	12320	5052
NEIG6	TO	14982	12240	22	6	433	11779	10573	1206
NEIG7	TO	12118	7928	-1	4	486	7439	5337	2102
NEIG8	TO	9734	7857	13	2	311	7531	6381	1150
NEIG9	TO	8390	5918	9	0	349	5560	4119	1441
NEIG10	TO	10097	8010	18	3	336	7653	6258	1395
NEIG11	TO	40622	32395	146	12	1594	30643	24245	6398
NEIG12	TO	31129	23295	37	4	864	22390	19960	2430
NEIG13	TO	16964	14420	20	10	538	13852	11836	2016
NEIG14	TO	8795	7263	17	4	216	7026	6197	829
NEIG15	TO	7019	5232	13	1	293	4925	3828	1097
NEIG26	TO	9293	6104	11	2	376	5715	3857	1858
NEIG16	TO	16814	13081	41	2	475	12563	10616	1947
NEIG17	TO	37322	28503	61	11	1461	26970	20597	6373
NEIG18	TO	8050	6587	16	4	306	6261	4892	1369
NEIG19	TO	9419	7393	13	1	320	7059	6021	1038
NEIG20	TO	24674	17045	69	3	886	16087	13142	2945
NEIG21	TO	42363	31246	80	7	1763	29396	20029	9367
NEIG22	TO	18966	16190	56	7	547	15580	13655	1925
NEIG23	TO	8139	4488	11	0	302	4175	2697	1478
NEIG24	TO	34909	27838	89	6	1421	26322	19141	7181
NEIG25	TO	30077	22838	65	9	1015	21749	19143	2606
