area_id	subtotal_type	RSReg	RSCst	RSRej	RSOvr	RSUnd	RSTot	022:Yes	023:No
ALLPCTS	TO	500516	372848	106	49	147640	225053	200164	24889
ALLPCTS	ED	500516	127886	80	16	50096	77694	68606	9088
ALLPCTS	MV	500516	244962	26	33	97544	147359	131558	15801
PCT1101	ED	553	126	0	0	41	85	74	11
PCT1101	MV	553	266	0	0	90	176	150	26
PCT1102	ED	995	266	0	0	85	181	156	25
PCT1102	MV	995	480	0	0	172	308	268	40
PCT1103	ED	951	246	1	0	89	156	139	17
PCT1103	MV	951	445	0	0	181	264	226	38
PCT1104	ED	993	249	0	0	88	161	128	33
PCT1104	MV	993	414	0	0	137	277	239	38
PCT1106	ED	765	191	0	0	73	118	98	20
PCT1106	MV	765	343	0	0	142	201	164	37
PCT1107	ED	746	163	0	0	67	96	83	13
PCT1107	MV	746	336	0	0	131	205	180	25
PCT1108	ED	909	232	0	0	114	118	107	11
PCT1108	MV	909	438	0	0	178	260	230	30
PCT1109	ED	798	166	0	0	59	107	88	19
PCT1109	MV	798	365	0	0	132	233	205	28
PCT1111	ED	1002	205	0	0	68	137	116	21
PCT1111	MV	1002	460	0	0	186	274	247	27
PCT1112	ED	769	151	0	0	49	102	90	12
PCT1112	MV	769	344	0	0	133	211	185	26
PCT1113	ED	746	135	0	0	52	83	71	12
PCT1113	MV	746	360	0	0	129	231	198	33
PCT1114	ED	957	226	0	0	88	138	113	25
PCT1114	MV	957	404	0	0	135	269	248	21
PCT1115	ED	895	174	0	0	70	104	89	15
PCT1115	MV	895	371	0	0	147	224	183	41
PCT1116	ED	895	225	0	0	88	137	118	19
PCT1116	MV	895	376	0	0	123	253	210	43
PCT1117	ED	858	185	0	0	56	129	96	33
PCT1117	MV	858	357	0	0	130	227	193	34
PCT1118	ED	1043	213	0	0	75	138	118	20
PCT1118	MV	1043	476	0	0	159	317	279	38
PCT1119	ED	791	165	0	0	65	100	91	9
PCT1119	MV	791	386	0	0	144	242	212	30
PCT1121	ED	691	160	0	0	57	103	81	22
PCT1121	MV	691	313	0	0	142	171	146	25
PCT1122	ED	632	110	0	0	42	68	57	11
PCT1122	MV	632	310	0	0	128	182	146	36
PCT1123	ED	915	179	0	0	49	130	107	23
PCT1123	MV	915	364	0	0	137	227	176	51
PCT1124	ED	819	152	0	0	48	104	91	13
PCT1124	MV	819	302	0	0	82	220	181	39
PCT1125	ED	1047	159	0	0	53	106	89	17
PCT1125	MV	1047	466	0	0	142	324	281	43
PCT1126	ED	922	191	0	0	50	141	118	23
PCT1126	MV	922	400	0	2	119	279	250	29
PCT1127	ED	920	200	0	0	66	134	116	18
PCT1127	MV	920	382	0	0	120	262	218	44
PCT1128	ED	838	154	0	0	53	101	83	18
PCT1128	MV	838	362	0	0	124	238	192	46
PCT1129	ED	980	227	0	0	77	150	126	24
PCT1129	MV	980	416	0	0	135	281	234	47
PCT1131	ED	797	132	0	0	43	89	74	15
PCT1131	MV	797	371	0	1	140	230	179	51
PCT1132	ED	969	179	0	0	76	103	84	19
PCT1132	MV	969	427	0	1	151	275	242	33
PCT1133	ED	863	161	0	0	59	102	87	15
PCT1133	MV	863	410	0	0	155	255	226	29
PCT1134	ED	759	170	0	0	57	113	94	19
PCT1134	MV	759	318	0	0	130	188	163	25
PCT1135	ED	540	87	0	0	39	48	36	12
PCT1135	MV	540	295	0	0	120	175	147	28
PCT1136	ED	829	144	0	0	49	95	77	18
PCT1136	MV	829	412	0	0	163	249	200	49
PCT1141	ED	1041	223	0	0	84	139	113	26
PCT1141	MV	1041	484	0	0	147	337	294	43
PCT1142	ED	861	175	0	0	51	124	105	19
PCT1142	MV	861	393	0	0	142	251	227	24
PCT1143	ED	1034	229	0	0	61	168	141	27
PCT1143	MV	1034	440	0	0	148	292	258	34
PCT1144	ED	907	205	0	0	52	153	124	29
PCT1144	MV	907	387	0	0	113	274	225	49
PCT1145	ED	888	189	0	0	74	115	98	17
PCT1145	MV	888	461	0	0	164	297	258	39
PCT1146	ED	1011	186	0	0	53	133	113	20
PCT1146	MV	1011	454	0	0	144	310	273	37
PCT1147	ED	877	210	0	0	84	126	99	27
PCT1147	MV	877	396	0	0	117	279	238	41
PCT1148	ED	962	196	0	0	63	133	115	18
PCT1148	MV	962	444	0	0	144	300	250	50
PCT1149	ED	907	210	0	0	71	139	122	17
PCT1149	MV	907	407	0	0	135	272	238	34
PCT1152	ED	864	198	0	0	64	134	113	21
PCT1152	MV	864	388	0	0	112	276	237	39
PCT1153	ED	951	210	0	1	75	134	108	26
PCT1153	MV	951	415	0	0	152	263	220	43
PCT7001	ED	776	176	2	0	66	108	98	10
PCT7001	MV	776	429	0	0	166	263	243	20
PCT7002	ED	706	176	0	0	67	109	103	6
PCT7002	MV	706	332	0	0	133	199	185	14
PCT7003	ED	884	238	0	1	99	138	128	10
PCT7003	MV	884	498	0	0	216	282	260	22
PCT7004	ED	881	241	1	0	99	141	132	9
PCT7004	MV	881	496	0	0	200	296	276	20
PCT7005	ED	847	253	0	0	104	149	139	10
PCT7005	MV	847	480	0	0	194	286	263	23
PCT7006	ED	917	254	0	0	110	144	118	26
PCT7006	MV	917	442	0	0	143	299	264	35
PCT7007	ED	949	283	0	0	99	184	166	18
PCT7007	MV	949	516	0	0	209	307	267	40
PCT7008	ED	932	264	1	0	106	157	145	12
PCT7008	MV	932	546	1	0	233	312	284	28
PCT7009	ED	905	185	0	0	64	121	96	25
PCT7009	MV	905	513	0	0	184	329	309	20
PCT7011	ED	985	204	0	0	68	136	111	25
PCT7011	MV	985	294	0	0	107	187	166	21
PCT7012	ED	1109	313	0	0	117	196	178	18
PCT7012	MV	1109	594	0	0	228	366	330	36
PCT7013	ED	956	267	0	0	113	154	138	16
PCT7013	MV	956	501	0	0	176	325	305	20
PCT7014	ED	1460	367	0	0	146	221	205	16
PCT7014	MV	1460	802	0	1	292	509	471	38
PCT7015	MV	95	44	0	0	16	28	25	3
PCT7016	ED	918	171	0	0	48	123	106	17
PCT7016	MV	918	280	0	0	94	186	155	31
PCT7017	ED	754	149	0	1	58	90	76	14
PCT7017	MV	754	252	0	0	86	166	132	34
PCT7018	ED	977	155	0	0	62	93	75	18
PCT7018	MV	977	448	0	0	169	279	232	47
PCT7019	ED	899	182	0	0	58	124	106	18
PCT7019	MV	899	413	0	0	152	261	229	32
PCT7021	ED	947	184	0	0	53	131	113	18
PCT7021	MV	947	305	0	0	111	194	180	14
PCT7022	ED	945	215	0	0	73	142	119	23
PCT7022	MV	945	352	0	0	111	241	199	42
PCT7023	ED	928	178	0	0	61	117	101	16
PCT7023	MV	928	400	0	0	141	259	227	32
PCT7024	ED	414	70	0	0	30	40	30	10
PCT7024	MV	414	78	0	0	25	53	46	7
PCT7025	ED	477	85	0	0	31	54	48	6
PCT7025	MV	477	128	0	0	43	85	69	16
PCT7026	ED	1011	149	0	0	51	98	87	11
PCT7026	MV	1011	455	0	0	172	283	239	44
PCT7027	ED	869	195	0	0	79	116	98	18
PCT7027	MV	869	353	0	0	130	223	181	42
PCT7028	ED	850	213	0	0	67	146	129	17
PCT7028	MV	850	282	0	0	97	185	157	28
PCT7029	ED	901	184	0	0	70	114	82	32
PCT7029	MV	901	251	0	0	79	172	141	31
PCT7030	ED	759	119	0	0	46	73	60	13
PCT7030	MV	759	357	0	0	117	240	191	49
PCT7031	ED	641	91	0	0	34	57	47	10
PCT7031	MV	641	309	0	0	97	212	190	22
PCT7032	ED	904	173	1	0	60	112	89	23
PCT7032	MV	904	316	0	0	93	223	202	21
PCT7033	ED	798	191	0	0	65	126	105	21
PCT7033	MV	798	247	0	1	78	168	145	23
PCT7034	ED	958	197	0	0	69	128	101	27
PCT7034	MV	958	201	0	0	74	127	105	22
PCT7035	ED	606	122	0	0	43	79	69	10
PCT7035	MV	606	262	0	0	82	180	156	24
PCT7036	ED	921	117	0	0	29	88	70	18
PCT7036	MV	921	342	0	0	117	225	187	38
PCT7037	ED	735	135	0	0	63	72	55	17
PCT7037	MV	735	98	0	0	35	63	57	6
PCT7038	ED	911	135	0	0	49	86	67	19
PCT7038	MV	911	351	0	0	113	238	195	43
PCT7039	ED	784	178	0	0	63	115	92	23
PCT7039	MV	784	306	0	0	117	189	169	20
PCT7041	MV	61	33	0	0	15	18	17	1
PCT7042	ED	639	118	0	0	37	81	68	13
PCT7042	MV	639	258	0	0	96	162	130	32
PCT7043	ED	957	176	0	0	47	129	112	17
PCT7043	MV	957	404	0	0	160	244	221	23
PCT7044	ED	827	167	0	0	59	108	90	18
PCT7044	MV	827	193	0	0	76	117	98	19
PCT7045	ED	779	120	0	0	56	64	51	13
PCT7045	MV	779	344	0	0	158	186	152	34
PCT7046	ED	402	94	0	0	30	64	57	7
PCT7046	MV	402	175	0	0	63	112	90	22
PCT7047	ED	823	119	0	0	51	68	58	10
PCT7047	MV	823	388	0	0	154	234	209	25
PCT7048	ED	858	150	3	0	52	95	89	6
PCT7048	MV	858	318	0	0	113	205	175	30
PCT7049	ED	792	173	0	0	57	116	94	22
PCT7049	MV	792	305	0	0	119	186	144	42
PCT7051	ED	861	114	0	0	46	68	55	13
PCT7051	MV	861	380	0	0	151	229	188	41
PCT7052	ED	852	161	0	0	56	105	87	18
PCT7052	MV	852	402	0	0	153	249	218	31
PCT7053	ED	548	102	0	0	43	59	49	10
PCT7053	MV	548	278	0	0	104	174	149	25
PCT7054	ED	1073	215	0	0	76	139	111	28
PCT7054	MV	1073	410	0	0	130	280	224	56
PCT7055	ED	808	190	0	0	65	125	117	8
PCT7055	MV	808	440	0	0	165	275	248	27
PCT7101	MV	155	120	1	0	44	75	71	4
PCT7201	ED	936	245	0	0	126	119	104	15
PCT7201	MV	936	518	0	0	233	285	253	32
PCT7202	ED	850	227	0	0	111	116	103	13
PCT7202	MV	850	431	0	0	183	248	235	13
PCT7203	ED	921	291	1	0	121	169	156	13
PCT7203	MV	921	423	0	0	198	225	208	17
PCT7204	ED	918	233	0	0	102	131	116	15
PCT7204	MV	918	531	0	0	231	300	279	21
PCT7205	ED	875	251	0	0	113	138	132	6
PCT7205	MV	875	485	0	0	213	272	243	29
PCT7206	ED	378	135	0	0	52	83	76	7
PCT7206	MV	378	191	0	0	83	108	101	7
PCT7207	ED	812	196	0	0	82	114	105	9
PCT7207	MV	812	434	0	0	188	246	221	25
PCT7208	ED	600	111	0	0	54	57	50	7
PCT7208	MV	600	328	0	0	130	198	181	17
PCT7209	ED	626	107	0	0	50	57	53	4
PCT7209	MV	626	423	0	0	186	237	217	20
PCT7301	ED	1016	228	0	0	84	144	124	20
PCT7301	MV	1016	435	0	0	186	249	220	29
PCT7302	ED	814	188	0	0	80	108	92	16
PCT7302	MV	814	458	0	0	195	263	230	33
PCT7303	ED	1042	281	0	0	122	159	142	17
PCT7303	MV	1042	482	0	0	201	281	261	20
PCT7304	ED	1002	278	0	0	131	147	130	17
PCT7304	MV	1002	493	0	0	217	276	229	47
PCT7305	ED	871	240	0	0	107	133	123	10
PCT7305	MV	871	460	0	0	217	243	216	27
PCT7306	ED	1056	317	0	0	140	177	161	16
PCT7306	MV	1056	498	0	0	238	260	227	33
PCT7307	ED	767	210	0	0	96	114	110	4
PCT7307	MV	767	346	0	0	145	201	179	22
PCT7308	ED	603	177	0	0	72	105	94	11
PCT7308	MV	603	313	0	0	143	170	161	9
PCT7309	ED	884	263	0	0	137	126	114	12
PCT7309	MV	884	439	0	0	183	256	225	31
PCT7311	ED	917	268	0	0	118	150	144	6
PCT7311	MV	917	448	0	0	191	257	236	21
PCT7312	ED	821	203	0	0	84	119	114	5
PCT7312	MV	821	470	0	0	208	262	241	21
PCT7313	ED	968	225	1	0	100	124	106	18
PCT7313	MV	968	485	0	0	201	284	258	26
PCT7314	ED	787	125	0	0	51	74	52	22
PCT7314	MV	787	271	0	0	122	149	134	15
PCT7315	ED	760	220	0	0	95	125	109	16
PCT7315	MV	760	282	0	0	127	155	136	19
PCT7316	ED	853	205	0	0	103	102	90	12
PCT7316	MV	853	367	0	0	157	210	182	28
PCT7317	ED	904	189	0	0	85	104	91	13
PCT7317	MV	904	454	0	0	178	276	242	34
PCT7318	ED	727	179	0	0	88	91	84	7
PCT7318	MV	727	390	0	0	170	220	186	34
PCT7319	ED	1079	301	0	0	122	179	160	19
PCT7319	MV	1079	516	0	0	240	276	254	22
PCT7321	ED	671	149	0	0	76	73	60	13
PCT7321	MV	671	286	0	0	122	164	143	21
PCT7322	ED	874	65	0	0	29	36	30	6
PCT7322	MV	874	337	0	0	171	166	139	27
PCT7323	ED	950	234	0	0	89	145	129	16
PCT7323	MV	950	455	0	0	202	253	231	22
PCT7324	ED	755	190	0	0	94	96	90	6
PCT7324	MV	755	364	0	0	148	216	204	12
PCT7325	ED	904	243	0	0	102	141	122	19
PCT7325	MV	904	436	0	0	207	229	208	21
PCT7326	ED	876	200	0	0	84	116	113	3
PCT7326	MV	876	430	0	1	184	245	219	26
PCT7327	ED	699	71	0	0	30	41	39	2
PCT7327	MV	699	276	0	0	115	161	145	16
PCT7328	ED	973	94	0	0	50	44	39	5
PCT7328	MV	973	394	0	0	176	218	191	27
PCT7329	ED	640	112	0	0	53	59	53	6
PCT7329	MV	640	321	0	0	133	188	163	25
PCT7331	ED	852	213	0	0	87	126	108	18
PCT7331	MV	852	461	0	0	213	248	224	24
PCT7332	ED	834	225	0	0	92	133	121	12
PCT7332	MV	834	364	0	0	141	223	199	24
PCT7333	ED	1044	298	0	0	120	178	166	12
PCT7333	MV	1044	543	0	0	222	321	284	37
PCT7334	ED	881	199	0	0	100	99	89	10
PCT7334	MV	881	462	0	0	202	260	235	25
PCT7335	ED	970	225	0	0	87	138	129	9
PCT7335	MV	970	523	0	0	228	295	270	25
PCT7336	ED	955	238	0	0	107	131	121	10
PCT7336	MV	955	523	0	1	223	299	272	27
PCT7337	ED	851	179	0	0	71	108	95	13
PCT7337	MV	851	464	0	0	187	277	238	39
PCT7338	ED	915	153	0	0	53	100	82	18
PCT7338	MV	915	426	0	0	176	250	215	35
PCT7339	ED	669	174	0	0	63	111	95	16
PCT7339	MV	669	309	0	0	116	193	177	16
PCT7341	ED	908	260	0	0	113	147	122	25
PCT7341	MV	908	401	0	0	157	244	221	23
PCT7342	ED	947	334	0	0	116	218	193	25
PCT7342	MV	947	414	0	0	157	257	236	21
PCT7343	ED	731	234	0	0	83	151	136	15
PCT7343	MV	731	316	0	0	106	210	195	15
PCT7344	ED	1110	291	0	0	109	182	161	21
PCT7344	MV	1110	538	0	1	178	359	312	47
PCT7345	ED	1141	329	1	0	116	212	189	23
PCT7345	MV	1141	521	0	0	201	320	293	27
PCT7346	ED	920	250	0	0	88	162	136	26
PCT7346	MV	920	384	0	0	138	246	213	33
PCT7347	ED	1040	241	0	0	84	157	140	17
PCT7347	MV	1040	480	0	0	156	324	293	31
PCT7348	ED	861	210	0	0	75	135	123	12
PCT7348	MV	861	353	0	0	131	222	188	34
PCT7349	ED	957	248	0	0	89	159	149	10
PCT7349	MV	957	427	0	0	169	258	228	30
PCT7501	ED	565	172	0	0	68	104	98	6
PCT7501	MV	565	308	0	0	151	157	147	10
PCT7502	ED	784	180	1	0	68	111	100	11
PCT7502	MV	784	447	0	0	179	268	237	31
PCT7503	ED	764	208	0	0	85	123	112	11
PCT7503	MV	764	388	0	0	149	239	220	19
PCT7504	ED	503	112	0	0	48	64	60	4
PCT7504	MV	503	222	0	0	79	143	133	10
PCT7505	ED	869	158	0	0	63	95	88	7
PCT7505	MV	869	532	0	1	226	305	288	17
PCT7506	ED	999	226	0	0	75	151	135	16
PCT7506	MV	999	473	0	0	182	291	258	33
PCT7507	ED	955	211	0	0	77	134	115	19
PCT7507	MV	955	344	0	0	124	220	200	20
PCT7508	ED	727	154	0	0	61	93	80	13
PCT7508	MV	727	427	0	0	180	247	228	19
PCT7509	ED	932	235	2	0	78	155	140	15
PCT7509	MV	932	470	1	0	166	303	258	45
PCT7512	ED	612	150	0	0	72	78	69	9
PCT7512	MV	612	283	0	0	113	170	152	18
PCT7513	ED	818	225	0	0	89	136	124	12
PCT7513	MV	818	315	0	0	104	211	188	23
PCT7514	ED	874	140	0	0	52	88	74	14
PCT7514	MV	874	305	0	0	101	204	175	29
PCT7515	ED	869	212	0	0	83	129	109	20
PCT7515	MV	869	389	0	0	152	237	208	29
PCT7516	ED	922	172	0	0	69	103	88	15
PCT7516	MV	922	538	0	0	192	346	304	42
PCT7517	ED	863	289	0	0	101	188	178	10
PCT7517	MV	863	410	0	0	166	244	223	21
PCT7518	ED	950	309	0	0	117	192	167	25
PCT7518	MV	950	480	0	0	182	298	270	28
PCT7519	ED	737	224	0	0	82	142	129	13
PCT7519	MV	737	355	0	0	144	211	201	10
PCT7521	ED	812	292	0	0	122	170	153	17
PCT7521	MV	812	354	0	1	158	195	184	11
PCT7522	ED	764	207	0	0	78	129	117	12
PCT7522	MV	764	397	0	0	160	237	222	15
PCT7523	ED	747	275	0	0	93	182	169	13
PCT7523	MV	747	359	0	0	121	238	217	21
PCT7524	ED	615	181	0	0	65	116	102	14
PCT7524	MV	615	262	0	0	99	163	151	12
PCT7525	ED	800	205	0	0	73	132	116	16
PCT7525	MV	800	341	0	0	134	207	188	19
PCT7526	ED	1011	292	0	0	110	182	162	20
PCT7526	MV	1011	552	0	0	230	322	306	16
PCT7527	ED	725	211	0	0	74	137	127	10
PCT7527	MV	725	339	0	0	127	212	194	18
PCT7529	ED	948	295	0	0	120	175	167	8
PCT7529	MV	948	486	0	0	169	317	288	29
PCT7531	ED	865	228	0	0	72	156	139	17
PCT7531	MV	865	442	0	0	160	282	274	8
PCT7532	ED	852	246	0	0	97	149	129	20
PCT7532	MV	852	398	0	0	172	226	201	25
PCT7533	ED	1015	357	0	0	112	245	230	15
PCT7533	MV	1015	490	0	0	198	292	278	14
PCT7534	ED	936	322	0	0	146	176	161	15
PCT7534	MV	936	415	0	0	167	248	220	28
PCT7535	ED	767	262	0	0	87	175	166	9
PCT7535	MV	767	387	0	0	154	233	215	18
PCT7536	ED	863	291	0	0	99	192	167	25
PCT7536	MV	863	421	0	0	180	241	223	18
PCT7537	ED	752	240	0	0	91	149	137	12
PCT7537	MV	752	363	0	1	143	219	209	10
PCT7538	ED	771	246	0	0	87	159	149	10
PCT7538	MV	771	400	0	0	156	244	235	9
PCT7539	ED	922	330	0	0	130	200	184	16
PCT7539	MV	922	428	0	0	165	263	244	19
PCT7541	ED	805	248	0	0	92	156	142	14
PCT7541	MV	805	400	0	0	145	255	238	17
PCT7542	ED	821	272	0	0	92	180	164	16
PCT7542	MV	821	389	0	0	136	253	240	13
PCT7543	ED	909	216	0	0	84	132	119	13
PCT7543	MV	909	467	0	0	168	299	276	23
PCT7544	ED	898	258	0	0	105	153	142	11
PCT7544	MV	898	479	0	0	174	305	287	18
PCT7545	ED	918	273	0	0	98	175	159	16
PCT7545	MV	918	480	0	0	195	285	255	30
PCT7546	ED	982	304	0	0	119	185	166	19
PCT7546	MV	982	517	0	0	186	331	310	21
PCT7547	ED	1029	315	0	0	122	193	175	18
PCT7547	MV	1029	505	0	0	199	306	286	20
PCT7548	ED	1073	319	1	0	122	196	184	12
PCT7548	MV	1073	512	0	0	176	336	307	29
PCT7549	ED	811	215	0	0	92	123	114	9
PCT7549	MV	811	431	0	0	187	244	222	22
PCT7551	ED	741	239	0	0	87	152	139	13
PCT7551	MV	741	394	0	0	136	258	242	16
PCT7552	ED	727	241	0	0	96	145	139	6
PCT7552	MV	727	361	0	0	151	210	195	15
PCT7553	MV	180	126	0	0	35	91	89	2
PCT7554	ED	808	247	0	0	98	149	141	8
PCT7554	MV	808	442	0	0	201	241	226	15
PCT7555	ED	886	290	0	0	97	193	182	11
PCT7555	MV	886	459	0	0	201	258	238	20
PCT7556	ED	969	275	0	0	117	158	148	10
PCT7556	MV	969	573	0	0	219	354	344	10
PCT7601	ED	767	191	0	0	59	132	118	14
PCT7601	MV	767	290	0	0	93	197	177	20
PCT7602	ED	901	213	0	0	77	136	114	22
PCT7602	MV	901	379	0	0	123	256	229	27
PCT7603	ED	830	250	0	0	80	170	143	27
PCT7603	MV	830	376	0	0	137	239	216	23
PCT7604	ED	954	266	0	0	101	165	133	32
PCT7604	MV	954	352	0	0	105	247	218	29
PCT7605	ED	648	120	0	0	53	67	60	7
PCT7605	MV	648	203	0	0	71	132	115	17
PCT7606	ED	924	205	0	0	73	132	104	28
PCT7606	MV	924	330	0	0	110	220	197	23
PCT7607	ED	960	215	0	1	87	127	104	23
PCT7607	MV	960	407	0	0	123	284	251	33
PCT7608	ED	392	70	0	1	28	41	30	11
PCT7608	MV	392	136	0	0	55	81	68	13
PCT7609	ED	926	120	0	0	36	84	63	21
PCT7609	MV	926	352	0	0	134	218	195	23
PCT7611	ED	755	126	0	0	39	87	74	13
PCT7611	MV	755	269	0	0	104	165	141	24
PCT7612	ED	583	97	0	0	40	57	45	12
PCT7612	MV	583	265	0	0	104	161	146	15
PCT7613	ED	908	204	0	0	74	130	113	17
PCT7613	MV	908	340	0	0	108	232	193	39
PCT7614	ED	1029	223	0	0	84	139	120	19
PCT7614	MV	1029	375	0	0	104	271	231	40
PCT7615	ED	762	162	0	0	56	106	82	24
PCT7615	MV	762	237	0	0	93	144	122	22
PCT7616	ED	1203	324	0	0	150	174	161	13
PCT7616	MV	1203	686	0	0	243	443	404	39
PCT7617	ED	768	102	0	0	40	62	53	9
PCT7617	MV	768	261	0	0	90	171	150	21
PCT7618	ED	862	168	0	0	69	99	86	13
PCT7618	MV	862	407	0	0	149	258	236	22
PCT7619	ED	1063	219	0	0	81	138	119	19
PCT7619	MV	1063	563	0	0	223	340	307	33
PCT7621	ED	1320	287	0	0	105	182	165	17
PCT7621	MV	1320	668	0	0	236	432	381	51
PCT7622	ED	988	170	0	0	54	116	100	16
PCT7622	MV	988	301	0	0	90	211	186	25
PCT7623	ED	746	184	0	0	70	114	99	15
PCT7623	MV	746	297	0	0	85	212	188	24
PCT7624	ED	859	142	0	0	38	104	89	15
PCT7624	MV	859	290	0	0	81	209	187	22
PCT7625	ED	822	66	0	0	28	38	32	6
PCT7625	MV	822	475	0	0	204	271	248	23
PCT7626	ED	1114	227	0	0	88	139	126	13
PCT7626	MV	1114	612	0	0	238	374	342	32
PCT7627	ED	1187	267	0	0	112	155	141	14
PCT7627	MV	1187	582	0	0	240	342	300	42
PCT7628	ED	960	241	0	0	87	154	131	23
PCT7628	MV	960	428	0	0	154	274	246	28
PCT7629	ED	809	208	0	1	71	136	125	11
PCT7629	MV	809	343	0	0	125	218	201	17
PCT7631	ED	1155	270	0	0	118	152	136	16
PCT7631	MV	1155	577	0	0	222	355	317	38
PCT7632	ED	1124	289	0	0	125	164	145	19
PCT7632	MV	1124	561	0	0	194	367	330	37
PCT7633	ED	741	137	0	0	49	88	74	14
PCT7633	MV	741	392	0	0	162	230	199	31
PCT7634	ED	900	195	0	0	78	117	98	19
PCT7634	MV	900	421	0	0	153	268	241	27
PCT7635	ED	840	158	0	0	66	92	79	13
PCT7635	MV	840	382	0	0	137	245	227	18
PCT7636	ED	938	251	0	0	113	138	115	23
PCT7636	MV	938	465	0	0	180	285	259	26
PCT7637	ED	809	193	0	0	88	105	91	14
PCT7637	MV	809	404	0	0	165	239	210	29
PCT7638	ED	1467	295	0	0	126	169	147	22
PCT7638	MV	1467	871	1	0	374	496	449	47
PCT7639	ED	1011	242	0	0	112	130	113	17
PCT7639	MV	1011	559	0	0	223	336	318	18
PCT7641	ED	972	205	0	1	94	110	100	10
PCT7641	MV	972	549	0	1	228	320	284	36
PCT7642	ED	937	153	0	0	56	97	91	6
PCT7642	MV	937	394	0	0	186	208	177	31
PCT7643	ED	920	169	0	0	79	90	75	15
PCT7643	MV	920	507	0	1	165	341	308	33
PCT7644	ED	1175	330	0	0	125	205	176	29
PCT7644	MV	1175	554	0	0	208	346	313	33
PCT7645	ED	640	120	0	0	46	74	66	8
PCT7645	MV	640	377	0	0	175	202	180	22
PCT7646	ED	1100	267	0	1	115	151	138	13
PCT7646	MV	1100	592	0	0	240	352	325	27
PCT7647	ED	1075	205	0	0	71	134	109	25
PCT7647	MV	1075	283	0	0	79	204	176	28
PCT7648	MV	1	0	0	0	0	0	0	0
PCT7649	ED	891	178	0	0	77	101	85	16
PCT7649	MV	891	395	0	0	125	270	243	27
PCT7651	ED	677	166	1	0	78	87	77	10
PCT7651	MV	677	351	0	0	141	210	186	24
PCT7652	ED	628	135	0	0	49	86	70	16
PCT7652	MV	628	301	0	0	125	176	165	11
PCT7653	ED	1280	300	0	0	130	170	159	11
PCT7653	MV	1280	673	0	0	299	374	344	30
PCT7701	ED	1064	296	0	1	113	182	166	16
PCT7701	MV	1064	597	0	0	248	349	322	27
PCT7702	ED	748	180	0	0	73	107	95	12
PCT7702	MV	748	415	0	0	178	237	202	35
PCT7703	MV	171	79	0	1	32	46	41	5
PCT7704	ED	1008	257	0	0	99	158	138	20
PCT7704	MV	1008	557	0	0	222	335	298	37
PCT7705	ED	568	149	0	0	61	88	81	7
PCT7705	MV	568	335	0	0	133	202	181	21
PCT7706	ED	840	252	0	0	99	153	138	15
PCT7706	MV	840	467	0	0	204	263	225	38
PCT7707	ED	857	241	1	0	76	164	143	21
PCT7707	MV	857	495	0	0	222	273	252	21
PCT7708	ED	871	205	0	0	86	119	100	19
PCT7708	MV	871	540	0	0	206	334	293	41
PCT7709	ED	391	102	0	0	32	70	58	12
PCT7709	MV	391	222	0	0	82	140	128	12
PCT7711	ED	766	198	0	0	83	115	109	6
PCT7711	MV	766	422	0	0	174	248	223	25
PCT7712	ED	529	149	0	0	57	92	77	15
PCT7712	MV	529	296	0	0	110	186	169	17
PCT7801	ED	1001	264	1	0	114	149	138	11
PCT7801	MV	1001	596	0	0	252	344	315	29
PCT7802	ED	788	230	0	0	91	139	131	8
PCT7802	MV	788	458	0	0	208	250	227	23
PCT7803	ED	828	174	0	0	75	99	95	4
PCT7803	MV	828	552	0	0	215	337	316	21
PCT7804	ED	893	257	0	0	108	149	139	10
PCT7804	MV	893	533	0	0	222	311	295	16
PCT7805	ED	825	228	0	0	83	145	136	9
PCT7805	MV	825	484	0	0	180	304	281	23
PCT7806	ED	716	208	2	0	68	138	130	8
PCT7806	MV	716	407	0	0	148	259	242	17
PCT7807	ED	844	276	0	0	90	186	166	20
PCT7807	MV	844	417	0	0	167	250	231	19
PCT7808	ED	655	211	0	0	74	137	133	4
PCT7808	MV	655	333	0	0	137	196	187	9
PCT7809	ED	781	238	0	0	100	138	126	12
PCT7809	MV	781	405	0	0	141	264	246	18
PCT7811	ED	783	249	0	1	78	170	151	19
PCT7811	MV	783	404	0	0	142	262	242	20
PCT7812	ED	877	257	0	0	96	161	150	11
PCT7812	MV	877	454	0	0	183	271	258	13
PCT7813	ED	1064	308	1	0	118	189	171	18
PCT7813	MV	1064	585	0	0	231	354	323	31
PCT7814	ED	936	228	0	0	78	150	125	25
PCT7814	MV	936	341	0	1	113	227	199	28
PCT7815	ED	954	238	0	0	98	140	130	10
PCT7815	MV	954	573	0	0	224	349	323	26
PCT7816	ED	865	236	0	0	105	131	121	10
PCT7816	MV	865	531	1	0	210	320	300	20
PCT7817	ED	823	277	0	0	103	174	148	26
PCT7817	MV	823	439	0	0	144	295	279	16
PCT7818	ED	860	234	0	0	96	138	126	12
PCT7818	MV	860	452	2	0	179	271	257	14
PCT7819	ED	793	191	0	0	73	118	110	8
PCT7819	MV	793	420	0	0	165	255	232	23
PCT7821	ED	985	248	0	0	83	165	147	18
PCT7821	MV	985	630	0	0	236	394	361	33
PCT7822	ED	908	275	0	0	103	172	145	27
PCT7822	MV	908	480	0	0	181	299	269	30
PCT7823	ED	879	270	6	0	93	171	159	12
PCT7823	MV	879	501	0	0	179	322	300	22
PCT7824	ED	768	247	0	0	91	156	149	7
PCT7824	MV	768	383	0	0	166	217	197	20
PCT7825	ED	597	191	0	0	76	115	109	6
PCT7825	MV	597	302	0	1	112	189	170	19
PCT7826	ED	684	258	0	0	95	163	153	10
PCT7826	MV	684	319	0	2	129	188	170	18
PCT7827	ED	831	261	0	0	88	173	157	16
PCT7827	MV	831	361	0	0	128	233	212	21
PCT7828	ED	1018	261	0	0	95	166	152	14
PCT7828	MV	1018	549	0	0	207	342	314	28
PCT7829	ED	907	237	1	0	87	149	134	15
PCT7829	MV	907	557	0	0	223	334	305	29
PCT7831	ED	882	233	0	0	85	148	139	9
PCT7831	MV	882	544	0	0	220	324	298	26
PCT7832	ED	780	188	0	0	61	127	116	11
PCT7832	MV	780	488	0	0	195	293	272	21
PCT7833	ED	747	230	0	0	93	137	131	6
PCT7833	MV	747	412	0	0	179	233	213	20
PCT7834	ED	867	277	0	0	105	172	160	12
PCT7834	MV	867	439	0	0	159	280	267	13
PCT7835	ED	847	211	0	0	80	131	114	17
PCT7835	MV	847	505	1	0	175	329	279	50
PCT7836	ED	1023	260	0	0	95	165	148	17
PCT7836	MV	1023	623	0	0	229	394	355	39
PCT7837	ED	911	260	0	0	109	151	137	14
PCT7837	MV	911	509	2	0	216	291	274	17
PCT7838	ED	926	239	0	0	80	159	145	14
PCT7838	MV	926	546	0	0	240	306	281	25
PCT7839	ED	842	205	0	0	88	117	110	7
PCT7839	MV	842	515	0	0	212	303	274	29
PCT7841	ED	937	291	0	0	129	162	148	14
PCT7841	MV	937	526	0	0	211	315	291	24
PCT7842	ED	903	283	0	0	109	174	159	15
PCT7842	MV	903	434	0	0	176	258	234	24
PCT7843	ED	767	232	0	0	82	150	143	7
PCT7843	MV	767	380	0	1	155	224	210	14
PCT7844	ED	663	196	0	0	73	123	112	11
PCT7844	MV	663	329	0	0	124	205	188	17
PCT7845	ED	849	241	0	0	102	139	127	12
PCT7845	MV	849	469	0	0	194	275	260	15
PCT7846	ED	904	262	0	0	115	147	138	9
PCT7846	MV	904	509	0	0	221	288	266	22
PCT7847	ED	929	261	0	0	106	155	141	14
PCT7847	MV	929	529	0	0	219	310	291	19
PCT7848	ED	834	233	0	0	100	133	121	12
PCT7848	MV	834	491	0	0	211	280	267	13
PCT7849	ED	929	264	0	0	120	144	136	8
PCT7849	MV	929	522	0	0	202	320	295	25
PCT7851	ED	513	136	0	0	68	68	62	6
PCT7851	MV	513	298	0	0	129	169	160	9
PCT7852	ED	647	143	0	0	57	86	72	14
PCT7852	MV	647	394	0	0	159	235	205	30
PCT7853	ED	850	214	0	0	69	145	132	13
PCT7853	MV	850	479	0	0	192	287	262	25
PCT7854	ED	894	248	0	0	98	150	132	18
PCT7854	MV	894	500	0	0	200	300	276	24
PCT7855	ED	986	301	0	0	118	183	172	11
PCT7855	MV	986	522	0	0	210	312	288	24
PCT7856	ED	800	265	0	0	100	165	153	12
PCT7856	MV	800	425	0	0	145	280	252	28
PCT7857	ED	933	276	0	0	120	156	140	16
PCT7857	MV	933	517	0	0	212	305	293	12
PCT7858	ED	775	245	0	0	88	157	145	12
PCT7858	MV	775	394	0	0	128	266	245	21
PCT7859	ED	891	250	0	0	103	147	137	10
PCT7859	MV	891	513	0	0	207	306	279	27
PCT7861	ED	859	217	0	0	94	123	111	12
PCT7861	MV	859	510	0	2	208	300	258	42
PCT7862	ED	866	302	0	0	109	193	180	13
PCT7862	MV	866	472	0	0	176	296	276	20
PCT7863	ED	907	311	0	0	114	197	180	17
PCT7863	MV	907	440	0	0	156	284	262	22
PCT7864	ED	807	232	0	0	82	150	143	7
PCT7864	MV	807	427	0	0	162	265	242	23
PCT7865	ED	823	241	0	0	89	152	134	18
PCT7865	MV	823	463	0	0	190	273	250	23
PCT7866	ED	836	209	0	0	76	133	121	12
PCT7866	MV	836	491	0	0	200	291	265	26
PCT7867	ED	955	266	0	0	108	158	144	14
PCT7867	MV	955	512	0	0	198	314	291	23
PCT7868	ED	881	242	0	0	91	151	137	14
PCT7868	MV	881	449	1	0	161	287	262	25
PCT7869	ED	867	239	0	0	93	146	136	10
PCT7869	MV	867	489	0	0	206	283	265	18
PCT7871	ED	900	259	0	0	107	152	138	14
PCT7871	MV	900	502	2	1	182	317	293	24
PCT7872	ED	862	288	0	0	103	185	168	17
PCT7872	MV	862	472	0	0	194	278	261	17
PCT7873	ED	861	257	0	0	86	171	162	9
PCT7873	MV	861	502	0	0	210	292	266	26
PCT7874	ED	477	137	0	0	47	90	79	11
PCT7874	MV	477	256	1	0	97	158	148	10
PCT7875	ED	623	180	0	0	66	114	97	17
PCT7875	MV	623	285	0	0	115	170	147	23
PCT7876	ED	498	154	10	0	65	79	72	7
PCT7876	MV	498	269	0	0	99	170	165	5
PCT7901	ED	522	136	0	0	53	83	77	6
PCT7901	MV	522	198	0	0	67	131	115	16
PCT7902	ED	968	258	0	0	82	176	151	25
PCT7902	MV	968	401	0	1	137	263	240	23
PCT7903	ED	840	201	0	0	75	126	111	15
PCT7903	MV	840	350	0	0	115	235	209	26
PCT7904	ED	877	212	0	0	74	138	129	9
PCT7904	MV	877	403	0	0	151	252	228	24
PCT7905	ED	851	254	0	0	100	154	138	16
PCT7905	MV	851	409	1	0	144	264	235	29
PCT7906	ED	787	245	0	0	109	136	117	19
PCT7906	MV	787	335	0	0	126	209	185	24
PCT7907	ED	950	278	0	0	97	181	167	14
PCT7907	MV	950	425	0	0	154	271	244	27
PCT7908	ED	949	284	0	0	108	176	149	27
PCT7908	MV	949	408	0	0	137	271	242	29
PCT7909	ED	733	251	0	1	80	170	148	22
PCT7909	MV	733	303	0	0	109	194	183	11
PCT7911	ED	860	244	0	2	79	163	140	23
PCT7911	MV	860	395	0	0	138	257	225	32
PCT7912	ED	1065	291	0	0	107	184	170	14
PCT7912	MV	1065	463	0	0	167	296	270	26
PCT7913	ED	913	312	0	1	93	218	193	25
PCT7913	MV	913	378	0	0	108	270	246	24
PCT7914	ED	883	278	0	0	110	168	151	17
PCT7914	MV	883	425	0	0	156	269	236	33
PCT7915	ED	831	266	0	0	79	187	166	21
PCT7915	MV	831	351	0	0	104	247	233	14
PCT7916	ED	888	284	0	0	111	173	153	20
PCT7916	MV	888	421	0	0	143	278	247	31
PCT7917	ED	1015	315	0	0	113	202	182	20
PCT7917	MV	1015	428	0	0	130	298	274	24
PCT7918	ED	836	253	0	0	91	162	153	9
PCT7918	MV	836	379	0	0	149	230	213	17
PCT7919	ED	895	309	0	0	85	224	205	19
PCT7919	MV	895	376	0	0	123	253	213	40
PCT7921	ED	917	232	0	0	59	173	140	33
PCT7921	MV	917	366	0	1	123	242	210	32
PCT7922	ED	831	250	0	0	88	162	148	14
PCT7922	MV	831	383	0	0	136	247	222	25
PCT7923	ED	885	262	0	0	71	191	166	25
PCT7923	MV	885	403	0	0	133	270	244	26
PCT7924	ED	842	238	0	0	82	156	140	16
PCT7924	MV	842	382	0	1	109	272	242	30
PCT7925	ED	567	156	0	0	53	103	95	8
PCT7925	MV	567	293	0	0	96	197	175	22
PCT7926	ED	795	229	0	0	88	141	124	17
PCT7926	MV	795	390	0	0	140	250	227	23
PCT7927	ED	747	241	0	0	91	150	134	16
PCT7927	MV	747	392	0	0	164	228	201	27
PCT7928	ED	931	284	0	0	110	174	159	15
PCT7928	MV	931	489	0	0	156	333	294	39
PCT7929	ED	864	248	0	0	80	168	155	13
PCT7929	MV	864	509	1	0	197	311	288	23
PCT7931	ED	738	219	0	0	90	129	120	9
PCT7931	MV	738	408	0	0	158	250	226	24
PCT7932	ED	551	157	1	0	47	109	100	9
PCT7932	MV	551	285	0	0	107	178	163	15
PCT7933	MV	6	4	0	0	2	2	2	0
PCT7934	ED	890	250	0	0	100	150	133	17
PCT7934	MV	890	472	0	0	159	313	287	26
PCT7935	ED	970	305	0	0	129	176	163	13
PCT7935	MV	970	519	0	0	237	282	261	21
PCT7936	ED	856	287	0	0	105	182	168	14
PCT7936	MV	856	428	0	0	146	282	255	27
PCT7937	ED	886	267	0	0	96	171	153	18
PCT7937	MV	886	435	0	0	166	269	243	26
PCT7938	ED	788	213	0	0	72	141	124	17
PCT7938	MV	788	337	0	1	122	214	195	19
PCT7939	ED	688	254	0	0	95	159	142	17
PCT7939	MV	688	326	0	0	127	199	187	12
PCT7941	ED	751	218	0	0	80	138	125	13
PCT7941	MV	751	348	0	0	130	218	199	19
PCT7942	ED	914	259	1	0	83	175	161	14
PCT7942	MV	914	412	0	0	155	257	223	34
PCT7943	ED	872	258	4	0	92	162	134	28
PCT7943	MV	872	439	0	0	158	281	250	31
PCT7944	ED	801	243	0	0	83	160	139	21
PCT7944	MV	801	381	0	0	140	241	214	27
PCT7945	ED	915	186	0	0	68	118	109	9
PCT7945	MV	915	414	0	0	137	277	245	32
PCT7946	ED	945	183	0	0	63	120	101	19
PCT7946	MV	945	451	0	0	170	281	249	32
PCT7947	ED	946	182	0	0	74	108	87	21
PCT7947	MV	946	430	0	0	152	278	253	25
PCT7948	ED	928	210	0	0	73	137	112	25
PCT7948	MV	928	422	0	0	163	259	226	33
PCT7949	ED	569	100	0	0	44	56	51	5
PCT7949	MV	569	292	0	0	121	171	146	25
PCT7951	ED	854	166	0	0	65	101	80	21
PCT7951	MV	854	425	0	0	178	247	207	40
PCT7952	ED	866	167	0	0	49	118	91	27
PCT7952	MV	866	359	0	0	130	229	196	33
PCT7953	ED	824	186	2	0	69	115	102	13
PCT7953	MV	824	402	0	0	150	252	210	42
PCT7955	ED	902	199	0	0	69	130	116	14
PCT7955	MV	902	435	0	0	157	278	237	41
PCT7956	ED	823	136	0	0	48	88	75	13
PCT7956	MV	823	353	0	0	124	229	192	37
PCT7957	ED	646	147	0	0	56	91	64	27
PCT7957	MV	646	298	0	0	106	192	165	27
PCT7958	MV	290	141	0	0	46	95	83	12
PCT7959	ED	727	160	0	0	58	102	88	14
PCT7959	MV	727	326	0	0	108	218	202	16
PCT9001	MV	273	142	0	0	32	110	90	20
PCT9101	ED	888	260	0	0	104	156	136	20
PCT9101	MV	888	438	0	0	182	256	226	30
PCT9102	ED	985	257	0	0	107	150	128	22
PCT9102	MV	985	471	0	0	179	292	255	37
PCT9103	ED	954	273	0	0	99	174	146	28
PCT9103	MV	954	431	0	0	197	234	210	24
PCT9104	ED	988	239	0	0	94	145	123	22
PCT9104	MV	988	465	0	0	194	271	236	35
PCT9105	ED	919	247	0	0	107	140	118	22
PCT9105	MV	919	488	0	0	194	294	268	26
PCT9106	ED	937	268	1	0	92	175	159	16
PCT9106	MV	937	497	0	0	206	291	256	35
PCT9107	ED	849	219	0	0	88	131	114	17
PCT9107	MV	849	372	0	1	145	226	203	23
PCT9108	ED	790	247	0	0	74	173	162	11
PCT9108	MV	790	373	1	0	139	233	210	23
PCT9109	ED	884	263	0	0	115	148	132	16
PCT9109	MV	884	428	0	0	165	263	236	27
PCT9111	ED	779	229	0	0	94	135	124	11
PCT9111	MV	779	346	0	0	139	207	178	29
PCT9112	ED	976	284	0	0	115	169	149	20
PCT9112	MV	976	467	0	0	239	228	203	25
PCT9113	ED	999	311	0	0	132	179	164	15
PCT9113	MV	999	505	0	0	183	322	296	26
PCT9114	ED	877	263	0	0	121	142	127	15
PCT9114	MV	877	405	0	0	150	255	235	20
PCT9115	ED	911	258	0	0	94	164	145	19
PCT9115	MV	911	429	0	0	169	260	236	24
PCT9116	ED	944	281	1	0	102	178	161	17
PCT9116	MV	944	473	0	0	189	284	247	37
PCT9117	ED	783	222	0	0	79	143	128	15
PCT9117	MV	783	398	0	0	146	252	232	20
PCT9118	ED	974	286	0	0	114	172	157	15
PCT9118	MV	974	426	0	0	178	248	210	38
PCT9119	ED	891	237	0	0	104	133	108	25
PCT9119	MV	891	447	0	0	176	271	242	29
PCT9121	ED	930	256	0	0	100	156	132	24
PCT9121	MV	930	434	0	0	197	237	209	28
PCT9122	ED	953	210	0	0	90	120	109	11
PCT9122	MV	953	454	0	1	195	258	231	27
PCT9123	ED	858	232	0	0	76	156	134	22
PCT9123	MV	858	418	0	0	167	251	217	34
PCT9124	ED	874	202	0	0	72	130	115	15
PCT9124	MV	874	438	0	0	196	242	205	37
PCT9125	ED	861	210	0	0	88	122	104	18
PCT9125	MV	861	437	0	0	207	230	209	21
PCT9126	ED	1015	245	0	0	111	134	114	20
PCT9126	MV	1015	533	0	0	236	297	260	37
PCT9127	ED	960	269	0	0	116	153	139	14
PCT9127	MV	960	498	0	0	216	282	262	20
PCT9128	ED	828	248	0	0	99	149	140	9
PCT9128	MV	828	412	0	0	163	249	217	32
PCT9129	ED	741	243	0	0	90	153	129	24
PCT9129	MV	741	348	0	0	153	195	176	19
PCT9131	ED	759	193	0	0	81	112	95	17
PCT9131	MV	759	403	0	0	169	234	213	21
PCT9132	ED	837	248	0	0	115	133	121	12
PCT9132	MV	837	371	0	0	144	227	199	28
PCT9133	ED	1021	271	0	0	91	180	162	18
PCT9133	MV	1021	503	0	0	189	314	284	30
PCT9134	ED	893	210	0	0	98	112	100	12
PCT9134	MV	893	469	0	0	209	260	233	27
PCT9135	ED	808	215	0	0	83	132	117	15
PCT9135	MV	808	389	0	0	181	208	180	28
PCT9136	ED	929	253	0	0	115	138	116	22
PCT9136	MV	929	439	0	0	185	254	220	34
PCT9137	ED	1006	260	0	0	102	158	133	25
PCT9137	MV	1006	467	0	0	193	274	237	37
PCT9138	ED	943	226	1	0	85	140	123	17
PCT9138	MV	943	477	1	1	163	312	273	39
PCT9139	ED	975	243	0	0	103	140	120	20
PCT9139	MV	975	510	0	0	199	311	264	47
PCT9141	ED	953	252	0	0	101	151	136	15
PCT9141	MV	953	477	0	0	192	285	241	44
PCT9142	ED	966	276	0	0	114	162	151	11
PCT9142	MV	966	459	0	0	163	296	268	28
PCT9143	ED	920	251	0	0	100	151	136	15
PCT9143	MV	920	463	0	0	191	272	232	40
PCT9144	ED	962	293	0	0	123	170	162	8
PCT9144	MV	962	482	0	0	191	291	267	24
PCT9145	ED	861	249	1	0	83	165	144	21
PCT9145	MV	861	423	0	0	190	233	208	25
PCT9146	ED	885	245	0	0	102	143	131	12
PCT9146	MV	885	464	0	0	189	275	246	29
PCT9147	ED	971	281	0	0	123	158	141	17
PCT9147	MV	971	492	0	0	177	315	283	32
PCT9148	ED	1034	325	0	0	123	202	178	24
PCT9148	MV	1034	513	0	0	215	298	267	31
PCT9149	ED	948	264	0	0	103	161	140	21
PCT9149	MV	948	478	0	0	190	288	262	26
PCT9151	ED	872	227	0	0	95	132	115	17
PCT9151	MV	872	418	0	0	171	247	223	24
PCT9152	ED	721	270	0	0	78	192	173	19
PCT9152	MV	721	279	0	0	86	193	175	18
PCT9201	ED	1004	300	0	0	108	192	170	22
PCT9201	MV	1004	475	0	0	166	309	287	22
PCT9202	ED	971	294	0	0	124	170	152	18
PCT9202	MV	971	426	0	0	169	257	235	22
PCT9203	ED	1002	239	0	0	119	120	102	18
PCT9203	MV	1002	536	0	0	249	287	248	39
PCT9204	ED	873	273	0	0	130	143	138	5
PCT9204	MV	873	393	0	0	204	189	170	19
PCT9205	ED	728	208	0	0	100	108	102	6
PCT9205	MV	728	376	0	1	189	186	168	18
PCT9206	ED	931	249	0	0	120	129	106	23
PCT9206	MV	931	479	0	0	241	238	200	38
PCT9207	ED	981	262	0	0	133	129	108	21
PCT9207	MV	981	502	0	0	262	240	216	24
PCT9208	ED	1002	287	0	0	131	156	142	14
PCT9208	MV	1002	491	0	0	224	267	246	21
PCT9209	ED	711	245	0	0	111	134	114	20
PCT9209	MV	711	327	0	0	159	168	143	25
PCT9211	ED	889	234	0	0	111	123	111	12
PCT9211	MV	889	432	0	0	220	212	196	16
PCT9212	ED	803	234	0	0	109	125	111	14
PCT9212	MV	803	400	0	0	180	220	201	19
PCT9213	ED	951	264	0	1	110	153	137	16
PCT9213	MV	951	508	0	0	233	275	255	20
PCT9214	ED	640	166	0	0	75	91	81	10
PCT9214	MV	640	334	0	0	152	182	168	14
PCT9215	ED	652	194	0	0	85	109	95	14
PCT9215	MV	652	327	0	0	170	157	146	11
PCT9216	ED	845	246	0	0	123	123	113	10
PCT9216	MV	845	379	0	0	173	206	194	12
PCT9217	ED	698	194	0	0	90	104	97	7
PCT9217	MV	698	349	0	0	173	176	163	13
PCT9218	ED	841	249	0	0	107	142	129	13
PCT9218	MV	841	412	0	0	198	214	191	23
PCT9219	ED	802	242	0	0	103	139	128	11
PCT9219	MV	802	399	0	0	179	220	201	19
PCT9221	ED	651	145	0	0	58	87	85	2
PCT9221	MV	651	399	0	0	216	183	165	18
PCT9222	ED	883	249	0	0	126	123	115	8
PCT9222	MV	883	449	0	0	220	229	219	10
PCT9223	ED	638	160	0	0	77	83	80	3
PCT9223	MV	638	338	0	0	169	169	161	8
PCT9224	ED	960	263	0	0	109	154	128	26
PCT9224	MV	960	506	0	0	235	271	241	30
PCT9225	ED	958	299	0	0	146	153	137	16
PCT9225	MV	958	469	0	0	219	250	231	19
PCT9226	ED	926	271	0	0	127	144	128	16
PCT9226	MV	926	486	0	0	218	268	235	33
PCT9227	ED	738	188	0	0	77	111	103	8
PCT9227	MV	738	404	0	0	161	243	224	19
PCT9228	ED	747	189	0	0	84	105	91	14
PCT9228	MV	747	424	0	0	176	248	221	27
PCT9229	ED	598	162	0	0	76	86	77	9
PCT9229	MV	598	316	0	0	136	180	169	11
PCT9231	ED	953	313	0	0	142	171	165	6
PCT9231	MV	953	488	0	1	207	280	259	21
PCT9232	ED	735	212	0	0	104	108	90	18
PCT9232	MV	735	396	0	0	163	233	213	20
PCT9233	ED	793	209	0	0	94	115	111	4
PCT9233	MV	793	434	0	0	221	213	196	17
PCT9234	ED	746	187	0	0	84	103	96	7
PCT9234	MV	746	438	0	0	202	236	215	21
PCT9235	ED	884	239	0	0	103	136	130	6
PCT9235	MV	884	488	0	0	245	243	224	19
PCT9236	ED	683	201	0	0	79	122	116	6
PCT9236	MV	683	358	0	0	170	188	177	11
PCT9237	ED	936	229	0	0	111	118	107	11
PCT9237	MV	936	539	0	0	247	292	267	25
PCT9238	ED	842	230	0	0	126	104	95	9
PCT9238	MV	842	456	0	0	185	271	242	29
PCT9239	ED	881	200	0	0	85	115	104	11
PCT9239	MV	881	499	0	0	259	240	229	11
PCT9241	ED	1005	255	0	0	117	138	125	13
PCT9241	MV	1005	578	0	0	257	321	293	28
PCT9242	ED	972	277	0	0	123	154	132	22
PCT9242	MV	972	513	0	0	240	273	242	31
PCT9243	ED	594	193	0	0	84	109	97	12
PCT9243	MV	594	307	0	0	130	177	166	11
PCT9244	ED	903	255	0	0	123	132	124	8
PCT9244	MV	903	485	0	0	233	252	234	18
PCT9245	ED	742	209	0	0	89	120	111	9
PCT9245	MV	742	375	0	0	184	191	178	13
PCT9246	ED	929	257	0	0	116	141	129	12
PCT9246	MV	929	528	0	0	240	288	256	32
PCT9247	ED	927	264	0	0	106	158	137	21
PCT9247	MV	927	515	0	0	200	315	293	22
PCT9248	ED	907	258	0	0	97	161	143	18
PCT9248	MV	907	487	0	0	214	273	250	23
PCT9249	ED	917	271	0	0	122	149	131	18
PCT9249	MV	917	495	0	0	216	279	258	21
PCT9251	ED	995	287	0	0	119	168	154	14
PCT9251	MV	995	530	0	0	253	277	248	29
PCT9252	ED	944	219	0	0	103	116	102	14
PCT9252	MV	944	550	0	0	232	318	274	44
PCT9253	ED	772	187	0	0	82	105	97	8
PCT9253	MV	772	397	0	0	172	225	206	19
PCT9254	ED	935	230	0	0	82	148	131	17
PCT9254	MV	935	538	0	0	208	330	306	24
PCT9255	ED	553	183	0	0	86	97	91	6
PCT9255	MV	553	263	0	0	111	152	139	13
PCT9256	ED	474	130	0	0	55	75	72	3
PCT9256	MV	474	233	0	0	97	136	131	5
PCT9257	MV	321	235	0	0	79	156	148	8
PCT9258	ED	712	193	0	0	77	116	103	13
PCT9258	MV	712	373	0	0	162	211	189	22
PCT9401	ED	1012	293	0	0	120	173	144	29
PCT9401	MV	1012	484	0	0	183	301	263	38
PCT9402	ED	977	290	0	0	130	160	140	20
PCT9402	MV	977	458	0	0	189	269	242	27
PCT9403	ED	897	240	0	0	89	151	129	22
PCT9403	MV	897	419	0	0	166	253	222	31
PCT9404	ED	930	200	0	0	84	116	100	16
PCT9404	MV	930	462	0	0	197	265	227	38
PCT9405	ED	786	210	0	0	87	123	105	18
PCT9405	MV	786	364	0	0	157	207	172	35
PCT9406	ED	868	244	0	0	87	157	139	18
PCT9406	MV	868	421	0	0	186	235	197	38
PCT9407	ED	889	253	0	0	101	152	136	16
PCT9407	MV	889	409	0	0	156	253	233	20
PCT9408	ED	886	265	0	0	90	175	150	25
PCT9408	MV	886	415	0	0	155	260	238	22
PCT9409	ED	590	201	0	0	71	130	118	12
PCT9409	MV	590	252	0	0	107	145	127	18
PCT9411	ED	956	271	0	0	101	170	144	26
PCT9411	MV	956	431	0	0	146	285	252	33
PCT9412	ED	848	245	0	0	114	131	116	15
PCT9412	MV	848	380	0	0	163	217	188	29
PCT9413	ED	894	229	0	1	95	133	114	19
PCT9413	MV	894	461	0	0	239	222	194	28
PCT9414	ED	916	216	0	0	97	119	100	19
PCT9414	MV	916	463	0	0	192	271	244	27
PCT9415	ED	784	187	0	0	83	104	86	18
PCT9415	MV	784	392	0	1	167	224	195	29
PCT9416	ED	1008	282	1	0	115	166	146	20
PCT9416	MV	1008	480	1	0	226	253	205	48
PCT9417	ED	752	175	0	0	69	106	94	12
PCT9417	MV	752	402	0	0	177	225	196	29
PCT9418	ED	790	211	0	0	95	116	97	19
PCT9418	MV	790	376	0	0	185	191	164	27
PCT9419	ED	924	222	0	0	103	119	103	16
PCT9419	MV	924	468	0	0	222	246	211	35
PCT9421	ED	906	238	0	0	123	115	93	22
PCT9421	MV	906	446	0	0	235	211	182	29
PCT9422	ED	1056	283	0	0	114	169	145	24
PCT9422	MV	1056	513	0	0	216	297	254	43
PCT9423	ED	889	219	0	0	94	125	105	20
PCT9423	MV	889	440	0	0	195	245	209	36
PCT9424	ED	952	224	0	0	85	139	115	24
PCT9424	MV	952	496	0	0	212	284	230	54
PCT9425	ED	933	199	0	0	89	110	92	18
PCT9425	MV	933	465	0	0	207	258	231	27
PCT9426	ED	823	198	0	0	90	108	93	15
PCT9426	MV	823	408	0	0	185	223	191	32
PCT9427	ED	948	210	0	0	111	99	84	15
PCT9427	MV	948	447	0	0	206	241	203	38
PCT9428	ED	961	183	0	0	88	95	80	15
PCT9428	MV	961	518	0	0	211	307	259	48
PCT9429	ED	899	228	1	0	89	138	107	31
PCT9429	MV	899	432	0	0	179	253	212	41
PCT9431	ED	973	235	0	0	97	138	121	17
PCT9431	MV	973	464	0	0	183	281	241	40
PCT9432	ED	945	214	0	0	98	116	98	18
PCT9432	MV	945	468	0	0	215	253	225	28
PCT9433	ED	945	195	0	0	83	112	94	18
PCT9433	MV	945	487	0	0	240	247	210	37
PCT9434	ED	979	261	0	0	113	148	128	20
PCT9434	MV	979	481	1	0	199	281	244	37
PCT9435	ED	969	251	0	0	107	144	123	21
PCT9435	MV	969	448	0	0	197	251	214	37
PCT9436	ED	1006	232	0	0	104	128	109	19
PCT9436	MV	1006	495	0	0	204	291	251	40
PCT9437	ED	897	219	0	0	88	131	109	22
PCT9437	MV	897	435	0	0	189	246	212	34
PCT9438	ED	948	202	0	0	89	113	99	14
PCT9438	MV	948	496	0	0	207	289	252	37
PCT9439	ED	879	173	0	0	71	102	89	13
PCT9439	MV	879	425	0	0	192	233	186	47
PCT9441	ED	980	261	0	0	107	154	133	21
PCT9441	MV	980	462	0	0	192	270	234	36
PCT9442	ED	1008	280	0	0	106	174	148	26
PCT9442	MV	1008	461	0	0	196	265	226	39
PCT9443	ED	937	220	1	0	86	133	113	20
PCT9443	MV	937	442	0	0	164	278	231	47
PCT9444	ED	937	190	1	0	82	107	92	15
PCT9444	MV	937	442	0	0	190	252	208	44
PCT9445	ED	981	230	0	0	89	141	126	15
PCT9445	MV	981	493	0	0	218	275	242	33
PCT9446	ED	1090	240	0	0	117	123	105	18
PCT9446	MV	1090	564	0	0	248	316	273	43
PCT9447	ED	906	236	0	0	93	143	127	16
PCT9447	MV	906	448	0	0	215	233	200	33
PCT9448	ED	909	232	0	0	74	158	135	23
PCT9448	MV	909	429	0	0	177	252	210	42
PCT9449	ED	830	177	2	0	80	95	84	11
PCT9449	MV	830	428	0	0	181	247	204	43
PCT9451	ED	420	97	0	0	39	58	51	7
PCT9451	MV	420	218	0	0	97	121	102	19
PCT9452	ED	840	259	0	0	115	144	115	29
PCT9452	MV	840	412	0	0	204	208	165	43
PCT9453	ED	500	135	0	0	61	74	63	11
PCT9453	MV	500	244	0	0	112	132	114	18
PCT9501	MV	148	110	0	0	39	71	60	11
PCT9502	MV	245	177	0	0	71	106	102	4
PCT9503	ED	729	198	0	0	78	120	110	10
PCT9503	MV	729	315	0	0	109	206	184	22
PCT9505	ED	784	177	0	0	70	107	92	15
PCT9505	MV	784	383	0	0	137	246	224	22
PCT9506	ED	766	177	0	0	66	111	97	14
PCT9506	MV	766	313	0	0	109	204	188	16
PCT9507	ED	766	231	0	0	87	144	134	10
PCT9507	MV	766	406	0	0	160	246	226	20
PCT9508	ED	798	237	0	0	99	138	132	6
PCT9508	MV	798	429	0	0	151	278	258	20
PCT9509	ED	759	230	0	0	94	136	127	9
PCT9509	MV	759	386	0	0	162	224	205	19
PCT9511	ED	622	190	0	0	71	119	105	14
PCT9511	MV	622	296	0	0	128	168	150	18
PCT9512	ED	809	240	0	0	83	157	145	12
PCT9512	MV	809	399	0	0	156	243	228	15
PCT9513	ED	902	275	0	0	97	178	160	18
PCT9513	MV	902	390	0	0	127	263	239	24
PCT9514	ED	928	304	0	0	121	183	164	19
PCT9514	MV	928	456	0	0	184	272	251	21
PCT9515	ED	705	222	0	0	82	140	124	16
PCT9515	MV	705	368	0	0	153	215	184	31
PCT9516	ED	866	254	0	0	108	146	133	13
PCT9516	MV	866	427	0	0	171	256	241	15
PCT9517	ED	801	228	0	0	94	134	120	14
PCT9517	MV	801	397	0	0	142	255	223	32
PCT9518	ED	802	229	0	0	74	155	141	14
PCT9518	MV	802	431	0	0	152	279	255	24
PCT9519	ED	910	262	0	0	99	163	143	20
PCT9519	MV	910	486	0	0	187	299	276	23
PCT9521	ED	939	316	0	0	124	192	175	17
PCT9521	MV	939	442	0	0	179	263	234	29
PCT9701	ED	671	201	0	0	78	123	115	8
PCT9701	MV	671	340	0	0	154	186	166	20
PCT9702	ED	723	210	0	0	81	129	117	12
PCT9702	MV	723	364	0	0	140	224	203	21
PCT9703	ED	986	232	0	0	81	151	131	20
PCT9703	MV	986	530	0	0	242	288	243	45
PCT9704	ED	950	279	0	0	112	167	159	8
PCT9704	MV	950	505	0	0	225	280	251	29
PCT9705	ED	919	261	3	0	115	143	127	16
PCT9705	MV	919	483	0	0	188	295	262	33
PCT9706	MV	49	39	0	0	21	18	18	0
PCT9707	ED	821	173	0	0	86	87	66	21
PCT9707	MV	821	491	0	0	213	278	236	42
PCT9708	ED	948	250	0	0	99	151	130	21
PCT9708	MV	948	500	0	0	218	282	246	36
PCT9709	ED	1028	281	7	0	125	149	130	19
PCT9709	MV	1028	517	0	0	234	283	255	28
PCT9711	ED	641	195	0	0	84	111	95	16
PCT9711	MV	641	336	0	0	151	185	164	21
PCT9712	ED	649	160	0	0	65	95	85	10
PCT9712	MV	649	398	1	0	173	224	214	10
PCT9713	ED	960	225	1	0	99	125	106	19
PCT9713	MV	960	489	0	0	231	258	229	29
PCT9714	ED	931	208	1	0	80	127	101	26
PCT9714	MV	931	538	0	0	232	306	270	36
PCT9715	ED	569	180	0	0	70	110	99	11
PCT9715	MV	569	309	0	0	129	180	167	13
PCT9716	ED	947	239	0	0	98	141	110	31
PCT9716	MV	947	481	0	0	219	262	222	40
PCT9717	ED	972	265	0	0	111	154	132	22
PCT9717	MV	972	532	0	0	238	294	258	36
PCT9718	ED	862	227	0	0	87	140	122	18
PCT9718	MV	862	496	0	0	185	311	269	42
PCT9719	ED	901	245	0	0	104	141	126	15
PCT9719	MV	901	524	2	0	245	277	240	37
PCT9721	ED	662	198	0	0	66	132	119	13
PCT9721	MV	662	357	0	0	148	209	188	21
PCT9722	ED	605	119	1	0	45	73	64	9
PCT9722	MV	605	355	0	0	135	220	199	21
PCT9723	ED	481	98	0	0	43	55	47	8
PCT9723	MV	481	275	0	0	128	147	121	26
PCT9724	ED	991	205	0	0	98	107	82	25
PCT9724	MV	991	565	0	0	271	294	246	48
PCT9725	ED	970	214	0	0	86	128	104	24
PCT9725	MV	970	499	0	0	236	263	225	38
PCT9726	ED	655	263	0	0	75	188	157	31
PCT9726	MV	655	241	0	0	91	150	128	22
PCT9727	ED	459	79	0	0	33	46	35	11
PCT9727	MV	459	271	0	0	106	165	136	29
PCT9728	ED	926	231	0	0	97	134	112	22
PCT9728	MV	926	503	0	0	195	308	257	51
PCT9729	ED	800	191	0	0	86	105	92	13
PCT9729	MV	800	442	0	0	184	258	232	26
PCT9731	ED	556	167	0	0	70	97	86	11
PCT9731	MV	556	282	0	0	116	166	148	18
PCT9732	MV	70	56	0	0	23	33	26	7
PCT9733	MV	235	191	0	0	68	123	113	10
PCT9734	ED	603	154	0	0	62	92	83	9
PCT9734	MV	603	341	0	0	137	204	182	22
PCT9735	ED	809	206	0	0	91	115	101	14
PCT9735	MV	809	449	0	0	182	267	243	24
PCT9736	ED	713	173	0	0	59	114	99	15
PCT9736	MV	713	410	0	0	166	244	221	23
PCT9737	ED	818	208	0	0	77	131	115	16
PCT9737	MV	818	476	0	0	189	287	245	42
PCT9738	ED	848	185	0	0	66	119	98	21
PCT9738	MV	848	404	0	0	138	266	232	34
PCT9739	ED	828	220	0	0	52	168	136	32
PCT9739	MV	828	335	0	0	102	233	197	36
PCT9741	ED	552	232	0	0	73	159	133	26
PCT9741	MV	552	105	0	0	37	68	56	12
PCT9742	ED	677	180	4	0	76	100	90	10
PCT9742	MV	677	289	0	0	113	176	156	20
PCT9743	ED	1163	310	0	0	93	217	178	39
PCT9743	MV	1163	501	0	0	179	322	282	40
PCT9744	ED	911	247	1	0	88	158	131	27
PCT9744	MV	911	391	0	0	151	240	210	30
PCT9745	ED	991	282	0	0	106	176	148	28
PCT9745	MV	991	346	0	0	103	243	220	23
PCT9746	ED	884	232	0	0	71	161	131	30
PCT9746	MV	884	452	0	0	193	259	223	36
PCT9747	ED	973	246	0	0	82	164	150	14
PCT9747	MV	973	470	0	0	192	278	248	30
PCT9748	ED	931	229	0	0	81	148	127	21
PCT9748	MV	931	475	1	0	186	288	248	40
PCT9749	ED	913	225	2	0	80	143	112	31
PCT9749	MV	913	384	0	0	141	243	216	27
PCT9751	ED	1016	253	0	0	98	155	133	22
PCT9751	MV	1016	523	0	0	198	325	292	33
PCT9752	ED	710	175	3	0	63	109	91	18
PCT9752	MV	710	392	0	0	151	241	210	31
PCT9753	ED	756	186	0	0	67	119	105	14
PCT9753	MV	756	388	0	0	157	231	196	35
PCT9754	ED	707	47	0	0	16	31	25	6
PCT9754	MV	707	377	0	0	136	241	220	21
PCT9755	ED	582	172	0	0	62	110	96	14
PCT9755	MV	582	285	2	0	101	182	156	26
PCT9756	ED	941	185	0	0	69	116	97	19
PCT9756	MV	941	477	0	0	188	289	234	55
PCT9801	ED	408	104	0	0	30	74	64	10
PCT9801	MV	408	181	0	0	60	121	108	13
CONG12	TO	443570	332491	87	45	132443	199916	178573	21343
CONG14	TO	56946	40357	19	4	15197	25137	21591	3546
ASSM17	TO	291063	214827	62	37	82398	132330	118647	13683
ASSM19	TO	209453	158021	44	12	65242	92723	81517	11206
BART7	TO	38460	24736	3	7	9352	15374	13415	1959
BART8	TO	223735	166386	47	13	69694	96632	84762	11870
BART9	TO	238321	181726	56	29	68594	113047	101987	11060
SUPV1	TO	42767	32743	7	3	13228	19505	17305	2200
SUPV2	TO	50394	40402	1	3	18260	22138	20138	2000
SUPV3	TO	39799	28571	2	3	11953	16613	14823	1790
SUPV4	TO	42953	31699	8	2	13592	18097	15522	2575
SUPV5	TO	53744	42036	5	3	16131	25897	23699	2198
SUPV6	TO	43321	29158	2	7	11079	18070	16000	2070
SUPV7	TO	47076	36587	30	2	14678	21877	19093	2784
SUPV8	TO	58122	48632	31	9	18928	29664	27252	2412
SUPV9	TO	42988	31769	10	8	11342	20409	18160	2249
SUPV10	TO	41862	26459	9	4	9717	16729	14510	2219
SUPV11	TO	37490	24792	1	5	8732	16054	13662	2392
NEIG1	TO	19914	11270	1	2	3933	7334	6203	1131
NEIG2	TO	17446	12440	1	1	5443	6995	6267	728
NEIG3	TO	28644	19045	1	4	7125	11915	10482	1433
NEIG4	TO	7002	5802	3	1	2274	3524	3206	318
NEIG5	TO	27634	18420	1	5	6374	12040	10228	1812
NEIG6	TO	14982	12240	2	2	4724	7512	6961	551
NEIG7	TO	12118	7928	2	0	2926	5000	4265	735
NEIG8	TO	9734	7857	0	0	3116	4741	4306	435
NEIG9	TO	8390	5918	1	0	2216	3701	3131	570
NEIG10	TO	10097	8010	0	0	3343	4667	4219	448
NEIG11	TO	40622	32395	5	2	14665	17723	16081	1642
NEIG12	TO	31129	23295	3	12	8260	15020	13569	1451
NEIG13	TO	16964	14420	3	2	5737	8678	7956	722
NEIG14	TO	8795	7263	2	0	2715	4546	4124	422
NEIG15	TO	7019	5232	0	0	2259	2973	2644	329
NEIG26	TO	9293	6104	2	0	2261	3841	3263	578
NEIG16	TO	16814	13081	3	4	5098	7976	7242	734
NEIG17	TO	37322	28503	5	3	11553	16942	15009	1933
NEIG18	TO	8050	6587	1	1	2874	3711	3385	326
NEIG19	TO	9419	7393	6	1	2759	4627	4176	451
NEIG20	TO	24674	17045	2	3	6626	10414	9270	1144
NEIG21	TO	42363	31246	8	2	13414	17822	15277	2545
NEIG22	TO	18966	16190	12	1	6317	9860	9088	772
NEIG23	TO	8139	4488	3	0	1668	2817	2348	469
NEIG24	TO	34909	27838	27	2	11364	16445	14456	1989
NEIG25	TO	30077	22838	12	1	8596	14229	13008	1221
