area_id	subtotal_type	RSReg	RSCst	RSRej	RSOvr	RSUnd	RSTot	088:DIANNE FEINSTEIN	089:KEVIN DE LEON
ALL	TO	500516	372848	106	374	20247	352121	226167	125954
ALL	ED	500516	127886	80	147	6762	120897	76171	44726
ALL	MV	500516	244962	26	227	13485	231224	149996	81228
PCT1101	ED	553	126	0	1	7	118	73	45
PCT1101	MV	553	266	0	1	12	253	135	118
PCT1102	ED	995	266	0	1	7	258	152	106
PCT1102	MV	995	480	0	0	22	458	284	174
PCT1103	ED	951	246	1	0	9	236	155	81
PCT1103	MV	951	445	0	1	22	422	235	187
PCT1104	ED	993	249	0	0	12	237	143	94
PCT1104	MV	993	414	0	2	27	385	229	156
PCT1106	ED	765	191	0	1	15	175	120	55
PCT1106	MV	765	343	0	2	40	301	203	98
PCT1107	ED	746	163	0	0	6	157	119	38
PCT1107	MV	746	336	0	1	24	311	205	106
PCT1108	ED	909	232	0	0	17	215	141	74
PCT1108	MV	909	438	0	0	11	427	297	130
PCT1109	ED	798	166	0	0	13	153	92	61
PCT1109	MV	798	365	0	0	36	329	225	104
PCT1111	ED	1002	205	0	0	21	184	113	71
PCT1111	MV	1002	460	0	0	33	427	304	123
PCT1112	ED	769	151	0	1	13	137	88	49
PCT1112	MV	769	344	0	2	20	322	230	92
PCT1113	ED	746	135	0	0	8	127	71	56
PCT1113	MV	746	360	0	0	41	319	201	118
PCT1114	ED	957	226	0	1	20	205	115	90
PCT1114	MV	957	404	0	0	38	366	209	157
PCT1115	ED	895	174	0	1	7	166	99	67
PCT1115	MV	895	371	0	2	20	349	228	121
PCT1116	ED	895	225	0	0	9	216	155	61
PCT1116	MV	895	376	0	0	39	337	232	105
PCT1117	ED	858	185	0	0	15	170	123	47
PCT1117	MV	858	357	0	0	26	331	221	110
PCT1118	ED	1043	213	0	0	11	202	126	76
PCT1118	MV	1043	476	0	1	46	429	261	168
PCT1119	ED	791	165	0	0	16	149	86	63
PCT1119	MV	791	386	0	4	19	363	229	134
PCT1121	ED	691	160	0	0	14	146	90	56
PCT1121	MV	691	313	0	2	38	273	176	97
PCT1122	ED	632	110	0	0	4	106	76	30
PCT1122	MV	632	310	0	0	22	288	192	96
PCT1123	ED	915	179	0	0	6	173	110	63
PCT1123	MV	915	364	0	0	31	333	218	115
PCT1124	ED	819	152	0	1	10	141	82	59
PCT1124	MV	819	302	0	1	19	282	186	96
PCT1125	ED	1047	159	0	0	9	150	92	58
PCT1125	MV	1047	466	0	0	26	440	305	135
PCT1126	ED	922	191	0	1	11	179	119	60
PCT1126	MV	922	400	0	2	33	365	262	103
PCT1127	ED	920	200	0	1	16	183	116	67
PCT1127	MV	920	382	0	1	27	354	231	123
PCT1128	ED	838	154	0	0	12	142	94	48
PCT1128	MV	838	362	0	0	28	334	221	113
PCT1129	ED	980	227	0	4	24	199	128	71
PCT1129	MV	980	416	0	1	35	380	249	131
PCT1131	ED	797	132	0	0	8	124	74	50
PCT1131	MV	797	371	0	0	19	352	239	113
PCT1132	ED	969	179	0	0	17	162	104	58
PCT1132	MV	969	427	0	0	52	375	241	134
PCT1133	ED	863	161	0	0	10	151	104	47
PCT1133	MV	863	410	0	0	30	380	255	125
PCT1134	ED	759	170	0	0	13	157	101	56
PCT1134	MV	759	318	0	0	26	292	194	98
PCT1135	ED	540	87	0	0	5	82	48	34
PCT1135	MV	540	295	0	0	18	277	180	97
PCT1136	ED	829	144	0	0	16	128	85	43
PCT1136	MV	829	412	0	0	28	384	245	139
PCT1141	ED	1041	223	0	0	10	213	134	79
PCT1141	MV	1041	484	0	0	34	450	288	162
PCT1142	ED	861	175	0	2	10	163	97	66
PCT1142	MV	861	393	0	0	29	364	219	145
PCT1143	ED	1034	229	0	2	8	219	130	89
PCT1143	MV	1034	440	0	2	36	402	239	163
PCT1144	ED	907	205	0	1	6	198	134	64
PCT1144	MV	907	387	0	1	32	354	232	122
PCT1145	ED	888	189	0	1	10	178	100	78
PCT1145	MV	888	461	0	1	18	442	292	150
PCT1146	ED	1011	186	0	0	10	176	93	83
PCT1146	MV	1011	454	0	2	31	421	275	146
PCT1147	ED	877	210	0	2	11	197	111	86
PCT1147	MV	877	396	0	0	28	368	223	145
PCT1148	ED	962	196	0	1	12	183	100	83
PCT1148	MV	962	444	0	2	33	409	269	140
PCT1149	ED	907	210	0	1	12	197	118	79
PCT1149	MV	907	407	0	1	22	384	247	137
PCT1152	ED	864	198	0	0	16	182	100	82
PCT1152	MV	864	388	0	0	23	365	260	105
PCT1153	ED	951	210	0	1	16	193	132	61
PCT1153	MV	951	415	0	2	37	376	239	137
PCT7001	ED	776	176	2	0	7	167	97	70
PCT7001	MV	776	429	0	0	25	404	242	162
PCT7002	ED	706	176	0	0	2	174	99	75
PCT7002	MV	706	332	0	1	15	316	187	129
PCT7003	ED	884	238	0	0	5	233	133	100
PCT7003	MV	884	498	0	1	13	484	298	186
PCT7004	ED	881	241	1	0	8	232	153	79
PCT7004	MV	881	496	0	0	12	484	312	172
PCT7005	ED	847	253	0	0	7	246	153	93
PCT7005	MV	847	480	0	0	21	459	303	156
PCT7006	ED	917	254	0	0	11	243	111	132
PCT7006	MV	917	442	0	0	19	423	212	211
PCT7007	ED	949	283	0	0	5	278	180	98
PCT7007	MV	949	516	0	1	23	492	312	180
PCT7008	ED	932	264	1	0	7	256	158	98
PCT7008	MV	932	546	1	0	18	527	361	166
PCT7009	ED	905	185	0	0	13	172	93	79
PCT7009	MV	905	513	0	0	24	489	300	189
PCT7011	ED	985	204	0	1	7	196	127	69
PCT7011	MV	985	294	0	0	11	283	179	104
PCT7012	ED	1109	313	0	0	15	298	170	128
PCT7012	MV	1109	594	0	0	29	565	348	217
PCT7013	ED	956	267	0	1	22	244	139	105
PCT7013	MV	956	501	0	0	11	490	292	198
PCT7014	ED	1460	367	0	0	17	350	222	128
PCT7014	MV	1460	802	0	0	36	766	467	299
PCT7015	MV	95	44	0	0	1	43	18	25
PCT7016	ED	918	171	0	1	11	159	116	43
PCT7016	MV	918	280	0	0	26	254	168	86
PCT7017	ED	754	149	0	1	9	139	112	27
PCT7017	MV	754	252	0	0	9	243	185	58
PCT7018	ED	977	155	0	0	11	144	91	53
PCT7018	MV	977	448	0	1	29	418	297	121
PCT7019	ED	899	182	0	0	10	172	123	49
PCT7019	MV	899	413	0	0	30	383	284	99
PCT7021	ED	947	184	0	0	19	165	116	49
PCT7021	MV	947	305	0	0	19	286	205	81
PCT7022	ED	945	215	0	0	10	205	153	52
PCT7022	MV	945	352	0	0	16	336	234	102
PCT7023	ED	928	178	0	0	7	171	123	48
PCT7023	MV	928	400	0	1	34	365	259	106
PCT7024	ED	414	70	0	0	5	65	54	11
PCT7024	MV	414	78	0	0	4	74	52	22
PCT7025	ED	477	85	0	0	8	77	59	18
PCT7025	MV	477	128	0	0	6	122	87	35
PCT7026	ED	1011	149	0	0	14	135	104	31
PCT7026	MV	1011	455	0	0	38	417	313	104
PCT7027	ED	869	195	0	0	14	181	126	55
PCT7027	MV	869	353	0	0	20	333	243	90
PCT7028	ED	850	213	0	0	11	202	130	72
PCT7028	MV	850	282	0	1	14	267	186	81
PCT7029	ED	901	184	0	0	18	166	118	48
PCT7029	MV	901	251	0	0	11	240	189	51
PCT7030	ED	759	119	0	0	8	111	68	43
PCT7030	MV	759	357	0	1	38	318	203	115
PCT7031	ED	641	91	0	0	8	83	66	17
PCT7031	MV	641	309	0	0	14	295	214	81
PCT7032	ED	904	173	1	0	16	156	108	48
PCT7032	MV	904	316	0	2	24	290	200	90
PCT7033	ED	798	191	0	0	10	181	119	62
PCT7033	MV	798	247	0	1	6	240	160	80
PCT7034	ED	958	197	0	1	20	176	132	44
PCT7034	MV	958	201	0	0	10	191	157	34
PCT7035	ED	606	122	0	0	2	120	83	37
PCT7035	MV	606	262	0	0	11	251	166	85
PCT7036	ED	921	117	0	0	13	104	71	33
PCT7036	MV	921	342	0	1	27	314	217	97
PCT7037	ED	735	135	0	0	18	117	98	19
PCT7037	MV	735	98	0	0	8	90	63	27
PCT7038	ED	911	135	0	0	11	124	86	38
PCT7038	MV	911	351	0	0	27	324	231	93
PCT7039	ED	784	178	0	0	7	171	115	56
PCT7039	MV	784	306	0	0	30	276	198	78
PCT7041	MV	61	33	0	0	5	28	17	11
PCT7042	ED	639	118	0	0	7	111	75	36
PCT7042	MV	639	258	0	1	20	237	174	63
PCT7043	ED	957	176	0	0	6	170	111	59
PCT7043	MV	957	404	0	1	26	377	264	113
PCT7044	ED	827	167	0	3	13	151	122	29
PCT7044	MV	827	193	0	1	10	182	129	53
PCT7045	ED	779	120	0	0	17	103	63	40
PCT7045	MV	779	344	0	0	38	306	235	71
PCT7046	ED	402	94	0	1	6	87	58	29
PCT7046	MV	402	175	0	1	11	163	114	49
PCT7047	ED	823	119	0	0	7	112	69	43
PCT7047	MV	823	388	0	0	32	356	246	110
PCT7048	ED	858	150	3	0	10	137	96	41
PCT7048	MV	858	318	0	1	27	290	221	69
PCT7049	ED	792	173	0	1	19	153	108	45
PCT7049	MV	792	305	0	1	37	267	177	90
PCT7051	ED	861	114	0	0	12	102	70	32
PCT7051	MV	861	380	0	0	52	328	220	108
PCT7052	ED	852	161	0	1	14	146	88	58
PCT7052	MV	852	402	0	0	36	366	242	124
PCT7053	ED	548	102	0	0	7	95	71	24
PCT7053	MV	548	278	0	0	15	263	178	85
PCT7054	ED	1073	215	0	0	5	210	133	77
PCT7054	MV	1073	410	0	1	35	374	264	110
PCT7055	ED	808	190	0	0	10	180	111	69
PCT7055	MV	808	440	0	1	18	421	259	162
PCT7101	MV	155	120	1	0	3	116	77	39
PCT7201	ED	936	245	0	0	15	230	159	71
PCT7201	MV	936	518	0	4	26	488	339	149
PCT7202	ED	850	227	0	0	11	216	153	63
PCT7202	MV	850	431	0	0	21	410	270	140
PCT7203	ED	921	291	1	2	4	284	185	99
PCT7203	MV	921	423	0	0	12	411	275	136
PCT7204	ED	918	233	0	0	14	219	156	63
PCT7204	MV	918	531	0	0	24	507	366	141
PCT7205	ED	875	251	0	0	17	234	166	68
PCT7205	MV	875	485	0	0	22	463	315	148
PCT7206	ED	378	135	0	0	6	129	99	30
PCT7206	MV	378	191	0	0	7	184	130	54
PCT7207	ED	812	196	0	0	12	184	129	55
PCT7207	MV	812	434	0	0	22	412	281	131
PCT7208	ED	600	111	0	1	4	106	68	38
PCT7208	MV	600	328	0	0	25	303	201	102
PCT7209	ED	626	107	0	0	5	102	73	29
PCT7209	MV	626	423	0	1	27	395	286	109
PCT7301	ED	1016	228	0	0	19	209	150	59
PCT7301	MV	1016	435	0	1	45	389	258	131
PCT7302	ED	814	188	0	0	11	177	131	46
PCT7302	MV	814	458	0	0	24	434	301	133
PCT7303	ED	1042	281	0	0	12	269	178	91
PCT7303	MV	1042	482	0	1	23	458	311	147
PCT7304	ED	1002	278	0	0	11	267	179	88
PCT7304	MV	1002	493	0	0	33	460	304	156
PCT7305	ED	871	240	0	0	12	228	146	82
PCT7305	MV	871	460	0	0	21	439	279	160
PCT7306	ED	1056	317	0	0	15	302	202	100
PCT7306	MV	1056	498	0	0	33	465	313	152
PCT7307	ED	767	210	0	2	13	195	124	71
PCT7307	MV	767	346	0	1	34	311	211	100
PCT7308	ED	603	177	0	0	5	172	112	60
PCT7308	MV	603	313	0	1	20	292	186	106
PCT7309	ED	884	263	0	0	8	255	161	94
PCT7309	MV	884	439	0	1	19	419	280	139
PCT7311	ED	917	268	0	0	10	258	168	90
PCT7311	MV	917	448	0	0	21	427	304	123
PCT7312	ED	821	203	0	0	12	191	138	53
PCT7312	MV	821	470	0	0	35	435	321	114
PCT7313	ED	968	225	1	0	9	215	138	77
PCT7313	MV	968	485	0	0	27	458	325	133
PCT7314	ED	787	125	0	0	13	112	73	39
PCT7314	MV	787	271	0	0	31	240	167	73
PCT7315	ED	760	220	0	0	12	208	130	78
PCT7315	MV	760	282	0	0	17	265	167	98
PCT7316	ED	853	205	0	1	8	196	126	70
PCT7316	MV	853	367	0	0	16	351	221	130
PCT7317	ED	904	189	0	0	11	178	108	70
PCT7317	MV	904	454	0	0	22	432	297	135
PCT7318	ED	727	179	0	0	10	169	113	56
PCT7318	MV	727	390	0	0	15	375	264	111
PCT7319	ED	1079	301	0	0	20	281	195	86
PCT7319	MV	1079	516	0	0	30	486	347	139
PCT7321	ED	671	149	0	0	16	133	86	47
PCT7321	MV	671	286	0	0	19	267	189	78
PCT7322	ED	874	65	0	1	10	54	36	18
PCT7322	MV	874	337	0	0	47	290	240	50
PCT7323	ED	950	234	0	0	10	224	146	78
PCT7323	MV	950	455	0	1	28	426	275	151
PCT7324	ED	755	190	0	0	6	184	125	59
PCT7324	MV	755	364	0	2	20	342	234	108
PCT7325	ED	904	243	0	0	16	227	151	76
PCT7325	MV	904	436	0	0	28	408	294	114
PCT7326	ED	876	200	0	0	5	195	130	65
PCT7326	MV	876	430	0	1	35	394	257	137
PCT7327	ED	699	71	0	0	10	61	43	18
PCT7327	MV	699	276	0	0	31	245	176	69
PCT7328	ED	973	94	0	0	15	79	58	21
PCT7328	MV	973	394	0	0	61	333	248	85
PCT7329	ED	640	112	0	0	6	106	74	32
PCT7329	MV	640	321	0	1	31	289	190	99
PCT7331	ED	852	213	0	3	12	198	133	65
PCT7331	MV	852	461	0	0	32	429	293	136
PCT7332	ED	834	225	0	0	17	208	127	81
PCT7332	MV	834	364	0	1	20	343	206	137
PCT7333	ED	1044	298	0	0	18	280	205	75
PCT7333	MV	1044	543	0	0	31	512	333	179
PCT7334	ED	881	199	0	0	14	185	118	67
PCT7334	MV	881	462	0	0	28	434	276	158
PCT7335	ED	970	225	0	0	4	221	138	83
PCT7335	MV	970	523	0	0	30	493	323	170
PCT7336	ED	955	238	0	0	14	224	146	78
PCT7336	MV	955	523	0	0	33	490	352	138
PCT7337	ED	851	179	0	0	9	170	117	53
PCT7337	MV	851	464	0	0	29	435	286	149
PCT7338	ED	915	153	0	1	8	144	96	48
PCT7338	MV	915	426	0	1	41	384	300	84
PCT7339	ED	669	174	0	0	8	166	104	62
PCT7339	MV	669	309	0	0	16	293	184	109
PCT7341	ED	908	260	0	0	17	243	145	98
PCT7341	MV	908	401	0	0	24	377	237	140
PCT7342	ED	947	334	0	0	20	314	212	102
PCT7342	MV	947	414	0	1	20	393	261	132
PCT7343	ED	731	234	0	0	8	226	132	94
PCT7343	MV	731	316	0	0	13	303	178	125
PCT7344	ED	1110	291	0	0	20	271	181	90
PCT7344	MV	1110	538	0	0	26	512	310	202
PCT7345	ED	1141	329	1	0	18	310	187	123
PCT7345	MV	1141	521	0	0	20	501	305	196
PCT7346	ED	920	250	0	0	10	240	148	92
PCT7346	MV	920	384	0	0	14	370	218	152
PCT7347	ED	1040	241	0	1	12	228	140	88
PCT7347	MV	1040	480	0	1	13	466	277	189
PCT7348	ED	861	210	0	0	8	202	129	73
PCT7348	MV	861	353	0	1	23	329	214	115
PCT7349	ED	957	248	0	0	15	233	141	92
PCT7349	MV	957	427	0	1	30	396	268	128
PCT7501	ED	565	172	0	1	3	168	124	44
PCT7501	MV	565	308	0	0	10	298	210	88
PCT7502	ED	784	180	1	0	5	174	95	79
PCT7502	MV	784	447	0	1	21	425	292	133
PCT7503	ED	764	208	0	0	16	192	131	61
PCT7503	MV	764	388	0	0	13	375	252	123
PCT7504	ED	503	112	0	0	5	107	77	30
PCT7504	MV	503	222	0	0	4	218	145	73
PCT7505	ED	869	158	0	0	7	151	110	41
PCT7505	MV	869	532	0	0	26	506	384	122
PCT7506	ED	999	226	0	1	6	219	142	77
PCT7506	MV	999	473	0	0	34	439	278	161
PCT7507	ED	955	211	0	0	22	189	122	67
PCT7507	MV	955	344	0	0	22	322	203	119
PCT7508	ED	727	154	0	0	11	143	90	53
PCT7508	MV	727	427	0	0	28	399	275	124
PCT7509	ED	932	235	2	1	17	215	136	79
PCT7509	MV	932	470	1	1	10	458	289	169
PCT7512	ED	612	150	0	1	32	117	75	42
PCT7512	MV	612	283	0	0	26	257	162	95
PCT7513	ED	818	225	0	1	19	205	134	71
PCT7513	MV	818	315	0	2	23	290	185	105
PCT7514	ED	874	140	0	0	7	133	107	26
PCT7514	MV	874	305	0	2	30	273	204	69
PCT7515	ED	869	212	0	0	13	199	136	63
PCT7515	MV	869	389	0	0	16	373	265	108
PCT7516	ED	922	172	0	1	8	163	113	50
PCT7516	MV	922	538	0	1	32	505	351	154
PCT7517	ED	863	289	0	1	5	283	170	113
PCT7517	MV	863	410	0	1	11	398	240	158
PCT7518	ED	950	309	0	0	10	299	180	119
PCT7518	MV	950	480	0	0	16	464	274	190
PCT7519	ED	737	224	0	0	6	218	120	98
PCT7519	MV	737	355	0	0	12	343	193	150
PCT7521	ED	812	292	0	0	8	284	179	105
PCT7521	MV	812	354	0	0	7	347	209	138
PCT7522	ED	764	207	0	0	3	204	106	98
PCT7522	MV	764	397	0	0	12	385	224	161
PCT7523	ED	747	275	0	0	10	265	141	124
PCT7523	MV	747	359	0	0	14	345	190	155
PCT7524	ED	615	181	0	0	8	173	116	57
PCT7524	MV	615	262	0	0	7	255	168	87
PCT7525	ED	800	205	0	0	7	198	129	69
PCT7525	MV	800	341	0	0	11	330	217	113
PCT7526	ED	1011	292	0	0	8	284	179	105
PCT7526	MV	1011	552	0	1	12	539	329	210
PCT7527	ED	725	211	0	1	13	197	123	74
PCT7527	MV	725	339	0	1	15	323	181	142
PCT7529	ED	948	295	0	0	6	289	169	120
PCT7529	MV	948	486	0	1	17	468	266	202
PCT7531	ED	865	228	0	0	4	224	124	100
PCT7531	MV	865	442	0	0	10	432	260	172
PCT7532	ED	852	246	0	1	16	229	139	90
PCT7532	MV	852	398	0	2	11	385	237	148
PCT7533	ED	1015	357	0	0	9	348	166	182
PCT7533	MV	1015	490	0	0	14	476	243	233
PCT7534	ED	936	322	0	1	9	312	161	151
PCT7534	MV	936	415	0	0	16	399	225	174
PCT7535	ED	767	262	0	0	12	250	150	100
PCT7535	MV	767	387	0	0	14	373	213	160
PCT7536	ED	863	291	0	0	13	278	157	121
PCT7536	MV	863	421	0	0	9	412	245	167
PCT7537	ED	752	240	0	0	9	231	119	112
PCT7537	MV	752	363	0	0	14	349	190	159
PCT7538	ED	771	246	0	1	7	238	131	107
PCT7538	MV	771	400	0	0	11	389	217	172
PCT7539	ED	922	330	0	0	14	316	155	161
PCT7539	MV	922	428	0	0	14	414	239	175
PCT7541	ED	805	248	0	0	10	238	137	101
PCT7541	MV	805	400	0	1	13	386	215	171
PCT7542	ED	821	272	0	0	11	261	137	124
PCT7542	MV	821	389	0	0	12	377	204	173
PCT7543	ED	909	216	0	1	12	203	123	80
PCT7543	MV	909	467	0	1	12	454	271	183
PCT7544	ED	898	258	0	0	12	246	151	95
PCT7544	MV	898	479	0	1	12	466	280	186
PCT7545	ED	918	273	0	0	5	268	154	114
PCT7545	MV	918	480	0	0	20	460	254	206
PCT7546	ED	982	304	0	0	13	291	187	104
PCT7546	MV	982	517	0	0	18	499	303	196
PCT7547	ED	1029	315	0	0	11	304	178	126
PCT7547	MV	1029	505	0	0	12	493	264	229
PCT7548	ED	1073	319	1	2	12	304	182	122
PCT7548	MV	1073	512	0	1	15	496	287	209
PCT7549	ED	811	215	0	1	9	205	120	85
PCT7549	MV	811	431	0	1	10	420	257	163
PCT7551	ED	741	239	0	0	12	227	148	79
PCT7551	MV	741	394	0	0	6	388	250	138
PCT7552	ED	727	241	0	0	1	240	153	87
PCT7552	MV	727	361	0	0	13	348	232	116
PCT7553	MV	180	126	0	1	8	117	81	36
PCT7554	ED	808	247	0	1	8	238	156	82
PCT7554	MV	808	442	0	0	21	421	285	136
PCT7555	ED	886	290	0	0	5	285	199	86
PCT7555	MV	886	459	0	0	13	446	306	140
PCT7556	ED	969	275	0	0	5	270	181	89
PCT7556	MV	969	573	0	0	14	559	377	182
PCT7601	ED	767	191	0	0	15	176	103	73
PCT7601	MV	767	290	0	0	13	277	162	115
PCT7602	ED	901	213	0	2	14	197	118	79
PCT7602	MV	901	379	0	2	14	363	206	157
PCT7603	ED	830	250	0	0	11	239	125	114
PCT7603	MV	830	376	0	0	24	352	194	158
PCT7604	ED	954	266	0	1	19	246	145	101
PCT7604	MV	954	352	0	1	14	337	194	143
PCT7605	ED	648	120	0	1	7	112	76	36
PCT7605	MV	648	203	0	1	14	188	124	64
PCT7606	ED	924	205	0	1	19	185	110	75
PCT7606	MV	924	330	0	1	20	309	174	135
PCT7607	ED	960	215	0	1	13	201	120	81
PCT7607	MV	960	407	0	2	23	382	211	171
PCT7608	ED	392	70	0	1	6	63	46	17
PCT7608	MV	392	136	0	0	14	122	93	29
PCT7609	ED	926	120	0	1	11	108	71	37
PCT7609	MV	926	352	0	1	39	312	247	65
PCT7611	ED	755	126	0	0	12	114	78	36
PCT7611	MV	755	269	0	0	27	242	174	68
PCT7612	ED	583	97	0	1	11	85	46	39
PCT7612	MV	583	265	0	0	23	242	141	101
PCT7613	ED	908	204	0	1	16	187	120	67
PCT7613	MV	908	340	0	0	23	317	199	118
PCT7614	ED	1029	223	0	0	11	212	132	80
PCT7614	MV	1029	375	0	0	17	358	211	147
PCT7615	ED	762	162	0	1	25	136	83	53
PCT7615	MV	762	237	0	1	17	219	151	68
PCT7616	ED	1203	324	0	0	15	309	194	115
PCT7616	MV	1203	686	0	1	21	664	404	260
PCT7617	ED	768	102	0	1	11	90	63	27
PCT7617	MV	768	261	0	0	26	235	174	61
PCT7618	ED	862	168	0	0	8	160	85	75
PCT7618	MV	862	407	0	1	13	393	235	158
PCT7619	ED	1063	219	0	0	9	210	110	100
PCT7619	MV	1063	563	0	0	22	541	333	208
PCT7621	ED	1320	287	0	0	16	271	174	97
PCT7621	MV	1320	668	0	0	36	632	375	257
PCT7622	ED	988	170	0	0	16	154	98	56
PCT7622	MV	988	301	0	2	22	277	179	98
PCT7623	ED	746	184	0	0	16	168	106	62
PCT7623	MV	746	297	0	1	15	281	160	121
PCT7624	ED	859	142	0	1	9	132	88	44
PCT7624	MV	859	290	0	1	17	272	158	114
PCT7625	ED	822	66	0	0	11	55	38	17
PCT7625	MV	822	475	0	4	46	425	344	81
PCT7626	ED	1114	227	0	0	9	218	151	67
PCT7626	MV	1114	612	0	0	31	581	383	198
PCT7627	ED	1187	267	0	0	18	249	161	88
PCT7627	MV	1187	582	0	0	34	548	361	187
PCT7628	ED	960	241	0	1	8	232	128	104
PCT7628	MV	960	428	0	1	23	404	212	192
PCT7629	ED	809	208	0	1	9	198	110	88
PCT7629	MV	809	343	0	0	15	328	191	137
PCT7631	ED	1155	270	0	1	25	244	138	106
PCT7631	MV	1155	577	0	2	30	545	336	209
PCT7632	ED	1124	289	0	1	25	263	145	118
PCT7632	MV	1124	561	0	1	15	545	306	239
PCT7633	ED	741	137	0	0	10	127	67	60
PCT7633	MV	741	392	0	1	25	366	241	125
PCT7634	ED	900	195	0	1	18	176	113	63
PCT7634	MV	900	421	0	0	38	383	255	128
PCT7635	ED	840	158	0	0	7	151	84	67
PCT7635	MV	840	382	0	1	21	360	207	153
PCT7636	ED	938	251	0	0	12	239	155	84
PCT7636	MV	938	465	0	0	20	445	289	156
PCT7637	ED	809	193	0	0	11	182	116	66
PCT7637	MV	809	404	0	1	23	380	261	119
PCT7638	ED	1467	295	0	0	21	274	199	75
PCT7638	MV	1467	871	1	0	52	818	565	253
PCT7639	ED	1011	242	0	1	13	228	154	74
PCT7639	MV	1011	559	0	2	26	531	350	181
PCT7641	ED	972	205	0	0	14	191	135	56
PCT7641	MV	972	549	0	4	25	520	354	166
PCT7642	ED	937	153	0	0	7	146	102	44
PCT7642	MV	937	394	0	1	19	374	268	106
PCT7643	ED	920	169	0	0	7	162	120	42
PCT7643	MV	920	507	0	1	22	484	333	151
PCT7644	ED	1175	330	0	0	15	315	219	96
PCT7644	MV	1175	554	0	1	29	524	325	199
PCT7645	ED	640	120	0	0	3	117	72	45
PCT7645	MV	640	377	0	0	22	355	254	101
PCT7646	ED	1100	267	0	0	15	252	153	99
PCT7646	MV	1100	592	0	0	32	560	400	160
PCT7647	ED	1075	205	0	1	11	193	118	75
PCT7647	MV	1075	283	0	0	12	271	161	110
PCT7648	MV	1	0	0	0	0	0	0	0
PCT7649	ED	891	178	0	0	3	175	105	70
PCT7649	MV	891	395	0	0	30	365	239	126
PCT7651	ED	677	166	1	0	11	154	108	46
PCT7651	MV	677	351	0	1	16	334	228	106
PCT7652	ED	628	135	0	0	5	130	87	43
PCT7652	MV	628	301	0	1	14	286	185	101
PCT7653	ED	1280	300	0	0	16	284	194	90
PCT7653	MV	1280	673	0	0	42	631	439	192
PCT7701	ED	1064	296	0	0	14	282	164	118
PCT7701	MV	1064	597	0	0	27	570	354	216
PCT7702	ED	748	180	0	1	10	169	118	51
PCT7702	MV	748	415	0	0	28	387	278	109
PCT7703	MV	171	79	0	0	8	71	63	8
PCT7704	ED	1008	257	0	0	20	237	165	72
PCT7704	MV	1008	557	0	0	24	533	359	174
PCT7705	ED	568	149	0	0	10	139	106	33
PCT7705	MV	568	335	0	0	17	318	231	87
PCT7706	ED	840	252	0	0	10	242	173	69
PCT7706	MV	840	467	0	1	29	437	304	133
PCT7707	ED	857	241	1	0	4	236	167	69
PCT7707	MV	857	495	0	0	31	464	304	160
PCT7708	ED	871	205	0	0	10	195	131	64
PCT7708	MV	871	540	0	0	20	520	360	160
PCT7709	ED	391	102	0	0	10	92	52	40
PCT7709	MV	391	222	0	0	19	203	122	81
PCT7711	ED	766	198	0	1	10	187	118	69
PCT7711	MV	766	422	0	0	19	403	265	138
PCT7712	ED	529	149	0	0	6	143	89	54
PCT7712	MV	529	296	0	0	9	287	164	123
PCT7801	ED	1001	264	1	0	4	259	172	87
PCT7801	MV	1001	596	0	0	17	579	372	207
PCT7802	ED	788	230	0	0	6	224	150	74
PCT7802	MV	788	458	0	0	13	445	292	153
PCT7803	ED	828	174	0	0	8	166	110	56
PCT7803	MV	828	552	0	0	16	536	379	157
PCT7804	ED	893	257	0	0	7	250	172	78
PCT7804	MV	893	533	0	0	16	517	333	184
PCT7805	ED	825	228	0	0	6	222	139	83
PCT7805	MV	825	484	0	0	13	471	313	158
PCT7806	ED	716	208	2	0	2	204	109	95
PCT7806	MV	716	407	0	0	15	392	239	153
PCT7807	ED	844	276	0	0	8	268	164	104
PCT7807	MV	844	417	0	0	14	403	231	172
PCT7808	ED	655	211	0	0	9	202	117	85
PCT7808	MV	655	333	0	0	9	324	197	127
PCT7809	ED	781	238	0	1	13	224	144	80
PCT7809	MV	781	405	0	0	8	397	246	151
PCT7811	ED	783	249	0	0	5	244	136	108
PCT7811	MV	783	404	0	0	15	389	214	175
PCT7812	ED	877	257	0	0	18	239	140	99
PCT7812	MV	877	454	0	0	20	434	271	163
PCT7813	ED	1064	308	1	0	8	299	188	111
PCT7813	MV	1064	585	0	0	18	567	346	221
PCT7814	ED	936	228	0	1	12	215	102	113
PCT7814	MV	936	341	0	2	7	332	190	142
PCT7815	ED	954	238	0	0	7	231	152	79
PCT7815	MV	954	573	0	0	12	561	372	189
PCT7816	ED	865	236	0	0	5	231	139	92
PCT7816	MV	865	531	1	0	17	513	347	166
PCT7817	ED	823	277	0	0	11	266	147	119
PCT7817	MV	823	439	0	1	3	435	265	170
PCT7818	ED	860	234	0	0	8	226	129	97
PCT7818	MV	860	452	2	1	9	440	263	177
PCT7819	ED	793	191	0	1	4	186	110	76
PCT7819	MV	793	420	0	0	10	410	260	150
PCT7821	ED	985	248	0	0	8	240	149	91
PCT7821	MV	985	630	0	0	15	615	394	221
PCT7822	ED	908	275	0	0	9	266	174	92
PCT7822	MV	908	480	0	1	16	463	291	172
PCT7823	ED	879	270	6	0	0	264	162	102
PCT7823	MV	879	501	0	0	12	489	301	188
PCT7824	ED	768	247	0	0	6	241	158	83
PCT7824	MV	768	383	0	0	17	366	227	139
PCT7825	ED	597	191	0	0	7	184	111	73
PCT7825	MV	597	302	0	0	11	291	168	123
PCT7826	ED	684	258	0	0	7	251	157	94
PCT7826	MV	684	319	0	0	11	308	169	139
PCT7827	ED	831	261	0	0	8	253	132	121
PCT7827	MV	831	361	0	0	14	347	183	164
PCT7828	ED	1018	261	0	0	12	249	157	92
PCT7828	MV	1018	549	0	0	13	536	353	183
PCT7829	ED	907	237	1	0	4	232	155	77
PCT7829	MV	907	557	0	0	15	542	376	166
PCT7831	ED	882	233	0	0	4	229	152	77
PCT7831	MV	882	544	0	0	13	531	359	172
PCT7832	ED	780	188	0	0	2	186	126	60
PCT7832	MV	780	488	0	0	11	477	307	170
PCT7833	ED	747	230	0	0	8	222	124	98
PCT7833	MV	747	412	0	0	10	402	222	180
PCT7834	ED	867	277	0	0	9	268	141	127
PCT7834	MV	867	439	0	0	11	428	213	215
PCT7835	ED	847	211	0	0	10	201	129	72
PCT7835	MV	847	505	1	0	21	483	316	167
PCT7836	ED	1023	260	0	0	8	252	148	104
PCT7836	MV	1023	623	0	0	15	608	393	215
PCT7837	ED	911	260	0	0	6	254	181	73
PCT7837	MV	911	509	2	0	16	491	338	153
PCT7838	ED	926	239	0	0	6	233	150	83
PCT7838	MV	926	546	0	0	14	532	329	203
PCT7839	ED	842	205	0	0	7	198	138	60
PCT7839	MV	842	515	0	0	13	502	346	156
PCT7841	ED	937	291	0	0	5	286	162	124
PCT7841	MV	937	526	0	1	10	515	344	171
PCT7842	ED	903	283	0	0	16	267	162	105
PCT7842	MV	903	434	0	0	21	413	240	173
PCT7843	ED	767	232	0	0	6	226	132	94
PCT7843	MV	767	380	0	0	10	370	227	143
PCT7844	ED	663	196	0	0	9	187	107	80
PCT7844	MV	663	329	0	0	6	323	178	145
PCT7845	ED	849	241	0	0	10	231	156	75
PCT7845	MV	849	469	0	0	13	456	348	108
PCT7846	ED	904	262	0	0	11	251	161	90
PCT7846	MV	904	509	0	1	19	489	332	157
PCT7847	ED	929	261	0	0	12	249	169	80
PCT7847	MV	929	529	0	0	16	513	341	172
PCT7848	ED	834	233	0	0	10	223	147	76
PCT7848	MV	834	491	0	0	11	480	330	150
PCT7849	ED	929	264	0	0	9	255	164	91
PCT7849	MV	929	522	0	0	12	510	344	166
PCT7851	ED	513	136	0	0	9	127	101	26
PCT7851	MV	513	298	0	0	21	277	206	71
PCT7852	ED	647	143	0	1	5	137	101	36
PCT7852	MV	647	394	0	0	20	374	247	127
PCT7853	ED	850	214	0	0	4	210	144	66
PCT7853	MV	850	479	0	1	11	467	318	149
PCT7854	ED	894	248	0	1	8	239	153	86
PCT7854	MV	894	500	0	0	17	483	310	173
PCT7855	ED	986	301	0	0	5	296	175	121
PCT7855	MV	986	522	0	0	21	501	327	174
PCT7856	ED	800	265	0	0	5	260	168	92
PCT7856	MV	800	425	0	0	22	403	259	144
PCT7857	ED	933	276	0	0	15	261	148	113
PCT7857	MV	933	517	0	0	21	496	325	171
PCT7858	ED	775	245	0	0	8	237	119	118
PCT7858	MV	775	394	0	0	15	379	214	165
PCT7859	ED	891	250	0	0	6	244	172	72
PCT7859	MV	891	513	0	0	19	494	335	159
PCT7861	ED	859	217	0	1	4	212	141	71
PCT7861	MV	859	510	0	0	23	487	319	168
PCT7862	ED	866	302	0	0	13	289	191	98
PCT7862	MV	866	472	0	0	15	457	297	160
PCT7863	ED	907	311	0	0	8	303	186	117
PCT7863	MV	907	440	0	0	22	418	258	160
PCT7864	ED	807	232	0	0	7	225	134	91
PCT7864	MV	807	427	0	0	15	412	245	167
PCT7865	ED	823	241	0	0	9	232	139	93
PCT7865	MV	823	463	0	0	19	444	258	186
PCT7866	ED	836	209	0	0	5	204	142	62
PCT7866	MV	836	491	0	0	22	469	327	142
PCT7867	ED	955	266	0	0	10	256	171	85
PCT7867	MV	955	512	0	0	23	489	320	169
PCT7868	ED	881	242	0	1	9	232	170	62
PCT7868	MV	881	449	1	2	20	426	294	132
PCT7869	ED	867	239	0	0	7	232	151	81
PCT7869	MV	867	489	0	0	10	479	322	157
PCT7871	ED	900	259	0	0	16	243	170	73
PCT7871	MV	900	502	2	0	15	485	329	156
PCT7872	ED	862	288	0	0	11	277	183	94
PCT7872	MV	862	472	0	1	21	450	283	167
PCT7873	ED	861	257	0	1	4	252	162	90
PCT7873	MV	861	502	0	1	16	485	322	163
PCT7874	ED	477	137	0	0	8	129	81	48
PCT7874	MV	477	256	1	1	15	239	144	95
PCT7875	ED	623	180	0	0	11	169	96	73
PCT7875	MV	623	285	0	3	20	262	134	128
PCT7876	ED	498	154	10	0	5	139	88	51
PCT7876	MV	498	269	0	0	8	261	162	99
PCT7901	ED	522	136	0	2	8	126	63	63
PCT7901	MV	522	198	0	0	9	189	100	89
PCT7902	ED	968	258	0	0	15	243	126	117
PCT7902	MV	968	401	0	0	15	386	196	190
PCT7903	ED	840	201	0	0	14	187	98	89
PCT7903	MV	840	350	0	2	11	337	179	158
PCT7904	ED	877	212	0	0	13	199	95	104
PCT7904	MV	877	403	0	0	15	388	200	188
PCT7905	ED	851	254	0	0	12	242	131	111
PCT7905	MV	851	409	1	0	13	395	207	188
PCT7906	ED	787	245	0	0	8	237	128	109
PCT7906	MV	787	335	0	0	8	327	176	151
PCT7907	ED	950	278	0	0	18	260	130	130
PCT7907	MV	950	425	0	0	14	411	231	180
PCT7908	ED	949	284	0	1	27	256	135	121
PCT7908	MV	949	408	0	0	30	378	197	181
PCT7909	ED	733	251	0	0	8	243	113	130
PCT7909	MV	733	303	0	0	9	294	147	147
PCT7911	ED	860	244	0	1	7	236	120	116
PCT7911	MV	860	395	0	0	13	382	210	172
PCT7912	ED	1065	291	0	0	18	273	139	134
PCT7912	MV	1065	463	0	0	20	443	244	199
PCT7913	ED	913	312	0	0	9	303	154	149
PCT7913	MV	913	378	0	0	18	360	183	177
PCT7914	ED	883	278	0	0	14	264	118	146
PCT7914	MV	883	425	0	0	18	407	197	210
PCT7915	ED	831	266	0	1	9	256	133	123
PCT7915	MV	831	351	0	0	5	346	188	158
PCT7916	ED	888	284	0	0	14	270	121	149
PCT7916	MV	888	421	0	0	10	411	207	204
PCT7917	ED	1015	315	0	2	11	302	153	149
PCT7917	MV	1015	428	0	2	11	415	210	205
PCT7918	ED	836	253	0	1	6	246	124	122
PCT7918	MV	836	379	0	0	9	370	196	174
PCT7919	ED	895	309	0	1	11	297	134	163
PCT7919	MV	895	376	0	2	18	356	176	180
PCT7921	ED	917	232	0	1	12	219	112	107
PCT7921	MV	917	366	0	1	15	350	195	155
PCT7922	ED	831	250	0	0	9	241	118	123
PCT7922	MV	831	383	0	0	14	369	201	168
PCT7923	ED	885	262	0	0	1	261	109	152
PCT7923	MV	885	403	0	1	12	390	197	193
PCT7924	ED	842	238	0	1	8	229	102	127
PCT7924	MV	842	382	0	0	16	366	180	186
PCT7925	ED	567	156	0	0	2	154	64	90
PCT7925	MV	567	293	0	1	12	280	153	127
PCT7926	ED	795	229	0	0	8	221	131	90
PCT7926	MV	795	390	0	0	9	381	203	178
PCT7927	ED	747	241	0	0	5	236	135	101
PCT7927	MV	747	392	0	2	9	381	204	177
PCT7928	ED	931	284	0	0	6	278	155	123
PCT7928	MV	931	489	0	0	15	474	268	206
PCT7929	ED	864	248	0	0	8	240	131	109
PCT7929	MV	864	509	1	0	16	492	291	201
PCT7931	ED	738	219	0	0	7	212	136	76
PCT7931	MV	738	408	0	0	14	394	254	140
PCT7932	ED	551	157	1	0	4	152	93	59
PCT7932	MV	551	285	0	0	5	280	174	106
PCT7933	MV	6	4	0	0	0	4	2	2
PCT7934	ED	890	250	0	0	10	240	120	120
PCT7934	MV	890	472	0	1	10	461	243	218
PCT7935	ED	970	305	0	0	11	294	174	120
PCT7935	MV	970	519	0	0	14	505	302	203
PCT7936	ED	856	287	0	1	9	277	153	124
PCT7936	MV	856	428	0	1	7	420	236	184
PCT7937	ED	886	267	0	1	8	258	150	108
PCT7937	MV	886	435	0	0	16	419	253	166
PCT7938	ED	788	213	0	0	9	204	113	91
PCT7938	MV	788	337	0	1	9	327	196	131
PCT7939	ED	688	254	0	0	4	250	150	100
PCT7939	MV	688	326	0	1	12	313	193	120
PCT7941	ED	751	218	0	0	6	212	119	93
PCT7941	MV	751	348	0	0	6	342	175	167
PCT7942	ED	914	259	1	0	11	247	155	92
PCT7942	MV	914	412	0	1	20	391	247	144
PCT7943	ED	872	258	4	2	13	239	146	93
PCT7943	MV	872	439	0	1	24	414	250	164
PCT7944	ED	801	243	0	0	8	235	126	109
PCT7944	MV	801	381	0	0	11	370	212	158
PCT7945	ED	915	186	0	0	15	171	107	64
PCT7945	MV	915	414	0	0	15	399	231	168
PCT7946	ED	945	183	0	0	11	172	110	62
PCT7946	MV	945	451	0	2	39	410	273	137
PCT7947	ED	946	182	0	1	15	166	113	53
PCT7947	MV	946	430	0	1	26	403	262	141
PCT7948	ED	928	210	0	0	12	198	118	80
PCT7948	MV	928	422	0	2	24	396	250	146
PCT7949	ED	569	100	0	0	10	90	50	40
PCT7949	MV	569	292	0	1	25	266	182	84
PCT7951	ED	854	166	0	0	14	152	98	54
PCT7951	MV	854	425	0	0	45	380	215	165
PCT7952	ED	866	167	0	0	14	153	79	74
PCT7952	MV	866	359	0	1	23	335	230	105
PCT7953	ED	824	186	2	0	12	172	107	65
PCT7953	MV	824	402	0	0	31	371	243	128
PCT7955	ED	902	199	0	1	22	176	102	74
PCT7955	MV	902	435	0	1	34	400	256	144
PCT7956	ED	823	136	0	1	19	116	76	40
PCT7956	MV	823	353	0	2	34	317	197	120
PCT7957	ED	646	147	0	1	9	137	96	41
PCT7957	MV	646	298	0	0	14	284	188	96
PCT7958	MV	290	141	0	0	18	123	82	41
PCT7959	ED	727	160	0	0	13	147	74	73
PCT7959	MV	727	326	0	2	11	313	174	139
PCT9001	MV	273	142	0	0	12	130	92	38
PCT9101	ED	888	260	0	0	9	251	154	97
PCT9101	MV	888	438	0	0	37	401	265	136
PCT9102	ED	985	257	0	0	23	234	146	88
PCT9102	MV	985	471	0	0	31	440	276	164
PCT9103	ED	954	273	0	2	12	259	183	76
PCT9103	MV	954	431	0	0	37	394	260	134
PCT9104	ED	988	239	0	0	21	218	114	104
PCT9104	MV	988	465	0	0	29	436	253	183
PCT9105	ED	919	247	0	0	19	228	156	72
PCT9105	MV	919	488	0	0	36	452	311	141
PCT9106	ED	937	268	1	2	9	256	173	83
PCT9106	MV	937	497	0	0	31	466	306	160
PCT9107	ED	849	219	0	1	10	208	131	77
PCT9107	MV	849	372	0	0	22	350	210	140
PCT9108	ED	790	247	0	0	7	240	148	92
PCT9108	MV	790	373	1	1	17	354	225	129
PCT9109	ED	884	263	0	1	18	244	149	95
PCT9109	MV	884	428	0	0	17	411	267	144
PCT9111	ED	779	229	0	0	9	220	138	82
PCT9111	MV	779	346	0	0	26	320	210	110
PCT9112	ED	976	284	0	0	20	264	169	95
PCT9112	MV	976	467	0	2	26	439	290	149
PCT9113	ED	999	311	0	0	11	300	197	103
PCT9113	MV	999	505	0	0	24	481	297	184
PCT9114	ED	877	263	0	0	12	251	152	99
PCT9114	MV	877	405	0	0	14	391	226	165
PCT9115	ED	911	258	0	0	9	249	154	95
PCT9115	MV	911	429	0	0	26	403	260	143
PCT9116	ED	944	281	1	0	9	271	166	105
PCT9116	MV	944	473	0	0	33	440	277	163
PCT9117	ED	783	222	0	0	5	217	137	80
PCT9117	MV	783	398	0	0	22	376	272	104
PCT9118	ED	974	286	0	0	22	264	164	100
PCT9118	MV	974	426	0	0	32	394	237	157
PCT9119	ED	891	237	0	0	18	219	136	83
PCT9119	MV	891	447	0	0	22	425	256	169
PCT9121	ED	930	256	0	0	22	234	149	85
PCT9121	MV	930	434	0	0	30	404	266	138
PCT9122	ED	953	210	0	0	21	189	128	61
PCT9122	MV	953	454	0	1	41	412	266	146
PCT9123	ED	858	232	0	0	12	220	133	87
PCT9123	MV	858	418	0	0	30	388	233	155
PCT9124	ED	874	202	0	0	9	193	118	75
PCT9124	MV	874	438	0	0	45	393	251	142
PCT9125	ED	861	210	0	0	10	200	135	65
PCT9125	MV	861	437	0	0	17	420	279	141
PCT9126	ED	1015	245	0	1	17	227	138	89
PCT9126	MV	1015	533	0	0	36	497	311	186
PCT9127	ED	960	269	0	0	24	245	162	83
PCT9127	MV	960	498	0	0	26	472	291	181
PCT9128	ED	828	248	0	0	11	237	150	87
PCT9128	MV	828	412	0	1	26	385	243	142
PCT9129	ED	741	243	0	0	10	233	138	95
PCT9129	MV	741	348	0	0	22	326	218	108
PCT9131	ED	759	193	0	0	10	183	115	68
PCT9131	MV	759	403	0	0	29	374	237	137
PCT9132	ED	837	248	0	0	14	234	123	111
PCT9132	MV	837	371	0	0	18	353	205	148
PCT9133	ED	1021	271	0	0	14	257	148	109
PCT9133	MV	1021	503	0	1	21	481	299	182
PCT9134	ED	893	210	0	0	11	199	131	68
PCT9134	MV	893	469	0	1	39	429	263	166
PCT9135	ED	808	215	0	0	14	201	124	77
PCT9135	MV	808	389	0	1	42	346	234	112
PCT9136	ED	929	253	0	0	16	237	150	87
PCT9136	MV	929	439	0	0	22	417	266	151
PCT9137	ED	1006	260	0	0	16	244	133	111
PCT9137	MV	1006	467	0	1	30	436	293	143
PCT9138	ED	943	226	1	0	14	211	128	83
PCT9138	MV	943	477	1	0	28	448	313	135
PCT9139	ED	975	243	0	0	13	230	140	90
PCT9139	MV	975	510	0	0	42	468	298	170
PCT9141	ED	953	252	0	0	16	236	155	81
PCT9141	MV	953	477	0	1	36	440	270	170
PCT9142	ED	966	276	0	0	18	258	151	107
PCT9142	MV	966	459	0	0	26	433	282	151
PCT9143	ED	920	251	0	0	10	241	162	79
PCT9143	MV	920	463	0	0	30	433	277	156
PCT9144	ED	962	293	0	0	9	284	173	111
PCT9144	MV	962	482	0	0	33	449	286	163
PCT9145	ED	861	249	1	1	8	239	149	90
PCT9145	MV	861	423	0	0	23	400	258	142
PCT9146	ED	885	245	0	0	15	230	138	92
PCT9146	MV	885	464	0	1	18	445	256	189
PCT9147	ED	971	281	0	0	18	263	167	96
PCT9147	MV	971	492	0	0	19	473	296	177
PCT9148	ED	1034	325	0	0	10	315	197	118
PCT9148	MV	1034	513	0	0	16	497	301	196
PCT9149	ED	948	264	0	0	8	256	155	101
PCT9149	MV	948	478	0	0	16	462	276	186
PCT9151	ED	872	227	0	0	9	218	130	88
PCT9151	MV	872	418	0	0	13	405	274	131
PCT9152	ED	721	270	0	0	15	255	152	103
PCT9152	MV	721	279	0	0	10	269	154	115
PCT9201	ED	1004	300	0	0	6	294	177	117
PCT9201	MV	1004	475	0	0	14	461	271	190
PCT9202	ED	971	294	0	0	12	282	180	102
PCT9202	MV	971	426	0	0	20	406	247	159
PCT9203	ED	1002	239	0	0	14	225	155	70
PCT9203	MV	1002	536	0	0	39	497	343	154
PCT9204	ED	873	273	0	0	22	251	157	94
PCT9204	MV	873	393	0	0	44	349	236	113
PCT9205	ED	728	208	0	0	11	197	131	66
PCT9205	MV	728	376	0	0	18	358	263	95
PCT9206	ED	931	249	0	0	17	232	136	96
PCT9206	MV	931	479	0	0	45	434	297	137
PCT9207	ED	981	262	0	0	24	238	164	74
PCT9207	MV	981	502	0	0	35	467	326	141
PCT9208	ED	1002	287	0	0	14	273	191	82
PCT9208	MV	1002	491	0	1	34	456	322	134
PCT9209	ED	711	245	0	0	14	231	170	61
PCT9209	MV	711	327	0	0	26	301	218	83
PCT9211	ED	889	234	0	0	8	226	156	70
PCT9211	MV	889	432	0	0	22	410	281	129
PCT9212	ED	803	234	0	0	13	221	143	78
PCT9212	MV	803	400	0	0	23	377	259	118
PCT9213	ED	951	264	0	0	13	251	179	72
PCT9213	MV	951	508	0	1	37	470	324	146
PCT9214	ED	640	166	0	0	10	156	110	46
PCT9214	MV	640	334	0	0	14	320	222	98
PCT9215	ED	652	194	0	0	8	186	131	55
PCT9215	MV	652	327	0	0	20	307	230	77
PCT9216	ED	845	246	0	0	12	234	166	68
PCT9216	MV	845	379	0	0	24	355	255	100
PCT9217	ED	698	194	0	0	14	180	127	53
PCT9217	MV	698	349	0	0	24	325	215	110
PCT9218	ED	841	249	0	0	21	228	168	60
PCT9218	MV	841	412	0	1	27	384	265	119
PCT9219	ED	802	242	0	0	9	233	159	74
PCT9219	MV	802	399	0	0	18	381	267	114
PCT9221	ED	651	145	0	0	9	136	103	33
PCT9221	MV	651	399	0	1	24	374	273	101
PCT9222	ED	883	249	0	0	22	227	181	46
PCT9222	MV	883	449	0	0	29	420	315	105
PCT9223	ED	638	160	0	0	14	146	102	44
PCT9223	MV	638	338	0	1	25	312	228	84
PCT9224	ED	960	263	0	0	16	247	154	93
PCT9224	MV	960	506	0	1	35	470	329	141
PCT9225	ED	958	299	0	0	24	275	193	82
PCT9225	MV	958	469	0	1	29	439	286	153
PCT9226	ED	926	271	0	0	26	245	169	76
PCT9226	MV	926	486	0	0	30	456	330	126
PCT9227	ED	738	188	0	0	9	179	129	50
PCT9227	MV	738	404	0	0	23	381	288	93
PCT9228	ED	747	189	0	0	13	176	133	43
PCT9228	MV	747	424	0	0	29	395	293	102
PCT9229	ED	598	162	0	0	6	156	117	39
PCT9229	MV	598	316	0	0	18	298	228	70
PCT9231	ED	953	313	0	0	5	308	222	86
PCT9231	MV	953	488	0	0	22	466	335	131
PCT9232	ED	735	212	0	0	9	203	139	64
PCT9232	MV	735	396	0	0	6	390	283	107
PCT9233	ED	793	209	0	0	14	195	148	47
PCT9233	MV	793	434	0	0	31	403	300	103
PCT9234	ED	746	187	0	0	6	181	130	51
PCT9234	MV	746	438	0	0	28	410	298	112
PCT9235	ED	884	239	0	0	12	227	174	53
PCT9235	MV	884	488	0	1	35	452	333	119
PCT9236	ED	683	201	0	0	19	182	141	41
PCT9236	MV	683	358	0	0	12	346	253	93
PCT9237	ED	936	229	0	0	13	216	153	63
PCT9237	MV	936	539	0	1	16	522	388	134
PCT9238	ED	842	230	0	0	14	216	154	62
PCT9238	MV	842	456	0	0	35	421	307	114
PCT9239	ED	881	200	0	0	13	187	142	45
PCT9239	MV	881	499	0	0	31	468	363	105
PCT9241	ED	1005	255	0	0	25	230	163	67
PCT9241	MV	1005	578	0	2	27	549	387	162
PCT9242	ED	972	277	0	0	17	260	172	88
PCT9242	MV	972	513	0	0	23	490	346	144
PCT9243	ED	594	193	0	0	14	179	113	66
PCT9243	MV	594	307	0	0	18	289	213	76
PCT9244	ED	903	255	0	0	11	244	177	67
PCT9244	MV	903	485	0	0	21	464	321	143
PCT9245	ED	742	209	0	1	10	198	140	58
PCT9245	MV	742	375	0	0	11	364	267	97
PCT9246	ED	929	257	0	0	12	245	172	73
PCT9246	MV	929	528	0	0	28	500	372	128
PCT9247	ED	927	264	0	0	12	252	172	80
PCT9247	MV	927	515	0	0	27	488	340	148
PCT9248	ED	907	258	0	0	11	247	155	92
PCT9248	MV	907	487	0	3	18	466	326	140
PCT9249	ED	917	271	0	0	8	263	186	77
PCT9249	MV	917	495	0	1	25	469	322	147
PCT9251	ED	995	287	0	0	14	273	197	76
PCT9251	MV	995	530	0	0	26	504	364	140
PCT9252	ED	944	219	0	1	16	202	129	73
PCT9252	MV	944	550	0	0	32	518	375	143
PCT9253	ED	772	187	0	0	18	169	110	59
PCT9253	MV	772	397	0	0	36	361	253	108
PCT9254	ED	935	230	0	0	8	222	150	72
PCT9254	MV	935	538	0	0	13	525	377	148
PCT9255	ED	553	183	0	0	13	170	107	63
PCT9255	MV	553	263	0	0	14	249	147	102
PCT9256	ED	474	130	0	0	5	125	76	49
PCT9256	MV	474	233	0	0	10	223	138	85
PCT9257	MV	321	235	0	0	5	230	132	98
PCT9258	ED	712	193	0	0	7	186	120	66
PCT9258	MV	712	373	0	1	23	349	235	114
PCT9401	ED	1012	293	0	0	11	282	160	122
PCT9401	MV	1012	484	0	0	23	461	259	202
PCT9402	ED	977	290	0	1	22	267	162	105
PCT9402	MV	977	458	0	0	25	433	255	178
PCT9403	ED	897	240	0	0	13	227	149	78
PCT9403	MV	897	419	0	0	27	392	239	153
PCT9404	ED	930	200	0	0	12	188	114	74
PCT9404	MV	930	462	0	0	23	439	281	158
PCT9405	ED	786	210	0	2	18	190	133	57
PCT9405	MV	786	364	0	0	30	334	207	127
PCT9406	ED	868	244	0	2	14	228	145	83
PCT9406	MV	868	421	0	0	16	405	259	146
PCT9407	ED	889	253	0	0	17	236	150	86
PCT9407	MV	889	409	0	0	25	384	240	144
PCT9408	ED	886	265	0	0	17	248	139	109
PCT9408	MV	886	415	0	0	30	385	216	169
PCT9409	ED	590	201	0	0	7	194	114	80
PCT9409	MV	590	252	0	0	18	234	149	85
PCT9411	ED	956	271	0	0	17	254	132	122
PCT9411	MV	956	431	0	1	16	414	245	169
PCT9412	ED	848	245	0	1	11	233	141	92
PCT9412	MV	848	380	0	1	25	354	230	124
PCT9413	ED	894	229	0	0	18	211	128	83
PCT9413	MV	894	461	0	0	43	418	274	144
PCT9414	ED	916	216	0	0	9	207	143	64
PCT9414	MV	916	463	0	0	23	440	290	150
PCT9415	ED	784	187	0	0	13	174	121	53
PCT9415	MV	784	392	0	0	33	359	239	120
PCT9416	ED	1008	282	1	0	20	261	166	95
PCT9416	MV	1008	480	1	0	31	448	303	145
PCT9417	ED	752	175	0	0	10	165	103	62
PCT9417	MV	752	402	0	0	37	365	237	128
PCT9418	ED	790	211	0	0	16	195	125	70
PCT9418	MV	790	376	0	0	41	335	247	88
PCT9419	ED	924	222	0	0	22	200	124	76
PCT9419	MV	924	468	0	0	48	420	287	133
PCT9421	ED	906	238	0	0	17	221	139	82
PCT9421	MV	906	446	0	0	47	399	274	125
PCT9422	ED	1056	283	0	0	16	267	162	105
PCT9422	MV	1056	513	0	1	49	463	281	182
PCT9423	ED	889	219	0	1	15	203	133	70
PCT9423	MV	889	440	0	0	18	422	281	141
PCT9424	ED	952	224	0	1	22	201	118	83
PCT9424	MV	952	496	0	0	30	466	317	149
PCT9425	ED	933	199	0	0	15	184	117	67
PCT9425	MV	933	465	0	1	39	425	302	123
PCT9426	ED	823	198	0	2	19	177	114	63
PCT9426	MV	823	408	0	0	42	366	256	110
PCT9427	ED	948	210	0	0	19	191	139	52
PCT9427	MV	948	447	0	0	60	387	265	122
PCT9428	ED	961	183	0	0	16	167	98	69
PCT9428	MV	961	518	0	0	46	472	303	169
PCT9429	ED	899	228	1	0	28	199	127	72
PCT9429	MV	899	432	0	0	42	390	247	143
PCT9431	ED	973	235	0	0	13	222	146	76
PCT9431	MV	973	464	0	0	37	427	311	116
PCT9432	ED	945	214	0	0	12	202	132	70
PCT9432	MV	945	468	0	0	40	428	307	121
PCT9433	ED	945	195	0	0	22	173	103	70
PCT9433	MV	945	487	0	0	46	441	308	133
PCT9434	ED	979	261	0	0	16	245	158	87
PCT9434	MV	979	481	1	0	34	446	308	138
PCT9435	ED	969	251	0	0	16	235	142	93
PCT9435	MV	969	448	0	0	40	408	296	112
PCT9436	ED	1006	232	0	0	23	209	139	70
PCT9436	MV	1006	495	0	0	25	470	303	167
PCT9437	ED	897	219	0	0	14	205	143	62
PCT9437	MV	897	435	0	0	35	400	267	133
PCT9438	ED	948	202	0	0	20	182	101	81
PCT9438	MV	948	496	0	0	36	460	325	135
PCT9439	ED	879	173	0	1	16	156	111	45
PCT9439	MV	879	425	0	0	34	391	263	128
PCT9441	ED	980	261	0	1	13	247	139	108
PCT9441	MV	980	462	0	0	39	423	274	149
PCT9442	ED	1008	280	0	0	20	260	158	102
PCT9442	MV	1008	461	0	0	43	418	286	132
PCT9443	ED	937	220	1	0	17	202	133	69
PCT9443	MV	937	442	0	1	27	414	270	144
PCT9444	ED	937	190	1	0	12	177	112	65
PCT9444	MV	937	442	0	0	46	396	266	130
PCT9445	ED	981	230	0	0	16	214	132	82
PCT9445	MV	981	493	0	0	33	460	297	163
PCT9446	ED	1090	240	0	0	7	233	152	81
PCT9446	MV	1090	564	0	0	44	520	344	176
PCT9447	ED	906	236	0	0	6	230	151	79
PCT9447	MV	906	448	0	0	26	422	294	128
PCT9448	ED	909	232	0	0	12	220	130	90
PCT9448	MV	909	429	0	0	45	384	261	123
PCT9449	ED	830	177	2	0	8	167	107	60
PCT9449	MV	830	428	0	0	36	392	273	119
PCT9451	ED	420	97	0	0	6	91	70	21
PCT9451	MV	420	218	0	0	15	203	131	72
PCT9452	ED	840	259	0	0	22	237	155	82
PCT9452	MV	840	412	0	0	39	373	266	107
PCT9453	ED	500	135	0	0	15	120	85	35
PCT9453	MV	500	244	0	0	20	224	144	80
PCT9501	MV	148	110	0	0	5	105	82	23
PCT9502	MV	245	177	0	0	7	170	109	61
PCT9503	ED	729	198	0	0	7	191	130	61
PCT9503	MV	729	315	0	1	16	298	206	92
PCT9505	ED	784	177	0	0	9	168	122	46
PCT9505	MV	784	383	0	1	11	371	270	101
PCT9506	ED	766	177	0	0	2	175	116	59
PCT9506	MV	766	313	0	0	18	295	200	95
PCT9507	ED	766	231	0	0	3	228	143	85
PCT9507	MV	766	406	0	0	12	394	218	176
PCT9508	ED	798	237	0	0	8	229	113	116
PCT9508	MV	798	429	0	0	4	425	246	179
PCT9509	ED	759	230	0	0	5	225	120	105
PCT9509	MV	759	386	0	0	9	377	230	147
PCT9511	ED	622	190	0	1	6	183	101	82
PCT9511	MV	622	296	0	0	14	282	162	120
PCT9512	ED	809	240	0	0	4	236	144	92
PCT9512	MV	809	399	0	0	16	383	232	151
PCT9513	ED	902	275	0	0	10	265	174	91
PCT9513	MV	902	390	0	1	14	375	214	161
PCT9514	ED	928	304	0	0	10	294	190	104
PCT9514	MV	928	456	0	2	13	441	281	160
PCT9515	ED	705	222	0	0	8	214	134	80
PCT9515	MV	705	368	0	0	28	340	220	120
PCT9516	ED	866	254	0	0	12	242	150	92
PCT9516	MV	866	427	0	0	28	399	237	162
PCT9517	ED	801	228	0	0	11	217	124	93
PCT9517	MV	801	397	0	0	13	384	219	165
PCT9518	ED	802	229	0	0	4	225	124	101
PCT9518	MV	802	431	0	1	27	403	246	157
PCT9519	ED	910	262	0	0	8	254	138	116
PCT9519	MV	910	486	0	1	15	470	288	182
PCT9521	ED	939	316	0	0	15	301	182	119
PCT9521	MV	939	442	0	0	14	428	271	157
PCT9701	ED	671	201	0	0	8	193	112	81
PCT9701	MV	671	340	0	1	24	315	185	130
PCT9702	ED	723	210	0	0	2	208	134	74
PCT9702	MV	723	364	0	0	22	342	203	139
PCT9703	ED	986	232	0	0	17	215	135	80
PCT9703	MV	986	530	0	0	30	500	337	163
PCT9704	ED	950	279	0	0	13	266	179	87
PCT9704	MV	950	505	0	0	43	462	294	168
PCT9705	ED	919	261	3	0	16	242	152	90
PCT9705	MV	919	483	0	0	23	460	300	160
PCT9706	MV	49	39	0	0	2	37	27	10
PCT9707	ED	821	173	0	0	21	152	96	56
PCT9707	MV	821	491	0	0	36	455	300	155
PCT9708	ED	948	250	0	0	10	240	146	94
PCT9708	MV	948	500	0	0	28	472	325	147
PCT9709	ED	1028	281	7	0	12	262	172	90
PCT9709	MV	1028	517	0	0	37	480	333	147
PCT9711	ED	641	195	0	0	14	181	132	49
PCT9711	MV	641	336	0	0	17	319	229	90
PCT9712	ED	649	160	0	0	11	149	112	37
PCT9712	MV	649	398	1	0	22	375	281	94
PCT9713	ED	960	225	1	0	17	207	134	73
PCT9713	MV	960	489	0	0	39	450	306	144
PCT9714	ED	931	208	1	0	20	187	128	59
PCT9714	MV	931	538	0	0	34	504	356	148
PCT9715	ED	569	180	0	0	12	168	122	46
PCT9715	MV	569	309	0	0	24	285	207	78
PCT9716	ED	947	239	0	0	17	222	140	82
PCT9716	MV	947	481	0	0	32	449	299	150
PCT9717	ED	972	265	0	0	12	253	157	96
PCT9717	MV	972	532	0	0	23	509	328	181
PCT9718	ED	862	227	0	0	9	218	148	70
PCT9718	MV	862	496	0	0	39	457	308	149
PCT9719	ED	901	245	0	0	15	230	163	67
PCT9719	MV	901	524	2	0	30	492	357	135
PCT9721	ED	662	198	0	0	10	188	143	45
PCT9721	MV	662	357	0	0	21	336	242	94
PCT9722	ED	605	119	1	0	14	104	77	27
PCT9722	MV	605	355	0	0	40	315	215	100
PCT9723	ED	481	98	0	0	10	88	62	26
PCT9723	MV	481	275	0	0	24	251	189	62
PCT9724	ED	991	205	0	0	9	196	138	58
PCT9724	MV	991	565	0	0	51	514	366	148
PCT9725	ED	970	214	0	1	20	193	123	70
PCT9725	MV	970	499	0	0	56	443	301	142
PCT9726	ED	655	263	0	0	18	245	144	101
PCT9726	MV	655	241	0	0	14	227	155	72
PCT9727	ED	459	79	0	0	1	78	54	24
PCT9727	MV	459	271	0	0	27	244	160	84
PCT9728	ED	926	231	0	0	29	202	143	59
PCT9728	MV	926	503	0	0	39	464	324	140
PCT9729	ED	800	191	0	0	20	171	123	48
PCT9729	MV	800	442	0	2	30	410	304	106
PCT9731	ED	556	167	0	1	20	146	113	33
PCT9731	MV	556	282	0	0	18	264	201	63
PCT9732	MV	70	56	0	0	1	55	37	18
PCT9733	MV	235	191	0	0	10	181	128	53
PCT9734	ED	603	154	0	1	9	144	100	44
PCT9734	MV	603	341	0	0	14	327	241	86
PCT9735	ED	809	206	0	0	24	182	136	46
PCT9735	MV	809	449	0	0	32	417	305	112
PCT9736	ED	713	173	0	0	6	167	113	54
PCT9736	MV	713	410	0	1	25	384	272	112
PCT9737	ED	818	208	0	0	11	197	131	66
PCT9737	MV	818	476	0	0	29	447	301	146
PCT9738	ED	848	185	0	0	20	165	101	64
PCT9738	MV	848	404	0	0	24	380	263	117
PCT9739	ED	828	220	0	1	8	211	118	93
PCT9739	MV	828	335	0	0	24	311	192	119
PCT9741	ED	552	232	0	1	8	223	125	98
PCT9741	MV	552	105	0	0	7	98	50	48
PCT9742	ED	677	180	4	0	18	158	113	45
PCT9742	MV	677	289	0	1	20	268	195	73
PCT9743	ED	1163	310	0	0	14	296	164	132
PCT9743	MV	1163	501	0	1	27	473	319	154
PCT9744	ED	911	247	1	0	23	223	116	107
PCT9744	MV	911	391	0	0	25	366	220	146
PCT9745	ED	991	282	0	0	24	258	159	99
PCT9745	MV	991	346	0	1	15	330	203	127
PCT9746	ED	884	232	0	1	25	206	150	56
PCT9746	MV	884	452	0	3	25	424	286	138
PCT9747	ED	973	246	0	1	9	236	161	75
PCT9747	MV	973	470	0	1	32	437	311	126
PCT9748	ED	931	229	0	0	13	216	149	67
PCT9748	MV	931	475	1	0	44	430	293	137
PCT9749	ED	913	225	2	1	18	204	118	86
PCT9749	MV	913	384	0	0	21	363	222	141
PCT9751	ED	1016	253	0	0	15	238	154	84
PCT9751	MV	1016	523	0	1	23	499	325	174
PCT9752	ED	710	175	3	1	6	165	109	56
PCT9752	MV	710	392	0	0	27	365	253	112
PCT9753	ED	756	186	0	0	11	175	116	59
PCT9753	MV	756	388	0	0	22	366	240	126
PCT9754	ED	707	47	0	1	1	45	31	14
PCT9754	MV	707	377	0	0	13	364	257	107
PCT9755	ED	582	172	0	0	9	163	109	54
PCT9755	MV	582	285	2	0	13	270	166	104
PCT9756	ED	941	185	0	2	10	173	106	67
PCT9756	MV	941	477	0	0	41	436	279	157
PCT9801	ED	408	104	0	0	8	96	53	43
PCT9801	MV	408	181	0	0	10	171	98	73
CONG12	TO	443570	332491	87	315	17411	314678	201314	113364
CONG14	TO	56946	40357	19	59	2836	37443	24853	12590
ASSM17	TO	291063	214827	62	252	10288	204225	128770	75455
ASSM19	TO	209453	158021	44	122	9959	147896	97397	50499
BART7	TO	38460	24736	3	35	1432	23266	15883	7383
BART8	TO	223735	166386	47	133	10968	155238	103631	51607
BART9	TO	238321	181726	56	206	7847	173617	106653	66964
SUPV1	TO	42767	32743	7	19	1907	30810	19414	11396
SUPV2	TO	50394	40402	1	26	2260	38115	26668	11447
SUPV3	TO	39799	28571	2	25	1746	26798	17800	8998
SUPV4	TO	42953	31699	8	17	2367	29307	19072	10235
SUPV5	TO	53744	42036	5	43	1601	40387	24793	15594
SUPV6	TO	43321	29158	2	57	1711	27388	17449	9939
SUPV7	TO	47076	36587	30	27	2333	34197	22946	11251
SUPV8	TO	58122	48632	31	24	1589	46988	29815	17173
SUPV9	TO	42988	31769	10	48	1398	30313	16901	13412
SUPV10	TO	41862	26459	9	30	1602	24818	16561	8257
SUPV11	TO	37490	24792	1	58	1733	23000	14748	8252
NEIG1	TO	19914	11270	1	17	738	10514	7427	3087
NEIG2	TO	17446	12440	1	7	763	11669	7937	3732
NEIG3	TO	28644	19045	1	34	1212	17798	11277	6521
NEIG4	TO	7002	5802	3	5	230	5564	3800	1764
NEIG5	TO	27634	18420	1	43	1279	17097	10791	6306
NEIG6	TO	14982	12240	2	8	376	11854	7066	4788
NEIG7	TO	12118	7928	2	18	562	7346	4833	2513
NEIG8	TO	9734	7857	0	9	343	7505	4605	2900
NEIG9	TO	8390	5918	1	5	421	5491	3508	1983
NEIG10	TO	10097	8010	0	4	389	7617	4912	2705
NEIG11	TO	40622	32395	5	26	1816	30548	21221	9327
NEIG12	TO	31129	23295	3	26	892	22374	11923	10451
NEIG13	TO	16964	14420	3	4	483	13930	9015	4915
NEIG14	TO	8795	7263	2	7	205	7049	4023	3026
NEIG15	TO	7019	5232	0	6	316	4910	3275	1635
NEIG26	TO	9293	6104	2	15	483	5604	3603	2001
NEIG16	TO	16814	13081	3	8	557	12513	7862	4651
NEIG17	TO	37322	28503	5	16	1687	26795	16852	9943
NEIG18	TO	8050	6587	1	3	361	6222	4496	1726
NEIG19	TO	9419	7393	6	13	286	7088	4298	2790
NEIG20	TO	24674	17045	2	32	967	16044	10257	5787
NEIG21	TO	42363	31246	8	17	2342	28879	18809	10070
NEIG22	TO	18966	16190	12	3	439	15736	10093	5643
NEIG23	TO	8139	4488	3	6	421	4058	2850	1208
NEIG24	TO	34909	27838	27	18	1751	26042	17826	8216
NEIG25	TO	30077	22838	12	24	928	21874	13608	8266
