area_id	subtotal_type	RSReg	RSCst	RSRej	RSOvr	RSUnd	RSTot	040:Yes	041:No
ALL	TO	500516	372848	942	161	18594	353151	263769	89382
ALL	ED	500516	127886	135	45	6258	121448	94419	27029
ALL	MV	500516	244962	807	116	12336	231703	169350	62353
PCT1101	ED	553	126	0	1	8	117	90	27
PCT1101	MV	553	266	1	0	9	256	170	86
PCT1102	ED	995	266	0	0	10	256	197	59
PCT1102	MV	995	480	-1	0	28	453	297	156
PCT1103	ED	951	246	1	0	12	233	185	48
PCT1103	MV	951	445	0	0	21	424	297	127
PCT1104	ED	993	249	0	0	12	237	174	63
PCT1104	MV	993	414	-2	0	20	396	294	102
PCT1106	ED	765	191	-1	0	8	184	128	56
PCT1106	MV	765	343	1	0	19	323	207	116
PCT1107	ED	746	163	1	0	9	153	123	30
PCT1107	MV	746	336	3	0	17	316	200	116
PCT1108	ED	909	232	-1	1	16	216	165	51
PCT1108	MV	909	438	-1	1	24	414	288	126
PCT1109	ED	798	166	0	0	14	152	111	41
PCT1109	MV	798	365	1	0	13	351	221	130
PCT1111	ED	1002	205	0	0	15	190	155	35
PCT1111	MV	1002	460	-1	0	32	429	260	169
PCT1112	ED	769	151	0	0	7	144	112	32
PCT1112	MV	769	344	0	0	19	325	220	105
PCT1113	ED	746	135	2	0	6	127	86	41
PCT1113	MV	746	360	0	1	15	344	210	134
PCT1114	ED	957	226	0	2	21	203	151	52
PCT1114	MV	957	404	2	1	15	386	276	110
PCT1115	ED	895	174	1	0	10	163	126	37
PCT1115	MV	895	371	-2	0	14	359	227	132
PCT1116	ED	895	225	0	0	21	204	166	38
PCT1116	MV	895	376	2	1	24	349	236	113
PCT1117	ED	858	185	1	0	13	171	127	44
PCT1117	MV	858	357	1	0	16	340	230	110
PCT1118	ED	1043	213	-2	0	10	205	155	50
PCT1118	MV	1043	476	-3	0	18	461	291	170
PCT1119	ED	791	165	0	0	10	155	130	25
PCT1119	MV	791	386	1	0	26	359	267	92
PCT1121	ED	691	160	0	0	10	150	92	58
PCT1121	MV	691	313	4	0	18	291	181	110
PCT1122	ED	632	110	0	0	6	104	68	36
PCT1122	MV	632	310	0	0	17	293	163	130
PCT1123	ED	915	179	0	0	11	168	133	35
PCT1123	MV	915	364	0	1	39	324	203	121
PCT1124	ED	819	152	-1	0	11	142	104	38
PCT1124	MV	819	302	-2	0	15	289	202	87
PCT1125	ED	1047	159	1	0	10	148	106	42
PCT1125	MV	1047	466	-3	0	36	433	285	148
PCT1126	ED	922	191	0	0	14	177	137	40
PCT1126	MV	922	400	-1	1	14	386	263	123
PCT1127	ED	920	200	0	0	11	189	127	62
PCT1127	MV	920	382	0	1	17	364	224	140
PCT1128	ED	838	154	0	0	11	143	97	46
PCT1128	MV	838	362	0	0	23	339	221	118
PCT1129	ED	980	227	1	1	17	208	145	63
PCT1129	MV	980	416	5	0	21	390	247	143
PCT1131	ED	797	132	0	1	10	121	93	28
PCT1131	MV	797	371	-1	0	23	349	205	144
PCT1132	ED	969	179	2	0	10	167	119	48
PCT1132	MV	969	427	0	2	32	393	253	140
PCT1133	ED	863	161	1	0	8	152	114	38
PCT1133	MV	863	410	0	0	22	388	233	155
PCT1134	ED	759	170	2	1	14	153	115	38
PCT1134	MV	759	318	-1	0	13	306	162	144
PCT1135	ED	540	87	1	0	3	83	56	27
PCT1135	MV	540	295	0	0	18	277	167	110
PCT1136	ED	829	144	0	0	7	137	102	35
PCT1136	MV	829	412	1	1	23	387	248	139
PCT1141	ED	1041	223	0	0	14	209	149	60
PCT1141	MV	1041	484	0	1	19	464	295	169
PCT1142	ED	861	175	0	0	13	162	124	38
PCT1142	MV	861	393	0	0	25	368	260	108
PCT1143	ED	1034	229	1	0	6	222	179	43
PCT1143	MV	1034	440	4	1	24	411	288	123
PCT1144	ED	907	205	1	0	7	197	136	61
PCT1144	MV	907	387	-1	0	13	375	262	113
PCT1145	ED	888	189	0	0	8	181	139	42
PCT1145	MV	888	461	0	1	25	435	301	134
PCT1146	ED	1011	186	0	0	7	179	141	38
PCT1146	MV	1011	454	2	0	22	430	300	130
PCT1147	ED	877	210	1	0	8	201	148	53
PCT1147	MV	877	396	1	1	26	368	257	111
PCT1148	ED	962	196	0	0	11	185	128	57
PCT1148	MV	962	444	0	0	25	419	250	169
PCT1149	ED	907	210	2	0	8	200	145	55
PCT1149	MV	907	407	-8	0	24	391	268	123
PCT1152	ED	864	198	0	0	14	184	130	54
PCT1152	MV	864	388	0	0	21	367	251	116
PCT1153	ED	951	210	0	0	18	192	129	63
PCT1153	MV	951	415	-1	1	21	394	254	140
PCT7001	ED	776	176	2	0	9	165	134	31
PCT7001	MV	776	429	3	0	19	407	327	80
PCT7002	ED	706	176	0	0	10	166	141	25
PCT7002	MV	706	332	-3	0	15	320	253	67
PCT7003	ED	884	238	0	0	13	225	187	38
PCT7003	MV	884	498	5	0	21	472	385	87
PCT7004	ED	881	241	1	0	7	233	192	41
PCT7004	MV	881	496	1	0	20	475	378	97
PCT7005	ED	847	253	0	1	9	243	211	32
PCT7005	MV	847	480	-1	1	16	464	388	76
PCT7006	ED	917	254	1	0	9	244	202	42
PCT7006	MV	917	442	1	0	18	423	353	70
PCT7007	ED	949	283	0	0	5	278	231	47
PCT7007	MV	949	516	2	0	18	496	390	106
PCT7008	ED	932	264	1	0	4	259	219	40
PCT7008	MV	932	546	5	0	23	518	418	100
PCT7009	ED	905	185	0	0	8	177	144	33
PCT7009	MV	905	513	1	0	14	498	385	113
PCT7011	ED	985	204	0	0	12	192	170	22
PCT7011	MV	985	294	0	0	10	284	239	45
PCT7012	ED	1109	313	0	0	8	305	241	64
PCT7012	MV	1109	594	4	0	18	572	447	125
PCT7013	ED	956	267	0	0	6	261	213	48
PCT7013	MV	956	501	4	0	24	473	387	86
PCT7014	ED	1460	367	0	0	9	358	287	71
PCT7014	MV	1460	802	3	0	30	769	621	148
PCT7015	MV	95	44	0	0	2	42	36	6
PCT7016	ED	918	171	0	0	6	165	142	23
PCT7016	MV	918	280	0	1	16	263	186	77
PCT7017	ED	754	149	0	0	12	137	120	17
PCT7017	MV	754	252	2	0	9	241	210	31
PCT7018	ED	977	155	0	0	16	139	108	31
PCT7018	MV	977	448	-1	0	33	416	262	154
PCT7019	ED	899	182	0	0	11	171	146	25
PCT7019	MV	899	413	0	0	26	387	263	124
PCT7021	ED	947	184	1	0	15	168	149	19
PCT7021	MV	947	305	0	0	14	291	226	65
PCT7022	ED	945	215	0	0	9	206	179	27
PCT7022	MV	945	352	0	0	20	332	265	67
PCT7023	ED	928	178	-1	0	8	171	151	20
PCT7023	MV	928	400	0	0	25	375	312	63
PCT7024	ED	414	70	0	0	3	67	63	4
PCT7024	MV	414	78	0	0	5	73	63	10
PCT7025	ED	477	85	0	0	7	78	69	9
PCT7025	MV	477	128	-1	0	6	123	103	20
PCT7026	ED	1011	149	0	0	8	141	95	46
PCT7026	MV	1011	455	1	0	17	437	241	196
PCT7027	ED	869	195	0	0	16	179	145	34
PCT7027	MV	869	353	-1	0	25	329	214	115
PCT7028	ED	850	213	-1	0	10	204	189	15
PCT7028	MV	850	282	0	0	9	273	223	50
PCT7029	ED	901	184	1	0	17	166	155	11
PCT7029	MV	901	251	1	0	14	236	189	47
PCT7030	ED	759	119	0	0	5	114	73	41
PCT7030	MV	759	357	0	2	20	335	183	152
PCT7031	ED	641	91	0	0	8	83	69	14
PCT7031	MV	641	309	-2	0	18	293	213	80
PCT7032	ED	904	173	-1	0	12	162	131	31
PCT7032	MV	904	316	2	0	23	291	234	57
PCT7033	ED	798	191	3	0	12	176	149	27
PCT7033	MV	798	247	-1	1	9	238	189	49
PCT7034	ED	958	197	0	1	15	181	163	18
PCT7034	MV	958	201	2	0	9	190	163	27
PCT7035	ED	606	122	0	0	7	115	90	25
PCT7035	MV	606	262	0	0	10	252	195	57
PCT7036	ED	921	117	0	0	6	111	83	28
PCT7036	MV	921	342	2	0	12	328	205	123
PCT7037	ED	735	135	-4	0	9	130	122	8
PCT7037	MV	735	98	-1	0	11	88	76	12
PCT7038	ED	911	135	0	0	10	125	95	30
PCT7038	MV	911	351	-2	0	25	328	203	125
PCT7039	ED	784	178	0	0	9	169	113	56
PCT7039	MV	784	306	3	0	17	286	176	110
PCT7041	MV	61	33	0	0	1	32	17	15
PCT7042	ED	639	118	0	0	4	114	82	32
PCT7042	MV	639	258	-1	1	13	245	173	72
PCT7043	ED	957	176	0	1	7	168	138	30
PCT7043	MV	957	404	0	0	16	388	268	120
PCT7044	ED	827	167	1	0	14	152	131	21
PCT7044	MV	827	193	-1	0	10	184	139	45
PCT7045	ED	779	120	0	0	11	109	77	32
PCT7045	MV	779	344	3	0	19	322	166	156
PCT7046	ED	402	94	0	0	4	90	68	22
PCT7046	MV	402	175	3	0	8	164	104	60
PCT7047	ED	823	119	0	0	9	110	85	25
PCT7047	MV	823	388	1	0	17	370	224	146
PCT7048	ED	858	150	4	0	10	136	102	34
PCT7048	MV	858	318	1	0	22	295	184	111
PCT7049	ED	792	173	-1	0	12	162	111	51
PCT7049	MV	792	305	2	0	13	290	146	144
PCT7051	ED	861	114	1	0	12	101	76	25
PCT7051	MV	861	380	1	0	30	349	193	156
PCT7052	ED	852	161	1	0	3	157	108	49
PCT7052	MV	852	402	0	0	32	370	223	147
PCT7053	ED	548	102	1	0	6	95	65	30
PCT7053	MV	548	278	0	0	12	266	163	103
PCT7054	ED	1073	215	1	0	5	209	176	33
PCT7054	MV	1073	410	3	0	19	388	296	92
PCT7055	ED	808	190	0	0	8	182	150	32
PCT7055	MV	808	440	0	0	12	428	309	119
PCT7101	MV	155	120	1	1	6	112	98	14
PCT7201	ED	936	245	1	0	16	228	165	63
PCT7201	MV	936	518	2	0	33	483	318	165
PCT7202	ED	850	227	-1	0	9	219	164	55
PCT7202	MV	850	431	4	0	20	407	265	142
PCT7203	ED	921	291	3	0	10	278	209	69
PCT7203	MV	921	423	-1	0	21	403	292	111
PCT7204	ED	918	233	0	0	14	219	152	67
PCT7204	MV	918	531	3	0	23	505	356	149
PCT7205	ED	875	251	1	0	20	230	166	64
PCT7205	MV	875	485	0	1	13	471	330	141
PCT7206	ED	378	135	1	0	4	130	95	35
PCT7206	MV	378	191	2	0	4	185	124	61
PCT7207	ED	812	196	-2	0	15	183	145	38
PCT7207	MV	812	434	6	1	26	401	297	104
PCT7208	ED	600	111	-1	0	6	106	89	17
PCT7208	MV	600	328	-1	0	22	307	220	87
PCT7209	ED	626	107	0	0	1	106	84	22
PCT7209	MV	626	423	2	0	31	390	297	93
PCT7301	ED	1016	228	0	0	16	212	163	49
PCT7301	MV	1016	435	1	0	28	406	305	101
PCT7302	ED	814	188	0	0	12	176	119	57
PCT7302	MV	814	458	2	1	34	421	294	127
PCT7303	ED	1042	281	0	0	11	270	212	58
PCT7303	MV	1042	482	2	0	29	451	316	135
PCT7304	ED	1002	278	0	0	12	266	203	63
PCT7304	MV	1002	493	1	2	24	466	321	145
PCT7305	ED	871	240	0	0	14	226	162	64
PCT7305	MV	871	460	0	1	16	443	287	156
PCT7306	ED	1056	317	0	0	17	300	218	82
PCT7306	MV	1056	498	0	0	28	470	323	147
PCT7307	ED	767	210	0	0	7	203	161	42
PCT7307	MV	767	346	3	0	24	319	222	97
PCT7308	ED	603	177	0	0	8	169	126	43
PCT7308	MV	603	313	4	0	20	289	191	98
PCT7309	ED	884	263	0	0	14	249	194	55
PCT7309	MV	884	439	4	0	30	405	285	120
PCT7311	ED	917	268	2	0	7	259	211	48
PCT7311	MV	917	448	-3	1	25	425	304	121
PCT7312	ED	821	203	0	0	11	192	143	49
PCT7312	MV	821	470	3	0	40	427	292	135
PCT7313	ED	968	225	1	0	15	209	166	43
PCT7313	MV	968	485	5	0	27	453	327	126
PCT7314	ED	787	125	0	0	17	108	83	25
PCT7314	MV	787	271	-2	0	52	221	175	46
PCT7315	ED	760	220	-2	0	15	207	166	41
PCT7315	MV	760	282	2	1	20	259	189	70
PCT7316	ED	853	205	0	0	15	190	148	42
PCT7316	MV	853	367	1	0	23	343	241	102
PCT7317	ED	904	189	0	0	12	177	131	46
PCT7317	MV	904	454	0	0	30	424	301	123
PCT7318	ED	727	179	0	0	11	168	119	49
PCT7318	MV	727	390	0	0	25	365	257	108
PCT7319	ED	1079	301	1	0	19	281	219	62
PCT7319	MV	1079	516	4	0	35	477	344	133
PCT7321	ED	671	149	0	0	7	142	98	44
PCT7321	MV	671	286	1	0	24	261	174	87
PCT7322	ED	874	65	0	0	8	57	46	11
PCT7322	MV	874	337	0	0	34	303	211	92
PCT7323	ED	950	234	0	0	15	219	158	61
PCT7323	MV	950	455	2	0	31	422	302	120
PCT7324	ED	755	190	1	0	15	174	124	50
PCT7324	MV	755	364	2	0	20	342	253	89
PCT7325	ED	904	243	0	0	20	223	162	61
PCT7325	MV	904	436	3	0	31	402	291	111
PCT7326	ED	876	200	0	1	13	186	152	34
PCT7326	MV	876	430	2	1	29	398	295	103
PCT7327	ED	699	71	0	0	9	62	47	15
PCT7327	MV	699	276	-1	0	27	250	160	90
PCT7328	ED	973	94	-2	0	14	82	62	20
PCT7328	MV	973	394	0	0	50	344	257	87
PCT7329	ED	640	112	0	0	10	102	77	25
PCT7329	MV	640	321	5	0	15	301	204	97
PCT7331	ED	852	213	-1	1	18	195	123	72
PCT7331	MV	852	461	3	0	26	432	290	142
PCT7332	ED	834	225	0	0	7	218	184	34
PCT7332	MV	834	364	1	0	22	341	277	64
PCT7333	ED	1044	298	0	0	13	285	217	68
PCT7333	MV	1044	543	5	0	29	509	377	132
PCT7334	ED	881	199	0	0	12	187	149	38
PCT7334	MV	881	462	5	0	22	435	332	103
PCT7335	ED	970	225	0	0	11	214	170	44
PCT7335	MV	970	523	3	0	25	495	357	138
PCT7336	ED	955	238	-1	0	14	225	171	54
PCT7336	MV	955	523	3	0	25	495	321	174
PCT7337	ED	851	179	0	0	11	168	123	45
PCT7337	MV	851	464	3	0	22	439	323	116
PCT7338	ED	915	153	1	0	13	139	100	39
PCT7338	MV	915	426	1	1	29	395	266	129
PCT7339	ED	669	174	0	0	4	170	142	28
PCT7339	MV	669	309	0	0	14	295	232	63
PCT7341	ED	908	260	0	0	16	244	187	57
PCT7341	MV	908	401	3	0	24	374	295	79
PCT7342	ED	947	334	-1	0	19	316	258	58
PCT7342	MV	947	414	1	0	15	398	302	96
PCT7343	ED	731	234	1	0	12	221	190	31
PCT7343	MV	731	316	6	0	17	293	236	57
PCT7344	ED	1110	291	1	0	17	273	217	56
PCT7344	MV	1110	538	-4	0	22	520	392	128
PCT7345	ED	1141	329	-1	0	16	314	255	59
PCT7345	MV	1141	521	3	0	26	492	392	100
PCT7346	ED	920	250	1	0	13	236	202	34
PCT7346	MV	920	384	-2	0	19	367	301	66
PCT7347	ED	1040	241	1	0	19	221	186	35
PCT7347	MV	1040	480	6	0	17	457	389	68
PCT7348	ED	861	210	1	0	10	199	160	39
PCT7348	MV	861	353	-1	0	23	331	265	66
PCT7349	ED	957	248	0	0	9	239	187	52
PCT7349	MV	957	427	3	0	22	402	305	97
PCT7501	ED	565	172	-1	0	8	165	130	35
PCT7501	MV	565	308	4	0	16	288	210	78
PCT7502	ED	784	180	1	0	6	173	126	47
PCT7502	MV	784	447	2	0	37	408	306	102
PCT7503	ED	764	208	1	0	13	194	157	37
PCT7503	MV	764	388	4	0	26	358	272	86
PCT7504	ED	503	112	0	0	7	105	82	23
PCT7504	MV	503	222	2	0	25	195	156	39
PCT7505	ED	869	158	2	0	8	148	126	22
PCT7505	MV	869	532	5	1	32	494	402	92
PCT7506	ED	999	226	0	0	15	211	176	35
PCT7506	MV	999	473	3	0	22	448	340	108
PCT7507	ED	955	211	0	0	12	199	162	37
PCT7507	MV	955	344	-2	0	23	323	277	46
PCT7508	ED	727	154	0	1	14	139	112	27
PCT7508	MV	727	427	3	0	37	387	293	94
PCT7509	ED	932	235	3	0	8	224	181	43
PCT7509	MV	932	470	4	0	28	438	347	91
PCT7512	ED	612	150	0	0	12	138	93	45
PCT7512	MV	612	283	-1	0	21	263	189	74
PCT7513	ED	818	225	0	0	20	205	173	32
PCT7513	MV	818	315	3	0	12	300	260	40
PCT7514	ED	874	140	0	0	14	126	121	5
PCT7514	MV	874	305	1	1	25	278	242	36
PCT7515	ED	869	212	0	0	14	198	161	37
PCT7515	MV	869	389	-1	0	18	372	282	90
PCT7516	ED	922	172	1	0	13	158	129	29
PCT7516	MV	922	538	-1	0	35	504	381	123
PCT7517	ED	863	289	0	0	7	282	246	36
PCT7517	MV	863	410	0	1	16	393	335	58
PCT7518	ED	950	309	0	0	9	300	261	39
PCT7518	MV	950	480	2	0	34	444	380	64
PCT7519	ED	737	224	0	0	8	216	181	35
PCT7519	MV	737	355	1	0	18	336	282	54
PCT7521	ED	812	292	6	0	12	274	244	30
PCT7521	MV	812	354	0	0	15	339	314	25
PCT7522	ED	764	207	0	0	10	197	166	31
PCT7522	MV	764	397	2	0	13	382	336	46
PCT7523	ED	747	275	-1	0	9	267	218	49
PCT7523	MV	747	359	3	0	9	347	297	50
PCT7524	ED	615	181	1	0	3	177	158	19
PCT7524	MV	615	262	3	0	10	249	213	36
PCT7525	ED	800	205	0	0	12	193	172	21
PCT7525	MV	800	341	-1	0	21	321	279	42
PCT7526	ED	1011	292	0	0	11	281	239	42
PCT7526	MV	1011	552	2	1	27	522	442	80
PCT7527	ED	725	211	0	0	10	201	178	23
PCT7527	MV	725	339	0	0	21	318	276	42
PCT7529	ED	948	295	-3	0	16	282	251	31
PCT7529	MV	948	486	1	0	21	464	417	47
PCT7531	ED	865	228	-1	0	7	222	199	23
PCT7531	MV	865	442	1	0	13	428	375	53
PCT7532	ED	852	246	3	0	12	231	196	35
PCT7532	MV	852	398	0	0	18	380	306	74
PCT7533	ED	1015	357	0	0	8	349	304	45
PCT7533	MV	1015	490	0	0	22	468	390	78
PCT7534	ED	936	322	0	0	13	309	281	28
PCT7534	MV	936	415	0	1	18	396	337	59
PCT7535	ED	767	262	2	0	8	252	224	28
PCT7535	MV	767	387	3	0	23	361	303	58
PCT7536	ED	863	291	-1	0	9	283	247	36
PCT7536	MV	863	421	0	1	13	407	344	63
PCT7537	ED	752	240	-1	0	7	234	208	26
PCT7537	MV	752	363	0	0	13	350	302	48
PCT7538	ED	771	246	0	0	18	228	190	38
PCT7538	MV	771	400	2	0	20	378	329	49
PCT7539	ED	922	330	0	1	13	316	283	33
PCT7539	MV	922	428	2	0	12	414	348	66
PCT7541	ED	805	248	0	0	9	239	207	32
PCT7541	MV	805	400	0	0	11	389	323	66
PCT7542	ED	821	272	0	0	8	264	240	24
PCT7542	MV	821	389	0	0	11	378	327	51
PCT7543	ED	909	216	0	0	14	202	183	19
PCT7543	MV	909	467	3	0	5	459	406	53
PCT7544	ED	898	258	0	0	12	246	209	37
PCT7544	MV	898	479	4	1	17	457	381	76
PCT7545	ED	918	273	0	0	13	260	214	46
PCT7545	MV	918	480	-1	1	18	462	371	91
PCT7546	ED	982	304	0	0	13	291	247	44
PCT7546	MV	982	517	5	0	23	489	418	71
PCT7547	ED	1029	315	0	0	6	309	284	25
PCT7547	MV	1029	505	2	0	12	491	435	56
PCT7548	ED	1073	319	1	0	16	302	267	35
PCT7548	MV	1073	512	1	0	15	496	424	72
PCT7549	ED	811	215	0	0	13	202	170	32
PCT7549	MV	811	431	-3	0	23	411	337	74
PCT7551	ED	741	239	0	0	5	234	194	40
PCT7551	MV	741	394	1	1	17	375	335	40
PCT7552	ED	727	241	1	0	14	226	188	38
PCT7552	MV	727	361	1	0	15	345	309	36
PCT7553	MV	180	126	1	0	7	118	92	26
PCT7554	ED	808	247	0	0	8	239	189	50
PCT7554	MV	808	442	4	0	20	418	328	90
PCT7555	ED	886	290	-6	0	12	284	245	39
PCT7555	MV	886	459	1	0	29	429	349	80
PCT7556	ED	969	275	1	0	6	268	214	54
PCT7556	MV	969	573	0	1	21	551	467	84
PCT7601	ED	767	191	0	0	12	179	151	28
PCT7601	MV	767	290	1	1	11	277	243	34
PCT7602	ED	901	213	0	0	18	195	166	29
PCT7602	MV	901	379	3	0	15	361	306	55
PCT7603	ED	830	250	0	0	13	237	214	23
PCT7603	MV	830	376	0	0	9	367	301	66
PCT7604	ED	954	266	0	0	13	253	219	34
PCT7604	MV	954	352	2	1	20	329	287	42
PCT7605	ED	648	120	0	1	11	108	93	15
PCT7605	MV	648	203	-1	0	19	185	150	35
PCT7606	ED	924	205	3	0	19	183	157	26
PCT7606	MV	924	330	1	0	12	317	260	57
PCT7607	ED	960	215	-1	0	22	194	169	25
PCT7607	MV	960	407	3	0	17	387	323	64
PCT7608	ED	392	70	0	0	10	60	49	11
PCT7608	MV	392	136	0	0	15	121	94	27
PCT7609	ED	926	120	-1	0	20	101	93	8
PCT7609	MV	926	352	5	1	42	304	256	48
PCT7611	ED	755	126	0	0	11	115	102	13
PCT7611	MV	755	269	2	0	30	237	200	37
PCT7612	ED	583	97	1	0	9	87	63	24
PCT7612	MV	583	265	0	0	21	244	179	65
PCT7613	ED	908	204	-1	0	19	186	164	22
PCT7613	MV	908	340	1	0	20	319	263	56
PCT7614	ED	1029	223	2	0	21	200	172	28
PCT7614	MV	1029	375	1	0	15	359	308	51
PCT7615	ED	762	162	2	0	24	136	113	23
PCT7615	MV	762	237	-2	0	24	215	177	38
PCT7616	ED	1203	324	0	0	20	304	240	64
PCT7616	MV	1203	686	0	0	29	657	535	122
PCT7617	ED	768	102	1	0	11	90	74	16
PCT7617	MV	768	261	0	0	23	238	193	45
PCT7618	ED	862	168	0	0	7	161	136	25
PCT7618	MV	862	407	4	0	13	390	311	79
PCT7619	ED	1063	219	0	0	8	211	173	38
PCT7619	MV	1063	563	-1	0	26	538	425	113
PCT7621	ED	1320	287	1	0	14	272	224	48
PCT7621	MV	1320	668	4	0	35	629	490	139
PCT7622	ED	988	170	0	1	18	151	129	22
PCT7622	MV	988	301	4	0	19	278	234	44
PCT7623	ED	746	184	0	0	9	175	158	17
PCT7623	MV	746	297	2	0	13	282	237	45
PCT7624	ED	859	142	0	0	7	135	118	17
PCT7624	MV	859	290	1	0	18	271	226	45
PCT7625	ED	822	66	0	0	6	60	45	15
PCT7625	MV	822	475	1	0	68	406	302	104
PCT7626	ED	1114	227	0	1	10	216	155	61
PCT7626	MV	1114	612	0	0	24	588	429	159
PCT7627	ED	1187	267	0	0	8	259	183	76
PCT7627	MV	1187	582	5	1	30	546	368	178
PCT7628	ED	960	241	0	0	10	231	192	39
PCT7628	MV	960	428	2	0	18	408	340	68
PCT7629	ED	809	208	1	0	9	198	180	18
PCT7629	MV	809	343	3	1	10	329	260	69
PCT7631	ED	1155	270	0	0	14	256	204	52
PCT7631	MV	1155	577	2	0	32	543	421	122
PCT7632	ED	1124	289	3	0	9	277	220	57
PCT7632	MV	1124	561	1	0	12	548	434	114
PCT7633	ED	741	137	0	0	9	128	106	22
PCT7633	MV	741	392	1	0	30	361	268	93
PCT7634	ED	900	195	0	0	12	183	144	39
PCT7634	MV	900	421	2	1	23	395	315	80
PCT7635	ED	840	158	0	0	10	148	113	35
PCT7635	MV	840	382	2	0	19	361	276	85
PCT7636	ED	938	251	1	1	12	237	174	63
PCT7636	MV	938	465	3	1	24	437	309	128
PCT7637	ED	809	193	-1	0	10	184	114	70
PCT7637	MV	809	404	1	0	16	387	250	137
PCT7638	ED	1467	295	0	0	20	275	179	96
PCT7638	MV	1467	871	10	0	31	830	530	300
PCT7639	ED	1011	242	0	0	13	229	151	78
PCT7639	MV	1011	559	1	0	26	532	359	173
PCT7641	ED	972	205	-1	0	12	194	125	69
PCT7641	MV	972	549	3	0	25	521	352	169
PCT7642	ED	937	153	0	0	9	144	120	24
PCT7642	MV	937	394	2	1	49	342	268	74
PCT7643	ED	920	169	0	0	13	156	115	41
PCT7643	MV	920	507	1	0	33	473	354	119
PCT7644	ED	1175	330	1	0	16	313	248	65
PCT7644	MV	1175	554	4	0	24	526	414	112
PCT7645	ED	640	120	-1	0	8	113	86	27
PCT7645	MV	640	377	2	0	23	352	254	98
PCT7646	ED	1100	267	0	0	12	255	211	44
PCT7646	MV	1100	592	5	0	28	559	417	142
PCT7647	ED	1075	205	-1	0	17	189	164	25
PCT7647	MV	1075	283	-1	0	14	270	226	44
PCT7648	MV	1	0	0	0	0	0	0	0
PCT7649	ED	891	178	1	0	5	172	144	28
PCT7649	MV	891	395	5	0	20	370	298	72
PCT7651	ED	677	166	1	0	8	157	107	50
PCT7651	MV	677	351	4	0	15	332	226	106
PCT7652	ED	628	135	0	0	8	127	88	39
PCT7652	MV	628	301	6	0	14	281	210	71
PCT7653	ED	1280	300	1	0	19	280	216	64
PCT7653	MV	1280	673	4	2	31	636	458	178
PCT7701	ED	1064	296	0	0	14	282	227	55
PCT7701	MV	1064	597	3	1	25	568	441	127
PCT7702	ED	748	180	-1	0	9	172	124	48
PCT7702	MV	748	415	3	1	19	392	257	135
PCT7703	MV	171	79	0	0	12	67	59	8
PCT7704	ED	1008	257	0	0	12	245	157	88
PCT7704	MV	1008	557	3	0	30	524	323	201
PCT7705	ED	568	149	-2	0	4	147	99	48
PCT7705	MV	568	335	0	0	16	319	207	112
PCT7706	ED	840	252	1	0	8	243	160	83
PCT7706	MV	840	467	4	0	22	441	291	150
PCT7707	ED	857	241	1	0	6	234	163	71
PCT7707	MV	857	495	1	0	30	464	334	130
PCT7708	ED	871	205	-1	0	8	198	144	54
PCT7708	MV	871	540	2	1	30	507	334	173
PCT7709	ED	391	102	0	0	1	101	79	22
PCT7709	MV	391	222	1	1	10	210	149	61
PCT7711	ED	766	198	-1	0	4	195	148	47
PCT7711	MV	766	422	-3	1	24	400	306	94
PCT7712	ED	529	149	0	0	5	144	112	32
PCT7712	MV	529	296	0	0	7	289	231	58
PCT7801	ED	1001	264	2	0	5	257	217	40
PCT7801	MV	1001	596	2	0	16	578	457	121
PCT7802	ED	788	230	1	0	8	221	185	36
PCT7802	MV	788	458	2	2	30	424	332	92
PCT7803	ED	828	174	0	0	6	168	137	31
PCT7803	MV	828	552	1	0	19	532	412	120
PCT7804	ED	893	257	1	0	12	244	199	45
PCT7804	MV	893	533	1	1	21	510	416	94
PCT7805	ED	825	228	0	0	7	221	193	28
PCT7805	MV	825	484	1	0	15	468	381	87
PCT7806	ED	716	208	1	0	4	203	175	28
PCT7806	MV	716	407	1	1	8	397	331	66
PCT7807	ED	844	276	0	0	4	272	234	38
PCT7807	MV	844	417	2	0	12	403	332	71
PCT7808	ED	655	211	-2	0	10	203	182	21
PCT7808	MV	655	333	1	0	18	314	270	44
PCT7809	ED	781	238	1	0	6	231	208	23
PCT7809	MV	781	405	3	0	11	391	338	53
PCT7811	ED	783	249	0	0	3	246	209	37
PCT7811	MV	783	404	6	0	14	384	325	59
PCT7812	ED	877	257	0	0	17	240	194	46
PCT7812	MV	877	454	-1	1	13	441	380	61
PCT7813	ED	1064	308	1	0	11	296	255	41
PCT7813	MV	1064	585	3	0	26	556	475	81
PCT7814	ED	936	228	-1	0	6	223	193	30
PCT7814	MV	936	341	-2	1	8	334	293	41
PCT7815	ED	954	238	0	0	7	231	198	33
PCT7815	MV	954	573	1	3	21	548	455	93
PCT7816	ED	865	236	0	0	7	229	184	45
PCT7816	MV	865	531	4	1	19	507	418	89
PCT7817	ED	823	277	0	0	10	267	227	40
PCT7817	MV	823	439	4	0	9	426	382	44
PCT7818	ED	860	234	1	0	6	227	199	28
PCT7818	MV	860	452	1	0	8	443	383	60
PCT7819	ED	793	191	0	0	5	186	155	31
PCT7819	MV	793	420	1	2	20	397	343	54
PCT7821	ED	985	248	0	0	8	240	215	25
PCT7821	MV	985	630	5	0	17	608	505	103
PCT7822	ED	908	275	0	0	8	267	217	50
PCT7822	MV	908	480	1	1	19	459	384	75
PCT7823	ED	879	270	7	0	9	254	224	30
PCT7823	MV	879	501	3	0	18	480	392	88
PCT7824	ED	768	247	0	0	9	238	205	33
PCT7824	MV	768	383	1	1	17	364	304	60
PCT7825	ED	597	191	0	0	5	186	149	37
PCT7825	MV	597	302	-1	0	10	293	261	32
PCT7826	ED	684	258	1	0	5	252	211	41
PCT7826	MV	684	319	0	0	16	303	266	37
PCT7827	ED	831	261	0	0	10	251	220	31
PCT7827	MV	831	361	0	0	5	356	305	51
PCT7828	ED	1018	261	0	0	10	251	205	46
PCT7828	MV	1018	549	1	0	15	533	428	105
PCT7829	ED	907	237	1	0	14	222	178	44
PCT7829	MV	907	557	1	0	18	538	419	119
PCT7831	ED	882	233	0	0	7	226	193	33
PCT7831	MV	882	544	15	0	21	508	418	90
PCT7832	ED	780	188	0	0	3	185	161	24
PCT7832	MV	780	488	0	0	17	471	391	80
PCT7833	ED	747	230	2	0	5	223	198	25
PCT7833	MV	747	412	2	0	10	400	345	55
PCT7834	ED	867	277	1	0	9	267	230	37
PCT7834	MV	867	439	2	0	16	421	384	37
PCT7835	ED	847	211	0	0	4	207	162	45
PCT7835	MV	847	505	6	0	17	482	360	122
PCT7836	ED	1023	260	0	0	11	249	198	51
PCT7836	MV	1023	623	-2	0	31	594	465	129
PCT7837	ED	911	260	1	0	7	252	209	43
PCT7837	MV	911	509	3	0	31	475	366	109
PCT7838	ED	926	239	0	0	6	233	185	48
PCT7838	MV	926	546	6	0	20	520	398	122
PCT7839	ED	842	205	0	0	14	191	154	37
PCT7839	MV	842	515	-5	0	20	500	400	100
PCT7841	ED	937	291	0	0	13	278	239	39
PCT7841	MV	937	526	4	0	17	505	423	82
PCT7842	ED	903	283	0	0	8	275	236	39
PCT7842	MV	903	434	-2	0	15	421	359	62
PCT7843	ED	767	232	0	0	8	224	196	28
PCT7843	MV	767	380	0	0	8	372	317	55
PCT7844	ED	663	196	0	0	7	189	171	18
PCT7844	MV	663	329	2	0	15	312	270	42
PCT7845	ED	849	241	-1	0	12	230	179	51
PCT7845	MV	849	469	-2	0	24	447	374	73
PCT7846	ED	904	262	0	0	13	249	204	45
PCT7846	MV	904	509	1	0	28	480	377	103
PCT7847	ED	929	261	1	0	15	245	198	47
PCT7847	MV	929	529	1	0	24	504	413	91
PCT7848	ED	834	233	0	0	13	220	181	39
PCT7848	MV	834	491	-2	0	19	474	395	79
PCT7849	ED	929	264	0	0	9	255	216	39
PCT7849	MV	929	522	1	0	23	498	397	101
PCT7851	ED	513	136	0	0	4	132	99	33
PCT7851	MV	513	298	-1	1	14	284	214	70
PCT7852	ED	647	143	0	0	6	137	104	33
PCT7852	MV	647	394	0	0	16	378	267	111
PCT7853	ED	850	214	-2	0	12	204	157	47
PCT7853	MV	850	479	7	0	27	445	351	94
PCT7854	ED	894	248	0	0	11	237	195	42
PCT7854	MV	894	500	0	1	22	477	390	87
PCT7855	ED	986	301	0	0	13	288	247	41
PCT7855	MV	986	522	-3	0	25	500	390	110
PCT7856	ED	800	265	0	0	8	257	218	39
PCT7856	MV	800	425	1	0	22	402	318	84
PCT7857	ED	933	276	1	0	10	265	222	43
PCT7857	MV	933	517	-2	0	22	497	404	93
PCT7858	ED	775	245	0	0	9	236	196	40
PCT7858	MV	775	394	1	0	16	377	338	39
PCT7859	ED	891	250	0	0	8	242	195	47
PCT7859	MV	891	513	1	0	18	494	382	112
PCT7861	ED	859	217	0	0	12	205	168	37
PCT7861	MV	859	510	3	1	14	492	382	110
PCT7862	ED	866	302	1	0	9	292	248	44
PCT7862	MV	866	472	0	0	20	452	371	81
PCT7863	ED	907	311	0	0	10	301	266	35
PCT7863	MV	907	440	0	0	17	423	358	65
PCT7864	ED	807	232	0	0	4	228	194	34
PCT7864	MV	807	427	-2	0	18	411	327	84
PCT7865	ED	823	241	0	1	8	232	199	33
PCT7865	MV	823	463	4	0	13	446	342	104
PCT7866	ED	836	209	-1	0	8	202	143	59
PCT7866	MV	836	491	3	1	20	467	318	149
PCT7867	ED	955	266	0	0	8	258	214	44
PCT7867	MV	955	512	8	0	24	480	381	99
PCT7868	ED	881	242	1	0	11	230	191	39
PCT7868	MV	881	449	1	0	17	431	315	116
PCT7869	ED	867	239	0	0	5	234	189	45
PCT7869	MV	867	489	1	0	8	480	387	93
PCT7871	ED	900	259	0	1	15	243	191	52
PCT7871	MV	900	502	2	1	20	479	381	98
PCT7872	ED	862	288	0	0	13	275	225	50
PCT7872	MV	862	472	3	1	8	460	357	103
PCT7873	ED	861	257	1	0	9	247	212	35
PCT7873	MV	861	502	-1	0	21	482	390	92
PCT7874	ED	477	137	1	0	5	131	104	27
PCT7874	MV	477	256	2	0	10	244	190	54
PCT7875	ED	623	180	0	0	6	174	146	28
PCT7875	MV	623	285	0	0	9	276	215	61
PCT7876	ED	498	154	10	0	9	135	103	32
PCT7876	MV	498	269	1	0	16	252	217	35
PCT7901	ED	522	136	0	0	8	128	110	18
PCT7901	MV	522	198	1	0	6	191	159	32
PCT7902	ED	968	258	0	0	17	241	207	34
PCT7902	MV	968	401	1	0	9	391	337	54
PCT7903	ED	840	201	0	0	12	189	169	20
PCT7903	MV	840	350	-2	0	15	337	298	39
PCT7904	ED	877	212	1	0	11	200	176	24
PCT7904	MV	877	403	2	1	24	376	305	71
PCT7905	ED	851	254	0	0	12	242	207	35
PCT7905	MV	851	409	5	0	15	389	304	85
PCT7906	ED	787	245	0	0	11	234	213	21
PCT7906	MV	787	335	0	1	15	319	277	42
PCT7907	ED	950	278	0	1	12	265	237	28
PCT7907	MV	950	425	-4	0	23	406	349	57
PCT7908	ED	949	284	1	1	15	267	226	41
PCT7908	MV	949	408	2	0	16	390	345	45
PCT7909	ED	733	251	0	0	12	239	208	31
PCT7909	MV	733	303	-1	0	15	289	253	36
PCT7911	ED	860	244	-1	0	14	231	194	37
PCT7911	MV	860	395	-1	1	16	379	308	71
PCT7912	ED	1065	291	0	1	12	278	243	35
PCT7912	MV	1065	463	2	0	15	446	393	53
PCT7913	ED	913	312	1	0	7	304	269	35
PCT7913	MV	913	378	-1	0	14	365	300	65
PCT7914	ED	883	278	-1	0	14	265	219	46
PCT7914	MV	883	425	3	1	11	410	353	57
PCT7915	ED	831	266	0	0	8	258	227	31
PCT7915	MV	831	351	0	0	13	338	283	55
PCT7916	ED	888	284	1	1	9	273	237	36
PCT7916	MV	888	421	0	0	19	402	344	58
PCT7917	ED	1015	315	0	0	11	304	271	33
PCT7917	MV	1015	428	3	0	18	407	355	52
PCT7918	ED	836	253	0	0	11	242	215	27
PCT7918	MV	836	379	0	0	18	361	322	39
PCT7919	ED	895	309	1	0	12	296	269	27
PCT7919	MV	895	376	-1	0	17	360	314	46
PCT7921	ED	917	232	1	0	7	224	198	26
PCT7921	MV	917	366	1	0	14	351	293	58
PCT7922	ED	831	250	1	0	9	240	214	26
PCT7922	MV	831	383	0	0	19	364	328	36
PCT7923	ED	885	262	0	0	4	258	221	37
PCT7923	MV	885	403	-1	0	13	391	346	45
PCT7924	ED	842	238	0	0	9	229	196	33
PCT7924	MV	842	382	0	0	15	367	288	79
PCT7925	ED	567	156	0	0	3	153	134	19
PCT7925	MV	567	293	0	0	10	283	244	39
PCT7926	ED	795	229	0	0	13	216	184	32
PCT7926	MV	795	390	4	0	9	377	324	53
PCT7927	ED	747	241	1	0	8	232	195	37
PCT7927	MV	747	392	4	0	13	375	324	51
PCT7928	ED	931	284	1	0	11	272	232	40
PCT7928	MV	931	489	0	0	19	470	390	80
PCT7929	ED	864	248	0	0	6	242	213	29
PCT7929	MV	864	509	1	0	10	498	419	79
PCT7931	ED	738	219	0	0	4	215	186	29
PCT7931	MV	738	408	2	0	7	399	332	67
PCT7932	ED	551	157	1	0	7	149	126	23
PCT7932	MV	551	285	1	0	6	278	213	65
PCT7933	MV	6	4	0	0	0	4	3	1
PCT7934	ED	890	250	-1	0	8	243	207	36
PCT7934	MV	890	472	0	0	19	453	396	57
PCT7935	ED	970	305	0	0	12	293	267	26
PCT7935	MV	970	519	-2	0	20	501	412	89
PCT7936	ED	856	287	2	1	10	274	242	32
PCT7936	MV	856	428	-1	0	15	414	355	59
PCT7937	ED	886	267	1	0	12	254	235	19
PCT7937	MV	886	435	3	0	11	421	354	67
PCT7938	ED	788	213	0	0	10	203	180	23
PCT7938	MV	788	337	2	0	13	322	265	57
PCT7939	ED	688	254	-2	0	9	247	220	27
PCT7939	MV	688	326	0	0	22	304	270	34
PCT7941	ED	751	218	-1	0	14	205	174	31
PCT7941	MV	751	348	0	0	18	330	281	49
PCT7942	ED	914	259	1	1	15	242	209	33
PCT7942	MV	914	412	-1	0	28	385	307	78
PCT7943	ED	872	258	4	1	10	243	201	42
PCT7943	MV	872	439	0	0	32	407	313	94
PCT7944	ED	801	243	0	0	6	237	209	28
PCT7944	MV	801	381	2	0	10	369	303	66
PCT7945	ED	915	186	0	0	14	172	157	15
PCT7945	MV	915	414	1	0	20	393	313	80
PCT7946	ED	945	183	0	0	9	174	133	41
PCT7946	MV	945	451	0	0	36	415	265	150
PCT7947	ED	946	182	1	0	11	170	120	50
PCT7947	MV	946	430	2	0	25	403	244	159
PCT7948	ED	928	210	0	0	9	201	142	59
PCT7948	MV	928	422	-5	0	24	403	249	154
PCT7949	ED	569	100	1	0	8	91	64	27
PCT7949	MV	569	292	1	0	11	280	139	141
PCT7951	ED	854	166	0	0	10	156	115	41
PCT7951	MV	854	425	2	0	19	404	209	195
PCT7952	ED	866	167	0	0	20	147	99	48
PCT7952	MV	866	359	1	0	25	333	206	127
PCT7953	ED	824	186	2	0	13	171	126	45
PCT7953	MV	824	402	0	1	18	383	206	177
PCT7955	ED	902	199	4	0	12	183	132	51
PCT7955	MV	902	435	1	1	36	397	253	144
PCT7956	ED	823	136	0	0	7	129	90	39
PCT7956	MV	823	353	0	0	20	333	217	116
PCT7957	ED	646	147	0	0	10	137	99	38
PCT7957	MV	646	298	1	0	17	280	205	75
PCT7958	MV	290	141	1	0	8	132	92	40
PCT7959	ED	727	160	1	0	5	154	132	22
PCT7959	MV	727	326	1	0	15	310	271	39
PCT9001	MV	273	142	-2	0	5	139	103	36
PCT9101	ED	888	260	0	0	11	249	186	63
PCT9101	MV	888	438	4	0	18	416	293	123
PCT9102	ED	985	257	0	0	13	244	180	64
PCT9102	MV	985	471	2	0	30	439	305	134
PCT9103	ED	954	273	0	0	15	258	174	84
PCT9103	MV	954	431	7	0	23	401	285	116
PCT9104	ED	988	239	0	0	9	230	176	54
PCT9104	MV	988	465	3	0	25	437	323	114
PCT9105	ED	919	247	1	0	9	237	173	64
PCT9105	MV	919	488	-4	0	29	463	316	147
PCT9106	ED	937	268	1	0	10	257	206	51
PCT9106	MV	937	497	4	0	26	467	347	120
PCT9107	ED	849	219	0	0	8	211	151	60
PCT9107	MV	849	372	-1	0	21	352	264	88
PCT9108	ED	790	247	0	1	9	237	173	64
PCT9108	MV	790	373	2	0	31	340	247	93
PCT9109	ED	884	263	0	1	13	249	180	69
PCT9109	MV	884	428	1	0	30	397	303	94
PCT9111	ED	779	229	0	0	7	222	172	50
PCT9111	MV	779	346	2	0	13	331	244	87
PCT9112	ED	976	284	-1	0	6	279	205	74
PCT9112	MV	976	467	1	0	20	446	327	119
PCT9113	ED	999	311	0	0	12	299	214	85
PCT9113	MV	999	505	4	0	31	470	331	139
PCT9114	ED	877	263	-1	0	12	252	199	53
PCT9114	MV	877	405	-1	0	23	383	290	93
PCT9115	ED	911	258	1	0	13	244	200	44
PCT9115	MV	911	429	3	0	21	405	316	89
PCT9116	ED	944	281	0	0	12	269	210	59
PCT9116	MV	944	473	2	0	30	441	331	110
PCT9117	ED	783	222	0	0	7	215	152	63
PCT9117	MV	783	398	0	1	21	376	243	133
PCT9118	ED	974	286	-2	0	11	277	201	76
PCT9118	MV	974	426	3	0	31	392	249	143
PCT9119	ED	891	237	-1	0	16	222	171	51
PCT9119	MV	891	447	1	0	26	420	288	132
PCT9121	ED	930	256	-1	1	12	244	171	73
PCT9121	MV	930	434	-1	1	25	409	263	146
PCT9122	ED	953	210	0	0	18	192	138	54
PCT9122	MV	953	454	0	0	24	430	276	154
PCT9123	ED	858	232	0	0	18	214	157	57
PCT9123	MV	858	418	1	0	18	399	267	132
PCT9124	ED	874	202	0	0	7	195	146	49
PCT9124	MV	874	438	2	0	22	414	263	151
PCT9125	ED	861	210	-2	0	15	197	154	43
PCT9125	MV	861	437	2	0	20	415	309	106
PCT9126	ED	1015	245	-2	0	22	225	167	58
PCT9126	MV	1015	533	-2	0	24	511	326	185
PCT9127	ED	960	269	0	0	14	255	194	61
PCT9127	MV	960	498	0	0	24	474	334	140
PCT9128	ED	828	248	-1	0	16	233	175	58
PCT9128	MV	828	412	3	0	23	386	265	121
PCT9129	ED	741	243	1	0	15	227	180	47
PCT9129	MV	741	348	0	1	11	336	236	100
PCT9131	ED	759	193	1	0	7	185	149	36
PCT9131	MV	759	403	3	0	18	382	271	111
PCT9132	ED	837	248	0	0	14	234	192	42
PCT9132	MV	837	371	0	0	25	346	277	69
PCT9133	ED	1021	271	0	1	10	260	212	48
PCT9133	MV	1021	503	2	0	31	470	359	111
PCT9134	ED	893	210	0	0	13	197	157	40
PCT9134	MV	893	469	0	0	23	446	303	143
PCT9135	ED	808	215	0	0	8	207	128	79
PCT9135	MV	808	389	2	0	18	369	250	119
PCT9136	ED	929	253	1	0	16	236	185	51
PCT9136	MV	929	439	-2	0	23	418	274	144
PCT9137	ED	1006	260	-1	0	12	249	168	81
PCT9137	MV	1006	467	1	1	25	440	290	150
PCT9138	ED	943	226	2	0	11	213	158	55
PCT9138	MV	943	477	1	0	25	451	295	156
PCT9139	ED	975	243	0	0	13	230	166	64
PCT9139	MV	975	510	6	0	34	470	282	188
PCT9141	ED	953	252	-1	0	16	237	160	77
PCT9141	MV	953	477	4	0	26	447	301	146
PCT9142	ED	966	276	0	0	21	255	199	56
PCT9142	MV	966	459	-1	0	21	439	307	132
PCT9143	ED	920	251	0	0	10	241	176	65
PCT9143	MV	920	463	7	0	30	426	284	142
PCT9144	ED	962	293	0	0	10	283	220	63
PCT9144	MV	962	482	3	0	28	451	311	140
PCT9145	ED	861	249	2	0	6	241	189	52
PCT9145	MV	861	423	2	0	20	401	297	104
PCT9146	ED	885	245	-1	0	16	230	180	50
PCT9146	MV	885	464	2	0	29	433	325	108
PCT9147	ED	971	281	0	0	8	273	211	62
PCT9147	MV	971	492	-2	0	23	471	360	111
PCT9148	ED	1034	325	0	0	17	308	232	76
PCT9148	MV	1034	513	1	0	30	482	358	124
PCT9149	ED	948	264	0	0	14	250	198	52
PCT9149	MV	948	478	4	0	20	454	346	108
PCT9151	ED	872	227	0	0	8	219	168	51
PCT9151	MV	872	418	4	0	27	387	297	90
PCT9152	ED	721	270	-2	0	11	261	221	40
PCT9152	MV	721	279	-2	0	14	267	214	53
PCT9201	ED	1004	300	0	0	9	291	225	66
PCT9201	MV	1004	475	-1	0	21	455	364	91
PCT9202	ED	971	294	0	0	15	279	219	60
PCT9202	MV	971	426	2	1	27	396	303	93
PCT9203	ED	1002	239	0	0	13	226	135	91
PCT9203	MV	1002	536	3	1	32	500	307	193
PCT9204	ED	873	273	5	0	12	256	167	89
PCT9204	MV	873	393	4	0	20	369	215	154
PCT9205	ED	728	208	0	0	5	203	136	67
PCT9205	MV	728	376	7	0	26	343	239	104
PCT9206	ED	931	249	-1	0	16	234	140	94
PCT9206	MV	931	479	3	0	27	449	245	204
PCT9207	ED	981	262	0	0	9	253	159	94
PCT9207	MV	981	502	3	0	37	462	273	189
PCT9208	ED	1002	287	0	0	17	270	180	90
PCT9208	MV	1002	491	3	1	27	460	288	172
PCT9209	ED	711	245	0	0	9	236	149	87
PCT9209	MV	711	327	4	0	22	301	190	111
PCT9211	ED	889	234	0	0	14	220	153	67
PCT9211	MV	889	432	1	0	34	397	244	153
PCT9212	ED	803	234	0	0	11	223	156	67
PCT9212	MV	803	400	4	0	23	373	260	113
PCT9213	ED	951	264	0	0	14	250	160	90
PCT9213	MV	951	508	3	0	23	482	337	145
PCT9214	ED	640	166	0	0	9	157	100	57
PCT9214	MV	640	334	0	0	19	315	201	114
PCT9215	ED	652	194	0	0	8	186	105	81
PCT9215	MV	652	327	1	0	16	310	203	107
PCT9216	ED	845	246	-1	0	14	233	162	71
PCT9216	MV	845	379	2	0	19	358	236	122
PCT9217	ED	698	194	0	0	9	185	127	58
PCT9217	MV	698	349	4	0	23	322	215	107
PCT9218	ED	841	249	1	0	13	235	166	69
PCT9218	MV	841	412	2	0	32	378	238	140
PCT9219	ED	802	242	-1	0	10	233	175	58
PCT9219	MV	802	399	2	0	24	373	263	110
PCT9221	ED	651	145	-1	0	5	141	86	55
PCT9221	MV	651	399	3	0	23	373	220	153
PCT9222	ED	883	249	-2	0	19	232	145	87
PCT9222	MV	883	449	5	0	23	421	280	141
PCT9223	ED	638	160	0	0	11	149	98	51
PCT9223	MV	638	338	6	0	17	315	199	116
PCT9224	ED	960	263	1	0	12	250	158	92
PCT9224	MV	960	506	7	1	25	473	314	159
PCT9225	ED	958	299	0	0	18	281	190	91
PCT9225	MV	958	469	4	0	22	443	307	136
PCT9226	ED	926	271	2	0	15	254	172	82
PCT9226	MV	926	486	1	0	27	458	313	145
PCT9227	ED	738	188	0	0	5	183	113	70
PCT9227	MV	738	404	4	0	19	381	256	125
PCT9228	ED	747	189	-1	0	12	178	117	61
PCT9228	MV	747	424	2	0	14	408	269	139
PCT9229	ED	598	162	0	0	8	154	108	46
PCT9229	MV	598	316	0	0	10	306	208	98
PCT9231	ED	953	313	1	0	17	295	237	58
PCT9231	MV	953	488	-3	1	21	469	348	121
PCT9232	ED	735	212	0	0	12	200	145	55
PCT9232	MV	735	396	3	0	20	373	270	103
PCT9233	ED	793	209	0	1	7	201	126	75
PCT9233	MV	793	434	3	0	23	408	266	142
PCT9234	ED	746	187	0	0	11	176	129	47
PCT9234	MV	746	438	3	0	31	404	262	142
PCT9235	ED	884	239	0	0	12	227	152	75
PCT9235	MV	884	488	2	1	34	451	277	174
PCT9236	ED	683	201	0	0	14	187	125	62
PCT9236	MV	683	358	5	0	13	340	247	93
PCT9237	ED	936	229	5	0	8	216	155	61
PCT9237	MV	936	539	0	0	30	509	360	149
PCT9238	ED	842	230	3	0	13	214	143	71
PCT9238	MV	842	456	2	1	22	431	286	145
PCT9239	ED	881	200	-1	0	14	187	126	61
PCT9239	MV	881	499	3	0	28	468	326	142
PCT9241	ED	1005	255	-2	0	19	238	174	64
PCT9241	MV	1005	578	1	0	24	553	385	168
PCT9242	ED	972	277	0	1	17	259	186	73
PCT9242	MV	972	513	3	1	18	491	367	124
PCT9243	ED	594	193	0	0	8	185	135	50
PCT9243	MV	594	307	-2	0	19	290	209	81
PCT9244	ED	903	255	-1	0	13	243	190	53
PCT9244	MV	903	485	2	0	27	456	339	117
PCT9245	ED	742	209	1	0	8	200	143	57
PCT9245	MV	742	375	5	0	20	350	270	80
PCT9246	ED	929	257	1	0	12	244	185	59
PCT9246	MV	929	528	4	0	27	497	345	152
PCT9247	ED	927	264	0	0	14	250	181	69
PCT9247	MV	927	515	3	1	27	484	362	122
PCT9248	ED	907	258	0	1	7	250	204	46
PCT9248	MV	907	487	1	1	18	467	358	109
PCT9249	ED	917	271	0	0	16	255	192	63
PCT9249	MV	917	495	5	1	18	471	336	135
PCT9251	ED	995	287	0	1	8	278	217	61
PCT9251	MV	995	530	6	0	26	498	356	142
PCT9252	ED	944	219	0	0	9	210	149	61
PCT9252	MV	944	550	3	0	24	523	332	191
PCT9253	ED	772	187	0	0	9	178	132	46
PCT9253	MV	772	397	-1	0	21	377	256	121
PCT9254	ED	935	230	0	0	6	224	179	45
PCT9254	MV	935	538	1	0	29	508	389	119
PCT9255	ED	553	183	0	0	11	172	128	44
PCT9255	MV	553	263	2	0	13	248	183	65
PCT9256	ED	474	130	0	0	3	127	99	28
PCT9256	MV	474	233	0	0	7	226	176	50
PCT9257	MV	321	235	0	0	10	225	185	40
PCT9258	ED	712	193	0	0	4	189	135	54
PCT9258	MV	712	373	-2	0	13	362	275	87
PCT9401	ED	1012	293	-1	0	11	283	243	40
PCT9401	MV	1012	484	0	1	17	466	368	98
PCT9402	ED	977	290	-1	0	19	272	209	63
PCT9402	MV	977	458	-1	1	26	432	312	120
PCT9403	ED	897	240	0	0	7	233	172	61
PCT9403	MV	897	419	1	0	14	404	259	145
PCT9404	ED	930	200	0	0	12	188	129	59
PCT9404	MV	930	462	0	1	20	441	274	167
PCT9405	ED	786	210	6	0	12	192	115	77
PCT9405	MV	786	364	-1	0	22	343	219	124
PCT9406	ED	868	244	-1	0	9	236	155	81
PCT9406	MV	868	421	2	0	12	407	285	122
PCT9407	ED	889	253	0	0	6	247	182	65
PCT9407	MV	889	409	1	0	20	388	275	113
PCT9408	ED	886	265	0	0	12	253	201	52
PCT9408	MV	886	415	3	0	20	392	298	94
PCT9409	ED	590	201	-3	0	8	196	172	24
PCT9409	MV	590	252	2	0	22	228	175	53
PCT9411	ED	956	271	2	0	13	256	211	45
PCT9411	MV	956	431	7	0	13	411	316	95
PCT9412	ED	848	245	-1	0	16	230	161	69
PCT9412	MV	848	380	2	0	17	361	226	135
PCT9413	ED	894	229	-1	0	11	219	160	59
PCT9413	MV	894	461	2	1	34	424	256	168
PCT9414	ED	916	216	-1	0	9	208	152	56
PCT9414	MV	916	463	4	0	20	439	277	162
PCT9415	ED	784	187	1	0	10	176	113	63
PCT9415	MV	784	392	4	0	21	367	222	145
PCT9416	ED	1008	282	0	0	15	267	202	65
PCT9416	MV	1008	480	2	2	34	442	273	169
PCT9417	ED	752	175	0	0	5	170	98	72
PCT9417	MV	752	402	4	0	29	369	206	163
PCT9418	ED	790	211	0	1	13	197	124	73
PCT9418	MV	790	376	4	0	28	344	166	178
PCT9419	ED	924	222	1	0	7	214	129	85
PCT9419	MV	924	468	-1	0	38	431	232	199
PCT9421	ED	906	238	0	0	17	221	146	75
PCT9421	MV	906	446	3	0	26	417	199	218
PCT9422	ED	1056	283	0	1	19	263	180	83
PCT9422	MV	1056	513	4	0	19	490	295	195
PCT9423	ED	889	219	0	0	15	204	138	66
PCT9423	MV	889	440	-1	0	21	420	272	148
PCT9424	ED	952	224	0	0	6	218	136	82
PCT9424	MV	952	496	2	0	16	478	274	204
PCT9425	ED	933	199	0	0	13	186	129	57
PCT9425	MV	933	465	-1	1	29	436	243	193
PCT9426	ED	823	198	0	0	14	184	122	62
PCT9426	MV	823	408	5	1	26	376	199	177
PCT9427	ED	948	210	0	0	14	196	111	85
PCT9427	MV	948	447	-3	0	21	429	213	216
PCT9428	ED	961	183	0	0	12	171	122	49
PCT9428	MV	961	518	4	0	33	481	280	201
PCT9429	ED	899	228	1	0	16	211	127	84
PCT9429	MV	899	432	2	0	20	410	231	179
PCT9431	ED	973	235	3	0	13	219	141	78
PCT9431	MV	973	464	1	0	33	430	243	187
PCT9432	ED	945	214	-1	0	12	203	137	66
PCT9432	MV	945	468	2	0	33	433	254	179
PCT9433	ED	945	195	0	0	13	182	114	68
PCT9433	MV	945	487	3	1	38	445	261	184
PCT9434	ED	979	261	0	0	16	245	175	70
PCT9434	MV	979	481	2	0	27	452	289	163
PCT9435	ED	969	251	0	0	8	243	156	87
PCT9435	MV	969	448	1	0	20	427	260	167
PCT9436	ED	1006	232	0	0	17	215	140	75
PCT9436	MV	1006	495	-2	0	34	463	244	219
PCT9437	ED	897	219	-2	0	12	209	142	67
PCT9437	MV	897	435	3	0	26	406	208	198
PCT9438	ED	948	202	2	0	13	187	125	62
PCT9438	MV	948	496	1	0	20	475	269	206
PCT9439	ED	879	173	0	0	8	165	107	58
PCT9439	MV	879	425	0	1	38	386	222	164
PCT9441	ED	980	261	-2	0	14	249	180	69
PCT9441	MV	980	462	0	0	20	442	257	185
PCT9442	ED	1008	280	1	0	7	272	188	84
PCT9442	MV	1008	461	3	0	30	428	268	160
PCT9443	ED	937	220	-1	0	16	205	140	65
PCT9443	MV	937	442	-1	0	15	428	257	171
PCT9444	ED	937	190	1	0	11	178	112	66
PCT9444	MV	937	442	0	1	26	415	237	178
PCT9445	ED	981	230	0	0	10	220	146	74
PCT9445	MV	981	493	0	0	24	469	289	180
PCT9446	ED	1090	240	0	0	13	227	153	74
PCT9446	MV	1090	564	3	0	26	535	317	218
PCT9447	ED	906	236	0	0	8	228	148	80
PCT9447	MV	906	448	-1	0	20	429	254	175
PCT9448	ED	909	232	1	0	12	219	155	64
PCT9448	MV	909	429	-1	0	31	399	255	144
PCT9449	ED	830	177	4	0	13	160	103	57
PCT9449	MV	830	428	5	1	18	404	206	198
PCT9451	ED	420	97	0	0	4	93	61	32
PCT9451	MV	420	218	-1	0	12	207	102	105
PCT9452	ED	840	259	0	0	15	244	149	95
PCT9452	MV	840	412	0	0	22	390	213	177
PCT9453	ED	500	135	0	0	9	126	78	48
PCT9453	MV	500	244	3	0	15	226	132	94
PCT9501	MV	148	110	1	0	8	101	82	19
PCT9502	MV	245	177	2	0	3	172	136	36
PCT9503	ED	729	198	0	0	5	193	154	39
PCT9503	MV	729	315	3	0	10	302	252	50
PCT9505	ED	784	177	0	0	4	173	146	27
PCT9505	MV	784	383	2	0	17	364	299	65
PCT9506	ED	766	177	0	0	5	172	149	23
PCT9506	MV	766	313	0	0	18	295	247	48
PCT9507	ED	766	231	0	1	8	222	192	30
PCT9507	MV	766	406	0	0	20	386	332	54
PCT9508	ED	798	237	0	0	14	223	203	20
PCT9508	MV	798	429	3	0	13	413	372	41
PCT9509	ED	759	230	0	0	8	222	180	42
PCT9509	MV	759	386	-1	0	19	368	303	65
PCT9511	ED	622	190	0	0	11	179	153	26
PCT9511	MV	622	296	0	0	11	285	228	57
PCT9512	ED	809	240	1	0	6	233	210	23
PCT9512	MV	809	399	0	0	10	389	311	78
PCT9513	ED	902	275	0	0	13	262	233	29
PCT9513	MV	902	390	2	1	16	371	325	46
PCT9514	ED	928	304	0	0	16	288	236	52
PCT9514	MV	928	456	4	0	21	431	369	62
PCT9515	ED	705	222	0	0	11	211	165	46
PCT9515	MV	705	368	1	0	24	343	274	69
PCT9516	ED	866	254	-1	0	12	243	189	54
PCT9516	MV	866	427	3	0	15	409	318	91
PCT9517	ED	801	228	0	0	12	216	184	32
PCT9517	MV	801	397	1	0	14	382	320	62
PCT9518	ED	802	229	0	1	6	222	199	23
PCT9518	MV	802	431	4	0	9	418	334	84
PCT9519	ED	910	262	1	0	5	256	201	55
PCT9519	MV	910	486	0	0	18	468	390	78
PCT9521	ED	939	316	-2	0	12	306	267	39
PCT9521	MV	939	442	-1	0	25	418	355	63
PCT9701	ED	671	201	-1	0	13	189	150	39
PCT9701	MV	671	340	2	0	13	325	213	112
PCT9702	ED	723	210	0	0	3	207	170	37
PCT9702	MV	723	364	1	0	11	352	251	101
PCT9703	ED	986	232	0	0	11	221	138	83
PCT9703	MV	986	530	2	0	37	491	311	180
PCT9704	ED	950	279	0	0	16	263	193	70
PCT9704	MV	950	505	1	0	32	472	333	139
PCT9705	ED	919	261	3	0	7	251	209	42
PCT9705	MV	919	483	2	0	29	452	361	91
PCT9706	MV	49	39	-1	0	2	38	29	9
PCT9707	ED	821	173	0	0	12	161	88	73
PCT9707	MV	821	491	3	0	32	456	281	175
PCT9708	ED	948	250	1	1	7	241	183	58
PCT9708	MV	948	500	0	0	35	465	346	119
PCT9709	ED	1028	281	6	0	16	259	173	86
PCT9709	MV	1028	517	4	1	36	476	297	179
PCT9711	ED	641	195	0	0	10	185	128	57
PCT9711	MV	641	336	2	0	22	312	203	109
PCT9712	ED	649	160	0	0	5	155	102	53
PCT9712	MV	649	398	7	0	16	375	239	136
PCT9713	ED	960	225	1	0	12	212	119	93
PCT9713	MV	960	489	-2	0	25	466	272	194
PCT9714	ED	931	208	1	0	7	200	116	84
PCT9714	MV	931	538	6	0	32	500	306	194
PCT9715	ED	569	180	0	0	17	163	110	53
PCT9715	MV	569	309	2	0	18	289	180	109
PCT9716	ED	947	239	-1	0	11	229	148	81
PCT9716	MV	947	481	0	0	38	443	266	177
PCT9717	ED	972	265	-1	0	12	254	157	97
PCT9717	MV	972	532	1	0	18	513	331	182
PCT9718	ED	862	227	0	0	9	218	146	72
PCT9718	MV	862	496	0	0	23	473	299	174
PCT9719	ED	901	245	0	0	12	233	152	81
PCT9719	MV	901	524	7	0	29	488	303	185
PCT9721	ED	662	198	0	0	9	189	127	62
PCT9721	MV	662	357	3	0	19	335	201	134
PCT9722	ED	605	119	1	0	7	111	67	44
PCT9722	MV	605	355	0	0	20	335	214	121
PCT9723	ED	481	98	0	0	2	96	55	41
PCT9723	MV	481	275	0	0	29	246	99	147
PCT9724	ED	991	205	0	0	14	191	89	102
PCT9724	MV	991	565	1	0	44	520	235	285
PCT9725	ED	970	214	1	0	19	194	113	81
PCT9725	MV	970	499	0	0	31	468	227	241
PCT9726	ED	655	263	2	0	9	252	208	44
PCT9726	MV	655	241	-1	0	20	222	166	56
PCT9727	ED	459	79	0	0	2	77	49	28
PCT9727	MV	459	271	1	0	14	256	131	125
PCT9728	ED	926	231	-1	0	12	220	122	98
PCT9728	MV	926	503	4	0	23	476	261	215
PCT9729	ED	800	191	0	0	11	180	102	78
PCT9729	MV	800	442	4	0	21	417	235	182
PCT9731	ED	556	167	0	0	11	156	98	58
PCT9731	MV	556	282	-1	1	13	269	146	123
PCT9732	MV	70	56	0	0	6	50	30	20
PCT9733	MV	235	191	0	0	4	187	142	45
PCT9734	ED	603	154	0	2	3	149	89	60
PCT9734	MV	603	341	0	0	23	318	191	127
PCT9735	ED	809	206	0	0	11	195	122	73
PCT9735	MV	809	449	0	1	31	417	257	160
PCT9736	ED	713	173	0	0	9	164	109	55
PCT9736	MV	713	410	1	1	20	388	250	138
PCT9737	ED	818	208	0	0	12	196	153	43
PCT9737	MV	818	476	2	0	24	450	315	135
PCT9738	ED	848	185	0	1	10	174	129	45
PCT9738	MV	848	404	-1	0	24	381	278	103
PCT9739	ED	828	220	1	1	11	207	178	29
PCT9739	MV	828	335	0	0	19	316	253	63
PCT9741	ED	552	232	-1	0	9	224	202	22
PCT9741	MV	552	105	0	0	7	98	88	10
PCT9742	ED	677	180	4	0	12	164	98	66
PCT9742	MV	677	289	1	0	11	277	161	116
PCT9743	ED	1163	310	0	0	14	296	245	51
PCT9743	MV	1163	501	4	0	27	470	355	115
PCT9744	ED	911	247	2	0	20	225	179	46
PCT9744	MV	911	391	2	0	16	373	282	91
PCT9745	ED	991	282	-2	0	16	268	220	48
PCT9745	MV	991	346	1	0	12	333	265	68
PCT9746	ED	884	232	1	0	11	220	139	81
PCT9746	MV	884	452	2	0	21	429	251	178
PCT9747	ED	973	246	1	0	11	234	163	71
PCT9747	MV	973	470	2	0	24	444	304	140
PCT9748	ED	931	229	1	0	3	225	142	83
PCT9748	MV	931	475	1	0	26	448	285	163
PCT9749	ED	913	225	2	1	12	210	142	68
PCT9749	MV	913	384	-1	0	30	355	232	123
PCT9751	ED	1016	253	0	0	20	233	159	74
PCT9751	MV	1016	523	0	0	29	494	313	181
PCT9752	ED	710	175	3	0	4	168	114	54
PCT9752	MV	710	392	0	0	15	377	240	137
PCT9753	ED	756	186	0	0	10	176	129	47
PCT9753	MV	756	388	0	0	24	364	253	111
PCT9754	ED	707	47	2	0	5	40	28	12
PCT9754	MV	707	377	1	0	13	363	279	84
PCT9755	ED	582	172	-1	0	5	168	132	36
PCT9755	MV	582	285	2	0	7	276	189	87
PCT9756	ED	941	185	0	0	12	173	129	44
PCT9756	MV	941	477	-2	1	29	449	264	185
PCT9801	ED	408	104	0	0	5	99	71	28
PCT9801	MV	408	181	0	0	5	176	117	59
CONG12	TO	443570	332491	863	135	16385	315108	238477	76631
CONG14	TO	56946	40357	79	26	2209	38043	25292	12751
ASSM17	TO	291063	214827	537	93	10331	203866	161063	42803
ASSM19	TO	209453	158021	405	68	8263	149285	102706	46579
BART7	TO	38460	24736	71	13	1304	23348	17430	5918
BART8	TO	223735	166386	444	73	9151	156718	106296	50422
BART9	TO	238321	181726	427	75	8139	173085	140043	33042
SUPV1	TO	42767	32743	69	9	1708	30957	22417	8540
SUPV2	TO	50394	40402	156	17	2067	38162	26499	11663
SUPV3	TO	39799	28571	83	10	1748	26730	19864	6866
SUPV4	TO	42953	31699	79	14	1711	29895	18871	11024
SUPV5	TO	53744	42036	98	15	1895	40028	33617	6411
SUPV6	TO	43321	29158	111	14	1681	27352	21297	6055
SUPV7	TO	47076	36587	99	16	1916	34556	23080	11476
SUPV8	TO	58122	48632	131	22	1795	46684	38316	8368
SUPV9	TO	42988	31769	51	13	1401	30304	24783	5521
SUPV10	TO	41862	26459	50	9	1297	25103	19054	6049
SUPV11	TO	37490	24792	15	22	1375	23380	15971	7409
NEIG1	TO	19914	11270	10	6	633	10621	8066	2555
NEIG2	TO	17446	12440	37	4	840	11559	8444	3115
NEIG3	TO	28644	19045	55	6	1186	17798	14220	3578
NEIG4	TO	7002	5802	19	4	240	5539	4246	1293
NEIG5	TO	27634	18420	15	19	995	17391	11765	5626
NEIG6	TO	14982	12240	22	6	495	11717	10114	1603
NEIG7	TO	12118	7928	-1	5	473	7451	5161	2290
NEIG8	TO	9734	7857	13	1	342	7501	6053	1448
NEIG9	TO	8390	5918	9	2	353	5554	3866	1688
NEIG10	TO	10097	8010	18	3	361	7628	5749	1879
NEIG11	TO	40622	32395	146	12	1726	30511	21215	9296
NEIG12	TO	31129	23295	37	12	893	22353	19225	3128
NEIG13	TO	16964	14420	20	3	595	13802	11178	2624
NEIG14	TO	8795	7263	17	1	233	7012	5984	1028
NEIG15	TO	7019	5232	13	4	297	4918	3514	1404
NEIG26	TO	9293	6104	11	3	368	5722	3685	2037
NEIG16	TO	16814	13081	41	4	523	12513	9974	2539
NEIG17	TO	37322	28503	61	8	1497	26937	19370	7567
NEIG18	TO	8050	6587	16	3	330	6238	4325	1913
NEIG19	TO	9419	7393	13	3	315	7062	5817	1245
NEIG20	TO	24674	17045	69	8	910	16058	12103	3955
NEIG21	TO	42363	31246	80	14	1681	29471	18524	10947
NEIG22	TO	18966	16190	56	9	566	15559	12926	2633
NEIG23	TO	8139	4488	11	0	271	4206	2715	1491
NEIG24	TO	34909	27838	89	12	1428	26309	17320	8989
NEIG25	TO	30077	22838	65	9	1043	21721	18210	3511
