area_id	subtotal_type	RSReg	RSCst	RSRej	RSOvr	RSUnd	RSTot	048:Yes	049:No
ALL	TO	500516	372848	942	294	25364	346248	86130	260118
ALL	ED	500516	127886	135	103	9129	118519	28453	90066
ALL	MV	500516	244962	807	191	16235	227729	57677	170052
PCT1101	ED	553	126	0	0	9	117	39	78
PCT1101	MV	553	266	1	0	11	254	61	193
PCT1102	ED	995	266	0	0	18	248	56	192
PCT1102	MV	995	480	-1	0	30	451	114	337
PCT1103	ED	951	246	1	0	12	233	66	167
PCT1103	MV	951	445	0	0	22	423	118	305
PCT1104	ED	993	249	0	0	17	232	65	167
PCT1104	MV	993	414	-2	0	27	389	115	274
PCT1106	ED	765	191	-1	0	13	179	60	119
PCT1106	MV	765	343	1	0	29	313	95	218
PCT1107	ED	746	163	1	0	10	152	32	120
PCT1107	MV	746	336	3	0	28	305	82	223
PCT1108	ED	909	232	-1	0	21	212	64	148
PCT1108	MV	909	438	-1	0	33	406	125	281
PCT1109	ED	798	166	0	0	15	151	45	106
PCT1109	MV	798	365	1	0	24	340	103	237
PCT1111	ED	1002	205	0	0	16	189	50	139
PCT1111	MV	1002	460	-1	1	39	421	124	297
PCT1112	ED	769	151	0	0	13	138	42	96
PCT1112	MV	769	344	0	0	38	306	103	203
PCT1113	ED	746	135	2	0	12	121	32	89
PCT1113	MV	746	360	0	0	21	339	102	237
PCT1114	ED	957	226	0	0	33	193	50	143
PCT1114	MV	957	404	2	1	20	381	109	272
PCT1115	ED	895	174	1	0	10	163	42	121
PCT1115	MV	895	371	-2	0	17	356	115	241
PCT1116	ED	895	225	0	0	25	200	53	147
PCT1116	MV	895	376	2	0	33	341	93	248
PCT1117	ED	858	185	1	0	19	165	43	122
PCT1117	MV	858	357	1	0	17	339	108	231
PCT1118	ED	1043	213	-2	0	11	204	44	160
PCT1118	MV	1043	476	-3	0	24	455	147	308
PCT1119	ED	791	165	0	0	11	154	50	104
PCT1119	MV	791	386	1	0	33	352	81	271
PCT1121	ED	691	160	0	0	11	149	37	112
PCT1121	MV	691	313	4	2	30	277	92	185
PCT1122	ED	632	110	0	0	9	101	27	74
PCT1122	MV	632	310	0	0	21	289	89	200
PCT1123	ED	915	179	0	0	14	165	47	118
PCT1123	MV	915	364	0	0	41	323	115	208
PCT1124	ED	819	152	-1	2	13	138	36	102
PCT1124	MV	819	302	-2	0	18	286	71	215
PCT1125	ED	1047	159	1	0	10	148	47	101
PCT1125	MV	1047	466	-3	0	35	434	142	292
PCT1126	ED	922	191	0	0	14	177	51	126
PCT1126	MV	922	400	-1	0	29	372	113	259
PCT1127	ED	920	200	0	0	12	188	74	114
PCT1127	MV	920	382	0	2	28	352	134	218
PCT1128	ED	838	154	0	0	17	137	40	97
PCT1128	MV	838	362	0	0	34	328	98	230
PCT1129	ED	980	227	1	1	25	200	61	139
PCT1129	MV	980	416	5	1	26	384	133	251
PCT1131	ED	797	132	0	0	15	117	38	79
PCT1131	MV	797	371	-1	0	20	352	112	240
PCT1132	ED	969	179	2	0	13	164	52	112
PCT1132	MV	969	427	0	0	37	390	127	263
PCT1133	ED	863	161	1	0	16	144	50	94
PCT1133	MV	863	410	0	0	32	378	135	243
PCT1134	ED	759	170	2	0	13	155	42	113
PCT1134	MV	759	318	-1	0	26	293	90	203
PCT1135	ED	540	87	1	0	5	81	22	59
PCT1135	MV	540	295	0	0	22	273	93	180
PCT1136	ED	829	144	0	0	12	132	40	92
PCT1136	MV	829	412	1	0	34	377	127	250
PCT1141	ED	1041	223	0	0	17	206	64	142
PCT1141	MV	1041	484	0	1	28	455	162	293
PCT1142	ED	861	175	0	0	10	165	38	127
PCT1142	MV	861	393	0	0	35	358	98	260
PCT1143	ED	1034	229	1	0	10	218	51	167
PCT1143	MV	1034	440	4	0	32	404	107	297
PCT1144	ED	907	205	1	0	13	191	43	148
PCT1144	MV	907	387	-1	1	20	367	93	274
PCT1145	ED	888	189	0	0	13	176	45	131
PCT1145	MV	888	461	0	1	31	429	128	301
PCT1146	ED	1011	186	0	0	8	178	56	122
PCT1146	MV	1011	454	2	0	26	426	151	275
PCT1147	ED	877	210	1	0	12	197	51	146
PCT1147	MV	877	396	1	0	28	367	110	257
PCT1148	ED	962	196	0	0	16	180	50	130
PCT1148	MV	962	444	0	0	33	411	129	282
PCT1149	ED	907	210	2	0	16	192	53	139
PCT1149	MV	907	407	-8	0	25	390	110	280
PCT1152	ED	864	198	0	0	15	183	62	121
PCT1152	MV	864	388	0	0	24	364	123	241
PCT1153	ED	951	210	0	1	24	185	55	130
PCT1153	MV	951	415	-1	1	33	382	119	263
PCT7001	ED	776	176	2	1	14	159	31	128
PCT7001	MV	776	429	3	0	19	407	63	344
PCT7002	ED	706	176	0	0	11	165	36	129
PCT7002	MV	706	332	-3	0	18	317	63	254
PCT7003	ED	884	238	0	0	16	222	48	174
PCT7003	MV	884	498	5	0	19	474	92	382
PCT7004	ED	881	241	1	0	12	228	48	180
PCT7004	MV	881	496	1	1	19	475	94	381
PCT7005	ED	847	253	0	0	11	242	43	199
PCT7005	MV	847	480	-1	1	21	459	85	374
PCT7006	ED	917	254	1	0	8	245	50	195
PCT7006	MV	917	442	1	0	25	416	72	344
PCT7007	ED	949	283	0	1	13	269	45	224
PCT7007	MV	949	516	2	0	22	492	115	377
PCT7008	ED	932	264	1	0	4	259	36	223
PCT7008	MV	932	546	5	0	21	520	109	411
PCT7009	ED	905	185	0	1	15	169	23	146
PCT7009	MV	905	513	1	0	18	494	92	402
PCT7011	ED	985	204	0	0	19	185	45	140
PCT7011	MV	985	294	0	0	17	277	66	211
PCT7012	ED	1109	313	0	0	10	303	62	241
PCT7012	MV	1109	594	4	0	21	569	129	440
PCT7013	ED	956	267	0	0	16	251	55	196
PCT7013	MV	956	501	4	1	29	467	67	400
PCT7014	ED	1460	367	0	0	15	352	72	280
PCT7014	MV	1460	802	3	0	42	757	114	643
PCT7015	MV	95	44	0	0	3	41	10	31
PCT7016	ED	918	171	0	0	19	152	44	108
PCT7016	MV	918	280	0	0	22	258	64	194
PCT7017	ED	754	149	0	0	16	133	34	99
PCT7017	MV	754	252	2	0	20	230	54	176
PCT7018	ED	977	155	0	0	18	137	39	98
PCT7018	MV	977	448	-1	1	41	407	119	288
PCT7019	ED	899	182	0	0	11	171	40	131
PCT7019	MV	899	413	0	0	39	374	94	280
PCT7021	ED	947	184	1	0	16	167	37	130
PCT7021	MV	947	305	0	0	21	284	75	209
PCT7022	ED	945	215	0	1	14	200	55	145
PCT7022	MV	945	352	0	0	37	315	78	237
PCT7023	ED	928	178	-1	0	10	169	57	112
PCT7023	MV	928	400	0	0	34	366	104	262
PCT7024	ED	414	70	0	0	4	66	16	50
PCT7024	MV	414	78	0	0	5	73	25	48
PCT7025	ED	477	85	0	0	13	72	25	47
PCT7025	MV	477	128	-1	0	9	120	32	88
PCT7026	ED	1011	149	0	0	13	136	50	86
PCT7026	MV	1011	455	1	0	37	417	151	266
PCT7027	ED	869	195	0	0	25	170	41	129
PCT7027	MV	869	353	-1	0	34	320	91	229
PCT7028	ED	850	213	-1	0	21	193	47	146
PCT7028	MV	850	282	0	0	18	264	82	182
PCT7029	ED	901	184	1	0	21	162	35	127
PCT7029	MV	901	251	1	0	19	231	53	178
PCT7030	ED	759	119	0	0	8	111	45	66
PCT7030	MV	759	357	0	0	27	330	114	216
PCT7031	ED	641	91	0	0	11	80	25	55
PCT7031	MV	641	309	-2	0	25	286	86	200
PCT7032	ED	904	173	-1	1	17	156	28	128
PCT7032	MV	904	316	2	0	31	283	90	193
PCT7033	ED	798	191	3	0	19	169	48	121
PCT7033	MV	798	247	-1	1	14	233	54	179
PCT7034	ED	958	197	0	0	20	177	57	120
PCT7034	MV	958	201	2	0	15	184	46	138
PCT7035	ED	606	122	0	0	14	108	28	80
PCT7035	MV	606	262	0	0	12	250	58	192
PCT7036	ED	921	117	0	0	10	107	29	78
PCT7036	MV	921	342	2	0	21	319	101	218
PCT7037	ED	735	135	-4	0	16	123	35	88
PCT7037	MV	735	98	-1	0	16	83	24	59
PCT7038	ED	911	135	0	1	22	112	37	75
PCT7038	MV	911	351	-2	0	27	326	106	220
PCT7039	ED	784	178	0	0	14	164	43	121
PCT7039	MV	784	306	3	1	18	284	99	185
PCT7041	MV	61	33	0	0	1	32	11	21
PCT7042	ED	639	118	0	0	10	108	36	72
PCT7042	MV	639	258	-1	1	18	240	61	179
PCT7043	ED	957	176	0	0	11	165	33	132
PCT7043	MV	957	404	0	0	24	380	109	271
PCT7044	ED	827	167	1	0	16	150	62	88
PCT7044	MV	827	193	-1	0	17	177	64	113
PCT7045	ED	779	120	0	0	15	105	35	70
PCT7045	MV	779	344	3	0	31	310	110	200
PCT7046	ED	402	94	0	0	7	87	30	57
PCT7046	MV	402	175	3	0	11	161	49	112
PCT7047	ED	823	119	0	0	10	109	33	76
PCT7047	MV	823	388	1	2	32	353	116	237
PCT7048	ED	858	150	4	0	12	134	44	90
PCT7048	MV	858	318	1	1	34	282	92	190
PCT7049	ED	792	173	-1	1	24	149	61	88
PCT7049	MV	792	305	2	0	28	275	83	192
PCT7051	ED	861	114	1	0	16	97	21	76
PCT7051	MV	861	380	1	0	35	344	119	225
PCT7052	ED	852	161	1	1	7	152	56	96
PCT7052	MV	852	402	0	0	30	372	115	257
PCT7053	ED	548	102	1	0	9	92	25	67
PCT7053	MV	548	278	0	0	17	261	73	188
PCT7054	ED	1073	215	1	0	10	204	38	166
PCT7054	MV	1073	410	3	0	29	378	89	289
PCT7055	ED	808	190	0	1	11	178	30	148
PCT7055	MV	808	440	0	0	23	417	102	315
PCT7101	MV	155	120	1	0	10	109	9	100
PCT7201	ED	936	245	1	0	24	220	51	169
PCT7201	MV	936	518	2	1	36	479	115	364
PCT7202	ED	850	227	-1	0	12	216	50	166
PCT7202	MV	850	431	4	0	33	394	116	278
PCT7203	ED	921	291	3	0	14	274	47	227
PCT7203	MV	921	423	-1	0	28	396	83	313
PCT7204	ED	918	233	0	0	22	211	69	142
PCT7204	MV	918	531	3	0	31	497	136	361
PCT7205	ED	875	251	1	0	24	226	59	167
PCT7205	MV	875	485	0	0	16	469	142	327
PCT7206	ED	378	135	1	0	9	125	29	96
PCT7206	MV	378	191	2	0	8	181	50	131
PCT7207	ED	812	196	-2	0	20	178	36	142
PCT7207	MV	812	434	6	1	35	392	81	311
PCT7208	ED	600	111	-1	0	11	101	24	77
PCT7208	MV	600	328	-1	0	29	300	69	231
PCT7209	ED	626	107	0	0	3	104	29	75
PCT7209	MV	626	423	2	0	40	381	78	303
PCT7301	ED	1016	228	0	0	33	195	47	148
PCT7301	MV	1016	435	1	0	49	385	106	279
PCT7302	ED	814	188	0	0	19	169	54	115
PCT7302	MV	814	458	2	1	45	410	120	290
PCT7303	ED	1042	281	0	0	16	265	46	219
PCT7303	MV	1042	482	2	1	33	446	97	349
PCT7304	ED	1002	278	0	1	27	250	64	186
PCT7304	MV	1002	493	1	0	36	456	102	354
PCT7305	ED	871	240	0	0	17	223	60	163
PCT7305	MV	871	460	0	0	19	441	104	337
PCT7306	ED	1056	317	0	0	26	291	72	219
PCT7306	MV	1056	498	0	0	48	450	111	339
PCT7307	ED	767	210	0	0	10	200	45	155
PCT7307	MV	767	346	3	0	31	312	80	232
PCT7308	ED	603	177	0	0	8	169	35	134
PCT7308	MV	603	313	4	0	18	291	70	221
PCT7309	ED	884	263	0	0	23	240	49	191
PCT7309	MV	884	439	4	0	38	397	99	298
PCT7311	ED	917	268	2	0	15	251	42	209
PCT7311	MV	917	448	-3	1	28	422	96	326
PCT7312	ED	821	203	0	0	17	186	47	139
PCT7312	MV	821	470	3	0	41	426	119	307
PCT7313	ED	968	225	1	1	21	202	38	164
PCT7313	MV	968	485	5	0	37	443	115	328
PCT7314	ED	787	125	0	0	22	103	24	79
PCT7314	MV	787	271	-2	0	61	212	67	145
PCT7315	ED	760	220	-2	1	21	200	48	152
PCT7315	MV	760	282	2	0	22	258	64	194
PCT7316	ED	853	205	0	0	20	185	44	141
PCT7316	MV	853	367	1	0	37	329	83	246
PCT7317	ED	904	189	0	0	21	168	41	127
PCT7317	MV	904	454	0	0	40	414	115	299
PCT7318	ED	727	179	0	0	13	166	41	125
PCT7318	MV	727	390	0	0	38	352	101	251
PCT7319	ED	1079	301	1	0	26	274	74	200
PCT7319	MV	1079	516	4	1	44	467	124	343
PCT7321	ED	671	149	0	0	13	136	39	97
PCT7321	MV	671	286	1	0	30	255	71	184
PCT7322	ED	874	65	0	0	11	54	17	37
PCT7322	MV	874	337	0	0	68	269	108	161
PCT7323	ED	950	234	0	0	13	221	39	182
PCT7323	MV	950	455	2	0	45	408	85	323
PCT7324	ED	755	190	1	1	21	167	37	130
PCT7324	MV	755	364	2	0	34	328	65	263
PCT7325	ED	904	243	0	0	25	218	45	173
PCT7325	MV	904	436	3	0	38	395	77	318
PCT7326	ED	876	200	0	0	25	175	37	138
PCT7326	MV	876	430	2	0	41	387	93	294
PCT7327	ED	699	71	0	0	9	62	20	42
PCT7327	MV	699	276	-1	0	50	227	79	148
PCT7328	ED	973	94	-2	0	23	73	19	54
PCT7328	MV	973	394	0	0	92	302	119	183
PCT7329	ED	640	112	0	0	10	102	31	71
PCT7329	MV	640	321	5	0	30	286	82	204
PCT7331	ED	852	213	-1	1	25	188	62	126
PCT7331	MV	852	461	3	0	38	420	97	323
PCT7332	ED	834	225	0	1	16	208	37	171
PCT7332	MV	834	364	1	0	29	334	62	272
PCT7333	ED	1044	298	0	0	23	275	63	212
PCT7333	MV	1044	543	5	1	34	503	122	381
PCT7334	ED	881	199	0	0	20	179	39	140
PCT7334	MV	881	462	5	0	36	421	81	340
PCT7335	ED	970	225	0	0	15	210	42	168
PCT7335	MV	970	523	3	1	39	480	119	361
PCT7336	ED	955	238	-1	0	20	219	52	167
PCT7336	MV	955	523	3	1	34	485	128	357
PCT7337	ED	851	179	0	0	14	165	41	124
PCT7337	MV	851	464	3	1	33	427	109	318
PCT7338	ED	915	153	1	1	20	131	32	99
PCT7338	MV	915	426	1	0	60	365	124	241
PCT7339	ED	669	174	0	0	14	160	30	130
PCT7339	MV	669	309	0	0	23	286	72	214
PCT7341	ED	908	260	0	0	21	239	47	192
PCT7341	MV	908	401	3	0	31	367	76	291
PCT7342	ED	947	334	-1	0	29	306	79	227
PCT7342	MV	947	414	1	0	26	387	92	295
PCT7343	ED	731	234	1	0	17	216	45	171
PCT7343	MV	731	316	6	0	25	285	48	237
PCT7344	ED	1110	291	1	0	20	270	67	203
PCT7344	MV	1110	538	-4	1	24	517	130	387
PCT7345	ED	1141	329	-1	0	26	304	59	245
PCT7345	MV	1141	521	3	1	31	486	86	400
PCT7346	ED	920	250	1	0	23	226	41	185
PCT7346	MV	920	384	-2	0	30	356	65	291
PCT7347	ED	1040	241	1	0	27	213	49	164
PCT7347	MV	1040	480	6	0	30	444	71	373
PCT7348	ED	861	210	1	0	20	189	39	150
PCT7348	MV	861	353	-1	0	30	324	72	252
PCT7349	ED	957	248	0	0	18	230	42	188
PCT7349	MV	957	427	3	0	38	386	92	294
PCT7501	ED	565	172	-1	0	12	161	35	126
PCT7501	MV	565	308	4	0	17	287	77	210
PCT7502	ED	784	180	1	0	9	170	54	116
PCT7502	MV	784	447	2	0	44	401	83	318
PCT7503	ED	764	208	1	0	20	187	53	134
PCT7503	MV	764	388	4	0	29	355	98	257
PCT7504	ED	503	112	0	0	12	100	31	69
PCT7504	MV	503	222	2	0	24	196	44	152
PCT7505	ED	869	158	2	0	15	141	24	117
PCT7505	MV	869	532	5	0	46	481	98	383
PCT7506	ED	999	226	0	0	18	208	39	169
PCT7506	MV	999	473	3	1	33	436	91	345
PCT7507	ED	955	211	0	0	19	192	55	137
PCT7507	MV	955	344	-2	0	32	314	55	259
PCT7508	ED	727	154	0	0	18	136	35	101
PCT7508	MV	727	427	3	0	39	385	105	280
PCT7509	ED	932	235	3	0	16	216	38	178
PCT7509	MV	932	470	4	1	37	428	101	327
PCT7512	ED	612	150	0	0	19	131	32	99
PCT7512	MV	612	283	-1	0	24	260	67	193
PCT7513	ED	818	225	0	2	29	194	51	143
PCT7513	MV	818	315	3	0	24	288	71	217
PCT7514	ED	874	140	0	0	24	116	29	87
PCT7514	MV	874	305	1	0	44	260	65	195
PCT7515	ED	869	212	0	0	22	190	43	147
PCT7515	MV	869	389	-1	0	28	362	86	276
PCT7516	ED	922	172	1	0	16	155	29	126
PCT7516	MV	922	538	-1	1	48	490	132	358
PCT7517	ED	863	289	0	1	14	274	53	221
PCT7517	MV	863	410	0	1	27	382	61	321
PCT7518	ED	950	309	0	1	15	293	44	249
PCT7518	MV	950	480	2	0	36	442	72	370
PCT7519	ED	737	224	0	0	6	218	40	178
PCT7519	MV	737	355	1	1	14	339	64	275
PCT7521	ED	812	292	6	0	22	264	50	214
PCT7521	MV	812	354	0	0	23	331	43	288
PCT7522	ED	764	207	0	0	12	195	28	167
PCT7522	MV	764	397	2	0	21	374	50	324
PCT7523	ED	747	275	-1	0	12	264	35	229
PCT7523	MV	747	359	3	0	10	346	54	292
PCT7524	ED	615	181	1	1	10	169	47	122
PCT7524	MV	615	262	3	0	13	246	53	193
PCT7525	ED	800	205	0	0	17	188	43	145
PCT7525	MV	800	341	-1	0	33	309	61	248
PCT7526	ED	1011	292	0	0	21	271	41	230
PCT7526	MV	1011	552	2	1	31	518	92	426
PCT7527	ED	725	211	0	0	16	195	34	161
PCT7527	MV	725	339	0	1	23	315	67	248
PCT7529	ED	948	295	-3	0	24	274	38	236
PCT7529	MV	948	486	1	1	29	455	60	395
PCT7531	ED	865	228	-1	0	14	215	35	180
PCT7531	MV	865	442	1	0	25	416	63	353
PCT7532	ED	852	246	3	0	13	230	45	185
PCT7532	MV	852	398	0	1	25	372	65	307
PCT7533	ED	1015	357	0	0	13	344	49	295
PCT7533	MV	1015	490	0	0	29	461	75	386
PCT7534	ED	936	322	0	0	20	302	50	252
PCT7534	MV	936	415	0	0	24	391	63	328
PCT7535	ED	767	262	2	0	10	250	37	213
PCT7535	MV	767	387	3	0	29	355	55	300
PCT7536	ED	863	291	-1	0	18	274	48	226
PCT7536	MV	863	421	0	0	18	403	81	322
PCT7537	ED	752	240	-1	0	10	231	41	190
PCT7537	MV	752	363	0	1	11	351	41	310
PCT7538	ED	771	246	0	0	25	221	29	192
PCT7538	MV	771	400	2	0	26	372	51	321
PCT7539	ED	922	330	0	0	17	313	42	271
PCT7539	MV	922	428	2	2	22	402	55	347
PCT7541	ED	805	248	0	0	18	230	44	186
PCT7541	MV	805	400	0	1	11	388	56	332
PCT7542	ED	821	272	0	1	13	258	30	228
PCT7542	MV	821	389	0	0	13	376	55	321
PCT7543	ED	909	216	0	1	17	198	32	166
PCT7543	MV	909	467	3	0	15	449	57	392
PCT7544	ED	898	258	0	0	20	238	34	204
PCT7544	MV	898	479	4	0	18	457	77	380
PCT7545	ED	918	273	0	0	17	256	35	221
PCT7545	MV	918	480	-1	1	32	448	88	360
PCT7546	ED	982	304	0	0	17	287	58	229
PCT7546	MV	982	517	5	0	28	484	75	409
PCT7547	ED	1029	315	0	0	21	294	39	255
PCT7547	MV	1029	505	2	0	20	483	58	425
PCT7548	ED	1073	319	1	0	23	295	50	245
PCT7548	MV	1073	512	1	0	25	486	83	403
PCT7549	ED	811	215	0	1	18	196	34	162
PCT7549	MV	811	431	-3	0	35	399	78	321
PCT7551	ED	741	239	0	0	13	226	43	183
PCT7551	MV	741	394	1	0	21	372	57	315
PCT7552	ED	727	241	1	0	14	226	34	192
PCT7552	MV	727	361	1	0	20	340	57	283
PCT7553	MV	180	126	1	0	8	117	25	92
PCT7554	ED	808	247	0	0	12	235	52	183
PCT7554	MV	808	442	4	0	21	417	93	324
PCT7555	ED	886	290	-6	0	19	277	36	241
PCT7555	MV	886	459	1	0	29	429	79	350
PCT7556	ED	969	275	1	0	10	264	64	200
PCT7556	MV	969	573	0	0	21	552	114	438
PCT7601	ED	767	191	0	0	19	172	36	136
PCT7601	MV	767	290	1	1	23	265	72	193
PCT7602	ED	901	213	0	0	25	188	42	146
PCT7602	MV	901	379	3	1	28	347	61	286
PCT7603	ED	830	250	0	0	18	232	37	195
PCT7603	MV	830	376	0	0	19	357	66	291
PCT7604	ED	954	266	0	0	21	245	55	190
PCT7604	MV	954	352	2	0	27	323	63	260
PCT7605	ED	648	120	0	0	18	102	26	76
PCT7605	MV	648	203	-1	0	30	174	37	137
PCT7606	ED	924	205	3	0	29	173	47	126
PCT7606	MV	924	330	1	0	28	301	78	223
PCT7607	ED	960	215	-1	0	27	189	47	142
PCT7607	MV	960	407	3	1	19	384	87	297
PCT7608	ED	392	70	0	0	16	54	16	38
PCT7608	MV	392	136	0	0	21	115	38	77
PCT7609	ED	926	120	-1	0	28	93	30	63
PCT7609	MV	926	352	5	0	65	282	92	190
PCT7611	ED	755	126	0	0	21	105	30	75
PCT7611	MV	755	269	2	0	43	224	74	150
PCT7612	ED	583	97	1	0	12	84	20	64
PCT7612	MV	583	265	0	0	35	230	61	169
PCT7613	ED	908	204	-1	0	30	175	50	125
PCT7613	MV	908	340	1	0	30	309	80	229
PCT7614	ED	1029	223	2	0	38	183	48	135
PCT7614	MV	1029	375	1	1	27	346	77	269
PCT7615	ED	762	162	2	1	38	121	38	83
PCT7615	MV	762	237	-2	1	27	211	79	132
PCT7616	ED	1203	324	0	0	36	288	63	225
PCT7616	MV	1203	686	0	0	30	656	112	544
PCT7617	ED	768	102	1	0	20	81	21	60
PCT7617	MV	768	261	0	0	38	223	74	149
PCT7618	ED	862	168	0	0	14	154	27	127
PCT7618	MV	862	407	4	0	19	384	84	300
PCT7619	ED	1063	219	0	0	11	208	39	169
PCT7619	MV	1063	563	-1	0	37	527	89	438
PCT7621	ED	1320	287	1	1	23	262	62	200
PCT7621	MV	1320	668	4	0	43	621	129	492
PCT7622	ED	988	170	0	0	22	148	41	107
PCT7622	MV	988	301	4	0	30	267	67	200
PCT7623	ED	746	184	0	0	16	168	40	128
PCT7623	MV	746	297	2	0	19	276	75	201
PCT7624	ED	859	142	0	0	6	136	36	100
PCT7624	MV	859	290	1	0	31	258	74	184
PCT7625	ED	822	66	0	0	10	56	16	40
PCT7625	MV	822	475	1	1	89	384	165	219
PCT7626	ED	1114	227	0	1	16	210	48	162
PCT7626	MV	1114	612	0	0	37	575	146	429
PCT7627	ED	1187	267	0	2	24	241	56	185
PCT7627	MV	1187	582	5	0	47	530	148	382
PCT7628	ED	960	241	0	0	14	227	54	173
PCT7628	MV	960	428	2	0	24	402	68	334
PCT7629	ED	809	208	1	0	10	197	35	162
PCT7629	MV	809	343	3	0	16	324	86	238
PCT7631	ED	1155	270	0	1	23	246	68	178
PCT7631	MV	1155	577	2	0	32	543	116	427
PCT7632	ED	1124	289	3	0	20	266	52	214
PCT7632	MV	1124	561	1	1	22	537	105	432
PCT7633	ED	741	137	0	0	12	125	26	99
PCT7633	MV	741	392	1	0	37	354	92	262
PCT7634	ED	900	195	0	0	25	170	54	116
PCT7634	MV	900	421	2	1	43	375	103	272
PCT7635	ED	840	158	0	0	12	146	19	127
PCT7635	MV	840	382	2	1	28	351	65	286
PCT7636	ED	938	251	1	1	19	230	57	173
PCT7636	MV	938	465	3	0	30	432	88	344
PCT7637	ED	809	193	-1	0	14	180	59	121
PCT7637	MV	809	404	1	0	17	386	102	284
PCT7638	ED	1467	295	0	2	26	267	74	193
PCT7638	MV	1467	871	10	1	42	818	223	595
PCT7639	ED	1011	242	0	0	21	221	68	153
PCT7639	MV	1011	559	1	1	33	524	127	397
PCT7641	ED	972	205	-1	0	16	190	58	132
PCT7641	MV	972	549	3	0	28	518	152	366
PCT7642	ED	937	153	0	0	14	139	32	107
PCT7642	MV	937	394	2	0	64	328	83	245
PCT7643	ED	920	169	0	0	18	151	33	118
PCT7643	MV	920	507	1	0	38	468	122	346
PCT7644	ED	1175	330	1	0	21	308	48	260
PCT7644	MV	1175	554	4	0	37	513	78	435
PCT7645	ED	640	120	-1	0	8	113	29	84
PCT7645	MV	640	377	2	0	30	345	107	238
PCT7646	ED	1100	267	0	0	16	251	56	195
PCT7646	MV	1100	592	5	0	31	556	109	447
PCT7647	ED	1075	205	-1	0	26	180	51	129
PCT7647	MV	1075	283	-1	0	15	269	51	218
PCT7648	MV	1	0	0	0	0	0	0	0
PCT7649	ED	891	178	1	0	13	164	29	135
PCT7649	MV	891	395	5	1	34	355	82	273
PCT7651	ED	677	166	1	0	17	148	37	111
PCT7651	MV	677	351	4	0	18	329	84	245
PCT7652	ED	628	135	0	0	13	122	30	92
PCT7652	MV	628	301	6	0	14	281	60	221
PCT7653	ED	1280	300	1	0	34	265	58	207
PCT7653	MV	1280	673	4	0	44	625	126	499
PCT7701	ED	1064	296	0	0	16	280	52	228
PCT7701	MV	1064	597	3	0	35	559	116	443
PCT7702	ED	748	180	-1	0	16	165	69	96
PCT7702	MV	748	415	3	0	24	388	113	275
PCT7703	MV	171	79	0	0	11	68	24	44
PCT7704	ED	1008	257	0	1	13	243	82	161
PCT7704	MV	1008	557	3	1	27	526	172	354
PCT7705	ED	568	149	-2	0	7	144	37	107
PCT7705	MV	568	335	0	0	22	313	110	203
PCT7706	ED	840	252	1	1	13	237	54	183
PCT7706	MV	840	467	4	0	24	439	151	288
PCT7707	ED	857	241	1	0	12	228	74	154
PCT7707	MV	857	495	1	2	30	462	132	330
PCT7708	ED	871	205	-1	0	14	192	59	133
PCT7708	MV	871	540	2	0	35	503	164	339
PCT7709	ED	391	102	0	0	4	98	22	76
PCT7709	MV	391	222	1	1	14	206	56	150
PCT7711	ED	766	198	-1	0	7	192	39	153
PCT7711	MV	766	422	-3	0	23	402	100	302
PCT7712	ED	529	149	0	1	6	142	30	112
PCT7712	MV	529	296	0	0	13	283	49	234
PCT7801	ED	1001	264	2	0	7	255	62	193
PCT7801	MV	1001	596	2	0	29	565	138	427
PCT7802	ED	788	230	1	0	15	214	55	159
PCT7802	MV	788	458	2	0	25	431	109	322
PCT7803	ED	828	174	0	0	14	160	30	130
PCT7803	MV	828	552	1	0	21	530	127	403
PCT7804	ED	893	257	1	0	16	240	42	198
PCT7804	MV	893	533	1	0	24	508	107	401
PCT7805	ED	825	228	0	1	10	217	43	174
PCT7805	MV	825	484	1	0	20	463	81	382
PCT7806	ED	716	208	1	0	4	203	31	172
PCT7806	MV	716	407	1	1	16	389	55	334
PCT7807	ED	844	276	0	0	11	265	35	230
PCT7807	MV	844	417	2	1	19	395	56	339
PCT7808	ED	655	211	-2	1	10	202	23	179
PCT7808	MV	655	333	1	0	22	310	43	267
PCT7809	ED	781	238	1	0	12	225	42	183
PCT7809	MV	781	405	3	1	21	380	49	331
PCT7811	ED	783	249	0	0	11	238	38	200
PCT7811	MV	783	404	6	1	17	380	59	321
PCT7812	ED	877	257	0	0	24	233	43	190
PCT7812	MV	877	454	-1	0	31	424	66	358
PCT7813	ED	1064	308	1	0	17	290	51	239
PCT7813	MV	1064	585	3	1	36	545	82	463
PCT7814	ED	936	228	-1	0	14	215	39	176
PCT7814	MV	936	341	-2	1	12	330	56	274
PCT7815	ED	954	238	0	0	13	225	44	181
PCT7815	MV	954	573	1	0	24	548	107	441
PCT7816	ED	865	236	0	0	9	227	46	181
PCT7816	MV	865	531	4	0	26	501	97	404
PCT7817	ED	823	277	0	0	17	260	33	227
PCT7817	MV	823	439	4	1	13	421	66	355
PCT7818	ED	860	234	1	0	10	223	34	189
PCT7818	MV	860	452	1	1	12	438	72	366
PCT7819	ED	793	191	0	0	9	182	33	149
PCT7819	MV	793	420	1	0	30	389	70	319
PCT7821	ED	985	248	0	0	13	235	45	190
PCT7821	MV	985	630	5	1	26	598	110	488
PCT7822	ED	908	275	0	0	8	267	50	217
PCT7822	MV	908	480	1	0	22	457	74	383
PCT7823	ED	879	270	7	0	13	250	26	224
PCT7823	MV	879	501	3	0	27	471	92	379
PCT7824	ED	768	247	0	0	12	235	36	199
PCT7824	MV	768	383	1	0	23	359	57	302
PCT7825	ED	597	191	0	0	11	180	28	152
PCT7825	MV	597	302	-1	1	20	282	27	255
PCT7826	ED	684	258	1	0	17	240	30	210
PCT7826	MV	684	319	0	1	17	301	50	251
PCT7827	ED	831	261	0	0	16	245	36	209
PCT7827	MV	831	361	0	1	14	346	51	295
PCT7828	ED	1018	261	0	0	19	242	42	200
PCT7828	MV	1018	549	1	0	26	522	111	411
PCT7829	ED	907	237	1	0	17	219	63	156
PCT7829	MV	907	557	1	1	20	535	147	388
PCT7831	ED	882	233	0	0	17	216	47	169
PCT7831	MV	882	544	15	0	24	505	120	385
PCT7832	ED	780	188	0	0	1	187	46	141
PCT7832	MV	780	488	0	0	17	471	100	371
PCT7833	ED	747	230	2	0	6	222	40	182
PCT7833	MV	747	412	2	0	24	386	47	339
PCT7834	ED	867	277	1	1	15	260	44	216
PCT7834	MV	867	439	2	0	17	420	46	374
PCT7835	ED	847	211	0	0	10	201	27	174
PCT7835	MV	847	505	6	0	21	478	82	396
PCT7836	ED	1023	260	0	0	15	245	68	177
PCT7836	MV	1023	623	-2	1	39	585	130	455
PCT7837	ED	911	260	1	0	10	249	62	187
PCT7837	MV	911	509	3	1	27	478	107	371
PCT7838	ED	926	239	0	0	9	230	52	178
PCT7838	MV	926	546	6	0	25	515	119	396
PCT7839	ED	842	205	0	0	14	191	40	151
PCT7839	MV	842	515	-5	0	29	491	121	370
PCT7841	ED	937	291	0	0	18	273	46	227
PCT7841	MV	937	526	4	0	16	506	93	413
PCT7842	ED	903	283	0	0	13	270	47	223
PCT7842	MV	903	434	-2	0	19	417	52	365
PCT7843	ED	767	232	0	0	14	218	34	184
PCT7843	MV	767	380	0	0	15	365	60	305
PCT7844	ED	663	196	0	0	13	183	30	153
PCT7844	MV	663	329	2	0	12	315	59	256
PCT7845	ED	849	241	-1	0	11	231	62	169
PCT7845	MV	849	469	-2	1	26	444	87	357
PCT7846	ED	904	262	0	1	19	242	43	199
PCT7846	MV	904	509	1	0	22	486	109	377
PCT7847	ED	929	261	1	0	18	242	53	189
PCT7847	MV	929	529	1	0	28	500	101	399
PCT7848	ED	834	233	0	0	14	219	50	169
PCT7848	MV	834	491	-2	0	25	468	88	380
PCT7849	ED	929	264	0	0	14	250	41	209
PCT7849	MV	929	522	1	1	28	492	77	415
PCT7851	ED	513	136	0	0	3	133	52	81
PCT7851	MV	513	298	-1	0	16	283	82	201
PCT7852	ED	647	143	0	0	10	133	51	82
PCT7852	MV	647	394	0	0	19	375	115	260
PCT7853	ED	850	214	-2	0	16	200	48	152
PCT7853	MV	850	479	7	1	31	440	120	320
PCT7854	ED	894	248	0	0	15	233	32	201
PCT7854	MV	894	500	0	0	23	477	98	379
PCT7855	ED	986	301	0	0	17	284	64	220
PCT7855	MV	986	522	-3	0	23	502	113	389
PCT7856	ED	800	265	0	2	14	249	34	215
PCT7856	MV	800	425	1	0	20	404	78	326
PCT7857	ED	933	276	1	0	19	256	45	211
PCT7857	MV	933	517	-2	2	28	489	76	413
PCT7858	ED	775	245	0	0	15	230	36	194
PCT7858	MV	775	394	1	2	14	377	43	334
PCT7859	ED	891	250	0	0	14	236	60	176
PCT7859	MV	891	513	1	0	24	488	112	376
PCT7861	ED	859	217	0	0	10	207	45	162
PCT7861	MV	859	510	3	0	16	491	118	373
PCT7862	ED	866	302	1	0	13	288	63	225
PCT7862	MV	866	472	0	1	24	447	84	363
PCT7863	ED	907	311	0	0	17	294	56	238
PCT7863	MV	907	440	0	0	26	414	68	346
PCT7864	ED	807	232	0	0	12	220	49	171
PCT7864	MV	807	427	-2	1	26	402	68	334
PCT7865	ED	823	241	0	0	14	227	34	193
PCT7865	MV	823	463	4	1	22	436	92	344
PCT7866	ED	836	209	-1	0	10	200	62	138
PCT7866	MV	836	491	3	0	17	471	155	316
PCT7867	ED	955	266	0	0	13	253	59	194
PCT7867	MV	955	512	8	2	26	476	132	344
PCT7868	ED	881	242	1	1	13	227	52	175
PCT7868	MV	881	449	1	0	14	434	125	309
PCT7869	ED	867	239	0	1	15	223	39	184
PCT7869	MV	867	489	1	0	19	469	109	360
PCT7871	ED	900	259	0	0	18	241	74	167
PCT7871	MV	900	502	2	1	20	479	125	354
PCT7872	ED	862	288	0	0	16	272	64	208
PCT7872	MV	862	472	3	0	25	444	112	332
PCT7873	ED	861	257	1	0	11	245	47	198
PCT7873	MV	861	502	-1	1	26	476	111	365
PCT7874	ED	477	137	1	0	8	128	29	99
PCT7874	MV	477	256	2	0	9	245	55	190
PCT7875	ED	623	180	0	0	11	169	40	129
PCT7875	MV	623	285	0	0	12	273	57	216
PCT7876	ED	498	154	10	0	15	129	28	101
PCT7876	MV	498	269	1	1	26	241	35	206
PCT7901	ED	522	136	0	0	8	128	19	109
PCT7901	MV	522	198	1	0	12	185	27	158
PCT7902	ED	968	258	0	0	22	236	32	204
PCT7902	MV	968	401	1	0	20	380	58	322
PCT7903	ED	840	201	0	0	24	177	32	145
PCT7903	MV	840	350	-2	0	28	324	63	261
PCT7904	ED	877	212	1	0	9	202	28	174
PCT7904	MV	877	403	2	0	24	377	71	306
PCT7905	ED	851	254	0	0	16	238	45	193
PCT7905	MV	851	409	5	2	18	384	65	319
PCT7906	ED	787	245	0	0	16	229	31	198
PCT7906	MV	787	335	0	1	17	317	37	280
PCT7907	ED	950	278	0	1	14	263	46	217
PCT7907	MV	950	425	-4	0	25	404	66	338
PCT7908	ED	949	284	1	1	25	257	69	188
PCT7908	MV	949	408	2	0	34	372	65	307
PCT7909	ED	733	251	0	0	16	235	32	203
PCT7909	MV	733	303	-1	0	16	288	40	248
PCT7911	ED	860	244	-1	1	20	224	42	182
PCT7911	MV	860	395	-1	0	18	378	51	327
PCT7912	ED	1065	291	0	0	24	267	41	226
PCT7912	MV	1065	463	2	0	24	437	41	396
PCT7913	ED	913	312	1	1	13	297	52	245
PCT7913	MV	913	378	-1	0	14	365	50	315
PCT7914	ED	883	278	-1	0	21	258	52	206
PCT7914	MV	883	425	3	0	18	404	55	349
PCT7915	ED	831	266	0	0	8	258	45	213
PCT7915	MV	831	351	0	0	23	328	50	278
PCT7916	ED	888	284	1	0	16	267	38	229
PCT7916	MV	888	421	0	0	17	404	49	355
PCT7917	ED	1015	315	0	1	20	294	47	247
PCT7917	MV	1015	428	3	0	17	408	71	337
PCT7918	ED	836	253	0	0	18	235	31	204
PCT7918	MV	836	379	0	0	27	352	61	291
PCT7919	ED	895	309	1	0	15	293	46	247
PCT7919	MV	895	376	-1	0	24	353	49	304
PCT7921	ED	917	232	1	1	15	215	33	182
PCT7921	MV	917	366	1	0	28	337	82	255
PCT7922	ED	831	250	1	1	13	235	49	186
PCT7922	MV	831	383	0	0	24	359	45	314
PCT7923	ED	885	262	0	0	6	256	35	221
PCT7923	MV	885	403	-1	0	21	383	62	321
PCT7924	ED	842	238	0	0	10	228	35	193
PCT7924	MV	842	382	0	0	20	362	69	293
PCT7925	ED	567	156	0	0	3	153	13	140
PCT7925	MV	567	293	0	0	11	282	44	238
PCT7926	ED	795	229	0	0	11	218	32	186
PCT7926	MV	795	390	4	0	17	369	56	313
PCT7927	ED	747	241	1	1	12	227	29	198
PCT7927	MV	747	392	4	1	15	372	73	299
PCT7928	ED	931	284	1	0	24	259	46	213
PCT7928	MV	931	489	0	1	27	461	101	360
PCT7929	ED	864	248	0	0	16	232	38	194
PCT7929	MV	864	509	1	0	15	493	97	396
PCT7931	ED	738	219	0	0	10	209	40	169
PCT7931	MV	738	408	2	2	10	394	91	303
PCT7932	ED	551	157	1	0	6	150	28	122
PCT7932	MV	551	285	1	0	10	274	68	206
PCT7933	MV	6	4	0	0	1	3	1	2
PCT7934	ED	890	250	-1	0	16	235	49	186
PCT7934	MV	890	472	0	2	26	444	83	361
PCT7935	ED	970	305	0	0	20	285	48	237
PCT7935	MV	970	519	-2	0	24	497	109	388
PCT7936	ED	856	287	2	0	16	269	44	225
PCT7936	MV	856	428	-1	1	23	405	73	332
PCT7937	ED	886	267	1	1	20	245	53	192
PCT7937	MV	886	435	3	2	24	406	83	323
PCT7938	ED	788	213	0	0	20	193	40	153
PCT7938	MV	788	337	2	0	14	321	49	272
PCT7939	ED	688	254	-2	0	15	241	45	196
PCT7939	MV	688	326	0	0	20	306	66	240
PCT7941	ED	751	218	-1	0	19	200	50	150
PCT7941	MV	751	348	0	0	24	324	68	256
PCT7942	ED	914	259	1	1	16	241	56	185
PCT7942	MV	914	412	-1	0	41	372	77	295
PCT7943	ED	872	258	4	1	15	238	70	168
PCT7943	MV	872	439	0	0	38	401	102	299
PCT7944	ED	801	243	0	0	13	230	36	194
PCT7944	MV	801	381	2	0	12	367	78	289
PCT7945	ED	915	186	0	0	19	167	45	122
PCT7945	MV	915	414	1	0	29	384	88	296
PCT7946	ED	945	183	0	1	12	170	44	126
PCT7946	MV	945	451	0	2	52	397	128	269
PCT7947	ED	946	182	1	0	12	169	47	122
PCT7947	MV	946	430	2	0	26	402	141	261
PCT7948	ED	928	210	0	0	11	199	46	153
PCT7948	MV	928	422	-5	0	28	399	122	277
PCT7949	ED	569	100	1	0	10	89	25	64
PCT7949	MV	569	292	1	0	20	271	98	173
PCT7951	ED	854	166	0	0	16	150	53	97
PCT7951	MV	854	425	2	0	28	395	147	248
PCT7952	ED	866	167	0	0	20	147	44	103
PCT7952	MV	866	359	1	0	38	320	123	197
PCT7953	ED	824	186	2	0	17	167	47	120
PCT7953	MV	824	402	0	2	20	380	145	235
PCT7955	ED	902	199	4	0	18	177	52	125
PCT7955	MV	902	435	1	0	39	395	133	262
PCT7956	ED	823	136	0	0	15	121	35	86
PCT7956	MV	823	353	0	0	28	325	115	210
PCT7957	ED	646	147	0	0	20	127	34	93
PCT7957	MV	646	298	1	1	20	276	83	193
PCT7958	MV	290	141	1	0	20	120	44	76
PCT7959	ED	727	160	1	1	6	152	30	122
PCT7959	MV	727	326	1	0	20	305	50	255
PCT9001	MV	273	142	-2	1	11	132	29	103
PCT9101	ED	888	260	0	0	13	247	67	180
PCT9101	MV	888	438	4	1	29	404	119	285
PCT9102	ED	985	257	0	1	13	243	58	185
PCT9102	MV	985	471	2	2	35	432	123	309
PCT9103	ED	954	273	0	1	22	250	64	186
PCT9103	MV	954	431	7	1	21	402	114	288
PCT9104	ED	988	239	0	0	19	220	45	175
PCT9104	MV	988	465	3	0	25	437	125	312
PCT9105	ED	919	247	1	0	14	232	54	178
PCT9105	MV	919	488	-4	0	33	459	136	323
PCT9106	ED	937	268	1	0	24	243	47	196
PCT9106	MV	937	497	4	1	31	461	115	346
PCT9107	ED	849	219	0	0	10	209	46	163
PCT9107	MV	849	372	-1	0	38	335	87	248
PCT9108	ED	790	247	0	0	12	235	51	184
PCT9108	MV	790	373	2	0	31	340	90	250
PCT9109	ED	884	263	0	0	17	246	68	178
PCT9109	MV	884	428	1	0	36	391	89	302
PCT9111	ED	779	229	0	0	12	217	58	159
PCT9111	MV	779	346	2	0	31	313	83	230
PCT9112	ED	976	284	-1	0	11	274	71	203
PCT9112	MV	976	467	1	0	35	431	94	337
PCT9113	ED	999	311	0	0	18	293	64	229
PCT9113	MV	999	505	4	0	26	475	125	350
PCT9114	ED	877	263	-1	1	21	242	53	189
PCT9114	MV	877	405	-1	0	23	383	97	286
PCT9115	ED	911	258	1	0	26	231	51	180
PCT9115	MV	911	429	3	0	33	393	74	319
PCT9116	ED	944	281	0	1	17	263	56	207
PCT9116	MV	944	473	2	0	45	426	91	335
PCT9117	ED	783	222	0	0	12	210	64	146
PCT9117	MV	783	398	0	1	22	375	96	279
PCT9118	ED	974	286	-2	0	24	264	69	195
PCT9118	MV	974	426	3	0	39	384	106	278
PCT9119	ED	891	237	-1	0	17	221	52	169
PCT9119	MV	891	447	1	1	25	420	120	300
PCT9121	ED	930	256	-1	0	17	240	63	177
PCT9121	MV	930	434	-1	0	33	402	122	280
PCT9122	ED	953	210	0	0	26	184	44	140
PCT9122	MV	953	454	0	0	37	417	132	285
PCT9123	ED	858	232	0	1	29	202	55	147
PCT9123	MV	858	418	1	0	24	393	119	274
PCT9124	ED	874	202	0	0	15	187	37	150
PCT9124	MV	874	438	2	0	28	408	116	292
PCT9125	ED	861	210	-2	0	18	194	41	153
PCT9125	MV	861	437	2	0	38	397	111	286
PCT9126	ED	1015	245	-2	0	23	224	57	167
PCT9126	MV	1015	533	-2	0	35	500	161	339
PCT9127	ED	960	269	0	0	15	254	64	190
PCT9127	MV	960	498	0	0	33	465	121	344
PCT9128	ED	828	248	-1	0	17	232	55	177
PCT9128	MV	828	412	3	1	28	380	127	253
PCT9129	ED	741	243	1	0	19	223	44	179
PCT9129	MV	741	348	0	0	25	323	90	233
PCT9131	ED	759	193	1	0	15	177	43	134
PCT9131	MV	759	403	3	0	28	372	88	284
PCT9132	ED	837	248	0	0	17	231	44	187
PCT9132	MV	837	371	0	0	28	343	56	287
PCT9133	ED	1021	271	0	2	20	249	44	205
PCT9133	MV	1021	503	2	2	42	457	110	347
PCT9134	ED	893	210	0	0	21	189	34	155
PCT9134	MV	893	469	0	2	28	439	99	340
PCT9135	ED	808	215	0	0	12	203	55	148
PCT9135	MV	808	389	2	0	26	361	117	244
PCT9136	ED	929	253	1	0	27	225	61	164
PCT9136	MV	929	439	-2	0	31	410	111	299
PCT9137	ED	1006	260	-1	1	15	245	77	168
PCT9137	MV	1006	467	1	0	37	429	117	312
PCT9138	ED	943	226	2	0	16	208	63	145
PCT9138	MV	943	477	1	1	32	443	141	302
PCT9139	ED	975	243	0	0	16	227	64	163
PCT9139	MV	975	510	6	0	34	470	141	329
PCT9141	ED	953	252	-1	0	16	237	72	165
PCT9141	MV	953	477	4	0	32	441	145	296
PCT9142	ED	966	276	0	0	28	248	59	189
PCT9142	MV	966	459	-1	1	35	424	99	325
PCT9143	ED	920	251	0	0	19	232	56	176
PCT9143	MV	920	463	7	0	36	420	128	292
PCT9144	ED	962	293	0	0	20	273	58	215
PCT9144	MV	962	482	3	1	35	443	109	334
PCT9145	ED	861	249	2	0	13	234	76	158
PCT9145	MV	861	423	2	0	23	398	97	301
PCT9146	ED	885	245	-1	0	15	231	52	179
PCT9146	MV	885	464	2	0	37	425	78	347
PCT9147	ED	971	281	0	0	17	264	58	206
PCT9147	MV	971	492	-2	0	28	466	114	352
PCT9148	ED	1034	325	0	0	17	308	83	225
PCT9148	MV	1034	513	1	0	26	486	113	373
PCT9149	ED	948	264	0	0	18	246	57	189
PCT9149	MV	948	478	4	0	23	451	107	344
PCT9151	ED	872	227	0	0	13	214	54	160
PCT9151	MV	872	418	4	1	31	382	98	284
PCT9152	ED	721	270	-2	1	12	259	51	208
PCT9152	MV	721	279	-2	0	20	261	67	194
PCT9201	ED	1004	300	0	0	19	281	51	230
PCT9201	MV	1004	475	-1	1	27	448	83	365
PCT9202	ED	971	294	0	0	18	276	59	217
PCT9202	MV	971	426	2	0	32	392	78	314
PCT9203	ED	1002	239	0	0	21	218	75	143
PCT9203	MV	1002	536	3	0	44	489	159	330
PCT9204	ED	873	273	5	0	21	247	84	163
PCT9204	MV	873	393	4	0	24	365	140	225
PCT9205	ED	728	208	0	0	20	188	64	124
PCT9205	MV	728	376	7	0	32	337	72	265
PCT9206	ED	931	249	-1	0	14	236	86	150
PCT9206	MV	931	479	3	1	30	445	168	277
PCT9207	ED	981	262	0	0	18	244	77	167
PCT9207	MV	981	502	3	2	36	461	163	298
PCT9208	ED	1002	287	0	0	24	263	75	188
PCT9208	MV	1002	491	3	1	41	446	123	323
PCT9209	ED	711	245	0	0	13	232	65	167
PCT9209	MV	711	327	4	0	27	296	95	201
PCT9211	ED	889	234	0	0	14	220	63	157
PCT9211	MV	889	432	1	0	34	397	115	282
PCT9212	ED	803	234	0	1	16	217	68	149
PCT9212	MV	803	400	4	0	30	366	87	279
PCT9213	ED	951	264	0	0	20	244	58	186
PCT9213	MV	951	508	3	0	35	470	102	368
PCT9214	ED	640	166	0	0	9	157	61	96
PCT9214	MV	640	334	0	1	23	310	101	209
PCT9215	ED	652	194	0	0	10	184	78	106
PCT9215	MV	652	327	1	0	25	301	89	212
PCT9216	ED	845	246	-1	0	17	230	80	150
PCT9216	MV	845	379	2	0	27	350	104	246
PCT9217	ED	698	194	0	0	17	177	63	114
PCT9217	MV	698	349	4	0	28	317	102	215
PCT9218	ED	841	249	1	0	21	227	62	165
PCT9218	MV	841	412	2	0	35	375	111	264
PCT9219	ED	802	242	-1	0	14	229	49	180
PCT9219	MV	802	399	2	0	36	361	83	278
PCT9221	ED	651	145	-1	0	9	137	48	89
PCT9221	MV	651	399	3	1	28	367	132	235
PCT9222	ED	883	249	-2	0	24	227	73	154
PCT9222	MV	883	449	5	1	27	416	152	264
PCT9223	ED	638	160	0	0	15	145	43	102
PCT9223	MV	638	338	6	1	21	310	99	211
PCT9224	ED	960	263	1	0	17	245	62	183
PCT9224	MV	960	506	7	0	28	471	148	323
PCT9225	ED	958	299	0	2	28	269	72	197
PCT9225	MV	958	469	4	1	31	433	99	334
PCT9226	ED	926	271	2	0	23	246	67	179
PCT9226	MV	926	486	1	0	31	454	120	334
PCT9227	ED	738	188	0	0	7	181	58	123
PCT9227	MV	738	404	4	1	25	374	147	227
PCT9228	ED	747	189	-1	0	17	173	56	117
PCT9228	MV	747	424	2	3	23	396	159	237
PCT9229	ED	598	162	0	0	14	148	49	99
PCT9229	MV	598	316	0	1	12	303	107	196
PCT9231	ED	953	313	1	1	19	292	70	222
PCT9231	MV	953	488	-3	2	32	457	100	357
PCT9232	ED	735	212	0	0	19	193	54	139
PCT9232	MV	735	396	3	0	22	371	114	257
PCT9233	ED	793	209	0	0	10	199	59	140
PCT9233	MV	793	434	3	1	26	404	144	260
PCT9234	ED	746	187	0	0	13	174	43	131
PCT9234	MV	746	438	3	0	27	408	124	284
PCT9235	ED	884	239	0	1	15	223	68	155
PCT9235	MV	884	488	2	1	33	452	173	279
PCT9236	ED	683	201	0	0	18	183	60	123
PCT9236	MV	683	358	5	2	15	336	98	238
PCT9237	ED	936	229	5	0	13	211	55	156
PCT9237	MV	936	539	0	0	29	510	134	376
PCT9238	ED	842	230	3	0	17	210	66	144
PCT9238	MV	842	456	2	0	29	425	124	301
PCT9239	ED	881	200	-1	1	15	185	59	126
PCT9239	MV	881	499	3	0	38	458	140	318
PCT9241	ED	1005	255	-2	0	21	236	62	174
PCT9241	MV	1005	578	1	0	32	545	145	400
PCT9242	ED	972	277	0	0	14	263	66	197
PCT9242	MV	972	513	3	0	25	485	110	375
PCT9243	ED	594	193	0	1	10	182	50	132
PCT9243	MV	594	307	-2	0	20	289	69	220
PCT9244	ED	903	255	-1	0	23	233	59	174
PCT9244	MV	903	485	2	0	34	449	82	367
PCT9245	ED	742	209	1	0	13	195	47	148
PCT9245	MV	742	375	5	0	27	343	87	256
PCT9246	ED	929	257	1	0	14	242	57	185
PCT9246	MV	929	528	4	0	32	492	113	379
PCT9247	ED	927	264	0	0	18	246	69	177
PCT9247	MV	927	515	3	0	36	476	107	369
PCT9248	ED	907	258	0	0	13	245	68	177
PCT9248	MV	907	487	1	0	24	462	120	342
PCT9249	ED	917	271	0	0	22	249	60	189
PCT9249	MV	917	495	5	0	31	459	137	322
PCT9251	ED	995	287	0	0	19	268	57	211
PCT9251	MV	995	530	6	1	37	486	125	361
PCT9252	ED	944	219	0	0	12	207	55	152
PCT9252	MV	944	550	3	2	28	517	133	384
PCT9253	ED	772	187	0	0	7	180	53	127
PCT9253	MV	772	397	-1	0	27	371	105	266
PCT9254	ED	935	230	0	1	14	215	46	169
PCT9254	MV	935	538	1	0	33	504	110	394
PCT9255	ED	553	183	0	0	15	168	36	132
PCT9255	MV	553	263	2	0	22	239	46	193
PCT9256	ED	474	130	0	0	11	119	29	90
PCT9256	MV	474	233	0	0	11	222	44	178
PCT9257	MV	321	235	0	0	14	221	36	185
PCT9258	ED	712	193	0	0	10	183	41	142
PCT9258	MV	712	373	-2	0	15	360	79	281
PCT9401	ED	1012	293	-1	0	23	271	67	204
PCT9401	MV	1012	484	0	1	24	459	92	367
PCT9402	ED	977	290	-1	0	19	272	64	208
PCT9402	MV	977	458	-1	0	32	427	115	312
PCT9403	ED	897	240	0	0	13	227	59	168
PCT9403	MV	897	419	1	0	17	401	109	292
PCT9404	ED	930	200	0	0	18	182	43	139
PCT9404	MV	930	462	0	0	37	425	118	307
PCT9405	ED	786	210	6	0	10	194	60	134
PCT9405	MV	786	364	-1	1	24	340	103	237
PCT9406	ED	868	244	-1	0	13	232	71	161
PCT9406	MV	868	421	2	0	18	401	127	274
PCT9407	ED	889	253	0	1	11	241	71	170
PCT9407	MV	889	409	1	0	23	385	97	288
PCT9408	ED	886	265	0	0	19	246	48	198
PCT9408	MV	886	415	3	0	26	386	74	312
PCT9409	ED	590	201	-3	0	13	191	28	163
PCT9409	MV	590	252	2	0	21	229	44	185
PCT9411	ED	956	271	2	0	18	251	56	195
PCT9411	MV	956	431	7	0	22	402	80	322
PCT9412	ED	848	245	-1	1	18	227	59	168
PCT9412	MV	848	380	2	1	22	355	99	256
PCT9413	ED	894	229	-1	0	12	218	50	168
PCT9413	MV	894	461	2	1	35	423	141	282
PCT9414	ED	916	216	-1	0	13	204	46	158
PCT9414	MV	916	463	4	0	22	437	124	313
PCT9415	ED	784	187	1	0	11	175	42	133
PCT9415	MV	784	392	4	1	36	351	101	250
PCT9416	ED	1008	282	0	0	19	263	79	184
PCT9416	MV	1008	480	2	2	41	435	127	308
PCT9417	ED	752	175	0	0	13	162	55	107
PCT9417	MV	752	402	4	0	31	367	116	251
PCT9418	ED	790	211	0	0	15	196	64	132
PCT9418	MV	790	376	4	0	25	347	119	228
PCT9419	ED	924	222	1	0	12	209	78	131
PCT9419	MV	924	468	-1	0	41	428	148	280
PCT9421	ED	906	238	0	0	20	218	62	156
PCT9421	MV	906	446	3	0	28	415	141	274
PCT9422	ED	1056	283	0	1	22	260	71	189
PCT9422	MV	1056	513	4	0	29	480	172	308
PCT9423	ED	889	219	0	0	21	198	50	148
PCT9423	MV	889	440	-1	0	26	415	113	302
PCT9424	ED	952	224	0	0	12	212	69	143
PCT9424	MV	952	496	2	0	27	467	149	318
PCT9425	ED	933	199	0	0	23	176	50	126
PCT9425	MV	933	465	-1	0	37	429	129	300
PCT9426	ED	823	198	0	0	18	180	52	128
PCT9426	MV	823	408	5	0	38	365	144	221
PCT9427	ED	948	210	0	0	18	192	53	139
PCT9427	MV	948	447	-3	1	27	422	134	288
PCT9428	ED	961	183	0	0	14	169	44	125
PCT9428	MV	961	518	4	1	46	467	132	335
PCT9429	ED	899	228	1	0	21	206	64	142
PCT9429	MV	899	432	2	0	30	400	152	248
PCT9431	ED	973	235	3	0	19	213	58	155
PCT9431	MV	973	464	1	0	39	424	158	266
PCT9432	ED	945	214	-1	0	18	197	54	143
PCT9432	MV	945	468	2	0	40	426	133	293
PCT9433	ED	945	195	0	0	21	174	67	107
PCT9433	MV	945	487	3	0	48	436	147	289
PCT9434	ED	979	261	0	0	22	239	72	167
PCT9434	MV	979	481	2	1	37	441	145	296
PCT9435	ED	969	251	0	0	17	234	67	167
PCT9435	MV	969	448	1	0	32	415	148	267
PCT9436	ED	1006	232	0	0	19	213	66	147
PCT9436	MV	1006	495	-2	0	44	453	162	291
PCT9437	ED	897	219	-2	0	19	202	67	135
PCT9437	MV	897	435	3	0	39	393	149	244
PCT9438	ED	948	202	2	0	17	183	55	128
PCT9438	MV	948	496	1	0	35	460	166	294
PCT9439	ED	879	173	0	0	13	160	46	114
PCT9439	MV	879	425	0	0	42	383	128	255
PCT9441	ED	980	261	-2	0	25	238	63	175
PCT9441	MV	980	462	0	0	28	434	137	297
PCT9442	ED	1008	280	1	0	13	266	72	194
PCT9442	MV	1008	461	3	0	41	417	140	277
PCT9443	ED	937	220	-1	0	19	202	57	145
PCT9443	MV	937	442	-1	0	21	422	136	286
PCT9444	ED	937	190	1	0	15	174	57	117
PCT9444	MV	937	442	0	1	38	403	147	256
PCT9445	ED	981	230	0	0	15	215	57	158
PCT9445	MV	981	493	0	1	29	463	123	340
PCT9446	ED	1090	240	0	0	17	223	66	157
PCT9446	MV	1090	564	3	0	31	530	206	324
PCT9447	ED	906	236	0	0	11	225	62	163
PCT9447	MV	906	448	-1	1	32	416	139	277
PCT9448	ED	909	232	1	0	14	217	61	156
PCT9448	MV	909	429	-1	1	37	392	120	272
PCT9449	ED	830	177	4	1	14	158	43	115
PCT9449	MV	830	428	5	1	23	399	149	250
PCT9451	ED	420	97	0	1	7	89	24	65
PCT9451	MV	420	218	-1	0	9	210	80	130
PCT9452	ED	840	259	0	0	17	242	98	144
PCT9452	MV	840	412	0	0	21	391	161	230
PCT9453	ED	500	135	0	1	12	122	53	69
PCT9453	MV	500	244	3	0	14	227	91	136
PCT9501	MV	148	110	1	0	9	100	35	65
PCT9502	MV	245	177	2	0	7	168	33	135
PCT9503	ED	729	198	0	0	14	184	34	150
PCT9503	MV	729	315	3	0	23	289	63	226
PCT9505	ED	784	177	0	0	14	163	37	126
PCT9505	MV	784	383	2	1	31	349	86	263
PCT9506	ED	766	177	0	0	11	166	37	129
PCT9506	MV	766	313	0	0	19	294	61	233
PCT9507	ED	766	231	0	0	11	220	40	180
PCT9507	MV	766	406	0	1	28	377	60	317
PCT9508	ED	798	237	0	1	15	221	29	192
PCT9508	MV	798	429	3	0	15	411	56	355
PCT9509	ED	759	230	0	0	15	215	40	175
PCT9509	MV	759	386	-1	1	25	361	63	298
PCT9511	ED	622	190	0	0	12	178	25	153
PCT9511	MV	622	296	0	0	15	281	60	221
PCT9512	ED	809	240	1	0	14	225	43	182
PCT9512	MV	809	399	0	0	15	384	67	317
PCT9513	ED	902	275	0	0	18	257	59	198
PCT9513	MV	902	390	2	0	20	368	53	315
PCT9514	ED	928	304	0	0	23	281	41	240
PCT9514	MV	928	456	4	0	26	426	73	353
PCT9515	ED	705	222	0	0	13	209	30	179
PCT9515	MV	705	368	1	0	28	339	75	264
PCT9516	ED	866	254	-1	1	16	238	49	189
PCT9516	MV	866	427	3	2	31	391	75	316
PCT9517	ED	801	228	0	0	19	209	42	167
PCT9517	MV	801	397	1	1	22	373	63	310
PCT9518	ED	802	229	0	0	11	218	33	185
PCT9518	MV	802	431	4	1	17	409	63	346
PCT9519	ED	910	262	1	1	16	244	54	190
PCT9519	MV	910	486	0	1	25	460	82	378
PCT9521	ED	939	316	-2	1	14	303	54	249
PCT9521	MV	939	442	-1	2	25	416	67	349
PCT9701	ED	671	201	-1	0	14	188	31	157
PCT9701	MV	671	340	2	0	26	312	78	234
PCT9702	ED	723	210	0	0	9	201	32	169
PCT9702	MV	723	364	1	0	26	337	72	265
PCT9703	ED	986	232	0	0	13	219	76	143
PCT9703	MV	986	530	2	0	39	489	148	341
PCT9704	ED	950	279	0	0	15	264	83	181
PCT9704	MV	950	505	1	0	41	463	125	338
PCT9705	ED	919	261	3	0	13	245	59	186
PCT9705	MV	919	483	2	0	39	442	87	355
PCT9706	MV	49	39	-1	0	4	36	10	26
PCT9707	ED	821	173	0	0	15	158	64	94
PCT9707	MV	821	491	3	0	37	451	150	301
PCT9708	ED	948	250	1	1	9	239	54	185
PCT9708	MV	948	500	0	0	33	467	131	336
PCT9709	ED	1028	281	6	1	21	253	86	167
PCT9709	MV	1028	517	4	0	31	482	203	279
PCT9711	ED	641	195	0	0	10	185	63	122
PCT9711	MV	641	336	2	0	20	314	114	200
PCT9712	ED	649	160	0	1	8	151	60	91
PCT9712	MV	649	398	7	1	19	371	141	230
PCT9713	ED	960	225	1	0	21	203	78	125
PCT9713	MV	960	489	-2	0	33	458	169	289
PCT9714	ED	931	208	1	0	12	195	76	119
PCT9714	MV	931	538	6	0	35	497	175	322
PCT9715	ED	569	180	0	0	18	162	66	96
PCT9715	MV	569	309	2	0	20	287	103	184
PCT9716	ED	947	239	-1	0	11	229	70	159
PCT9716	MV	947	481	0	1	42	438	155	283
PCT9717	ED	972	265	-1	1	16	249	80	169
PCT9717	MV	972	532	1	1	24	506	180	326
PCT9718	ED	862	227	0	1	15	211	70	141
PCT9718	MV	862	496	0	0	34	462	141	321
PCT9719	ED	901	245	0	0	16	229	73	156
PCT9719	MV	901	524	7	0	26	491	167	324
PCT9721	ED	662	198	0	1	7	190	81	109
PCT9721	MV	662	357	3	0	21	333	133	200
PCT9722	ED	605	119	1	0	8	110	44	66
PCT9722	MV	605	355	0	0	19	336	100	236
PCT9723	ED	481	98	0	1	3	94	38	56
PCT9723	MV	481	275	0	0	24	251	112	139
PCT9724	ED	991	205	0	1	20	184	72	112
PCT9724	MV	991	565	1	0	51	513	226	287
PCT9725	ED	970	214	1	1	19	193	81	112
PCT9725	MV	970	499	0	0	48	451	176	275
PCT9726	ED	655	263	2	0	11	250	66	184
PCT9726	MV	655	241	-1	0	32	210	59	151
PCT9727	ED	459	79	0	0	4	75	30	45
PCT9727	MV	459	271	1	0	19	251	103	148
PCT9728	ED	926	231	-1	0	13	219	78	141
PCT9728	MV	926	503	4	1	27	471	187	284
PCT9729	ED	800	191	0	0	9	182	90	92
PCT9729	MV	800	442	4	1	28	409	178	231
PCT9731	ED	556	167	0	1	11	155	60	95
PCT9731	MV	556	282	-1	1	13	269	113	156
PCT9732	MV	70	56	0	0	5	51	22	29
PCT9733	MV	235	191	0	0	7	184	54	130
PCT9734	ED	603	154	0	0	2	152	66	86
PCT9734	MV	603	341	0	0	20	321	124	197
PCT9735	ED	809	206	0	1	12	193	84	109
PCT9735	MV	809	449	0	0	36	413	163	250
PCT9736	ED	713	173	0	0	8	165	66	99
PCT9736	MV	713	410	1	0	26	383	128	255
PCT9737	ED	818	208	0	0	15	193	61	132
PCT9737	MV	818	476	2	1	32	441	142	299
PCT9738	ED	848	185	0	0	13	172	49	123
PCT9738	MV	848	404	-1	0	34	371	102	269
PCT9739	ED	828	220	1	0	17	202	39	163
PCT9739	MV	828	335	0	2	21	312	74	238
PCT9741	ED	552	232	-1	0	10	223	42	181
PCT9741	MV	552	105	0	0	8	97	20	77
PCT9742	ED	677	180	4	1	11	164	76	88
PCT9742	MV	677	289	1	0	18	270	127	143
PCT9743	ED	1163	310	0	1	22	287	64	223
PCT9743	MV	1163	501	4	3	34	460	95	365
PCT9744	ED	911	247	2	0	21	224	54	170
PCT9744	MV	911	391	2	0	30	359	77	282
PCT9745	ED	991	282	-2	1	28	255	81	174
PCT9745	MV	991	346	1	0	16	329	74	255
PCT9746	ED	884	232	1	0	14	217	104	113
PCT9746	MV	884	452	2	0	27	423	168	255
PCT9747	ED	973	246	1	0	16	229	53	176
PCT9747	MV	973	470	2	0	28	440	124	316
PCT9748	ED	931	229	1	0	8	220	76	144
PCT9748	MV	931	475	1	1	33	440	161	279
PCT9749	ED	913	225	2	0	15	208	51	157
PCT9749	MV	913	384	-1	0	42	343	99	244
PCT9751	ED	1016	253	0	0	26	227	69	158
PCT9751	MV	1016	523	0	0	44	479	162	317
PCT9752	ED	710	175	3	0	6	166	66	100
PCT9752	MV	710	392	0	0	16	376	125	251
PCT9753	ED	756	186	0	0	10	176	45	131
PCT9753	MV	756	388	0	0	26	362	105	257
PCT9754	ED	707	47	2	0	4	41	13	28
PCT9754	MV	707	377	1	0	21	355	91	264
PCT9755	ED	582	172	-1	1	7	165	45	120
PCT9755	MV	582	285	2	0	14	269	70	199
PCT9756	ED	941	185	0	0	16	169	53	116
PCT9756	MV	941	477	-2	2	36	441	150	291
PCT9801	ED	408	104	0	0	5	99	28	71
PCT9801	MV	408	181	0	0	7	174	65	109
CONG12	TO	443570	332491	863	257	22532	308839	74107	234732
CONG14	TO	56946	40357	79	37	2832	37409	12023	25386
ASSM17	TO	291063	214827	537	161	14516	199613	44207	155406
ASSM19	TO	209453	158021	405	133	10848	146635	41923	104712
BART7	TO	38460	24736	71	14	1874	22777	5746	17031
BART8	TO	223735	166386	444	136	12111	153695	44908	108787
BART9	TO	238321	181726	427	144	11379	169776	35476	134300
SUPV1	TO	42767	32743	69	25	2291	30358	7788	22570
SUPV2	TO	50394	40402	156	34	2721	37491	10337	27154
SUPV3	TO	39799	28571	83	17	2557	25914	6219	19695
SUPV4	TO	42953	31699	79	21	2248	29351	8985	20366
SUPV5	TO	53744	42036	98	36	2667	39235	7204	32031
SUPV6	TO	43321	29158	111	21	2449	26577	6356	20221
SUPV7	TO	47076	36587	99	37	2373	34078	10919	23159
SUPV8	TO	58122	48632	131	38	2424	46039	9208	36831
SUPV9	TO	42988	31769	51	30	1969	29719	6065	23654
SUPV10	TO	41862	26459	50	20	1853	24536	6188	18348
SUPV11	TO	37490	24792	15	15	1812	22950	6861	16089
NEIG1	TO	19914	11270	10	5	926	10329	2896	7433
NEIG2	TO	17446	12440	37	8	1179	11216	2766	8450
NEIG3	TO	28644	19045	55	12	1842	17136	4024	13112
NEIG4	TO	7002	5802	19	6	283	5494	1503	3991
NEIG5	TO	27634	18420	15	14	1311	17080	5187	11893
NEIG6	TO	14982	12240	22	6	671	11541	1926	9615
NEIG7	TO	12118	7928	-1	3	622	7304	2120	5184
NEIG8	TO	9734	7857	13	11	489	7344	1371	5973
NEIG9	TO	8390	5918	9	10	462	5437	1601	3836
NEIG10	TO	10097	8010	18	9	499	7484	1733	5751
NEIG11	TO	40622	32395	146	20	2263	29966	8158	21808
NEIG12	TO	31129	23295	37	19	1299	21940	3501	18439
NEIG13	TO	16964	14420	20	12	734	13654	2714	10940
NEIG14	TO	8795	7263	17	11	356	6879	1298	5581
NEIG15	TO	7019	5232	13	3	422	4794	1186	3608
NEIG26	TO	9293	6104	11	7	502	5584	1818	3766
NEIG16	TO	16814	13081	41	6	695	12339	2423	9916
NEIG17	TO	37322	28503	61	20	2011	26411	6858	19553
NEIG18	TO	8050	6587	16	12	416	6143	1877	4266
NEIG19	TO	9419	7393	13	4	447	6929	1533	5396
NEIG20	TO	24674	17045	69	15	1291	15670	3858	11812
NEIG21	TO	42363	31246	80	21	2214	28931	8913	20018
NEIG22	TO	18966	16190	56	9	779	15346	2965	12381
NEIG23	TO	8139	4488	11	7	410	4060	1297	2763
NEIG24	TO	34909	27838	89	24	1708	26017	8673	17344
NEIG25	TO	30077	22838	65	20	1533	21220	3931	17289
