area_id	subtotal_type	RSReg	RSCst	RSRej	RSOvr	RSUnd	RSTot	006:Yes	007:No
ALLPCTS	TO	500516	372461	106	108	137651	234596	205309	29287
ALLPCTS	ED	500516	127556	80	34	46957	80485	69203	11282
ALLPCTS	MV	500516	244905	26	74	90694	154111	136106	18005
PCT1101	ED	553	125	0	0	40	85	72	13
PCT1101	MV	553	266	0	0	86	180	150	30
PCT1102	ED	995	266	0	0	75	191	162	29
PCT1102	MV	995	480	0	0	158	322	262	60
PCT1103	ED	951	246	1	0	86	159	138	21
PCT1103	MV	951	445	0	0	166	279	237	42
PCT1104	ED	993	249	0	0	84	165	121	44
PCT1104	MV	993	414	0	0	125	289	245	44
PCT1106	ED	765	191	0	1	75	115	91	24
PCT1106	MV	765	343	0	0	125	218	178	40
PCT1107	ED	746	163	0	0	60	103	85	18
PCT1107	MV	746	336	0	0	126	210	173	37
PCT1108	ED	909	232	0	0	115	117	95	22
PCT1108	MV	909	437	0	0	162	275	235	40
PCT1109	ED	798	166	0	0	60	106	83	23
PCT1109	MV	798	365	0	1	126	238	207	31
PCT1111	ED	1002	205	0	0	64	141	116	25
PCT1111	MV	1002	460	0	0	171	289	257	32
PCT1112	ED	769	151	0	0	46	105	87	18
PCT1112	MV	769	344	0	0	119	225	190	35
PCT1113	ED	746	134	0	0	50	84	69	15
PCT1113	MV	746	359	0	0	128	231	199	32
PCT1114	ED	957	226	0	0	85	141	113	28
PCT1114	MV	957	403	0	0	129	274	231	43
PCT1115	ED	895	173	0	0	62	111	99	12
PCT1115	MV	895	371	0	0	146	225	187	38
PCT1116	ED	895	224	0	1	87	136	117	19
PCT1116	MV	895	376	0	0	111	265	217	48
PCT1117	ED	858	184	0	0	60	124	93	31
PCT1117	MV	858	357	0	0	126	231	200	31
PCT1118	ED	1043	213	0	0	66	147	113	34
PCT1118	MV	1043	475	0	0	162	313	266	47
PCT1119	ED	791	165	0	0	68	97	74	23
PCT1119	MV	791	386	0	0	137	249	217	32
PCT1121	ED	691	159	0	0	53	106	76	30
PCT1121	MV	691	313	0	0	129	184	153	31
PCT1122	ED	632	109	0	0	39	70	54	16
PCT1122	MV	632	310	0	0	115	195	158	37
PCT1123	ED	915	179	0	0	48	131	105	26
PCT1123	MV	915	364	0	0	132	232	181	51
PCT1124	ED	819	152	0	0	43	109	85	24
PCT1124	MV	819	302	0	0	77	225	182	43
PCT1125	ED	1047	159	0	0	53	106	77	29
PCT1125	MV	1047	466	0	0	144	322	266	56
PCT1126	ED	922	190	0	0	48	142	108	34
PCT1126	MV	922	400	0	1	112	287	238	49
PCT1127	ED	920	200	0	0	64	136	113	23
PCT1127	MV	920	382	0	0	115	267	214	53
PCT1128	ED	838	154	0	0	50	104	85	19
PCT1128	MV	838	362	0	0	121	241	185	56
PCT1129	ED	980	227	0	0	84	143	113	30
PCT1129	MV	980	416	0	0	119	297	235	62
PCT1131	ED	797	132	0	0	42	90	72	18
PCT1131	MV	797	371	0	0	134	237	181	56
PCT1132	ED	969	179	0	0	69	110	92	18
PCT1132	MV	969	427	0	0	145	282	235	47
PCT1133	ED	863	161	0	0	59	102	79	23
PCT1133	MV	863	410	0	0	145	265	219	46
PCT1134	ED	759	170	0	0	49	121	103	18
PCT1134	MV	759	317	0	0	121	196	175	21
PCT1135	ED	540	87	0	0	35	52	43	9
PCT1135	MV	540	295	0	0	108	187	151	36
PCT1136	ED	829	144	0	1	45	98	71	27
PCT1136	MV	829	412	0	0	141	271	215	56
PCT1141	ED	1041	223	0	0	76	147	117	30
PCT1141	MV	1041	484	0	0	142	342	286	56
PCT1142	ED	861	175	0	0	52	123	103	20
PCT1142	MV	861	393	0	0	138	255	216	39
PCT1143	ED	1034	228	0	0	65	163	127	36
PCT1143	MV	1034	440	0	0	136	304	263	41
PCT1144	ED	907	205	0	0	53	152	117	35
PCT1144	MV	907	387	0	1	106	280	228	52
PCT1145	ED	888	189	0	0	64	125	106	19
PCT1145	MV	888	461	0	0	153	308	258	50
PCT1146	ED	1011	186	0	0	57	129	109	20
PCT1146	MV	1011	454	0	0	137	317	270	47
PCT1147	ED	877	210	0	0	75	135	101	34
PCT1147	MV	877	396	0	0	106	290	242	48
PCT1148	ED	962	196	0	0	60	136	111	25
PCT1148	MV	962	444	0	0	134	310	253	57
PCT1149	ED	907	210	0	0	66	144	119	25
PCT1149	MV	907	407	0	0	130	277	240	37
PCT1152	ED	864	198	0	0	66	132	111	21
PCT1152	MV	864	388	0	0	113	275	223	52
PCT1153	ED	951	209	0	1	73	135	103	32
PCT1153	MV	951	415	0	0	151	264	220	44
PCT7001	ED	776	175	2	0	57	116	99	17
PCT7001	MV	776	429	0	0	158	271	255	16
PCT7002	ED	706	176	0	0	61	115	108	7
PCT7002	MV	706	332	0	0	118	214	190	24
PCT7003	ED	884	238	0	0	93	145	134	11
PCT7003	MV	884	498	0	0	197	301	275	26
PCT7004	ED	881	239	1	0	91	147	134	13
PCT7004	MV	881	496	0	0	171	325	303	22
PCT7005	ED	847	253	0	0	102	151	143	8
PCT7005	MV	847	480	0	1	180	299	282	17
PCT7006	ED	917	254	0	0	102	152	127	25
PCT7006	MV	917	442	0	0	132	310	285	25
PCT7007	ED	949	282	0	1	89	192	174	18
PCT7007	MV	949	516	0	1	184	331	303	28
PCT7008	ED	932	264	1	0	93	170	159	11
PCT7008	MV	932	546	1	0	212	333	304	29
PCT7009	ED	905	185	0	0	65	120	105	15
PCT7009	MV	905	513	0	0	169	344	312	32
PCT7011	ED	985	203	0	0	62	141	108	33
PCT7011	MV	985	294	0	0	98	196	165	31
PCT7012	ED	1109	313	0	0	115	198	173	25
PCT7012	MV	1109	594	0	0	202	392	350	42
PCT7013	ED	956	265	0	0	107	158	139	19
PCT7013	MV	956	501	0	0	160	341	311	30
PCT7014	ED	1460	366	0	0	138	228	209	19
PCT7014	MV	1460	801	0	1	269	531	498	33
PCT7015	MV	95	44	0	0	15	29	26	3
PCT7016	ED	918	171	0	0	49	122	97	25
PCT7016	MV	918	280	0	0	94	186	141	45
PCT7017	ED	754	149	0	0	62	87	60	27
PCT7017	MV	754	252	0	1	91	160	126	34
PCT7018	ED	977	154	0	0	59	95	73	22
PCT7018	MV	977	448	0	0	159	289	243	46
PCT7019	ED	899	182	0	0	52	130	107	23
PCT7019	MV	899	413	0	0	148	265	219	46
PCT7021	ED	947	184	0	0	55	129	106	23
PCT7021	MV	947	305	0	0	109	196	161	35
PCT7022	ED	945	214	0	0	78	136	101	35
PCT7022	MV	945	351	0	0	97	254	206	48
PCT7023	ED	928	177	0	0	61	116	90	26
PCT7023	MV	928	400	0	0	140	260	214	46
PCT7024	ED	414	70	0	0	25	45	33	12
PCT7024	MV	414	78	0	0	24	54	44	10
PCT7025	ED	477	85	0	0	29	56	41	15
PCT7025	MV	477	128	0	0	43	85	65	20
PCT7026	ED	1011	149	0	0	50	99	78	21
PCT7026	MV	1011	455	0	1	166	288	237	51
PCT7027	ED	869	195	0	0	73	122	94	28
PCT7027	MV	869	353	0	0	119	234	178	56
PCT7028	ED	850	212	0	0	67	145	116	29
PCT7028	MV	850	282	0	0	83	199	176	23
PCT7029	ED	901	183	0	0	65	118	79	39
PCT7029	MV	901	251	0	0	80	171	125	46
PCT7030	ED	759	118	0	0	43	75	55	20
PCT7030	MV	759	357	0	0	114	243	185	58
PCT7031	ED	641	91	0	0	36	55	41	14
PCT7031	MV	641	308	0	0	88	220	185	35
PCT7032	ED	904	173	1	0	55	117	86	31
PCT7032	MV	904	316	0	0	94	222	177	45
PCT7033	ED	798	191	0	1	58	132	95	37
PCT7033	MV	798	247	0	1	66	180	147	33
PCT7034	ED	958	197	0	0	68	129	84	45
PCT7034	MV	958	201	0	0	69	132	95	37
PCT7035	ED	606	122	0	0	44	78	62	16
PCT7035	MV	606	262	0	0	80	182	152	30
PCT7036	ED	921	117	0	0	26	91	66	25
PCT7036	MV	921	342	0	0	112	230	184	46
PCT7037	ED	735	134	0	0	65	69	45	24
PCT7037	MV	735	98	0	0	38	60	44	16
PCT7038	ED	911	135	0	0	50	85	60	25
PCT7038	MV	911	351	0	0	103	248	203	45
PCT7039	ED	784	178	0	0	57	121	90	31
PCT7039	MV	784	306	0	0	109	197	162	35
PCT7041	MV	61	33	0	0	14	19	16	3
PCT7042	ED	639	118	0	0	32	86	63	23
PCT7042	MV	639	258	0	0	95	163	137	26
PCT7043	ED	957	175	0	0	41	134	103	31
PCT7043	MV	957	404	0	0	150	254	219	35
PCT7044	ED	827	167	0	1	51	115	78	37
PCT7044	MV	827	193	0	0	75	118	90	28
PCT7045	ED	779	120	0	0	56	64	46	18
PCT7045	MV	779	344	0	0	144	200	167	33
PCT7046	ED	402	94	0	0	30	64	51	13
PCT7046	MV	402	175	0	0	64	111	86	25
PCT7047	ED	823	119	0	0	45	74	60	14
PCT7047	MV	823	388	0	0	142	246	207	39
PCT7048	ED	858	150	3	0	52	95	73	22
PCT7048	MV	858	318	0	0	112	206	167	39
PCT7049	ED	792	172	0	0	59	113	84	29
PCT7049	MV	792	305	0	0	115	190	148	42
PCT7051	ED	861	114	0	0	46	68	57	11
PCT7051	MV	861	380	0	1	142	237	177	60
PCT7052	ED	852	161	0	0	55	106	84	22
PCT7052	MV	852	402	0	0	150	252	212	40
PCT7053	ED	548	102	0	1	45	56	41	15
PCT7053	MV	548	278	0	0	102	176	149	27
PCT7054	ED	1073	214	0	0	80	134	83	51
PCT7054	MV	1073	410	0	0	123	287	236	51
PCT7055	ED	808	188	0	0	61	127	118	9
PCT7055	MV	808	440	0	0	151	289	263	26
PCT7101	MV	155	120	1	0	41	78	73	5
PCT7201	ED	936	245	0	0	116	129	115	14
PCT7201	MV	936	518	0	0	212	306	262	44
PCT7202	ED	850	225	0	0	103	122	107	15
PCT7202	MV	850	431	0	0	168	263	235	28
PCT7203	ED	921	289	1	1	109	178	164	14
PCT7203	MV	921	423	0	0	187	236	210	26
PCT7204	ED	918	233	0	0	98	135	114	21
PCT7204	MV	918	531	0	0	202	329	294	35
PCT7205	ED	875	249	0	0	106	143	133	10
PCT7205	MV	875	485	0	0	191	294	267	27
PCT7206	ED	378	134	0	0	50	84	72	12
PCT7206	MV	378	191	0	0	73	118	111	7
PCT7207	ED	812	194	0	0	75	119	108	11
PCT7207	MV	812	433	0	0	171	262	233	29
PCT7208	ED	600	111	0	0	47	64	58	6
PCT7208	MV	600	328	0	0	120	208	193	15
PCT7209	ED	626	107	0	0	47	60	51	9
PCT7209	MV	626	423	0	0	183	240	222	18
PCT7301	ED	1016	228	0	0	85	143	119	24
PCT7301	MV	1016	435	0	1	168	266	231	35
PCT7302	ED	814	188	0	0	76	112	92	20
PCT7302	MV	814	458	0	0	184	274	232	42
PCT7303	ED	1042	280	0	1	117	162	149	13
PCT7303	MV	1042	482	0	0	189	293	267	26
PCT7304	ED	1002	278	0	0	122	156	135	21
PCT7304	MV	1002	493	0	0	203	290	249	41
PCT7305	ED	871	239	0	0	101	138	124	14
PCT7305	MV	871	459	0	0	201	258	229	29
PCT7306	ED	1056	317	0	0	130	187	163	24
PCT7306	MV	1056	496	0	0	230	266	225	41
PCT7307	ED	767	209	0	0	90	119	107	12
PCT7307	MV	767	345	0	0	134	211	182	29
PCT7308	ED	603	177	0	0	65	112	102	10
PCT7308	MV	603	313	0	0	131	182	166	16
PCT7309	ED	884	260	0	0	126	134	121	13
PCT7309	MV	884	439	0	0	170	269	236	33
PCT7311	ED	917	266	0	0	107	159	146	13
PCT7311	MV	917	448	0	0	176	272	248	24
PCT7312	ED	821	203	0	0	78	125	115	10
PCT7312	MV	821	470	0	0	190	280	240	40
PCT7313	ED	968	224	1	0	95	128	109	19
PCT7313	MV	968	485	0	0	192	293	270	23
PCT7314	ED	787	125	0	0	45	80	62	18
PCT7314	MV	787	271	0	0	117	154	134	20
PCT7315	ED	760	220	0	0	92	128	110	18
PCT7315	MV	760	282	0	0	124	158	137	21
PCT7316	ED	853	205	0	0	90	115	99	16
PCT7316	MV	853	367	0	0	154	213	182	31
PCT7317	ED	904	189	0	0	88	101	86	15
PCT7317	MV	904	454	0	0	167	287	248	39
PCT7318	ED	727	179	0	0	79	100	94	6
PCT7318	MV	727	389	0	0	158	231	197	34
PCT7319	ED	1079	298	0	1	116	181	159	22
PCT7319	MV	1079	516	0	0	225	291	263	28
PCT7321	ED	671	149	0	0	72	77	63	14
PCT7321	MV	671	286	0	1	118	167	146	21
PCT7322	ED	874	64	0	1	27	36	31	5
PCT7322	MV	874	337	0	0	165	172	144	28
PCT7323	ED	950	234	0	0	86	148	122	26
PCT7323	MV	950	455	0	0	187	268	243	25
PCT7324	ED	755	189	0	0	86	103	89	14
PCT7324	MV	755	364	0	1	135	228	209	19
PCT7325	ED	904	240	0	0	94	146	121	25
PCT7325	MV	904	436	0	0	190	246	228	18
PCT7326	ED	876	199	0	0	77	122	107	15
PCT7326	MV	876	429	0	0	166	263	236	27
PCT7327	ED	699	71	0	0	25	46	43	3
PCT7327	MV	699	276	0	0	109	167	136	31
PCT7328	ED	973	94	0	0	52	42	36	6
PCT7328	MV	973	394	0	0	171	223	194	29
PCT7329	ED	640	112	0	0	43	69	59	10
PCT7329	MV	640	321	0	0	118	203	163	40
PCT7331	ED	852	213	0	0	84	129	107	22
PCT7331	MV	852	461	0	0	196	265	231	34
PCT7332	ED	834	223	0	0	82	141	121	20
PCT7332	MV	834	364	0	0	123	241	212	29
PCT7333	ED	1044	295	0	0	103	192	174	18
PCT7333	MV	1044	543	0	0	204	339	293	46
PCT7334	ED	881	199	0	0	99	100	87	13
PCT7334	MV	881	462	0	0	180	282	254	28
PCT7335	ED	970	225	0	0	81	144	125	19
PCT7335	MV	970	523	0	0	217	306	267	39
PCT7336	ED	955	236	0	0	101	135	121	14
PCT7336	MV	955	523	0	0	208	315	272	43
PCT7337	ED	851	178	0	0	64	114	97	17
PCT7337	MV	851	464	0	0	172	292	251	41
PCT7338	ED	915	153	0	0	47	106	91	15
PCT7338	MV	915	426	0	0	170	256	221	35
PCT7339	ED	669	174	0	0	55	119	106	13
PCT7339	MV	669	309	0	1	107	201	182	19
PCT7341	ED	908	260	0	0	103	157	129	28
PCT7341	MV	908	401	0	0	144	257	225	32
PCT7342	ED	947	333	0	0	111	222	185	37
PCT7342	MV	947	414	0	0	144	270	240	30
PCT7343	ED	731	234	0	1	80	153	137	16
PCT7343	MV	731	316	0	0	99	217	200	17
PCT7344	ED	1110	287	0	1	98	188	164	24
PCT7344	MV	1110	538	0	0	173	365	313	52
PCT7345	ED	1141	327	1	0	106	220	192	28
PCT7345	MV	1141	521	0	0	182	339	307	32
PCT7346	ED	920	248	0	0	85	163	132	31
PCT7346	MV	920	384	0	0	136	248	222	26
PCT7347	ED	1040	240	0	0	78	162	144	18
PCT7347	MV	1040	480	0	0	139	341	306	35
PCT7348	ED	861	210	0	0	69	141	116	25
PCT7348	MV	861	353	0	0	122	231	193	38
PCT7349	ED	957	247	0	0	81	166	149	17
PCT7349	MV	957	427	0	0	159	268	226	42
PCT7501	ED	565	172	0	0	70	102	96	6
PCT7501	MV	565	308	0	0	142	166	152	14
PCT7502	ED	784	180	1	0	68	111	100	11
PCT7502	MV	784	447	0	0	163	284	248	36
PCT7503	ED	764	207	0	0	80	127	108	19
PCT7503	MV	764	388	0	0	145	243	222	21
PCT7504	ED	503	112	0	0	42	70	55	15
PCT7504	MV	503	222	0	0	71	151	139	12
PCT7505	ED	869	158	0	0	56	102	91	11
PCT7505	MV	869	532	0	0	216	316	291	25
PCT7506	ED	999	224	0	0	75	149	127	22
PCT7506	MV	999	473	0	0	160	313	284	29
PCT7507	ED	955	210	0	0	75	135	102	33
PCT7507	MV	955	344	0	0	124	220	191	29
PCT7508	ED	727	154	0	1	58	95	79	16
PCT7508	MV	727	427	0	0	170	257	229	28
PCT7509	ED	932	235	2	0	77	156	138	18
PCT7509	MV	932	470	1	0	156	313	277	36
PCT7512	ED	612	149	0	0	66	83	65	18
PCT7512	MV	612	283	0	0	102	181	153	28
PCT7513	ED	818	225	0	0	94	131	115	16
PCT7513	MV	818	315	0	0	102	213	177	36
PCT7514	ED	874	140	0	0	49	91	72	19
PCT7514	MV	874	305	0	0	113	192	156	36
PCT7515	ED	869	211	0	0	76	135	102	33
PCT7515	MV	869	389	0	0	148	241	205	36
PCT7516	ED	922	172	0	0	64	108	87	21
PCT7516	MV	922	538	0	0	188	350	314	36
PCT7517	ED	863	289	0	0	97	192	172	20
PCT7517	MV	863	410	0	0	160	250	234	16
PCT7518	ED	950	309	0	0	114	195	177	18
PCT7518	MV	950	480	0	0	168	312	285	27
PCT7519	ED	737	224	0	0	77	147	134	13
PCT7519	MV	737	355	0	0	131	224	212	12
PCT7521	ED	812	291	0	0	114	177	153	24
PCT7521	MV	812	354	0	0	152	202	195	7
PCT7522	ED	764	207	0	0	73	134	115	19
PCT7522	MV	764	397	0	0	140	257	238	19
PCT7523	ED	747	275	0	0	85	190	170	20
PCT7523	MV	747	359	0	0	111	248	229	19
PCT7524	ED	615	181	0	0	67	114	96	18
PCT7524	MV	615	262	0	0	83	179	164	15
PCT7525	ED	800	205	0	0	72	133	112	21
PCT7525	MV	800	341	0	0	124	217	191	26
PCT7526	ED	1011	291	0	0	105	186	169	17
PCT7526	MV	1011	552	0	0	209	343	322	21
PCT7527	ED	725	208	0	0	63	145	123	22
PCT7527	MV	725	339	0	0	122	217	201	16
PCT7529	ED	948	294	0	0	109	185	172	13
PCT7529	MV	948	486	0	0	148	338	311	27
PCT7531	ED	865	225	0	0	70	155	138	17
PCT7531	MV	865	442	0	0	147	295	283	12
PCT7532	ED	852	246	0	0	94	152	125	27
PCT7532	MV	852	398	0	0	145	253	236	17
PCT7533	ED	1015	354	0	0	102	252	229	23
PCT7533	MV	1015	490	0	0	177	313	300	13
PCT7534	ED	936	322	0	0	132	190	177	13
PCT7534	MV	936	415	0	1	149	265	246	19
PCT7535	ED	767	261	0	0	78	183	171	12
PCT7535	MV	767	387	0	0	142	245	227	18
PCT7536	ED	863	291	0	0	95	196	176	20
PCT7536	MV	863	421	0	0	163	258	240	18
PCT7537	ED	752	240	0	0	83	157	144	13
PCT7537	MV	752	363	0	0	122	241	232	9
PCT7538	ED	771	246	0	0	82	164	152	12
PCT7538	MV	771	400	0	0	128	272	259	13
PCT7539	ED	922	330	0	0	126	204	184	20
PCT7539	MV	922	428	0	0	147	281	265	16
PCT7541	ED	805	245	0	0	87	158	145	13
PCT7541	MV	805	400	0	0	133	267	253	14
PCT7542	ED	821	270	0	0	85	185	164	21
PCT7542	MV	821	389	0	0	127	262	252	10
PCT7543	ED	909	215	0	0	82	133	115	18
PCT7543	MV	909	467	0	0	153	314	288	26
PCT7544	ED	898	256	0	0	98	158	141	17
PCT7544	MV	898	479	0	0	159	320	306	14
PCT7545	ED	918	273	0	0	93	180	164	16
PCT7545	MV	918	480	0	0	178	302	272	30
PCT7546	ED	982	304	0	0	111	193	171	22
PCT7546	MV	982	517	0	0	175	342	320	22
PCT7547	ED	1029	314	0	0	112	202	188	14
PCT7547	MV	1029	505	0	0	174	331	312	19
PCT7548	ED	1073	317	1	1	109	206	197	9
PCT7548	MV	1073	512	0	0	170	342	314	28
PCT7549	ED	811	215	0	0	88	127	119	8
PCT7549	MV	811	431	0	0	167	264	237	27
PCT7551	ED	741	239	0	0	85	154	132	22
PCT7551	MV	741	394	0	1	117	276	260	16
PCT7552	ED	727	241	0	0	91	150	142	8
PCT7552	MV	727	360	0	1	135	224	212	12
PCT7553	MV	180	126	0	0	36	90	86	4
PCT7554	ED	808	247	0	0	98	149	139	10
PCT7554	MV	808	442	0	1	189	252	242	10
PCT7555	ED	886	289	0	0	89	200	193	7
PCT7555	MV	886	459	0	0	179	280	260	20
PCT7556	ED	969	275	0	0	108	167	154	13
PCT7556	MV	969	573	0	0	204	369	351	18
PCT7601	ED	767	190	0	1	56	133	117	16
PCT7601	MV	767	290	0	0	89	201	169	32
PCT7602	ED	901	210	0	0	69	141	117	24
PCT7602	MV	901	379	0	0	117	262	225	37
PCT7603	ED	830	249	0	1	71	177	154	23
PCT7603	MV	830	376	0	1	126	249	219	30
PCT7604	ED	954	265	0	0	96	169	141	28
PCT7604	MV	954	352	0	0	98	254	221	33
PCT7605	ED	648	120	0	0	53	67	60	7
PCT7605	MV	648	203	0	0	63	140	110	30
PCT7606	ED	924	204	0	0	73	131	107	24
PCT7606	MV	924	330	0	0	100	230	205	25
PCT7607	ED	960	215	0	0	82	133	108	25
PCT7607	MV	960	407	0	1	121	285	240	45
PCT7608	ED	392	70	0	0	28	42	33	9
PCT7608	MV	392	136	0	0	52	84	67	17
PCT7609	ED	926	120	0	0	39	81	48	33
PCT7609	MV	926	352	0	0	131	221	175	46
PCT7611	ED	755	126	0	0	42	84	64	20
PCT7611	MV	755	269	0	0	97	172	129	43
PCT7612	ED	583	97	0	0	37	60	49	11
PCT7612	MV	583	265	0	0	96	169	151	18
PCT7613	ED	908	202	0	0	70	132	107	25
PCT7613	MV	908	340	0	0	105	235	188	47
PCT7614	ED	1029	223	0	0	78	145	121	24
PCT7614	MV	1029	375	0	0	96	279	239	40
PCT7615	ED	762	162	0	0	53	109	86	23
PCT7615	MV	762	237	0	0	83	154	120	34
PCT7616	ED	1203	322	0	0	142	180	167	13
PCT7616	MV	1203	686	0	0	221	465	421	44
PCT7617	ED	768	102	0	0	40	62	47	15
PCT7617	MV	768	261	0	0	83	178	141	37
PCT7618	ED	862	168	0	0	71	97	81	16
PCT7618	MV	862	407	0	0	141	266	242	24
PCT7619	ED	1063	219	0	0	74	145	117	28
PCT7619	MV	1063	563	0	0	196	367	329	38
PCT7621	ED	1320	287	0	0	94	193	164	29
PCT7621	MV	1320	668	0	0	214	454	402	52
PCT7622	ED	988	170	0	1	49	120	97	23
PCT7622	MV	988	301	0	0	91	210	177	33
PCT7623	ED	746	182	0	0	63	119	101	18
PCT7623	MV	746	297	0	0	77	220	176	44
PCT7624	ED	859	142	0	0	39	103	78	25
PCT7624	MV	859	290	0	0	75	215	184	31
PCT7625	ED	822	66	0	0	24	42	32	10
PCT7625	MV	822	475	0	0	182	293	258	35
PCT7626	ED	1114	224	0	0	79	145	132	13
PCT7626	MV	1114	612	0	0	229	383	355	28
PCT7627	ED	1187	266	0	0	102	164	146	18
PCT7627	MV	1187	582	0	0	218	364	316	48
PCT7628	ED	960	239	0	0	85	154	128	26
PCT7628	MV	960	428	0	0	141	287	263	24
PCT7629	ED	809	208	0	0	72	136	123	13
PCT7629	MV	809	343	0	0	115	228	210	18
PCT7631	ED	1155	266	0	0	108	158	128	30
PCT7631	MV	1155	576	0	0	198	378	337	41
PCT7632	ED	1124	288	0	0	116	172	156	16
PCT7632	MV	1124	561	0	0	183	378	342	36
PCT7633	ED	741	137	0	0	41	96	84	12
PCT7633	MV	741	392	0	0	154	238	216	22
PCT7634	ED	900	194	0	0	73	121	96	25
PCT7634	MV	900	421	0	0	148	273	241	32
PCT7635	ED	840	157	0	0	62	95	82	13
PCT7635	MV	840	382	0	1	122	259	231	28
PCT7636	ED	938	246	0	0	102	144	127	17
PCT7636	MV	938	465	0	0	173	292	268	24
PCT7637	ED	809	193	0	0	86	107	90	17
PCT7637	MV	809	404	0	0	150	254	225	29
PCT7638	ED	1467	294	0	0	116	178	149	29
PCT7638	MV	1467	871	1	1	348	521	465	56
PCT7639	ED	1011	241	0	0	107	134	115	19
PCT7639	MV	1011	559	0	0	208	351	329	22
PCT7641	ED	972	204	0	0	82	122	105	17
PCT7641	MV	972	549	0	1	209	339	292	47
PCT7642	ED	937	152	0	0	50	102	90	12
PCT7642	MV	937	394	0	0	177	217	184	33
PCT7643	ED	920	168	0	0	73	95	77	18
PCT7643	MV	920	507	0	1	161	345	304	41
PCT7644	ED	1175	329	0	0	110	219	189	30
PCT7644	MV	1175	554	0	0	190	364	330	34
PCT7645	ED	640	120	0	0	41	79	67	12
PCT7645	MV	640	377	0	0	162	215	194	21
PCT7646	ED	1100	262	0	0	107	155	145	10
PCT7646	MV	1100	591	0	0	211	380	348	32
PCT7647	ED	1075	205	0	0	65	140	108	32
PCT7647	MV	1075	283	0	0	81	202	163	39
PCT7648	MV	1	0	0	0	0	0	0	0
PCT7649	ED	891	175	0	0	69	106	82	24
PCT7649	MV	891	395	0	0	114	281	239	42
PCT7651	ED	677	165	1	0	72	92	79	13
PCT7651	MV	677	351	0	0	122	229	205	24
PCT7652	ED	628	135	0	0	47	88	76	12
PCT7652	MV	628	301	0	0	113	188	171	17
PCT7653	ED	1280	299	0	0	124	175	160	15
PCT7653	MV	1280	673	0	0	279	394	363	31
PCT7701	ED	1064	295	0	0	108	187	163	24
PCT7701	MV	1064	597	0	1	240	356	331	25
PCT7702	ED	748	179	0	0	70	109	100	9
PCT7702	MV	748	415	0	0	166	249	222	27
PCT7703	MV	171	79	0	1	33	45	35	10
PCT7704	ED	1008	257	0	0	95	162	145	17
PCT7704	MV	1008	557	0	0	204	353	314	39
PCT7705	ED	568	149	0	0	55	94	83	11
PCT7705	MV	568	335	0	0	125	210	180	30
PCT7706	ED	840	252	0	0	85	167	148	19
PCT7706	MV	840	467	0	0	196	271	227	44
PCT7707	ED	857	240	1	0	71	168	144	24
PCT7707	MV	857	495	0	0	213	282	259	23
PCT7708	ED	871	205	0	0	83	122	97	25
PCT7708	MV	871	540	0	0	180	360	312	48
PCT7709	ED	391	102	0	0	26	76	64	12
PCT7709	MV	391	222	0	0	78	144	125	19
PCT7711	ED	766	197	0	0	83	114	101	13
PCT7711	MV	766	422	0	0	165	257	229	28
PCT7712	ED	529	148	0	0	48	100	82	18
PCT7712	MV	529	296	0	0	104	192	173	19
PCT7801	ED	1001	263	1	0	102	160	152	8
PCT7801	MV	1001	596	0	0	230	366	337	29
PCT7802	ED	788	229	0	0	85	144	136	8
PCT7802	MV	788	458	0	0	193	265	247	18
PCT7803	ED	828	173	0	0	68	105	99	6
PCT7803	MV	828	552	0	0	202	350	316	34
PCT7804	ED	893	257	0	0	93	164	155	9
PCT7804	MV	893	533	0	0	196	337	316	21
PCT7805	ED	825	226	0	0	72	154	143	11
PCT7805	MV	825	484	0	0	171	313	290	23
PCT7806	ED	716	207	2	0	62	143	133	10
PCT7806	MV	716	406	0	0	137	269	251	18
PCT7807	ED	844	276	0	0	83	193	176	17
PCT7807	MV	844	417	0	0	148	269	249	20
PCT7808	ED	655	211	0	0	69	142	133	9
PCT7808	MV	655	333	0	1	125	207	193	14
PCT7809	ED	781	237	0	0	85	152	135	17
PCT7809	MV	781	405	0	0	134	271	246	25
PCT7811	ED	783	249	0	0	74	175	149	26
PCT7811	MV	783	404	0	1	129	274	257	17
PCT7812	ED	877	256	0	0	91	165	146	19
PCT7812	MV	877	454	0	0	169	285	259	26
PCT7813	ED	1064	308	1	0	110	197	180	17
PCT7813	MV	1064	585	0	0	203	382	349	33
PCT7814	ED	936	227	0	0	73	154	127	27
PCT7814	MV	936	340	0	1	105	234	208	26
PCT7815	ED	954	238	0	0	83	155	138	17
PCT7815	MV	954	573	0	0	200	373	347	26
PCT7816	ED	865	235	0	1	100	134	122	12
PCT7816	MV	865	531	1	0	184	346	324	22
PCT7817	ED	823	276	0	0	95	181	159	22
PCT7817	MV	823	439	0	0	135	304	284	20
PCT7818	ED	860	232	0	0	91	141	125	16
PCT7818	MV	860	452	2	1	171	278	260	18
PCT7819	ED	793	191	0	0	68	123	104	19
PCT7819	MV	793	420	0	0	145	275	254	21
PCT7821	ED	985	247	0	0	78	169	157	12
PCT7821	MV	985	629	0	1	217	411	382	29
PCT7822	ED	908	275	0	0	91	184	163	21
PCT7822	MV	908	479	0	0	162	317	289	28
PCT7823	ED	879	269	6	0	83	180	171	9
PCT7823	MV	879	501	0	1	170	330	310	20
PCT7824	ED	768	246	0	0	90	156	144	12
PCT7824	MV	768	383	0	0	155	228	213	15
PCT7825	ED	597	191	0	0	75	116	107	9
PCT7825	MV	597	302	0	0	102	200	182	18
PCT7826	ED	684	258	0	0	91	167	155	12
PCT7826	MV	684	319	0	0	113	206	192	14
PCT7827	ED	831	261	0	0	83	178	162	16
PCT7827	MV	831	361	0	0	126	235	215	20
PCT7828	ED	1018	260	0	0	89	171	155	16
PCT7828	MV	1018	549	0	0	194	355	317	38
PCT7829	ED	907	237	1	0	77	159	146	13
PCT7829	MV	907	557	0	0	209	348	316	32
PCT7831	ED	882	233	0	0	75	158	147	11
PCT7831	MV	882	544	0	0	210	334	311	23
PCT7832	ED	780	187	0	0	54	133	125	8
PCT7832	MV	780	487	0	0	170	317	295	22
PCT7833	ED	747	230	0	0	93	137	128	9
PCT7833	MV	747	412	0	0	165	247	229	18
PCT7834	ED	867	276	0	0	102	174	157	17
PCT7834	MV	867	438	0	0	142	296	288	8
PCT7835	ED	847	209	0	0	71	138	116	22
PCT7835	MV	847	505	1	0	165	339	294	45
PCT7836	ED	1023	259	0	0	87	172	153	19
PCT7836	MV	1023	623	0	0	206	417	369	48
PCT7837	ED	911	259	0	0	101	158	141	17
PCT7837	MV	911	509	2	2	197	308	289	19
PCT7838	ED	926	239	0	0	77	162	144	18
PCT7838	MV	926	545	0	0	223	322	299	23
PCT7839	ED	842	205	0	0	81	124	119	5
PCT7839	MV	842	515	0	0	183	332	305	27
PCT7841	ED	937	290	0	0	118	172	163	9
PCT7841	MV	937	526	0	0	196	330	307	23
PCT7842	ED	903	283	0	0	96	187	170	17
PCT7842	MV	903	434	0	0	162	272	247	25
PCT7843	ED	767	231	0	0	77	154	143	11
PCT7843	MV	767	380	0	1	142	237	225	12
PCT7844	ED	663	196	0	0	64	132	119	13
PCT7844	MV	663	329	0	0	109	220	206	14
PCT7845	ED	849	241	0	0	96	145	128	17
PCT7845	MV	849	469	0	0	169	300	277	23
PCT7846	ED	904	259	0	0	103	156	144	12
PCT7846	MV	904	509	0	0	203	306	283	23
PCT7847	ED	929	261	0	0	97	164	141	23
PCT7847	MV	929	529	0	0	194	335	317	18
PCT7848	ED	834	232	0	0	93	139	129	10
PCT7848	MV	834	491	0	1	204	286	272	14
PCT7849	ED	929	263	0	0	106	157	144	13
PCT7849	MV	929	522	0	0	189	333	316	17
PCT7851	ED	513	136	0	0	65	71	64	7
PCT7851	MV	513	298	0	0	124	174	160	14
PCT7852	ED	647	143	0	0	53	90	77	13
PCT7852	MV	647	394	0	0	151	243	215	28
PCT7853	ED	850	214	0	0	67	147	123	24
PCT7853	MV	850	479	0	0	173	306	274	32
PCT7854	ED	894	247	0	0	99	148	138	10
PCT7854	MV	894	500	0	0	187	313	290	23
PCT7855	ED	986	299	0	0	111	188	174	14
PCT7855	MV	986	521	0	0	195	326	307	19
PCT7856	ED	800	265	0	1	91	173	159	14
PCT7856	MV	800	425	0	0	137	288	271	17
PCT7857	ED	933	275	0	0	108	167	144	23
PCT7857	MV	933	517	0	0	187	330	313	17
PCT7858	ED	775	244	0	0	83	161	147	14
PCT7858	MV	775	394	0	0	120	274	252	22
PCT7859	ED	891	249	0	0	95	154	144	10
PCT7859	MV	891	513	0	0	190	323	298	25
PCT7861	ED	859	217	0	0	87	130	119	11
PCT7861	MV	859	510	0	1	192	317	285	32
PCT7862	ED	866	301	0	0	105	196	180	16
PCT7862	MV	866	472	0	0	167	305	289	16
PCT7863	ED	907	310	0	0	116	194	176	18
PCT7863	MV	907	440	0	0	145	295	273	22
PCT7864	ED	807	232	0	0	83	149	140	9
PCT7864	MV	807	426	0	0	145	281	267	14
PCT7865	ED	823	241	0	0	77	164	151	13
PCT7865	MV	823	463	0	0	172	291	268	23
PCT7866	ED	836	209	0	0	72	137	121	16
PCT7866	MV	836	491	0	0	195	296	262	34
PCT7867	ED	955	266	0	0	101	165	153	12
PCT7867	MV	955	510	0	3	175	332	295	37
PCT7868	ED	881	242	0	0	87	155	128	27
PCT7868	MV	881	449	1	0	166	282	250	32
PCT7869	ED	867	239	0	0	88	151	138	13
PCT7869	MV	867	489	0	0	199	290	269	21
PCT7871	ED	900	259	0	0	99	160	145	15
PCT7871	MV	900	502	2	1	173	326	306	20
PCT7872	ED	862	287	0	0	102	185	160	25
PCT7872	MV	862	472	0	0	185	287	273	14
PCT7873	ED	861	257	0	0	83	174	158	16
PCT7873	MV	861	501	0	0	195	306	281	25
PCT7874	ED	477	137	0	0	45	92	81	11
PCT7874	MV	477	255	1	0	91	163	147	16
PCT7875	ED	623	180	0	0	53	127	105	22
PCT7875	MV	623	285	0	0	111	174	152	22
PCT7876	ED	498	154	10	0	61	83	74	9
PCT7876	MV	498	269	0	0	91	178	171	7
PCT7901	ED	522	135	0	0	53	82	71	11
PCT7901	MV	522	198	0	0	66	132	113	19
PCT7902	ED	968	258	0	0	80	178	153	25
PCT7902	MV	968	401	0	0	121	280	255	25
PCT7903	ED	840	201	0	0	73	128	107	21
PCT7903	MV	840	350	0	0	108	242	212	30
PCT7904	ED	877	210	0	0	69	141	126	15
PCT7904	MV	877	403	0	0	135	268	237	31
PCT7905	ED	851	253	0	0	94	159	139	20
PCT7905	MV	851	409	1	0	140	268	247	21
PCT7906	ED	787	244	0	0	101	143	123	20
PCT7906	MV	787	335	0	0	114	221	201	20
PCT7907	ED	950	278	0	0	92	186	166	20
PCT7907	MV	950	425	0	0	135	290	273	17
PCT7908	ED	949	283	0	0	114	169	133	36
PCT7908	MV	949	408	0	0	134	274	252	22
PCT7909	ED	733	251	0	0	70	181	157	24
PCT7909	MV	733	303	0	0	94	209	201	8
PCT7911	ED	860	244	0	0	77	167	139	28
PCT7911	MV	860	395	0	0	129	266	240	26
PCT7912	ED	1065	290	0	0	105	185	168	17
PCT7912	MV	1065	463	0	0	145	318	298	20
PCT7913	ED	913	312	0	0	94	218	194	24
PCT7913	MV	913	378	0	1	105	272	252	20
PCT7914	ED	883	278	0	0	107	171	150	21
PCT7914	MV	883	425	0	0	149	276	248	28
PCT7915	ED	831	265	0	0	78	187	161	26
PCT7915	MV	831	351	0	0	102	249	224	25
PCT7916	ED	888	283	0	1	102	180	154	26
PCT7916	MV	888	421	0	0	136	285	256	29
PCT7917	ED	1015	312	0	0	108	204	177	27
PCT7917	MV	1015	428	0	0	121	307	282	25
PCT7918	ED	836	253	0	0	89	164	141	23
PCT7918	MV	836	379	0	0	135	244	215	29
PCT7919	ED	895	308	0	0	84	224	198	26
PCT7919	MV	895	376	0	0	120	256	229	27
PCT7921	ED	917	231	0	0	56	175	136	39
PCT7921	MV	917	366	0	0	118	248	213	35
PCT7922	ED	831	250	0	0	77	173	158	15
PCT7922	MV	831	383	0	1	128	254	228	26
PCT7923	ED	885	262	0	0	69	193	168	25
PCT7923	MV	885	403	0	0	120	283	266	17
PCT7924	ED	842	238	0	0	76	162	139	23
PCT7924	MV	842	382	0	0	101	281	253	28
PCT7925	ED	567	156	0	0	54	102	96	6
PCT7925	MV	567	293	0	0	90	203	184	19
PCT7926	ED	795	229	0	0	81	148	132	16
PCT7926	MV	795	390	0	0	125	265	248	17
PCT7927	ED	747	241	0	0	86	155	136	19
PCT7927	MV	747	392	0	0	149	243	223	20
PCT7928	ED	931	284	0	0	100	184	166	18
PCT7928	MV	931	489	0	1	151	337	302	35
PCT7929	ED	864	248	0	0	79	169	153	16
PCT7929	MV	864	509	1	0	177	331	308	23
PCT7931	ED	738	219	0	0	81	138	127	11
PCT7931	MV	738	408	0	0	147	261	246	15
PCT7932	ED	551	157	1	0	48	108	98	10
PCT7932	MV	551	285	0	0	93	192	178	14
PCT7933	MV	6	4	0	0	2	2	1	1
PCT7934	ED	890	250	0	0	99	151	133	18
PCT7934	MV	890	472	0	0	147	325	296	29
PCT7935	ED	970	305	0	0	123	182	168	14
PCT7935	MV	970	519	0	1	220	298	280	18
PCT7936	ED	856	287	0	0	96	191	173	18
PCT7936	MV	856	428	0	0	131	297	272	25
PCT7937	ED	886	267	0	0	93	174	161	13
PCT7937	MV	886	434	0	0	158	276	258	18
PCT7938	ED	788	213	0	1	73	139	117	22
PCT7938	MV	788	337	0	1	116	220	194	26
PCT7939	ED	688	253	0	0	91	162	147	15
PCT7939	MV	688	326	0	0	125	201	191	10
PCT7941	ED	751	218	0	0	78	140	126	14
PCT7941	MV	751	348	0	0	130	218	202	16
PCT7942	ED	914	257	1	0	83	173	152	21
PCT7942	MV	914	412	0	1	143	268	226	42
PCT7943	ED	872	257	4	0	92	161	130	31
PCT7943	MV	872	439	0	0	142	297	260	37
PCT7944	ED	801	243	0	0	80	163	141	22
PCT7944	MV	801	381	0	0	130	251	229	22
PCT7945	ED	915	186	0	0	60	126	104	22
PCT7945	MV	915	412	0	0	127	285	246	39
PCT7946	ED	945	183	0	0	61	122	100	22
PCT7946	MV	945	451	0	0	165	286	243	43
PCT7947	ED	946	182	0	0	74	108	85	23
PCT7947	MV	946	430	0	0	147	283	237	46
PCT7948	ED	928	209	0	0	65	144	113	31
PCT7948	MV	928	422	0	1	154	267	218	49
PCT7949	ED	569	100	0	0	41	59	49	10
PCT7949	MV	569	292	0	0	107	185	145	40
PCT7951	ED	854	166	0	0	59	107	87	20
PCT7951	MV	854	424	0	0	165	259	218	41
PCT7952	ED	866	167	0	0	54	113	71	42
PCT7952	MV	866	359	0	0	124	235	202	33
PCT7953	ED	824	186	2	0	71	113	94	19
PCT7953	MV	824	402	0	0	144	258	204	54
PCT7955	ED	902	199	0	0	69	130	106	24
PCT7955	MV	902	434	0	0	148	286	242	44
PCT7956	ED	823	136	0	0	51	85	69	16
PCT7956	MV	823	353	0	0	121	232	183	49
PCT7957	ED	646	147	0	0	52	95	70	25
PCT7957	MV	646	298	0	0	106	192	161	31
PCT7958	MV	290	141	0	0	44	97	75	22
PCT7959	ED	727	157	0	0	55	102	88	14
PCT7959	MV	727	326	0	0	103	223	208	15
PCT9001	MV	273	142	0	0	33	109	92	17
PCT9101	ED	888	260	0	0	103	157	125	32
PCT9101	MV	888	438	0	0	160	278	235	43
PCT9102	ED	985	257	0	0	106	151	127	24
PCT9102	MV	985	471	0	0	165	306	274	32
PCT9103	ED	954	272	0	0	93	179	149	30
PCT9103	MV	954	431	0	1	191	239	210	29
PCT9104	ED	988	239	0	0	92	147	119	28
PCT9104	MV	988	465	0	0	183	282	243	39
PCT9105	ED	919	247	0	0	103	144	115	29
PCT9105	MV	919	488	0	0	184	304	279	25
PCT9106	ED	937	268	1	0	81	186	164	22
PCT9106	MV	937	497	0	0	192	305	268	37
PCT9107	ED	849	218	0	0	72	146	127	19
PCT9107	MV	849	372	0	2	146	224	200	24
PCT9108	ED	790	246	0	0	69	177	160	17
PCT9108	MV	790	373	1	0	135	237	206	31
PCT9109	ED	884	263	0	0	107	156	132	24
PCT9109	MV	884	427	0	1	162	264	237	27
PCT9111	ED	779	229	0	0	90	139	122	17
PCT9111	MV	779	346	0	0	126	220	194	26
PCT9112	ED	976	284	0	0	104	180	159	21
PCT9112	MV	976	467	0	0	221	246	223	23
PCT9113	ED	999	310	0	0	122	188	166	22
PCT9113	MV	999	505	0	0	174	331	295	36
PCT9114	ED	877	263	0	0	118	145	126	19
PCT9114	MV	877	405	0	0	139	266	231	35
PCT9115	ED	911	258	0	0	83	175	160	15
PCT9115	MV	911	429	0	0	155	274	248	26
PCT9116	ED	944	281	1	0	103	177	154	23
PCT9116	MV	944	473	0	0	177	296	260	36
PCT9117	ED	783	222	0	0	75	147	128	19
PCT9117	MV	783	398	0	0	138	260	233	27
PCT9118	ED	974	286	0	0	109	177	155	22
PCT9118	MV	974	426	0	0	159	267	225	42
PCT9119	ED	891	237	0	0	99	138	111	27
PCT9119	MV	891	446	0	0	164	282	242	40
PCT9121	ED	930	256	0	0	84	172	141	31
PCT9121	MV	930	434	0	1	191	242	215	27
PCT9122	ED	953	208	0	1	84	123	110	13
PCT9122	MV	953	454	0	0	188	266	230	36
PCT9123	ED	858	231	0	0	75	156	125	31
PCT9123	MV	858	418	0	0	152	266	221	45
PCT9124	ED	874	201	0	0	64	137	118	19
PCT9124	MV	874	438	0	0	190	248	211	37
PCT9125	ED	861	210	0	0	84	126	112	14
PCT9125	MV	861	437	0	0	196	241	215	26
PCT9126	ED	1015	245	0	0	98	147	130	17
PCT9126	MV	1015	533	0	0	220	313	271	42
PCT9127	ED	960	269	0	0	111	158	141	17
PCT9127	MV	960	498	0	0	199	299	271	28
PCT9128	ED	828	248	0	0	88	160	146	14
PCT9128	MV	828	412	0	0	153	259	230	29
PCT9129	ED	741	243	0	0	80	163	141	22
PCT9129	MV	741	348	0	0	141	207	178	29
PCT9131	ED	759	192	0	0	74	118	97	21
PCT9131	MV	759	403	0	0	156	247	221	26
PCT9132	ED	837	248	0	0	108	140	123	17
PCT9132	MV	837	371	0	0	128	243	210	33
PCT9133	ED	1021	270	0	0	90	180	161	19
PCT9133	MV	1021	503	0	0	186	317	291	26
PCT9134	ED	893	210	0	0	90	120	108	12
PCT9134	MV	893	469	0	0	185	284	258	26
PCT9135	ED	808	214	0	0	78	136	120	16
PCT9135	MV	808	389	0	0	177	212	178	34
PCT9136	ED	929	253	0	0	107	146	120	26
PCT9136	MV	929	439	0	0	177	262	224	38
PCT9137	ED	1006	259	0	0	98	161	120	41
PCT9137	MV	1006	467	0	0	184	283	247	36
PCT9138	ED	943	226	1	0	79	146	128	18
PCT9138	MV	943	476	1	0	158	317	269	48
PCT9139	ED	975	243	0	0	89	154	129	25
PCT9139	MV	975	510	0	0	187	323	276	47
PCT9141	ED	953	251	0	0	89	162	136	26
PCT9141	MV	953	477	0	0	185	292	245	47
PCT9142	ED	966	275	0	0	106	169	156	13
PCT9142	MV	966	459	0	0	159	300	267	33
PCT9143	ED	920	251	0	0	98	153	131	22
PCT9143	MV	920	463	0	0	182	281	236	45
PCT9144	ED	962	291	0	0	113	178	158	20
PCT9144	MV	962	482	0	0	173	309	285	24
PCT9145	ED	861	249	1	0	78	170	151	19
PCT9145	MV	861	423	0	0	178	245	216	29
PCT9146	ED	885	245	0	0	95	150	133	17
PCT9146	MV	885	464	0	0	177	287	252	35
PCT9147	ED	971	280	0	0	116	164	139	25
PCT9147	MV	971	492	0	0	164	328	300	28
PCT9148	ED	1034	322	0	0	117	205	176	29
PCT9148	MV	1034	513	0	0	198	315	283	32
PCT9149	ED	948	263	0	0	95	168	143	25
PCT9149	MV	948	478	0	0	166	312	283	29
PCT9151	ED	872	226	0	0	82	144	128	16
PCT9151	MV	872	418	0	0	152	266	238	28
PCT9152	ED	721	269	0	1	76	192	165	27
PCT9152	MV	721	279	0	0	80	199	182	17
PCT9201	ED	1004	298	0	0	100	198	169	29
PCT9201	MV	1004	475	0	0	155	320	299	21
PCT9202	ED	971	294	0	0	105	189	164	25
PCT9202	MV	971	426	0	0	158	268	243	25
PCT9203	ED	1002	239	0	0	108	131	107	24
PCT9203	MV	1002	536	0	0	236	300	259	41
PCT9204	ED	873	273	0	0	117	156	140	16
PCT9204	MV	873	393	0	0	183	210	179	31
PCT9205	ED	728	208	0	0	92	116	101	15
PCT9205	MV	728	376	0	0	173	203	187	16
PCT9206	ED	931	246	0	0	112	134	105	29
PCT9206	MV	931	479	0	0	229	250	198	52
PCT9207	ED	981	261	0	0	117	144	126	18
PCT9207	MV	981	502	0	0	233	269	242	27
PCT9208	ED	1002	286	0	0	123	163	137	26
PCT9208	MV	1002	491	0	0	207	284	254	30
PCT9209	ED	711	244	0	0	102	142	123	19
PCT9209	MV	711	327	0	0	141	186	156	30
PCT9211	ED	889	234	0	0	106	128	107	21
PCT9211	MV	889	432	0	1	203	228	196	32
PCT9212	ED	803	233	0	0	100	133	117	16
PCT9212	MV	803	400	0	1	162	237	213	24
PCT9213	ED	951	264	0	0	96	168	151	17
PCT9213	MV	951	507	0	0	210	297	267	30
PCT9214	ED	640	166	0	0	70	96	82	14
PCT9214	MV	640	334	0	0	142	192	176	16
PCT9215	ED	652	192	0	0	74	118	94	24
PCT9215	MV	652	327	0	0	157	170	157	13
PCT9216	ED	845	245	0	0	112	133	118	15
PCT9216	MV	845	379	0	0	163	216	193	23
PCT9217	ED	698	193	0	0	87	106	97	9
PCT9217	MV	698	349	0	0	163	186	165	21
PCT9218	ED	841	247	0	0	100	147	126	21
PCT9218	MV	841	412	0	1	190	221	192	29
PCT9219	ED	802	240	0	0	85	155	135	20
PCT9219	MV	802	399	0	0	163	236	219	17
PCT9221	ED	651	145	0	0	52	93	92	1
PCT9221	MV	651	399	0	1	203	195	176	19
PCT9222	ED	883	248	0	0	118	130	117	13
PCT9222	MV	883	449	0	0	206	243	224	19
PCT9223	ED	638	160	0	0	73	87	79	8
PCT9223	MV	638	338	0	0	159	179	166	13
PCT9224	ED	960	262	0	0	109	153	128	25
PCT9224	MV	960	506	0	0	224	282	256	26
PCT9225	ED	958	296	0	0	137	159	137	22
PCT9225	MV	958	469	0	0	203	266	244	22
PCT9226	ED	926	270	0	1	123	146	135	11
PCT9226	MV	926	486	0	0	203	283	252	31
PCT9227	ED	738	188	0	0	80	108	95	13
PCT9227	MV	738	404	0	0	161	243	223	20
PCT9228	ED	747	189	0	0	77	112	102	10
PCT9228	MV	747	424	0	0	158	266	233	33
PCT9229	ED	598	162	0	0	71	91	81	10
PCT9229	MV	598	316	0	0	125	191	179	12
PCT9231	ED	953	313	0	0	129	184	173	11
PCT9231	MV	953	488	0	0	194	294	268	26
PCT9232	ED	735	212	0	0	96	116	97	19
PCT9232	MV	735	396	0	1	150	245	226	19
PCT9233	ED	793	208	0	0	90	118	113	5
PCT9233	MV	793	434	0	0	206	228	207	21
PCT9234	ED	746	187	0	0	74	113	102	11
PCT9234	MV	746	438	0	0	188	250	231	19
PCT9235	ED	884	239	0	0	95	144	131	13
PCT9235	MV	884	488	0	0	232	256	233	23
PCT9236	ED	683	200	0	0	70	130	120	10
PCT9236	MV	683	358	0	0	160	198	185	13
PCT9237	ED	936	225	0	0	103	122	113	9
PCT9237	MV	936	539	0	0	236	303	283	20
PCT9238	ED	842	230	0	0	123	107	95	12
PCT9238	MV	842	456	0	0	167	289	246	43
PCT9239	ED	881	198	0	0	82	116	109	7
PCT9239	MV	881	499	0	0	230	269	247	22
PCT9241	ED	1005	254	0	0	107	147	135	12
PCT9241	MV	1005	578	0	0	241	337	309	28
PCT9242	ED	972	276	0	1	113	162	139	23
PCT9242	MV	972	513	0	0	211	302	272	30
PCT9243	ED	594	191	0	0	77	114	99	15
PCT9243	MV	594	307	0	0	120	187	177	10
PCT9244	ED	903	254	0	0	115	139	132	7
PCT9244	MV	903	485	0	0	211	274	252	22
PCT9245	ED	742	208	0	0	84	124	111	13
PCT9245	MV	742	375	0	0	172	203	186	17
PCT9246	ED	929	254	0	0	113	141	130	11
PCT9246	MV	929	528	0	0	225	303	275	28
PCT9247	ED	927	263	0	0	104	159	140	19
PCT9247	MV	927	515	0	0	178	337	310	27
PCT9248	ED	907	257	0	0	85	172	154	18
PCT9248	MV	907	485	0	0	196	289	259	30
PCT9249	ED	917	271	0	0	111	160	137	23
PCT9249	MV	917	494	0	0	196	298	270	28
PCT9251	ED	995	286	0	0	108	178	156	22
PCT9251	MV	995	530	0	0	226	304	270	34
PCT9252	ED	944	218	0	0	91	127	106	21
PCT9252	MV	944	550	0	0	214	336	287	49
PCT9253	ED	772	187	0	0	74	113	103	10
PCT9253	MV	772	397	0	0	166	231	205	26
PCT9254	ED	935	230	0	0	74	156	146	10
PCT9254	MV	935	538	0	1	189	348	319	29
PCT9255	ED	553	182	0	0	80	102	92	10
PCT9255	MV	553	263	0	0	98	165	153	12
PCT9256	ED	474	128	0	0	51	77	71	6
PCT9256	MV	474	233	0	0	88	145	137	8
PCT9257	MV	321	235	0	0	71	164	154	10
PCT9258	ED	712	192	0	0	75	117	104	13
PCT9258	MV	712	373	0	0	157	216	195	21
PCT9401	ED	1012	293	0	0	113	180	150	30
PCT9401	MV	1012	483	0	0	168	315	280	35
PCT9402	ED	977	288	0	1	116	171	148	23
PCT9402	MV	977	458	0	0	172	286	256	30
PCT9403	ED	897	239	0	0	89	150	126	24
PCT9403	MV	897	419	0	0	161	258	226	32
PCT9404	ED	930	200	0	0	77	123	104	19
PCT9404	MV	930	462	0	0	183	279	243	36
PCT9405	ED	786	210	0	0	77	133	102	31
PCT9405	MV	786	364	0	0	144	220	175	45
PCT9406	ED	868	244	0	0	82	162	137	25
PCT9406	MV	868	421	0	0	170	251	199	52
PCT9407	ED	889	253	0	0	97	156	133	23
PCT9407	MV	889	409	0	0	141	268	239	29
PCT9408	ED	886	265	0	0	84	181	156	25
PCT9408	MV	886	415	0	1	150	264	233	31
PCT9409	ED	590	201	0	0	68	133	117	16
PCT9409	MV	590	252	0	0	98	154	134	20
PCT9411	ED	956	270	0	0	90	180	152	28
PCT9411	MV	956	430	0	0	135	295	257	38
PCT9412	ED	848	245	0	0	112	133	109	24
PCT9412	MV	848	380	0	0	159	221	193	28
PCT9413	ED	894	229	0	0	85	144	123	21
PCT9413	MV	894	461	0	0	209	252	221	31
PCT9414	ED	916	216	0	0	90	126	101	25
PCT9414	MV	916	463	0	0	174	289	250	39
PCT9415	ED	784	187	0	0	73	114	95	19
PCT9415	MV	784	391	0	1	158	232	203	29
PCT9416	ED	1008	280	1	0	108	171	152	19
PCT9416	MV	1008	480	1	0	199	280	235	45
PCT9417	ED	752	175	0	0	64	111	97	14
PCT9417	MV	752	402	0	0	176	226	187	39
PCT9418	ED	790	211	0	0	85	126	103	23
PCT9418	MV	790	376	0	0	163	213	183	30
PCT9419	ED	924	222	0	0	98	124	109	15
PCT9419	MV	924	468	0	0	209	259	217	42
PCT9421	ED	906	237	0	0	120	117	97	20
PCT9421	MV	906	446	0	0	220	226	194	32
PCT9422	ED	1056	283	0	0	112	171	140	31
PCT9422	MV	1056	513	0	0	195	318	262	56
PCT9423	ED	889	219	0	0	91	128	105	23
PCT9423	MV	889	440	0	0	180	260	213	47
PCT9424	ED	952	224	0	0	79	145	118	27
PCT9424	MV	952	496	0	0	192	304	258	46
PCT9425	ED	933	199	0	0	82	117	95	22
PCT9425	MV	933	465	0	0	189	276	238	38
PCT9426	ED	823	198	0	0	82	116	99	17
PCT9426	MV	823	408	0	0	172	236	199	37
PCT9427	ED	948	210	0	0	103	107	88	19
PCT9427	MV	948	447	0	0	199	248	203	45
PCT9428	ED	961	183	0	0	77	106	86	20
PCT9428	MV	961	518	0	0	198	320	273	47
PCT9429	ED	899	228	1	0	84	143	111	32
PCT9429	MV	899	432	0	0	157	275	229	46
PCT9431	ED	973	235	0	0	89	146	117	29
PCT9431	MV	973	464	0	0	170	294	248	46
PCT9432	ED	945	214	0	0	90	124	103	21
PCT9432	MV	945	468	0	0	202	266	230	36
PCT9433	ED	945	195	0	0	74	121	101	20
PCT9433	MV	945	487	0	0	227	260	211	49
PCT9434	ED	979	260	0	0	109	151	123	28
PCT9434	MV	979	481	1	0	183	297	250	47
PCT9435	ED	969	251	0	0	100	151	126	25
PCT9435	MV	969	448	0	0	187	261	217	44
PCT9436	ED	1006	231	0	0	97	134	114	20
PCT9436	MV	1006	495	0	0	198	297	253	44
PCT9437	ED	897	219	0	0	78	141	114	27
PCT9437	MV	897	435	0	0	177	258	210	48
PCT9438	ED	948	202	0	0	88	114	94	20
PCT9438	MV	948	496	0	0	186	310	273	37
PCT9439	ED	879	173	0	0	59	114	95	19
PCT9439	MV	879	425	0	0	180	245	198	47
PCT9441	ED	980	261	0	0	99	162	137	25
PCT9441	MV	980	462	0	0	179	283	230	53
PCT9442	ED	1008	280	0	0	96	184	159	25
PCT9442	MV	1008	461	0	1	181	279	230	49
PCT9443	ED	937	219	1	0	81	137	110	27
PCT9443	MV	937	442	0	0	150	292	238	54
PCT9444	ED	937	190	1	0	84	105	82	23
PCT9444	MV	937	442	0	0	168	274	230	44
PCT9445	ED	981	230	0	0	84	146	125	21
PCT9445	MV	981	493	0	0	209	284	245	39
PCT9446	ED	1090	240	0	0	105	135	116	19
PCT9446	MV	1090	564	0	0	227	337	284	53
PCT9447	ED	906	236	0	0	86	150	127	23
PCT9447	MV	906	448	0	0	204	244	210	34
PCT9448	ED	909	232	0	0	78	154	129	25
PCT9448	MV	909	429	0	0	168	261	208	53
PCT9449	ED	830	177	2	0	78	97	84	13
PCT9449	MV	830	428	0	0	181	247	199	48
PCT9451	ED	420	97	0	0	36	61	53	8
PCT9451	MV	420	218	0	1	90	127	103	24
PCT9452	ED	840	259	0	0	106	153	120	33
PCT9452	MV	840	412	0	0	194	218	175	43
PCT9453	ED	500	135	0	0	54	81	70	11
PCT9453	MV	500	242	0	0	103	139	119	20
PCT9501	MV	148	110	0	0	38	72	63	9
PCT9502	MV	245	177	0	0	64	113	103	10
PCT9503	ED	729	198	0	0	74	124	108	16
PCT9503	MV	729	315	0	0	103	212	190	22
PCT9505	ED	784	176	0	0	65	111	81	30
PCT9505	MV	784	383	0	0	131	252	203	49
PCT9506	ED	766	177	0	0	60	117	94	23
PCT9506	MV	766	312	0	0	107	205	183	22
PCT9507	ED	766	231	0	0	78	153	141	12
PCT9507	MV	766	406	0	0	146	260	242	18
PCT9508	ED	798	237	0	0	92	145	135	10
PCT9508	MV	798	429	0	0	137	292	277	15
PCT9509	ED	759	229	0	0	86	143	136	7
PCT9509	MV	759	386	0	1	147	238	221	17
PCT9511	ED	622	190	0	0	68	122	106	16
PCT9511	MV	622	296	0	0	120	176	165	11
PCT9512	ED	809	240	0	0	77	163	152	11
PCT9512	MV	809	399	0	0	137	262	247	15
PCT9513	ED	902	275	0	1	88	186	160	26
PCT9513	MV	902	390	0	0	115	275	235	40
PCT9514	ED	928	304	0	0	112	192	167	25
PCT9514	MV	928	456	0	0	165	291	272	19
PCT9515	ED	705	222	0	0	77	145	124	21
PCT9515	MV	705	368	0	0	137	231	203	28
PCT9516	ED	866	254	0	0	99	155	141	14
PCT9516	MV	866	427	0	0	169	258	241	17
PCT9517	ED	801	226	0	0	86	140	126	14
PCT9517	MV	801	397	0	0	130	267	230	37
PCT9518	ED	802	229	0	0	69	160	149	11
PCT9518	MV	802	431	0	0	138	293	268	25
PCT9519	ED	910	261	0	0	97	164	141	23
PCT9519	MV	910	486	0	0	171	315	299	16
PCT9521	ED	939	315	0	0	113	202	178	24
PCT9521	MV	939	442	0	0	161	281	264	17
PCT9701	ED	671	200	0	0	70	130	117	13
PCT9701	MV	671	339	0	0	143	196	172	24
PCT9702	ED	723	209	0	0	74	135	119	16
PCT9702	MV	723	364	0	0	135	229	215	14
PCT9703	ED	986	232	0	0	78	154	129	25
PCT9703	MV	986	529	0	0	226	303	268	35
PCT9704	ED	950	279	0	0	102	177	162	15
PCT9704	MV	950	504	0	0	205	299	262	37
PCT9705	ED	919	260	3	0	103	154	138	16
PCT9705	MV	919	483	0	1	170	312	277	35
PCT9706	MV	49	39	0	0	22	17	16	1
PCT9707	ED	821	172	0	0	82	90	69	21
PCT9707	MV	821	491	0	0	202	289	239	50
PCT9708	ED	948	248	0	1	92	155	133	22
PCT9708	MV	948	500	0	0	206	294	263	31
PCT9709	ED	1028	281	7	0	113	161	138	23
PCT9709	MV	1028	517	0	0	214	303	267	36
PCT9711	ED	641	195	0	0	78	117	95	22
PCT9711	MV	641	336	0	0	141	195	172	23
PCT9712	ED	649	160	0	0	61	99	88	11
PCT9712	MV	649	398	1	0	158	239	223	16
PCT9713	ED	960	225	1	0	88	136	112	24
PCT9713	MV	960	489	0	0	215	274	245	29
PCT9714	ED	931	207	1	0	72	134	106	28
PCT9714	MV	931	538	0	0	221	317	279	38
PCT9715	ED	569	180	0	0	65	115	97	18
PCT9715	MV	569	309	0	0	119	190	167	23
PCT9716	ED	947	238	0	0	96	142	113	29
PCT9716	MV	947	481	0	0	204	277	228	49
PCT9717	ED	972	265	0	0	101	164	138	26
PCT9717	MV	972	532	0	0	224	308	277	31
PCT9718	ED	862	227	0	0	83	144	128	16
PCT9718	MV	862	496	0	0	183	313	268	45
PCT9719	ED	901	245	0	1	100	144	124	20
PCT9719	MV	901	524	2	0	229	293	250	43
PCT9721	ED	662	198	0	0	60	138	117	21
PCT9721	MV	662	357	0	0	144	213	186	27
PCT9722	ED	605	119	1	0	44	74	66	8
PCT9722	MV	605	355	0	0	130	225	204	21
PCT9723	ED	481	98	0	0	42	56	41	15
PCT9723	MV	481	275	0	0	122	153	116	37
PCT9724	ED	991	205	0	0	87	118	87	31
PCT9724	MV	991	565	0	0	253	312	260	52
PCT9725	ED	970	213	0	0	86	127	97	30
PCT9725	MV	970	499	0	0	228	271	225	46
PCT9726	ED	655	262	0	0	73	189	148	41
PCT9726	MV	655	241	0	0	83	158	124	34
PCT9727	ED	459	79	0	0	26	53	41	12
PCT9727	MV	459	271	0	0	101	170	143	27
PCT9728	ED	926	230	0	0	89	141	112	29
PCT9728	MV	926	503	0	1	182	320	255	65
PCT9729	ED	800	191	0	0	78	113	93	20
PCT9729	MV	800	442	0	1	177	264	242	22
PCT9731	ED	556	167	0	0	65	102	87	15
PCT9731	MV	556	282	0	0	113	169	146	23
PCT9732	MV	70	56	0	0	21	35	27	8
PCT9733	MV	235	191	0	0	53	138	123	15
PCT9734	ED	603	154	0	0	60	94	87	7
PCT9734	MV	603	341	0	1	131	209	184	25
PCT9735	ED	809	206	0	0	85	121	101	20
PCT9735	MV	809	449	0	0	176	273	246	27
PCT9736	ED	713	173	0	0	57	116	103	13
PCT9736	MV	713	410	0	0	155	255	227	28
PCT9737	ED	818	208	0	0	71	137	112	25
PCT9737	MV	818	476	0	0	181	295	259	36
PCT9738	ED	848	185	0	0	68	117	89	28
PCT9738	MV	848	404	0	0	125	279	242	37
PCT9739	ED	828	220	0	0	49	171	142	29
PCT9739	MV	828	335	0	0	101	234	198	36
PCT9741	ED	552	227	0	0	64	163	132	31
PCT9741	MV	552	105	0	1	30	74	66	8
PCT9742	ED	677	180	4	0	72	104	86	18
PCT9742	MV	677	289	0	0	105	184	162	22
PCT9743	ED	1163	310	0	0	87	223	174	49
PCT9743	MV	1163	501	0	0	176	325	280	45
PCT9744	ED	911	244	1	0	81	162	133	29
PCT9744	MV	911	390	0	0	137	253	205	48
PCT9745	ED	991	281	0	1	99	181	142	39
PCT9745	MV	991	346	0	0	89	257	212	45
PCT9746	ED	884	231	0	1	74	156	128	28
PCT9746	MV	884	451	0	1	173	277	229	48
PCT9747	ED	973	246	0	0	85	161	140	21
PCT9747	MV	973	470	0	0	185	285	253	32
PCT9748	ED	931	229	0	0	70	159	134	25
PCT9748	MV	931	475	1	0	171	303	252	51
PCT9749	ED	913	224	2	0	76	146	109	37
PCT9749	MV	913	384	0	0	128	256	219	37
PCT9751	ED	1016	253	0	0	89	164	139	25
PCT9751	MV	1016	522	0	1	186	335	289	46
PCT9752	ED	710	175	3	0	55	117	102	15
PCT9752	MV	710	392	0	0	143	249	217	32
PCT9753	ED	756	186	0	0	68	118	99	19
PCT9753	MV	756	387	0	0	150	237	197	40
PCT9754	ED	707	47	0	0	18	29	26	3
PCT9754	MV	707	377	0	0	124	253	227	26
PCT9755	ED	582	171	0	0	59	112	94	18
PCT9755	MV	582	284	2	0	93	189	158	31
PCT9756	ED	941	185	0	1	62	122	97	25
PCT9756	MV	941	477	0	2	177	298	245	53
PCT9801	ED	408	104	0	0	29	75	65	10
PCT9801	MV	408	181	0	1	58	122	107	15
CONG12	TO	443570	332140	87	90	123336	208627	183625	25002
CONG14	TO	56946	40321	19	18	14315	25969	21684	4285
ASSM17	TO	291063	214584	62	66	76842	137614	121573	16041
ASSM19	TO	209453	157877	44	42	60809	96982	83736	13246
BART7	TO	38460	24701	3	11	8792	15895	13364	2531
BART8	TO	223735	166231	47	44	65029	101111	86966	14145
BART9	TO	238321	181529	56	53	63830	117590	104979	12611
SUPV1	TO	42767	32717	7	7	12371	20332	17766	2566
SUPV2	TO	50394	40340	1	9	16866	23464	21032	2432
SUPV3	TO	39799	28528	2	9	11138	17379	15190	2189
SUPV4	TO	42953	31684	8	5	12644	19027	16013	3014
SUPV5	TO	53744	41997	5	8	14954	27030	24529	2501
SUPV6	TO	43321	29109	2	9	10293	18805	16309	2496
SUPV7	TO	47076	36551	30	16	13747	22758	19511	3247
SUPV8	TO	58122	48580	31	18	17490	31041	28454	2587
SUPV9	TO	42988	31742	10	9	10709	21014	18528	2486
SUPV10	TO	41862	26436	9	11	9161	17255	14411	2844
SUPV11	TO	37490	24777	1	7	8278	16491	13566	2925
NEIG1	TO	19914	11260	1	6	3784	7469	5896	1573
NEIG2	TO	17446	12417	1	4	5072	7340	6435	905
NEIG3	TO	28644	19019	1	7	6652	12359	10583	1776
NEIG4	TO	7002	5798	3	4	2138	3653	3270	383
NEIG5	TO	27634	18410	1	8	6030	12371	10147	2224
NEIG6	TO	14982	12227	2	4	4343	7878	7309	569
NEIG7	TO	12118	7922	2	3	2778	5139	4261	878
NEIG8	TO	9734	7850	0	1	2891	4958	4505	453
NEIG9	TO	8390	5906	1	2	2080	3823	3113	710
NEIG10	TO	10097	8001	0	2	3047	4952	4438	514
NEIG11	TO	40622	32340	5	7	13566	18762	16768	1994
NEIG12	TO	31129	23270	3	6	7731	15530	13965	1565
NEIG13	TO	16964	14401	3	5	5299	9094	8370	724
NEIG14	TO	8795	7262	2	2	2528	4730	4338	392
NEIG15	TO	7019	5227	0	2	2121	3104	2718	386
NEIG26	TO	9293	6101	2	1	2169	3929	3192	737
NEIG16	TO	16814	13062	3	5	4677	8377	7588	789
NEIG17	TO	37322	28480	5	6	10842	17627	15360	2267
NEIG18	TO	8050	6586	1	1	2686	3898	3520	378
NEIG19	TO	9419	7384	6	3	2622	4753	4229	524
NEIG20	TO	24674	17016	2	4	6119	10891	9524	1367
NEIG21	TO	42363	31231	8	5	12478	18740	15762	2978
NEIG22	TO	18966	16173	12	5	5774	10382	9584	798
NEIG23	TO	8139	4486	3	1	1600	2882	2273	609
NEIG24	TO	34909	27819	27	11	10650	17131	14850	2281
NEIG25	TO	30077	22813	12	3	7974	14824	13311	1513
