area_id	subtotal_type	RSReg	RSCst	RSRej	RSOvr	RSUnd	RSTot	064:Yes	065:No
ALLPCTS	TO	500516	372848	282	147	48069	324350	186758	137592
ALLPCTS	ED	500516	127886	68	47	17434	110337	64854	45483
ALLPCTS	MV	500516	244962	214	100	30635	214013	121904	92109
PCT1101	ED	553	126	0	0	16	110	72	38
PCT1101	MV	553	266	0	0	26	240	149	91
PCT1102	ED	995	266	0	0	24	242	121	121
PCT1102	MV	995	480	-2	1	60	421	213	208
PCT1103	ED	951	246	1	0	28	217	122	95
PCT1103	MV	951	445	-1	0	43	403	238	165
PCT1104	ED	993	249	-1	0	32	218	131	87
PCT1104	MV	993	414	-2	1	46	369	244	125
PCT1106	ED	765	191	0	1	25	165	91	74
PCT1106	MV	765	343	-1	0	30	314	158	156
PCT1107	ED	746	163	0	0	27	136	83	53
PCT1107	MV	746	336	5	0	47	284	173	111
PCT1108	ED	909	232	-1	0	38	195	126	69
PCT1108	MV	909	438	-1	0	61	378	208	170
PCT1109	ED	798	166	0	0	19	147	88	59
PCT1109	MV	798	365	-2	0	47	320	196	124
PCT1111	ED	1002	205	0	1	28	176	113	63
PCT1111	MV	1002	460	-3	0	53	410	253	157
PCT1112	ED	769	151	2	0	12	137	88	49
PCT1112	MV	769	344	-1	0	58	287	175	112
PCT1113	ED	746	135	0	0	20	115	77	38
PCT1113	MV	746	360	0	0	48	312	175	137
PCT1114	ED	957	226	-2	0	48	180	116	64
PCT1114	MV	957	404	0	0	42	362	224	138
PCT1115	ED	895	174	0	0	20	154	109	45
PCT1115	MV	895	371	-3	0	59	315	193	122
PCT1116	ED	895	225	1	0	43	181	127	54
PCT1116	MV	895	376	-2	0	59	319	201	118
PCT1117	ED	858	185	0	1	32	152	102	50
PCT1117	MV	858	357	1	0	50	306	203	103
PCT1118	ED	1043	213	0	0	24	189	117	72
PCT1118	MV	1043	476	-3	0	54	425	240	185
PCT1119	ED	791	165	0	0	29	136	84	52
PCT1119	MV	791	386	0	0	32	354	224	130
PCT1121	ED	691	160	0	0	26	134	76	58
PCT1121	MV	691	313	-1	0	49	265	163	102
PCT1122	ED	632	110	0	0	18	92	58	34
PCT1122	MV	632	310	-1	0	41	270	166	104
PCT1123	ED	915	179	0	0	14	165	105	60
PCT1123	MV	915	364	-1	0	67	298	174	124
PCT1124	ED	819	152	0	0	23	129	81	48
PCT1124	MV	819	302	-2	0	31	273	177	96
PCT1125	ED	1047	159	1	0	26	132	79	53
PCT1125	MV	1047	466	0	0	50	416	229	187
PCT1126	ED	922	191	0	0	18	173	100	73
PCT1126	MV	922	400	-2	0	44	358	215	143
PCT1127	ED	920	200	0	0	26	174	106	68
PCT1127	MV	920	382	-2	0	53	331	183	148
PCT1128	ED	838	154	0	0	23	131	89	42
PCT1128	MV	838	362	0	0	52	310	182	128
PCT1129	ED	980	227	1	1	32	193	109	84
PCT1129	MV	980	416	2	0	48	366	234	132
PCT1131	ED	797	132	0	0	28	104	71	33
PCT1131	MV	797	371	0	1	26	344	178	166
PCT1132	ED	969	179	2	0	31	146	98	48
PCT1132	MV	969	427	-1	0	54	374	233	141
PCT1133	ED	863	161	1	0	19	141	91	50
PCT1133	MV	863	410	0	0	56	354	212	142
PCT1134	ED	759	170	2	0	33	135	85	50
PCT1134	MV	759	318	-3	0	48	273	164	109
PCT1135	ED	540	87	1	0	21	65	31	34
PCT1135	MV	540	295	1	0	40	254	159	95
PCT1136	ED	829	144	0	0	17	127	68	59
PCT1136	MV	829	412	1	0	50	361	215	146
PCT1141	ED	1041	223	3	0	33	187	124	63
PCT1141	MV	1041	484	-1	1	51	433	283	150
PCT1142	ED	861	175	-1	0	24	152	97	55
PCT1142	MV	861	393	-2	0	60	335	199	136
PCT1143	ED	1034	229	1	0	22	206	138	68
PCT1143	MV	1034	440	1	1	55	383	250	133
PCT1144	ED	907	205	2	0	23	180	107	73
PCT1144	MV	907	387	0	0	46	341	221	120
PCT1145	ED	888	189	1	0	32	156	99	57
PCT1145	MV	888	461	-3	0	65	399	234	165
PCT1146	ED	1011	186	-1	0	25	162	120	42
PCT1146	MV	1011	454	0	0	48	406	244	162
PCT1147	ED	877	210	4	0	27	179	101	78
PCT1147	MV	877	396	2	1	57	336	208	128
PCT1148	ED	962	196	1	0	27	168	104	64
PCT1148	MV	962	444	0	0	55	389	242	147
PCT1149	ED	907	210	1	0	26	183	109	74
PCT1149	MV	907	407	-6	0	60	353	231	122
PCT1152	ED	864	198	-1	0	33	166	104	62
PCT1152	MV	864	388	0	0	42	346	195	151
PCT1153	ED	951	210	0	0	39	171	107	64
PCT1153	MV	951	415	-1	0	53	363	219	144
PCT7001	ED	776	176	0	0	20	156	90	66
PCT7001	MV	776	429	0	0	37	392	210	182
PCT7002	ED	706	176	1	0	26	149	99	50
PCT7002	MV	706	332	1	0	29	302	191	111
PCT7003	ED	884	238	0	0	29	209	108	101
PCT7003	MV	884	498	0	0	53	445	258	187
PCT7004	ED	881	241	1	0	28	212	117	95
PCT7004	MV	881	496	1	0	48	447	264	183
PCT7005	ED	847	253	1	0	19	233	147	86
PCT7005	MV	847	480	-1	0	50	431	248	183
PCT7006	ED	917	254	1	0	26	227	142	85
PCT7006	MV	917	442	1	0	34	407	262	145
PCT7007	ED	949	283	0	1	25	257	152	105
PCT7007	MV	949	516	-1	0	52	465	253	212
PCT7008	ED	932	264	-1	0	20	245	139	106
PCT7008	MV	932	546	2	0	76	468	258	210
PCT7009	ED	905	185	0	0	20	165	95	70
PCT7009	MV	905	513	0	0	60	453	267	186
PCT7011	ED	985	204	0	0	26	178	113	65
PCT7011	MV	985	294	-1	0	44	251	152	99
PCT7012	ED	1109	313	0	0	26	287	164	123
PCT7012	MV	1109	594	1	0	58	535	313	222
PCT7013	ED	956	267	0	0	48	219	120	99
PCT7013	MV	956	501	3	0	63	435	248	187
PCT7014	ED	1460	367	-2	0	38	331	199	132
PCT7014	MV	1460	802	0	1	93	708	401	307
PCT7015	MV	95	44	0	0	5	39	28	11
PCT7016	ED	918	171	1	0	30	140	72	68
PCT7016	MV	918	280	-1	0	35	246	151	95
PCT7017	ED	754	149	0	0	31	118	78	40
PCT7017	MV	754	252	2	1	31	218	140	78
PCT7018	ED	977	155	0	0	26	129	76	53
PCT7018	MV	977	448	-2	1	65	384	214	170
PCT7019	ED	899	182	4	0	27	151	103	48
PCT7019	MV	899	413	1	0	58	354	214	140
PCT7021	ED	947	184	0	0	22	162	105	57
PCT7021	MV	947	305	-1	0	52	254	164	90
PCT7022	ED	945	215	0	0	29	186	124	62
PCT7022	MV	945	352	0	0	52	300	163	137
PCT7023	ED	928	178	-1	0	27	152	101	51
PCT7023	MV	928	400	1	0	51	348	221	127
PCT7024	ED	414	70	0	0	8	62	36	26
PCT7024	MV	414	78	0	0	5	73	42	31
PCT7025	ED	477	85	0	0	14	71	47	24
PCT7025	MV	477	128	-1	0	11	118	76	42
PCT7026	ED	1011	149	0	0	26	123	63	60
PCT7026	MV	1011	455	0	0	60	395	222	173
PCT7027	ED	869	195	0	0	37	158	93	65
PCT7027	MV	869	353	-1	0	46	308	189	119
PCT7028	ED	850	213	-1	0	27	187	111	76
PCT7028	MV	850	282	0	0	35	247	144	103
PCT7029	ED	901	184	0	0	36	148	94	54
PCT7029	MV	901	251	0	1	34	216	148	68
PCT7030	ED	759	119	0	0	12	107	67	40
PCT7030	MV	759	357	0	0	53	304	175	129
PCT7031	ED	641	91	0	0	19	72	45	27
PCT7031	MV	641	309	-1	0	46	264	168	96
PCT7032	ED	904	173	1	0	24	148	95	53
PCT7032	MV	904	316	2	0	41	273	142	131
PCT7033	ED	798	191	1	0	29	161	95	66
PCT7033	MV	798	247	-2	0	40	209	118	91
PCT7034	ED	958	197	0	0	44	153	104	49
PCT7034	MV	958	201	0	0	18	183	117	66
PCT7035	ED	606	122	1	0	16	105	63	42
PCT7035	MV	606	262	-1	1	23	239	138	101
PCT7036	ED	921	117	0	0	20	97	51	46
PCT7036	MV	921	342	2	0	46	294	176	118
PCT7037	ED	735	135	-5	0	33	107	61	46
PCT7037	MV	735	98	-1	0	16	83	56	27
PCT7038	ED	911	135	0	0	26	109	64	45
PCT7038	MV	911	351	0	0	45	306	156	150
PCT7039	ED	784	178	1	0	24	153	95	58
PCT7039	MV	784	306	3	0	44	259	142	117
PCT7041	MV	61	33	0	0	4	29	19	10
PCT7042	ED	639	118	0	0	25	93	50	43
PCT7042	MV	639	258	0	0	44	214	120	94
PCT7043	ED	957	176	0	0	16	160	117	43
PCT7043	MV	957	404	-1	0	53	352	206	146
PCT7044	ED	827	167	1	0	29	137	77	60
PCT7044	MV	827	193	0	0	34	159	98	61
PCT7045	ED	779	120	0	0	24	96	55	41
PCT7045	MV	779	344	2	1	55	286	152	134
PCT7046	ED	402	94	0	0	16	78	43	35
PCT7046	MV	402	175	1	1	21	152	71	81
PCT7047	ED	823	119	0	0	23	96	59	37
PCT7047	MV	823	388	1	0	59	328	204	124
PCT7048	ED	858	150	3	0	22	125	70	55
PCT7048	MV	858	318	4	0	38	276	164	112
PCT7049	ED	792	173	-1	0	36	138	78	60
PCT7049	MV	792	305	2	0	42	261	135	126
PCT7051	ED	861	114	0	0	24	90	46	44
PCT7051	MV	861	380	1	0	56	323	186	137
PCT7052	ED	852	161	1	0	22	138	67	71
PCT7052	MV	852	402	-1	1	61	341	210	131
PCT7053	ED	548	102	0	0	21	81	51	30
PCT7053	MV	548	278	0	0	29	249	146	103
PCT7054	ED	1073	215	1	0	19	195	128	67
PCT7054	MV	1073	410	5	0	54	351	211	140
PCT7055	ED	808	190	-3	0	23	170	111	59
PCT7055	MV	808	440	-1	1	50	390	243	147
PCT7101	MV	155	120	-1	0	16	105	62	43
PCT7201	ED	936	245	1	0	41	203	95	108
PCT7201	MV	936	518	1	0	76	441	224	217
PCT7202	ED	850	227	-1	1	28	199	107	92
PCT7202	MV	850	431	2	0	50	379	201	178
PCT7203	ED	921	291	3	0	38	250	132	118
PCT7203	MV	921	423	0	0	57	366	192	174
PCT7204	ED	918	233	0	0	37	196	96	100
PCT7204	MV	918	531	-1	0	64	468	230	238
PCT7205	ED	875	251	2	2	35	212	100	112
PCT7205	MV	875	485	0	0	55	430	214	216
PCT7206	ED	378	135	1	0	17	117	61	56
PCT7206	MV	378	191	0	0	29	162	88	74
PCT7207	ED	812	196	-2	0	34	164	102	62
PCT7207	MV	812	434	4	0	60	370	202	168
PCT7208	ED	600	111	-1	0	16	96	50	46
PCT7208	MV	600	328	-4	0	55	277	167	110
PCT7209	ED	626	107	-4	0	15	96	49	47
PCT7209	MV	626	423	-1	0	52	372	153	219
PCT7301	ED	1016	228	-1	0	38	191	118	73
PCT7301	MV	1016	435	2	2	72	359	218	141
PCT7302	ED	814	188	0	0	35	153	80	73
PCT7302	MV	814	458	0	0	77	381	188	193
PCT7303	ED	1042	281	0	0	41	240	135	105
PCT7303	MV	1042	482	-1	0	74	409	227	182
PCT7304	ED	1002	278	0	0	43	235	130	105
PCT7304	MV	1002	493	-2	1	67	427	214	213
PCT7305	ED	871	240	0	1	31	208	104	104
PCT7305	MV	871	460	2	0	52	406	176	230
PCT7306	ED	1056	317	3	1	49	264	134	130
PCT7306	MV	1056	498	-2	0	77	423	239	184
PCT7307	ED	767	210	-1	0	29	182	111	71
PCT7307	MV	767	346	2	0	61	283	138	145
PCT7308	ED	603	177	0	1	23	153	82	71
PCT7308	MV	603	313	2	0	45	266	132	134
PCT7309	ED	884	263	2	0	40	221	119	102
PCT7309	MV	884	439	4	0	71	364	177	187
PCT7311	ED	917	268	2	0	24	242	131	111
PCT7311	MV	917	448	-6	0	60	394	196	198
PCT7312	ED	821	203	0	0	29	174	86	88
PCT7312	MV	821	470	1	0	78	391	196	195
PCT7313	ED	968	225	3	0	38	184	111	73
PCT7313	MV	968	485	3	0	64	418	241	177
PCT7314	ED	787	125	0	0	24	101	62	39
PCT7314	MV	787	271	-1	0	67	205	133	72
PCT7315	ED	760	220	-5	0	43	182	114	68
PCT7315	MV	760	282	1	0	33	248	142	106
PCT7316	ED	853	205	0	0	39	166	108	58
PCT7316	MV	853	367	1	0	63	303	177	126
PCT7317	ED	904	189	0	0	28	161	99	62
PCT7317	MV	904	454	-2	1	53	402	212	190
PCT7318	ED	727	179	1	0	33	145	87	58
PCT7318	MV	727	390	-3	0	76	317	161	156
PCT7319	ED	1079	301	0	0	51	250	141	109
PCT7319	MV	1079	516	1	0	68	447	220	227
PCT7321	ED	671	149	-2	0	25	126	76	50
PCT7321	MV	671	286	1	0	34	251	145	106
PCT7322	ED	874	65	-1	0	17	49	35	14
PCT7322	MV	874	337	-3	0	73	267	182	85
PCT7323	ED	950	234	0	0	39	195	99	96
PCT7323	MV	950	455	0	0	72	383	204	179
PCT7324	ED	755	190	-1	0	35	156	99	57
PCT7324	MV	755	364	1	1	62	300	193	107
PCT7325	ED	904	243	0	0	42	201	111	90
PCT7325	MV	904	436	1	0	66	369	214	155
PCT7326	ED	876	200	0	0	43	157	102	55
PCT7326	MV	876	430	1	0	74	355	195	160
PCT7327	ED	699	71	0	1	11	59	39	20
PCT7327	MV	699	276	-2	1	42	235	134	101
PCT7328	ED	973	94	-2	0	29	67	38	29
PCT7328	MV	973	394	3	0	79	312	211	101
PCT7329	ED	640	112	-17	0	19	110	64	46
PCT7329	MV	640	321	2	0	44	275	123	152
PCT7331	ED	852	213	1	1	31	180	88	92
PCT7331	MV	852	461	-1	0	50	412	212	200
PCT7332	ED	834	225	0	1	29	195	129	66
PCT7332	MV	834	364	-1	1	50	314	198	116
PCT7333	ED	1044	298	0	0	56	242	149	93
PCT7333	MV	1044	543	5	0	64	474	311	163
PCT7334	ED	881	199	1	1	36	161	107	54
PCT7334	MV	881	462	4	0	58	400	216	184
PCT7335	ED	970	225	1	0	32	192	111	81
PCT7335	MV	970	523	-2	0	61	464	259	205
PCT7336	ED	955	238	-1	0	36	203	120	83
PCT7336	MV	955	523	2	1	63	457	245	212
PCT7337	ED	851	179	-1	0	31	149	73	76
PCT7337	MV	851	464	-3	0	60	407	212	195
PCT7338	ED	915	153	0	0	23	130	80	50
PCT7338	MV	915	426	-3	0	72	357	219	138
PCT7339	ED	669	174	1	0	20	153	95	58
PCT7339	MV	669	309	-1	0	37	273	174	99
PCT7341	ED	908	260	0	0	48	212	141	71
PCT7341	MV	908	401	3	1	63	334	203	131
PCT7342	ED	947	334	0	0	37	297	171	126
PCT7342	MV	947	414	1	0	53	360	220	140
PCT7343	ED	731	234	0	0	39	195	119	76
PCT7343	MV	731	316	1	0	44	271	170	101
PCT7344	ED	1110	291	0	0	35	256	158	98
PCT7344	MV	1110	538	-3	0	65	476	288	188
PCT7345	ED	1141	329	0	0	56	273	173	100
PCT7345	MV	1141	521	2	0	59	460	285	175
PCT7346	ED	920	250	-3	0	41	212	138	74
PCT7346	MV	920	384	0	0	43	341	226	115
PCT7347	ED	1040	241	-2	0	40	203	122	81
PCT7347	MV	1040	480	4	0	63	413	273	140
PCT7348	ED	861	210	0	0	36	174	117	57
PCT7348	MV	861	353	-1	1	52	301	182	119
PCT7349	ED	957	248	-3	0	30	221	134	87
PCT7349	MV	957	427	3	1	51	372	212	160
PCT7501	ED	565	172	-1	0	27	146	88	58
PCT7501	MV	565	308	2	0	40	266	133	133
PCT7502	ED	784	180	1	0	22	157	90	67
PCT7502	MV	784	447	0	0	68	379	189	190
PCT7503	ED	764	208	0	0	28	180	99	81
PCT7503	MV	764	388	3	0	55	330	200	130
PCT7504	ED	503	112	1	0	22	89	46	43
PCT7504	MV	503	222	2	0	32	188	107	81
PCT7505	ED	869	158	1	0	27	130	58	72
PCT7505	MV	869	532	4	0	73	455	204	251
PCT7506	ED	999	226	-3	0	43	186	123	63
PCT7506	MV	999	473	1	1	69	402	239	163
PCT7507	ED	955	211	1	0	36	174	104	70
PCT7507	MV	955	344	-2	0	40	306	199	107
PCT7508	ED	727	154	-1	0	28	127	76	51
PCT7508	MV	727	427	4	0	68	355	210	145
PCT7509	ED	932	235	3	0	23	209	136	73
PCT7509	MV	932	470	1	0	73	396	263	133
PCT7512	ED	612	150	1	0	22	127	69	58
PCT7512	MV	612	283	0	0	42	241	120	121
PCT7513	ED	818	225	0	1	36	188	109	79
PCT7513	MV	818	315	0	0	36	279	179	100
PCT7514	ED	874	140	0	0	24	116	79	37
PCT7514	MV	874	305	3	0	43	259	165	94
PCT7515	ED	869	212	2	0	36	174	118	56
PCT7515	MV	869	389	-1	1	45	344	208	136
PCT7516	ED	922	172	2	0	23	147	92	55
PCT7516	MV	922	538	0	0	75	463	272	191
PCT7517	ED	863	289	1	0	25	263	163	100
PCT7517	MV	863	410	0	1	39	370	231	139
PCT7518	ED	950	309	2	0	36	271	169	102
PCT7518	MV	950	480	1	0	66	413	251	162
PCT7519	ED	737	224	0	0	18	206	126	80
PCT7519	MV	737	355	-1	0	49	307	200	107
PCT7521	ED	812	292	6	0	48	238	149	89
PCT7521	MV	812	354	-1	1	39	315	194	121
PCT7522	ED	764	207	0	0	19	188	124	64
PCT7522	MV	764	397	1	0	42	354	212	142
PCT7523	ED	747	275	0	1	36	238	152	86
PCT7523	MV	747	359	1	2	39	317	185	132
PCT7524	ED	615	181	1	0	21	159	86	73
PCT7524	MV	615	262	1	0	31	230	142	88
PCT7525	ED	800	205	2	0	30	173	118	55
PCT7525	MV	800	341	0	0	39	302	180	122
PCT7526	ED	1011	292	-1	0	36	257	158	99
PCT7526	MV	1011	552	1	0	69	482	263	219
PCT7527	ED	725	211	0	0	24	187	111	76
PCT7527	MV	725	339	0	0	37	302	202	100
PCT7529	ED	948	295	2	0	42	251	162	89
PCT7529	MV	948	486	-1	1	62	424	267	157
PCT7531	ED	865	228	0	0	24	204	120	84
PCT7531	MV	865	442	0	0	53	389	230	159
PCT7532	ED	852	246	1	0	31	214	124	90
PCT7532	MV	852	398	1	0	39	358	202	156
PCT7533	ED	1015	357	1	0	31	325	209	116
PCT7533	MV	1015	490	0	0	73	417	252	165
PCT7534	ED	936	322	-1	0	39	284	177	107
PCT7534	MV	936	415	0	0	43	372	232	140
PCT7535	ED	767	262	3	0	26	233	149	84
PCT7535	MV	767	387	0	0	50	337	207	130
PCT7536	ED	863	291	1	0	36	254	161	93
PCT7536	MV	863	421	-1	0	46	376	222	154
PCT7537	ED	752	240	-1	1	23	217	143	74
PCT7537	MV	752	363	1	0	32	330	189	141
PCT7538	ED	771	246	2	0	26	218	127	91
PCT7538	MV	771	400	0	0	39	361	225	136
PCT7539	ED	922	330	-1	0	40	291	180	111
PCT7539	MV	922	428	0	0	42	386	241	145
PCT7541	ED	805	248	-2	0	35	215	145	70
PCT7541	MV	805	400	0	0	35	365	244	121
PCT7542	ED	821	272	-1	0	21	252	167	85
PCT7542	MV	821	389	0	0	33	356	207	149
PCT7543	ED	909	216	-2	0	28	190	111	79
PCT7543	MV	909	467	2	0	44	421	252	169
PCT7544	ED	898	258	-2	0	39	221	135	86
PCT7544	MV	898	479	3	0	50	426	245	181
PCT7545	ED	918	273	-2	0	34	241	152	89
PCT7545	MV	918	480	-2	0	62	420	257	163
PCT7546	ED	982	304	0	0	34	270	168	102
PCT7546	MV	982	517	-1	0	56	462	249	213
PCT7547	ED	1029	315	1	0	37	277	165	112
PCT7547	MV	1029	505	2	2	60	441	262	179
PCT7548	ED	1073	319	0	0	34	285	165	120
PCT7548	MV	1073	512	1	0	52	459	290	169
PCT7549	ED	811	215	1	0	30	184	115	69
PCT7549	MV	811	431	-4	0	56	379	212	167
PCT7551	ED	741	239	0	0	24	215	128	87
PCT7551	MV	741	394	0	0	46	348	216	132
PCT7552	ED	727	241	2	0	22	217	110	107
PCT7552	MV	727	361	-1	0	29	333	185	148
PCT7553	MV	180	126	2	0	10	114	72	42
PCT7554	ED	808	247	1	0	27	219	122	97
PCT7554	MV	808	442	3	0	54	385	200	185
PCT7555	ED	886	290	-1	0	30	261	138	123
PCT7555	MV	886	459	-1	0	53	407	205	202
PCT7556	ED	969	275	0	0	30	245	116	129
PCT7556	MV	969	573	0	0	54	519	272	247
PCT7601	ED	767	191	1	0	32	158	105	53
PCT7601	MV	767	290	1	0	35	254	168	86
PCT7602	ED	901	213	0	0	33	180	135	45
PCT7602	MV	901	379	1	1	34	343	225	118
PCT7603	ED	830	250	-1	0	35	216	163	53
PCT7603	MV	830	376	-2	1	44	333	217	116
PCT7604	ED	954	266	1	0	34	231	163	68
PCT7604	MV	954	352	2	0	43	307	230	77
PCT7605	ED	648	120	0	0	24	96	68	28
PCT7605	MV	648	203	-1	2	40	162	116	46
PCT7606	ED	924	205	2	0	40	163	108	55
PCT7606	MV	924	330	0	1	40	289	206	83
PCT7607	ED	960	215	1	0	37	177	126	51
PCT7607	MV	960	407	2	0	40	365	232	133
PCT7608	ED	392	70	1	0	12	57	34	23
PCT7608	MV	392	136	0	0	22	114	80	34
PCT7609	ED	926	120	-1	1	28	92	70	22
PCT7609	MV	926	352	4	0	77	271	190	81
PCT7611	ED	755	126	1	0	26	99	77	22
PCT7611	MV	755	269	1	0	62	206	145	61
PCT7612	ED	583	97	2	0	25	70	45	25
PCT7612	MV	583	265	0	0	38	227	134	93
PCT7613	ED	908	204	3	0	41	160	108	52
PCT7613	MV	908	340	0	0	51	289	193	96
PCT7614	ED	1029	223	4	0	45	174	124	50
PCT7614	MV	1029	375	1	0	45	329	219	110
PCT7615	ED	762	162	2	0	35	125	90	35
PCT7615	MV	762	237	0	0	41	196	143	53
PCT7616	ED	1203	324	5	0	60	259	171	88
PCT7616	MV	1203	686	0	3	77	606	338	268
PCT7617	ED	768	102	1	0	26	75	52	23
PCT7617	MV	768	261	-1	0	38	224	155	69
PCT7618	ED	862	168	-2	0	16	154	109	45
PCT7618	MV	862	407	3	0	45	359	237	122
PCT7619	ED	1063	219	-1	0	18	202	131	71
PCT7619	MV	1063	563	-2	0	67	498	305	193
PCT7621	ED	1320	287	-1	0	32	256	149	107
PCT7621	MV	1320	668	2	0	78	588	380	208
PCT7622	ED	988	170	-1	0	33	138	90	48
PCT7622	MV	988	301	2	0	39	260	174	86
PCT7623	ED	746	184	1	0	34	149	104	45
PCT7623	MV	746	297	1	0	34	262	162	100
PCT7624	ED	859	142	-4	0	16	130	89	41
PCT7624	MV	859	290	1	0	39	250	170	80
PCT7625	ED	822	66	1	0	11	54	26	28
PCT7625	MV	822	475	0	0	97	378	241	137
PCT7626	ED	1114	227	0	0	34	193	112	81
PCT7626	MV	1114	612	-1	0	80	533	303	230
PCT7627	ED	1187	267	-1	1	36	231	131	100
PCT7627	MV	1187	582	2	0	78	502	236	266
PCT7628	ED	960	241	1	0	39	201	140	61
PCT7628	MV	960	428	0	1	44	383	256	127
PCT7629	ED	809	208	3	1	23	181	127	54
PCT7629	MV	809	343	0	0	37	306	165	141
PCT7631	ED	1155	270	2	0	41	227	155	72
PCT7631	MV	1155	577	0	0	69	508	303	205
PCT7632	ED	1124	289	3	0	33	253	170	83
PCT7632	MV	1124	561	0	0	55	506	307	199
PCT7633	ED	741	137	0	0	13	124	74	50
PCT7633	MV	741	392	3	0	57	332	199	133
PCT7634	ED	900	195	-1	0	35	161	101	60
PCT7634	MV	900	421	0	0	70	351	193	158
PCT7635	ED	840	158	0	0	24	134	91	43
PCT7635	MV	840	382	2	0	45	335	197	138
PCT7636	ED	938	251	1	0	34	216	129	87
PCT7636	MV	938	465	1	0	56	408	226	182
PCT7637	ED	809	193	-2	0	26	169	84	85
PCT7637	MV	809	404	-1	0	36	369	202	167
PCT7638	ED	1467	295	0	0	48	247	132	115
PCT7638	MV	1467	871	5	0	105	761	379	382
PCT7639	ED	1011	242	-2	0	45	199	108	91
PCT7639	MV	1011	559	0	0	69	490	246	244
PCT7641	ED	972	205	0	0	20	185	90	95
PCT7641	MV	972	549	0	0	55	494	257	237
PCT7642	ED	937	153	0	0	20	133	80	53
PCT7642	MV	937	394	-1	1	93	301	179	122
PCT7643	ED	920	169	0	1	24	144	86	58
PCT7643	MV	920	507	1	0	51	455	286	169
PCT7644	ED	1175	330	2	0	46	282	179	103
PCT7644	MV	1175	554	2	0	56	496	288	208
PCT7645	ED	640	120	-1	0	21	100	54	46
PCT7645	MV	640	377	0	0	48	329	163	166
PCT7646	ED	1100	267	-1	0	43	225	144	81
PCT7646	MV	1100	592	4	0	67	521	303	218
PCT7647	ED	1075	205	0	0	29	176	113	63
PCT7647	MV	1075	283	0	0	39	244	159	85
PCT7648	MV	1	0	0	0	0	0	0	0
PCT7649	ED	891	178	3	0	24	151	105	46
PCT7649	MV	891	395	2	0	41	352	214	138
PCT7651	ED	677	166	-5	0	35	136	84	52
PCT7651	MV	677	351	5	0	43	303	166	137
PCT7652	ED	628	135	0	1	27	107	67	40
PCT7652	MV	628	301	4	0	33	264	146	118
PCT7653	ED	1280	300	0	0	55	245	151	94
PCT7653	MV	1280	673	0	0	104	569	311	258
PCT7701	ED	1064	296	-1	0	37	260	153	107
PCT7701	MV	1064	597	1	1	72	523	317	206
PCT7702	ED	748	180	-2	0	29	153	91	62
PCT7702	MV	748	415	0	0	52	363	204	159
PCT7703	MV	171	79	4	1	17	57	33	24
PCT7704	ED	1008	257	1	0	30	226	103	123
PCT7704	MV	1008	557	1	0	65	491	268	223
PCT7705	ED	568	149	-2	0	19	132	77	55
PCT7705	MV	568	335	0	0	43	292	148	144
PCT7706	ED	840	252	1	0	26	225	106	119
PCT7706	MV	840	467	-1	0	55	413	199	214
PCT7707	ED	857	241	1	0	29	211	106	105
PCT7707	MV	857	495	-1	1	76	419	244	175
PCT7708	ED	871	205	-1	0	24	182	94	88
PCT7708	MV	871	540	2	0	62	476	237	239
PCT7709	ED	391	102	0	0	7	95	55	40
PCT7709	MV	391	222	0	1	23	198	122	76
PCT7711	ED	766	198	1	0	26	171	94	77
PCT7711	MV	766	422	-2	1	51	372	187	185
PCT7712	ED	529	149	-1	0	15	135	77	58
PCT7712	MV	529	296	-1	0	29	268	160	108
PCT7801	ED	1001	264	0	0	32	232	129	103
PCT7801	MV	1001	596	1	0	59	536	295	241
PCT7802	ED	788	230	0	0	35	195	111	84
PCT7802	MV	788	458	-1	1	45	413	236	177
PCT7803	ED	828	174	0	0	21	153	87	66
PCT7803	MV	828	552	1	0	44	507	265	242
PCT7804	ED	893	257	0	0	35	222	141	81
PCT7804	MV	893	533	0	0	66	467	272	195
PCT7805	ED	825	228	1	0	20	207	127	80
PCT7805	MV	825	484	1	0	45	438	254	184
PCT7806	ED	716	208	3	0	28	177	110	67
PCT7806	MV	716	407	0	1	38	368	187	181
PCT7807	ED	844	276	0	0	15	261	159	102
PCT7807	MV	844	417	2	0	41	374	232	142
PCT7808	ED	655	211	-1	0	22	190	111	79
PCT7808	MV	655	333	0	0	46	287	184	103
PCT7809	ED	781	238	1	0	29	208	117	91
PCT7809	MV	781	405	3	0	33	369	240	129
PCT7811	ED	783	249	0	0	23	226	146	80
PCT7811	MV	783	404	-1	0	42	363	223	140
PCT7812	ED	877	257	0	0	42	215	119	96
PCT7812	MV	877	454	-1	0	39	416	230	186
PCT7813	ED	1064	308	1	0	35	272	179	93
PCT7813	MV	1064	585	4	0	63	518	310	208
PCT7814	ED	936	228	2	0	24	202	147	55
PCT7814	MV	936	341	-1	1	28	313	219	94
PCT7815	ED	954	238	-2	0	25	215	127	88
PCT7815	MV	954	573	1	1	65	506	300	206
PCT7816	ED	865	236	0	0	32	204	127	77
PCT7816	MV	865	531	3	0	64	464	270	194
PCT7817	ED	823	277	1	0	39	237	147	90
PCT7817	MV	823	439	1	0	30	408	230	178
PCT7818	ED	860	234	-1	0	26	209	135	74
PCT7818	MV	860	452	-1	0	41	412	221	191
PCT7819	ED	793	191	0	0	22	169	94	75
PCT7819	MV	793	420	2	0	44	374	217	157
PCT7821	ED	985	248	1	0	22	225	136	89
PCT7821	MV	985	630	5	0	47	578	314	264
PCT7822	ED	908	275	0	2	20	253	154	99
PCT7822	MV	908	480	0	0	56	424	246	178
PCT7823	ED	879	270	7	0	26	237	143	94
PCT7823	MV	879	501	1	0	62	438	260	178
PCT7824	ED	768	247	0	0	28	219	130	89
PCT7824	MV	768	383	0	0	48	335	171	164
PCT7825	ED	597	191	-2	0	15	178	96	82
PCT7825	MV	597	302	-1	0	34	269	165	104
PCT7826	ED	684	258	1	0	24	233	132	101
PCT7826	MV	684	319	-1	0	36	284	170	114
PCT7827	ED	831	261	0	1	33	227	142	85
PCT7827	MV	831	361	0	0	33	328	187	141
PCT7828	ED	1018	261	1	0	36	224	137	87
PCT7828	MV	1018	549	-1	0	45	505	292	213
PCT7829	ED	907	237	1	0	29	207	123	84
PCT7829	MV	907	557	-1	0	58	500	284	216
PCT7831	ED	882	233	1	0	19	213	112	101
PCT7831	MV	882	544	14	0	56	474	261	213
PCT7832	ED	780	188	-1	0	14	175	101	74
PCT7832	MV	780	488	0	0	53	435	244	191
PCT7833	ED	747	230	0	0	23	207	127	80
PCT7833	MV	747	412	-1	0	48	365	198	167
PCT7834	ED	867	277	1	0	32	244	143	101
PCT7834	MV	867	439	2	0	31	406	217	189
PCT7835	ED	847	211	0	0	29	182	103	79
PCT7835	MV	847	505	5	0	49	451	276	175
PCT7836	ED	1023	260	1	0	30	229	142	87
PCT7836	MV	1023	623	-1	0	70	554	334	220
PCT7837	ED	911	260	1	1	26	232	133	99
PCT7837	MV	911	509	1	0	68	440	242	198
PCT7838	ED	926	239	2	0	16	221	131	90
PCT7838	MV	926	546	5	0	54	487	260	227
PCT7839	ED	842	205	1	0	26	178	94	84
PCT7839	MV	842	515	-6	0	59	462	236	226
PCT7841	ED	937	291	2	0	28	261	144	117
PCT7841	MV	937	526	5	0	50	471	259	212
PCT7842	ED	903	283	0	0	32	251	155	96
PCT7842	MV	903	434	-3	0	52	385	206	179
PCT7843	ED	767	232	-1	0	25	208	131	77
PCT7843	MV	767	380	-1	1	47	333	194	139
PCT7844	ED	663	196	0	0	18	178	107	71
PCT7844	MV	663	329	0	0	31	298	177	121
PCT7845	ED	849	241	-2	0	26	217	124	93
PCT7845	MV	849	469	-2	0	51	420	226	194
PCT7846	ED	904	262	1	0	26	235	133	102
PCT7846	MV	904	509	0	0	59	450	253	197
PCT7847	ED	929	261	1	0	32	228	120	108
PCT7847	MV	929	529	-1	0	58	472	261	211
PCT7848	ED	834	233	0	0	31	202	112	90
PCT7848	MV	834	491	-2	0	52	441	226	215
PCT7849	ED	929	264	0	0	39	225	134	91
PCT7849	MV	929	522	2	0	54	466	250	216
PCT7851	ED	513	136	0	0	18	118	68	50
PCT7851	MV	513	298	2	0	28	268	147	121
PCT7852	ED	647	143	0	0	15	128	76	52
PCT7852	MV	647	394	0	0	33	361	215	146
PCT7853	ED	850	214	1	0	24	189	113	76
PCT7853	MV	850	479	8	1	54	416	221	195
PCT7854	ED	894	248	0	0	35	213	116	97
PCT7854	MV	894	500	1	0	57	442	221	221
PCT7855	ED	986	301	0	0	32	269	141	128
PCT7855	MV	986	522	-1	0	55	468	249	219
PCT7856	ED	800	265	0	0	24	241	151	90
PCT7856	MV	800	425	2	0	45	378	188	190
PCT7857	ED	933	276	3	0	27	246	148	98
PCT7857	MV	933	517	-2	0	62	457	243	214
PCT7858	ED	775	245	1	0	25	219	137	82
PCT7858	MV	775	394	2	0	45	347	204	143
PCT7859	ED	891	250	-1	0	26	225	134	91
PCT7859	MV	891	513	2	1	60	450	253	197
PCT7861	ED	859	217	0	0	31	186	114	72
PCT7861	MV	859	510	1	0	49	460	285	175
PCT7862	ED	866	302	2	0	31	269	158	111
PCT7862	MV	866	472	2	1	55	414	208	206
PCT7863	ED	907	311	0	0	27	284	175	109
PCT7863	MV	907	440	0	0	43	397	228	169
PCT7864	ED	807	232	0	0	28	204	118	86
PCT7864	MV	807	427	-3	0	39	391	220	171
PCT7865	ED	823	241	1	0	30	210	133	77
PCT7865	MV	823	463	2	0	48	413	243	170
PCT7866	ED	836	209	0	0	24	185	95	90
PCT7866	MV	836	491	1	0	65	425	230	195
PCT7867	ED	955	266	-1	1	30	236	138	98
PCT7867	MV	955	512	5	0	60	447	234	213
PCT7868	ED	881	242	0	0	29	213	128	85
PCT7868	MV	881	449	1	0	40	408	223	185
PCT7869	ED	867	239	0	0	25	214	126	88
PCT7869	MV	867	489	-2	0	50	441	219	222
PCT7871	ED	900	259	1	0	31	227	131	96
PCT7871	MV	900	502	1	0	53	448	248	200
PCT7872	ED	862	288	2	0	31	255	135	120
PCT7872	MV	862	472	0	0	51	421	208	213
PCT7873	ED	861	257	2	0	20	235	126	109
PCT7873	MV	861	502	-2	0	73	431	226	205
PCT7874	ED	477	137	1	0	21	115	71	44
PCT7874	MV	477	256	2	0	41	213	142	71
PCT7875	ED	623	180	1	0	26	153	88	65
PCT7875	MV	623	285	0	0	30	255	150	105
PCT7876	ED	498	154	9	0	19	126	77	49
PCT7876	MV	498	269	0	0	43	226	142	84
PCT7901	ED	522	136	1	0	15	120	84	36
PCT7901	MV	522	198	0	0	21	177	119	58
PCT7902	ED	968	258	-1	1	41	217	144	73
PCT7902	MV	968	401	-2	0	38	365	224	141
PCT7903	ED	840	201	0	0	39	162	116	46
PCT7903	MV	840	350	0	0	36	314	214	100
PCT7904	ED	877	212	2	0	18	192	117	75
PCT7904	MV	877	403	-1	1	37	366	218	148
PCT7905	ED	851	254	-1	0	42	213	132	81
PCT7905	MV	851	409	4	0	32	373	205	168
PCT7906	ED	787	245	0	0	31	214	152	62
PCT7906	MV	787	335	-2	0	39	298	177	121
PCT7907	ED	950	278	1	0	30	247	175	72
PCT7907	MV	950	425	-3	1	42	385	227	158
PCT7908	ED	949	284	1	0	38	245	157	88
PCT7908	MV	949	408	1	1	47	359	227	132
PCT7909	ED	733	251	-1	0	20	232	151	81
PCT7909	MV	733	303	-1	1	36	267	169	98
PCT7911	ED	860	244	-1	0	27	218	138	80
PCT7911	MV	860	395	-2	0	43	354	191	163
PCT7912	ED	1065	291	1	0	44	246	148	98
PCT7912	MV	1065	463	-2	0	47	418	248	170
PCT7913	ED	913	312	1	0	27	284	178	106
PCT7913	MV	913	378	-2	0	32	348	215	133
PCT7914	ED	883	278	-1	1	23	255	168	87
PCT7914	MV	883	425	4	0	49	372	238	134
PCT7915	ED	831	266	1	0	24	241	171	70
PCT7915	MV	831	351	0	0	44	307	200	107
PCT7916	ED	888	284	-1	0	29	256	168	88
PCT7916	MV	888	421	0	0	37	384	228	156
PCT7917	ED	1015	315	1	0	26	288	203	85
PCT7917	MV	1015	428	1	0	43	384	252	132
PCT7918	ED	836	253	0	0	43	210	147	63
PCT7918	MV	836	379	0	0	32	347	226	121
PCT7919	ED	895	309	0	0	36	273	188	85
PCT7919	MV	895	376	-1	0	35	342	233	109
PCT7921	ED	917	232	1	0	25	206	144	62
PCT7921	MV	917	366	-1	0	50	317	193	124
PCT7922	ED	831	250	-1	0	26	225	153	72
PCT7922	MV	831	383	-1	0	48	336	220	116
PCT7923	ED	885	262	0	0	17	245	168	77
PCT7923	MV	885	403	-1	0	40	364	220	144
PCT7924	ED	842	238	0	0	34	204	142	62
PCT7924	MV	842	382	2	0	39	341	217	124
PCT7925	ED	567	156	0	1	12	143	96	47
PCT7925	MV	567	293	1	0	27	265	166	99
PCT7926	ED	795	229	0	0	21	208	119	89
PCT7926	MV	795	390	0	0	33	357	213	144
PCT7927	ED	747	241	-1	0	14	228	134	94
PCT7927	MV	747	392	2	0	39	351	206	145
PCT7928	ED	931	284	-1	0	27	258	167	91
PCT7928	MV	931	489	0	0	56	433	264	169
PCT7929	ED	864	248	0	0	23	225	138	87
PCT7929	MV	864	509	2	0	42	465	271	194
PCT7931	ED	738	219	0	0	24	195	114	81
PCT7931	MV	738	408	0	0	36	372	229	143
PCT7932	ED	551	157	1	0	18	138	92	46
PCT7932	MV	551	285	1	0	36	248	153	95
PCT7933	MV	6	4	0	0	1	3	1	2
PCT7934	ED	890	250	-1	0	23	228	137	91
PCT7934	MV	890	472	0	0	38	434	281	153
PCT7935	ED	970	305	0	0	38	267	158	109
PCT7935	MV	970	519	-2	0	55	466	283	183
PCT7936	ED	856	287	1	0	23	263	172	91
PCT7936	MV	856	428	-1	0	42	387	250	137
PCT7937	ED	886	267	0	0	31	236	155	81
PCT7937	MV	886	435	0	0	41	394	233	161
PCT7938	ED	788	213	0	0	27	186	138	48
PCT7938	MV	788	337	3	1	29	304	207	97
PCT7939	ED	688	254	0	0	24	230	156	74
PCT7939	MV	688	326	1	1	45	279	163	116
PCT7941	ED	751	218	-2	0	28	192	121	71
PCT7941	MV	751	348	0	0	43	305	198	107
PCT7942	ED	914	259	-1	0	30	230	153	77
PCT7942	MV	914	412	0	1	54	357	214	143
PCT7943	ED	872	258	8	0	26	224	150	74
PCT7943	MV	872	439	2	1	50	386	236	150
PCT7944	ED	801	243	0	0	26	217	133	84
PCT7944	MV	801	381	2	0	28	351	208	143
PCT7945	ED	915	186	2	0	25	159	101	58
PCT7945	MV	915	414	0	0	52	362	229	133
PCT7946	ED	945	183	1	0	28	154	91	63
PCT7946	MV	945	451	0	0	60	391	232	159
PCT7947	ED	946	182	1	0	31	150	83	67
PCT7947	MV	946	430	-1	0	58	373	233	140
PCT7948	ED	928	210	-1	0	25	186	98	88
PCT7948	MV	928	422	-4	0	57	369	210	159
PCT7949	ED	569	100	1	0	15	84	53	31
PCT7949	MV	569	292	-3	0	33	262	148	114
PCT7951	ED	854	166	1	0	23	142	85	57
PCT7951	MV	854	425	0	0	42	383	208	175
PCT7952	ED	866	167	0	0	32	135	74	61
PCT7952	MV	866	359	0	0	43	316	201	115
PCT7953	ED	824	186	4	0	23	159	94	65
PCT7953	MV	824	402	-1	0	48	355	179	176
PCT7955	ED	902	199	0	1	32	166	92	74
PCT7955	MV	902	435	0	0	59	376	220	156
PCT7956	ED	823	136	-1	0	24	113	71	42
PCT7956	MV	823	353	-2	0	49	306	175	131
PCT7957	ED	646	147	-1	0	23	125	74	51
PCT7957	MV	646	298	0	0	34	264	152	112
PCT7958	MV	290	141	1	0	22	118	79	39
PCT7959	ED	727	160	-1	0	22	139	87	52
PCT7959	MV	727	326	0	0	30	296	180	116
PCT9001	MV	273	142	0	0	13	129	76	53
PCT9101	ED	888	260	0	0	29	231	147	84
PCT9101	MV	888	438	-1	0	61	378	229	149
PCT9102	ED	985	257	0	0	35	222	134	88
PCT9102	MV	985	471	0	0	68	403	224	179
PCT9103	ED	954	273	0	0	49	224	135	89
PCT9103	MV	954	431	5	1	51	374	208	166
PCT9104	ED	988	239	0	0	34	205	133	72
PCT9104	MV	988	465	-1	0	55	411	261	150
PCT9105	ED	919	247	1	0	33	213	110	103
PCT9105	MV	919	488	-4	0	67	425	238	187
PCT9106	ED	937	268	0	0	30	238	128	110
PCT9106	MV	937	497	0	0	67	430	219	211
PCT9107	ED	849	219	-1	0	32	188	116	72
PCT9107	MV	849	372	-2	0	57	317	209	108
PCT9108	ED	790	247	0	0	33	214	124	90
PCT9108	MV	790	373	0	0	39	334	212	122
PCT9109	ED	884	263	0	0	43	220	113	107
PCT9109	MV	884	428	-1	0	56	373	220	153
PCT9111	ED	779	229	0	0	26	203	128	75
PCT9111	MV	779	346	2	0	49	295	159	136
PCT9112	ED	976	284	-1	0	26	259	157	102
PCT9112	MV	976	467	-6	0	66	407	218	189
PCT9113	ED	999	311	-2	0	42	271	137	134
PCT9113	MV	999	505	4	1	66	434	220	214
PCT9114	ED	877	263	0	0	38	225	145	80
PCT9114	MV	877	405	-1	0	46	360	217	143
PCT9115	ED	911	258	-1	0	36	223	143	80
PCT9115	MV	911	429	0	0	63	366	233	133
PCT9116	ED	944	281	0	0	36	245	149	96
PCT9116	MV	944	473	2	0	75	396	226	170
PCT9117	ED	783	222	0	0	29	193	96	97
PCT9117	MV	783	398	-1	0	48	351	196	155
PCT9118	ED	974	286	-2	0	45	243	134	109
PCT9118	MV	974	426	1	0	74	351	221	130
PCT9119	ED	891	237	-2	0	40	199	122	77
PCT9119	MV	891	447	0	0	68	379	224	155
PCT9121	ED	930	256	-1	0	40	217	126	91
PCT9121	MV	930	434	0	0	61	373	222	151
PCT9122	ED	953	210	0	0	29	181	101	80
PCT9122	MV	953	454	-1	0	61	394	225	169
PCT9123	ED	858	232	0	0	38	194	119	75
PCT9123	MV	858	418	1	0	44	373	219	154
PCT9124	ED	874	202	0	0	21	181	112	69
PCT9124	MV	874	438	1	0	54	383	223	160
PCT9125	ED	861	210	-1	0	39	172	99	73
PCT9125	MV	861	437	1	0	66	370	220	150
PCT9126	ED	1015	245	-2	0	39	208	117	91
PCT9126	MV	1015	533	-2	1	76	458	243	215
PCT9127	ED	960	269	0	1	32	236	141	95
PCT9127	MV	960	498	-1	1	71	427	251	176
PCT9128	ED	828	248	1	0	32	215	116	99
PCT9128	MV	828	412	2	1	66	343	184	159
PCT9129	ED	741	243	1	0	30	212	123	89
PCT9129	MV	741	348	0	0	41	307	173	134
PCT9131	ED	759	193	0	0	21	172	90	82
PCT9131	MV	759	403	1	0	59	343	191	152
PCT9132	ED	837	248	-1	0	40	209	136	73
PCT9132	MV	837	371	-1	0	40	332	211	121
PCT9133	ED	1021	271	0	0	32	239	147	92
PCT9133	MV	1021	503	3	0	70	430	276	154
PCT9134	ED	893	210	2	0	35	173	100	73
PCT9134	MV	893	469	-1	0	69	401	223	178
PCT9135	ED	808	215	-1	0	26	190	110	80
PCT9135	MV	808	389	0	0	46	343	191	152
PCT9136	ED	929	253	2	0	39	212	133	79
PCT9136	MV	929	439	2	1	56	380	191	189
PCT9137	ED	1006	260	0	0	35	225	138	87
PCT9137	MV	1006	467	0	0	68	399	234	165
PCT9138	ED	943	226	2	0	32	192	108	84
PCT9138	MV	943	477	0	0	53	424	228	196
PCT9139	ED	975	243	1	0	28	214	114	100
PCT9139	MV	975	510	0	0	71	439	243	196
PCT9141	ED	953	252	0	0	39	213	111	102
PCT9141	MV	953	477	2	0	59	416	258	158
PCT9142	ED	966	276	0	0	35	241	156	85
PCT9142	MV	966	459	1	0	49	409	260	149
PCT9143	ED	920	251	0	0	26	225	124	101
PCT9143	MV	920	463	2	0	70	391	224	167
PCT9144	ED	962	293	0	0	30	263	142	121
PCT9144	MV	962	482	0	0	59	423	228	195
PCT9145	ED	861	249	2	0	24	223	131	92
PCT9145	MV	861	423	-1	0	51	373	204	169
PCT9146	ED	885	245	-1	0	30	216	127	89
PCT9146	MV	885	464	5	0	66	393	236	157
PCT9147	ED	971	281	0	0	36	245	140	105
PCT9147	MV	971	492	-3	0	56	439	281	158
PCT9148	ED	1034	325	0	0	39	286	171	115
PCT9148	MV	1034	513	2	2	51	458	281	177
PCT9149	ED	948	264	-2	0	45	221	149	72
PCT9149	MV	948	478	3	0	59	416	256	160
PCT9151	ED	872	227	0	0	29	198	117	81
PCT9151	MV	872	418	5	0	53	360	209	151
PCT9152	ED	721	270	-12	0	40	242	160	82
PCT9152	MV	721	279	-1	0	42	238	144	94
PCT9201	ED	1004	300	1	0	41	258	155	103
PCT9201	MV	1004	475	1	0	50	424	268	156
PCT9202	ED	971	294	1	0	43	250	118	132
PCT9202	MV	971	426	1	0	51	374	195	179
PCT9203	ED	1002	239	0	1	39	199	79	120
PCT9203	MV	1002	536	-1	0	87	450	217	233
PCT9204	ED	873	273	2	0	42	229	81	148
PCT9204	MV	873	393	1	0	52	340	162	178
PCT9205	ED	728	208	-2	0	34	176	99	77
PCT9205	MV	728	376	4	0	55	317	168	149
PCT9206	ED	931	249	-1	0	42	208	91	117
PCT9206	MV	931	479	1	0	63	415	181	234
PCT9207	ED	981	262	2	0	47	213	98	115
PCT9207	MV	981	502	-1	0	62	441	209	232
PCT9208	ED	1002	287	0	0	49	238	125	113
PCT9208	MV	1002	491	0	1	85	405	199	206
PCT9209	ED	711	245	1	0	41	203	92	111
PCT9209	MV	711	327	2	0	58	267	135	132
PCT9211	ED	889	234	0	0	50	184	100	84
PCT9211	MV	889	432	-1	0	73	360	193	167
PCT9212	ED	803	234	1	1	34	198	91	107
PCT9212	MV	803	400	3	0	64	333	169	164
PCT9213	ED	951	264	2	0	50	212	109	103
PCT9213	MV	951	508	1	0	81	426	202	224
PCT9214	ED	640	166	0	0	21	145	64	81
PCT9214	MV	640	334	0	0	43	291	140	151
PCT9215	ED	652	194	2	0	23	169	66	103
PCT9215	MV	652	327	0	0	50	277	128	149
PCT9216	ED	845	246	2	0	43	201	100	101
PCT9216	MV	845	379	0	0	65	314	147	167
PCT9217	ED	698	194	1	0	34	159	79	80
PCT9217	MV	698	349	2	0	53	294	145	149
PCT9218	ED	841	249	2	0	43	204	101	103
PCT9218	MV	841	412	3	0	52	357	182	175
PCT9219	ED	802	242	-1	0	37	206	122	84
PCT9219	MV	802	399	0	0	59	340	203	137
PCT9221	ED	651	145	-1	0	22	124	49	75
PCT9221	MV	651	399	0	1	55	343	134	209
PCT9222	ED	883	249	-1	0	51	199	85	114
PCT9222	MV	883	449	0	0	55	394	200	194
PCT9223	ED	638	160	-1	0	26	135	64	71
PCT9223	MV	638	338	2	1	46	289	131	158
PCT9224	ED	960	263	0	0	46	217	109	108
PCT9224	MV	960	506	5	0	54	447	229	218
PCT9225	ED	958	299	1	0	54	244	118	126
PCT9225	MV	958	469	1	0	71	397	212	185
PCT9226	ED	926	271	0	0	46	225	110	115
PCT9226	MV	926	486	0	0	67	419	204	215
PCT9227	ED	738	188	0	0	21	167	69	98
PCT9227	MV	738	404	1	0	54	349	165	184
PCT9228	ED	747	189	1	0	26	162	65	97
PCT9228	MV	747	424	0	0	56	368	169	199
PCT9229	ED	598	162	0	0	25	137	63	74
PCT9229	MV	598	316	0	0	30	286	115	171
PCT9231	ED	953	313	3	0	40	270	154	116
PCT9231	MV	953	488	-1	1	60	428	239	189
PCT9232	ED	735	212	0	0	36	176	82	94
PCT9232	MV	735	396	0	0	50	346	165	181
PCT9233	ED	793	209	0	0	29	180	80	100
PCT9233	MV	793	434	1	0	48	385	162	223
PCT9234	ED	746	187	0	0	25	162	66	96
PCT9234	MV	746	438	2	0	54	382	179	203
PCT9235	ED	884	239	0	0	24	215	101	114
PCT9235	MV	884	488	1	0	67	420	183	237
PCT9236	ED	683	201	1	0	27	173	85	88
PCT9236	MV	683	358	2	0	43	313	166	147
PCT9237	ED	936	229	2	0	32	195	97	98
PCT9237	MV	936	539	1	0	72	466	214	252
PCT9238	ED	842	230	-1	0	45	186	90	96
PCT9238	MV	842	456	0	0	60	396	170	226
PCT9239	ED	881	200	1	0	30	169	74	95
PCT9239	MV	881	499	4	0	64	431	215	216
PCT9241	ED	1005	255	1	0	46	208	98	110
PCT9241	MV	1005	578	1	1	59	517	246	271
PCT9242	ED	972	277	2	0	48	227	110	117
PCT9242	MV	972	513	1	0	56	456	215	241
PCT9243	ED	594	193	1	0	32	160	79	81
PCT9243	MV	594	307	-2	1	41	267	149	118
PCT9244	ED	903	255	-2	0	38	219	128	91
PCT9244	MV	903	485	2	0	79	404	207	197
PCT9245	ED	742	209	1	0	35	173	93	80
PCT9245	MV	742	375	1	0	58	316	182	134
PCT9246	ED	929	257	1	0	31	225	112	113
PCT9246	MV	929	528	0	1	72	455	223	232
PCT9247	ED	927	264	2	0	41	221	118	103
PCT9247	MV	927	515	-1	0	60	456	223	233
PCT9248	ED	907	258	0	0	35	223	124	99
PCT9248	MV	907	487	2	1	52	432	237	195
PCT9249	ED	917	271	-1	0	34	238	115	123
PCT9249	MV	917	495	3	1	46	445	236	209
PCT9251	ED	995	287	1	0	45	241	120	121
PCT9251	MV	995	530	4	0	75	451	249	202
PCT9252	ED	944	219	2	0	27	190	105	85
PCT9252	MV	944	550	2	1	70	477	236	241
PCT9253	ED	772	187	0	0	33	154	80	74
PCT9253	MV	772	397	-2	0	48	351	188	163
PCT9254	ED	935	230	-2	1	23	208	130	78
PCT9254	MV	935	538	1	0	52	485	275	210
PCT9255	ED	553	183	2	0	23	158	89	69
PCT9255	MV	553	263	1	0	40	222	132	90
PCT9256	ED	474	130	-2	0	19	113	67	46
PCT9256	MV	474	233	-1	0	26	208	116	92
PCT9257	MV	321	235	0	0	27	208	121	87
PCT9258	ED	712	193	0	0	16	177	91	86
PCT9258	MV	712	373	-2	0	56	319	179	140
PCT9401	ED	1012	293	-5	1	50	247	154	93
PCT9401	MV	1012	484	-1	0	46	439	278	161
PCT9402	ED	977	290	0	0	48	242	148	94
PCT9402	MV	977	458	-1	0	78	381	236	145
PCT9403	ED	897	240	-3	0	35	208	119	89
PCT9403	MV	897	419	1	0	42	376	220	156
PCT9404	ED	930	200	0	0	38	162	97	65
PCT9404	MV	930	462	0	0	54	408	243	165
PCT9405	ED	786	210	4	0	30	176	86	90
PCT9405	MV	786	364	-2	0	41	325	189	136
PCT9406	ED	868	244	-1	0	31	214	121	93
PCT9406	MV	868	421	1	0	52	368	207	161
PCT9407	ED	889	253	-1	0	28	226	128	98
PCT9407	MV	889	409	0	0	44	365	193	172
PCT9408	ED	886	265	-2	0	39	228	156	72
PCT9408	MV	886	415	0	0	58	357	231	126
PCT9409	ED	590	201	-3	0	25	179	119	60
PCT9409	MV	590	252	1	0	44	207	114	93
PCT9411	ED	956	271	-1	2	34	236	157	79
PCT9411	MV	956	431	1	0	55	375	248	127
PCT9412	ED	848	245	-1	1	38	207	110	97
PCT9412	MV	848	380	-1	0	53	328	177	151
PCT9413	ED	894	229	-2	0	32	199	112	87
PCT9413	MV	894	461	1	0	77	383	239	144
PCT9414	ED	916	216	-1	1	28	188	96	92
PCT9414	MV	916	463	2	0	64	397	219	178
PCT9415	ED	784	187	1	0	24	162	92	70
PCT9415	MV	784	392	0	0	44	348	200	148
PCT9416	ED	1008	282	-1	0	43	240	154	86
PCT9416	MV	1008	480	2	0	78	400	226	174
PCT9417	ED	752	175	0	0	35	140	82	58
PCT9417	MV	752	402	0	0	58	344	187	157
PCT9418	ED	790	211	-2	0	35	178	108	70
PCT9418	MV	790	376	2	0	53	321	148	173
PCT9419	ED	924	222	1	0	33	188	96	92
PCT9419	MV	924	468	-3	0	71	400	213	187
PCT9421	ED	906	238	-4	1	48	193	110	83
PCT9421	MV	906	446	2	0	76	368	186	182
PCT9422	ED	1056	283	-2	1	51	233	136	97
PCT9422	MV	1056	513	2	1	62	448	250	198
PCT9423	ED	889	219	-1	0	41	179	90	89
PCT9423	MV	889	440	-2	0	65	377	212	165
PCT9424	ED	952	224	0	1	25	198	109	89
PCT9424	MV	952	496	1	1	64	430	225	205
PCT9425	ED	933	199	-1	0	31	169	101	68
PCT9425	MV	933	465	-1	0	67	399	217	182
PCT9426	ED	823	198	-1	0	39	160	88	72
PCT9426	MV	823	408	5	0	72	331	165	166
PCT9427	ED	948	210	1	0	34	175	100	75
PCT9427	MV	948	447	-3	0	61	389	192	197
PCT9428	ED	961	183	-2	0	29	156	97	59
PCT9428	MV	961	518	0	0	67	451	251	200
PCT9429	ED	899	228	0	0	36	192	116	76
PCT9429	MV	899	432	0	0	67	365	212	153
PCT9431	ED	973	235	2	0	39	194	101	93
PCT9431	MV	973	464	1	1	65	397	208	189
PCT9432	ED	945	214	-1	0	34	181	97	84
PCT9432	MV	945	468	0	0	78	390	230	160
PCT9433	ED	945	195	-1	0	34	162	87	75
PCT9433	MV	945	487	0	0	86	401	235	166
PCT9434	ED	979	261	-2	0	48	215	119	96
PCT9434	MV	979	481	0	0	62	419	218	201
PCT9435	ED	969	251	-3	0	38	216	126	90
PCT9435	MV	969	448	-2	1	65	384	227	157
PCT9436	ED	1006	232	0	0	38	194	109	85
PCT9436	MV	1006	495	-2	1	78	418	251	167
PCT9437	ED	897	219	-3	0	31	191	106	85
PCT9437	MV	897	435	2	1	57	375	205	170
PCT9438	ED	948	202	0	0	31	171	96	75
PCT9438	MV	948	496	-1	2	61	434	247	187
PCT9439	ED	879	173	-1	0	30	144	85	59
PCT9439	MV	879	425	1	0	66	358	177	181
PCT9441	ED	980	261	-1	0	36	226	142	84
PCT9441	MV	980	462	0	0	57	405	255	150
PCT9442	ED	1008	280	1	0	32	247	143	104
PCT9442	MV	1008	461	0	0	62	399	220	179
PCT9443	ED	937	220	-1	0	33	188	117	71
PCT9443	MV	937	442	-2	0	68	376	214	162
PCT9444	ED	937	190	1	0	34	155	97	58
PCT9444	MV	937	442	0	1	62	379	210	169
PCT9445	ED	981	230	-1	0	32	199	122	77
PCT9445	MV	981	493	-1	0	58	436	228	208
PCT9446	ED	1090	240	-1	0	35	206	107	99
PCT9446	MV	1090	564	1	1	75	487	243	244
PCT9447	ED	906	236	-1	0	32	205	120	85
PCT9447	MV	906	448	-2	0	68	382	219	163
PCT9448	ED	909	232	-3	1	37	197	127	70
PCT9448	MV	909	429	2	0	68	359	217	142
PCT9449	ED	830	177	3	0	30	144	78	66
PCT9449	MV	830	428	3	0	54	371	206	165
PCT9451	ED	420	97	0	0	16	81	34	47
PCT9451	MV	420	218	-1	0	26	193	90	103
PCT9452	ED	840	259	0	0	31	228	122	106
PCT9452	MV	840	412	1	0	53	358	206	152
PCT9453	ED	500	135	0	0	22	113	59	54
PCT9453	MV	500	244	0	0	34	210	123	87
PCT9501	MV	148	110	0	0	11	99	49	50
PCT9502	MV	245	177	2	0	14	161	104	57
PCT9503	ED	729	198	-2	0	30	170	108	62
PCT9503	MV	729	315	4	0	38	273	164	109
PCT9505	ED	784	177	-1	0	20	158	94	64
PCT9505	MV	784	383	0	0	58	325	217	108
PCT9506	ED	766	177	1	0	19	157	96	61
PCT9506	MV	766	313	-1	0	33	281	166	115
PCT9507	ED	766	231	0	0	17	214	140	74
PCT9507	MV	766	406	-1	0	40	367	227	140
PCT9508	ED	798	237	1	0	29	207	134	73
PCT9508	MV	798	429	-1	1	41	388	236	152
PCT9509	ED	759	230	1	0	32	197	119	78
PCT9509	MV	759	386	-2	1	43	344	198	146
PCT9511	ED	622	190	-1	0	25	166	98	68
PCT9511	MV	622	296	0	0	30	266	153	113
PCT9512	ED	809	240	1	0	30	209	130	79
PCT9512	MV	809	399	0	0	50	349	225	124
PCT9513	ED	902	275	-1	0	29	247	163	84
PCT9513	MV	902	390	2	0	50	338	221	117
PCT9514	ED	928	304	-4	0	53	255	156	99
PCT9514	MV	928	456	1	0	59	396	244	152
PCT9515	ED	705	222	0	0	27	195	118	77
PCT9515	MV	705	368	-3	0	46	325	192	133
PCT9516	ED	866	254	-2	0	33	223	127	96
PCT9516	MV	866	427	0	1	46	380	233	147
PCT9517	ED	801	228	0	0	33	195	129	66
PCT9517	MV	801	397	1	0	31	365	215	150
PCT9518	ED	802	229	-1	0	23	207	134	73
PCT9518	MV	802	431	0	0	43	388	248	140
PCT9519	ED	910	262	-1	0	26	237	149	88
PCT9519	MV	910	486	-3	0	66	423	247	176
PCT9521	ED	939	316	-2	0	42	276	167	109
PCT9521	MV	939	442	0	0	51	391	217	174
PCT9701	ED	671	201	-1	0	30	172	98	74
PCT9701	MV	671	340	1	0	44	295	165	130
PCT9702	ED	723	210	1	0	18	191	96	95
PCT9702	MV	723	364	0	0	45	319	170	149
PCT9703	ED	986	232	6	0	30	196	103	93
PCT9703	MV	986	530	1	0	81	448	257	191
PCT9704	ED	950	279	0	0	36	243	149	94
PCT9704	MV	950	505	0	0	63	442	241	201
PCT9705	ED	919	261	4	0	29	228	125	103
PCT9705	MV	919	483	0	0	59	424	247	177
PCT9706	MV	49	39	-1	0	7	33	16	17
PCT9707	ED	821	173	0	0	23	150	72	78
PCT9707	MV	821	491	4	0	65	422	196	226
PCT9708	ED	948	250	4	0	39	207	123	84
PCT9708	MV	948	500	-2	0	66	436	255	181
PCT9709	ED	1028	281	10	0	40	231	129	102
PCT9709	MV	1028	517	0	0	67	450	245	205
PCT9711	ED	641	195	0	0	26	169	86	83
PCT9711	MV	641	336	0	0	46	290	161	129
PCT9712	ED	649	160	0	0	17	143	63	80
PCT9712	MV	649	398	3	0	43	352	168	184
PCT9713	ED	960	225	1	0	44	180	95	85
PCT9713	MV	960	489	0	0	72	417	235	182
PCT9714	ED	931	208	1	0	28	179	82	97
PCT9714	MV	931	538	5	0	65	468	196	272
PCT9715	ED	569	180	0	0	31	149	68	81
PCT9715	MV	569	309	2	0	43	264	111	153
PCT9716	ED	947	239	5	1	28	205	112	93
PCT9716	MV	947	481	2	0	67	412	252	160
PCT9717	ED	972	265	0	0	29	236	102	134
PCT9717	MV	972	532	3	0	67	462	255	207
PCT9718	ED	862	227	0	0	19	208	88	120
PCT9718	MV	862	496	-1	0	55	442	196	246
PCT9719	ED	901	245	0	0	31	214	96	118
PCT9719	MV	901	524	6	0	49	469	201	268
PCT9721	ED	662	198	0	0	25	173	84	89
PCT9721	MV	662	357	1	0	47	309	154	155
PCT9722	ED	605	119	0	0	13	106	47	59
PCT9722	MV	605	355	-1	0	45	311	163	148
PCT9723	ED	481	98	0	0	12	86	38	48
PCT9723	MV	481	275	0	0	52	223	116	107
PCT9724	ED	991	205	0	0	37	168	80	88
PCT9724	MV	991	565	-1	0	81	485	233	252
PCT9725	ED	970	214	-3	0	38	179	107	72
PCT9725	MV	970	499	0	0	87	412	208	204
PCT9726	ED	655	263	0	0	28	235	155	80
PCT9726	MV	655	241	-2	0	41	202	106	96
PCT9727	ED	459	79	0	0	9	70	34	36
PCT9727	MV	459	271	1	0	38	232	98	134
PCT9728	ED	926	231	-2	0	32	201	91	110
PCT9728	MV	926	503	2	1	66	434	189	245
PCT9729	ED	800	191	1	0	27	163	60	103
PCT9729	MV	800	442	-1	0	51	392	189	203
PCT9731	ED	556	167	-1	0	28	140	62	78
PCT9731	MV	556	282	0	0	36	246	105	141
PCT9732	MV	70	56	0	0	3	53	24	29
PCT9733	MV	235	191	0	0	17	174	90	84
PCT9734	ED	603	154	0	0	7	147	62	85
PCT9734	MV	603	341	-1	0	38	304	131	173
PCT9735	ED	809	206	0	1	26	179	83	96
PCT9735	MV	809	449	0	0	56	393	184	209
PCT9736	ED	713	173	1	0	26	146	61	85
PCT9736	MV	713	410	2	0	44	364	185	179
PCT9737	ED	818	208	0	0	27	181	93	88
PCT9737	MV	818	476	3	0	60	413	222	191
PCT9738	ED	848	185	0	0	23	162	94	68
PCT9738	MV	848	404	0	0	61	343	211	132
PCT9739	ED	828	220	1	0	27	192	145	47
PCT9739	MV	828	335	0	0	36	299	187	112
PCT9741	ED	552	232	-8	0	38	202	152	50
PCT9741	MV	552	105	-1	0	22	84	71	13
PCT9742	ED	677	180	4	0	20	156	76	80
PCT9742	MV	677	289	1	0	36	252	127	125
PCT9743	ED	1163	310	-1	0	44	267	166	101
PCT9743	MV	1163	501	2	0	68	431	283	148
PCT9744	ED	911	247	0	0	29	218	133	85
PCT9744	MV	911	391	0	0	52	339	212	127
PCT9745	ED	991	282	-4	0	45	241	154	87
PCT9745	MV	991	346	1	0	28	317	208	109
PCT9746	ED	884	232	1	0	33	198	97	101
PCT9746	MV	884	452	0	0	47	405	207	198
PCT9747	ED	973	246	2	0	27	217	120	97
PCT9747	MV	973	470	0	0	75	395	225	170
PCT9748	ED	931	229	-1	0	14	216	125	91
PCT9748	MV	931	475	1	1	58	415	242	173
PCT9749	ED	913	225	2	0	37	186	120	66
PCT9749	MV	913	384	-3	0	64	323	191	132
PCT9751	ED	1016	253	0	0	33	220	114	106
PCT9751	MV	1016	523	0	0	72	451	248	203
PCT9752	ED	710	175	3	0	18	154	76	78
PCT9752	MV	710	392	-1	0	40	353	184	169
PCT9753	ED	756	186	-2	0	22	166	101	65
PCT9753	MV	756	388	0	1	43	344	194	150
PCT9754	ED	707	47	0	0	9	38	21	17
PCT9754	MV	707	377	0	0	35	342	199	143
PCT9755	ED	582	172	-2	0	20	154	90	64
PCT9755	MV	582	285	2	0	27	256	138	118
PCT9756	ED	941	185	0	0	31	154	101	53
PCT9756	MV	941	477	-2	0	65	414	248	166
PCT9801	ED	408	104	0	0	11	93	55	38
PCT9801	MV	408	181	0	0	15	166	87	79
CONG12	TO	443570	332491	289	136	42854	289212	167026	122186
CONG14	TO	56946	40357	-7	11	5215	35138	19732	15406
ASSM17	TO	291063	214827	225	91	26759	187752	110810	76942
ASSM19	TO	209453	158021	57	56	21310	136598	75948	60650
BART7	TO	38460	24736	27	10	3385	21314	12382	8932
BART8	TO	223735	166386	86	67	23140	143093	78693	64400
BART9	TO	238321	181726	169	70	21544	159943	95683	64260
SUPV1	TO	42767	32743	-2	9	4378	28358	16537	11821
SUPV2	TO	50394	40402	70	16	5631	34685	17370	17315
SUPV3	TO	39799	28571	-9	18	4266	24296	13933	10363
SUPV4	TO	42953	31699	-32	19	4569	27143	15383	11760
SUPV5	TO	53744	42036	33	15	5041	36947	22144	14803
SUPV6	TO	43321	29158	61	15	4025	25057	15388	9669
SUPV7	TO	47076	36587	49	10	4686	31842	17048	14794
SUPV8	TO	58122	48632	98	13	5238	43283	24732	18551
SUPV9	TO	42988	31769	7	12	3526	28224	17565	10659
SUPV10	TO	41862	26459	23	10	3462	22964	13557	9407
SUPV11	TO	37490	24792	-16	10	3247	21551	13101	8450
NEIG1	TO	19914	11270	8	5	1584	9673	5860	3813
NEIG2	TO	17446	12440	0	4	1966	10470	5918	4552
NEIG3	TO	28644	19045	20	17	2791	16217	10281	5936
NEIG4	TO	7002	5802	18	3	634	5147	2891	2256
NEIG5	TO	27634	18420	-7	7	2387	16033	9703	6330
NEIG6	TO	14982	12240	12	5	1359	10864	6471	4393
NEIG7	TO	12118	7928	-12	3	1083	6854	4200	2654
NEIG8	TO	9734	7857	-11	1	963	6904	4061	2843
NEIG9	TO	8390	5918	-16	0	849	5085	3059	2026
NEIG10	TO	10097	8010	4	3	1035	6968	3974	2994
NEIG11	TO	40622	32395	64	12	4660	27659	13974	13685
NEIG12	TO	31129	23295	-3	9	2491	20798	12940	7858
NEIG13	TO	16964	14420	26	2	1566	12826	7202	5624
NEIG14	TO	8795	7263	2	1	699	6561	4031	2530
NEIG15	TO	7019	5232	1	6	769	4456	2364	2092
NEIG26	TO	9293	6104	-5	1	838	5270	3045	2225
NEIG16	TO	16814	13081	11	4	1510	11556	6812	4744
NEIG17	TO	37322	28503	8	9	3791	24695	14419	10276
NEIG18	TO	8050	6587	5	1	842	5739	2752	2987
NEIG19	TO	9419	7393	19	4	855	6515	3898	2617
NEIG20	TO	24674	17045	22	5	2258	14760	8664	6096
NEIG21	TO	42363	31246	-30	19	4500	26757	15150	11607
NEIG22	TO	18966	16190	31	4	1699	14456	8348	6108
NEIG23	TO	8139	4488	12	2	685	3789	2143	1646
NEIG24	TO	34909	27838	69	10	3459	24300	12563	11737
NEIG25	TO	30077	22838	34	10	2796	19998	12035	7963
