area_id	subtotal_type	RSReg	RSCst	RSRej	RSOvr	RSUnd	RSTot	086:MALIA COHEN	087:MARK BURNS
ALL	TO	500516	372848	106	75	31941	340726	292973	47753
ALL	ED	500516	127886	80	29	11659	116118	101688	14430
ALL	MV	500516	244962	26	46	20282	224608	191285	33323
PCT1101	ED	553	126	0	0	10	116	106	10
PCT1101	MV	553	266	0	0	18	248	202	46
PCT1102	ED	995	266	0	0	20	246	218	28
PCT1102	MV	995	480	0	0	24	456	373	83
PCT1103	ED	951	246	1	0	26	219	186	33
PCT1103	MV	951	445	0	0	26	419	332	87
PCT1104	ED	993	249	0	0	21	228	195	33
PCT1104	MV	993	414	0	1	30	383	316	67
PCT1106	ED	765	191	0	0	17	174	149	25
PCT1106	MV	765	343	0	0	33	310	247	63
PCT1107	ED	746	163	0	0	13	150	135	15
PCT1107	MV	746	336	0	0	30	306	255	51
PCT1108	ED	909	232	0	0	22	210	189	21
PCT1108	MV	909	438	0	0	27	411	357	54
PCT1109	ED	798	166	0	0	15	151	129	22
PCT1109	MV	798	365	0	0	33	332	271	61
PCT1111	ED	1002	205	0	0	22	183	166	17
PCT1111	MV	1002	460	0	0	37	423	341	82
PCT1112	ED	769	151	0	0	13	138	124	14
PCT1112	MV	769	344	0	0	30	314	265	49
PCT1113	ED	746	135	0	1	9	125	109	16
PCT1113	MV	746	360	0	0	42	318	252	66
PCT1114	ED	957	226	0	0	30	196	161	35
PCT1114	MV	957	404	0	0	37	367	299	68
PCT1115	ED	895	174	0	0	15	159	148	11
PCT1115	MV	895	371	0	1	31	339	273	66
PCT1116	ED	895	225	0	0	14	211	198	13
PCT1116	MV	895	376	0	0	27	349	284	65
PCT1117	ED	858	185	0	0	22	163	145	18
PCT1117	MV	858	357	0	0	40	317	269	48
PCT1118	ED	1043	213	0	0	12	201	181	20
PCT1118	MV	1043	476	0	0	42	434	352	82
PCT1119	ED	791	165	0	0	16	149	134	15
PCT1119	MV	791	386	0	1	21	364	305	59
PCT1121	ED	691	160	0	0	19	141	108	33
PCT1121	MV	691	313	0	1	40	272	218	54
PCT1122	ED	632	110	0	0	10	100	84	16
PCT1122	MV	632	310	0	0	30	280	205	75
PCT1123	ED	915	179	0	0	15	164	152	12
PCT1123	MV	915	364	0	0	30	334	279	55
PCT1124	ED	819	152	0	0	12	140	120	20
PCT1124	MV	819	302	0	0	14	288	247	41
PCT1125	ED	1047	159	0	1	11	147	116	31
PCT1125	MV	1047	466	0	0	24	442	360	82
PCT1126	ED	922	191	0	0	12	179	155	24
PCT1126	MV	922	400	0	0	38	362	309	53
PCT1127	ED	920	200	0	0	17	183	148	35
PCT1127	MV	920	382	0	0	35	347	266	81
PCT1128	ED	838	154	0	0	9	145	122	23
PCT1128	MV	838	362	0	0	21	341	262	79
PCT1129	ED	980	227	0	0	19	208	168	40
PCT1129	MV	980	416	0	0	19	397	311	86
PCT1131	ED	797	132	0	0	14	118	100	18
PCT1131	MV	797	371	0	0	22	349	250	99
PCT1132	ED	969	179	0	0	16	163	150	13
PCT1132	MV	969	427	0	0	39	388	305	83
PCT1133	ED	863	161	0	0	18	143	120	23
PCT1133	MV	863	410	0	0	31	379	287	92
PCT1134	ED	759	170	0	0	20	150	140	10
PCT1134	MV	759	318	0	0	43	275	217	58
PCT1135	ED	540	87	0	0	12	75	62	13
PCT1135	MV	540	295	0	0	28	267	212	55
PCT1136	ED	829	144	0	1	12	131	113	18
PCT1136	MV	829	412	0	0	27	385	306	79
PCT1141	ED	1041	223	0	0	20	203	179	24
PCT1141	MV	1041	484	0	0	28	456	399	57
PCT1142	ED	861	175	0	0	7	168	145	23
PCT1142	MV	861	393	0	0	34	359	302	57
PCT1143	ED	1034	229	0	0	11	218	199	19
PCT1143	MV	1034	440	0	0	34	406	320	86
PCT1144	ED	907	205	0	1	18	186	154	32
PCT1144	MV	907	387	0	0	28	359	288	71
PCT1145	ED	888	189	0	0	18	171	153	18
PCT1145	MV	888	461	0	0	35	426	366	60
PCT1146	ED	1011	186	0	0	18	168	147	21
PCT1146	MV	1011	454	0	1	42	411	355	56
PCT1147	ED	877	210	0	0	17	193	159	34
PCT1147	MV	877	396	0	0	34	362	299	63
PCT1148	ED	962	196	0	0	17	179	146	33
PCT1148	MV	962	444	0	2	39	403	316	87
PCT1149	ED	907	210	0	0	18	192	168	24
PCT1149	MV	907	407	0	0	46	361	298	63
PCT1152	ED	864	198	0	0	13	185	152	33
PCT1152	MV	864	388	0	0	20	368	304	64
PCT1153	ED	951	210	0	1	21	188	153	35
PCT1153	MV	951	415	0	0	43	372	292	80
PCT7001	ED	776	176	2	0	12	162	149	13
PCT7001	MV	776	429	0	0	39	390	355	35
PCT7002	ED	706	176	0	0	14	162	148	14
PCT7002	MV	706	332	0	0	23	309	266	43
PCT7003	ED	884	238	0	0	19	219	195	24
PCT7003	MV	884	498	0	0	42	456	397	59
PCT7004	ED	881	241	1	0	27	213	191	22
PCT7004	MV	881	496	0	0	41	455	417	38
PCT7005	ED	847	253	0	0	33	220	205	15
PCT7005	MV	847	480	0	0	51	429	382	47
PCT7006	ED	917	254	0	0	16	238	218	20
PCT7006	MV	917	442	0	0	29	413	372	41
PCT7007	ED	949	283	0	0	19	264	244	20
PCT7007	MV	949	516	0	0	42	474	411	63
PCT7008	ED	932	264	1	0	24	239	210	29
PCT7008	MV	932	546	1	0	48	497	422	75
PCT7009	ED	905	185	0	0	22	163	140	23
PCT7009	MV	905	513	0	0	36	477	416	61
PCT7011	ED	985	204	0	0	14	190	164	26
PCT7011	MV	985	294	0	0	23	271	233	38
PCT7012	ED	1109	313	0	0	24	289	250	39
PCT7012	MV	1109	594	0	0	50	544	483	61
PCT7013	ED	956	267	0	0	26	241	218	23
PCT7013	MV	956	501	0	0	36	465	425	40
PCT7014	ED	1460	367	0	0	24	343	307	36
PCT7014	MV	1460	802	0	0	48	754	692	62
PCT7015	MV	95	44	0	0	6	38	35	3
PCT7016	ED	918	171	0	0	21	150	133	17
PCT7016	MV	918	280	0	0	35	245	214	31
PCT7017	ED	754	149	0	0	7	142	129	13
PCT7017	MV	754	252	0	0	12	240	225	15
PCT7018	ED	977	155	0	0	13	142	118	24
PCT7018	MV	977	448	0	0	41	407	339	68
PCT7019	ED	899	182	0	0	15	167	158	9
PCT7019	MV	899	413	0	0	24	389	328	61
PCT7021	ED	947	184	0	0	21	163	141	22
PCT7021	MV	947	305	0	0	36	269	237	32
PCT7022	ED	945	215	0	0	18	197	184	13
PCT7022	MV	945	352	0	0	30	322	278	44
PCT7023	ED	928	178	0	0	10	168	155	13
PCT7023	MV	928	400	0	1	29	370	326	44
PCT7024	ED	414	70	0	0	7	63	60	3
PCT7024	MV	414	78	0	0	5	73	59	14
PCT7025	ED	477	85	0	0	9	76	70	6
PCT7025	MV	477	128	0	0	7	121	108	13
PCT7026	ED	1011	149	0	0	13	136	111	25
PCT7026	MV	1011	455	0	0	43	412	332	80
PCT7027	ED	869	195	0	0	18	177	157	20
PCT7027	MV	869	353	0	1	21	331	268	63
PCT7028	ED	850	213	0	0	15	198	185	13
PCT7028	MV	850	282	0	0	20	262	241	21
PCT7029	ED	901	184	0	0	17	167	150	17
PCT7029	MV	901	251	0	0	8	243	212	31
PCT7030	ED	759	119	0	0	12	107	76	31
PCT7030	MV	759	357	0	1	43	313	218	95
PCT7031	ED	641	91	0	0	7	84	75	9
PCT7031	MV	641	309	0	0	30	279	225	54
PCT7032	ED	904	173	1	0	17	155	136	19
PCT7032	MV	904	316	0	0	25	291	252	39
PCT7033	ED	798	191	0	0	16	175	160	15
PCT7033	MV	798	247	0	0	18	229	200	29
PCT7034	ED	958	197	0	0	24	173	157	16
PCT7034	MV	958	201	0	0	17	184	169	15
PCT7035	ED	606	122	0	0	6	116	109	7
PCT7035	MV	606	262	0	0	14	248	216	32
PCT7036	ED	921	117	0	0	10	107	96	11
PCT7036	MV	921	342	0	0	18	324	242	82
PCT7037	ED	735	135	0	0	23	112	104	8
PCT7037	MV	735	98	0	0	11	87	73	14
PCT7038	ED	911	135	0	0	16	119	102	17
PCT7038	MV	911	351	0	0	35	316	236	80
PCT7039	ED	784	178	0	0	16	162	130	32
PCT7039	MV	784	306	0	0	13	293	221	72
PCT7041	MV	61	33	0	0	2	31	24	7
PCT7042	ED	639	118	0	0	7	111	90	21
PCT7042	MV	639	258	0	0	20	238	199	39
PCT7043	ED	957	176	0	0	15	161	146	15
PCT7043	MV	957	404	0	0	34	370	317	53
PCT7044	ED	827	167	0	0	17	150	137	13
PCT7044	MV	827	193	0	0	13	180	143	37
PCT7045	ED	779	120	0	0	22	98	82	16
PCT7045	MV	779	344	0	0	39	305	220	85
PCT7046	ED	402	94	0	0	9	85	76	9
PCT7046	MV	402	175	0	0	17	158	120	38
PCT7047	ED	823	119	0	0	7	112	95	17
PCT7047	MV	823	388	0	0	37	351	292	59
PCT7048	ED	858	150	3	0	16	131	121	10
PCT7048	MV	858	318	0	0	21	297	236	61
PCT7049	ED	792	173	0	0	24	149	120	29
PCT7049	MV	792	305	0	0	40	265	184	81
PCT7051	ED	861	114	0	0	16	98	85	13
PCT7051	MV	861	380	0	0	51	329	244	85
PCT7052	ED	852	161	0	0	15	146	120	26
PCT7052	MV	852	402	0	0	51	351	269	82
PCT7053	ED	548	102	0	0	10	92	81	11
PCT7053	MV	548	278	0	0	10	268	212	56
PCT7054	ED	1073	215	0	0	7	208	192	16
PCT7054	MV	1073	410	0	0	30	380	328	52
PCT7055	ED	808	190	0	0	11	179	168	11
PCT7055	MV	808	440	0	0	33	407	345	62
PCT7101	MV	155	120	1	0	6	113	106	7
PCT7201	ED	936	245	0	0	25	220	186	34
PCT7201	MV	936	518	0	0	48	470	378	92
PCT7202	ED	850	227	0	0	14	213	176	37
PCT7202	MV	850	431	0	0	35	396	296	100
PCT7203	ED	921	291	1	1	23	266	235	31
PCT7203	MV	921	423	0	0	40	383	330	53
PCT7204	ED	918	233	0	0	28	205	171	34
PCT7204	MV	918	531	0	0	35	496	408	88
PCT7205	ED	875	251	0	0	33	218	182	36
PCT7205	MV	875	485	0	0	40	445	342	103
PCT7206	ED	378	135	0	0	12	123	112	11
PCT7206	MV	378	191	0	0	16	175	151	24
PCT7207	ED	812	196	0	0	16	180	162	18
PCT7207	MV	812	434	0	0	44	390	336	54
PCT7208	ED	600	111	0	0	12	99	87	12
PCT7208	MV	600	328	0	0	24	304	247	57
PCT7209	ED	626	107	0	0	11	96	85	11
PCT7209	MV	626	423	0	0	28	395	329	66
PCT7301	ED	1016	228	0	0	25	203	166	37
PCT7301	MV	1016	435	0	0	43	392	329	63
PCT7302	ED	814	188	0	0	20	168	135	33
PCT7302	MV	814	458	0	0	45	413	334	79
PCT7303	ED	1042	281	0	0	38	243	212	31
PCT7303	MV	1042	482	0	0	45	437	378	59
PCT7304	ED	1002	278	0	0	30	248	216	32
PCT7304	MV	1002	493	0	0	42	451	376	75
PCT7305	ED	871	240	0	0	25	215	178	37
PCT7305	MV	871	460	0	0	40	420	326	94
PCT7306	ED	1056	317	0	0	38	279	238	41
PCT7306	MV	1056	498	0	0	62	436	364	72
PCT7307	ED	767	210	0	0	20	190	172	18
PCT7307	MV	767	346	0	0	33	313	262	51
PCT7308	ED	603	177	0	0	11	166	146	20
PCT7308	MV	603	313	0	0	28	285	240	45
PCT7309	ED	884	263	0	0	30	233	202	31
PCT7309	MV	884	439	0	0	33	406	327	79
PCT7311	ED	917	268	0	0	16	252	227	25
PCT7311	MV	917	448	0	0	33	415	350	65
PCT7312	ED	821	203	0	0	24	179	142	37
PCT7312	MV	821	470	0	0	47	423	331	92
PCT7313	ED	968	225	1	0	21	203	183	20
PCT7313	MV	968	485	0	0	58	427	352	75
PCT7314	ED	787	125	0	0	13	112	89	23
PCT7314	MV	787	271	0	0	51	220	190	30
PCT7315	ED	760	220	0	0	27	193	167	26
PCT7315	MV	760	282	0	0	36	246	208	38
PCT7316	ED	853	205	0	0	20	185	163	22
PCT7316	MV	853	367	0	0	45	322	269	53
PCT7317	ED	904	189	0	0	18	171	152	19
PCT7317	MV	904	454	0	0	43	411	332	79
PCT7318	ED	727	179	0	0	28	151	130	21
PCT7318	MV	727	390	0	0	42	348	293	55
PCT7319	ED	1079	301	0	0	37	264	232	32
PCT7319	MV	1079	516	0	0	64	452	372	80
PCT7321	ED	671	149	0	0	24	125	109	16
PCT7321	MV	671	286	0	0	34	252	204	48
PCT7322	ED	874	65	0	0	9	56	47	9
PCT7322	MV	874	337	0	0	80	257	214	43
PCT7323	ED	950	234	0	0	25	209	170	39
PCT7323	MV	950	455	0	0	45	410	347	63
PCT7324	ED	755	190	0	0	23	167	144	23
PCT7324	MV	755	364	0	1	31	332	288	44
PCT7325	ED	904	243	0	0	27	216	183	33
PCT7325	MV	904	436	0	0	48	388	349	39
PCT7326	ED	876	200	0	0	23	177	159	18
PCT7326	MV	876	430	0	0	56	374	317	57
PCT7327	ED	699	71	0	0	15	56	45	11
PCT7327	MV	699	276	0	0	45	231	173	58
PCT7328	ED	973	94	0	0	19	75	60	15
PCT7328	MV	973	394	0	0	87	307	258	49
PCT7329	ED	640	112	0	0	12	100	85	15
PCT7329	MV	640	321	0	0	32	289	214	75
PCT7331	ED	852	213	0	0	20	193	139	54
PCT7331	MV	852	461	0	0	39	422	318	104
PCT7332	ED	834	225	0	0	26	199	172	27
PCT7332	MV	834	364	0	0	28	336	289	47
PCT7333	ED	1044	298	0	0	24	274	237	37
PCT7333	MV	1044	543	0	0	49	494	419	75
PCT7334	ED	881	199	0	0	21	178	153	25
PCT7334	MV	881	462	0	0	48	414	363	51
PCT7335	ED	970	225	0	0	22	203	178	25
PCT7335	MV	970	523	0	0	41	482	395	87
PCT7336	ED	955	238	0	0	22	216	181	35
PCT7336	MV	955	523	0	0	40	483	379	104
PCT7337	ED	851	179	0	0	24	155	132	23
PCT7337	MV	851	464	0	0	50	414	316	98
PCT7338	ED	915	153	0	0	16	137	120	17
PCT7338	MV	915	426	0	0	76	350	263	87
PCT7339	ED	669	174	0	0	16	158	138	20
PCT7339	MV	669	309	0	0	23	286	253	33
PCT7341	ED	908	260	0	0	22	238	212	26
PCT7341	MV	908	401	0	0	41	360	313	47
PCT7342	ED	947	334	0	0	23	311	270	41
PCT7342	MV	947	414	0	0	28	386	334	52
PCT7343	ED	731	234	0	0	20	214	196	18
PCT7343	MV	731	316	0	1	20	295	269	26
PCT7344	ED	1110	291	0	0	21	270	231	39
PCT7344	MV	1110	538	0	0	30	508	444	64
PCT7345	ED	1141	329	1	0	15	313	273	40
PCT7345	MV	1141	521	0	0	33	488	435	53
PCT7346	ED	920	250	0	0	24	226	206	20
PCT7346	MV	920	384	0	0	24	360	324	36
PCT7347	ED	1040	241	0	0	23	218	195	23
PCT7347	MV	1040	480	0	1	37	442	408	34
PCT7348	ED	861	210	0	0	19	191	159	32
PCT7348	MV	861	353	0	0	37	316	273	43
PCT7349	ED	957	248	0	0	13	235	197	38
PCT7349	MV	957	427	0	0	39	388	327	61
PCT7501	ED	565	172	0	0	15	157	136	21
PCT7501	MV	565	308	0	0	30	278	242	36
PCT7502	ED	784	180	1	0	19	160	139	21
PCT7502	MV	784	447	0	0	34	413	348	65
PCT7503	ED	764	208	0	0	22	186	157	29
PCT7503	MV	764	388	0	0	27	361	308	53
PCT7504	ED	503	112	0	0	9	103	88	15
PCT7504	MV	503	222	0	0	14	208	186	22
PCT7505	ED	869	158	0	0	26	132	114	18
PCT7505	MV	869	532	0	0	55	477	401	76
PCT7506	ED	999	226	0	0	19	207	191	16
PCT7506	MV	999	473	0	0	23	450	388	62
PCT7507	ED	955	211	0	1	22	188	166	22
PCT7507	MV	955	344	0	0	28	316	274	42
PCT7508	ED	727	154	0	0	20	134	114	20
PCT7508	MV	727	427	0	0	44	383	334	49
PCT7509	ED	932	235	2	0	11	222	196	26
PCT7509	MV	932	470	1	0	23	446	408	38
PCT7512	ED	612	150	0	0	17	133	95	38
PCT7512	MV	612	283	0	0	15	268	207	61
PCT7513	ED	818	225	0	1	30	194	173	21
PCT7513	MV	818	315	0	1	26	288	240	48
PCT7514	ED	874	140	0	0	13	127	114	13
PCT7514	MV	874	305	0	0	35	270	235	35
PCT7515	ED	869	212	0	0	21	191	177	14
PCT7515	MV	869	389	0	1	26	362	319	43
PCT7516	ED	922	172	0	0	15	157	139	18
PCT7516	MV	922	538	0	0	33	505	438	67
PCT7517	ED	863	289	0	0	18	271	260	11
PCT7517	MV	863	410	0	0	32	378	360	18
PCT7518	ED	950	309	0	0	26	283	266	17
PCT7518	MV	950	480	0	0	43	437	408	29
PCT7519	ED	737	224	0	0	11	213	198	15
PCT7519	MV	737	355	0	1	28	326	308	18
PCT7521	ED	812	292	0	0	26	266	250	16
PCT7521	MV	812	354	0	0	25	329	321	8
PCT7522	ED	764	207	0	0	15	192	178	14
PCT7522	MV	764	397	0	0	27	370	360	10
PCT7523	ED	747	275	0	0	18	257	239	18
PCT7523	MV	747	359	0	0	29	330	307	23
PCT7524	ED	615	181	0	0	20	161	150	11
PCT7524	MV	615	262	0	0	19	243	227	16
PCT7525	ED	800	205	0	0	14	191	182	9
PCT7525	MV	800	341	0	0	37	304	285	19
PCT7526	ED	1011	292	0	1	25	266	251	15
PCT7526	MV	1011	552	0	0	36	516	482	34
PCT7527	ED	725	211	0	1	19	191	166	25
PCT7527	MV	725	339	0	1	27	311	276	35
PCT7529	ED	948	295	0	1	24	270	255	15
PCT7529	MV	948	486	0	0	28	458	441	17
PCT7531	ED	865	228	0	0	15	213	204	9
PCT7531	MV	865	442	0	1	32	409	391	18
PCT7532	ED	852	246	0	0	23	223	206	17
PCT7532	MV	852	398	0	0	27	371	333	38
PCT7533	ED	1015	357	0	0	23	334	323	11
PCT7533	MV	1015	490	0	0	39	451	416	35
PCT7534	ED	936	322	0	0	25	297	282	15
PCT7534	MV	936	415	0	0	35	380	361	19
PCT7535	ED	767	262	0	0	28	234	227	7
PCT7535	MV	767	387	0	0	35	352	337	15
PCT7536	ED	863	291	0	0	31	260	246	14
PCT7536	MV	863	421	0	0	19	402	376	26
PCT7537	ED	752	240	0	0	25	215	202	13
PCT7537	MV	752	363	0	0	22	341	320	21
PCT7538	ED	771	246	0	0	17	229	220	9
PCT7538	MV	771	400	0	0	30	370	355	15
PCT7539	ED	922	330	0	0	36	294	283	11
PCT7539	MV	922	428	0	0	38	390	371	19
PCT7541	ED	805	248	0	0	16	232	219	13
PCT7541	MV	805	400	0	0	36	364	351	13
PCT7542	ED	821	272	0	0	26	246	237	9
PCT7542	MV	821	389	0	0	16	373	351	22
PCT7543	ED	909	216	0	0	25	191	187	4
PCT7543	MV	909	467	0	0	22	445	416	29
PCT7544	ED	898	258	0	0	20	238	216	22
PCT7544	MV	898	479	0	0	37	442	422	20
PCT7545	ED	918	273	0	0	23	250	233	17
PCT7545	MV	918	480	0	0	52	428	388	40
PCT7546	ED	982	304	0	0	31	273	252	21
PCT7546	MV	982	517	0	0	31	486	453	33
PCT7547	ED	1029	315	0	0	23	292	284	8
PCT7547	MV	1029	505	0	1	36	468	448	20
PCT7548	ED	1073	319	1	0	24	294	275	19
PCT7548	MV	1073	512	0	0	33	479	450	29
PCT7549	ED	811	215	0	0	17	198	180	18
PCT7549	MV	811	431	0	0	40	391	356	35
PCT7551	ED	741	239	0	0	23	216	201	15
PCT7551	MV	741	394	0	0	16	378	358	20
PCT7552	ED	727	241	0	0	19	222	210	12
PCT7552	MV	727	361	0	0	34	327	311	16
PCT7553	MV	180	126	0	0	11	115	102	13
PCT7554	ED	808	247	0	0	18	229	205	24
PCT7554	MV	808	442	0	0	27	415	378	37
PCT7555	ED	886	290	0	0	16	274	265	9
PCT7555	MV	886	459	0	0	31	428	396	32
PCT7556	ED	969	275	0	0	29	246	213	33
PCT7556	MV	969	573	0	0	30	543	504	39
PCT7601	ED	767	191	0	0	14	177	160	17
PCT7601	MV	767	290	0	0	18	272	238	34
PCT7602	ED	901	213	0	0	17	196	173	23
PCT7602	MV	901	379	0	0	35	344	307	37
PCT7603	ED	830	250	0	0	20	230	215	15
PCT7603	MV	830	376	0	1	39	336	302	34
PCT7604	ED	954	266	0	0	22	244	215	29
PCT7604	MV	954	352	0	0	20	332	293	39
PCT7605	ED	648	120	0	0	16	104	95	9
PCT7605	MV	648	203	0	1	19	183	158	25
PCT7606	ED	924	205	0	0	24	181	149	32
PCT7606	MV	924	330	0	0	23	307	269	38
PCT7607	ED	960	215	0	0	17	198	179	19
PCT7607	MV	960	407	0	0	25	382	341	41
PCT7608	ED	392	70	0	0	5	65	50	15
PCT7608	MV	392	136	0	0	25	111	79	32
PCT7609	ED	926	120	0	0	18	102	83	19
PCT7609	MV	926	352	0	0	60	292	243	49
PCT7611	ED	755	126	0	0	18	108	89	19
PCT7611	MV	755	269	0	1	50	218	186	32
PCT7612	ED	583	97	0	0	16	81	62	19
PCT7612	MV	583	265	0	0	35	230	194	36
PCT7613	ED	908	204	0	0	28	176	160	16
PCT7613	MV	908	340	0	0	38	302	250	52
PCT7614	ED	1029	223	0	0	28	195	178	17
PCT7614	MV	1029	375	0	1	17	357	316	41
PCT7615	ED	762	162	0	0	30	132	105	27
PCT7615	MV	762	237	0	0	33	204	175	29
PCT7616	ED	1203	324	0	0	30	294	255	39
PCT7616	MV	1203	686	0	0	34	652	599	53
PCT7617	ED	768	102	0	1	15	86	73	13
PCT7617	MV	768	261	0	0	37	224	177	47
PCT7618	ED	862	168	0	0	7	161	147	14
PCT7618	MV	862	407	0	0	31	376	339	37
PCT7619	ED	1063	219	0	0	17	202	183	19
PCT7619	MV	1063	563	0	0	37	526	474	52
PCT7621	ED	1320	287	0	0	24	263	232	31
PCT7621	MV	1320	668	0	0	49	619	539	80
PCT7622	ED	988	170	0	0	18	152	131	21
PCT7622	MV	988	301	0	0	29	272	234	38
PCT7623	ED	746	184	0	0	25	159	143	16
PCT7623	MV	746	297	0	0	34	263	227	36
PCT7624	ED	859	142	0	0	11	131	112	19
PCT7624	MV	859	290	0	1	21	268	224	44
PCT7625	ED	822	66	0	0	11	55	42	13
PCT7625	MV	822	475	0	0	94	381	292	89
PCT7626	ED	1114	227	0	0	20	207	187	20
PCT7626	MV	1114	612	0	0	41	571	491	80
PCT7627	ED	1187	267	0	0	29	238	205	33
PCT7627	MV	1187	582	0	0	55	527	402	125
PCT7628	ED	960	241	0	0	18	223	195	28
PCT7628	MV	960	428	0	0	30	398	367	31
PCT7629	ED	809	208	0	0	25	183	173	10
PCT7629	MV	809	343	0	0	27	316	276	40
PCT7631	ED	1155	270	0	0	25	245	215	30
PCT7631	MV	1155	577	0	0	47	530	467	63
PCT7632	ED	1124	289	0	0	33	256	231	25
PCT7632	MV	1124	561	0	0	32	529	489	40
PCT7633	ED	741	137	0	0	9	128	112	16
PCT7633	MV	741	392	0	0	55	337	280	57
PCT7634	ED	900	195	0	0	28	167	137	30
PCT7634	MV	900	421	0	0	25	396	320	76
PCT7635	ED	840	158	0	0	17	141	128	13
PCT7635	MV	840	382	0	0	30	352	322	30
PCT7636	ED	938	251	0	0	26	225	194	31
PCT7636	MV	938	465	0	0	34	431	380	51
PCT7637	ED	809	193	0	0	12	181	143	38
PCT7637	MV	809	404	0	0	26	378	324	54
PCT7638	ED	1467	295	0	0	25	270	218	52
PCT7638	MV	1467	871	1	0	65	805	643	162
PCT7639	ED	1011	242	0	0	18	224	186	38
PCT7639	MV	1011	559	0	0	51	508	439	69
PCT7641	ED	972	205	0	0	26	179	145	34
PCT7641	MV	972	549	0	0	44	505	415	90
PCT7642	ED	937	153	0	1	11	141	126	15
PCT7642	MV	937	394	0	0	53	341	295	46
PCT7643	ED	920	169	0	0	16	153	130	23
PCT7643	MV	920	507	0	1	39	467	394	73
PCT7644	ED	1175	330	0	0	32	298	271	27
PCT7644	MV	1175	554	0	0	45	509	453	56
PCT7645	ED	640	120	0	0	11	109	92	17
PCT7645	MV	640	377	0	0	35	342	273	69
PCT7646	ED	1100	267	0	0	22	245	225	20
PCT7646	MV	1100	592	0	0	40	552	487	65
PCT7647	ED	1075	205	0	0	17	188	171	17
PCT7647	MV	1075	283	0	1	21	261	241	20
PCT7648	MV	1	0	0	0	0	0	0	0
PCT7649	ED	891	178	0	0	18	160	146	14
PCT7649	MV	891	395	0	2	36	357	289	68
PCT7651	ED	677	166	1	0	17	148	128	20
PCT7651	MV	677	351	0	0	27	324	280	44
PCT7652	ED	628	135	0	0	6	129	113	16
PCT7652	MV	628	301	0	1	30	270	241	29
PCT7653	ED	1280	300	0	0	37	263	239	24
PCT7653	MV	1280	673	0	0	62	611	538	73
PCT7701	ED	1064	296	0	0	24	272	241	31
PCT7701	MV	1064	597	0	0	50	547	488	59
PCT7702	ED	748	180	0	0	21	159	137	22
PCT7702	MV	748	415	0	0	36	379	304	75
PCT7703	MV	171	79	0	1	13	65	55	10
PCT7704	ED	1008	257	0	0	22	235	190	45
PCT7704	MV	1008	557	0	0	40	517	421	96
PCT7705	ED	568	149	0	0	16	133	114	19
PCT7705	MV	568	335	0	0	18	317	254	63
PCT7706	ED	840	252	0	0	20	232	196	36
PCT7706	MV	840	467	0	0	35	432	346	86
PCT7707	ED	857	241	1	0	16	224	193	31
PCT7707	MV	857	495	0	0	39	456	397	59
PCT7708	ED	871	205	0	0	16	189	164	25
PCT7708	MV	871	540	0	0	39	501	426	75
PCT7709	ED	391	102	0	0	8	94	79	15
PCT7709	MV	391	222	0	0	9	213	186	27
PCT7711	ED	766	198	0	0	17	181	163	18
PCT7711	MV	766	422	0	0	28	394	354	40
PCT7712	ED	529	149	0	0	9	140	125	15
PCT7712	MV	529	296	0	0	12	284	247	37
PCT7801	ED	1001	264	1	0	20	243	226	17
PCT7801	MV	1001	596	0	0	40	556	509	47
PCT7802	ED	788	230	0	0	25	205	193	12
PCT7802	MV	788	458	0	0	36	422	385	37
PCT7803	ED	828	174	0	0	17	157	145	12
PCT7803	MV	828	552	0	0	36	516	466	50
PCT7804	ED	893	257	0	0	23	234	226	8
PCT7804	MV	893	533	0	0	39	494	459	35
PCT7805	ED	825	228	0	0	20	208	204	4
PCT7805	MV	825	484	0	0	28	456	415	41
PCT7806	ED	716	208	2	0	10	196	185	11
PCT7806	MV	716	407	0	0	31	376	352	24
PCT7807	ED	844	276	0	0	21	255	244	11
PCT7807	MV	844	417	0	0	34	383	368	15
PCT7808	ED	655	211	0	0	22	189	183	6
PCT7808	MV	655	333	0	0	27	306	289	17
PCT7809	ED	781	238	0	0	13	225	211	14
PCT7809	MV	781	405	0	0	21	384	359	25
PCT7811	ED	783	249	0	0	18	231	214	17
PCT7811	MV	783	404	0	0	22	382	360	22
PCT7812	ED	877	257	0	0	23	234	210	24
PCT7812	MV	877	454	0	0	35	419	402	17
PCT7813	ED	1064	308	1	0	25	282	270	12
PCT7813	MV	1064	585	0	0	32	553	524	29
PCT7814	ED	936	228	0	0	26	202	182	20
PCT7814	MV	936	341	0	1	21	319	295	24
PCT7815	ED	954	238	0	0	23	215	204	11
PCT7815	MV	954	573	0	0	40	533	505	28
PCT7816	ED	865	236	0	0	18	218	207	11
PCT7816	MV	865	531	1	0	26	504	482	22
PCT7817	ED	823	277	0	1	26	250	235	15
PCT7817	MV	823	439	0	0	24	415	399	16
PCT7818	ED	860	234	0	0	17	217	208	9
PCT7818	MV	860	452	2	0	36	414	396	18
PCT7819	ED	793	191	0	0	10	181	166	15
PCT7819	MV	793	420	0	0	30	390	359	31
PCT7821	ED	985	248	0	0	23	225	212	13
PCT7821	MV	985	630	0	0	45	585	539	46
PCT7822	ED	908	275	0	0	18	257	242	15
PCT7822	MV	908	480	0	0	32	448	417	31
PCT7823	ED	879	270	6	0	13	251	245	6
PCT7823	MV	879	501	0	0	32	469	441	28
PCT7824	ED	768	247	0	0	23	224	211	13
PCT7824	MV	768	383	0	0	35	348	322	26
PCT7825	ED	597	191	0	0	12	179	166	13
PCT7825	MV	597	302	0	0	18	284	270	14
PCT7826	ED	684	258	0	0	17	241	230	11
PCT7826	MV	684	319	0	0	32	287	270	17
PCT7827	ED	831	261	0	0	18	243	236	7
PCT7827	MV	831	361	0	0	29	332	308	24
PCT7828	ED	1018	261	0	0	18	243	220	23
PCT7828	MV	1018	549	0	0	36	513	468	45
PCT7829	ED	907	237	1	0	28	208	192	16
PCT7829	MV	907	557	0	0	21	536	483	53
PCT7831	ED	882	233	0	0	10	223	211	12
PCT7831	MV	882	544	0	0	36	508	479	29
PCT7832	ED	780	188	0	0	13	175	166	9
PCT7832	MV	780	488	0	0	25	463	434	29
PCT7833	ED	747	230	0	0	24	206	197	9
PCT7833	MV	747	412	0	0	33	379	355	24
PCT7834	ED	867	277	0	0	23	254	238	16
PCT7834	MV	867	439	0	0	32	407	394	13
PCT7835	ED	847	211	0	0	22	189	172	17
PCT7835	MV	847	505	1	1	28	475	433	42
PCT7836	ED	1023	260	0	0	20	240	221	19
PCT7836	MV	1023	623	0	0	43	580	526	54
PCT7837	ED	911	260	0	0	8	252	235	17
PCT7837	MV	911	509	2	0	40	467	431	36
PCT7838	ED	926	239	0	0	19	220	205	15
PCT7838	MV	926	546	0	0	41	505	468	37
PCT7839	ED	842	205	0	0	26	179	167	12
PCT7839	MV	842	515	0	0	37	478	435	43
PCT7841	ED	937	291	0	0	22	269	254	15
PCT7841	MV	937	526	0	0	43	483	456	27
PCT7842	ED	903	283	0	0	23	260	245	15
PCT7842	MV	903	434	0	0	36	398	367	31
PCT7843	ED	767	232	0	0	23	209	199	10
PCT7843	MV	767	380	0	0	21	359	334	25
PCT7844	ED	663	196	0	0	16	180	165	15
PCT7844	MV	663	329	0	0	23	306	279	27
PCT7845	ED	849	241	0	0	31	210	193	17
PCT7845	MV	849	469	0	0	30	439	409	30
PCT7846	ED	904	262	0	0	24	238	212	26
PCT7846	MV	904	509	0	0	39	470	419	51
PCT7847	ED	929	261	0	0	23	238	215	23
PCT7847	MV	929	529	0	0	61	468	442	26
PCT7848	ED	834	233	0	0	16	217	196	21
PCT7848	MV	834	491	0	0	33	458	421	37
PCT7849	ED	929	264	0	0	23	241	226	15
PCT7849	MV	929	522	0	0	43	479	440	39
PCT7851	ED	513	136	0	0	14	122	107	15
PCT7851	MV	513	298	0	0	24	274	241	33
PCT7852	ED	647	143	0	0	13	130	113	17
PCT7852	MV	647	394	0	0	24	370	323	47
PCT7853	ED	850	214	0	0	9	205	186	19
PCT7853	MV	850	479	0	1	27	451	407	44
PCT7854	ED	894	248	0	0	24	224	208	16
PCT7854	MV	894	500	0	0	49	451	417	34
PCT7855	ED	986	301	0	0	29	272	257	15
PCT7855	MV	986	522	0	0	47	475	429	46
PCT7856	ED	800	265	0	0	17	248	237	11
PCT7856	MV	800	425	0	0	35	390	365	25
PCT7857	ED	933	276	0	0	24	252	239	13
PCT7857	MV	933	517	0	0	46	471	438	33
PCT7858	ED	775	245	0	0	18	227	206	21
PCT7858	MV	775	394	0	0	31	363	339	24
PCT7859	ED	891	250	0	0	19	231	212	19
PCT7859	MV	891	513	0	0	24	489	437	52
PCT7861	ED	859	217	0	0	22	195	175	20
PCT7861	MV	859	510	0	0	37	473	433	40
PCT7862	ED	866	302	0	0	28	274	254	20
PCT7862	MV	866	472	0	0	38	434	399	35
PCT7863	ED	907	311	0	0	30	281	261	20
PCT7863	MV	907	440	0	0	35	405	378	27
PCT7864	ED	807	232	0	0	21	211	197	14
PCT7864	MV	807	427	0	0	15	412	372	40
PCT7865	ED	823	241	0	0	23	218	204	14
PCT7865	MV	823	463	0	0	23	440	389	51
PCT7866	ED	836	209	0	0	20	189	157	32
PCT7866	MV	836	491	0	0	29	462	387	75
PCT7867	ED	955	266	0	0	24	242	220	22
PCT7867	MV	955	512	0	0	44	468	410	58
PCT7868	ED	881	242	0	0	14	228	211	17
PCT7868	MV	881	449	1	0	24	424	376	48
PCT7869	ED	867	239	0	0	16	223	204	19
PCT7869	MV	867	489	0	0	31	458	420	38
PCT7871	ED	900	259	0	0	19	240	222	18
PCT7871	MV	900	502	2	0	24	476	436	40
PCT7872	ED	862	288	0	0	22	266	250	16
PCT7872	MV	862	472	0	0	38	434	404	30
PCT7873	ED	861	257	0	0	12	245	227	18
PCT7873	MV	861	502	0	0	37	465	440	25
PCT7874	ED	477	137	0	0	11	126	115	11
PCT7874	MV	477	256	1	0	22	233	217	16
PCT7875	ED	623	180	0	0	18	162	142	20
PCT7875	MV	623	285	0	0	33	252	222	30
PCT7876	ED	498	154	10	0	21	123	115	8
PCT7876	MV	498	269	0	0	22	247	234	13
PCT7901	ED	522	136	0	1	21	114	108	6
PCT7901	MV	522	198	0	0	22	176	163	13
PCT7902	ED	968	258	0	0	23	235	210	25
PCT7902	MV	968	401	0	0	23	378	347	31
PCT7903	ED	840	201	0	0	24	177	160	17
PCT7903	MV	840	350	0	0	31	319	293	26
PCT7904	ED	877	212	0	0	21	191	177	14
PCT7904	MV	877	403	0	0	30	373	338	35
PCT7905	ED	851	254	0	0	19	235	212	23
PCT7905	MV	851	409	1	0	29	379	342	37
PCT7906	ED	787	245	0	0	19	226	217	9
PCT7906	MV	787	335	0	0	18	317	300	17
PCT7907	ED	950	278	0	0	28	250	228	22
PCT7907	MV	950	425	0	0	34	391	376	15
PCT7908	ED	949	284	0	0	32	252	223	29
PCT7908	MV	949	408	0	0	50	358	327	31
PCT7909	ED	733	251	0	0	17	234	223	11
PCT7909	MV	733	303	0	1	16	286	270	16
PCT7911	ED	860	244	0	0	18	226	208	18
PCT7911	MV	860	395	0	0	22	373	352	21
PCT7912	ED	1065	291	0	0	30	261	244	17
PCT7912	MV	1065	463	0	0	31	432	412	20
PCT7913	ED	913	312	0	0	22	290	270	20
PCT7913	MV	913	378	0	0	28	350	322	28
PCT7914	ED	883	278	0	0	27	251	239	12
PCT7914	MV	883	425	0	0	37	388	361	27
PCT7915	ED	831	266	0	0	14	252	241	11
PCT7915	MV	831	351	0	0	22	329	308	21
PCT7916	ED	888	284	0	0	22	262	245	17
PCT7916	MV	888	421	0	0	25	396	369	27
PCT7917	ED	1015	315	0	0	27	288	268	20
PCT7917	MV	1015	428	0	0	17	411	385	26
PCT7918	ED	836	253	0	0	26	227	218	9
PCT7918	MV	836	379	0	0	18	361	343	18
PCT7919	ED	895	309	0	0	18	291	275	16
PCT7919	MV	895	376	0	0	24	352	328	24
PCT7921	ED	917	232	0	0	24	208	190	18
PCT7921	MV	917	366	0	0	24	342	300	42
PCT7922	ED	831	250	0	0	15	235	227	8
PCT7922	MV	831	383	0	0	21	362	335	27
PCT7923	ED	885	262	0	0	14	248	227	21
PCT7923	MV	885	403	0	0	26	377	349	28
PCT7924	ED	842	238	0	0	18	220	209	11
PCT7924	MV	842	382	0	0	19	363	326	37
PCT7925	ED	567	156	0	0	8	148	139	9
PCT7925	MV	567	293	0	1	17	275	260	15
PCT7926	ED	795	229	0	0	13	216	195	21
PCT7926	MV	795	390	0	0	29	361	338	23
PCT7927	ED	747	241	0	0	12	229	213	16
PCT7927	MV	747	392	0	0	29	363	341	22
PCT7928	ED	931	284	0	0	16	268	258	10
PCT7928	MV	931	489	0	0	22	467	430	37
PCT7929	ED	864	248	0	0	23	225	209	16
PCT7929	MV	864	509	1	0	35	473	449	24
PCT7931	ED	738	219	0	0	19	200	192	8
PCT7931	MV	738	408	0	0	23	385	364	21
PCT7932	ED	551	157	1	0	14	142	133	9
PCT7932	MV	551	285	0	0	16	269	246	23
PCT7933	MV	6	4	0	0	0	4	4	0
PCT7934	ED	890	250	0	0	27	223	209	14
PCT7934	MV	890	472	0	0	33	439	416	23
PCT7935	ED	970	305	0	0	24	281	267	14
PCT7935	MV	970	519	0	1	39	479	446	33
PCT7936	ED	856	287	0	0	23	264	252	12
PCT7936	MV	856	428	0	0	28	400	370	30
PCT7937	ED	886	267	0	0	26	241	230	11
PCT7937	MV	886	435	0	0	31	404	377	27
PCT7938	ED	788	213	0	0	16	197	181	16
PCT7938	MV	788	337	0	0	26	311	289	22
PCT7939	ED	688	254	0	1	9	244	232	12
PCT7939	MV	688	326	0	0	24	302	288	14
PCT7941	ED	751	218	0	0	14	204	192	12
PCT7941	MV	751	348	0	0	24	324	305	19
PCT7942	ED	914	259	1	0	13	245	221	24
PCT7942	MV	914	412	0	1	35	376	341	35
PCT7943	ED	872	258	4	0	24	230	207	23
PCT7943	MV	872	439	0	0	38	401	343	58
PCT7944	ED	801	243	0	0	14	229	222	7
PCT7944	MV	801	381	0	0	21	360	334	26
PCT7945	ED	915	186	0	0	12	174	161	13
PCT7945	MV	915	414	0	0	25	389	350	39
PCT7946	ED	945	183	0	0	22	161	140	21
PCT7946	MV	945	451	0	0	41	410	325	85
PCT7947	ED	946	182	0	0	28	154	135	19
PCT7947	MV	946	430	0	0	58	372	304	68
PCT7948	ED	928	210	0	0	17	193	171	22
PCT7948	MV	928	422	0	0	47	375	304	71
PCT7949	ED	569	100	0	0	9	91	71	20
PCT7949	MV	569	292	0	1	32	259	193	66
PCT7951	ED	854	166	0	0	15	151	129	22
PCT7951	MV	854	425	0	0	36	389	288	101
PCT7952	ED	866	167	0	0	18	149	114	35
PCT7952	MV	866	359	0	0	27	332	266	66
PCT7953	ED	824	186	2	0	21	163	138	25
PCT7953	MV	824	402	0	0	35	367	273	94
PCT7955	ED	902	199	0	1	18	180	144	36
PCT7955	MV	902	435	0	0	41	394	309	85
PCT7956	ED	823	136	0	0	22	114	89	25
PCT7956	MV	823	353	0	0	34	319	239	80
PCT7957	ED	646	147	0	0	12	135	118	17
PCT7957	MV	646	298	0	0	14	284	243	41
PCT7958	MV	290	141	0	0	12	129	98	31
PCT7959	ED	727	160	0	0	10	150	142	8
PCT7959	MV	727	326	0	0	23	303	287	16
PCT9001	MV	273	142	0	0	6	136	113	23
PCT9101	ED	888	260	0	0	26	234	198	36
PCT9101	MV	888	438	0	0	43	395	311	84
PCT9102	ED	985	257	0	0	26	231	190	41
PCT9102	MV	985	471	0	0	34	437	344	93
PCT9103	ED	954	273	0	0	25	248	200	48
PCT9103	MV	954	431	0	0	49	382	320	62
PCT9104	ED	988	239	0	0	29	210	177	33
PCT9104	MV	988	465	0	0	41	424	349	75
PCT9105	ED	919	247	0	0	26	221	189	32
PCT9105	MV	919	488	0	0	51	437	367	70
PCT9106	ED	937	268	1	0	20	247	214	33
PCT9106	MV	937	497	0	0	59	438	364	74
PCT9107	ED	849	219	0	0	16	203	170	33
PCT9107	MV	849	372	0	0	35	337	276	61
PCT9108	ED	790	247	0	0	17	230	203	27
PCT9108	MV	790	373	1	0	28	344	296	48
PCT9109	ED	884	263	0	0	27	236	199	37
PCT9109	MV	884	428	0	0	40	388	346	42
PCT9111	ED	779	229	0	0	19	210	183	27
PCT9111	MV	779	346	0	0	32	314	261	53
PCT9112	ED	976	284	0	0	21	263	230	33
PCT9112	MV	976	467	0	0	41	426	374	52
PCT9113	ED	999	311	0	0	28	283	243	40
PCT9113	MV	999	505	0	0	37	468	393	75
PCT9114	ED	877	263	0	0	24	239	213	26
PCT9114	MV	877	405	0	0	31	374	307	67
PCT9115	ED	911	258	0	0	18	240	219	21
PCT9115	MV	911	429	0	0	41	388	340	48
PCT9116	ED	944	281	1	0	12	268	233	35
PCT9116	MV	944	473	0	0	43	430	372	58
PCT9117	ED	783	222	0	0	17	205	175	30
PCT9117	MV	783	398	0	0	29	369	307	62
PCT9118	ED	974	286	0	0	31	255	207	48
PCT9118	MV	974	426	0	0	48	378	306	72
PCT9119	ED	891	237	0	0	29	208	176	32
PCT9119	MV	891	447	0	0	41	406	329	77
PCT9121	ED	930	256	0	0	22	234	190	44
PCT9121	MV	930	434	0	0	42	392	331	61
PCT9122	ED	953	210	0	0	18	192	168	24
PCT9122	MV	953	454	0	0	34	420	330	90
PCT9123	ED	858	232	0	0	17	215	175	40
PCT9123	MV	858	418	0	0	33	385	306	79
PCT9124	ED	874	202	0	0	8	194	167	27
PCT9124	MV	874	438	0	0	47	391	304	87
PCT9125	ED	861	210	0	0	17	193	170	23
PCT9125	MV	861	437	0	0	47	390	338	52
PCT9126	ED	1015	245	0	0	22	223	189	34
PCT9126	MV	1015	533	0	0	51	482	378	104
PCT9127	ED	960	269	0	0	29	240	203	37
PCT9127	MV	960	498	0	0	49	449	380	69
PCT9128	ED	828	248	0	0	18	230	200	30
PCT9128	MV	828	412	0	0	24	388	314	74
PCT9129	ED	741	243	0	0	22	221	190	31
PCT9129	MV	741	348	0	0	26	322	276	46
PCT9131	ED	759	193	0	0	17	176	154	22
PCT9131	MV	759	403	0	0	23	380	322	58
PCT9132	ED	837	248	0	0	22	226	199	27
PCT9132	MV	837	371	0	0	24	347	309	38
PCT9133	ED	1021	271	0	0	23	248	222	26
PCT9133	MV	1021	503	0	0	41	462	393	69
PCT9134	ED	893	210	0	0	30	180	161	19
PCT9134	MV	893	469	0	0	36	433	375	58
PCT9135	ED	808	215	0	0	27	188	155	33
PCT9135	MV	808	389	0	0	32	357	274	83
PCT9136	ED	929	253	0	0	23	230	207	23
PCT9136	MV	929	439	0	0	38	401	340	61
PCT9137	ED	1006	260	0	0	23	237	190	47
PCT9137	MV	1006	467	0	0	31	436	359	77
PCT9138	ED	943	226	1	0	29	196	170	26
PCT9138	MV	943	477	1	0	34	442	355	87
PCT9139	ED	975	243	0	0	19	224	186	38
PCT9139	MV	975	510	0	0	47	463	343	120
PCT9141	ED	953	252	0	0	31	221	181	40
PCT9141	MV	953	477	0	0	50	427	348	79
PCT9142	ED	966	276	0	0	35	241	210	31
PCT9142	MV	966	459	0	0	32	427	380	47
PCT9143	ED	920	251	0	0	30	221	189	32
PCT9143	MV	920	463	0	0	52	411	328	83
PCT9144	ED	962	293	0	0	22	271	239	32
PCT9144	MV	962	482	0	0	45	437	351	86
PCT9145	ED	861	249	1	0	27	221	188	33
PCT9145	MV	861	423	0	0	31	392	327	65
PCT9146	ED	885	245	0	0	22	223	197	26
PCT9146	MV	885	464	0	0	33	431	386	45
PCT9147	ED	971	281	0	0	38	243	220	23
PCT9147	MV	971	492	0	0	42	450	391	59
PCT9148	ED	1034	325	0	0	19	306	270	36
PCT9148	MV	1034	513	0	0	43	470	411	59
PCT9149	ED	948	264	0	0	18	246	225	21
PCT9149	MV	948	478	0	0	27	451	401	50
PCT9151	ED	872	227	0	0	15	212	187	25
PCT9151	MV	872	418	0	0	32	386	327	59
PCT9152	ED	721	270	0	0	19	251	234	17
PCT9152	MV	721	279	0	0	13	266	234	32
PCT9201	ED	1004	300	0	0	13	287	255	32
PCT9201	MV	1004	475	0	1	23	451	395	56
PCT9202	ED	971	294	0	0	24	270	233	37
PCT9202	MV	971	426	0	0	33	393	346	47
PCT9203	ED	1002	239	0	0	31	208	143	65
PCT9203	MV	1002	536	0	0	49	487	349	138
PCT9204	ED	873	273	0	0	36	237	171	66
PCT9204	MV	873	393	0	0	28	365	246	119
PCT9205	ED	728	208	0	0	23	185	148	37
PCT9205	MV	728	376	0	0	34	342	284	58
PCT9206	ED	931	249	0	0	28	221	145	76
PCT9206	MV	931	479	0	0	52	427	296	131
PCT9207	ED	981	262	0	0	35	227	162	65
PCT9207	MV	981	502	0	0	63	439	317	122
PCT9208	ED	1002	287	0	0	34	253	192	61
PCT9208	MV	1002	491	0	0	48	443	338	105
PCT9209	ED	711	245	0	0	29	216	167	49
PCT9209	MV	711	327	0	0	33	294	219	75
PCT9211	ED	889	234	0	0	24	210	173	37
PCT9211	MV	889	432	0	0	46	386	305	81
PCT9212	ED	803	234	0	0	23	211	172	39
PCT9212	MV	803	400	0	0	33	367	293	74
PCT9213	ED	951	264	0	0	26	238	193	45
PCT9213	MV	951	508	0	0	58	450	366	84
PCT9214	ED	640	166	0	0	20	146	105	41
PCT9214	MV	640	334	0	0	28	306	226	80
PCT9215	ED	652	194	0	0	25	169	117	52
PCT9215	MV	652	327	0	0	38	289	223	66
PCT9216	ED	845	246	0	1	23	222	179	43
PCT9216	MV	845	379	0	0	38	341	263	78
PCT9217	ED	698	194	0	0	20	174	132	42
PCT9217	MV	698	349	0	0	47	302	225	77
PCT9218	ED	841	249	0	0	20	229	176	53
PCT9218	MV	841	412	0	0	45	367	268	99
PCT9219	ED	802	242	0	0	22	220	185	35
PCT9219	MV	802	399	0	0	29	370	304	66
PCT9221	ED	651	145	0	0	16	129	97	32
PCT9221	MV	651	399	0	0	37	362	256	106
PCT9222	ED	883	249	0	0	38	211	166	45
PCT9222	MV	883	449	0	0	42	407	309	98
PCT9223	ED	638	160	0	0	17	143	111	32
PCT9223	MV	638	338	0	0	34	304	227	77
PCT9224	ED	960	263	0	0	31	232	164	68
PCT9224	MV	960	506	0	0	47	459	341	118
PCT9225	ED	958	299	0	0	29	270	212	58
PCT9225	MV	958	469	0	0	43	426	348	78
PCT9226	ED	926	271	0	0	32	239	179	60
PCT9226	MV	926	486	0	0	41	445	356	89
PCT9227	ED	738	188	0	0	20	168	130	38
PCT9227	MV	738	404	0	0	39	365	276	89
PCT9228	ED	747	189	0	0	22	167	131	36
PCT9228	MV	747	424	0	0	32	392	303	89
PCT9229	ED	598	162	0	0	23	139	107	32
PCT9229	MV	598	316	0	0	24	292	227	65
PCT9231	ED	953	313	0	0	27	286	261	25
PCT9231	MV	953	488	0	0	47	441	386	55
PCT9232	ED	735	212	0	0	20	192	158	34
PCT9232	MV	735	396	0	0	31	365	297	68
PCT9233	ED	793	209	0	0	22	187	151	36
PCT9233	MV	793	434	0	0	55	379	282	97
PCT9234	ED	746	187	0	0	18	169	141	28
PCT9234	MV	746	438	0	0	27	411	323	88
PCT9235	ED	884	239	0	0	23	216	166	50
PCT9235	MV	884	488	0	0	48	440	325	115
PCT9236	ED	683	201	0	0	21	180	142	38
PCT9236	MV	683	358	0	0	40	318	269	49
PCT9237	ED	936	229	0	0	28	201	162	39
PCT9237	MV	936	539	0	0	57	482	408	74
PCT9238	ED	842	230	0	0	34	196	155	41
PCT9238	MV	842	456	0	0	40	416	305	111
PCT9239	ED	881	200	0	0	26	174	137	37
PCT9239	MV	881	499	0	0	42	457	360	97
PCT9241	ED	1005	255	0	0	31	224	179	45
PCT9241	MV	1005	578	0	0	49	529	439	90
PCT9242	ED	972	277	0	0	27	250	200	50
PCT9242	MV	972	513	0	1	35	477	394	83
PCT9243	ED	594	193	0	0	28	165	134	31
PCT9243	MV	594	307	0	0	20	287	249	38
PCT9244	ED	903	255	0	0	22	233	207	26
PCT9244	MV	903	485	0	0	48	437	393	44
PCT9245	ED	742	209	0	0	15	194	158	36
PCT9245	MV	742	375	0	0	33	342	303	39
PCT9246	ED	929	257	0	0	27	230	202	28
PCT9246	MV	929	528	0	0	45	483	397	86
PCT9247	ED	927	264	0	1	21	242	206	36
PCT9247	MV	927	515	0	0	31	484	410	74
PCT9248	ED	907	258	0	0	21	237	209	28
PCT9248	MV	907	487	0	0	35	452	396	56
PCT9249	ED	917	271	0	0	22	249	218	31
PCT9249	MV	917	495	0	1	35	459	374	85
PCT9251	ED	995	287	0	0	36	251	219	32
PCT9251	MV	995	530	0	0	48	482	405	77
PCT9252	ED	944	219	0	0	20	199	171	28
PCT9252	MV	944	550	0	0	34	516	430	86
PCT9253	ED	772	187	0	0	17	170	132	38
PCT9253	MV	772	397	0	0	41	356	283	73
PCT9254	ED	935	230	0	0	21	209	185	24
PCT9254	MV	935	538	0	0	31	507	437	70
PCT9255	ED	553	183	0	0	20	163	143	20
PCT9255	MV	553	263	0	0	20	243	215	28
PCT9256	ED	474	130	0	0	6	124	114	10
PCT9256	MV	474	233	0	0	17	216	189	27
PCT9257	MV	321	235	0	0	9	226	211	15
PCT9258	ED	712	193	0	0	14	179	161	18
PCT9258	MV	712	373	0	0	28	345	287	58
PCT9401	ED	1012	293	0	0	23	270	246	24
PCT9401	MV	1012	484	0	0	38	446	394	52
PCT9402	ED	977	290	0	0	41	249	222	27
PCT9402	MV	977	458	0	0	46	412	354	58
PCT9403	ED	897	240	0	0	21	219	191	28
PCT9403	MV	897	419	0	0	43	376	305	71
PCT9404	ED	930	200	0	0	30	170	145	25
PCT9404	MV	930	462	0	0	39	423	347	76
PCT9405	ED	786	210	0	0	16	194	151	43
PCT9405	MV	786	364	0	0	29	335	264	71
PCT9406	ED	868	244	0	0	28	216	173	43
PCT9406	MV	868	421	0	1	29	391	330	61
PCT9407	ED	889	253	0	0	21	232	193	39
PCT9407	MV	889	409	0	0	38	371	316	55
PCT9408	ED	886	265	0	0	23	242	218	24
PCT9408	MV	886	415	0	0	37	378	329	49
PCT9409	ED	590	201	0	0	11	190	179	11
PCT9409	MV	590	252	0	0	28	224	194	30
PCT9411	ED	956	271	0	0	20	251	230	21
PCT9411	MV	956	431	0	0	31	400	356	44
PCT9412	ED	848	245	0	0	20	225	196	29
PCT9412	MV	848	380	0	0	47	333	278	55
PCT9413	ED	894	229	0	0	23	206	174	32
PCT9413	MV	894	461	0	0	39	422	335	87
PCT9414	ED	916	216	0	0	16	200	159	41
PCT9414	MV	916	463	0	0	46	417	345	72
PCT9415	ED	784	187	0	0	19	168	134	34
PCT9415	MV	784	392	0	0	39	353	273	80
PCT9416	ED	1008	282	1	0	23	258	221	37
PCT9416	MV	1008	480	1	0	49	430	366	64
PCT9417	ED	752	175	0	0	20	155	130	25
PCT9417	MV	752	402	0	0	38	364	282	82
PCT9418	ED	790	211	0	0	31	180	148	32
PCT9418	MV	790	376	0	0	54	322	234	88
PCT9419	ED	924	222	0	1	22	199	149	50
PCT9419	MV	924	468	0	0	53	415	292	123
PCT9421	ED	906	238	0	0	30	208	170	38
PCT9421	MV	906	446	0	0	54	392	296	96
PCT9422	ED	1056	283	0	0	35	248	201	47
PCT9422	MV	1056	513	0	0	49	464	355	109
PCT9423	ED	889	219	0	0	27	192	163	29
PCT9423	MV	889	440	0	0	37	403	344	59
PCT9424	ED	952	224	0	0	28	196	162	34
PCT9424	MV	952	496	0	0	47	449	348	101
PCT9425	ED	933	199	0	0	18	181	154	27
PCT9425	MV	933	465	0	1	61	403	302	101
PCT9426	ED	823	198	0	0	22	176	145	31
PCT9426	MV	823	408	0	0	59	349	254	95
PCT9427	ED	948	210	0	0	36	174	137	37
PCT9427	MV	948	447	0	0	50	397	279	118
PCT9428	ED	961	183	0	0	22	161	129	32
PCT9428	MV	961	518	0	0	39	479	369	110
PCT9429	ED	899	228	1	0	25	202	149	53
PCT9429	MV	899	432	0	0	34	398	308	90
PCT9431	ED	973	235	0	0	29	206	169	37
PCT9431	MV	973	464	0	0	39	425	319	106
PCT9432	ED	945	214	0	0	27	187	160	27
PCT9432	MV	945	468	0	0	58	410	326	84
PCT9433	ED	945	195	0	0	18	177	138	39
PCT9433	MV	945	487	0	0	60	427	335	92
PCT9434	ED	979	261	0	0	27	234	199	35
PCT9434	MV	979	481	1	0	55	425	340	85
PCT9435	ED	969	251	0	1	29	221	182	39
PCT9435	MV	969	448	0	0	63	385	309	76
PCT9436	ED	1006	232	0	0	23	209	164	45
PCT9436	MV	1006	495	0	0	57	438	330	108
PCT9437	ED	897	219	0	0	20	199	167	32
PCT9437	MV	897	435	0	0	46	389	281	108
PCT9438	ED	948	202	0	0	26	176	145	31
PCT9438	MV	948	496	0	0	39	457	342	115
PCT9439	ED	879	173	0	0	17	156	124	32
PCT9439	MV	879	425	0	0	50	375	280	95
PCT9441	ED	980	261	0	0	26	235	202	33
PCT9441	MV	980	462	0	0	47	415	331	84
PCT9442	ED	1008	280	0	0	14	266	226	40
PCT9442	MV	1008	461	0	0	44	417	323	94
PCT9443	ED	937	220	1	0	16	203	166	37
PCT9443	MV	937	442	0	0	32	410	330	80
PCT9444	ED	937	190	1	0	23	166	130	36
PCT9444	MV	937	442	0	0	44	398	286	112
PCT9445	ED	981	230	0	0	20	210	172	38
PCT9445	MV	981	493	0	0	60	433	340	93
PCT9446	ED	1090	240	0	0	24	216	184	32
PCT9446	MV	1090	564	0	0	55	509	368	141
PCT9447	ED	906	236	0	0	26	210	176	34
PCT9447	MV	906	448	0	0	45	403	308	95
PCT9448	ED	909	232	0	1	22	209	172	37
PCT9448	MV	909	429	0	0	46	383	299	84
PCT9449	ED	830	177	2	0	17	158	132	26
PCT9449	MV	830	428	0	0	38	390	294	96
PCT9451	ED	420	97	0	0	14	83	66	17
PCT9451	MV	420	218	0	0	20	198	137	61
PCT9452	ED	840	259	0	0	27	232	169	63
PCT9452	MV	840	412	0	0	40	372	275	97
PCT9453	ED	500	135	0	0	16	119	83	36
PCT9453	MV	500	244	0	0	26	218	161	57
PCT9501	MV	148	110	0	0	11	99	84	15
PCT9502	MV	245	177	0	0	7	170	152	18
PCT9503	ED	729	198	0	0	13	185	172	13
PCT9503	MV	729	315	0	0	28	287	260	27
PCT9505	ED	784	177	0	0	11	166	153	13
PCT9505	MV	784	383	0	0	26	357	321	36
PCT9506	ED	766	177	0	0	15	162	146	16
PCT9506	MV	766	313	0	0	22	291	261	30
PCT9507	ED	766	231	0	0	11	220	209	11
PCT9507	MV	766	406	0	1	28	377	347	30
PCT9508	ED	798	237	0	0	21	216	213	3
PCT9508	MV	798	429	0	1	18	410	401	9
PCT9509	ED	759	230	0	0	23	207	195	12
PCT9509	MV	759	386	0	0	30	356	338	18
PCT9511	ED	622	190	0	0	10	180	161	19
PCT9511	MV	622	296	0	0	20	276	252	24
PCT9512	ED	809	240	0	0	23	217	204	13
PCT9512	MV	809	399	0	0	28	371	348	23
PCT9513	ED	902	275	0	0	19	256	237	19
PCT9513	MV	902	390	0	0	25	365	340	25
PCT9514	ED	928	304	0	0	18	286	264	22
PCT9514	MV	928	456	0	0	32	424	390	34
PCT9515	ED	705	222	0	0	14	208	190	18
PCT9515	MV	705	368	0	0	34	334	283	51
PCT9516	ED	866	254	0	0	16	238	198	40
PCT9516	MV	866	427	0	0	34	393	333	60
PCT9517	ED	801	228	0	1	14	213	201	12
PCT9517	MV	801	397	0	0	32	365	334	31
PCT9518	ED	802	229	0	0	20	209	200	9
PCT9518	MV	802	431	0	0	31	400	364	36
PCT9519	ED	910	262	0	0	15	247	224	23
PCT9519	MV	910	486	0	0	29	457	428	29
PCT9521	ED	939	316	0	0	35	281	265	16
PCT9521	MV	939	442	0	0	37	405	380	25
PCT9701	ED	671	201	0	1	18	182	162	20
PCT9701	MV	671	340	0	0	30	310	253	57
PCT9702	ED	723	210	0	0	14	196	180	16
PCT9702	MV	723	364	0	0	27	337	297	40
PCT9703	ED	986	232	0	0	24	208	171	37
PCT9703	MV	986	530	0	0	39	491	397	94
PCT9704	ED	950	279	0	0	26	253	220	33
PCT9704	MV	950	505	0	0	50	455	385	70
PCT9705	ED	919	261	3	0	22	236	212	24
PCT9705	MV	919	483	0	0	29	454	414	40
PCT9706	MV	49	39	0	0	4	35	33	2
PCT9707	ED	821	173	0	0	16	157	114	43
PCT9707	MV	821	491	0	1	30	460	359	101
PCT9708	ED	948	250	0	0	21	229	200	29
PCT9708	MV	948	500	0	0	39	461	416	45
PCT9709	ED	1028	281	7	0	30	244	203	41
PCT9709	MV	1028	517	0	0	50	467	382	85
PCT9711	ED	641	195	0	2	23	170	141	29
PCT9711	MV	641	336	0	0	24	312	246	66
PCT9712	ED	649	160	0	0	8	152	126	26
PCT9712	MV	649	398	1	0	22	375	304	71
PCT9713	ED	960	225	1	0	21	203	166	37
PCT9713	MV	960	489	0	0	66	423	317	106
PCT9714	ED	931	208	1	0	18	189	133	56
PCT9714	MV	931	538	0	0	52	486	368	118
PCT9715	ED	569	180	0	0	18	162	134	28
PCT9715	MV	569	309	0	0	26	283	211	72
PCT9716	ED	947	239	0	0	22	217	182	35
PCT9716	MV	947	481	0	0	43	438	349	89
PCT9717	ED	972	265	0	0	23	242	192	50
PCT9717	MV	972	532	0	0	47	485	391	94
PCT9718	ED	862	227	0	0	18	209	157	52
PCT9718	MV	862	496	0	0	45	451	355	96
PCT9719	ED	901	245	0	0	22	223	179	44
PCT9719	MV	901	524	2	0	46	476	365	111
PCT9721	ED	662	198	0	0	15	183	136	47
PCT9721	MV	662	357	0	0	34	323	250	73
PCT9722	ED	605	119	1	0	16	102	74	28
PCT9722	MV	605	355	0	0	21	334	244	90
PCT9723	ED	481	98	0	0	7	91	63	28
PCT9723	MV	481	275	0	0	34	241	162	79
PCT9724	ED	991	205	0	1	22	182	127	55
PCT9724	MV	991	565	0	0	57	508	335	173
PCT9725	ED	970	214	0	0	26	188	140	48
PCT9725	MV	970	499	0	0	51	448	312	136
PCT9726	ED	655	263	0	0	12	251	221	30
PCT9726	MV	655	241	0	0	19	222	190	32
PCT9727	ED	459	79	0	0	2	77	55	22
PCT9727	MV	459	271	0	0	26	245	164	81
PCT9728	ED	926	231	0	0	21	210	151	59
PCT9728	MV	926	503	0	0	39	464	313	151
PCT9729	ED	800	191	0	0	29	162	115	47
PCT9729	MV	800	442	0	0	40	402	283	119
PCT9731	ED	556	167	0	0	21	146	109	37
PCT9731	MV	556	282	0	0	22	260	189	71
PCT9732	MV	70	56	0	0	0	56	49	7
PCT9733	MV	235	191	0	0	7	184	162	22
PCT9734	ED	603	154	0	0	12	142	97	45
PCT9734	MV	603	341	0	0	25	316	236	80
PCT9735	ED	809	206	0	0	19	187	139	48
PCT9735	MV	809	449	0	0	26	423	324	99
PCT9736	ED	713	173	0	0	20	153	118	35
PCT9736	MV	713	410	0	0	26	384	330	54
PCT9737	ED	818	208	0	0	15	193	167	26
PCT9737	MV	818	476	0	0	34	442	387	55
PCT9738	ED	848	185	0	0	14	171	140	31
PCT9738	MV	848	404	0	0	26	378	308	70
PCT9739	ED	828	220	0	0	8	212	190	22
PCT9739	MV	828	335	0	0	24	311	264	47
PCT9741	ED	552	232	0	0	7	225	214	11
PCT9741	MV	552	105	0	0	3	102	102	0
PCT9742	ED	677	180	4	1	14	161	121	40
PCT9742	MV	677	289	0	0	29	260	183	77
PCT9743	ED	1163	310	0	0	21	289	256	33
PCT9743	MV	1163	501	0	0	29	472	408	64
PCT9744	ED	911	247	1	0	14	232	192	40
PCT9744	MV	911	391	0	0	21	370	308	62
PCT9745	ED	991	282	0	0	29	253	216	37
PCT9745	MV	991	346	0	0	16	330	283	47
PCT9746	ED	884	232	0	0	23	209	150	59
PCT9746	MV	884	452	0	0	32	420	320	100
PCT9747	ED	973	246	0	0	17	229	209	20
PCT9747	MV	973	470	0	0	41	429	351	78
PCT9748	ED	931	229	0	0	19	210	172	38
PCT9748	MV	931	475	1	0	36	438	347	91
PCT9749	ED	913	225	2	0	23	200	181	19
PCT9749	MV	913	384	0	0	40	344	286	58
PCT9751	ED	1016	253	0	0	19	234	193	41
PCT9751	MV	1016	523	0	0	46	477	394	83
PCT9752	ED	710	175	3	0	11	161	124	37
PCT9752	MV	710	392	0	0	22	370	296	74
PCT9753	ED	756	186	0	0	14	172	153	19
PCT9753	MV	756	388	0	0	29	359	301	58
PCT9754	ED	707	47	0	0	2	45	37	8
PCT9754	MV	707	377	0	0	21	356	309	47
PCT9755	ED	582	172	0	0	15	157	135	22
PCT9755	MV	582	285	2	0	13	270	234	36
PCT9756	ED	941	185	0	1	15	169	143	26
PCT9756	MV	941	477	0	0	33	444	342	102
PCT9801	ED	408	104	0	0	10	94	74	20
PCT9801	MV	408	181	0	0	10	171	143	28
CONG12	TO	443570	332491	87	65	28692	303647	263045	40602
CONG14	TO	56946	40357	19	10	3249	37079	29928	7151
ASSM17	TO	291063	214827	62	48	17896	196821	174762	22059
ASSM19	TO	209453	158021	44	27	14045	143905	118211	25694
BART7	TO	38460	24736	3	7	2046	22680	19578	3102
BART8	TO	223735	166386	47	22	15494	150823	122780	28043
BART9	TO	238321	181726	56	46	14401	167223	150615	16608
SUPV1	TO	42767	32743	7	0	2863	29873	25236	4637
SUPV2	TO	50394	40402	1	6	3747	36648	29554	7094
SUPV3	TO	39799	28571	2	3	2920	25646	21660	3986
SUPV4	TO	42953	31699	8	5	3229	28457	22758	5699
SUPV5	TO	53744	42036	5	14	3233	38784	35683	3101
SUPV6	TO	43321	29158	2	12	2683	26461	22903	3558
SUPV7	TO	47076	36587	30	8	2926	33623	27307	6316
SUPV8	TO	58122	48632	31	4	3622	44975	41597	3378
SUPV9	TO	42988	31769	10	8	2441	29310	26597	2713
SUPV10	TO	41862	26459	9	3	2234	24213	20826	3387
SUPV11	TO	37490	24792	1	12	2043	22736	18852	3884
NEIG1	TO	19914	11270	1	3	932	10334	8897	1437
NEIG2	TO	17446	12440	1	1	1420	11018	9255	1763
NEIG3	TO	28644	19045	1	7	1820	17217	14819	2398
NEIG4	TO	7002	5802	3	1	373	5425	4817	608
NEIG5	TO	27634	18420	1	11	1508	16900	13839	3061
NEIG6	TO	14982	12240	2	4	921	11313	10631	682
NEIG7	TO	12118	7928	2	2	666	7258	6182	1076
NEIG8	TO	9734	7857	0	2	602	7253	6546	707
NEIG9	TO	8390	5918	1	1	440	5476	4431	1045
NEIG10	TO	10097	8010	0	2	625	7383	6435	948
NEIG11	TO	40622	32395	5	5	3029	29356	23638	5718
NEIG12	TO	31129	23295	3	3	1752	21537	20034	1503
NEIG13	TO	16964	14420	3	1	1152	13264	12226	1038
NEIG14	TO	8795	7263	2	2	507	6752	6334	418
NEIG15	TO	7019	5232	0	0	506	4726	3954	772
NEIG26	TO	9293	6104	2	2	589	5511	4414	1097
NEIG16	TO	16814	13081	3	1	1068	12009	10656	1353
NEIG17	TO	37322	28503	5	0	2509	25989	21850	4139
NEIG18	TO	8050	6587	1	0	634	5952	4798	1154
NEIG19	TO	9419	7393	6	2	535	6850	6307	543
NEIG20	TO	24674	17045	2	6	1526	15511	13312	2199
NEIG21	TO	42363	31246	8	5	3190	28043	22385	5658
NEIG22	TO	18966	16190	12	1	1156	15021	14062	959
NEIG23	TO	8139	4488	3	0	447	4038	3195	843
NEIG24	TO	34909	27838	27	5	2265	25541	20660	4881
NEIG25	TO	30077	22838	12	8	1769	21049	19296	1753
