area_id	subtotal_type	RSReg	RSCst	RSRej	RSOvr	RSUnd	RSTot	056:Yes	057:No
ALLPCTS	TO	500516	372848	282	224	11904	360438	190911	169527
ALLPCTS	ED	500516	127886	68	61	4220	123537	72050	51487
ALLPCTS	MV	500516	244962	214	163	7684	236901	118861	118040
PCT1101	ED	553	126	0	0	4	122	70	52
PCT1101	MV	553	266	0	0	2	264	135	129
PCT1102	ED	995	266	0	1	8	257	145	112
PCT1102	MV	995	480	-2	0	10	472	205	267
PCT1103	ED	951	246	1	0	5	240	142	98
PCT1103	MV	951	445	-1	2	8	436	198	238
PCT1104	ED	993	249	-1	0	12	238	139	99
PCT1104	MV	993	414	-2	0	14	402	223	179
PCT1106	ED	765	191	0	0	7	184	96	88
PCT1106	MV	765	343	-1	1	9	334	151	183
PCT1107	ED	746	163	0	0	4	159	89	70
PCT1107	MV	746	336	5	0	3	328	136	192
PCT1108	ED	909	232	-1	0	8	225	133	92
PCT1108	MV	909	438	-1	0	9	430	209	221
PCT1109	ED	798	166	0	0	3	163	87	76
PCT1109	MV	798	365	-2	0	10	357	153	204
PCT1111	ED	1002	205	0	0	7	198	111	87
PCT1111	MV	1002	460	-3	0	22	441	218	223
PCT1112	ED	769	151	2	0	7	142	92	50
PCT1112	MV	769	344	-1	0	14	331	172	159
PCT1113	ED	746	135	0	0	5	130	80	50
PCT1113	MV	746	360	0	0	11	349	160	189
PCT1114	ED	957	226	-2	0	9	219	134	85
PCT1114	MV	957	404	0	0	10	394	220	174
PCT1115	ED	895	174	0	0	3	171	108	63
PCT1115	MV	895	371	-3	0	11	363	174	189
PCT1116	ED	895	225	1	0	5	219	145	74
PCT1116	MV	895	376	-2	0	15	363	176	187
PCT1117	ED	858	185	0	0	6	179	100	79
PCT1117	MV	858	357	1	0	12	344	186	158
PCT1118	ED	1043	213	0	0	6	207	132	75
PCT1118	MV	1043	476	-3	0	16	463	223	240
PCT1119	ED	791	165	0	0	3	162	99	63
PCT1119	MV	791	386	0	1	11	374	169	205
PCT1121	ED	691	160	0	0	6	154	82	72
PCT1121	MV	691	313	-1	0	10	304	123	181
PCT1122	ED	632	110	0	0	3	107	47	60
PCT1122	MV	632	310	-1	0	8	303	128	175
PCT1123	ED	915	179	0	0	4	175	116	59
PCT1123	MV	915	364	-1	0	9	356	159	197
PCT1124	ED	819	152	0	0	5	147	89	58
PCT1124	MV	819	302	-2	0	7	297	157	140
PCT1125	ED	1047	159	1	0	3	155	79	76
PCT1125	MV	1047	466	0	0	18	448	210	238
PCT1126	ED	922	191	0	0	3	188	114	74
PCT1126	MV	922	400	-2	0	11	391	197	194
PCT1127	ED	920	200	0	0	4	196	113	83
PCT1127	MV	920	382	-2	0	13	371	170	201
PCT1128	ED	838	154	0	0	4	150	86	64
PCT1128	MV	838	362	0	0	4	358	188	170
PCT1129	ED	980	227	1	1	6	219	120	99
PCT1129	MV	980	416	2	0	17	397	190	207
PCT1131	ED	797	132	0	1	5	126	71	55
PCT1131	MV	797	371	0	0	11	360	133	227
PCT1132	ED	969	179	2	0	6	171	88	83
PCT1132	MV	969	427	-1	0	19	409	195	214
PCT1133	ED	863	161	1	0	5	155	75	80
PCT1133	MV	863	410	0	0	17	393	165	228
PCT1134	ED	759	170	2	0	7	161	107	54
PCT1134	MV	759	318	-3	0	9	312	126	186
PCT1135	ED	540	87	1	0	3	83	48	35
PCT1135	MV	540	295	1	0	8	286	127	159
PCT1136	ED	829	144	0	0	7	137	81	56
PCT1136	MV	829	412	1	0	8	403	177	226
PCT1141	ED	1041	223	3	0	3	217	127	90
PCT1141	MV	1041	484	-1	0	8	477	245	232
PCT1142	ED	861	175	-1	0	4	172	96	76
PCT1142	MV	861	393	-2	1	16	378	183	195
PCT1143	ED	1034	229	1	0	5	223	138	85
PCT1143	MV	1034	440	1	0	12	427	230	197
PCT1144	ED	907	205	2	0	4	199	110	89
PCT1144	MV	907	387	0	1	8	378	181	197
PCT1145	ED	888	189	1	0	6	182	105	77
PCT1145	MV	888	461	-3	0	14	450	223	227
PCT1146	ED	1011	186	-1	0	6	181	113	68
PCT1146	MV	1011	454	0	0	10	444	226	218
PCT1147	ED	877	210	4	0	5	201	121	80
PCT1147	MV	877	396	2	0	9	385	212	173
PCT1148	ED	962	196	1	0	8	187	122	65
PCT1148	MV	962	444	0	3	11	430	207	223
PCT1149	ED	907	210	1	0	7	202	120	82
PCT1149	MV	907	407	-6	0	17	396	204	192
PCT1152	ED	864	198	-1	0	8	191	107	84
PCT1152	MV	864	388	0	0	12	376	181	195
PCT1153	ED	951	210	0	0	8	202	99	103
PCT1153	MV	951	415	-1	0	12	404	195	209
PCT7001	ED	776	176	0	0	7	169	94	75
PCT7001	MV	776	429	0	1	8	420	194	226
PCT7002	ED	706	176	1	0	6	169	103	66
PCT7002	MV	706	332	1	0	10	321	180	141
PCT7003	ED	884	238	0	0	12	226	113	113
PCT7003	MV	884	498	0	0	13	485	250	235
PCT7004	ED	881	241	1	0	6	234	128	106
PCT7004	MV	881	496	1	1	12	482	245	237
PCT7005	ED	847	253	1	0	7	245	161	84
PCT7005	MV	847	480	-1	0	14	467	259	208
PCT7006	ED	917	254	1	0	6	247	175	72
PCT7006	MV	917	442	1	1	8	432	276	156
PCT7007	ED	949	283	0	0	3	280	166	114
PCT7007	MV	949	516	-1	0	19	498	241	257
PCT7008	ED	932	264	-1	0	2	263	147	116
PCT7008	MV	932	546	2	0	22	522	251	271
PCT7009	ED	905	185	0	0	6	179	119	60
PCT7009	MV	905	513	0	0	13	500	252	248
PCT7011	ED	985	204	0	0	8	196	120	76
PCT7011	MV	985	294	-1	0	10	285	169	116
PCT7012	ED	1109	313	0	0	7	306	170	136
PCT7012	MV	1109	594	1	0	12	581	291	290
PCT7013	ED	956	267	0	0	8	259	161	98
PCT7013	MV	956	501	3	1	12	485	251	234
PCT7014	ED	1460	367	-2	1	4	364	199	165
PCT7014	MV	1460	802	0	1	24	777	402	375
PCT7015	MV	95	44	0	0	1	43	30	13
PCT7016	ED	918	171	1	0	7	163	94	69
PCT7016	MV	918	280	-1	1	9	271	144	127
PCT7017	ED	754	149	0	0	8	141	95	46
PCT7017	MV	754	252	2	0	6	244	153	91
PCT7018	ED	977	155	0	0	7	148	89	59
PCT7018	MV	977	448	-2	0	14	436	174	262
PCT7019	ED	899	182	4	0	12	166	105	61
PCT7019	MV	899	413	1	0	21	391	182	209
PCT7021	ED	947	184	0	0	7	177	117	60
PCT7021	MV	947	305	-1	0	9	297	180	117
PCT7022	ED	945	215	0	0	6	209	136	73
PCT7022	MV	945	352	0	1	22	329	177	152
PCT7023	ED	928	178	-1	0	6	173	107	66
PCT7023	MV	928	400	1	0	18	381	216	165
PCT7024	ED	414	70	0	0	2	68	38	30
PCT7024	MV	414	78	0	0	2	76	41	35
PCT7025	ED	477	85	0	0	6	79	46	33
PCT7025	MV	477	128	-1	0	4	125	80	45
PCT7026	ED	1011	149	0	0	7	142	70	72
PCT7026	MV	1011	455	0	0	17	438	162	276
PCT7027	ED	869	195	0	0	9	186	104	82
PCT7027	MV	869	353	-1	1	14	339	159	180
PCT7028	ED	850	213	-1	0	8	206	136	70
PCT7028	MV	850	282	0	0	8	274	154	120
PCT7029	ED	901	184	0	1	9	174	124	50
PCT7029	MV	901	251	0	0	6	245	133	112
PCT7030	ED	759	119	0	0	2	117	59	58
PCT7030	MV	759	357	0	0	13	344	133	211
PCT7031	ED	641	91	0	0	9	82	47	35
PCT7031	MV	641	309	-1	1	13	296	169	127
PCT7032	ED	904	173	1	0	7	165	109	56
PCT7032	MV	904	316	2	1	12	301	151	150
PCT7033	ED	798	191	1	0	3	187	107	80
PCT7033	MV	798	247	-2	0	6	243	130	113
PCT7034	ED	958	197	0	0	13	184	128	56
PCT7034	MV	958	201	0	0	9	192	114	78
PCT7035	ED	606	122	1	0	4	117	68	49
PCT7035	MV	606	262	-1	1	6	256	115	141
PCT7036	ED	921	117	0	1	5	111	56	55
PCT7036	MV	921	342	2	0	10	330	158	172
PCT7037	ED	735	135	-5	0	6	134	92	42
PCT7037	MV	735	98	-1	1	4	94	64	30
PCT7038	ED	911	135	0	0	8	127	69	58
PCT7038	MV	911	351	0	0	16	335	141	194
PCT7039	ED	784	178	1	0	5	172	94	78
PCT7039	MV	784	306	3	0	5	298	141	157
PCT7041	MV	61	33	0	0	0	33	15	18
PCT7042	ED	639	118	0	0	3	115	65	50
PCT7042	MV	639	258	0	1	15	242	121	121
PCT7043	ED	957	176	0	0	3	173	122	51
PCT7043	MV	957	404	-1	2	17	386	203	183
PCT7044	ED	827	167	1	0	3	163	115	48
PCT7044	MV	827	193	0	0	15	178	94	84
PCT7045	ED	779	120	0	0	10	110	59	51
PCT7045	MV	779	344	2	0	8	334	124	210
PCT7046	ED	402	94	0	0	4	90	52	38
PCT7046	MV	402	175	1	0	8	166	62	104
PCT7047	ED	823	119	0	0	7	112	69	43
PCT7047	MV	823	388	1	0	15	372	183	189
PCT7048	ED	858	150	3	0	5	142	84	58
PCT7048	MV	858	318	4	1	16	297	141	156
PCT7049	ED	792	173	-1	0	12	162	84	78
PCT7049	MV	792	305	2	0	10	293	113	180
PCT7051	ED	861	114	0	0	9	105	49	56
PCT7051	MV	861	380	1	0	20	359	140	219
PCT7052	ED	852	161	1	0	3	157	80	77
PCT7052	MV	852	402	-1	0	20	383	147	236
PCT7053	ED	548	102	0	0	7	95	53	42
PCT7053	MV	548	278	0	0	10	268	113	155
PCT7054	ED	1073	215	1	0	3	211	133	78
PCT7054	MV	1073	410	5	0	10	395	218	177
PCT7055	ED	808	190	-3	1	8	184	115	69
PCT7055	MV	808	440	-1	0	12	429	227	202
PCT7101	MV	155	120	-1	1	5	115	65	50
PCT7201	ED	936	245	1	0	8	236	100	136
PCT7201	MV	936	518	1	0	21	496	233	263
PCT7202	ED	850	227	-1	1	8	219	90	129
PCT7202	MV	850	431	2	0	13	416	175	241
PCT7203	ED	921	291	3	0	7	281	151	130
PCT7203	MV	921	423	0	0	11	412	198	214
PCT7204	ED	918	233	0	2	9	222	110	112
PCT7204	MV	918	531	-1	1	15	516	199	317
PCT7205	ED	875	251	2	0	10	239	116	123
PCT7205	MV	875	485	0	0	5	480	196	284
PCT7206	ED	378	135	1	0	3	131	78	53
PCT7206	MV	378	191	0	0	4	187	88	99
PCT7207	ED	812	196	-2	0	7	191	114	77
PCT7207	MV	812	434	4	0	17	413	184	229
PCT7208	ED	600	111	-1	0	6	106	65	41
PCT7208	MV	600	328	-4	0	13	319	160	159
PCT7209	ED	626	107	-4	0	7	104	50	54
PCT7209	MV	626	423	-1	1	13	410	145	265
PCT7301	ED	1016	228	-1	0	13	216	122	94
PCT7301	MV	1016	435	2	1	23	409	254	155
PCT7302	ED	814	188	0	0	8	180	91	89
PCT7302	MV	814	458	0	0	25	433	200	233
PCT7303	ED	1042	281	0	1	6	274	162	112
PCT7303	MV	1042	482	-1	1	15	467	233	234
PCT7304	ED	1002	278	0	2	13	263	141	122
PCT7304	MV	1002	493	-2	0	15	480	203	277
PCT7305	ED	871	240	0	0	13	227	115	112
PCT7305	MV	871	460	2	0	11	447	188	259
PCT7306	ED	1056	317	3	0	14	300	154	146
PCT7306	MV	1056	498	-2	1	26	473	230	243
PCT7307	ED	767	210	-1	0	4	207	137	70
PCT7307	MV	767	346	2	0	13	331	142	189
PCT7308	ED	603	177	0	0	8	169	95	74
PCT7308	MV	603	313	2	0	9	302	134	168
PCT7309	ED	884	263	2	0	15	246	129	117
PCT7309	MV	884	439	4	0	25	410	208	202
PCT7311	ED	917	268	2	0	7	259	146	113
PCT7311	MV	917	448	-6	0	24	430	186	244
PCT7312	ED	821	203	0	0	10	193	76	117
PCT7312	MV	821	470	1	0	23	446	147	299
PCT7313	ED	968	225	3	0	9	213	133	80
PCT7313	MV	968	485	3	1	21	460	217	243
PCT7314	ED	787	125	0	0	13	112	75	37
PCT7314	MV	787	271	-1	0	27	245	151	94
PCT7315	ED	760	220	-5	0	10	215	131	84
PCT7315	MV	760	282	1	0	9	272	157	115
PCT7316	ED	853	205	0	0	3	202	128	74
PCT7316	MV	853	367	1	0	14	352	194	158
PCT7317	ED	904	189	0	0	9	180	113	67
PCT7317	MV	904	454	-2	0	17	439	214	225
PCT7318	ED	727	179	1	0	5	173	83	90
PCT7318	MV	727	390	-3	0	18	375	180	195
PCT7319	ED	1079	301	0	0	10	291	167	124
PCT7319	MV	1079	516	1	1	28	486	203	283
PCT7321	ED	671	149	-2	0	6	145	77	68
PCT7321	MV	671	286	1	0	6	279	134	145
PCT7322	ED	874	65	-1	0	3	63	41	22
PCT7322	MV	874	337	-3	0	22	318	169	149
PCT7323	ED	950	234	0	0	8	226	121	105
PCT7323	MV	950	455	0	0	9	446	229	217
PCT7324	ED	755	190	-1	1	10	180	102	78
PCT7324	MV	755	364	1	1	16	346	190	156
PCT7325	ED	904	243	0	0	11	232	123	109
PCT7325	MV	904	436	1	2	14	419	213	206
PCT7326	ED	876	200	0	0	5	195	126	69
PCT7326	MV	876	430	1	1	22	406	198	208
PCT7327	ED	699	71	0	0	6	65	36	29
PCT7327	MV	699	276	-2	0	12	266	132	134
PCT7328	ED	973	94	-2	0	5	91	55	36
PCT7328	MV	973	394	3	0	25	366	203	163
PCT7329	ED	640	112	-17	0	5	124	61	63
PCT7329	MV	640	321	2	0	15	304	131	173
PCT7331	ED	852	213	1	0	13	199	103	96
PCT7331	MV	852	461	-1	0	17	445	213	232
PCT7332	ED	834	225	0	0	5	220	149	71
PCT7332	MV	834	364	-1	0	13	352	222	130
PCT7333	ED	1044	298	0	0	13	285	173	112
PCT7333	MV	1044	543	5	1	12	525	311	214
PCT7334	ED	881	199	1	1	6	191	127	64
PCT7334	MV	881	462	4	0	10	448	250	198
PCT7335	ED	970	225	1	0	11	213	122	91
PCT7335	MV	970	523	-2	0	8	517	251	266
PCT7336	ED	955	238	-1	0	13	226	120	106
PCT7336	MV	955	523	2	0	19	502	213	289
PCT7337	ED	851	179	-1	0	7	173	94	79
PCT7337	MV	851	464	-3	0	18	449	231	218
PCT7338	ED	915	153	0	0	8	145	86	59
PCT7338	MV	915	426	-3	0	26	403	183	220
PCT7339	ED	669	174	1	0	5	168	93	75
PCT7339	MV	669	309	-1	0	5	305	163	142
PCT7341	ED	908	260	0	0	15	245	171	74
PCT7341	MV	908	401	3	0	9	389	225	164
PCT7342	ED	947	334	0	0	13	321	205	116
PCT7342	MV	947	414	1	0	12	401	243	158
PCT7343	ED	731	234	0	0	4	230	159	71
PCT7343	MV	731	316	1	1	10	304	203	101
PCT7344	ED	1110	291	0	1	11	279	185	94
PCT7344	MV	1110	538	-3	0	14	527	315	212
PCT7345	ED	1141	329	0	0	11	318	217	101
PCT7345	MV	1141	521	2	0	11	508	336	172
PCT7346	ED	920	250	-3	0	8	245	182	63
PCT7346	MV	920	384	0	0	6	378	250	128
PCT7347	ED	1040	241	-2	0	8	235	174	61
PCT7347	MV	1040	480	4	0	15	461	338	123
PCT7348	ED	861	210	0	1	8	201	144	57
PCT7348	MV	861	353	-1	0	14	340	228	112
PCT7349	ED	957	248	-3	1	7	243	154	89
PCT7349	MV	957	427	3	1	12	411	249	162
PCT7501	ED	565	172	-1	0	7	166	64	102
PCT7501	MV	565	308	2	0	8	298	123	175
PCT7502	ED	784	180	1	0	6	173	97	76
PCT7502	MV	784	447	0	0	18	429	208	221
PCT7503	ED	764	208	0	0	13	195	106	89
PCT7503	MV	764	388	3	3	8	374	193	181
PCT7504	ED	503	112	1	0	6	105	65	40
PCT7504	MV	503	222	2	0	5	215	112	103
PCT7505	ED	869	158	1	0	5	152	74	78
PCT7505	MV	869	532	4	0	18	510	223	287
PCT7506	ED	999	226	-3	0	7	222	159	63
PCT7506	MV	999	473	1	0	11	461	300	161
PCT7507	ED	955	211	1	0	8	202	134	68
PCT7507	MV	955	344	-2	0	12	334	222	112
PCT7508	ED	727	154	-1	0	9	146	85	61
PCT7508	MV	727	427	4	0	14	409	238	171
PCT7509	ED	932	235	3	0	6	226	152	74
PCT7509	MV	932	470	1	0	15	454	276	178
PCT7512	ED	612	150	1	0	7	142	73	69
PCT7512	MV	612	283	0	0	12	271	150	121
PCT7513	ED	818	225	0	0	12	213	156	57
PCT7513	MV	818	315	0	0	12	303	209	94
PCT7514	ED	874	140	0	0	6	134	97	37
PCT7514	MV	874	305	3	0	18	284	169	115
PCT7515	ED	869	212	2	0	7	203	140	63
PCT7515	MV	869	389	-1	2	8	380	224	156
PCT7516	ED	922	172	2	0	6	164	109	55
PCT7516	MV	922	538	0	1	20	517	276	241
PCT7517	ED	863	289	1	0	7	281	196	85
PCT7517	MV	863	410	0	0	10	400	261	139
PCT7518	ED	950	309	2	1	8	298	190	108
PCT7518	MV	950	480	1	2	10	467	280	187
PCT7519	ED	737	224	0	0	2	222	143	79
PCT7519	MV	737	355	-1	0	12	344	226	118
PCT7521	ED	812	292	6	0	8	278	187	91
PCT7521	MV	812	354	-1	0	2	353	223	130
PCT7522	ED	764	207	0	0	1	206	143	63
PCT7522	MV	764	397	1	0	13	383	243	140
PCT7523	ED	747	275	0	0	9	266	192	74
PCT7523	MV	747	359	1	0	6	352	213	139
PCT7524	ED	615	181	1	0	3	177	106	71
PCT7524	MV	615	262	1	0	6	255	165	90
PCT7525	ED	800	205	2	0	6	197	140	57
PCT7525	MV	800	341	0	1	16	324	197	127
PCT7526	ED	1011	292	-1	0	6	287	190	97
PCT7526	MV	1011	552	1	1	15	535	304	231
PCT7527	ED	725	211	0	0	7	204	142	62
PCT7527	MV	725	339	0	1	7	331	202	129
PCT7529	ED	948	295	2	0	12	281	189	92
PCT7529	MV	948	486	-1	0	15	472	317	155
PCT7531	ED	865	228	0	0	5	223	165	58
PCT7531	MV	865	442	0	0	9	433	279	154
PCT7532	ED	852	246	1	0	11	234	164	70
PCT7532	MV	852	398	1	0	12	385	197	188
PCT7533	ED	1015	357	1	0	5	351	258	93
PCT7533	MV	1015	490	0	0	16	474	316	158
PCT7534	ED	936	322	-1	0	9	314	216	98
PCT7534	MV	936	415	0	0	11	404	236	168
PCT7535	ED	767	262	3	0	7	252	169	83
PCT7535	MV	767	387	0	0	11	376	235	141
PCT7536	ED	863	291	1	0	12	278	200	78
PCT7536	MV	863	421	-1	0	7	415	247	168
PCT7537	ED	752	240	-1	0	6	235	157	78
PCT7537	MV	752	363	1	1	7	354	214	140
PCT7538	ED	771	246	2	0	7	237	153	84
PCT7538	MV	771	400	0	0	7	393	242	151
PCT7539	ED	922	330	-1	0	7	324	236	88
PCT7539	MV	922	428	0	0	15	413	254	159
PCT7541	ED	805	248	-2	0	5	245	175	70
PCT7541	MV	805	400	0	0	11	389	256	133
PCT7542	ED	821	272	-1	0	8	265	192	73
PCT7542	MV	821	389	0	0	9	380	250	130
PCT7543	ED	909	216	-2	0	6	212	143	69
PCT7543	MV	909	467	2	0	10	455	269	186
PCT7544	ED	898	258	-2	0	11	249	176	73
PCT7544	MV	898	479	3	1	6	469	286	183
PCT7545	ED	918	273	-2	0	8	267	182	85
PCT7545	MV	918	480	-2	0	10	472	281	191
PCT7546	ED	982	304	0	0	9	295	203	92
PCT7546	MV	982	517	-1	0	17	501	300	201
PCT7547	ED	1029	315	1	0	10	304	224	80
PCT7547	MV	1029	505	2	0	14	489	322	167
PCT7548	ED	1073	319	0	0	10	309	195	114
PCT7548	MV	1073	512	1	0	8	503	310	193
PCT7549	ED	811	215	1	0	6	208	136	72
PCT7549	MV	811	431	-4	1	12	422	236	186
PCT7551	ED	741	239	0	0	9	230	146	84
PCT7551	MV	741	394	0	0	14	380	225	155
PCT7552	ED	727	241	2	0	7	232	128	104
PCT7552	MV	727	361	-1	0	5	357	197	160
PCT7553	MV	180	126	2	0	5	119	59	60
PCT7554	ED	808	247	1	0	9	237	126	111
PCT7554	MV	808	442	3	0	15	424	200	224
PCT7555	ED	886	290	-1	0	8	283	158	125
PCT7555	MV	886	459	-1	0	20	440	202	238
PCT7556	ED	969	275	0	0	7	268	129	139
PCT7556	MV	969	573	0	1	7	565	271	294
PCT7601	ED	767	191	1	0	9	181	139	42
PCT7601	MV	767	290	1	0	15	274	199	75
PCT7602	ED	901	213	0	0	12	201	148	53
PCT7602	MV	901	379	1	1	11	366	282	84
PCT7603	ED	830	250	-1	0	4	247	197	50
PCT7603	MV	830	376	-2	1	5	372	278	94
PCT7604	ED	954	266	1	0	9	256	188	68
PCT7604	MV	954	352	2	0	13	337	246	91
PCT7605	ED	648	120	0	1	10	109	85	24
PCT7605	MV	648	203	-1	0	12	192	137	55
PCT7606	ED	924	205	2	0	14	189	154	35
PCT7606	MV	924	330	0	0	6	324	240	84
PCT7607	ED	960	215	1	1	14	199	154	45
PCT7607	MV	960	407	2	1	10	394	257	137
PCT7608	ED	392	70	1	0	6	63	44	19
PCT7608	MV	392	136	0	0	9	127	81	46
PCT7609	ED	926	120	-1	0	7	114	89	25
PCT7609	MV	926	352	4	1	24	323	238	85
PCT7611	ED	755	126	1	0	6	119	85	34
PCT7611	MV	755	269	1	0	26	242	158	84
PCT7612	ED	583	97	2	0	5	90	53	37
PCT7612	MV	583	265	0	0	19	246	132	114
PCT7613	ED	908	204	3	0	11	190	148	42
PCT7613	MV	908	340	0	0	10	330	245	85
PCT7614	ED	1029	223	4	0	14	205	157	48
PCT7614	MV	1029	375	1	0	13	361	273	88
PCT7615	ED	762	162	2	0	14	146	113	33
PCT7615	MV	762	237	0	0	13	224	163	61
PCT7616	ED	1203	324	5	0	7	312	182	130
PCT7616	MV	1203	686	0	0	20	666	372	294
PCT7617	ED	768	102	1	0	5	96	71	25
PCT7617	MV	768	261	-1	0	16	246	167	79
PCT7618	ED	862	168	-2	1	9	160	112	48
PCT7618	MV	862	407	3	0	11	393	222	171
PCT7619	ED	1063	219	-1	0	4	216	138	78
PCT7619	MV	1063	563	-2	1	17	547	342	205
PCT7621	ED	1320	287	-1	1	9	278	183	95
PCT7621	MV	1320	668	2	0	20	646	383	263
PCT7622	ED	988	170	-1	0	7	164	119	45
PCT7622	MV	988	301	2	1	8	290	207	83
PCT7623	ED	746	184	1	0	6	177	128	49
PCT7623	MV	746	297	1	0	8	288	194	94
PCT7624	ED	859	142	-4	0	2	144	111	33
PCT7624	MV	859	290	1	0	12	277	187	90
PCT7625	ED	822	66	1	0	4	61	32	29
PCT7625	MV	822	475	0	1	41	433	223	210
PCT7626	ED	1114	227	0	0	10	217	121	96
PCT7626	MV	1114	612	-1	0	25	588	242	346
PCT7627	ED	1187	267	-1	0	10	258	136	122
PCT7627	MV	1187	582	2	0	15	565	238	327
PCT7628	ED	960	241	1	0	4	236	153	83
PCT7628	MV	960	428	0	0	8	420	269	151
PCT7629	ED	809	208	3	0	4	201	136	65
PCT7629	MV	809	343	0	0	6	337	186	151
PCT7631	ED	1155	270	2	0	9	259	166	93
PCT7631	MV	1155	577	0	0	19	558	293	265
PCT7632	ED	1124	289	3	0	10	276	169	107
PCT7632	MV	1124	561	0	0	15	546	335	211
PCT7633	ED	741	137	0	0	8	129	77	52
PCT7633	MV	741	392	3	0	18	371	179	192
PCT7634	ED	900	195	-1	0	15	181	120	61
PCT7634	MV	900	421	0	0	28	393	219	174
PCT7635	ED	840	158	0	0	7	151	94	57
PCT7635	MV	840	382	2	0	12	368	177	191
PCT7636	ED	938	251	1	1	9	240	128	112
PCT7636	MV	938	465	1	1	13	450	179	271
PCT7637	ED	809	193	-2	0	6	189	79	110
PCT7637	MV	809	404	-1	0	10	395	146	249
PCT7638	ED	1467	295	0	0	19	276	92	184
PCT7638	MV	1467	871	5	0	25	841	264	577
PCT7639	ED	1011	242	-2	0	12	232	105	127
PCT7639	MV	1011	559	0	0	29	530	191	339
PCT7641	ED	972	205	0	0	9	196	74	122
PCT7641	MV	972	549	0	0	18	531	218	313
PCT7642	ED	937	153	0	0	6	147	94	53
PCT7642	MV	937	394	-1	0	41	354	187	167
PCT7643	ED	920	169	0	0	11	158	81	77
PCT7643	MV	920	507	1	1	15	490	241	249
PCT7644	ED	1175	330	2	0	9	319	181	138
PCT7644	MV	1175	554	2	0	19	533	270	263
PCT7645	ED	640	120	-1	0	6	115	62	53
PCT7645	MV	640	377	0	0	9	368	137	231
PCT7646	ED	1100	267	-1	0	15	253	153	100
PCT7646	MV	1100	592	4	1	14	573	276	297
PCT7647	ED	1075	205	0	0	8	197	150	47
PCT7647	MV	1075	283	0	0	8	275	209	66
PCT7648	MV	1	0	0	0	0	0	0	0
PCT7649	ED	891	178	3	0	3	172	121	51
PCT7649	MV	891	395	2	1	16	376	222	154
PCT7651	ED	677	166	-5	0	6	165	74	91
PCT7651	MV	677	351	5	0	8	338	142	196
PCT7652	ED	628	135	0	0	4	131	73	58
PCT7652	MV	628	301	4	0	10	287	117	170
PCT7653	ED	1280	300	0	0	13	287	141	146
PCT7653	MV	1280	673	0	2	23	648	298	350
PCT7701	ED	1064	296	-1	0	9	288	181	107
PCT7701	MV	1064	597	1	1	13	582	312	270
PCT7702	ED	748	180	-2	0	6	176	88	88
PCT7702	MV	748	415	0	0	14	401	164	237
PCT7703	MV	171	79	4	1	11	63	43	20
PCT7704	ED	1008	257	1	1	8	247	107	140
PCT7704	MV	1008	557	1	0	22	534	193	341
PCT7705	ED	568	149	-2	0	4	147	56	91
PCT7705	MV	568	335	0	0	11	324	108	216
PCT7706	ED	840	252	1	0	2	249	103	146
PCT7706	MV	840	467	-1	0	14	454	156	298
PCT7707	ED	857	241	1	0	3	237	97	140
PCT7707	MV	857	495	-1	0	23	473	208	265
PCT7708	ED	871	205	-1	0	7	199	95	104
PCT7708	MV	871	540	2	1	24	513	201	312
PCT7709	ED	391	102	0	0	2	100	64	36
PCT7709	MV	391	222	0	0	6	216	115	101
PCT7711	ED	766	198	1	0	6	191	103	88
PCT7711	MV	766	422	-2	0	11	413	195	218
PCT7712	ED	529	149	-1	0	2	148	83	65
PCT7712	MV	529	296	-1	0	12	285	169	116
PCT7801	ED	1001	264	0	0	4	260	145	115
PCT7801	MV	1001	596	1	0	20	575	261	314
PCT7802	ED	788	230	0	0	5	225	128	97
PCT7802	MV	788	458	-1	0	21	438	235	203
PCT7803	ED	828	174	0	0	2	172	95	77
PCT7803	MV	828	552	1	1	10	540	236	304
PCT7804	ED	893	257	0	0	9	248	141	107
PCT7804	MV	893	533	0	1	18	514	245	269
PCT7805	ED	825	228	1	0	5	222	145	77
PCT7805	MV	825	484	1	0	7	476	259	217
PCT7806	ED	716	208	3	0	6	199	136	63
PCT7806	MV	716	407	0	0	10	397	198	199
PCT7807	ED	844	276	0	1	4	271	180	91
PCT7807	MV	844	417	2	0	8	407	247	160
PCT7808	ED	655	211	-1	0	7	205	147	58
PCT7808	MV	655	333	0	0	6	327	208	119
PCT7809	ED	781	238	1	1	7	229	162	67
PCT7809	MV	781	405	3	0	9	393	270	123
PCT7811	ED	783	249	0	0	3	246	174	72
PCT7811	MV	783	404	-1	0	12	393	250	143
PCT7812	ED	877	257	0	0	14	243	166	77
PCT7812	MV	877	454	-1	0	14	441	248	193
PCT7813	ED	1064	308	1	0	6	301	208	93
PCT7813	MV	1064	585	4	0	11	570	348	222
PCT7814	ED	936	228	2	1	8	217	161	56
PCT7814	MV	936	341	-1	1	4	337	228	109
PCT7815	ED	954	238	-2	0	4	236	152	84
PCT7815	MV	954	573	1	0	12	560	309	251
PCT7816	ED	865	236	0	0	2	234	147	87
PCT7816	MV	865	531	3	1	12	515	281	234
PCT7817	ED	823	277	1	0	6	270	194	76
PCT7817	MV	823	439	1	0	5	433	270	163
PCT7818	ED	860	234	-1	0	7	228	167	61
PCT7818	MV	860	452	-1	1	9	443	284	159
PCT7819	ED	793	191	0	0	7	184	121	63
PCT7819	MV	793	420	2	0	13	405	234	171
PCT7821	ED	985	248	1	0	1	246	141	105
PCT7821	MV	985	630	5	0	9	616	306	310
PCT7822	ED	908	275	0	0	4	271	176	95
PCT7822	MV	908	480	0	0	9	471	284	187
PCT7823	ED	879	270	7	0	7	256	172	84
PCT7823	MV	879	501	1	0	21	479	281	198
PCT7824	ED	768	247	0	0	5	242	147	95
PCT7824	MV	768	383	0	0	17	366	203	163
PCT7825	ED	597	191	-2	0	4	189	131	58
PCT7825	MV	597	302	-1	1	12	290	199	91
PCT7826	ED	684	258	1	1	3	253	165	88
PCT7826	MV	684	319	-1	1	15	304	190	114
PCT7827	ED	831	261	0	0	5	256	197	59
PCT7827	MV	831	361	0	0	5	356	243	113
PCT7828	ED	1018	261	1	0	11	249	150	99
PCT7828	MV	1018	549	-1	0	11	539	297	242
PCT7829	ED	907	237	1	1	2	233	131	102
PCT7829	MV	907	557	-1	2	14	542	264	278
PCT7831	ED	882	233	1	0	5	227	126	101
PCT7831	MV	882	544	14	0	16	514	264	250
PCT7832	ED	780	188	-1	0	5	184	110	74
PCT7832	MV	780	488	0	0	9	479	261	218
PCT7833	ED	747	230	0	0	4	226	147	79
PCT7833	MV	747	412	-1	1	16	396	240	156
PCT7834	ED	867	277	1	0	7	269	187	82
PCT7834	MV	867	439	2	0	6	431	255	176
PCT7835	ED	847	211	0	0	6	205	131	74
PCT7835	MV	847	505	5	0	9	491	315	176
PCT7836	ED	1023	260	1	0	9	250	169	81
PCT7836	MV	1023	623	-1	0	8	616	388	228
PCT7837	ED	911	260	1	0	7	252	152	100
PCT7837	MV	911	509	1	1	14	493	253	240
PCT7838	ED	926	239	2	0	4	233	130	103
PCT7838	MV	926	546	5	0	11	530	226	304
PCT7839	ED	842	205	1	0	9	195	95	100
PCT7839	MV	842	515	-6	0	14	507	211	296
PCT7841	ED	937	291	2	0	5	284	168	116
PCT7841	MV	937	526	5	1	8	512	286	226
PCT7842	ED	903	283	0	0	4	279	181	98
PCT7842	MV	903	434	-3	1	9	427	249	178
PCT7843	ED	767	232	-1	0	7	226	162	64
PCT7843	MV	767	380	-1	0	11	370	210	160
PCT7844	ED	663	196	0	0	4	192	132	60
PCT7844	MV	663	329	0	0	5	324	203	121
PCT7845	ED	849	241	-2	0	7	236	110	126
PCT7845	MV	849	469	-2	0	17	454	212	242
PCT7846	ED	904	262	1	0	8	253	133	120
PCT7846	MV	904	509	0	1	15	493	225	268
PCT7847	ED	929	261	1	0	7	253	147	106
PCT7847	MV	929	529	-1	1	27	502	274	228
PCT7848	ED	834	233	0	0	11	222	99	123
PCT7848	MV	834	491	-2	0	16	477	228	249
PCT7849	ED	929	264	0	0	5	259	173	86
PCT7849	MV	929	522	2	2	10	508	265	243
PCT7851	ED	513	136	0	0	4	132	52	80
PCT7851	MV	513	298	2	0	5	291	103	188
PCT7852	ED	647	143	0	0	4	139	67	72
PCT7852	MV	647	394	0	0	6	388	173	215
PCT7853	ED	850	214	1	0	3	210	117	93
PCT7853	MV	850	479	8	1	11	459	236	223
PCT7854	ED	894	248	0	0	4	244	158	86
PCT7854	MV	894	500	1	0	11	488	244	244
PCT7855	ED	986	301	0	0	8	293	162	131
PCT7855	MV	986	522	-1	0	16	507	239	268
PCT7856	ED	800	265	0	0	8	257	145	112
PCT7856	MV	800	425	2	0	19	404	215	189
PCT7857	ED	933	276	3	0	8	265	175	90
PCT7857	MV	933	517	-2	1	10	508	281	227
PCT7858	ED	775	245	1	0	2	242	181	61
PCT7858	MV	775	394	2	0	6	386	235	151
PCT7859	ED	891	250	-1	0	8	243	129	114
PCT7859	MV	891	513	2	0	15	496	233	263
PCT7861	ED	859	217	0	0	7	210	121	89
PCT7861	MV	859	510	1	0	7	502	246	256
PCT7862	ED	866	302	2	0	10	290	150	140
PCT7862	MV	866	472	2	0	14	456	228	228
PCT7863	ED	907	311	0	0	9	302	191	111
PCT7863	MV	907	440	0	0	14	426	244	182
PCT7864	ED	807	232	0	0	9	223	140	83
PCT7864	MV	807	427	-3	0	11	419	228	191
PCT7865	ED	823	241	1	0	5	235	154	81
PCT7865	MV	823	463	2	0	9	452	224	228
PCT7866	ED	836	209	0	0	8	201	97	104
PCT7866	MV	836	491	1	1	14	475	188	287
PCT7867	ED	955	266	-1	0	7	260	142	118
PCT7867	MV	955	512	5	0	16	491	234	257
PCT7868	ED	881	242	0	0	8	234	128	106
PCT7868	MV	881	449	1	0	14	434	203	231
PCT7869	ED	867	239	0	0	6	233	126	107
PCT7869	MV	867	489	-2	1	16	474	229	245
PCT7871	ED	900	259	1	0	11	247	128	119
PCT7871	MV	900	502	1	0	14	487	238	249
PCT7872	ED	862	288	2	0	15	271	142	129
PCT7872	MV	862	472	0	0	16	456	204	252
PCT7873	ED	861	257	2	0	2	253	134	119
PCT7873	MV	861	502	-2	0	12	492	248	244
PCT7874	ED	477	137	1	0	3	133	65	68
PCT7874	MV	477	256	2	0	9	245	139	106
PCT7875	ED	623	180	1	1	4	174	108	66
PCT7875	MV	623	285	0	0	7	278	150	128
PCT7876	ED	498	154	9	0	4	141	94	47
PCT7876	MV	498	269	0	0	15	254	160	94
PCT7901	ED	522	136	1	0	4	131	96	35
PCT7901	MV	522	198	0	0	1	197	118	79
PCT7902	ED	968	258	-1	0	10	249	171	78
PCT7902	MV	968	401	-2	0	8	395	248	147
PCT7903	ED	840	201	0	3	10	188	132	56
PCT7903	MV	840	350	0	0	6	344	222	122
PCT7904	ED	877	212	2	0	5	205	142	63
PCT7904	MV	877	403	-1	1	7	396	238	158
PCT7905	ED	851	254	-1	0	8	247	165	82
PCT7905	MV	851	409	4	0	8	397	243	154
PCT7906	ED	787	245	0	0	7	238	186	52
PCT7906	MV	787	335	-2	0	11	326	193	133
PCT7907	ED	950	278	1	0	10	267	184	83
PCT7907	MV	950	425	-3	0	8	420	263	157
PCT7908	ED	949	284	1	0	7	276	197	79
PCT7908	MV	949	408	1	0	11	396	254	142
PCT7909	ED	733	251	-1	0	6	246	166	80
PCT7909	MV	733	303	-1	0	8	296	181	115
PCT7911	ED	860	244	-1	0	4	241	156	85
PCT7911	MV	860	395	-2	1	15	381	245	136
PCT7912	ED	1065	291	1	0	10	280	205	75
PCT7912	MV	1065	463	-2	0	14	451	281	170
PCT7913	ED	913	312	1	1	7	303	208	95
PCT7913	MV	913	378	-2	0	6	374	224	150
PCT7914	ED	883	278	-1	0	9	270	180	90
PCT7914	MV	883	425	4	0	9	412	267	145
PCT7915	ED	831	266	1	0	2	263	196	67
PCT7915	MV	831	351	0	0	12	339	217	122
PCT7916	ED	888	284	-1	0	9	276	207	69
PCT7916	MV	888	421	0	1	6	414	270	144
PCT7917	ED	1015	315	1	0	3	311	229	82
PCT7917	MV	1015	428	1	0	10	417	280	137
PCT7918	ED	836	253	0	0	7	246	172	74
PCT7918	MV	836	379	0	0	7	372	252	120
PCT7919	ED	895	309	0	0	6	303	232	71
PCT7919	MV	895	376	-1	0	6	371	257	114
PCT7921	ED	917	232	1	1	5	225	178	47
PCT7921	MV	917	366	-1	0	10	357	224	133
PCT7922	ED	831	250	-1	0	3	248	184	64
PCT7922	MV	831	383	-1	0	12	372	242	130
PCT7923	ED	885	262	0	0	3	259	181	78
PCT7923	MV	885	403	-1	0	4	400	262	138
PCT7924	ED	842	238	0	1	3	234	170	64
PCT7924	MV	842	382	2	0	12	368	226	142
PCT7925	ED	567	156	0	0	1	155	112	43
PCT7925	MV	567	293	1	0	8	284	181	103
PCT7926	ED	795	229	0	0	0	229	144	85
PCT7926	MV	795	390	0	0	8	382	231	151
PCT7927	ED	747	241	-1	0	8	234	164	70
PCT7927	MV	747	392	2	1	4	385	236	149
PCT7928	ED	931	284	-1	0	7	278	176	102
PCT7928	MV	931	489	0	0	14	475	287	188
PCT7929	ED	864	248	0	1	5	242	148	94
PCT7929	MV	864	509	2	0	9	498	262	236
PCT7931	ED	738	219	0	0	6	213	127	86
PCT7931	MV	738	408	0	0	7	401	205	196
PCT7932	ED	551	157	1	0	5	151	97	54
PCT7932	MV	551	285	1	1	5	278	144	134
PCT7933	MV	6	4	0	0	0	4	3	1
PCT7934	ED	890	250	-1	0	1	250	163	87
PCT7934	MV	890	472	0	0	6	466	292	174
PCT7935	ED	970	305	0	1	7	297	197	100
PCT7935	MV	970	519	-2	0	18	503	294	209
PCT7936	ED	856	287	1	0	8	278	194	84
PCT7936	MV	856	428	-1	0	11	418	259	159
PCT7937	ED	886	267	0	0	8	259	178	81
PCT7937	MV	886	435	0	1	12	422	245	177
PCT7938	ED	788	213	0	0	4	209	146	63
PCT7938	MV	788	337	3	0	13	321	196	125
PCT7939	ED	688	254	0	0	6	248	162	86
PCT7939	MV	688	326	1	0	12	313	192	121
PCT7941	ED	751	218	-2	0	5	215	128	87
PCT7941	MV	751	348	0	0	16	332	195	137
PCT7942	ED	914	259	-1	0	11	249	163	86
PCT7942	MV	914	412	0	1	13	398	214	184
PCT7943	ED	872	258	8	0	2	248	144	104
PCT7943	MV	872	439	2	0	9	428	227	201
PCT7944	ED	801	243	0	0	0	243	165	78
PCT7944	MV	801	381	2	0	6	373	214	159
PCT7945	ED	915	186	2	0	9	175	114	61
PCT7945	MV	915	414	0	0	10	404	239	165
PCT7946	ED	945	183	1	0	3	179	109	70
PCT7946	MV	945	451	0	0	10	441	201	240
PCT7947	ED	946	182	1	0	4	177	99	78
PCT7947	MV	946	430	-1	0	15	416	189	227
PCT7948	ED	928	210	-1	0	8	203	110	93
PCT7948	MV	928	422	-4	0	19	407	175	232
PCT7949	ED	569	100	1	0	3	96	49	47
PCT7949	MV	569	292	-3	0	5	290	94	196
PCT7951	ED	854	166	1	0	7	158	97	61
PCT7951	MV	854	425	0	0	11	414	167	247
PCT7952	ED	866	167	0	0	8	159	84	75
PCT7952	MV	866	359	0	0	10	349	165	184
PCT7953	ED	824	186	4	0	8	174	101	73
PCT7953	MV	824	402	-1	1	11	391	146	245
PCT7955	ED	902	199	0	0	7	192	100	92
PCT7955	MV	902	435	0	0	16	419	180	239
PCT7956	ED	823	136	-1	1	5	131	73	58
PCT7956	MV	823	353	-2	0	13	342	160	182
PCT7957	ED	646	147	-1	0	7	141	86	55
PCT7957	MV	646	298	0	0	11	287	160	127
PCT7958	MV	290	141	1	0	2	138	80	58
PCT7959	ED	727	160	-1	0	7	154	107	47
PCT7959	MV	727	326	0	0	5	321	204	117
PCT9001	MV	273	142	0	0	1	141	76	65
PCT9101	ED	888	260	0	0	15	245	151	94
PCT9101	MV	888	438	-1	0	9	430	211	219
PCT9102	ED	985	257	0	0	5	252	151	101
PCT9102	MV	985	471	0	0	21	450	232	218
PCT9103	ED	954	273	0	0	9	264	145	119
PCT9103	MV	954	431	5	0	12	414	204	210
PCT9104	ED	988	239	0	0	7	232	155	77
PCT9104	MV	988	465	-1	0	10	456	249	207
PCT9105	ED	919	247	1	0	7	239	119	120
PCT9105	MV	919	488	-4	1	21	470	222	248
PCT9106	ED	937	268	0	0	12	256	145	111
PCT9106	MV	937	497	0	1	12	484	230	254
PCT9107	ED	849	219	-1	0	3	217	128	89
PCT9107	MV	849	372	-2	0	19	355	193	162
PCT9108	ED	790	247	0	0	6	241	155	86
PCT9108	MV	790	373	0	0	16	357	185	172
PCT9109	ED	884	263	0	0	9	254	129	125
PCT9109	MV	884	428	-1	0	20	409	203	206
PCT9111	ED	779	229	0	1	7	221	148	73
PCT9111	MV	779	346	2	0	17	327	184	143
PCT9112	ED	976	284	-1	0	10	275	163	112
PCT9112	MV	976	467	-6	1	16	456	231	225
PCT9113	ED	999	311	-2	0	8	305	162	143
PCT9113	MV	999	505	4	1	19	481	239	242
PCT9114	ED	877	263	0	1	13	249	165	84
PCT9114	MV	877	405	-1	0	12	394	221	173
PCT9115	ED	911	258	-1	0	5	254	176	78
PCT9115	MV	911	429	0	0	16	413	254	159
PCT9116	ED	944	281	0	0	10	271	171	100
PCT9116	MV	944	473	2	0	10	461	264	197
PCT9117	ED	783	222	0	0	8	214	116	98
PCT9117	MV	783	398	-1	0	9	390	181	209
PCT9118	ED	974	286	-2	0	11	277	163	114
PCT9118	MV	974	426	1	0	19	406	209	197
PCT9119	ED	891	237	-2	1	17	221	134	87
PCT9119	MV	891	447	0	1	7	439	227	212
PCT9121	ED	930	256	-1	0	10	247	133	114
PCT9121	MV	930	434	0	1	14	419	205	214
PCT9122	ED	953	210	0	0	10	200	122	78
PCT9122	MV	953	454	-1	0	16	439	200	239
PCT9123	ED	858	232	0	0	9	223	130	93
PCT9123	MV	858	418	1	0	7	410	205	205
PCT9124	ED	874	202	0	0	5	197	135	62
PCT9124	MV	874	438	1	0	15	422	209	213
PCT9125	ED	861	210	-1	0	10	201	127	74
PCT9125	MV	861	437	1	0	17	419	227	192
PCT9126	ED	1015	245	-2	0	10	237	120	117
PCT9126	MV	1015	533	-2	1	14	520	232	288
PCT9127	ED	960	269	0	0	6	263	138	125
PCT9127	MV	960	498	-1	0	21	478	251	227
PCT9128	ED	828	248	1	0	9	238	121	117
PCT9128	MV	828	412	2	0	13	397	184	213
PCT9129	ED	741	243	1	0	4	238	139	99
PCT9129	MV	741	348	0	0	10	338	161	177
PCT9131	ED	759	193	0	0	5	188	107	81
PCT9131	MV	759	403	1	0	18	384	193	191
PCT9132	ED	837	248	-1	0	11	238	156	82
PCT9132	MV	837	371	-1	1	11	360	223	137
PCT9133	ED	1021	271	0	0	12	259	159	100
PCT9133	MV	1021	503	3	0	21	479	262	217
PCT9134	ED	893	210	2	0	10	198	110	88
PCT9134	MV	893	469	-1	1	19	450	222	228
PCT9135	ED	808	215	-1	0	7	209	108	101
PCT9135	MV	808	389	0	0	9	380	177	203
PCT9136	ED	929	253	2	0	12	239	149	90
PCT9136	MV	929	439	2	0	19	418	210	208
PCT9137	ED	1006	260	0	0	6	254	138	116
PCT9137	MV	1006	467	0	0	17	450	198	252
PCT9138	ED	943	226	2	0	7	217	115	102
PCT9138	MV	943	477	0	0	16	461	208	253
PCT9139	ED	975	243	1	0	2	240	125	115
PCT9139	MV	975	510	0	0	18	492	205	287
PCT9141	ED	953	252	0	0	3	249	124	125
PCT9141	MV	953	477	2	0	13	462	238	224
PCT9142	ED	966	276	0	0	12	264	165	99
PCT9142	MV	966	459	1	0	18	440	255	185
PCT9143	ED	920	251	0	0	10	241	135	106
PCT9143	MV	920	463	2	1	8	452	213	239
PCT9144	ED	962	293	0	0	3	290	165	125
PCT9144	MV	962	482	0	0	17	465	212	253
PCT9145	ED	861	249	2	0	7	240	140	100
PCT9145	MV	861	423	-1	0	22	402	184	218
PCT9146	ED	885	245	-1	0	8	238	149	89
PCT9146	MV	885	464	5	0	20	439	255	184
PCT9147	ED	971	281	0	0	11	270	163	107
PCT9147	MV	971	492	-3	0	14	481	256	225
PCT9148	ED	1034	325	0	0	10	315	177	138
PCT9148	MV	1034	513	2	0	8	503	261	242
PCT9149	ED	948	264	-2	0	13	253	175	78
PCT9149	MV	948	478	3	0	15	460	267	193
PCT9151	ED	872	227	0	0	6	221	125	96
PCT9151	MV	872	418	5	0	11	402	188	214
PCT9152	ED	721	270	-12	1	12	269	201	68
PCT9152	MV	721	279	-1	0	8	272	169	103
PCT9201	ED	1004	300	1	0	9	290	193	97
PCT9201	MV	1004	475	1	0	13	461	296	165
PCT9202	ED	971	294	1	0	8	285	149	136
PCT9202	MV	971	426	1	0	19	406	226	180
PCT9203	ED	1002	239	0	0	11	228	92	136
PCT9203	MV	1002	536	-1	0	27	510	176	334
PCT9204	ED	873	273	2	0	8	263	92	171
PCT9204	MV	873	393	1	0	13	379	131	248
PCT9205	ED	728	208	-2	0	8	202	99	103
PCT9205	MV	728	376	4	0	15	357	158	199
PCT9206	ED	931	249	-1	0	11	239	88	151
PCT9206	MV	931	479	1	0	17	461	158	303
PCT9207	ED	981	262	2	0	9	251	85	166
PCT9207	MV	981	502	-1	0	21	482	163	319
PCT9208	ED	1002	287	0	0	12	275	116	159
PCT9208	MV	1002	491	0	0	21	470	197	273
PCT9209	ED	711	245	1	0	11	233	93	140
PCT9209	MV	711	327	2	0	11	314	112	202
PCT9211	ED	889	234	0	0	11	223	107	116
PCT9211	MV	889	432	-1	0	9	424	166	258
PCT9212	ED	803	234	1	1	13	219	108	111
PCT9212	MV	803	400	3	0	18	379	171	208
PCT9213	ED	951	264	2	0	9	253	120	133
PCT9213	MV	951	508	1	0	18	489	220	269
PCT9214	ED	640	166	0	1	4	161	66	95
PCT9214	MV	640	334	0	1	13	320	125	195
PCT9215	ED	652	194	2	0	8	184	61	123
PCT9215	MV	652	327	0	1	13	313	105	208
PCT9216	ED	845	246	2	0	9	235	92	143
PCT9216	MV	845	379	0	1	14	364	141	223
PCT9217	ED	698	194	1	0	13	180	71	109
PCT9217	MV	698	349	2	0	14	333	125	208
PCT9218	ED	841	249	2	0	5	242	100	142
PCT9218	MV	841	412	3	0	23	386	165	221
PCT9219	ED	802	242	-1	0	5	238	131	107
PCT9219	MV	802	399	0	1	15	383	165	218
PCT9221	ED	651	145	-1	0	8	138	35	103
PCT9221	MV	651	399	0	1	10	388	95	293
PCT9222	ED	883	249	-1	0	5	245	78	167
PCT9222	MV	883	449	0	0	20	429	137	292
PCT9223	ED	638	160	-1	0	9	152	63	89
PCT9223	MV	638	338	2	0	7	329	96	233
PCT9224	ED	960	263	0	0	14	249	78	171
PCT9224	MV	960	506	5	0	10	491	170	321
PCT9225	ED	958	299	1	1	13	284	142	142
PCT9225	MV	958	469	1	0	21	447	208	239
PCT9226	ED	926	271	0	0	9	262	120	142
PCT9226	MV	926	486	0	1	19	466	204	262
PCT9227	ED	738	188	0	0	7	181	55	126
PCT9227	MV	738	404	1	0	15	388	134	254
PCT9228	ED	747	189	1	0	6	182	56	126
PCT9228	MV	747	424	0	0	10	414	112	302
PCT9229	ED	598	162	0	0	10	152	62	90
PCT9229	MV	598	316	0	1	9	306	102	204
PCT9231	ED	953	313	3	0	9	301	155	146
PCT9231	MV	953	488	-1	0	20	469	212	257
PCT9232	ED	735	212	0	0	7	205	71	134
PCT9232	MV	735	396	0	1	16	379	140	239
PCT9233	ED	793	209	0	0	8	201	73	128
PCT9233	MV	793	434	1	0	17	416	124	292
PCT9234	ED	746	187	0	0	9	178	87	91
PCT9234	MV	746	438	2	0	15	421	164	257
PCT9235	ED	884	239	0	0	8	231	77	154
PCT9235	MV	884	488	1	0	20	467	132	335
PCT9236	ED	683	201	1	0	10	190	63	127
PCT9236	MV	683	358	2	1	8	347	126	221
PCT9237	ED	936	229	2	0	12	215	85	130
PCT9237	MV	936	539	1	1	25	512	177	335
PCT9238	ED	842	230	-1	0	13	218	89	129
PCT9238	MV	842	456	0	0	12	444	161	283
PCT9239	ED	881	200	1	0	6	193	75	118
PCT9239	MV	881	499	4	0	14	481	183	298
PCT9241	ED	1005	255	1	0	11	243	110	133
PCT9241	MV	1005	578	1	0	18	559	224	335
PCT9242	ED	972	277	2	1	11	263	110	153
PCT9242	MV	972	513	1	0	7	505	234	271
PCT9243	ED	594	193	1	0	11	181	87	94
PCT9243	MV	594	307	-2	0	6	303	126	177
PCT9244	ED	903	255	-2	0	14	243	133	110
PCT9244	MV	903	485	2	0	11	472	201	271
PCT9245	ED	742	209	1	0	11	197	91	106
PCT9245	MV	742	375	1	0	13	361	152	209
PCT9246	ED	929	257	1	1	6	249	113	136
PCT9246	MV	929	528	0	0	20	508	205	303
PCT9247	ED	927	264	2	0	15	247	129	118
PCT9247	MV	927	515	-1	1	19	496	232	264
PCT9248	ED	907	258	0	0	4	254	143	111
PCT9248	MV	907	487	2	2	10	473	230	243
PCT9249	ED	917	271	-1	0	9	263	127	136
PCT9249	MV	917	495	3	0	16	476	224	252
PCT9251	ED	995	287	1	0	11	275	152	123
PCT9251	MV	995	530	4	1	17	508	215	293
PCT9252	ED	944	219	2	0	4	213	111	102
PCT9252	MV	944	550	2	0	17	531	240	291
PCT9253	ED	772	187	0	0	11	176	100	76
PCT9253	MV	772	397	-2	0	13	386	167	219
PCT9254	ED	935	230	-2	0	6	226	136	90
PCT9254	MV	935	538	1	0	14	523	229	294
PCT9255	ED	553	183	2	0	3	178	102	76
PCT9255	MV	553	263	1	0	9	253	139	114
PCT9256	ED	474	130	-2	0	3	129	68	61
PCT9256	MV	474	233	-1	0	3	231	103	128
PCT9257	MV	321	235	0	1	6	228	155	73
PCT9258	ED	712	193	0	0	6	187	107	80
PCT9258	MV	712	373	-2	0	15	360	184	176
PCT9401	ED	1012	293	-5	1	12	285	198	87
PCT9401	MV	1012	484	-1	1	9	475	316	159
PCT9402	ED	977	290	0	0	7	283	170	113
PCT9402	MV	977	458	-1	0	19	440	235	205
PCT9403	ED	897	240	-3	0	5	238	135	103
PCT9403	MV	897	419	1	0	7	411	202	209
PCT9404	ED	930	200	0	0	11	189	104	85
PCT9404	MV	930	462	0	0	13	449	209	240
PCT9405	ED	786	210	4	0	8	198	90	108
PCT9405	MV	786	364	-2	0	11	355	155	200
PCT9406	ED	868	244	-1	0	7	238	131	107
PCT9406	MV	868	421	1	0	11	409	206	203
PCT9407	ED	889	253	-1	0	5	249	150	99
PCT9407	MV	889	409	0	2	10	397	199	198
PCT9408	ED	886	265	-2	0	5	262	179	83
PCT9408	MV	886	415	0	0	27	388	245	143
PCT9409	ED	590	201	-3	0	5	199	147	52
PCT9409	MV	590	252	1	0	14	237	146	91
PCT9411	ED	956	271	-1	3	10	259	186	73
PCT9411	MV	956	431	1	0	8	422	280	142
PCT9412	ED	848	245	-1	1	10	235	134	101
PCT9412	MV	848	380	-1	0	14	367	187	180
PCT9413	ED	894	229	-2	0	11	220	132	88
PCT9413	MV	894	461	1	0	18	442	199	243
PCT9414	ED	916	216	-1	0	6	211	109	102
PCT9414	MV	916	463	2	0	21	440	210	230
PCT9415	ED	784	187	1	0	6	180	99	81
PCT9415	MV	784	392	0	0	19	373	155	218
PCT9416	ED	1008	282	-1	0	11	272	147	125
PCT9416	MV	1008	480	2	1	28	449	206	243
PCT9417	ED	752	175	0	0	10	165	81	84
PCT9417	MV	752	402	0	0	13	389	153	236
PCT9418	ED	790	211	-2	0	12	201	92	109
PCT9418	MV	790	376	2	0	11	363	121	242
PCT9419	ED	924	222	1	0	11	210	87	123
PCT9419	MV	924	468	-3	0	23	448	149	299
PCT9421	ED	906	238	-4	0	11	231	106	125
PCT9421	MV	906	446	2	0	17	427	164	263
PCT9422	ED	1056	283	-2	0	10	275	131	144
PCT9422	MV	1056	513	2	0	17	494	203	291
PCT9423	ED	889	219	-1	0	10	210	105	105
PCT9423	MV	889	440	-2	0	19	423	206	217
PCT9424	ED	952	224	0	0	10	214	116	98
PCT9424	MV	952	496	1	0	11	484	196	288
PCT9425	ED	933	199	-1	0	6	194	106	88
PCT9425	MV	933	465	-1	1	14	451	183	268
PCT9426	ED	823	198	-1	0	12	187	95	92
PCT9426	MV	823	408	5	1	16	386	123	263
PCT9427	ED	948	210	1	0	10	199	81	118
PCT9427	MV	948	447	-3	0	13	437	155	282
PCT9428	ED	961	183	-2	0	8	177	99	78
PCT9428	MV	961	518	0	0	21	497	211	286
PCT9429	ED	899	228	0	0	12	216	100	116
PCT9429	MV	899	432	0	0	13	419	154	265
PCT9431	ED	973	235	2	0	5	228	113	115
PCT9431	MV	973	464	1	1	23	439	156	283
PCT9432	ED	945	214	-1	0	2	213	96	117
PCT9432	MV	945	468	0	1	20	447	195	252
PCT9433	ED	945	195	-1	0	15	181	96	85
PCT9433	MV	945	487	0	0	17	470	202	268
PCT9434	ED	979	261	-2	0	12	251	136	115
PCT9434	MV	979	481	0	1	15	465	200	265
PCT9435	ED	969	251	-3	0	12	242	124	118
PCT9435	MV	969	448	-2	1	10	439	181	258
PCT9436	ED	1006	232	0	0	8	224	113	111
PCT9436	MV	1006	495	-2	1	27	469	201	268
PCT9437	ED	897	219	-3	0	10	212	106	106
PCT9437	MV	897	435	2	1	22	410	175	235
PCT9438	ED	948	202	0	0	6	196	112	84
PCT9438	MV	948	496	-1	0	21	476	190	286
PCT9439	ED	879	173	-1	0	8	166	75	91
PCT9439	MV	879	425	1	0	21	403	132	271
PCT9441	ED	980	261	-1	0	9	253	153	100
PCT9441	MV	980	462	0	0	13	449	223	226
PCT9442	ED	1008	280	1	0	8	271	157	114
PCT9442	MV	1008	461	0	0	30	431	218	213
PCT9443	ED	937	220	-1	1	6	214	126	88
PCT9443	MV	937	442	-2	0	11	433	206	227
PCT9444	ED	937	190	1	0	7	182	96	86
PCT9444	MV	937	442	0	0	24	418	165	253
PCT9445	ED	981	230	-1	0	6	225	119	106
PCT9445	MV	981	493	-1	1	11	482	208	274
PCT9446	ED	1090	240	-1	0	8	233	131	102
PCT9446	MV	1090	564	1	1	25	537	211	326
PCT9447	ED	906	236	-1	0	5	232	125	107
PCT9447	MV	906	448	-2	0	14	436	180	256
PCT9448	ED	909	232	-3	0	10	225	124	101
PCT9448	MV	909	429	2	1	11	415	188	227
PCT9449	ED	830	177	3	0	8	166	90	76
PCT9449	MV	830	428	3	0	11	414	135	279
PCT9451	ED	420	97	0	1	4	92	49	43
PCT9451	MV	420	218	-1	0	8	211	78	133
PCT9452	ED	840	259	0	1	9	249	117	132
PCT9452	MV	840	412	1	0	6	405	149	256
PCT9453	ED	500	135	0	0	4	131	52	79
PCT9453	MV	500	244	0	0	15	229	83	146
PCT9501	MV	148	110	0	0	1	109	52	57
PCT9502	MV	245	177	2	0	4	171	93	78
PCT9503	ED	729	198	-2	0	5	195	122	73
PCT9503	MV	729	315	4	1	8	302	175	127
PCT9505	ED	784	177	-1	0	4	174	117	57
PCT9505	MV	784	383	0	0	12	371	214	157
PCT9506	ED	766	177	1	0	3	173	105	68
PCT9506	MV	766	313	-1	0	4	310	174	136
PCT9507	ED	766	231	0	0	2	229	138	91
PCT9507	MV	766	406	-1	1	9	397	235	162
PCT9508	ED	798	237	1	0	7	229	159	70
PCT9508	MV	798	429	-1	0	7	423	261	162
PCT9509	ED	759	230	1	0	5	224	152	72
PCT9509	MV	759	386	-2	0	7	381	222	159
PCT9511	ED	622	190	-1	0	7	184	122	62
PCT9511	MV	622	296	0	0	6	290	184	106
PCT9512	ED	809	240	1	1	8	230	146	84
PCT9512	MV	809	399	0	1	6	392	253	139
PCT9513	ED	902	275	-1	0	7	269	188	81
PCT9513	MV	902	390	2	0	11	377	247	130
PCT9514	ED	928	304	-4	0	9	299	191	108
PCT9514	MV	928	456	1	1	7	447	265	182
PCT9515	ED	705	222	0	0	9	213	134	79
PCT9515	MV	705	368	-3	0	16	355	206	149
PCT9516	ED	866	254	-2	0	6	250	154	96
PCT9516	MV	866	427	0	0	11	416	237	179
PCT9517	ED	801	228	0	0	8	220	152	68
PCT9517	MV	801	397	1	0	8	388	260	128
PCT9518	ED	802	229	-1	0	10	220	165	55
PCT9518	MV	802	431	0	0	9	422	265	157
PCT9519	ED	910	262	-1	0	7	256	170	86
PCT9519	MV	910	486	-3	2	8	479	277	202
PCT9521	ED	939	316	-2	0	12	306	199	107
PCT9521	MV	939	442	0	0	7	435	245	190
PCT9701	ED	671	201	-1	0	5	197	137	60
PCT9701	MV	671	340	1	0	11	328	165	163
PCT9702	ED	723	210	1	0	5	204	128	76
PCT9702	MV	723	364	0	1	9	354	212	142
PCT9703	ED	986	232	6	0	6	220	105	115
PCT9703	MV	986	530	1	0	19	510	241	269
PCT9704	ED	950	279	0	0	5	274	143	131
PCT9704	MV	950	505	0	1	19	485	200	285
PCT9705	ED	919	261	4	0	4	253	151	102
PCT9705	MV	919	483	0	1	12	470	242	228
PCT9706	MV	49	39	-1	0	0	40	18	22
PCT9707	ED	821	173	0	0	3	170	65	105
PCT9707	MV	821	491	4	1	14	472	150	322
PCT9708	ED	948	250	4	0	4	242	153	89
PCT9708	MV	948	500	-2	0	14	488	247	241
PCT9709	ED	1028	281	10	0	11	260	101	159
PCT9709	MV	1028	517	0	0	21	496	168	328
PCT9711	ED	641	195	0	0	8	187	73	114
PCT9711	MV	641	336	0	1	6	329	126	203
PCT9712	ED	649	160	0	0	4	156	56	100
PCT9712	MV	649	398	3	0	7	388	110	278
PCT9713	ED	960	225	1	0	15	209	91	118
PCT9713	MV	960	489	0	0	17	472	164	308
PCT9714	ED	931	208	1	0	2	205	64	141
PCT9714	MV	931	538	5	2	16	515	160	355
PCT9715	ED	569	180	0	0	6	174	47	127
PCT9715	MV	569	309	2	0	7	300	80	220
PCT9716	ED	947	239	5	0	12	222	102	120
PCT9716	MV	947	481	2	0	16	463	187	276
PCT9717	ED	972	265	0	1	7	257	102	155
PCT9717	MV	972	532	3	0	12	517	207	310
PCT9718	ED	862	227	0	0	7	220	82	138
PCT9718	MV	862	496	-1	0	16	481	170	311
PCT9719	ED	901	245	0	0	15	230	88	142
PCT9719	MV	901	524	6	0	9	509	152	357
PCT9721	ED	662	198	0	0	6	192	59	133
PCT9721	MV	662	357	1	2	6	348	113	235
PCT9722	ED	605	119	0	0	5	114	52	62
PCT9722	MV	605	355	-1	0	11	345	148	197
PCT9723	ED	481	98	0	0	3	95	38	57
PCT9723	MV	481	275	0	0	9	266	51	215
PCT9724	ED	991	205	0	0	7	198	57	141
PCT9724	MV	991	565	-1	1	16	549	131	418
PCT9725	ED	970	214	-3	0	7	210	85	125
PCT9725	MV	970	499	0	1	14	484	126	358
PCT9726	ED	655	263	0	0	11	252	175	77
PCT9726	MV	655	241	-2	0	6	237	129	108
PCT9727	ED	459	79	0	0	3	76	26	50
PCT9727	MV	459	271	1	0	9	261	79	182
PCT9728	ED	926	231	-2	0	4	229	84	145
PCT9728	MV	926	503	2	0	8	493	117	376
PCT9729	ED	800	191	1	0	4	186	40	146
PCT9729	MV	800	442	-1	0	14	429	95	334
PCT9731	ED	556	167	-1	0	3	165	56	109
PCT9731	MV	556	282	0	0	8	274	63	211
PCT9732	MV	70	56	0	0	0	56	16	40
PCT9733	MV	235	191	0	0	6	185	79	106
PCT9734	ED	603	154	0	0	3	151	38	113
PCT9734	MV	603	341	-1	0	15	327	89	238
PCT9735	ED	809	206	0	1	9	196	63	133
PCT9735	MV	809	449	0	0	8	441	112	329
PCT9736	ED	713	173	1	0	4	168	57	111
PCT9736	MV	713	410	2	0	18	390	142	248
PCT9737	ED	818	208	0	0	11	197	92	105
PCT9737	MV	818	476	3	0	26	447	189	258
PCT9738	ED	848	185	0	0	4	181	112	69
PCT9738	MV	848	404	0	2	12	390	216	174
PCT9739	ED	828	220	1	0	5	214	142	72
PCT9739	MV	828	335	0	1	5	329	231	98
PCT9741	ED	552	232	-8	0	2	238	181	57
PCT9741	MV	552	105	-1	0	6	100	78	22
PCT9742	ED	677	180	4	0	5	171	52	119
PCT9742	MV	677	289	1	0	10	278	81	197
PCT9743	ED	1163	310	-1	0	4	307	218	89
PCT9743	MV	1163	501	2	0	17	482	309	173
PCT9744	ED	911	247	0	0	7	240	171	69
PCT9744	MV	911	391	0	0	9	382	274	108
PCT9745	ED	991	282	-4	0	9	277	204	73
PCT9745	MV	991	346	1	0	8	337	216	121
PCT9746	ED	884	232	1	0	8	223	76	147
PCT9746	MV	884	452	0	1	16	435	139	296
PCT9747	ED	973	246	2	0	4	240	138	102
PCT9747	MV	973	470	0	0	15	455	198	257
PCT9748	ED	931	229	-1	0	6	224	110	114
PCT9748	MV	931	475	1	0	14	460	198	262
PCT9749	ED	913	225	2	0	9	214	125	89
PCT9749	MV	913	384	-3	0	15	372	190	182
PCT9751	ED	1016	253	0	0	12	241	101	140
PCT9751	MV	1016	523	0	1	19	503	205	298
PCT9752	ED	710	175	3	0	7	165	74	91
PCT9752	MV	710	392	-1	0	9	384	153	231
PCT9753	ED	756	186	-2	1	4	183	105	78
PCT9753	MV	756	388	0	0	11	377	168	209
PCT9754	ED	707	47	0	0	3	44	22	22
PCT9754	MV	707	377	0	0	17	360	177	183
PCT9755	ED	582	172	-2	0	8	166	79	87
PCT9755	MV	582	285	2	0	6	277	130	147
PCT9756	ED	941	185	0	0	6	179	92	87
PCT9756	MV	941	477	-2	0	20	459	218	241
PCT9801	ED	408	104	0	0	1	103	56	47
PCT9801	MV	408	181	0	1	2	178	89	89
CONG12	TO	443570	332491	289	203	10697	321302	172999	148303
CONG14	TO	56946	40357	-7	21	1207	39136	17912	21224
ASSM17	TO	291063	214827	225	133	6698	207771	117655	90116
ASSM19	TO	209453	158021	57	91	5206	152667	73256	79411
BART7	TO	38460	24736	27	19	911	23779	12034	11745
BART8	TO	223735	166386	86	96	5820	160384	75255	85129
BART9	TO	238321	181726	169	109	5173	176275	103622	72653
SUPV1	TO	42767	32743	-2	15	1101	31629	17003	14626
SUPV2	TO	50394	40402	70	25	1416	38891	16546	22345
SUPV3	TO	39799	28571	-9	20	1110	27450	15062	12388
SUPV4	TO	42953	31699	-32	23	1175	30533	14464	16069
SUPV5	TO	53744	42036	33	23	1158	40822	25090	15732
SUPV6	TO	43321	29158	61	18	1144	27935	16071	11864
SUPV7	TO	47076	36587	49	23	1120	35395	15317	20078
SUPV8	TO	58122	48632	98	28	1244	47262	26547	20715
SUPV9	TO	42988	31769	7	17	800	30945	18923	12022
SUPV10	TO	41862	26459	23	20	914	25502	13572	11930
SUPV11	TO	37490	24792	-16	12	722	24074	12316	11758
NEIG1	TO	19914	11270	8	9	433	10820	5859	4961
NEIG2	TO	17446	12440	0	9	530	11901	6168	5733
NEIG3	TO	28644	19045	20	12	747	18266	11825	6441
NEIG4	TO	7002	5802	18	2	162	5620	2720	2900
NEIG5	TO	27634	18420	-7	11	535	17881	9091	8790
NEIG6	TO	14982	12240	12	7	314	11907	7375	4532
NEIG7	TO	12118	7928	-12	2	240	7698	3995	3703
NEIG8	TO	9734	7857	-11	5	223	7640	4614	3026
NEIG9	TO	8390	5918	-16	5	161	5768	3144	2624
NEIG10	TO	10097	8010	4	4	253	7749	4173	3576
NEIG11	TO	40622	32395	64	24	1148	31159	13439	17720
NEIG12	TO	31129	23295	-3	17	560	22721	14836	7885
NEIG13	TO	16964	14420	26	7	383	14004	7629	6375
NEIG14	TO	8795	7263	2	5	158	7098	4336	2762
NEIG15	TO	7019	5232	1	5	202	5024	2544	2480
NEIG26	TO	9293	6104	-5	3	203	5903	2832	3071
NEIG16	TO	16814	13081	11	10	383	12677	6812	5865
NEIG17	TO	37322	28503	8	10	950	27535	14763	12772
NEIG18	TO	8050	6587	5	4	238	6340	2472	3868
NEIG19	TO	9419	7393	19	3	206	7165	4044	3121
NEIG20	TO	24674	17045	22	7	636	16380	8621	7759
NEIG21	TO	42363	31246	-30	23	1156	30097	14171	15926
NEIG22	TO	18966	16190	31	9	385	15765	8981	6784
NEIG23	TO	8139	4488	12	3	184	4289	2055	2234
NEIG24	TO	34909	27838	69	17	865	26887	10654	16233
NEIG25	TO	30077	22838	34	11	649	22144	13758	8386
