area_id	subtotal_type	RSReg	RSCst	RSRej	RSOvr	RSUnd	RSTot	42:YES	43:NO
ALLPCTS	TO	495050	115265	0	17	5075	110173	84302	25871
ALLPCTS	ED	495050	45586	0	8	1856	43722	33880	9842
ALLPCTS	MV	495050	69679	0	9	3219	66451	50422	16029
PCT1101	ED	557	39	0	0	2	37	34	3
PCT1101	MV	557	83	0	0	3	80	64	16
PCT1101	TO	557	122	0	0	5	117	98	19
PCT1102	ED	994	117	0	0	3	114	92	22
PCT1102	MV	994	137	0	0	5	132	104	28
PCT1102	TO	994	254	0	0	8	246	196	50
PCT1103	ED	962	88	0	0	1	87	65	22
PCT1103	MV	962	121	0	0	0	121	96	25
PCT1103	TO	962	209	0	0	1	208	161	47
PCT1104	ED	1012	76	0	0	4	72	48	24
PCT1104	MV	1012	130	0	0	4	126	103	23
PCT1104	TO	1012	206	0	0	8	198	151	47
PCT1106	ED	1505	127	0	0	4	123	86	37
PCT1106	MV	1505	209	0	0	8	201	143	58
PCT1106	TO	1505	336	0	0	12	324	229	95
PCT1108	ED	908	77	0	0	3	74	59	15
PCT1108	MV	908	126	0	0	5	121	91	30
PCT1108	TO	908	203	0	0	8	195	150	45
PCT1109	ED	805	73	0	0	3	70	49	21
PCT1109	MV	805	100	0	0	8	92	75	17
PCT1109	TO	805	173	0	0	11	162	124	38
PCT1111	ED	1025	73	0	0	0	73	55	18
PCT1111	MV	1025	160	0	0	6	154	120	34
PCT1111	TO	1025	233	0	0	6	227	175	52
PCT1112	ED	770	48	0	0	1	47	40	7
PCT1112	MV	770	92	0	0	4	88	55	33
PCT1112	TO	770	140	0	0	5	135	95	40
PCT1114	ED	1741	92	0	0	8	84	64	20
PCT1114	MV	1741	249	0	0	14	235	177	58
PCT1114	TO	1741	341	0	0	22	319	241	78
PCT1115	ED	1838	118	0	0	3	115	97	18
PCT1115	MV	1838	234	0	0	15	219	169	50
PCT1115	TO	1838	352	0	0	18	334	266	68
PCT1117	ED	1771	104	0	0	5	99	79	20
PCT1117	MV	1771	175	0	0	8	167	126	41
PCT1117	TO	1771	279	0	0	13	266	205	61
PCT1118	ED	1057	86	0	0	6	80	61	19
PCT1118	MV	1057	160	0	0	8	152	112	40
PCT1118	TO	1057	246	0	0	14	232	173	59
PCT1119	ED	771	32	0	0	0	32	25	7
PCT1119	MV	771	115	0	0	6	109	82	27
PCT1119	TO	771	147	0	0	6	141	107	34
PCT1122	ED	638	41	0	0	2	39	27	12
PCT1122	MV	638	82	0	0	6	76	47	29
PCT1122	TO	638	123	0	0	8	115	74	41
PCT1124	ED	812	51	0	0	2	49	35	14
PCT1124	MV	812	101	0	0	4	97	71	26
PCT1124	TO	812	152	0	0	6	146	106	40
PCT1125	ED	1064	37	0	0	1	36	33	3
PCT1125	MV	1064	163	0	0	7	156	112	44
PCT1125	TO	1064	200	0	0	8	192	145	47
PCT1126	ED	1676	91	0	0	3	88	75	13
PCT1126	MV	1676	240	0	0	12	228	164	64
PCT1126	TO	1676	331	0	0	15	316	239	77
PCT1127	ED	1827	107	0	0	4	103	83	20
PCT1127	MV	1827	249	0	1	13	235	174	61
PCT1127	TO	1827	356	0	1	17	338	257	81
PCT1129	ED	1018	62	0	0	4	58	44	14
PCT1129	MV	1018	136	0	0	7	129	103	26
PCT1129	TO	1018	198	0	0	11	187	147	40
PCT1131	ED	836	38	0	0	2	36	28	8
PCT1131	MV	836	105	0	0	10	95	61	34
PCT1131	TO	836	143	0	0	12	131	89	42
PCT1132	ED	1010	34	0	0	0	34	28	6
PCT1132	MV	1010	172	0	0	9	163	124	39
PCT1132	TO	1010	206	0	0	9	197	152	45
PCT1133	ED	857	40	0	0	0	40	35	5
PCT1133	MV	857	134	0	0	8	126	103	23
PCT1133	TO	857	174	0	0	8	166	138	28
PCT1134	ED	762	61	0	0	4	57	51	6
PCT1134	MV	762	114	0	0	3	111	91	20
PCT1134	TO	762	175	0	0	7	168	142	26
PCT1135	ED	554	37	0	0	1	36	29	7
PCT1135	MV	554	86	0	0	7	79	42	37
PCT1135	TO	554	123	0	0	8	115	71	44
PCT1136	ED	847	47	0	0	1	46	32	14
PCT1136	MV	847	135	0	0	8	127	89	38
PCT1136	TO	847	182	0	0	9	173	121	52
PCT1141	ED	1042	61	0	0	2	59	47	12
PCT1141	MV	1042	151	0	0	1	150	105	45
PCT1141	TO	1042	212	0	0	3	209	152	57
PCT1143	ED	1024	87	0	0	0	87	73	14
PCT1143	MV	1024	123	0	0	15	108	80	28
PCT1143	TO	1024	210	0	0	15	195	153	42
PCT1144	ED	1804	126	0	0	6	120	91	29
PCT1144	MV	1804	236	0	0	10	226	162	64
PCT1144	TO	1804	362	0	0	16	346	253	93
PCT1145	ED	894	57	0	0	1	56	43	13
PCT1145	MV	894	142	0	0	4	138	102	36
PCT1145	TO	894	199	0	0	5	194	145	49
PCT1146	ED	1008	71	0	0	2	69	57	12
PCT1146	MV	1008	130	0	0	8	122	94	28
PCT1146	TO	1008	201	0	0	10	191	151	40
PCT1147	ED	868	71	0	0	1	70	53	17
PCT1147	MV	868	108	0	0	7	101	75	26
PCT1147	TO	868	179	0	0	8	171	128	43
PCT1148	ED	1002	73	0	0	5	68	50	18
PCT1148	MV	1002	139	0	0	10	129	87	42
PCT1148	TO	1002	212	0	0	15	197	137	60
PCT1149	ED	911	70	0	0	2	68	58	10
PCT1149	MV	911	98	0	0	4	94	69	25
PCT1149	TO	911	168	0	0	6	162	127	35
PCT1152	ED	1815	126	0	0	2	124	82	42
PCT1152	MV	1815	236	0	0	11	225	171	54
PCT1152	TO	1815	362	0	0	13	349	253	96
PCT7001	ED	752	39	0	0	1	38	26	12
PCT7001	MV	752	113	0	0	3	110	82	28
PCT7001	TO	752	152	0	0	4	148	108	40
PCT7002	ED	659	43	0	0	0	43	37	6
PCT7002	MV	659	57	0	0	0	57	44	13
PCT7002	TO	659	100	0	0	0	100	81	19
PCT7003	ED	1755	179	0	0	2	177	139	38
PCT7003	MV	1755	279	0	0	6	273	217	56
PCT7003	TO	1755	458	0	0	8	450	356	94
PCT7005	ED	850	99	0	0	2	97	83	14
PCT7005	MV	850	108	0	0	2	106	79	27
PCT7005	TO	850	207	0	0	4	203	162	41
PCT7006	ED	921	87	0	0	3	84	74	10
PCT7006	MV	921	106	0	0	6	100	90	10
PCT7006	TO	921	193	0	0	9	184	164	20
PCT7007	ED	1821	211	0	0	9	202	148	54
PCT7007	MV	1821	286	0	0	12	274	208	66
PCT7007	TO	1821	497	0	0	21	476	356	120
PCT7009	ED	874	46	0	0	5	41	28	13
PCT7009	MV	874	135	0	0	4	131	102	29
PCT7009	TO	874	181	0	0	9	172	130	42
PCT7011	ED	951	66	0	0	3	63	49	14
PCT7011	MV	951	66	0	0	2	64	49	15
PCT7011	TO	951	132	0	0	5	127	98	29
PCT7012	ED	1165	113	0	0	2	111	80	31
PCT7012	MV	1165	143	0	0	6	137	115	22
PCT7012	TO	1165	256	0	0	8	248	195	53
PCT7013	ED	1033	60	0	0	2	58	52	6
PCT7013	MV	1033	124	0	0	2	122	91	31
PCT7013	TO	1033	184	0	0	4	180	143	37
PCT7014	ED	1388	97	0	0	0	97	74	23
PCT7014	MV	1388	173	0	0	10	163	121	42
PCT7014	TO	1388	270	0	0	10	260	195	65
PCT7015	MV	104	14	0	0	0	14	12	2
PCT7015	TO	104	14	0	0	0	14	12	2
PCT7016	ED	912	57	0	0	0	57	38	19
PCT7016	MV	912	84	0	0	9	75	53	22
PCT7016	TO	912	141	0	0	9	132	91	41
PCT7017	ED	781	32	0	0	6	26	19	7
PCT7017	MV	781	62	0	0	4	58	31	27
PCT7017	TO	781	94	0	0	10	84	50	34
PCT7019	ED	1908	90	0	0	5	85	66	19
PCT7019	MV	1908	308	0	0	23	285	206	79
PCT7019	TO	1908	398	0	0	28	370	272	98
PCT7021	ED	955	68	0	0	3	65	50	15
PCT7021	MV	955	95	0	0	4	91	71	20
PCT7021	TO	955	163	0	0	7	156	121	35
PCT7022	ED	943	78	0	0	5	73	56	17
PCT7022	MV	943	122	0	0	7	115	82	33
PCT7022	TO	943	200	0	0	12	188	138	50
PCT7024	ED	448	14	0	0	2	12	6	6
PCT7024	MV	448	24	0	0	0	24	17	7
PCT7024	TO	448	38	0	0	2	36	23	13
PCT7025	ED	473	23	0	0	0	23	17	6
PCT7025	MV	473	36	0	0	0	36	24	12
PCT7025	TO	473	59	0	0	0	59	41	18
PCT7026	ED	1009	46	0	0	4	42	29	13
PCT7026	MV	1009	164	0	0	13	151	106	45
PCT7026	TO	1009	210	0	0	17	193	135	58
PCT7027	ED	883	67	0	0	2	65	46	19
PCT7027	MV	883	127	0	0	7	120	97	23
PCT7027	TO	883	194	0	0	9	185	143	42
PCT7028	ED	849	77	0	0	7	70	53	17
PCT7028	MV	849	78	0	0	4	74	56	18
PCT7028	TO	849	155	0	0	11	144	109	35
PCT7029	ED	1812	100	0	0	7	93	75	18
PCT7029	MV	1812	207	0	0	7	200	138	62
PCT7029	TO	1812	307	0	0	14	293	213	80
PCT7030	ED	787	46	0	0	3	43	28	15
PCT7030	MV	787	133	0	0	8	125	89	36
PCT7030	TO	787	179	0	0	11	168	117	51
PCT7031	ED	680	24	0	0	0	24	19	5
PCT7031	MV	680	124	0	0	12	112	75	37
PCT7031	TO	680	148	0	0	12	136	94	42
PCT7032	ED	876	48	0	0	3	45	33	12
PCT7032	MV	876	106	0	0	3	103	77	26
PCT7032	TO	876	154	0	0	6	148	110	38
PCT7033	ED	770	61	0	0	4	57	46	11
PCT7033	MV	770	83	0	0	5	78	47	31
PCT7033	TO	770	144	0	0	9	135	93	42
PCT7034	ED	954	33	0	0	1	32	23	9
PCT7034	MV	954	57	0	0	4	53	31	22
PCT7034	TO	954	90	0	0	5	85	54	31
PCT7035	ED	681	26	0	0	2	24	18	6
PCT7035	MV	681	97	0	0	5	92	74	18
PCT7035	TO	681	123	0	0	7	116	92	24
PCT7037	ED	1676	59	0	0	6	53	37	16
PCT7037	MV	1676	144	0	0	6	138	88	50
PCT7037	TO	1676	203	0	0	12	191	125	66
PCT7038	ED	924	34	0	0	3	31	24	7
PCT7038	MV	924	130	0	0	12	118	86	32
PCT7038	TO	924	164	0	0	15	149	110	39
PCT7039	ED	830	71	0	0	2	69	50	19
PCT7039	MV	830	110	0	0	8	102	73	29
PCT7039	TO	830	181	0	0	10	171	123	48
PCT7041	MV	60	11	0	0	0	11	9	2
PCT7041	TO	60	11	0	0	0	11	9	2
PCT7042	ED	1069	67	0	0	2	65	46	19
PCT7042	MV	1069	110	0	0	6	104	77	27
PCT7042	TO	1069	177	0	0	8	169	123	46
PCT7043	ED	961	40	0	0	1	39	31	8
PCT7043	MV	961	106	0	0	4	102	84	18
PCT7043	TO	961	146	0	0	5	141	115	26
PCT7044	ED	844	23	0	0	2	21	10	11
PCT7044	MV	844	61	0	0	3	58	37	21
PCT7044	TO	844	84	0	0	5	79	47	32
PCT7045	ED	783	39	0	0	3	36	26	10
PCT7045	MV	783	143	0	0	10	133	101	32
PCT7045	TO	783	182	0	0	13	169	127	42
PCT7047	ED	1727	73	0	0	4	69	48	21
PCT7047	MV	1727	259	0	0	11	248	169	79
PCT7047	TO	1727	332	0	0	15	317	217	100
PCT7048	ED	870	37	0	0	3	34	23	11
PCT7048	MV	870	120	0	0	7	113	78	35
PCT7048	TO	870	157	0	0	10	147	101	46
PCT7049	ED	815	50	0	0	3	47	30	17
PCT7049	MV	815	123	0	0	12	111	64	47
PCT7049	TO	815	173	0	0	15	158	94	64
PCT7052	ED	878	67	0	0	2	65	50	15
PCT7052	MV	878	131	0	0	13	118	94	24
PCT7052	TO	878	198	0	0	15	183	144	39
PCT7053	ED	568	22	0	0	0	22	16	6
PCT7053	MV	568	85	0	0	5	80	67	13
PCT7053	TO	568	107	0	0	5	102	83	19
PCT7054	ED	1111	60	0	0	3	57	45	12
PCT7054	MV	1111	97	0	0	3	94	72	22
PCT7054	TO	1111	157	0	0	6	151	117	34
PCT7055	ED	799	21	0	0	0	21	16	5
PCT7055	MV	799	119	0	0	2	117	90	27
PCT7055	TO	799	140	0	0	2	138	106	32
PCT7101	MV	152	27	0	0	0	27	22	5
PCT7101	TO	152	27	0	0	0	27	22	5
PCT7202	ED	1747	117	0	0	6	111	83	28
PCT7202	MV	1747	266	0	0	14	252	181	71
PCT7202	TO	1747	383	0	0	20	363	264	99
PCT7203	ED	867	83	0	0	4	79	60	19
PCT7203	MV	867	85	0	0	6	79	58	21
PCT7203	TO	867	168	0	0	10	158	118	40
PCT7204	ED	890	73	0	0	5	68	44	24
PCT7204	MV	890	154	0	0	7	147	104	43
PCT7204	TO	890	227	0	0	12	215	148	67
PCT7205	ED	862	85	0	0	2	83	59	24
PCT7205	MV	862	135	0	0	11	124	92	32
PCT7205	TO	862	220	0	0	13	207	151	56
PCT7207	ED	1483	87	0	0	3	84	59	25
PCT7207	MV	1483	316	0	0	10	306	214	92
PCT7207	TO	1483	403	0	0	13	390	273	117
PCT7208	ED	560	36	0	0	2	34	29	5
PCT7208	MV	560	103	0	0	6	97	77	20
PCT7208	TO	560	139	0	0	8	131	106	25
PCT7301	ED	1993	161	0	0	4	157	122	35
PCT7301	MV	1993	297	0	0	15	282	199	83
PCT7301	TO	1993	458	0	0	19	439	321	118
PCT7302	ED	838	81	0	0	4	77	59	18
PCT7302	MV	838	200	0	0	19	181	135	46
PCT7302	TO	838	281	0	0	23	258	194	64
PCT7305	ED	1633	161	0	0	5	156	116	40
PCT7305	MV	1633	248	0	0	10	238	182	56
PCT7305	TO	1633	409	0	0	15	394	298	96
PCT7306	ED	2083	166	0	0	10	156	116	40
PCT7306	MV	2083	259	0	0	11	248	186	62
PCT7306	TO	2083	425	0	0	21	404	302	102
PCT7308	ED	614	75	0	0	3	72	57	15
PCT7308	MV	614	93	0	0	0	93	66	27
PCT7308	TO	614	168	0	0	3	165	123	42
PCT7311	ED	866	89	0	0	3	86	67	19
PCT7311	MV	866	123	0	0	4	119	85	34
PCT7311	TO	866	212	0	0	7	205	152	53
PCT7312	ED	801	69	0	0	1	68	45	23
PCT7312	MV	801	158	0	0	9	149	110	39
PCT7312	TO	801	227	0	0	10	217	155	62
PCT7314	ED	1749	106	0	0	11	95	69	26
PCT7314	MV	1749	286	0	0	36	250	193	57
PCT7314	TO	1749	392	0	0	47	345	262	83
PCT7315	ED	1584	130	0	0	6	124	103	21
PCT7315	MV	1584	200	0	0	12	188	142	46
PCT7315	TO	1584	330	0	0	18	312	245	67
PCT7317	ED	875	59	0	0	3	56	48	8
PCT7317	MV	875	188	0	0	9	179	132	47
PCT7317	TO	875	247	0	0	12	235	180	55
PCT7318	ED	1567	109	0	0	7	102	75	27
PCT7318	MV	1567	244	0	0	15	229	166	63
PCT7318	TO	1567	353	0	0	22	331	241	90
PCT7321	ED	1533	57	0	0	4	53	33	20
PCT7321	MV	1533	269	0	0	28	241	184	57
PCT7321	TO	1533	326	0	0	32	294	217	77
PCT7323	ED	1967	149	0	0	6	143	111	32
PCT7323	MV	1967	241	0	0	10	231	177	54
PCT7323	TO	1967	390	0	0	16	374	288	86
PCT7325	ED	1588	104	0	0	4	100	75	25
PCT7325	MV	1588	202	0	0	11	191	143	48
PCT7325	TO	1588	306	0	0	15	291	218	73
PCT7326	ED	1709	123	0	0	12	111	81	30
PCT7326	MV	1709	285	0	0	14	271	182	89
PCT7326	TO	1709	408	0	0	26	382	263	119
PCT7327	ED	668	26	0	0	4	22	18	4
PCT7327	MV	668	166	0	0	19	147	106	41
PCT7327	TO	668	192	0	0	23	169	124	45
PCT7328	ED	985	33	0	0	5	28	22	6
PCT7328	MV	985	234	0	1	30	203	146	57
PCT7328	TO	985	267	0	1	35	231	168	63
PCT7329	ED	638	31	0	0	1	30	20	10
PCT7329	MV	638	120	0	0	9	111	72	39
PCT7329	TO	638	151	0	0	10	141	92	49
PCT7331	ED	850	102	0	0	3	99	60	39
PCT7331	MV	850	181	0	0	8	173	131	42
PCT7331	TO	850	283	0	0	11	272	191	81
PCT7332	ED	1601	145	0	0	9	136	114	22
PCT7332	MV	1601	224	0	0	8	216	179	37
PCT7332	TO	1601	369	0	0	17	352	293	59
PCT7333	ED	1930	151	0	0	8	143	111	32
PCT7333	MV	1930	264	0	0	13	251	196	55
PCT7333	TO	1930	415	0	0	21	394	307	87
PCT7336	ED	2021	168	0	0	3	165	131	34
PCT7336	MV	2021	270	0	0	10	260	184	76
PCT7336	TO	2021	438	0	0	13	425	315	110
PCT7338	ED	1783	119	0	0	5	114	82	32
PCT7338	MV	1783	356	0	0	33	323	232	91
PCT7338	TO	1783	475	0	0	38	437	314	123
PCT7339	ED	1588	131	0	0	4	127	92	35
PCT7339	MV	1588	224	0	0	10	214	165	49
PCT7339	TO	1588	355	0	0	14	341	257	84
PCT7342	ED	909	133	0	0	2	131	107	24
PCT7342	MV	909	114	0	0	2	112	86	26
PCT7342	TO	909	247	0	0	4	243	193	50
PCT7343	ED	706	66	0	0	6	60	52	8
PCT7343	MV	706	64	0	0	1	63	53	10
PCT7343	TO	706	130	0	0	7	123	105	18
PCT7344	ED	1052	93	0	1	5	87	67	20
PCT7344	MV	1052	157	0	0	2	155	115	40
PCT7344	TO	1052	250	0	1	7	242	182	60
PCT7346	ED	879	82	0	0	1	81	65	16
PCT7346	MV	879	89	0	0	4	85	71	14
PCT7346	TO	879	171	0	0	5	166	136	30
PCT7348	ED	1826	121	0	0	7	114	91	23
PCT7348	MV	1826	258	0	0	13	245	206	39
PCT7348	TO	1826	379	0	0	20	359	297	62
PCT7502	ED	779	66	0	0	3	63	46	17
PCT7502	MV	779	124	0	0	8	116	82	34
PCT7502	TO	779	190	0	0	11	179	128	51
PCT7503	ED	725	56	0	0	3	53	42	11
PCT7503	MV	725	96	0	0	5	91	67	24
PCT7503	TO	725	152	0	0	8	144	109	35
PCT7504	ED	1019	95	0	0	5	90	60	30
PCT7504	MV	1019	142	0	0	9	133	99	34
PCT7504	TO	1019	237	0	0	14	223	159	64
PCT7505	ED	851	78	0	0	7	71	39	32
PCT7505	MV	851	250	0	1	12	237	140	97
PCT7505	TO	851	328	0	1	19	308	179	129
PCT7506	ED	1913	135	0	0	6	129	106	23
PCT7506	MV	1913	286	0	0	15	271	213	58
PCT7506	TO	1913	421	0	0	21	400	319	81
PCT7508	ED	720	75	0	0	3	72	54	18
PCT7508	MV	720	161	0	0	14	147	115	32
PCT7508	TO	720	236	0	0	17	219	169	50
PCT7509	ED	914	100	0	0	5	95	76	19
PCT7509	MV	914	164	0	0	6	158	121	37
PCT7509	TO	914	264	0	0	11	253	197	56
PCT7512	ED	588	58	0	0	5	53	34	19
PCT7512	MV	588	117	0	0	6	111	79	32
PCT7512	TO	588	175	0	0	11	164	113	51
PCT7513	ED	784	78	0	0	8	70	54	16
PCT7513	MV	784	108	0	0	7	101	81	20
PCT7513	TO	784	186	0	0	15	171	135	36
PCT7514	ED	901	54	0	0	6	48	37	11
PCT7514	MV	901	142	0	0	9	133	103	30
PCT7514	TO	901	196	0	0	15	181	140	41
PCT7515	ED	852	70	0	0	7	63	53	10
PCT7515	MV	852	102	0	0	8	94	71	23
PCT7515	TO	852	172	0	0	15	157	124	33
PCT7516	ED	906	89	0	0	4	85	68	17
PCT7516	MV	906	189	0	0	12	177	143	34
PCT7516	TO	906	278	0	0	16	262	211	51
PCT7518	ED	1754	221	0	0	11	210	171	39
PCT7518	MV	1754	218	0	0	8	210	171	39
PCT7518	TO	1754	439	0	0	19	420	342	78
PCT7519	ED	709	88	0	0	4	84	75	9
PCT7519	MV	709	76	0	0	2	74	59	15
PCT7519	TO	709	164	0	0	6	158	134	24
PCT7521	ED	761	99	0	0	4	95	80	15
PCT7521	MV	761	95	0	0	2	93	70	23
PCT7521	TO	761	194	0	0	6	188	150	38
PCT7522	ED	1464	203	0	0	8	195	164	31
PCT7522	MV	1464	158	0	0	6	152	113	39
PCT7522	TO	1464	361	0	0	14	347	277	70
PCT7524	ED	606	74	0	0	2	72	58	14
PCT7524	MV	606	58	0	0	6	52	39	13
PCT7524	TO	606	132	0	0	8	124	97	27
PCT7525	ED	762	67	0	0	3	64	52	12
PCT7525	MV	762	79	0	0	2	77	59	18
PCT7525	TO	762	146	0	0	5	141	111	30
PCT7526	ED	974	93	0	0	3	90	74	16
PCT7526	MV	974	127	0	0	6	121	103	18
PCT7526	TO	974	220	0	0	9	211	177	34
PCT7527	ED	689	95	0	0	7	88	73	15
PCT7527	MV	689	95	0	0	7	88	64	24
PCT7527	TO	689	190	0	0	14	176	137	39
PCT7529	ED	906	136	0	0	8	128	104	24
PCT7529	MV	906	121	0	0	0	121	100	21
PCT7529	TO	906	257	0	0	8	249	204	45
PCT7531	ED	839	74	0	0	2	72	63	9
PCT7531	MV	839	86	0	0	3	83	75	8
PCT7531	TO	839	160	0	0	5	155	138	17
PCT7532	ED	792	90	0	0	3	87	68	19
PCT7532	MV	792	109	0	0	7	102	78	24
PCT7532	TO	792	199	0	0	10	189	146	43
PCT7533	ED	936	169	0	0	7	162	133	29
PCT7533	MV	936	100	0	0	2	98	82	16
PCT7533	TO	936	269	0	0	9	260	215	45
PCT7534	ED	881	116	0	0	8	108	87	21
PCT7534	MV	881	85	0	0	4	81	58	23
PCT7534	TO	881	201	0	0	12	189	145	44
PCT7536	ED	1594	243	0	0	10	233	201	32
PCT7536	MV	1594	229	0	0	10	219	170	49
PCT7536	TO	1594	472	0	0	20	452	371	81
PCT7537	ED	1472	218	0	0	9	209	176	33
PCT7537	MV	1472	179	0	0	4	175	145	30
PCT7537	TO	1472	397	0	0	13	384	321	63
PCT7539	ED	906	180	0	0	10	170	147	23
PCT7539	MV	906	84	0	0	0	84	71	13
PCT7539	TO	906	264	0	0	10	254	218	36
PCT7541	ED	769	100	0	0	4	96	80	16
PCT7541	MV	769	100	0	0	4	96	74	22
PCT7541	TO	769	200	0	0	8	192	154	38
PCT7543	ED	1718	204	0	0	10	194	157	37
PCT7543	MV	1718	201	0	0	4	197	170	27
PCT7543	TO	1718	405	0	0	14	391	327	64
PCT7544	ED	892	112	0	0	2	110	94	16
PCT7544	MV	892	120	0	0	4	116	101	15
PCT7544	TO	892	232	0	0	6	226	195	31
PCT7545	ED	877	110	0	0	3	107	89	18
PCT7545	MV	877	116	0	0	3	113	91	22
PCT7545	TO	877	226	0	0	6	220	180	40
PCT7546	ED	1900	271	0	0	8	263	216	47
PCT7546	MV	1900	248	0	0	8	240	197	43
PCT7546	TO	1900	519	0	0	16	503	413	90
PCT7548	ED	1027	149	0	0	3	146	113	33
PCT7548	MV	1027	140	0	0	5	135	106	29
PCT7548	TO	1027	289	0	0	8	281	219	62
PCT7549	ED	799	99	0	0	3	96	80	16
PCT7549	MV	799	133	0	0	5	128	97	31
PCT7549	TO	799	232	0	0	8	224	177	47
PCT7552	ED	685	97	0	0	4	93	71	22
PCT7552	MV	685	86	0	0	0	86	68	18
PCT7552	TO	685	183	0	0	4	179	139	40
PCT7553	MV	182	33	0	0	3	30	25	5
PCT7553	TO	182	33	0	0	3	30	25	5
PCT7554	ED	795	108	0	0	6	102	71	31
PCT7554	MV	795	129	0	0	3	126	97	29
PCT7554	TO	795	237	0	0	9	228	168	60
PCT7555	ED	1584	271	0	0	10	261	203	58
PCT7555	MV	1584	228	0	0	5	223	190	33
PCT7555	TO	1584	499	0	0	15	484	393	91
PCT7556	ED	958	113	0	0	7	106	66	40
PCT7556	MV	958	151	0	0	4	147	108	39
PCT7556	TO	958	264	0	0	11	253	174	79
PCT7601	ED	677	61	0	0	4	57	46	11
PCT7601	MV	677	81	0	0	4	77	66	11
PCT7601	TO	677	142	0	0	8	134	112	22
PCT7602	ED	1659	136	0	0	11	125	106	19
PCT7602	MV	1659	186	0	0	7	179	146	33
PCT7602	TO	1659	322	0	0	18	304	252	52
PCT7605	ED	1508	77	0	0	2	75	66	9
PCT7605	MV	1508	317	0	0	23	294	236	58
PCT7605	TO	1508	394	0	0	25	369	302	67
PCT7606	ED	887	63	0	0	1	62	51	11
PCT7606	MV	887	76	0	0	1	75	62	13
PCT7606	TO	887	139	0	0	2	137	113	24
PCT7607	ED	900	65	0	0	4	61	46	15
PCT7607	MV	900	131	0	0	9	122	97	25
PCT7607	TO	900	196	0	0	13	183	143	40
PCT7608	ED	1300	81	0	0	4	77	67	10
PCT7608	MV	1300	173	0	0	11	162	133	29
PCT7608	TO	1300	254	0	0	15	239	200	39
PCT7611	ED	763	38	0	0	2	36	33	3
PCT7611	MV	763	135	0	0	17	118	95	23
PCT7611	TO	763	173	0	0	19	154	128	26
PCT7613	ED	1421	101	0	0	8	93	75	18
PCT7613	MV	1421	210	0	0	10	200	141	59
PCT7613	TO	1421	311	0	0	18	293	216	77
PCT7614	ED	932	56	0	0	3	53	39	14
PCT7614	MV	932	94	0	0	3	91	81	10
PCT7614	TO	932	150	0	0	6	144	120	24
PCT7615	ED	745	41	0	0	5	36	28	8
PCT7615	MV	745	108	0	0	14	94	76	18
PCT7615	TO	745	149	0	0	19	130	104	26
PCT7616	ED	1246	58	0	0	1	57	44	13
PCT7616	MV	1246	145	0	0	2	143	115	28
PCT7616	TO	1246	203	0	0	3	200	159	41
PCT7617	ED	737	32	0	0	5	27	22	5
PCT7617	MV	737	122	0	0	15	107	88	19
PCT7617	TO	737	154	0	0	20	134	110	24
PCT7618	ED	873	54	0	0	3	51	43	8
PCT7618	MV	873	116	0	0	4	112	93	19
PCT7618	TO	873	170	0	0	7	163	136	27
PCT7619	ED	1055	64	0	0	1	63	48	15
PCT7619	MV	1055	142	0	0	3	139	98	41
PCT7619	TO	1055	206	0	0	4	202	146	56
PCT7621	ED	1064	60	0	0	1	59	47	12
PCT7621	MV	1064	133	0	0	7	126	95	31
PCT7621	TO	1064	193	0	0	8	185	142	43
PCT7622	ED	923	44	0	0	4	40	33	7
PCT7622	MV	923	88	0	0	3	85	61	24
PCT7622	TO	923	132	0	0	7	125	94	31
PCT7623	ED	965	68	0	0	4	64	55	9
PCT7623	MV	965	97	0	0	8	89	69	20
PCT7623	TO	965	165	0	0	12	153	124	29
PCT7624	ED	835	46	0	0	1	45	35	10
PCT7624	MV	835	105	0	0	7	98	85	13
PCT7624	TO	835	151	0	0	8	143	120	23
PCT7625	ED	809	23	0	0	1	22	17	5
PCT7625	MV	809	322	0	0	59	263	197	66
PCT7625	TO	809	345	0	0	60	285	214	71
PCT7626	ED	1037	47	0	0	2	45	30	15
PCT7626	MV	1037	160	0	0	7	153	105	48
PCT7626	TO	1037	207	0	0	9	198	135	63
PCT7628	ED	933	69	0	0	2	67	53	14
PCT7628	MV	933	83	0	0	3	80	68	12
PCT7628	TO	933	152	0	0	5	147	121	26
PCT7629	ED	847	61	0	0	3	58	48	10
PCT7629	MV	847	79	0	0	9	70	57	13
PCT7629	TO	847	140	0	0	12	128	105	23
PCT7632	ED	1112	60	0	0	2	58	48	10
PCT7632	MV	1112	124	0	0	4	120	86	34
PCT7632	TO	1112	184	0	0	6	178	134	44
PCT7633	ED	1902	109	0	0	5	104	87	17
PCT7633	MV	1902	289	0	0	14	275	234	41
PCT7633	TO	1902	398	0	0	19	379	321	58
PCT7634	ED	864	63	0	0	9	54	43	11
PCT7634	MV	864	169	0	0	14	155	114	41
PCT7634	TO	864	232	0	0	23	209	157	52
PCT7635	ED	821	41	0	0	0	41	33	8
PCT7635	MV	821	79	0	0	1	78	50	28
PCT7635	TO	821	120	0	0	1	119	83	36
PCT7636	ED	945	59	0	0	2	57	40	17
PCT7636	MV	945	116	0	0	7	109	85	24
PCT7636	TO	945	175	0	0	9	166	125	41
PCT7637	ED	841	44	0	0	1	43	27	16
PCT7637	MV	841	133	0	0	4	129	99	30
PCT7637	TO	841	177	0	0	5	172	126	46
PCT7638	ED	1467	67	0	0	2	65	42	23
PCT7638	MV	1467	239	0	0	14	225	148	77
PCT7638	TO	1467	306	0	0	16	290	190	100
PCT7639	ED	1935	103	0	0	6	97	63	34
PCT7639	MV	1935	314	0	0	11	303	221	82
PCT7639	TO	1935	417	0	0	17	400	284	116
PCT7642	ED	946	60	0	0	5	55	38	17
PCT7642	MV	946	80	0	0	9	71	47	24
PCT7642	TO	946	140	0	0	14	126	85	41
PCT7643	ED	927	68	0	0	8	60	42	18
PCT7643	MV	927	180	0	0	10	170	135	35
PCT7643	TO	927	248	0	0	18	230	177	53
PCT7644	ED	1111	60	0	0	1	59	42	17
PCT7644	MV	1111	110	0	0	3	107	75	32
PCT7644	TO	1111	170	0	0	4	166	117	49
PCT7645	ED	626	28	0	0	2	26	14	12
PCT7645	MV	626	119	0	0	7	112	84	28
PCT7645	TO	626	147	0	0	9	138	98	40
PCT7646	ED	1090	41	0	0	3	38	33	5
PCT7646	MV	1090	172	0	0	6	166	134	32
PCT7646	TO	1090	213	0	0	9	204	167	37
PCT7647	ED	968	46	0	0	1	45	40	5
PCT7647	MV	968	58	0	0	1	57	48	9
PCT7647	TO	968	104	0	0	2	102	88	14
PCT7648	MV	2	0	0	0	0	0	0	0
PCT7648	TO	2	0	0	0	0	0	0	0
PCT7649	ED	888	44	0	0	1	43	30	13
PCT7649	MV	888	114	0	0	12	102	81	21
PCT7649	TO	888	158	0	0	13	145	111	34
PCT7651	ED	830	29	0	0	2	27	18	9
PCT7651	MV	830	113	0	0	4	109	78	31
PCT7651	TO	830	142	0	0	6	136	96	40
PCT7652	ED	596	38	0	0	1	37	29	8
PCT7652	MV	596	78	0	0	2	76	50	26
PCT7652	TO	596	116	0	0	3	113	79	34
PCT7653	ED	1373	52	0	0	2	50	39	11
PCT7653	MV	1373	149	0	0	2	147	110	37
PCT7653	TO	1373	201	0	0	4	197	149	48
PCT7655	ED	1150	38	0	0	2	36	27	9
PCT7655	MV	1150	150	0	0	4	146	99	47
PCT7655	TO	1150	188	0	0	6	182	126	56
PCT7701	ED	1035	113	0	0	1	112	85	27
PCT7701	MV	1035	155	0	0	1	154	114	40
PCT7701	TO	1035	268	0	0	2	266	199	67
PCT7703	MV	178	32	0	0	1	31	25	6
PCT7703	TO	178	32	0	0	1	31	25	6
PCT7704	ED	1723	201	0	0	6	195	145	50
PCT7704	MV	1723	300	0	0	12	288	212	76
PCT7704	TO	1723	501	0	0	18	483	357	126
PCT7705	ED	570	67	0	0	2	65	44	21
PCT7705	MV	570	120	0	0	5	115	97	18
PCT7705	TO	570	187	0	0	7	180	141	39
PCT7706	ED	839	120	0	0	5	115	82	33
PCT7706	MV	839	146	0	0	4	142	107	35
PCT7706	TO	839	266	0	0	9	257	189	68
PCT7707	ED	861	119	0	0	9	110	78	32
PCT7707	MV	861	170	0	0	5	165	125	40
PCT7707	TO	861	289	0	0	14	275	203	72
PCT7708	ED	881	92	0	0	4	88	68	20
PCT7708	MV	881	181	0	0	6	175	133	42
PCT7708	TO	881	273	0	0	10	263	201	62
PCT7709	ED	395	65	0	0	2	63	58	5
PCT7709	MV	395	68	0	0	1	67	50	17
PCT7709	TO	395	133	0	0	3	130	108	22
PCT7712	ED	1308	145	0	0	9	136	110	26
PCT7712	MV	1308	185	0	0	6	179	141	38
PCT7712	TO	1308	330	0	0	15	315	251	64
PCT7801	ED	968	110	0	0	2	108	84	24
PCT7801	MV	968	170	0	0	3	167	130	37
PCT7801	TO	968	280	0	0	5	275	214	61
PCT7802	ED	788	107	0	0	5	102	83	19
PCT7802	MV	788	137	0	0	10	127	101	26
PCT7802	TO	788	244	0	0	15	229	184	45
PCT7803	ED	822	67	0	0	4	63	52	11
PCT7803	MV	822	198	0	0	9	189	160	29
PCT7803	TO	822	265	0	0	13	252	212	40
PCT7805	ED	1683	205	0	0	5	200	160	40
PCT7805	MV	1683	303	0	0	12	291	230	61
PCT7805	TO	1683	508	0	0	17	491	390	101
PCT7807	ED	796	125	0	0	4	121	104	17
PCT7807	MV	796	106	0	0	1	105	90	15
PCT7807	TO	796	231	0	0	5	226	194	32
PCT7808	ED	1377	206	0	0	6	200	158	42
PCT7808	MV	1377	169	0	0	4	165	125	40
PCT7808	TO	1377	375	0	0	10	365	283	82
PCT7809	ED	770	89	0	0	6	83	70	13
PCT7809	MV	770	115	0	0	2	113	100	13
PCT7809	TO	770	204	0	0	8	196	170	26
PCT7811	ED	726	97	0	0	1	96	79	17
PCT7811	MV	726	61	0	1	2	58	48	10
PCT7811	TO	726	158	0	1	3	154	127	27
PCT7812	ED	871	107	0	0	6	101	77	24
PCT7812	MV	871	120	0	0	3	117	94	23
PCT7812	TO	871	227	0	0	9	218	171	47
PCT7813	ED	1037	153	0	0	0	153	135	18
PCT7813	MV	1037	156	0	0	8	148	128	20
PCT7813	TO	1037	309	0	0	8	301	263	38
PCT7814	ED	887	80	0	0	2	78	64	14
PCT7814	MV	887	91	0	1	3	87	74	13
PCT7814	TO	887	171	0	1	5	165	138	27
PCT7815	ED	1779	190	0	0	2	188	145	43
PCT7815	MV	1779	316	0	1	12	303	247	56
PCT7815	TO	1779	506	0	1	14	491	392	99
PCT7817	ED	1641	225	0	0	4	221	194	27
PCT7817	MV	1641	267	0	0	9	258	204	54
PCT7817	TO	1641	492	0	0	13	479	398	81
PCT7819	ED	1585	181	0	0	2	179	149	30
PCT7819	MV	1585	221	0	0	10	211	172	39
PCT7819	TO	1585	402	0	0	12	390	321	69
PCT7821	ED	965	134	0	0	2	132	104	28
PCT7821	MV	965	156	0	0	4	152	132	20
PCT7821	TO	965	290	0	0	6	284	236	48
PCT7822	ED	1748	263	0	0	1	262	212	50
PCT7822	MV	1748	289	0	0	9	280	233	47
PCT7822	TO	1748	552	0	0	10	542	445	97
PCT7824	ED	1353	175	0	0	8	167	140	27
PCT7824	MV	1353	169	0	0	5	164	133	31
PCT7824	TO	1353	344	0	0	13	331	273	58
PCT7826	ED	661	107	0	0	8	99	81	18
PCT7826	MV	661	60	0	0	2	58	43	15
PCT7826	TO	661	167	0	0	10	157	124	33
PCT7828	ED	997	105	0	0	4	101	78	23
PCT7828	MV	997	138	0	0	3	135	105	30
PCT7828	TO	997	243	0	0	7	236	183	53
PCT7829	ED	884	113	0	0	3	110	93	17
PCT7829	MV	884	155	0	0	8	147	117	30
PCT7829	TO	884	268	0	0	11	257	210	47
PCT7832	ED	773	77	0	0	6	71	55	16
PCT7832	MV	773	153	0	0	6	147	119	28
PCT7832	TO	773	230	0	0	12	218	174	44
PCT7834	ED	1593	199	0	0	10	189	151	38
PCT7834	MV	1593	197	0	0	2	195	160	35
PCT7834	TO	1593	396	0	0	12	384	311	73
PCT7835	ED	847	77	0	0	0	77	59	18
PCT7835	MV	847	141	0	0	1	140	114	26
PCT7835	TO	847	218	0	0	1	217	173	44
PCT7836	ED	1011	108	0	0	2	106	86	20
PCT7836	MV	1011	179	0	0	6	173	151	22
PCT7836	TO	1011	287	0	0	8	279	237	42
PCT7837	ED	1784	238	0	0	8	230	181	49
PCT7837	MV	1784	305	0	0	14	291	216	75
PCT7837	TO	1784	543	0	0	22	521	397	124
PCT7839	ED	1718	176	0	1	4	171	133	38
PCT7839	MV	1718	330	0	0	12	318	252	66
PCT7839	TO	1718	506	0	1	16	489	385	104
PCT7841	ED	1778	277	0	0	9	268	218	50
PCT7841	MV	1778	218	0	0	5	213	174	39
PCT7841	TO	1778	495	0	0	14	481	392	89
PCT7843	ED	719	108	0	0	2	106	85	21
PCT7843	MV	719	92	0	0	4	88	74	14
PCT7843	TO	719	200	0	0	6	194	159	35
PCT7844	ED	630	77	0	0	2	75	63	12
PCT7844	MV	630	84	0	0	2	82	67	15
PCT7844	TO	630	161	0	0	4	157	130	27
PCT7845	ED	870	107	0	0	4	103	76	27
PCT7845	MV	870	142	0	0	5	137	108	29
PCT7845	TO	870	249	0	0	9	240	184	56
PCT7846	ED	888	103	0	0	5	98	70	28
PCT7846	MV	888	124	0	0	8	116	96	20
PCT7846	TO	888	227	0	0	13	214	166	48
PCT7847	ED	1718	225	0	0	11	214	171	43
PCT7847	MV	1718	259	0	0	14	245	198	47
PCT7847	TO	1718	484	0	0	25	459	369	90
PCT7849	ED	887	126	0	0	3	123	101	22
PCT7849	MV	887	143	0	0	0	143	107	36
PCT7849	TO	887	269	0	0	3	266	208	58
PCT7852	ED	1153	130	0	0	5	125	85	40
PCT7852	MV	1153	235	0	0	5	230	188	42
PCT7852	TO	1153	365	0	0	10	355	273	82
PCT7853	ED	1736	183	0	0	6	177	154	23
PCT7853	MV	1736	281	0	0	11	270	211	59
PCT7853	TO	1736	464	0	0	17	447	365	82
PCT7854	ED	866	109	0	0	5	104	84	20
PCT7854	MV	866	129	0	0	2	127	98	29
PCT7854	TO	866	238	0	0	7	231	182	49
PCT7855	ED	1775	243	0	0	4	239	189	50
PCT7855	MV	1775	241	0	0	9	232	185	47
PCT7855	TO	1775	484	0	0	13	471	374	97
PCT7858	ED	1646	199	0	0	6	193	167	26
PCT7858	MV	1646	205	0	0	8	197	152	45
PCT7858	TO	1646	404	0	0	14	390	319	71
PCT7861	ED	854	111	0	0	0	111	91	20
PCT7861	MV	854	138	0	0	3	135	109	26
PCT7861	TO	854	249	0	0	3	246	200	46
PCT7862	ED	857	132	0	0	2	130	101	29
PCT7862	MV	857	120	0	0	4	116	89	27
PCT7862	TO	857	252	0	0	6	246	190	56
PCT7863	ED	881	127	0	0	4	123	103	20
PCT7863	MV	881	98	0	0	4	94	80	14
PCT7863	TO	881	225	0	0	8	217	183	34
PCT7864	ED	804	96	0	0	3	93	68	25
PCT7864	MV	804	111	0	0	4	107	82	25
PCT7864	TO	804	207	0	0	7	200	150	50
PCT7866	ED	822	113	0	0	5	108	92	16
PCT7866	MV	822	193	0	0	8	185	143	42
PCT7866	TO	822	306	0	0	13	293	235	58
PCT7867	ED	969	124	0	0	8	116	91	25
PCT7867	MV	969	145	0	0	4	141	118	23
PCT7867	TO	969	269	0	0	12	257	209	48
PCT7868	ED	870	117	0	0	4	113	88	25
PCT7868	MV	870	127	0	0	5	122	93	29
PCT7868	TO	870	244	0	0	9	235	181	54
PCT7869	ED	863	109	0	0	5	104	77	27
PCT7869	MV	863	147	0	0	4	143	111	32
PCT7869	TO	863	256	0	0	9	247	188	59
PCT7871	ED	877	125	0	0	2	123	100	23
PCT7871	MV	877	133	0	0	5	128	107	21
PCT7871	TO	877	258	0	0	7	251	207	44
PCT7872	ED	863	134	0	0	4	130	102	28
PCT7872	MV	863	144	0	0	4	140	112	28
PCT7872	TO	863	278	0	0	8	270	214	56
PCT7873	ED	1688	227	0	0	12	215	174	41
PCT7873	MV	1688	278	0	0	6	272	216	56
PCT7873	TO	1688	505	0	0	18	487	390	97
PCT7874	ED	474	55	0	0	2	53	39	14
PCT7874	MV	474	56	0	0	2	54	43	11
PCT7874	TO	474	111	0	0	4	107	82	25
PCT7875	ED	624	63	0	0	4	59	48	11
PCT7875	MV	624	84	0	0	3	81	69	12
PCT7875	TO	624	147	0	0	7	140	117	23
PCT7876	ED	523	49	0	0	3	46	36	10
PCT7876	MV	523	93	0	0	3	90	72	18
PCT7876	TO	523	142	0	0	6	136	108	28
PCT7902	ED	1729	159	0	0	6	153	128	25
PCT7902	MV	1729	184	0	0	3	181	134	47
PCT7902	TO	1729	343	0	0	9	334	262	72
PCT7903	ED	826	102	0	0	6	96	82	14
PCT7903	MV	826	83	0	0	8	75	60	15
PCT7903	TO	826	185	0	0	14	171	142	29
PCT7905	ED	880	115	0	0	1	114	99	15
PCT7905	MV	880	114	0	0	5	109	87	22
PCT7905	TO	880	229	0	0	6	223	186	37
PCT7906	ED	757	75	0	0	5	70	64	6
PCT7906	MV	757	67	0	0	5	62	42	20
PCT7906	TO	757	142	0	0	10	132	106	26
PCT7908	ED	1907	203	0	0	4	199	174	25
PCT7908	MV	1907	223	0	0	9	214	177	37
PCT7908	TO	1907	426	0	0	13	413	351	62
PCT7909	ED	718	96	0	0	3	93	82	11
PCT7909	MV	718	68	0	0	2	66	48	18
PCT7909	TO	718	164	0	0	5	159	130	29
PCT7911	ED	845	91	0	0	4	87	72	15
PCT7911	MV	845	82	0	0	3	79	59	20
PCT7911	TO	845	173	0	0	7	166	131	35
PCT7912	ED	1940	230	0	0	7	223	193	30
PCT7912	MV	1940	197	0	0	6	191	159	32
PCT7912	TO	1940	427	0	0	13	414	352	62
PCT7915	ED	1692	201	0	0	5	196	175	21
PCT7915	MV	1692	142	0	0	1	141	121	20
PCT7915	TO	1692	343	0	0	6	337	296	41
PCT7916	ED	842	119	0	0	6	113	99	14
PCT7916	MV	842	85	0	0	2	83	64	19
PCT7916	TO	842	204	0	0	8	196	163	33
PCT7917	ED	1823	232	0	1	6	225	195	30
PCT7917	MV	1823	178	0	0	4	174	142	32
PCT7917	TO	1823	410	0	1	10	399	337	62
PCT7918	ED	798	96	0	0	3	93	79	14
PCT7918	MV	798	61	0	0	1	60	49	11
PCT7918	TO	798	157	0	0	4	153	128	25
PCT7921	ED	1729	158	0	0	4	154	142	12
PCT7921	MV	1729	191	0	0	5	186	149	37
PCT7921	TO	1729	349	0	0	9	340	291	49
PCT7923	ED	1708	173	0	0	9	164	148	16
PCT7923	MV	1708	196	0	0	7	189	145	44
PCT7923	TO	1708	369	0	0	16	353	293	60
PCT7925	ED	530	58	0	0	1	57	52	5
PCT7925	MV	530	66	0	0	4	62	53	9
PCT7925	TO	530	124	0	0	5	119	105	14
PCT7926	ED	783	114	0	0	5	109	93	16
PCT7926	MV	783	85	0	0	2	83	69	14
PCT7926	TO	783	199	0	0	7	192	162	30
PCT7928	ED	1661	261	0	0	9	252	211	41
PCT7928	MV	1661	205	0	0	4	201	168	33
PCT7928	TO	1661	466	0	0	13	453	379	74
PCT7929	ED	830	117	0	0	3	114	97	17
PCT7929	MV	830	139	0	0	7	132	110	22
PCT7929	TO	830	256	0	0	10	246	207	39
PCT7931	ED	742	96	0	0	3	93	78	15
PCT7931	MV	742	122	0	0	6	116	102	14
PCT7931	TO	742	218	0	0	9	209	180	29
PCT7932	ED	547	68	0	0	2	66	50	16
PCT7932	MV	547	79	0	0	2	77	62	15
PCT7932	TO	547	147	0	0	4	143	112	31
PCT7933	MV	7	2	0	0	0	2	1	1
PCT7933	TO	7	2	0	0	0	2	1	1
PCT7934	ED	866	92	0	0	3	89	78	11
PCT7934	MV	866	124	0	0	4	120	104	16
PCT7934	TO	866	216	0	0	7	209	182	27
PCT7935	ED	927	131	0	0	5	126	105	21
PCT7935	MV	927	143	0	0	7	136	107	29
PCT7935	TO	927	274	0	0	12	262	212	50
PCT7936	ED	1508	285	0	1	6	278	235	43
PCT7936	MV	1508	190	0	0	6	184	153	31
PCT7936	TO	1508	475	0	1	12	462	388	74
PCT7937	ED	899	108	0	0	6	102	94	8
PCT7937	MV	899	97	0	0	4	93	77	16
PCT7937	TO	899	205	0	0	10	195	171	24
PCT7938	ED	758	80	0	0	3	77	64	13
PCT7938	MV	758	91	0	0	2	89	73	16
PCT7938	TO	758	171	0	0	5	166	137	29
PCT7941	ED	752	95	0	0	3	92	71	21
PCT7941	MV	752	100	0	0	5	95	82	13
PCT7941	TO	752	195	0	0	8	187	153	34
PCT7942	ED	923	72	0	0	3	69	56	13
PCT7942	MV	923	124	0	0	7	117	99	18
PCT7942	TO	923	196	0	0	10	186	155	31
PCT7943	ED	1675	215	0	0	5	210	175	35
PCT7943	MV	1675	215	0	0	6	209	180	29
PCT7943	TO	1675	430	0	0	11	419	355	64
PCT7945	ED	940	50	0	0	0	50	43	7
PCT7945	MV	940	115	0	0	6	109	96	13
PCT7945	TO	940	165	0	0	6	159	139	20
PCT7946	ED	1553	111	0	1	2	108	81	27
PCT7946	MV	1553	267	0	0	10	257	198	59
PCT7946	TO	1553	378	0	1	12	365	279	86
PCT7947	ED	960	51	0	0	2	49	37	12
PCT7947	MV	960	157	0	0	7	150	118	32
PCT7947	TO	960	208	0	0	9	199	155	44
PCT7948	ED	918	75	0	0	2	73	62	11
PCT7948	MV	918	146	0	0	7	139	97	42
PCT7948	TO	918	221	0	0	9	212	159	53
PCT7951	ED	1818	98	0	0	3	95	71	24
PCT7951	MV	1818	311	0	0	24	287	206	81
PCT7951	TO	1818	409	0	0	27	382	277	105
PCT7953	ED	824	69	0	0	1	68	45	23
PCT7953	MV	824	132	0	0	5	127	100	27
PCT7953	TO	824	201	0	0	6	195	145	50
PCT7954	MV	1	1	0	0	0	1	0	1
PCT7954	TO	1	1	0	0	0	1	0	1
PCT7956	ED	1759	85	0	0	6	79	52	27
PCT7956	MV	1759	246	0	0	21	225	159	66
PCT7956	TO	1759	331	0	0	27	304	211	93
PCT7957	ED	665	60	0	0	2	58	45	13
PCT7957	MV	665	103	0	0	9	94	60	34
PCT7957	TO	665	163	0	0	11	152	105	47
PCT7958	MV	301	53	0	0	1	52	38	14
PCT7958	TO	301	53	0	0	1	52	38	14
PCT7959	ED	1198	94	0	0	4	90	80	10
PCT7959	MV	1198	147	0	0	2	145	112	33
PCT7959	TO	1198	241	0	0	6	235	192	43
PCT9001	MV	286	50	0	0	0	50	42	8
PCT9001	TO	286	50	0	0	0	50	42	8
PCT9103	ED	946	98	0	0	6	92	66	26
PCT9103	MV	946	124	0	0	6	118	94	24
PCT9103	TO	946	222	0	0	12	210	160	50
PCT9104	ED	993	83	0	0	3	80	64	16
PCT9104	MV	993	141	0	0	6	135	107	28
PCT9104	TO	993	224	0	0	9	215	171	44
PCT9105	ED	1747	185	0	1	8	176	127	49
PCT9105	MV	1747	234	0	0	3	231	169	62
PCT9105	TO	1747	419	0	1	11	407	296	111
PCT9106	ED	935	109	0	0	4	105	87	18
PCT9106	MV	935	112	0	0	10	102	81	21
PCT9106	TO	935	221	0	0	14	207	168	39
PCT9109	ED	1651	202	0	0	10	192	141	51
PCT9109	MV	1651	175	0	0	12	163	132	31
PCT9109	TO	1651	377	0	0	22	355	273	82
PCT9111	ED	809	82	0	0	5	77	60	17
PCT9111	MV	809	98	0	0	5	93	65	28
PCT9111	TO	809	180	0	0	10	170	125	45
PCT9113	ED	997	132	0	0	9	123	89	34
PCT9113	MV	997	127	0	0	5	122	81	41
PCT9113	TO	997	259	0	0	14	245	170	75
PCT9114	ED	1806	173	0	0	8	165	119	46
PCT9114	MV	1806	209	0	0	11	198	145	53
PCT9114	TO	1806	382	0	0	19	363	264	99
PCT9116	ED	1822	194	0	0	10	184	157	27
PCT9116	MV	1822	222	0	0	7	215	160	55
PCT9116	TO	1822	416	0	0	17	399	317	82
PCT9117	ED	1691	202	0	0	8	194	155	39
PCT9117	MV	1691	277	0	0	15	262	210	52
PCT9117	TO	1691	479	0	0	23	456	365	91
PCT9118	ED	1938	171	0	0	7	164	125	39
PCT9118	MV	1938	255	0	0	12	243	180	63
PCT9118	TO	1938	426	0	0	19	407	305	102
PCT9119	ED	899	77	0	0	5	72	60	12
PCT9119	MV	899	139	0	0	6	133	100	33
PCT9119	TO	899	216	0	0	11	205	160	45
PCT9122	ED	1865	148	0	0	8	140	108	32
PCT9122	MV	1865	271	0	0	8	263	195	68
PCT9122	TO	1865	419	0	0	16	403	303	100
PCT9124	ED	1843	179	0	0	8	171	133	38
PCT9124	MV	1843	258	0	0	18	240	181	59
PCT9124	TO	1843	437	0	0	26	411	314	97
PCT9125	ED	879	83	0	0	4	79	65	14
PCT9125	MV	879	114	0	0	4	110	86	24
PCT9125	TO	879	197	0	0	8	189	151	38
PCT9127	ED	1974	213	0	0	7	206	147	59
PCT9127	MV	1974	298	0	0	16	282	199	83
PCT9127	TO	1974	511	0	0	23	488	346	142
PCT9128	ED	814	102	0	0	4	98	74	24
PCT9128	MV	814	111	0	0	2	109	85	24
PCT9128	TO	814	213	0	0	6	207	159	48
PCT9129	ED	1459	128	0	0	3	125	89	36
PCT9129	MV	1459	192	0	0	3	189	138	51
PCT9129	TO	1459	320	0	0	6	314	227	87
PCT9132	ED	805	80	0	0	5	75	62	13
PCT9132	MV	805	86	0	0	7	79	64	15
PCT9132	TO	805	166	0	0	12	154	126	28
PCT9133	ED	1984	203	0	0	8	195	153	42
PCT9133	MV	1984	262	0	0	20	242	194	48
PCT9133	TO	1984	465	0	0	28	437	347	90
PCT9134	ED	891	60	0	0	0	60	42	18
PCT9134	MV	891	117	0	0	9	108	76	32
PCT9134	TO	891	177	0	0	9	168	118	50
PCT9135	ED	802	90	0	0	1	89	67	22
PCT9135	MV	802	127	0	0	4	123	82	41
PCT9135	TO	802	217	0	0	5	212	149	63
PCT9136	ED	900	97	0	0	4	93	68	25
PCT9136	MV	900	106	0	0	9	97	70	27
PCT9136	TO	900	203	0	0	13	190	138	52
PCT9137	ED	999	90	0	0	4	86	63	23
PCT9137	MV	999	131	0	0	7	124	103	21
PCT9137	TO	999	221	0	0	11	210	166	44
PCT9138	ED	929	69	0	0	2	67	48	19
PCT9138	MV	929	126	0	0	5	121	93	28
PCT9138	TO	929	195	0	0	7	188	141	47
PCT9139	ED	986	83	0	0	2	81	56	25
PCT9139	MV	986	150	0	0	9	141	103	38
PCT9139	TO	986	233	0	0	11	222	159	63
PCT9141	ED	1803	187	0	0	7	180	131	49
PCT9141	MV	1803	269	0	0	10	259	200	59
PCT9141	TO	1803	456	0	0	17	439	331	108
PCT9143	ED	895	103	0	0	3	100	79	21
PCT9143	MV	895	141	0	0	4	137	100	37
PCT9143	TO	895	244	0	0	7	237	179	58
PCT9144	ED	958	121	0	0	1	120	97	23
PCT9144	MV	958	140	0	0	3	137	101	36
PCT9144	TO	958	261	0	0	4	257	198	59
PCT9145	ED	851	89	0	0	4	85	70	15
PCT9145	MV	851	101	0	0	6	95	79	16
PCT9145	TO	851	190	0	0	10	180	149	31
PCT9146	ED	1837	209	0	0	8	201	158	43
PCT9146	MV	1837	208	0	0	6	202	161	41
PCT9146	TO	1837	417	0	0	14	403	319	84
PCT9149	ED	957	134	0	0	4	130	116	14
PCT9149	MV	957	108	0	0	2	106	85	21
PCT9149	TO	957	242	0	0	6	236	201	35
PCT9152	ED	1630	123	0	0	3	120	95	25
PCT9152	MV	1630	178	0	0	3	175	141	34
PCT9152	TO	1630	301	0	0	6	295	236	59
PCT9201	ED	950	76	0	0	1	75	64	11
PCT9201	MV	950	74	0	0	1	73	63	10
PCT9201	TO	950	150	0	0	2	148	127	21
PCT9202	ED	977	78	0	0	7	71	52	19
PCT9202	MV	977	75	0	0	0	75	43	32
PCT9202	TO	977	153	0	0	7	146	95	51
PCT9203	ED	984	51	0	0	2	49	30	19
PCT9203	MV	984	118	0	0	2	116	69	47
PCT9203	TO	984	169	0	0	4	165	99	66
PCT9204	ED	855	83	0	0	10	73	38	35
PCT9204	MV	855	99	0	0	10	89	54	35
PCT9204	TO	855	182	0	0	20	162	92	70
PCT9205	ED	1484	103	0	0	4	99	69	30
PCT9205	MV	1484	166	0	0	3	163	121	42
PCT9205	TO	1484	269	0	0	7	262	190	72
PCT9208	ED	1935	136	0	0	6	130	92	38
PCT9208	MV	1935	217	0	0	6	211	145	66
PCT9208	TO	1935	353	0	0	12	341	237	104
PCT9209	ED	742	64	0	0	3	61	42	19
PCT9209	MV	742	93	0	0	4	89	72	17
PCT9209	TO	742	157	0	0	7	150	114	36
PCT9211	ED	1788	140	0	0	14	126	83	43
PCT9211	MV	1788	229	0	0	5	224	155	69
PCT9211	TO	1788	369	0	0	19	350	238	112
PCT9213	ED	927	67	0	0	1	66	45	21
PCT9213	MV	927	129	0	0	3	126	95	31
PCT9213	TO	927	196	0	0	4	192	140	52
PCT9214	ED	633	52	0	0	0	52	28	24
PCT9214	MV	633	90	0	0	8	82	59	23
PCT9214	TO	633	142	0	0	8	134	87	47
PCT9215	ED	641	58	0	0	3	55	38	17
PCT9215	MV	641	94	0	0	5	89	62	27
PCT9215	TO	641	152	0	0	8	144	100	44
PCT9216	ED	818	58	0	0	3	55	34	21
PCT9216	MV	818	81	0	0	4	77	47	30
PCT9216	TO	818	139	0	0	7	132	81	51
PCT9217	ED	704	48	0	0	1	47	27	20
PCT9217	MV	704	88	0	0	5	83	56	27
PCT9217	TO	704	136	0	0	6	130	83	47
PCT9218	ED	805	66	0	0	5	61	42	19
PCT9218	MV	805	98	0	0	5	93	67	26
PCT9218	TO	805	164	0	0	10	154	109	45
PCT9219	ED	1727	142	0	0	1	141	96	45
PCT9219	MV	1727	171	0	0	10	161	122	39
PCT9219	TO	1727	313	0	0	11	302	218	84
PCT9221	ED	638	60	0	0	4	56	26	30
PCT9221	MV	638	136	0	0	1	135	74	61
PCT9221	TO	638	196	0	0	5	191	100	91
PCT9222	ED	886	63	0	0	6	57	35	22
PCT9222	MV	886	145	0	0	12	133	92	41
PCT9222	TO	886	208	0	0	18	190	127	63
PCT9223	ED	651	39	0	0	2	37	25	12
PCT9223	MV	651	108	0	0	6	102	67	35
PCT9223	TO	651	147	0	0	8	139	92	47
PCT9224	ED	928	77	0	0	3	74	49	25
PCT9224	MV	928	151	0	0	2	149	113	36
PCT9224	TO	928	228	0	0	5	223	162	61
PCT9226	ED	892	70	0	0	2	68	47	21
PCT9226	MV	892	129	0	0	6	123	94	29
PCT9226	TO	892	199	0	0	8	191	141	50
PCT9227	ED	713	72	0	0	2	70	48	22
PCT9227	MV	713	117	0	0	2	115	77	38
PCT9227	TO	713	189	0	0	4	185	125	60
PCT9228	ED	740	77	0	0	3	74	49	25
PCT9228	MV	740	105	0	0	4	101	71	30
PCT9228	TO	740	182	0	0	7	175	120	55
PCT9229	ED	574	80	0	0	2	78	51	27
PCT9229	MV	574	82	0	0	3	79	57	22
PCT9229	TO	574	162	0	0	5	157	108	49
PCT9231	ED	954	122	0	0	8	114	84	30
PCT9231	MV	954	115	0	2	1	112	78	34
PCT9231	TO	954	237	0	2	9	226	162	64
PCT9232	ED	716	74	0	0	3	71	45	26
PCT9232	MV	716	101	0	0	5	96	59	37
PCT9232	TO	716	175	0	0	8	167	104	63
PCT9233	ED	814	62	0	0	3	59	30	29
PCT9233	MV	814	126	0	0	9	117	79	38
PCT9233	TO	814	188	0	0	12	176	109	67
PCT9234	ED	747	56	0	0	3	53	32	21
PCT9234	MV	747	105	0	0	6	99	70	29
PCT9234	TO	747	161	0	0	9	152	102	50
PCT9235	ED	1439	127	0	0	7	120	88	32
PCT9235	MV	1439	213	0	1	7	205	139	66
PCT9235	TO	1439	340	0	1	14	325	227	98
PCT9236	ED	659	53	0	0	4	49	27	22
PCT9236	MV	659	110	0	0	8	102	62	40
PCT9236	TO	659	163	0	0	12	151	89	62
PCT9237	ED	874	60	0	0	4	56	39	17
PCT9237	MV	874	126	0	0	8	118	82	36
PCT9237	TO	874	186	0	0	12	174	121	53
PCT9238	ED	1769	122	0	0	7	115	84	31
PCT9238	MV	1769	274	0	0	11	263	186	77
PCT9238	TO	1769	396	0	0	18	378	270	108
PCT9239	ED	866	64	0	0	3	61	34	27
PCT9239	MV	866	156	0	0	8	148	108	40
PCT9239	TO	866	220	0	0	11	209	142	67
PCT9241	ED	968	78	0	0	1	77	56	21
PCT9241	MV	968	141	0	0	3	138	102	36
PCT9241	TO	968	219	0	0	4	215	158	57
PCT9242	ED	1845	121	0	0	0	121	88	33
PCT9242	MV	1845	257	0	0	4	253	181	72
PCT9242	TO	1845	378	0	0	4	374	269	105
PCT9244	ED	881	75	0	0	0	75	51	24
PCT9244	MV	881	96	0	0	9	87	60	27
PCT9244	TO	881	171	0	0	9	162	111	51
PCT9245	ED	1081	104	0	1	4	99	80	19
PCT9245	MV	1081	142	0	0	6	136	98	38
PCT9245	TO	1081	246	0	1	10	235	178	57
PCT9248	ED	870	67	0	0	1	66	52	14
PCT9248	MV	870	99	0	0	6	93	65	28
PCT9248	TO	870	166	0	0	7	159	117	42
PCT9251	ED	1887	220	0	0	11	209	126	83
PCT9251	MV	1887	260	0	0	13	247	190	57
PCT9251	TO	1887	480	0	0	24	456	316	140
PCT9252	ED	918	56	0	0	2	54	41	13
PCT9252	MV	918	113	0	0	2	111	81	30
PCT9252	TO	918	169	0	0	4	165	122	43
PCT9253	ED	752	64	0	0	4	60	42	18
PCT9253	MV	752	124	0	0	16	108	73	35
PCT9253	TO	752	188	0	0	20	168	115	53
PCT9255	ED	1236	119	0	0	1	118	93	25
PCT9255	MV	1236	144	0	0	6	138	107	31
PCT9255	TO	1236	263	0	0	7	256	200	56
PCT9256	ED	1373	112	0	0	3	109	91	18
PCT9256	MV	1373	216	0	0	3	213	153	60
PCT9256	TO	1373	328	0	0	6	322	244	78
PCT9257	MV	311	39	0	0	2	37	26	11
PCT9257	TO	311	39	0	0	2	37	26	11
PCT9401	ED	1015	120	0	0	7	113	92	21
PCT9401	MV	1015	113	0	0	6	107	82	25
PCT9401	TO	1015	233	0	0	13	220	174	46
PCT9402	ED	988	140	0	0	9	131	110	21
PCT9402	MV	988	102	0	0	7	95	68	27
PCT9402	TO	988	242	0	0	16	226	178	48
PCT9404	ED	1814	161	0	0	4	157	129	28
PCT9404	MV	1814	230	0	0	12	218	171	47
PCT9404	TO	1814	391	0	0	16	375	300	75
PCT9405	ED	770	88	0	0	3	85	63	22
PCT9405	MV	770	108	0	0	4	104	80	24
PCT9405	TO	770	196	0	0	7	189	143	46
PCT9406	ED	873	110	0	0	4	106	81	25
PCT9406	MV	873	109	0	0	7	102	83	19
PCT9406	TO	873	219	0	0	11	208	164	44
PCT9407	ED	887	96	0	0	12	84	70	14
PCT9407	MV	887	100	0	0	4	96	68	28
PCT9407	TO	887	196	0	0	16	180	138	42
PCT9408	ED	834	93	0	0	6	87	71	16
PCT9408	MV	834	77	0	0	2	75	62	13
PCT9408	TO	834	170	0	0	8	162	133	29
PCT9409	ED	591	89	0	0	3	86	77	9
PCT9409	MV	591	59	0	0	2	57	36	21
PCT9409	TO	591	148	0	0	5	143	113	30
PCT9411	ED	1842	167	0	0	3	164	137	27
PCT9411	MV	1842	234	0	0	12	222	167	55
PCT9411	TO	1842	401	0	0	15	386	304	82
PCT9413	ED	920	88	0	0	2	86	63	23
PCT9413	MV	920	126	0	0	10	116	93	23
PCT9413	TO	920	214	0	0	12	202	156	46
PCT9415	ED	779	56	0	0	3	53	41	12
PCT9415	MV	779	128	0	0	2	126	99	27
PCT9415	TO	779	184	0	0	5	179	140	39
PCT9416	ED	988	118	0	0	6	112	89	23
PCT9416	MV	988	139	0	0	11	128	92	36
PCT9416	TO	988	257	0	0	17	240	181	59
PCT9418	ED	1561	161	0	0	8	153	119	34
PCT9418	MV	1561	249	0	0	23	226	181	45
PCT9418	TO	1561	410	0	0	31	379	300	79
PCT9419	ED	1790	130	0	0	2	128	89	39
PCT9419	MV	1790	283	0	0	13	270	210	60
PCT9419	TO	1790	413	0	0	15	398	299	99
PCT9421	ED	917	65	0	0	4	61	45	16
PCT9421	MV	917	128	0	0	13	115	87	28
PCT9421	TO	917	193	0	0	17	176	132	44
PCT9422	ED	1068	99	0	0	5	94	71	23
PCT9422	MV	1068	169	0	0	10	159	116	43
PCT9422	TO	1068	268	0	0	15	253	187	66
PCT9423	ED	906	70	0	0	5	65	53	12
PCT9423	MV	906	93	0	0	13	80	61	19
PCT9423	TO	906	163	0	0	18	145	114	31
PCT9424	ED	1949	142	0	0	13	129	106	23
PCT9424	MV	1949	323	0	0	19	304	226	78
PCT9424	TO	1949	465	0	0	32	433	332	101
PCT9426	ED	832	61	0	0	3	58	42	16
PCT9426	MV	832	117	0	0	4	113	93	20
PCT9426	TO	832	178	0	0	7	171	135	36
PCT9427	ED	964	78	0	0	5	73	49	24
PCT9427	MV	964	144	0	0	16	128	92	36
PCT9427	TO	964	222	0	0	21	201	141	60
PCT9431	ED	1914	176	0	0	7	169	124	45
PCT9431	MV	1914	284	0	0	10	274	194	80
PCT9431	TO	1914	460	0	0	17	443	318	125
PCT9432	ED	943	76	0	0	0	76	57	19
PCT9432	MV	943	142	0	0	10	132	102	30
PCT9432	TO	943	218	0	0	10	208	159	49
PCT9433	ED	1923	120	0	0	5	115	81	34
PCT9433	MV	1923	289	0	0	18	271	188	83
PCT9433	TO	1923	409	0	0	23	386	269	117
PCT9434	ED	982	97	0	0	1	96	72	24
PCT9434	MV	982	120	0	0	4	116	80	36
PCT9434	TO	982	217	0	0	5	212	152	60
PCT9436	ED	1057	94	0	0	9	85	52	33
PCT9436	MV	1057	160	0	0	7	153	114	39
PCT9436	TO	1057	254	0	0	16	238	166	72
PCT9437	ED	908	76	0	0	4	72	52	20
PCT9437	MV	908	127	0	0	6	121	90	31
PCT9437	TO	908	203	0	0	10	193	142	51
PCT9439	ED	1863	125	0	1	7	117	91	26
PCT9439	MV	1863	310	0	0	14	296	224	72
PCT9439	TO	1863	435	0	1	21	413	315	98
PCT9441	ED	985	100	0	0	2	98	77	21
PCT9441	MV	985	170	0	0	4	166	131	35
PCT9441	TO	985	270	0	0	6	264	208	56
PCT9442	ED	2015	196	0	0	12	184	131	53
PCT9442	MV	2015	280	0	0	13	267	190	77
PCT9442	TO	2015	476	0	0	25	451	321	130
PCT9443	ED	1908	136	0	0	7	129	97	32
PCT9443	MV	1908	256	0	0	15	241	183	58
PCT9443	TO	1908	392	0	0	22	370	280	90
PCT9445	ED	971	72	0	0	5	67	46	21
PCT9445	MV	971	146	0	0	6	140	93	47
PCT9445	TO	971	218	0	0	11	207	139	68
PCT9446	ED	1940	185	0	0	11	174	126	48
PCT9446	MV	1940	263	0	0	12	251	155	96
PCT9446	TO	1940	448	0	0	23	425	281	144
PCT9447	ED	889	88	0	0	3	85	66	19
PCT9447	MV	889	131	0	0	5	126	87	39
PCT9447	TO	889	219	0	0	8	211	153	58
PCT9448	ED	936	76	0	0	3	73	51	22
PCT9448	MV	936	123	0	0	5	118	96	22
PCT9448	TO	936	199	0	0	8	191	147	44
PCT9449	ED	862	74	0	0	3	71	44	27
PCT9449	MV	862	147	0	0	3	144	106	38
PCT9449	TO	862	221	0	0	6	215	150	65
PCT9451	ED	437	32	0	0	1	31	19	12
PCT9451	MV	437	58	0	0	2	56	36	20
PCT9451	TO	437	90	0	0	3	87	55	32
PCT9453	ED	520	44	0	0	2	42	22	20
PCT9453	MV	520	83	0	0	3	80	67	13
PCT9453	TO	520	127	0	0	5	122	89	33
PCT9501	MV	147	41	0	0	2	39	25	14
PCT9501	TO	147	41	0	0	2	39	25	14
PCT9502	MV	253	46	0	0	0	46	39	7
PCT9502	TO	253	46	0	0	0	46	39	7
PCT9503	ED	667	60	0	0	1	59	49	10
PCT9503	MV	667	95	0	0	6	89	68	21
PCT9503	TO	667	155	0	0	7	148	117	31
PCT9505	ED	760	100	0	0	7	93	66	27
PCT9505	MV	760	114	0	0	6	108	90	18
PCT9505	TO	760	214	0	0	13	201	156	45
PCT9506	ED	750	73	0	0	5	68	53	15
PCT9506	MV	750	76	0	0	1	75	51	24
PCT9506	TO	750	149	0	0	6	143	104	39
PCT9507	ED	713	92	0	0	5	87	67	20
PCT9507	MV	713	83	0	0	2	81	73	8
PCT9507	TO	713	175	0	0	7	168	140	28
PCT9511	ED	1314	167	0	0	12	155	139	16
PCT9511	MV	1314	151	0	0	3	148	116	32
PCT9511	TO	1314	318	0	0	15	303	255	48
PCT9512	ED	1544	192	0	0	5	187	164	23
PCT9512	MV	1544	197	0	0	7	190	164	26
PCT9512	TO	1544	389	0	0	12	377	328	49
PCT9513	ED	872	125	0	0	5	120	101	19
PCT9513	MV	872	94	0	0	5	89	76	13
PCT9513	TO	872	219	0	0	10	209	177	32
PCT9514	ED	888	117	0	0	6	111	96	15
PCT9514	MV	888	102	0	0	6	96	77	19
PCT9514	TO	888	219	0	0	12	207	173	34
PCT9516	ED	1579	195	0	0	5	190	150	40
PCT9516	MV	1579	186	0	0	9	177	143	34
PCT9516	TO	1579	381	0	0	14	367	293	74
PCT9517	ED	1554	181	0	0	4	177	155	22
PCT9517	MV	1554	218	0	0	5	213	175	38
PCT9517	TO	1554	399	0	0	9	390	330	60
PCT9519	ED	882	112	0	0	6	106	82	24
PCT9519	MV	882	113	0	0	2	111	79	32
PCT9519	TO	882	225	0	0	8	217	161	56
PCT9521	ED	870	131	0	0	3	128	104	24
PCT9521	MV	870	122	0	0	4	118	97	21
PCT9521	TO	870	253	0	0	7	246	201	45
PCT9701	ED	652	100	0	0	6	94	78	16
PCT9701	MV	652	79	0	0	4	75	60	15
PCT9701	TO	652	179	0	0	10	169	138	31
PCT9702	ED	709	87	0	0	2	85	67	18
PCT9702	MV	709	80	0	0	4	76	66	10
PCT9702	TO	709	167	0	0	6	161	133	28
PCT9703	ED	981	94	0	0	3	91	68	23
PCT9703	MV	981	155	0	0	5	150	121	29
PCT9703	TO	981	249	0	0	8	241	189	52
PCT9704	ED	946	109	0	0	2	107	83	24
PCT9704	MV	946	143	0	0	13	130	105	25
PCT9704	TO	946	252	0	0	15	237	188	49
PCT9705	ED	1865	204	0	0	8	196	165	31
PCT9705	MV	1865	258	0	0	11	247	197	50
PCT9705	TO	1865	462	0	0	19	443	362	81
PCT9706	MV	48	6	0	0	1	5	4	1
PCT9706	TO	48	6	0	0	1	5	4	1
PCT9709	ED	1021	84	0	0	3	81	60	21
PCT9709	MV	1021	156	0	0	4	152	102	50
PCT9709	TO	1021	240	0	0	7	233	162	71
PCT9711	ED	1433	160	0	0	4	156	116	40
PCT9711	MV	1433	223	0	0	11	212	163	49
PCT9711	TO	1433	383	0	0	15	368	279	89
PCT9712	ED	1237	157	0	0	5	152	96	56
PCT9712	MV	1237	218	0	0	10	208	138	70
PCT9712	TO	1237	375	0	0	15	360	234	126
PCT9716	ED	951	110	0	0	7	103	76	27
PCT9716	MV	951	168	0	0	8	160	119	41
PCT9716	TO	951	278	0	0	15	263	195	68
PCT9717	ED	1917	177	0	0	8	169	116	53
PCT9717	MV	1917	316	0	0	12	304	228	76
PCT9717	TO	1917	493	0	0	20	473	344	129
PCT9718	ED	1833	225	0	0	9	216	143	73
PCT9718	MV	1833	365	0	0	13	352	259	93
PCT9718	TO	1833	590	0	0	22	568	402	166
PCT9719	ED	910	104	0	0	1	103	73	30
PCT9719	MV	910	161	0	0	3	158	99	59
PCT9719	TO	910	265	0	0	4	261	172	89
PCT9721	ED	660	114	0	0	6	108	72	36
PCT9721	MV	660	116	0	0	4	112	78	34
PCT9721	TO	660	230	0	0	10	220	150	70
PCT9722	ED	587	64	0	0	3	61	47	14
PCT9722	MV	587	131	0	0	7	124	98	26
PCT9722	TO	587	195	0	0	10	185	145	40
PCT9723	ED	505	34	0	0	0	34	19	15
PCT9723	MV	505	109	0	0	8	101	77	24
PCT9723	TO	505	143	0	0	8	135	96	39
PCT9724	ED	1003	72	0	0	3	69	52	17
PCT9724	MV	1003	209	0	0	10	199	129	70
PCT9724	TO	1003	281	0	0	13	268	181	87
PCT9725	ED	965	76	0	0	4	72	43	29
PCT9725	MV	965	164	0	0	10	154	102	52
PCT9725	TO	965	240	0	0	14	226	145	81
PCT9726	ED	621	53	0	0	0	53	40	13
PCT9726	MV	621	51	0	0	4	47	39	8
PCT9726	TO	621	104	0	0	4	100	79	21
PCT9727	ED	453	34	0	0	3	31	19	12
PCT9727	MV	453	89	0	0	1	88	60	28
PCT9727	TO	453	123	0	0	4	119	79	40
PCT9728	ED	1829	224	0	0	4	220	136	84
PCT9728	MV	1829	296	0	0	10	286	192	94
PCT9728	TO	1829	520	0	0	14	506	328	178
PCT9729	ED	809	86	0	0	3	83	49	34
PCT9729	MV	809	164	0	0	2	162	119	43
PCT9729	TO	809	250	0	0	5	245	168	77
PCT9731	ED	572	62	0	0	4	58	40	18
PCT9731	MV	572	94	0	0	2	92	70	22
PCT9731	TO	572	156	0	0	6	150	110	40
PCT9732	MV	71	10	0	0	0	10	10	0
PCT9732	TO	71	10	0	0	0	10	10	0
PCT9733	MV	235	51	0	0	2	49	35	14
PCT9733	TO	235	51	0	0	2	49	35	14
PCT9734	ED	1389	150	0	0	5	145	94	51
PCT9734	MV	1389	256	0	0	8	248	174	74
PCT9734	TO	1389	406	0	0	13	393	268	125
PCT9737	ED	1518	168	0	0	6	162	120	42
PCT9737	MV	1518	281	0	0	11	270	206	64
PCT9737	TO	1518	449	0	0	17	432	326	106
PCT9738	ED	813	34	0	0	2	32	24	8
PCT9738	MV	813	125	0	0	2	123	94	29
PCT9738	TO	813	159	0	0	4	155	118	37
PCT9739	ED	768	46	0	0	3	43	34	9
PCT9739	MV	768	72	0	0	1	71	56	15
PCT9739	TO	768	118	0	0	4	114	90	24
PCT9741	ED	497	7	0	0	0	7	6	1
PCT9741	MV	497	3	0	0	0	3	2	1
PCT9741	TO	497	10	0	0	0	10	8	2
PCT9742	ED	679	68	0	0	5	63	42	21
PCT9742	MV	679	82	0	0	5	77	47	30
PCT9742	TO	679	150	0	0	10	140	89	51
PCT9743	ED	1138	85	0	0	4	81	63	18
PCT9743	MV	1138	164	0	0	7	157	130	27
PCT9743	TO	1138	249	0	0	11	238	193	45
PCT9744	ED	907	97	0	0	7	90	68	22
PCT9744	MV	907	99	0	0	4	95	73	22
PCT9744	TO	907	196	0	0	11	185	141	44
PCT9745	ED	973	75	0	0	3	72	55	17
PCT9745	MV	973	115	0	0	3	112	93	19
PCT9745	TO	973	190	0	0	6	184	148	36
PCT9748	ED	910	80	0	0	4	76	50	26
PCT9748	MV	910	152	0	0	6	146	102	44
PCT9748	TO	910	232	0	0	10	222	152	70
PCT9749	ED	1871	160	0	0	7	153	114	39
PCT9749	MV	1871	223	0	0	15	208	151	57
PCT9749	TO	1871	383	0	0	22	361	265	96
PCT9751	ED	1038	101	0	0	1	100	72	28
PCT9751	MV	1038	184	0	0	12	172	120	52
PCT9751	TO	1038	285	0	0	13	272	192	80
PCT9752	ED	696	69	0	0	1	68	49	19
PCT9752	MV	696	132	0	0	5	127	97	30
PCT9752	TO	696	201	0	0	6	195	146	49
PCT9753	ED	764	81	0	0	3	78	67	11
PCT9753	MV	764	115	0	0	4	111	85	26
PCT9753	TO	764	196	0	0	7	189	152	37
PCT9754	ED	686	84	0	0	0	84	66	18
PCT9754	MV	686	114	0	0	4	110	91	19
PCT9754	TO	686	198	0	0	4	194	157	37
PCT9755	ED	567	58	0	0	3	55	41	14
PCT9755	MV	567	85	0	0	3	82	58	24
PCT9755	TO	567	143	0	0	6	137	99	38
PCT9756	ED	940	55	0	0	1	54	38	16
PCT9756	MV	940	136	0	0	6	130	99	31
PCT9756	TO	940	191	0	0	7	184	137	47
PCT9801	ED	404	38	0	0	1	37	30	7
PCT9801	MV	404	67	0	0	4	63	53	10
PCT9801	TO	404	105	0	0	5	100	83	17
