area_id	subtotal_type	RSReg	RSCst	RSRej	RSOvr	RSUnd	RSTot	34:YES	35:NO
ALLPCTS	TO	495050	115265	0	22	6319	108924	83211	25713
ALLPCTS	ED	495050	45586	0	7	2351	43228	34928	8300
ALLPCTS	MV	495050	69679	0	15	3968	65696	48283	17413
PCT1101	ED	557	39	0	0	3	36	26	10
PCT1101	MV	557	83	0	0	3	80	60	20
PCT1101	TO	557	122	0	0	6	116	86	30
PCT1102	ED	994	117	0	0	6	111	88	23
PCT1102	MV	994	137	0	0	3	134	89	45
PCT1102	TO	994	254	0	0	9	245	177	68
PCT1103	ED	962	88	0	0	1	87	62	25
PCT1103	MV	962	121	0	0	1	120	81	39
PCT1103	TO	962	209	0	0	2	207	143	64
PCT1104	ED	1012	76	0	0	5	71	54	17
PCT1104	MV	1012	130	0	0	3	127	92	35
PCT1104	TO	1012	206	0	0	8	198	146	52
PCT1106	ED	1505	127	0	0	5	122	87	35
PCT1106	MV	1505	209	0	0	12	197	130	67
PCT1106	TO	1505	336	0	0	17	319	217	102
PCT1108	ED	908	77	0	0	5	72	60	12
PCT1108	MV	908	126	0	0	5	121	85	36
PCT1108	TO	908	203	0	0	10	193	145	48
PCT1109	ED	805	73	0	0	5	68	56	12
PCT1109	MV	805	100	0	0	8	92	57	35
PCT1109	TO	805	173	0	0	13	160	113	47
PCT1111	ED	1025	73	0	0	1	72	57	15
PCT1111	MV	1025	160	0	0	12	148	103	45
PCT1111	TO	1025	233	0	0	13	220	160	60
PCT1112	ED	770	48	0	0	4	44	33	11
PCT1112	MV	770	92	0	0	2	90	52	38
PCT1112	TO	770	140	0	0	6	134	85	49
PCT1114	ED	1741	92	0	0	8	84	60	24
PCT1114	MV	1741	249	0	0	13	236	162	74
PCT1114	TO	1741	341	0	0	21	320	222	98
PCT1115	ED	1838	118	0	0	4	114	92	22
PCT1115	MV	1838	234	0	0	14	220	146	74
PCT1115	TO	1838	352	0	0	18	334	238	96
PCT1117	ED	1771	104	0	0	8	96	64	32
PCT1117	MV	1771	175	0	0	5	170	111	59
PCT1117	TO	1771	279	0	0	13	266	175	91
PCT1118	ED	1057	86	0	0	4	82	60	22
PCT1118	MV	1057	160	0	0	9	151	101	50
PCT1118	TO	1057	246	0	0	13	233	161	72
PCT1119	ED	771	32	0	0	2	30	24	6
PCT1119	MV	771	115	0	0	5	110	69	41
PCT1119	TO	771	147	0	0	7	140	93	47
PCT1122	ED	638	41	0	0	0	41	32	9
PCT1122	MV	638	82	0	0	4	78	35	43
PCT1122	TO	638	123	0	0	4	119	67	52
PCT1124	ED	812	51	0	0	2	49	38	11
PCT1124	MV	812	101	0	0	2	99	74	25
PCT1124	TO	812	152	0	0	4	148	112	36
PCT1125	ED	1064	37	0	0	1	36	21	15
PCT1125	MV	1064	163	0	0	9	154	97	57
PCT1125	TO	1064	200	0	0	10	190	118	72
PCT1126	ED	1676	91	0	0	4	87	57	30
PCT1126	MV	1676	240	0	0	10	230	133	97
PCT1126	TO	1676	331	0	0	14	317	190	127
PCT1127	ED	1827	107	0	0	4	103	82	21
PCT1127	MV	1827	249	0	0	12	237	152	85
PCT1127	TO	1827	356	0	0	16	340	234	106
PCT1129	ED	1018	62	0	0	4	58	37	21
PCT1129	MV	1018	136	0	0	4	132	84	48
PCT1129	TO	1018	198	0	0	8	190	121	69
PCT1131	ED	836	38	0	0	2	36	27	9
PCT1131	MV	836	105	0	0	7	98	51	47
PCT1131	TO	836	143	0	0	9	134	78	56
PCT1132	ED	1010	34	0	0	1	33	25	8
PCT1132	MV	1010	172	0	0	15	157	109	48
PCT1132	TO	1010	206	0	0	16	190	134	56
PCT1133	ED	857	40	0	0	2	38	28	10
PCT1133	MV	857	134	0	0	9	125	90	35
PCT1133	TO	857	174	0	0	11	163	118	45
PCT1134	ED	762	61	0	0	3	58	48	10
PCT1134	MV	762	114	0	0	3	111	87	24
PCT1134	TO	762	175	0	0	6	169	135	34
PCT1135	ED	554	37	0	0	3	34	20	14
PCT1135	MV	554	86	0	0	9	77	53	24
PCT1135	TO	554	123	0	0	12	111	73	38
PCT1136	ED	847	47	0	0	2	45	30	15
PCT1136	MV	847	135	0	0	9	126	69	57
PCT1136	TO	847	182	0	0	11	171	99	72
PCT1141	ED	1042	61	0	0	3	58	45	13
PCT1141	MV	1042	151	0	0	4	147	104	43
PCT1141	TO	1042	212	0	0	7	205	149	56
PCT1143	ED	1024	87	0	0	7	80	67	13
PCT1143	MV	1024	123	0	0	11	112	73	39
PCT1143	TO	1024	210	0	0	18	192	140	52
PCT1144	ED	1804	126	0	0	7	119	84	35
PCT1144	MV	1804	236	0	0	15	221	148	73
PCT1144	TO	1804	362	0	0	22	340	232	108
PCT1145	ED	894	57	0	0	4	53	46	7
PCT1145	MV	894	142	0	0	6	136	89	47
PCT1145	TO	894	199	0	0	10	189	135	54
PCT1146	ED	1008	71	0	0	0	71	56	15
PCT1146	MV	1008	130	0	0	8	122	81	41
PCT1146	TO	1008	201	0	0	8	193	137	56
PCT1147	ED	868	71	0	0	1	70	55	15
PCT1147	MV	868	108	0	0	5	103	77	26
PCT1147	TO	868	179	0	0	6	173	132	41
PCT1148	ED	1002	73	0	0	9	64	47	17
PCT1148	MV	1002	139	0	0	5	134	72	62
PCT1148	TO	1002	212	0	0	14	198	119	79
PCT1149	ED	911	70	0	0	3	67	54	13
PCT1149	MV	911	98	0	0	7	91	63	28
PCT1149	TO	911	168	0	0	10	158	117	41
PCT1152	ED	1815	126	0	0	4	122	76	46
PCT1152	MV	1815	236	0	0	15	221	145	76
PCT1152	TO	1815	362	0	0	19	343	221	122
PCT7001	ED	752	39	0	0	1	38	34	4
PCT7001	MV	752	113	0	0	1	112	88	24
PCT7001	TO	752	152	0	0	2	150	122	28
PCT7002	ED	659	43	0	0	2	41	38	3
PCT7002	MV	659	57	0	0	5	52	38	14
PCT7002	TO	659	100	0	0	7	93	76	17
PCT7003	ED	1755	179	0	0	8	171	140	31
PCT7003	MV	1755	279	0	0	15	264	213	51
PCT7003	TO	1755	458	0	0	23	435	353	82
PCT7005	ED	850	99	0	0	2	97	88	9
PCT7005	MV	850	108	0	0	5	103	84	19
PCT7005	TO	850	207	0	0	7	200	172	28
PCT7006	ED	921	87	0	0	4	83	65	18
PCT7006	MV	921	106	0	0	6	100	88	12
PCT7006	TO	921	193	0	0	10	183	153	30
PCT7007	ED	1821	211	0	0	10	201	171	30
PCT7007	MV	1821	286	0	0	18	268	201	67
PCT7007	TO	1821	497	0	0	28	469	372	97
PCT7009	ED	874	46	0	0	4	42	34	8
PCT7009	MV	874	135	0	0	6	129	106	23
PCT7009	TO	874	181	0	0	10	171	140	31
PCT7011	ED	951	66	0	0	4	62	55	7
PCT7011	MV	951	66	0	0	3	63	50	13
PCT7011	TO	951	132	0	0	7	125	105	20
PCT7012	ED	1165	113	0	0	7	106	83	23
PCT7012	MV	1165	143	0	0	8	135	106	29
PCT7012	TO	1165	256	0	0	15	241	189	52
PCT7013	ED	1033	60	0	0	2	58	49	9
PCT7013	MV	1033	124	0	0	2	122	107	15
PCT7013	TO	1033	184	0	0	4	180	156	24
PCT7014	ED	1388	97	0	0	2	95	87	8
PCT7014	MV	1388	173	0	0	11	162	136	26
PCT7014	TO	1388	270	0	0	13	257	223	34
PCT7015	MV	104	14	0	0	1	13	8	5
PCT7015	TO	104	14	0	0	1	13	8	5
PCT7016	ED	912	57	0	0	2	55	42	13
PCT7016	MV	912	84	0	0	3	81	51	30
PCT7016	TO	912	141	0	0	5	136	93	43
PCT7017	ED	781	32	0	0	7	25	19	6
PCT7017	MV	781	62	0	0	3	59	46	13
PCT7017	TO	781	94	0	0	10	84	65	19
PCT7019	ED	1908	90	0	0	5	85	64	21
PCT7019	MV	1908	308	0	0	20	288	195	93
PCT7019	TO	1908	398	0	0	25	373	259	114
PCT7021	ED	955	68	0	0	3	65	56	9
PCT7021	MV	955	95	0	0	4	91	64	27
PCT7021	TO	955	163	0	0	7	156	120	36
PCT7022	ED	943	78	0	0	4	74	55	19
PCT7022	MV	943	122	0	0	10	112	78	34
PCT7022	TO	943	200	0	0	14	186	133	53
PCT7024	ED	448	14	0	0	0	14	8	6
PCT7024	MV	448	24	0	0	0	24	16	8
PCT7024	TO	448	38	0	0	0	38	24	14
PCT7025	ED	473	23	0	0	1	22	13	9
PCT7025	MV	473	36	0	0	2	34	27	7
PCT7025	TO	473	59	0	0	3	56	40	16
PCT7026	ED	1009	46	0	0	5	41	30	11
PCT7026	MV	1009	164	0	0	16	148	93	55
PCT7026	TO	1009	210	0	0	21	189	123	66
PCT7027	ED	883	67	0	0	2	65	51	14
PCT7027	MV	883	127	0	0	9	118	85	33
PCT7027	TO	883	194	0	0	11	183	136	47
PCT7028	ED	849	77	0	0	6	71	55	16
PCT7028	MV	849	78	0	0	4	74	61	13
PCT7028	TO	849	155	0	0	10	145	116	29
PCT7029	ED	1812	100	0	0	6	94	72	22
PCT7029	MV	1812	207	0	1	5	201	142	59
PCT7029	TO	1812	307	0	1	11	295	214	81
PCT7030	ED	787	46	0	0	3	43	24	19
PCT7030	MV	787	133	0	0	10	123	82	41
PCT7030	TO	787	179	0	0	13	166	106	60
PCT7031	ED	680	24	0	0	0	24	20	4
PCT7031	MV	680	124	0	0	12	112	68	44
PCT7031	TO	680	148	0	0	12	136	88	48
PCT7032	ED	876	48	0	0	3	45	27	18
PCT7032	MV	876	106	0	0	4	102	70	32
PCT7032	TO	876	154	0	0	7	147	97	50
PCT7033	ED	770	61	0	0	4	57	42	15
PCT7033	MV	770	83	0	0	5	78	55	23
PCT7033	TO	770	144	0	0	9	135	97	38
PCT7034	ED	954	33	0	0	1	32	17	15
PCT7034	MV	954	57	0	0	3	54	37	17
PCT7034	TO	954	90	0	0	4	86	54	32
PCT7035	ED	681	26	0	0	2	24	15	9
PCT7035	MV	681	97	0	1	7	89	67	22
PCT7035	TO	681	123	0	1	9	113	82	31
PCT7037	ED	1676	59	0	0	4	55	35	20
PCT7037	MV	1676	144	0	0	12	132	83	49
PCT7037	TO	1676	203	0	0	16	187	118	69
PCT7038	ED	924	34	0	0	0	34	26	8
PCT7038	MV	924	130	0	0	6	124	74	50
PCT7038	TO	924	164	0	0	6	158	100	58
PCT7039	ED	830	71	0	0	2	69	47	22
PCT7039	MV	830	110	0	0	9	101	61	40
PCT7039	TO	830	181	0	0	11	170	108	62
PCT7041	MV	60	11	0	0	0	11	10	1
PCT7041	TO	60	11	0	0	0	11	10	1
PCT7042	ED	1069	67	0	0	3	64	45	19
PCT7042	MV	1069	110	0	0	6	104	68	36
PCT7042	TO	1069	177	0	0	9	168	113	55
PCT7043	ED	961	40	0	0	2	38	31	7
PCT7043	MV	961	106	0	0	5	101	77	24
PCT7043	TO	961	146	0	0	7	139	108	31
PCT7044	ED	844	23	0	0	1	22	18	4
PCT7044	MV	844	61	0	0	4	57	30	27
PCT7044	TO	844	84	0	0	5	79	48	31
PCT7045	ED	783	39	0	0	2	37	23	14
PCT7045	MV	783	143	0	0	12	131	100	31
PCT7045	TO	783	182	0	0	14	168	123	45
PCT7047	ED	1727	73	0	0	5	68	57	11
PCT7047	MV	1727	259	0	0	16	243	128	115
PCT7047	TO	1727	332	0	0	21	311	185	126
PCT7048	ED	870	37	0	0	2	35	17	18
PCT7048	MV	870	120	0	0	6	114	73	41
PCT7048	TO	870	157	0	0	8	149	90	59
PCT7049	ED	815	50	0	0	4	46	36	10
PCT7049	MV	815	123	0	0	6	117	66	51
PCT7049	TO	815	173	0	0	10	163	102	61
PCT7052	ED	878	67	0	0	3	64	55	9
PCT7052	MV	878	131	0	0	13	118	85	33
PCT7052	TO	878	198	0	0	16	182	140	42
PCT7053	ED	568	22	0	0	0	22	16	6
PCT7053	MV	568	85	0	0	7	78	64	14
PCT7053	TO	568	107	0	0	7	100	80	20
PCT7054	ED	1111	60	0	0	6	54	40	14
PCT7054	MV	1111	97	0	0	5	92	75	17
PCT7054	TO	1111	157	0	0	11	146	115	31
PCT7055	ED	799	21	0	0	2	19	14	5
PCT7055	MV	799	119	0	0	9	110	76	34
PCT7055	TO	799	140	0	0	11	129	90	39
PCT7101	MV	152	27	0	1	0	26	20	6
PCT7101	TO	152	27	0	1	0	26	20	6
PCT7202	ED	1747	117	0	0	7	110	91	19
PCT7202	MV	1747	266	0	0	23	243	176	67
PCT7202	TO	1747	383	0	0	30	353	267	86
PCT7203	ED	867	83	0	0	5	78	60	18
PCT7203	MV	867	85	0	0	11	74	58	16
PCT7203	TO	867	168	0	0	16	152	118	34
PCT7204	ED	890	73	0	0	5	68	56	12
PCT7204	MV	890	154	0	1	8	145	116	29
PCT7204	TO	890	227	0	1	13	213	172	41
PCT7205	ED	862	85	0	0	3	82	63	19
PCT7205	MV	862	135	0	0	10	125	85	40
PCT7205	TO	862	220	0	0	13	207	148	59
PCT7207	ED	1483	87	0	0	5	82	72	10
PCT7207	MV	1483	316	0	0	10	306	241	65
PCT7207	TO	1483	403	0	0	15	388	313	75
PCT7208	ED	560	36	0	0	5	31	26	5
PCT7208	MV	560	103	0	0	6	97	64	33
PCT7208	TO	560	139	0	0	11	128	90	38
PCT7301	ED	1993	161	0	0	9	152	126	26
PCT7301	MV	1993	297	0	0	18	279	199	80
PCT7301	TO	1993	458	0	0	27	431	325	106
PCT7302	ED	838	81	0	0	4	77	66	11
PCT7302	MV	838	200	0	0	16	184	140	44
PCT7302	TO	838	281	0	0	20	261	206	55
PCT7305	ED	1633	161	0	0	4	157	124	33
PCT7305	MV	1633	248	0	0	13	235	173	62
PCT7305	TO	1633	409	0	0	17	392	297	95
PCT7306	ED	2083	166	0	0	8	158	130	28
PCT7306	MV	2083	259	0	1	9	249	173	76
PCT7306	TO	2083	425	0	1	17	407	303	104
PCT7308	ED	614	75	0	0	3	72	61	11
PCT7308	MV	614	93	0	0	2	91	57	34
PCT7308	TO	614	168	0	0	5	163	118	45
PCT7311	ED	866	89	0	0	4	85	75	10
PCT7311	MV	866	123	0	0	9	114	88	26
PCT7311	TO	866	212	0	0	13	199	163	36
PCT7312	ED	801	69	0	0	6	63	50	13
PCT7312	MV	801	158	0	0	13	145	99	46
PCT7312	TO	801	227	0	0	19	208	149	59
PCT7314	ED	1749	106	0	0	13	93	80	13
PCT7314	MV	1749	286	0	0	44	242	181	61
PCT7314	TO	1749	392	0	0	57	335	261	74
PCT7315	ED	1584	130	0	0	9	121	107	14
PCT7315	MV	1584	200	0	0	15	185	134	51
PCT7315	TO	1584	330	0	0	24	306	241	65
PCT7317	ED	875	59	0	0	3	56	50	6
PCT7317	MV	875	188	0	0	16	172	135	37
PCT7317	TO	875	247	0	0	19	228	185	43
PCT7318	ED	1567	109	0	0	9	100	70	30
PCT7318	MV	1567	244	0	1	28	215	152	63
PCT7318	TO	1567	353	0	1	37	315	222	93
PCT7321	ED	1533	57	0	0	2	55	43	12
PCT7321	MV	1533	269	0	0	33	236	176	60
PCT7321	TO	1533	326	0	0	35	291	219	72
PCT7323	ED	1967	149	0	0	3	146	121	25
PCT7323	MV	1967	241	0	0	18	223	174	49
PCT7323	TO	1967	390	0	0	21	369	295	74
PCT7325	ED	1588	104	0	0	3	101	75	26
PCT7325	MV	1588	202	0	0	11	191	146	45
PCT7325	TO	1588	306	0	0	14	292	221	71
PCT7326	ED	1709	123	0	0	7	116	91	25
PCT7326	MV	1709	285	0	0	16	269	191	78
PCT7326	TO	1709	408	0	0	23	385	282	103
PCT7327	ED	668	26	0	0	3	23	19	4
PCT7327	MV	668	166	0	0	28	138	90	48
PCT7327	TO	668	192	0	0	31	161	109	52
PCT7328	ED	985	33	0	0	4	29	23	6
PCT7328	MV	985	234	0	0	39	195	143	52
PCT7328	TO	985	267	0	0	43	224	166	58
PCT7329	ED	638	31	0	0	2	29	19	10
PCT7329	MV	638	120	0	0	10	110	77	33
PCT7329	TO	638	151	0	0	12	139	96	43
PCT7331	ED	850	102	0	0	4	98	74	24
PCT7331	MV	850	181	0	0	17	164	117	47
PCT7331	TO	850	283	0	0	21	262	191	71
PCT7332	ED	1601	145	0	0	8	137	112	25
PCT7332	MV	1601	224	0	0	9	215	169	46
PCT7332	TO	1601	369	0	0	17	352	281	71
PCT7333	ED	1930	151	0	0	7	144	122	22
PCT7333	MV	1930	264	0	0	15	249	182	67
PCT7333	TO	1930	415	0	0	22	393	304	89
PCT7336	ED	2021	168	0	0	2	166	137	29
PCT7336	MV	2021	270	0	0	15	255	177	78
PCT7336	TO	2021	438	0	0	17	421	314	107
PCT7338	ED	1783	119	0	0	6	113	94	19
PCT7338	MV	1783	356	0	0	36	320	237	83
PCT7338	TO	1783	475	0	0	42	433	331	102
PCT7339	ED	1588	131	0	0	8	123	105	18
PCT7339	MV	1588	224	0	0	17	207	159	48
PCT7339	TO	1588	355	0	0	25	330	264	66
PCT7342	ED	909	133	0	0	5	128	108	20
PCT7342	MV	909	114	0	0	2	112	80	32
PCT7342	TO	909	247	0	0	7	240	188	52
PCT7343	ED	706	66	0	0	10	56	43	13
PCT7343	MV	706	64	0	0	3	61	50	11
PCT7343	TO	706	130	0	0	13	117	93	24
PCT7344	ED	1052	93	0	0	5	88	78	10
PCT7344	MV	1052	157	0	0	7	150	100	50
PCT7344	TO	1052	250	0	0	12	238	178	60
PCT7346	ED	879	82	0	0	3	79	58	21
PCT7346	MV	879	89	0	0	8	81	60	21
PCT7346	TO	879	171	0	0	11	160	118	42
PCT7348	ED	1826	121	0	0	6	115	99	16
PCT7348	MV	1826	258	0	0	22	236	184	52
PCT7348	TO	1826	379	0	0	28	351	283	68
PCT7502	ED	779	66	0	0	0	66	53	13
PCT7502	MV	779	124	0	0	10	114	82	32
PCT7502	TO	779	190	0	0	10	180	135	45
PCT7503	ED	725	56	0	0	3	53	41	12
PCT7503	MV	725	96	0	0	3	93	64	29
PCT7503	TO	725	152	0	0	6	146	105	41
PCT7504	ED	1019	95	0	0	8	87	70	17
PCT7504	MV	1019	142	0	0	9	133	109	24
PCT7504	TO	1019	237	0	0	17	220	179	41
PCT7505	ED	851	78	0	0	5	73	64	9
PCT7505	MV	851	250	0	0	11	239	200	39
PCT7505	TO	851	328	0	0	16	312	264	48
PCT7506	ED	1913	135	0	0	10	125	110	15
PCT7506	MV	1913	286	0	0	14	272	221	51
PCT7506	TO	1913	421	0	0	24	397	331	66
PCT7508	ED	720	75	0	0	3	72	54	18
PCT7508	MV	720	161	0	0	11	150	122	28
PCT7508	TO	720	236	0	0	14	222	176	46
PCT7509	ED	914	100	0	0	5	95	81	14
PCT7509	MV	914	164	0	0	9	155	121	34
PCT7509	TO	914	264	0	0	14	250	202	48
PCT7512	ED	588	58	0	0	7	51	41	10
PCT7512	MV	588	117	0	0	6	111	84	27
PCT7512	TO	588	175	0	0	13	162	125	37
PCT7513	ED	784	78	0	0	7	71	63	8
PCT7513	MV	784	108	0	0	4	104	83	21
PCT7513	TO	784	186	0	0	11	175	146	29
PCT7514	ED	901	54	0	0	4	50	40	10
PCT7514	MV	901	142	0	0	14	128	89	39
PCT7514	TO	901	196	0	0	18	178	129	49
PCT7515	ED	852	70	0	0	7	63	55	8
PCT7515	MV	852	102	0	0	6	96	82	14
PCT7515	TO	852	172	0	0	13	159	137	22
PCT7516	ED	906	89	0	0	5	84	71	13
PCT7516	MV	906	189	0	0	16	173	128	45
PCT7516	TO	906	278	0	0	21	257	199	58
PCT7518	ED	1754	221	0	0	18	203	178	25
PCT7518	MV	1754	218	0	0	8	210	178	32
PCT7518	TO	1754	439	0	0	26	413	356	57
PCT7519	ED	709	88	0	0	3	85	79	6
PCT7519	MV	709	76	0	0	7	69	54	15
PCT7519	TO	709	164	0	0	10	154	133	21
PCT7521	ED	761	99	0	0	6	93	80	13
PCT7521	MV	761	95	0	0	5	90	72	18
PCT7521	TO	761	194	0	0	11	183	152	31
PCT7522	ED	1464	203	0	0	13	190	174	16
PCT7522	MV	1464	158	0	0	11	147	132	15
PCT7522	TO	1464	361	0	0	24	337	306	31
PCT7524	ED	606	74	0	0	3	71	63	8
PCT7524	MV	606	58	0	0	7	51	40	11
PCT7524	TO	606	132	0	0	10	122	103	19
PCT7525	ED	762	67	0	0	4	63	50	13
PCT7525	MV	762	79	0	0	3	76	63	13
PCT7525	TO	762	146	0	0	7	139	113	26
PCT7526	ED	974	93	0	0	2	91	77	14
PCT7526	MV	974	127	0	0	8	119	105	14
PCT7526	TO	974	220	0	0	10	210	182	28
PCT7527	ED	689	95	0	0	6	89	76	13
PCT7527	MV	689	95	0	0	9	86	66	20
PCT7527	TO	689	190	0	0	15	175	142	33
PCT7529	ED	906	136	0	0	12	124	109	15
PCT7529	MV	906	121	0	0	3	118	101	17
PCT7529	TO	906	257	0	0	15	242	210	32
PCT7531	ED	839	74	0	0	3	71	68	3
PCT7531	MV	839	86	0	0	5	81	74	7
PCT7531	TO	839	160	0	0	8	152	142	10
PCT7532	ED	792	90	0	0	3	87	75	12
PCT7532	MV	792	109	0	0	5	104	89	15
PCT7532	TO	792	199	0	0	8	191	164	27
PCT7533	ED	936	169	0	0	11	158	135	23
PCT7533	MV	936	100	0	0	5	95	86	9
PCT7533	TO	936	269	0	0	16	253	221	32
PCT7534	ED	881	116	0	0	10	106	96	10
PCT7534	MV	881	85	0	0	4	81	70	11
PCT7534	TO	881	201	0	0	14	187	166	21
PCT7536	ED	1594	243	0	0	12	231	206	25
PCT7536	MV	1594	229	0	0	17	212	176	36
PCT7536	TO	1594	472	0	0	29	443	382	61
PCT7537	ED	1472	218	0	0	13	205	187	18
PCT7537	MV	1472	179	0	0	8	171	147	24
PCT7537	TO	1472	397	0	0	21	376	334	42
PCT7539	ED	906	180	0	0	12	168	155	13
PCT7539	MV	906	84	0	0	3	81	67	14
PCT7539	TO	906	264	0	0	15	249	222	27
PCT7541	ED	769	100	0	0	6	94	78	16
PCT7541	MV	769	100	0	0	6	94	77	17
PCT7541	TO	769	200	0	0	12	188	155	33
PCT7543	ED	1718	204	0	0	14	190	169	21
PCT7543	MV	1718	201	0	0	9	192	160	32
PCT7543	TO	1718	405	0	0	23	382	329	53
PCT7544	ED	892	112	0	0	3	109	97	12
PCT7544	MV	892	120	0	0	3	117	101	16
PCT7544	TO	892	232	0	0	6	226	198	28
PCT7545	ED	877	110	0	0	5	105	90	15
PCT7545	MV	877	116	0	0	3	113	94	19
PCT7545	TO	877	226	0	0	8	218	184	34
PCT7546	ED	1900	271	0	0	11	260	236	24
PCT7546	MV	1900	248	0	0	12	236	213	23
PCT7546	TO	1900	519	0	0	23	496	449	47
PCT7548	ED	1027	149	0	0	7	142	119	23
PCT7548	MV	1027	140	0	0	4	136	117	19
PCT7548	TO	1027	289	0	0	11	278	236	42
PCT7549	ED	799	99	0	0	4	95	82	13
PCT7549	MV	799	133	0	0	5	128	108	20
PCT7549	TO	799	232	0	0	9	223	190	33
PCT7552	ED	685	97	0	0	6	91	80	11
PCT7552	MV	685	86	0	0	4	82	72	10
PCT7552	TO	685	183	0	0	10	173	152	21
PCT7553	MV	182	33	0	0	4	29	22	7
PCT7553	TO	182	33	0	0	4	29	22	7
PCT7554	ED	795	108	0	0	7	101	88	13
PCT7554	MV	795	129	0	0	7	122	105	17
PCT7554	TO	795	237	0	0	14	223	193	30
PCT7555	ED	1584	271	0	0	9	262	223	39
PCT7555	MV	1584	228	0	0	9	219	192	27
PCT7555	TO	1584	499	0	0	18	481	415	66
PCT7556	ED	958	113	0	0	5	108	91	17
PCT7556	MV	958	151	0	0	4	147	126	21
PCT7556	TO	958	264	0	0	9	255	217	38
PCT7601	ED	677	61	0	0	4	57	44	13
PCT7601	MV	677	81	0	0	4	77	49	28
PCT7601	TO	677	142	0	0	8	134	93	41
PCT7602	ED	1659	136	0	0	11	125	106	19
PCT7602	MV	1659	186	0	0	11	175	140	35
PCT7602	TO	1659	322	0	0	22	300	246	54
PCT7605	ED	1508	77	0	0	3	74	63	11
PCT7605	MV	1508	317	0	1	26	290	235	55
PCT7605	TO	1508	394	0	1	29	364	298	66
PCT7606	ED	887	63	0	0	0	63	50	13
PCT7606	MV	887	76	0	0	4	72	57	15
PCT7606	TO	887	139	0	0	4	135	107	28
PCT7607	ED	900	65	0	0	3	62	53	9
PCT7607	MV	900	131	0	0	5	126	95	31
PCT7607	TO	900	196	0	0	8	188	148	40
PCT7608	ED	1300	81	0	0	4	77	69	8
PCT7608	MV	1300	173	0	0	10	163	123	40
PCT7608	TO	1300	254	0	0	14	240	192	48
PCT7611	ED	763	38	0	0	3	35	27	8
PCT7611	MV	763	135	0	0	17	118	92	26
PCT7611	TO	763	173	0	0	20	153	119	34
PCT7613	ED	1421	101	0	0	8	93	72	21
PCT7613	MV	1421	210	0	0	16	194	139	55
PCT7613	TO	1421	311	0	0	24	287	211	76
PCT7614	ED	932	56	0	0	5	51	42	9
PCT7614	MV	932	94	0	0	4	90	65	25
PCT7614	TO	932	150	0	0	9	141	107	34
PCT7615	ED	745	41	0	0	3	38	30	8
PCT7615	MV	745	108	0	0	15	93	69	24
PCT7615	TO	745	149	0	0	18	131	99	32
PCT7616	ED	1246	58	0	0	3	55	48	7
PCT7616	MV	1246	145	0	0	8	137	122	15
PCT7616	TO	1246	203	0	0	11	192	170	22
PCT7617	ED	737	32	0	0	5	27	20	7
PCT7617	MV	737	122	0	0	13	109	88	21
PCT7617	TO	737	154	0	0	18	136	108	28
PCT7618	ED	873	54	0	0	3	51	42	9
PCT7618	MV	873	116	0	0	4	112	95	17
PCT7618	TO	873	170	0	0	7	163	137	26
PCT7619	ED	1055	64	0	0	5	59	52	7
PCT7619	MV	1055	142	0	0	4	138	105	33
PCT7619	TO	1055	206	0	0	9	197	157	40
PCT7621	ED	1064	60	0	0	2	58	48	10
PCT7621	MV	1064	133	0	0	3	130	104	26
PCT7621	TO	1064	193	0	0	5	188	152	36
PCT7622	ED	923	44	0	0	4	40	33	7
PCT7622	MV	923	88	0	0	5	83	59	24
PCT7622	TO	923	132	0	0	9	123	92	31
PCT7623	ED	965	68	0	0	2	66	56	10
PCT7623	MV	965	97	0	0	7	90	70	20
PCT7623	TO	965	165	0	0	9	156	126	30
PCT7624	ED	835	46	0	1	1	44	31	13
PCT7624	MV	835	105	0	0	5	100	72	28
PCT7624	TO	835	151	0	1	6	144	103	41
PCT7625	ED	809	23	0	0	1	22	15	7
PCT7625	MV	809	322	0	0	44	278	218	60
PCT7625	TO	809	345	0	0	45	300	233	67
PCT7626	ED	1037	47	0	0	2	45	37	8
PCT7626	MV	1037	160	0	0	9	151	124	27
PCT7626	TO	1037	207	0	0	11	196	161	35
PCT7628	ED	933	69	0	0	2	67	59	8
PCT7628	MV	933	83	0	0	5	78	56	22
PCT7628	TO	933	152	0	0	7	145	115	30
PCT7629	ED	847	61	0	0	3	58	51	7
PCT7629	MV	847	79	0	0	7	72	47	25
PCT7629	TO	847	140	0	0	10	130	98	32
PCT7632	ED	1112	60	0	0	1	59	50	9
PCT7632	MV	1112	124	0	0	7	117	87	30
PCT7632	TO	1112	184	0	0	8	176	137	39
PCT7633	ED	1902	109	0	0	4	105	87	18
PCT7633	MV	1902	289	0	0	16	273	204	69
PCT7633	TO	1902	398	0	0	20	378	291	87
PCT7634	ED	864	63	0	0	10	53	44	9
PCT7634	MV	864	169	0	0	12	157	117	40
PCT7634	TO	864	232	0	0	22	210	161	49
PCT7635	ED	821	41	0	0	2	39	32	7
PCT7635	MV	821	79	0	0	0	79	60	19
PCT7635	TO	821	120	0	0	2	118	92	26
PCT7636	ED	945	59	0	0	3	56	41	15
PCT7636	MV	945	116	0	0	7	109	82	27
PCT7636	TO	945	175	0	0	10	165	123	42
PCT7637	ED	841	44	0	0	3	41	30	11
PCT7637	MV	841	133	0	0	5	128	95	33
PCT7637	TO	841	177	0	0	8	169	125	44
PCT7638	ED	1467	67	0	0	4	63	37	26
PCT7638	MV	1467	239	0	0	15	224	155	69
PCT7638	TO	1467	306	0	0	19	287	192	95
PCT7639	ED	1935	103	0	0	8	95	73	22
PCT7639	MV	1935	314	0	1	12	301	225	76
PCT7639	TO	1935	417	0	1	20	396	298	98
PCT7642	ED	946	60	0	0	9	51	34	17
PCT7642	MV	946	80	0	0	8	72	53	19
PCT7642	TO	946	140	0	0	17	123	87	36
PCT7643	ED	927	68	0	0	4	64	52	12
PCT7643	MV	927	180	0	0	13	167	131	36
PCT7643	TO	927	248	0	0	17	231	183	48
PCT7644	ED	1111	60	0	0	1	59	46	13
PCT7644	MV	1111	110	0	0	3	107	88	19
PCT7644	TO	1111	170	0	0	4	166	134	32
PCT7645	ED	626	28	0	0	1	27	19	8
PCT7645	MV	626	119	0	0	10	109	79	30
PCT7645	TO	626	147	0	0	11	136	98	38
PCT7646	ED	1090	41	0	0	2	39	36	3
PCT7646	MV	1090	172	0	1	7	164	127	37
PCT7646	TO	1090	213	0	1	9	203	163	40
PCT7647	ED	968	46	0	0	1	45	35	10
PCT7647	MV	968	58	0	0	1	57	42	15
PCT7647	TO	968	104	0	0	2	102	77	25
PCT7648	MV	2	0	0	0	0	0	0	0
PCT7648	TO	2	0	0	0	0	0	0	0
PCT7649	ED	888	44	0	0	2	42	33	9
PCT7649	MV	888	114	0	0	8	106	89	17
PCT7649	TO	888	158	0	0	10	148	122	26
PCT7651	ED	830	29	0	0	3	26	22	4
PCT7651	MV	830	113	0	0	6	107	89	18
PCT7651	TO	830	142	0	0	9	133	111	22
PCT7652	ED	596	38	0	0	5	33	27	6
PCT7652	MV	596	78	0	0	4	74	61	13
PCT7652	TO	596	116	0	0	9	107	88	19
PCT7653	ED	1373	52	0	0	4	48	36	12
PCT7653	MV	1373	149	0	0	3	146	115	31
PCT7653	TO	1373	201	0	0	7	194	151	43
PCT7655	ED	1150	38	0	0	6	32	25	7
PCT7655	MV	1150	150	0	0	11	139	99	40
PCT7655	TO	1150	188	0	0	17	171	124	47
PCT7701	ED	1035	113	0	0	1	112	93	19
PCT7701	MV	1035	155	0	0	3	152	113	39
PCT7701	TO	1035	268	0	0	4	264	206	58
PCT7703	MV	178	32	0	0	0	32	25	7
PCT7703	TO	178	32	0	0	0	32	25	7
PCT7704	ED	1723	201	0	0	8	193	145	48
PCT7704	MV	1723	300	0	0	17	283	174	109
PCT7704	TO	1723	501	0	0	25	476	319	157
PCT7705	ED	570	67	0	0	3	64	47	17
PCT7705	MV	570	120	0	0	6	114	76	38
PCT7705	TO	570	187	0	0	9	178	123	55
PCT7706	ED	839	120	0	0	7	113	90	23
PCT7706	MV	839	146	0	0	12	134	91	43
PCT7706	TO	839	266	0	0	19	247	181	66
PCT7707	ED	861	119	0	0	8	111	86	25
PCT7707	MV	861	170	0	0	6	164	108	56
PCT7707	TO	861	289	0	0	14	275	194	81
PCT7708	ED	881	92	0	0	4	88	72	16
PCT7708	MV	881	181	0	0	2	179	136	43
PCT7708	TO	881	273	0	0	6	267	208	59
PCT7709	ED	395	65	0	0	2	63	51	12
PCT7709	MV	395	68	0	0	3	65	45	20
PCT7709	TO	395	133	0	0	5	128	96	32
PCT7712	ED	1308	145	0	0	8	137	123	14
PCT7712	MV	1308	185	0	0	7	178	138	40
PCT7712	TO	1308	330	0	0	15	315	261	54
PCT7801	ED	968	110	0	0	7	103	87	16
PCT7801	MV	968	170	0	0	6	164	129	35
PCT7801	TO	968	280	0	0	13	267	216	51
PCT7802	ED	788	107	0	0	7	100	85	15
PCT7802	MV	788	137	0	0	11	126	100	26
PCT7802	TO	788	244	0	0	18	226	185	41
PCT7803	ED	822	67	0	0	3	64	58	6
PCT7803	MV	822	198	0	0	9	189	147	42
PCT7803	TO	822	265	0	0	12	253	205	48
PCT7805	ED	1683	205	0	0	8	197	173	24
PCT7805	MV	1683	303	0	0	18	285	228	57
PCT7805	TO	1683	508	0	0	26	482	401	81
PCT7807	ED	796	125	0	0	7	118	104	14
PCT7807	MV	796	106	0	0	7	99	83	16
PCT7807	TO	796	231	0	0	14	217	187	30
PCT7808	ED	1377	206	0	0	9	197	183	14
PCT7808	MV	1377	169	0	0	10	159	131	28
PCT7808	TO	1377	375	0	0	19	356	314	42
PCT7809	ED	770	89	0	0	6	83	78	5
PCT7809	MV	770	115	0	0	5	110	90	20
PCT7809	TO	770	204	0	0	11	193	168	25
PCT7811	ED	726	97	0	0	5	92	86	6
PCT7811	MV	726	61	0	0	2	59	46	13
PCT7811	TO	726	158	0	0	7	151	132	19
PCT7812	ED	871	107	0	0	7	100	87	13
PCT7812	MV	871	120	0	0	5	115	93	22
PCT7812	TO	871	227	0	0	12	215	180	35
PCT7813	ED	1037	153	0	0	4	149	134	15
PCT7813	MV	1037	156	0	0	8	148	131	17
PCT7813	TO	1037	309	0	0	12	297	265	32
PCT7814	ED	887	80	0	0	3	77	64	13
PCT7814	MV	887	91	0	1	7	83	63	20
PCT7814	TO	887	171	0	1	10	160	127	33
PCT7815	ED	1779	190	0	0	3	187	157	30
PCT7815	MV	1779	316	0	0	15	301	258	43
PCT7815	TO	1779	506	0	0	18	488	415	73
PCT7817	ED	1641	225	0	0	8	217	197	20
PCT7817	MV	1641	267	0	0	11	256	213	43
PCT7817	TO	1641	492	0	0	19	473	410	63
PCT7819	ED	1585	181	0	0	6	175	143	32
PCT7819	MV	1585	221	0	0	16	205	160	45
PCT7819	TO	1585	402	0	0	22	380	303	77
PCT7821	ED	965	134	0	0	4	130	101	29
PCT7821	MV	965	156	0	0	6	150	132	18
PCT7821	TO	965	290	0	0	10	280	233	47
PCT7822	ED	1748	263	0	0	4	259	218	41
PCT7822	MV	1748	289	0	0	16	273	230	43
PCT7822	TO	1748	552	0	0	20	532	448	84
PCT7824	ED	1353	175	0	0	6	169	147	22
PCT7824	MV	1353	169	0	0	5	164	139	25
PCT7824	TO	1353	344	0	0	11	333	286	47
PCT7826	ED	661	107	0	0	7	100	91	9
PCT7826	MV	661	60	0	0	2	58	48	10
PCT7826	TO	661	167	0	0	9	158	139	19
PCT7828	ED	997	105	0	0	4	101	84	17
PCT7828	MV	997	138	0	0	8	130	102	28
PCT7828	TO	997	243	0	0	12	231	186	45
PCT7829	ED	884	113	0	0	3	110	92	18
PCT7829	MV	884	155	0	0	8	147	123	24
PCT7829	TO	884	268	0	0	11	257	215	42
PCT7832	ED	773	77	0	0	6	71	64	7
PCT7832	MV	773	153	0	0	8	145	121	24
PCT7832	TO	773	230	0	0	14	216	185	31
PCT7834	ED	1593	199	0	0	13	186	163	23
PCT7834	MV	1593	197	0	0	5	192	156	36
PCT7834	TO	1593	396	0	0	18	378	319	59
PCT7835	ED	847	77	0	0	0	77	59	18
PCT7835	MV	847	141	0	0	5	136	100	36
PCT7835	TO	847	218	0	0	5	213	159	54
PCT7836	ED	1011	108	0	0	2	106	88	18
PCT7836	MV	1011	179	0	0	9	170	131	39
PCT7836	TO	1011	287	0	0	11	276	219	57
PCT7837	ED	1784	238	0	0	11	227	188	39
PCT7837	MV	1784	305	0	0	22	283	223	60
PCT7837	TO	1784	543	0	0	33	510	411	99
PCT7839	ED	1718	176	0	0	8	168	143	25
PCT7839	MV	1718	330	0	0	8	322	268	54
PCT7839	TO	1718	506	0	0	16	490	411	79
PCT7841	ED	1778	277	0	0	11	266	233	33
PCT7841	MV	1778	218	0	0	9	209	174	35
PCT7841	TO	1778	495	0	0	20	475	407	68
PCT7843	ED	719	108	0	0	4	104	93	11
PCT7843	MV	719	92	0	0	5	87	74	13
PCT7843	TO	719	200	0	0	9	191	167	24
PCT7844	ED	630	77	0	0	4	73	65	8
PCT7844	MV	630	84	0	0	4	80	63	17
PCT7844	TO	630	161	0	0	8	153	128	25
PCT7845	ED	870	107	0	1	2	104	87	17
PCT7845	MV	870	142	0	0	8	134	110	24
PCT7845	TO	870	249	0	1	10	238	197	41
PCT7846	ED	888	103	0	0	7	96	79	17
PCT7846	MV	888	124	0	0	6	118	102	16
PCT7846	TO	888	227	0	0	13	214	181	33
PCT7847	ED	1718	225	0	0	12	213	170	43
PCT7847	MV	1718	259	0	0	16	243	195	48
PCT7847	TO	1718	484	0	0	28	456	365	91
PCT7849	ED	887	126	0	0	7	119	102	17
PCT7849	MV	887	143	0	0	0	143	113	30
PCT7849	TO	887	269	0	0	7	262	215	47
PCT7852	ED	1153	130	0	0	7	123	94	29
PCT7852	MV	1153	235	0	0	5	230	187	43
PCT7852	TO	1153	365	0	0	12	353	281	72
PCT7853	ED	1736	183	0	0	9	174	132	42
PCT7853	MV	1736	281	0	0	11	270	209	61
PCT7853	TO	1736	464	0	0	20	444	341	103
PCT7854	ED	866	109	0	0	7	102	91	11
PCT7854	MV	866	129	0	0	6	123	100	23
PCT7854	TO	866	238	0	0	13	225	191	34
PCT7855	ED	1775	243	0	0	5	238	211	27
PCT7855	MV	1775	241	0	0	11	230	187	43
PCT7855	TO	1775	484	0	0	16	468	398	70
PCT7858	ED	1646	199	0	0	15	184	161	23
PCT7858	MV	1646	205	0	0	9	196	158	38
PCT7858	TO	1646	404	0	0	24	380	319	61
PCT7861	ED	854	111	0	0	3	108	89	19
PCT7861	MV	854	138	0	0	6	132	107	25
PCT7861	TO	854	249	0	0	9	240	196	44
PCT7862	ED	857	132	0	0	11	121	102	19
PCT7862	MV	857	120	0	0	6	114	86	28
PCT7862	TO	857	252	0	0	17	235	188	47
PCT7863	ED	881	127	0	0	6	121	98	23
PCT7863	MV	881	98	0	0	5	93	83	10
PCT7863	TO	881	225	0	0	11	214	181	33
PCT7864	ED	804	96	0	0	2	94	82	12
PCT7864	MV	804	111	0	0	8	103	85	18
PCT7864	TO	804	207	0	0	10	197	167	30
PCT7866	ED	822	113	0	0	9	104	85	19
PCT7866	MV	822	193	0	0	11	182	136	46
PCT7866	TO	822	306	0	0	20	286	221	65
PCT7867	ED	969	124	0	0	10	114	95	19
PCT7867	MV	969	145	0	0	9	136	111	25
PCT7867	TO	969	269	0	0	19	250	206	44
PCT7868	ED	870	117	0	0	4	113	91	22
PCT7868	MV	870	127	0	0	7	120	95	25
PCT7868	TO	870	244	0	0	11	233	186	47
PCT7869	ED	863	109	0	0	6	103	87	16
PCT7869	MV	863	147	0	0	6	141	113	28
PCT7869	TO	863	256	0	0	12	244	200	44
PCT7871	ED	877	125	0	0	8	117	90	27
PCT7871	MV	877	133	0	1	9	123	113	10
PCT7871	TO	877	258	0	1	17	240	203	37
PCT7872	ED	863	134	0	0	7	127	106	21
PCT7872	MV	863	144	0	0	5	139	104	35
PCT7872	TO	863	278	0	0	12	266	210	56
PCT7873	ED	1688	227	0	0	11	216	187	29
PCT7873	MV	1688	278	0	0	15	263	214	49
PCT7873	TO	1688	505	0	0	26	479	401	78
PCT7874	ED	474	55	0	0	3	52	40	12
PCT7874	MV	474	56	0	0	1	55	49	6
PCT7874	TO	474	111	0	0	4	107	89	18
PCT7875	ED	624	63	0	0	5	58	49	9
PCT7875	MV	624	84	0	0	7	77	58	19
PCT7875	TO	624	147	0	0	12	135	107	28
PCT7876	ED	523	49	0	0	4	45	39	6
PCT7876	MV	523	93	0	0	5	88	65	23
PCT7876	TO	523	142	0	0	9	133	104	29
PCT7902	ED	1729	159	0	0	7	152	129	23
PCT7902	MV	1729	184	0	0	9	175	133	42
PCT7902	TO	1729	343	0	0	16	327	262	65
PCT7903	ED	826	102	0	0	7	95	84	11
PCT7903	MV	826	83	0	0	9	74	58	16
PCT7903	TO	826	185	0	0	16	169	142	27
PCT7905	ED	880	115	0	0	4	111	88	23
PCT7905	MV	880	114	0	0	9	105	87	18
PCT7905	TO	880	229	0	0	13	216	175	41
PCT7906	ED	757	75	0	0	2	73	66	7
PCT7906	MV	757	67	0	0	4	63	52	11
PCT7906	TO	757	142	0	0	6	136	118	18
PCT7908	ED	1907	203	0	0	5	198	177	21
PCT7908	MV	1907	223	0	0	30	193	147	46
PCT7908	TO	1907	426	0	0	35	391	324	67
PCT7909	ED	718	96	0	0	4	92	78	14
PCT7909	MV	718	68	0	0	6	62	57	5
PCT7909	TO	718	164	0	0	10	154	135	19
PCT7911	ED	845	91	0	0	3	88	74	14
PCT7911	MV	845	82	0	0	4	78	59	19
PCT7911	TO	845	173	0	0	7	166	133	33
PCT7912	ED	1940	230	0	0	14	216	190	26
PCT7912	MV	1940	197	0	0	7	190	145	45
PCT7912	TO	1940	427	0	0	21	406	335	71
PCT7915	ED	1692	201	0	0	9	192	171	21
PCT7915	MV	1692	142	0	0	5	137	112	25
PCT7915	TO	1692	343	0	0	14	329	283	46
PCT7916	ED	842	119	0	0	9	110	96	14
PCT7916	MV	842	85	0	0	2	83	68	15
PCT7916	TO	842	204	0	0	11	193	164	29
PCT7917	ED	1823	232	0	1	4	227	199	28
PCT7917	MV	1823	178	0	0	8	170	142	28
PCT7917	TO	1823	410	0	1	12	397	341	56
PCT7918	ED	798	96	0	0	4	92	82	10
PCT7918	MV	798	61	0	0	2	59	50	9
PCT7918	TO	798	157	0	0	6	151	132	19
PCT7921	ED	1729	158	0	0	8	150	129	21
PCT7921	MV	1729	191	0	0	9	182	149	33
PCT7921	TO	1729	349	0	0	17	332	278	54
PCT7923	ED	1708	173	0	0	5	168	149	19
PCT7923	MV	1708	196	0	0	13	183	133	50
PCT7923	TO	1708	369	0	0	18	351	282	69
PCT7925	ED	530	58	0	0	1	57	52	5
PCT7925	MV	530	66	0	0	4	62	49	13
PCT7925	TO	530	124	0	0	5	119	101	18
PCT7926	ED	783	114	0	0	2	112	97	15
PCT7926	MV	783	85	0	0	4	81	64	17
PCT7926	TO	783	199	0	0	6	193	161	32
PCT7928	ED	1661	261	0	0	12	249	220	29
PCT7928	MV	1661	205	0	0	5	200	163	37
PCT7928	TO	1661	466	0	0	17	449	383	66
PCT7929	ED	830	117	0	0	4	113	94	19
PCT7929	MV	830	139	0	0	8	131	110	21
PCT7929	TO	830	256	0	0	12	244	204	40
PCT7931	ED	742	96	0	0	4	92	82	10
PCT7931	MV	742	122	0	0	7	115	99	16
PCT7931	TO	742	218	0	0	11	207	181	26
PCT7932	ED	547	68	0	0	3	65	53	12
PCT7932	MV	547	79	0	0	2	77	64	13
PCT7932	TO	547	147	0	0	5	142	117	25
PCT7933	MV	7	2	0	0	0	2	1	1
PCT7933	TO	7	2	0	0	0	2	1	1
PCT7934	ED	866	92	0	0	2	90	75	15
PCT7934	MV	866	124	0	0	8	116	98	18
PCT7934	TO	866	216	0	0	10	206	173	33
PCT7935	ED	927	131	0	0	4	127	106	21
PCT7935	MV	927	143	0	0	11	132	103	29
PCT7935	TO	927	274	0	0	15	259	209	50
PCT7936	ED	1508	285	0	0	12	273	243	30
PCT7936	MV	1508	190	0	0	4	186	153	33
PCT7936	TO	1508	475	0	0	16	459	396	63
PCT7937	ED	899	108	0	0	4	104	97	7
PCT7937	MV	899	97	0	0	5	92	78	14
PCT7937	TO	899	205	0	0	9	196	175	21
PCT7938	ED	758	80	0	0	4	76	65	11
PCT7938	MV	758	91	0	0	0	91	59	32
PCT7938	TO	758	171	0	0	4	167	124	43
PCT7941	ED	752	95	0	0	3	92	85	7
PCT7941	MV	752	100	0	0	4	96	78	18
PCT7941	TO	752	195	0	0	7	188	163	25
PCT7942	ED	923	72	0	0	3	69	58	11
PCT7942	MV	923	124	0	0	7	117	95	22
PCT7942	TO	923	196	0	0	10	186	153	33
PCT7943	ED	1675	215	0	0	9	206	181	25
PCT7943	MV	1675	215	0	0	7	208	163	45
PCT7943	TO	1675	430	0	0	16	414	344	70
PCT7945	ED	940	50	0	0	0	50	41	9
PCT7945	MV	940	115	0	0	8	107	89	18
PCT7945	TO	940	165	0	0	8	157	130	27
PCT7946	ED	1553	111	0	1	4	106	87	19
PCT7946	MV	1553	267	0	0	10	257	175	82
PCT7946	TO	1553	378	0	1	14	363	262	101
PCT7947	ED	960	51	0	0	5	46	31	15
PCT7947	MV	960	157	0	0	11	146	92	54
PCT7947	TO	960	208	0	0	16	192	123	69
PCT7948	ED	918	75	0	0	2	73	60	13
PCT7948	MV	918	146	0	0	7	139	80	59
PCT7948	TO	918	221	0	0	9	212	140	72
PCT7951	ED	1818	98	0	0	4	94	74	20
PCT7951	MV	1818	311	0	0	24	287	168	119
PCT7951	TO	1818	409	0	0	28	381	242	139
PCT7953	ED	824	69	0	0	1	68	44	24
PCT7953	MV	824	132	0	0	10	122	69	53
PCT7953	TO	824	201	0	0	11	190	113	77
PCT7954	MV	1	1	0	0	0	1	0	1
PCT7954	TO	1	1	0	0	0	1	0	1
PCT7956	ED	1759	85	0	0	6	79	53	26
PCT7956	MV	1759	246	0	2	14	230	135	95
PCT7956	TO	1759	331	0	2	20	309	188	121
PCT7957	ED	665	60	0	0	6	54	45	9
PCT7957	MV	665	103	0	0	7	96	65	31
PCT7957	TO	665	163	0	0	13	150	110	40
PCT7958	MV	301	53	0	0	1	52	40	12
PCT7958	TO	301	53	0	0	1	52	40	12
PCT7959	ED	1198	94	0	0	7	87	74	13
PCT7959	MV	1198	147	0	0	2	145	115	30
PCT7959	TO	1198	241	0	0	9	232	189	43
PCT9001	MV	286	50	0	0	1	49	41	8
PCT9001	TO	286	50	0	0	1	49	41	8
PCT9103	ED	946	98	0	0	8	90	69	21
PCT9103	MV	946	124	0	0	8	116	88	28
PCT9103	TO	946	222	0	0	16	206	157	49
PCT9104	ED	993	83	0	0	3	80	65	15
PCT9104	MV	993	141	0	0	10	131	96	35
PCT9104	TO	993	224	0	0	13	211	161	50
PCT9105	ED	1747	185	0	0	9	176	131	45
PCT9105	MV	1747	234	0	0	10	224	164	60
PCT9105	TO	1747	419	0	0	19	400	295	105
PCT9106	ED	935	109	0	0	3	106	86	20
PCT9106	MV	935	112	0	0	9	103	76	27
PCT9106	TO	935	221	0	0	12	209	162	47
PCT9109	ED	1651	202	0	0	10	192	143	49
PCT9109	MV	1651	175	0	0	19	156	129	27
PCT9109	TO	1651	377	0	0	29	348	272	76
PCT9111	ED	809	82	0	0	5	77	66	11
PCT9111	MV	809	98	0	0	5	93	59	34
PCT9111	TO	809	180	0	0	10	170	125	45
PCT9113	ED	997	132	0	0	8	124	90	34
PCT9113	MV	997	127	0	0	7	120	82	38
PCT9113	TO	997	259	0	0	15	244	172	72
PCT9114	ED	1806	173	0	0	7	166	138	28
PCT9114	MV	1806	209	0	0	10	199	146	53
PCT9114	TO	1806	382	0	0	17	365	284	81
PCT9116	ED	1822	194	0	0	10	184	150	34
PCT9116	MV	1822	222	0	0	9	213	146	67
PCT9116	TO	1822	416	0	0	19	397	296	101
PCT9117	ED	1691	202	0	0	15	187	146	41
PCT9117	MV	1691	277	0	0	25	252	178	74
PCT9117	TO	1691	479	0	0	40	439	324	115
PCT9118	ED	1938	171	0	0	5	166	124	42
PCT9118	MV	1938	255	0	0	13	242	155	87
PCT9118	TO	1938	426	0	0	18	408	279	129
PCT9119	ED	899	77	0	0	5	72	51	21
PCT9119	MV	899	139	0	0	7	132	84	48
PCT9119	TO	899	216	0	0	12	204	135	69
PCT9122	ED	1865	148	0	0	15	133	102	31
PCT9122	MV	1865	271	0	1	13	257	175	82
PCT9122	TO	1865	419	0	1	28	390	277	113
PCT9124	ED	1843	179	0	1	9	169	127	42
PCT9124	MV	1843	258	0	0	15	243	168	75
PCT9124	TO	1843	437	0	1	24	412	295	117
PCT9125	ED	879	83	0	0	3	80	66	14
PCT9125	MV	879	114	0	0	3	111	73	38
PCT9125	TO	879	197	0	0	6	191	139	52
PCT9127	ED	1974	213	0	0	8	205	158	47
PCT9127	MV	1974	298	0	0	13	285	201	84
PCT9127	TO	1974	511	0	0	21	490	359	131
PCT9128	ED	814	102	0	0	8	94	73	21
PCT9128	MV	814	111	0	0	4	107	77	30
PCT9128	TO	814	213	0	0	12	201	150	51
PCT9129	ED	1459	128	0	0	5	123	92	31
PCT9129	MV	1459	192	0	0	10	182	124	58
PCT9129	TO	1459	320	0	0	15	305	216	89
PCT9132	ED	805	80	0	0	7	73	61	12
PCT9132	MV	805	86	0	0	8	78	65	13
PCT9132	TO	805	166	0	0	15	151	126	25
PCT9133	ED	1984	203	0	0	14	189	159	30
PCT9133	MV	1984	262	0	0	21	241	182	59
PCT9133	TO	1984	465	0	0	35	430	341	89
PCT9134	ED	891	60	0	0	3	57	44	13
PCT9134	MV	891	117	0	0	7	110	79	31
PCT9134	TO	891	177	0	0	10	167	123	44
PCT9135	ED	802	90	0	0	4	86	57	29
PCT9135	MV	802	127	0	0	4	123	75	48
PCT9135	TO	802	217	0	0	8	209	132	77
PCT9136	ED	900	97	0	0	6	91	71	20
PCT9136	MV	900	106	0	0	10	96	53	43
PCT9136	TO	900	203	0	0	16	187	124	63
PCT9137	ED	999	90	0	0	5	85	71	14
PCT9137	MV	999	131	0	0	13	118	79	39
PCT9137	TO	999	221	0	0	18	203	150	53
PCT9138	ED	929	69	0	0	3	66	45	21
PCT9138	MV	929	126	0	0	5	121	86	35
PCT9138	TO	929	195	0	0	8	187	131	56
PCT9139	ED	986	83	0	0	2	81	63	18
PCT9139	MV	986	150	0	0	6	144	98	46
PCT9139	TO	986	233	0	0	8	225	161	64
PCT9141	ED	1803	187	0	0	9	178	123	55
PCT9141	MV	1803	269	0	0	12	257	179	78
PCT9141	TO	1803	456	0	0	21	435	302	133
PCT9143	ED	895	103	0	0	5	98	85	13
PCT9143	MV	895	141	0	0	9	132	78	54
PCT9143	TO	895	244	0	0	14	230	163	67
PCT9144	ED	958	121	0	0	3	118	97	21
PCT9144	MV	958	140	0	0	7	133	89	44
PCT9144	TO	958	261	0	0	10	251	186	65
PCT9145	ED	851	89	0	0	4	85	71	14
PCT9145	MV	851	101	0	0	3	98	72	26
PCT9145	TO	851	190	0	0	7	183	143	40
PCT9146	ED	1837	209	0	0	12	197	150	47
PCT9146	MV	1837	208	0	0	16	192	141	51
PCT9146	TO	1837	417	0	0	28	389	291	98
PCT9149	ED	957	134	0	0	9	125	99	26
PCT9149	MV	957	108	0	0	4	104	83	21
PCT9149	TO	957	242	0	0	13	229	182	47
PCT9152	ED	1630	123	0	0	4	119	95	24
PCT9152	MV	1630	178	0	0	9	169	135	34
PCT9152	TO	1630	301	0	0	13	288	230	58
PCT9201	ED	950	76	0	0	4	72	65	7
PCT9201	MV	950	74	0	0	2	72	62	10
PCT9201	TO	950	150	0	0	6	144	127	17
PCT9202	ED	977	78	0	0	7	71	59	12
PCT9202	MV	977	75	0	0	2	73	61	12
PCT9202	TO	977	153	0	0	9	144	120	24
PCT9203	ED	984	51	0	0	6	45	32	13
PCT9203	MV	984	118	0	0	6	112	67	45
PCT9203	TO	984	169	0	0	12	157	99	58
PCT9204	ED	855	83	0	0	8	75	50	25
PCT9204	MV	855	99	0	0	8	91	52	39
PCT9204	TO	855	182	0	0	16	166	102	64
PCT9205	ED	1484	103	0	0	8	95	74	21
PCT9205	MV	1484	166	0	0	6	160	124	36
PCT9205	TO	1484	269	0	0	14	255	198	57
PCT9208	ED	1935	136	0	0	8	128	92	36
PCT9208	MV	1935	217	0	0	15	202	138	64
PCT9208	TO	1935	353	0	0	23	330	230	100
PCT9209	ED	742	64	0	0	4	60	46	14
PCT9209	MV	742	93	0	0	3	90	69	21
PCT9209	TO	742	157	0	0	7	150	115	35
PCT9211	ED	1788	140	0	0	19	121	83	38
PCT9211	MV	1788	229	0	0	10	219	151	68
PCT9211	TO	1788	369	0	0	29	340	234	106
PCT9213	ED	927	67	0	0	2	65	48	17
PCT9213	MV	927	129	0	0	3	126	91	35
PCT9213	TO	927	196	0	0	5	191	139	52
PCT9214	ED	633	52	0	0	0	52	35	17
PCT9214	MV	633	90	0	0	4	86	60	26
PCT9214	TO	633	142	0	0	4	138	95	43
PCT9215	ED	641	58	0	0	6	52	40	12
PCT9215	MV	641	94	0	0	9	85	53	32
PCT9215	TO	641	152	0	0	15	137	93	44
PCT9216	ED	818	58	0	0	4	54	46	8
PCT9216	MV	818	81	0	0	6	75	52	23
PCT9216	TO	818	139	0	0	10	129	98	31
PCT9217	ED	704	48	0	0	0	48	31	17
PCT9217	MV	704	88	0	0	5	83	62	21
PCT9217	TO	704	136	0	0	5	131	93	38
PCT9218	ED	805	66	0	0	6	60	51	9
PCT9218	MV	805	98	0	0	3	95	65	30
PCT9218	TO	805	164	0	0	9	155	116	39
PCT9219	ED	1727	142	0	0	3	139	107	32
PCT9219	MV	1727	171	0	0	10	161	115	46
PCT9219	TO	1727	313	0	0	13	300	222	78
PCT9221	ED	638	60	0	0	2	58	47	11
PCT9221	MV	638	136	0	0	4	132	76	56
PCT9221	TO	638	196	0	0	6	190	123	67
PCT9222	ED	886	63	0	0	6	57	44	13
PCT9222	MV	886	145	0	0	15	130	91	39
PCT9222	TO	886	208	0	0	21	187	135	52
PCT9223	ED	651	39	0	0	5	34	26	8
PCT9223	MV	651	108	0	0	14	94	62	32
PCT9223	TO	651	147	0	0	19	128	88	40
PCT9224	ED	928	77	0	0	3	74	58	16
PCT9224	MV	928	151	0	0	3	148	117	31
PCT9224	TO	928	228	0	0	6	222	175	47
PCT9226	ED	892	70	0	0	4	66	48	18
PCT9226	MV	892	129	0	0	9	120	92	28
PCT9226	TO	892	199	0	0	13	186	140	46
PCT9227	ED	713	72	0	0	2	70	47	23
PCT9227	MV	713	117	0	0	5	112	71	41
PCT9227	TO	713	189	0	0	7	182	118	64
PCT9228	ED	740	77	0	0	4	73	50	23
PCT9228	MV	740	105	0	0	4	101	66	35
PCT9228	TO	740	182	0	0	8	174	116	58
PCT9229	ED	574	80	0	0	3	77	61	16
PCT9229	MV	574	82	0	0	4	78	61	17
PCT9229	TO	574	162	0	0	7	155	122	33
PCT9231	ED	954	122	0	0	10	112	88	24
PCT9231	MV	954	115	0	0	10	105	77	28
PCT9231	TO	954	237	0	0	20	217	165	52
PCT9232	ED	716	74	0	0	3	71	52	19
PCT9232	MV	716	101	0	0	7	94	68	26
PCT9232	TO	716	175	0	0	10	165	120	45
PCT9233	ED	814	62	0	0	3	59	42	17
PCT9233	MV	814	126	0	0	16	110	71	39
PCT9233	TO	814	188	0	0	19	169	113	56
PCT9234	ED	747	56	0	0	3	53	40	13
PCT9234	MV	747	105	0	0	9	96	64	32
PCT9234	TO	747	161	0	0	12	149	104	45
PCT9235	ED	1439	127	0	0	7	120	91	29
PCT9235	MV	1439	213	0	0	16	197	144	53
PCT9235	TO	1439	340	0	0	23	317	235	82
PCT9236	ED	659	53	0	0	1	52	43	9
PCT9236	MV	659	110	0	0	12	98	59	39
PCT9236	TO	659	163	0	0	13	150	102	48
PCT9237	ED	874	60	0	0	4	56	44	12
PCT9237	MV	874	126	0	0	12	114	89	25
PCT9237	TO	874	186	0	0	16	170	133	37
PCT9238	ED	1769	122	0	0	11	111	83	28
PCT9238	MV	1769	274	0	0	13	261	187	74
PCT9238	TO	1769	396	0	0	24	372	270	102
PCT9239	ED	866	64	0	0	2	62	49	13
PCT9239	MV	866	156	0	0	8	148	113	35
PCT9239	TO	866	220	0	0	10	210	162	48
PCT9241	ED	968	78	0	0	4	74	59	15
PCT9241	MV	968	141	0	0	7	134	110	24
PCT9241	TO	968	219	0	0	11	208	169	39
PCT9242	ED	1845	121	0	0	7	114	96	18
PCT9242	MV	1845	257	0	0	7	250	185	65
PCT9242	TO	1845	378	0	0	14	364	281	83
PCT9244	ED	881	75	0	0	2	73	62	11
PCT9244	MV	881	96	0	0	5	91	68	23
PCT9244	TO	881	171	0	0	7	164	130	34
PCT9245	ED	1081	104	0	0	3	101	80	21
PCT9245	MV	1081	142	0	0	9	133	104	29
PCT9245	TO	1081	246	0	0	12	234	184	50
PCT9248	ED	870	67	0	0	2	65	49	16
PCT9248	MV	870	99	0	0	8	91	69	22
PCT9248	TO	870	166	0	0	10	156	118	38
PCT9251	ED	1887	220	0	0	11	209	156	53
PCT9251	MV	1887	260	0	0	13	247	197	50
PCT9251	TO	1887	480	0	0	24	456	353	103
PCT9252	ED	918	56	0	0	4	52	46	6
PCT9252	MV	918	113	0	0	7	106	69	37
PCT9252	TO	918	169	0	0	11	158	115	43
PCT9253	ED	752	64	0	0	6	58	46	12
PCT9253	MV	752	124	0	0	8	116	86	30
PCT9253	TO	752	188	0	0	14	174	132	42
PCT9255	ED	1236	119	0	0	5	114	92	22
PCT9255	MV	1236	144	0	0	6	138	106	32
PCT9255	TO	1236	263	0	0	11	252	198	54
PCT9256	ED	1373	112	0	0	4	108	94	14
PCT9256	MV	1373	216	0	0	8	208	166	42
PCT9256	TO	1373	328	0	0	12	316	260	56
PCT9257	MV	311	39	0	0	2	37	29	8
PCT9257	TO	311	39	0	0	2	37	29	8
PCT9401	ED	1015	120	0	0	4	116	95	21
PCT9401	MV	1015	113	0	0	7	106	74	32
PCT9401	TO	1015	233	0	0	11	222	169	53
PCT9402	ED	988	140	0	0	8	132	110	22
PCT9402	MV	988	102	0	0	9	93	61	32
PCT9402	TO	988	242	0	0	17	225	171	54
PCT9404	ED	1814	161	0	0	7	154	118	36
PCT9404	MV	1814	230	0	0	14	216	147	69
PCT9404	TO	1814	391	0	0	21	370	265	105
PCT9405	ED	770	88	0	0	5	83	65	18
PCT9405	MV	770	108	0	0	9	99	70	29
PCT9405	TO	770	196	0	0	14	182	135	47
PCT9406	ED	873	110	0	0	3	107	76	31
PCT9406	MV	873	109	0	0	7	102	80	22
PCT9406	TO	873	219	0	0	10	209	156	53
PCT9407	ED	887	96	0	0	10	86	67	19
PCT9407	MV	887	100	0	0	5	95	60	35
PCT9407	TO	887	196	0	0	15	181	127	54
PCT9408	ED	834	93	0	0	6	87	63	24
PCT9408	MV	834	77	0	0	4	73	58	15
PCT9408	TO	834	170	0	0	10	160	121	39
PCT9409	ED	591	89	0	0	2	87	69	18
PCT9409	MV	591	59	0	0	2	57	46	11
PCT9409	TO	591	148	0	0	4	144	115	29
PCT9411	ED	1842	167	0	0	8	159	125	34
PCT9411	MV	1842	234	0	0	9	225	148	77
PCT9411	TO	1842	401	0	0	17	384	273	111
PCT9413	ED	920	88	0	0	5	83	61	22
PCT9413	MV	920	126	0	0	9	117	74	43
PCT9413	TO	920	214	0	0	14	200	135	65
PCT9415	ED	779	56	0	0	4	52	36	16
PCT9415	MV	779	128	0	0	4	124	88	36
PCT9415	TO	779	184	0	0	8	176	124	52
PCT9416	ED	988	118	0	0	5	113	89	24
PCT9416	MV	988	139	0	0	10	129	85	44
PCT9416	TO	988	257	0	0	15	242	174	68
PCT9418	ED	1561	161	0	0	12	149	112	37
PCT9418	MV	1561	249	0	0	25	224	157	67
PCT9418	TO	1561	410	0	0	37	373	269	104
PCT9419	ED	1790	130	0	0	4	126	90	36
PCT9419	MV	1790	283	0	1	14	268	184	84
PCT9419	TO	1790	413	0	1	18	394	274	120
PCT9421	ED	917	65	0	0	6	59	43	16
PCT9421	MV	917	128	0	0	5	123	88	35
PCT9421	TO	917	193	0	0	11	182	131	51
PCT9422	ED	1068	99	0	0	8	91	64	27
PCT9422	MV	1068	169	0	0	10	159	113	46
PCT9422	TO	1068	268	0	0	18	250	177	73
PCT9423	ED	906	70	0	0	4	66	51	15
PCT9423	MV	906	93	0	0	10	83	61	22
PCT9423	TO	906	163	0	0	14	149	112	37
PCT9424	ED	1949	142	0	0	16	126	91	35
PCT9424	MV	1949	323	0	0	10	313	222	91
PCT9424	TO	1949	465	0	0	26	439	313	126
PCT9426	ED	832	61	0	1	3	57	37	20
PCT9426	MV	832	117	0	0	2	115	80	35
PCT9426	TO	832	178	0	1	5	172	117	55
PCT9427	ED	964	78	0	0	3	75	50	25
PCT9427	MV	964	144	0	0	11	133	71	62
PCT9427	TO	964	222	0	0	14	208	121	87
PCT9431	ED	1914	176	0	0	11	165	123	42
PCT9431	MV	1914	284	0	0	13	271	168	103
PCT9431	TO	1914	460	0	0	24	436	291	145
PCT9432	ED	943	76	0	0	0	76	58	18
PCT9432	MV	943	142	0	0	7	135	79	56
PCT9432	TO	943	218	0	0	7	211	137	74
PCT9433	ED	1923	120	0	0	7	113	83	30
PCT9433	MV	1923	289	0	0	19	270	168	102
PCT9433	TO	1923	409	0	0	26	383	251	132
PCT9434	ED	982	97	0	0	2	95	75	20
PCT9434	MV	982	120	0	0	8	112	75	37
PCT9434	TO	982	217	0	0	10	207	150	57
PCT9436	ED	1057	94	0	0	12	82	58	24
PCT9436	MV	1057	160	0	0	10	150	90	60
PCT9436	TO	1057	254	0	0	22	232	148	84
PCT9437	ED	908	76	0	0	4	72	52	20
PCT9437	MV	908	127	0	0	10	117	74	43
PCT9437	TO	908	203	0	0	14	189	126	63
PCT9439	ED	1863	125	0	0	6	119	77	42
PCT9439	MV	1863	310	0	0	24	286	186	100
PCT9439	TO	1863	435	0	0	30	405	263	142
PCT9441	ED	985	100	0	0	4	96	76	20
PCT9441	MV	985	170	0	0	5	165	106	59
PCT9441	TO	985	270	0	0	9	261	182	79
PCT9442	ED	2015	196	0	0	13	183	133	50
PCT9442	MV	2015	280	0	0	14	266	178	88
PCT9442	TO	2015	476	0	0	27	449	311	138
PCT9443	ED	1908	136	0	0	3	133	102	31
PCT9443	MV	1908	256	0	0	14	242	154	88
PCT9443	TO	1908	392	0	0	17	375	256	119
PCT9445	ED	971	72	0	0	5	67	43	24
PCT9445	MV	971	146	0	0	8	138	88	50
PCT9445	TO	971	218	0	0	13	205	131	74
PCT9446	ED	1940	185	0	0	15	170	128	42
PCT9446	MV	1940	263	0	0	12	251	128	123
PCT9446	TO	1940	448	0	0	27	421	256	165
PCT9447	ED	889	88	0	0	6	82	60	22
PCT9447	MV	889	131	0	0	6	125	87	38
PCT9447	TO	889	219	0	0	12	207	147	60
PCT9448	ED	936	76	0	0	2	74	53	21
PCT9448	MV	936	123	0	0	6	117	76	41
PCT9448	TO	936	199	0	0	8	191	129	62
PCT9449	ED	862	74	0	0	3	71	51	20
PCT9449	MV	862	147	0	0	4	143	86	57
PCT9449	TO	862	221	0	0	7	214	137	77
PCT9451	ED	437	32	0	0	0	32	21	11
PCT9451	MV	437	58	0	0	2	56	33	23
PCT9451	TO	437	90	0	0	2	88	54	34
PCT9453	ED	520	44	0	0	1	43	26	17
PCT9453	MV	520	83	0	0	7	76	54	22
PCT9453	TO	520	127	0	0	8	119	80	39
PCT9501	MV	147	41	0	0	2	39	27	12
PCT9501	TO	147	41	0	0	2	39	27	12
PCT9502	MV	253	46	0	0	1	45	33	12
PCT9502	TO	253	46	0	0	1	45	33	12
PCT9503	ED	667	60	0	0	2	58	52	6
PCT9503	MV	667	95	0	0	5	90	69	21
PCT9503	TO	667	155	0	0	7	148	121	27
PCT9505	ED	760	100	0	0	7	93	69	24
PCT9505	MV	760	114	0	0	7	107	79	28
PCT9505	TO	760	214	0	0	14	200	148	52
PCT9506	ED	750	73	0	0	4	69	55	14
PCT9506	MV	750	76	0	0	2	74	57	17
PCT9506	TO	750	149	0	0	6	143	112	31
PCT9507	ED	713	92	0	0	3	89	79	10
PCT9507	MV	713	83	0	0	7	76	65	11
PCT9507	TO	713	175	0	0	10	165	144	21
PCT9511	ED	1314	167	0	0	9	158	142	16
PCT9511	MV	1314	151	0	0	7	144	117	27
PCT9511	TO	1314	318	0	0	16	302	259	43
PCT9512	ED	1544	192	0	0	12	180	165	15
PCT9512	MV	1544	197	0	0	9	188	163	25
PCT9512	TO	1544	389	0	0	21	368	328	40
PCT9513	ED	872	125	0	0	9	116	106	10
PCT9513	MV	872	94	0	0	4	90	71	19
PCT9513	TO	872	219	0	0	13	206	177	29
PCT9514	ED	888	117	0	0	6	111	100	11
PCT9514	MV	888	102	0	0	6	96	77	19
PCT9514	TO	888	219	0	0	12	207	177	30
PCT9516	ED	1579	195	0	1	10	184	160	24
PCT9516	MV	1579	186	0	0	6	180	140	40
PCT9516	TO	1579	381	0	1	16	364	300	64
PCT9517	ED	1554	181	0	0	8	173	153	20
PCT9517	MV	1554	218	0	0	13	205	173	32
PCT9517	TO	1554	399	0	0	21	378	326	52
PCT9519	ED	882	112	0	0	4	108	87	21
PCT9519	MV	882	113	0	0	4	109	87	22
PCT9519	TO	882	225	0	0	8	217	174	43
PCT9521	ED	870	131	0	0	11	120	103	17
PCT9521	MV	870	122	0	0	8	114	95	19
PCT9521	TO	870	253	0	0	19	234	198	36
PCT9701	ED	652	100	0	0	3	97	81	16
PCT9701	MV	652	79	0	0	4	75	58	17
PCT9701	TO	652	179	0	0	7	172	139	33
PCT9702	ED	709	87	0	0	4	83	79	4
PCT9702	MV	709	80	0	0	5	75	70	5
PCT9702	TO	709	167	0	0	9	158	149	9
PCT9703	ED	981	94	0	0	3	91	73	18
PCT9703	MV	981	155	0	0	4	151	110	41
PCT9703	TO	981	249	0	0	7	242	183	59
PCT9704	ED	946	109	0	0	8	101	84	17
PCT9704	MV	946	143	0	0	14	129	94	35
PCT9704	TO	946	252	0	0	22	230	178	52
PCT9705	ED	1865	204	0	0	9	195	172	23
PCT9705	MV	1865	258	0	0	15	243	192	51
PCT9705	TO	1865	462	0	0	24	438	364	74
PCT9706	MV	48	6	0	0	0	6	5	1
PCT9706	TO	48	6	0	0	0	6	5	1
PCT9709	ED	1021	84	0	0	4	80	64	16
PCT9709	MV	1021	156	0	0	8	148	113	35
PCT9709	TO	1021	240	0	0	12	228	177	51
PCT9711	ED	1433	160	0	0	9	151	109	42
PCT9711	MV	1433	223	0	0	13	210	151	59
PCT9711	TO	1433	383	0	0	22	361	260	101
PCT9712	ED	1237	157	0	0	8	149	111	38
PCT9712	MV	1237	218	0	0	12	206	122	84
PCT9712	TO	1237	375	0	0	20	355	233	122
PCT9716	ED	951	110	0	0	11	99	74	25
PCT9716	MV	951	168	0	0	7	161	109	52
PCT9716	TO	951	278	0	0	18	260	183	77
PCT9717	ED	1917	177	0	0	14	163	109	54
PCT9717	MV	1917	316	0	0	19	297	197	100
PCT9717	TO	1917	493	0	0	33	460	306	154
PCT9718	ED	1833	225	0	0	14	211	158	53
PCT9718	MV	1833	365	0	0	21	344	219	125
PCT9718	TO	1833	590	0	0	35	555	377	178
PCT9719	ED	910	104	0	0	3	101	73	28
PCT9719	MV	910	161	0	0	7	154	95	59
PCT9719	TO	910	265	0	0	10	255	168	87
PCT9721	ED	660	114	0	0	4	110	76	34
PCT9721	MV	660	116	0	0	4	112	73	39
PCT9721	TO	660	230	0	0	8	222	149	73
PCT9722	ED	587	64	0	0	5	59	49	10
PCT9722	MV	587	131	0	0	6	125	86	39
PCT9722	TO	587	195	0	0	11	184	135	49
PCT9723	ED	505	34	0	0	0	34	19	15
PCT9723	MV	505	109	0	0	9	100	65	35
PCT9723	TO	505	143	0	0	9	134	84	50
PCT9724	ED	1003	72	0	0	2	70	50	20
PCT9724	MV	1003	209	0	0	10	199	98	101
PCT9724	TO	1003	281	0	0	12	269	148	121
PCT9725	ED	965	76	0	0	5	71	43	28
PCT9725	MV	965	164	0	0	8	156	94	62
PCT9725	TO	965	240	0	0	13	227	137	90
PCT9726	ED	621	53	0	0	1	52	41	11
PCT9726	MV	621	51	0	0	5	46	36	10
PCT9726	TO	621	104	0	0	6	98	77	21
PCT9727	ED	453	34	0	0	1	33	24	9
PCT9727	MV	453	89	0	0	3	86	49	37
PCT9727	TO	453	123	0	0	4	119	73	46
PCT9728	ED	1829	224	0	0	7	217	146	71
PCT9728	MV	1829	296	0	0	12	284	162	122
PCT9728	TO	1829	520	0	0	19	501	308	193
PCT9729	ED	809	86	0	0	4	82	57	25
PCT9729	MV	809	164	0	0	6	158	108	50
PCT9729	TO	809	250	0	0	10	240	165	75
PCT9731	ED	572	62	0	0	3	59	43	16
PCT9731	MV	572	94	0	0	1	93	61	32
PCT9731	TO	572	156	0	0	4	152	104	48
PCT9732	MV	71	10	0	0	0	10	8	2
PCT9732	TO	71	10	0	0	0	10	8	2
PCT9733	MV	235	51	0	0	6	45	31	14
PCT9733	TO	235	51	0	0	6	45	31	14
PCT9734	ED	1389	150	0	0	5	145	104	41
PCT9734	MV	1389	256	0	0	16	240	175	65
PCT9734	TO	1389	406	0	0	21	385	279	106
PCT9737	ED	1518	168	0	0	7	161	124	37
PCT9737	MV	1518	281	0	0	18	263	186	77
PCT9737	TO	1518	449	0	0	25	424	310	114
PCT9738	ED	813	34	0	0	2	32	25	7
PCT9738	MV	813	125	0	0	6	119	93	26
PCT9738	TO	813	159	0	0	8	151	118	33
PCT9739	ED	768	46	0	0	2	44	34	10
PCT9739	MV	768	72	0	0	0	72	52	20
PCT9739	TO	768	118	0	0	2	116	86	30
PCT9741	ED	497	7	0	0	0	7	7	0
PCT9741	MV	497	3	0	0	0	3	2	1
PCT9741	TO	497	10	0	0	0	10	9	1
PCT9742	ED	679	68	0	0	3	65	48	17
PCT9742	MV	679	82	0	0	2	80	53	27
PCT9742	TO	679	150	0	0	5	145	101	44
PCT9743	ED	1138	85	0	0	5	80	60	20
PCT9743	MV	1138	164	0	0	4	160	117	43
PCT9743	TO	1138	249	0	0	9	240	177	63
PCT9744	ED	907	97	0	0	7	90	67	23
PCT9744	MV	907	99	0	0	5	94	61	33
PCT9744	TO	907	196	0	0	12	184	128	56
PCT9745	ED	973	75	0	0	5	70	58	12
PCT9745	MV	973	115	0	0	3	112	91	21
PCT9745	TO	973	190	0	0	8	182	149	33
PCT9748	ED	910	80	0	0	2	78	49	29
PCT9748	MV	910	152	0	0	8	144	110	34
PCT9748	TO	910	232	0	0	10	222	159	63
PCT9749	ED	1871	160	0	0	8	152	122	30
PCT9749	MV	1871	223	0	0	13	210	149	61
PCT9749	TO	1871	383	0	0	21	362	271	91
PCT9751	ED	1038	101	0	0	3	98	73	25
PCT9751	MV	1038	184	0	0	6	178	113	65
PCT9751	TO	1038	285	0	0	9	276	186	90
PCT9752	ED	696	69	0	0	2	67	37	30
PCT9752	MV	696	132	0	0	7	125	81	44
PCT9752	TO	696	201	0	0	9	192	118	74
PCT9753	ED	764	81	0	0	3	78	61	17
PCT9753	MV	764	115	0	0	9	106	80	26
PCT9753	TO	764	196	0	0	12	184	141	43
PCT9754	ED	686	84	0	0	2	82	72	10
PCT9754	MV	686	114	0	0	4	110	88	22
PCT9754	TO	686	198	0	0	6	192	160	32
PCT9755	ED	567	58	0	0	2	56	43	13
PCT9755	MV	567	85	0	0	7	78	59	19
PCT9755	TO	567	143	0	0	9	134	102	32
PCT9756	ED	940	55	0	0	1	54	38	16
PCT9756	MV	940	136	0	0	7	129	82	47
PCT9756	TO	940	191	0	0	8	183	120	63
PCT9801	ED	404	38	0	0	3	35	30	5
PCT9801	MV	404	67	0	0	5	62	48	14
PCT9801	TO	404	105	0	0	8	97	78	19
CONG12	ED	437850	40985	0	7	2142	38836	31692	7144
CONG12	MV	437850	61115	0	15	3542	57558	42877	14681
CONG12	TO	437850	102100	0	22	5684	96394	74569	21825
CONG14	ED	57200	4601	0	0	209	4392	3236	1156
CONG14	MV	57200	8564	0	0	426	8138	5406	2732
CONG14	TO	57200	13165	0	0	635	12530	8642	3888
ASSM17	ED	287476	26749	0	4	1347	25398	21231	4167
ASSM17	MV	287476	40629	0	13	2386	38230	29244	8986
ASSM17	TO	287476	67378	0	17	3733	63628	50475	13153
ASSM19	ED	207574	18837	0	3	1004	17830	13697	4133
ASSM19	MV	207574	29050	0	2	1582	27466	19039	8427
ASSM19	TO	207574	47887	0	5	2586	45296	32736	12560
SUPV1	ED	42447	4299	0	1	226	4072	3168	904
SUPV1	MV	42447	5634	0	2	324	5308	3735	1573
SUPV1	TO	42447	9933	0	3	550	9380	6903	2477
SUPV2	ED	49361	3997	0	0	236	3761	2920	841
SUPV2	MV	49361	6811	0	1	401	6409	4659	1750
SUPV2	TO	49361	10808	0	1	637	10170	7579	2591
SUPV3	ED	38836	3040	0	0	160	2880	2360	520
SUPV3	MV	38836	6014	0	2	489	5523	4043	1480
SUPV3	TO	38836	9054	0	2	649	8403	6403	2000
SUPV4	ED	43341	3899	0	1	217	3681	2731	950
SUPV4	MV	43341	6120	0	1	345	5774	3797	1977
SUPV4	TO	43341	10019	0	2	562	9455	6528	2927
SUPV5	ED	51976	6299	0	1	357	5941	5175	766
SUPV5	MV	51976	7103	0	0	372	6731	5545	1186
SUPV5	TO	51976	13402	0	1	729	12672	10720	1952
SUPV6	ED	42510	2395	0	1	150	2244	1807	437
SUPV6	MV	42510	5889	0	3	374	5512	4222	1290
SUPV6	TO	42510	8284	0	4	524	7756	6029	1727
SUPV7	ED	46757	4770	0	0	222	4548	3464	1084
SUPV7	MV	46757	7507	0	0	370	7137	4904	2233
SUPV7	TO	46757	12277	0	0	592	11685	8368	3317
SUPV8	ED	57103	7221	0	1	333	6887	5862	1025
SUPV8	MV	57103	8789	0	2	427	8360	6784	1576
SUPV8	TO	57103	16010	0	3	760	15247	12646	2601
SUPV9	ED	42539	4535	0	2	187	4346	3729	617
SUPV9	MV	42539	5331	0	2	287	5042	3797	1245
SUPV9	TO	42539	9866	0	4	474	9388	7526	1862
SUPV10	ED	42195	2593	0	0	136	2457	1914	543
SUPV10	MV	42195	5310	0	2	315	4993	3573	1420
SUPV10	TO	42195	7903	0	2	451	7450	5487	1963
SUPV11	ED	37985	2538	0	0	127	2411	1798	613
SUPV11	MV	37985	5171	0	0	264	4907	3224	1683
SUPV11	TO	37985	7709	0	0	391	7318	5022	2296
NEIG1	ED	20194	1102	0	0	66	1036	770	266
NEIG1	MV	20194	2403	0	2	152	2249	1577	672
NEIG1	TO	20194	3505	0	2	218	3285	2347	938
NEIG2	ED	18045	1279	0	0	74	1205	983	222
NEIG2	MV	18045	2697	0	2	239	2456	1786	670
NEIG2	TO	18045	3976	0	2	313	3661	2769	892
NEIG3	ED	27613	2033	0	0	115	1918	1574	344
NEIG3	MV	27613	4069	0	1	318	3750	2827	923
NEIG3	TO	27613	6102	0	1	433	5668	4401	1267
NEIG4	ED	7735	937	0	0	55	882	710	172
NEIG4	MV	7735	1299	0	1	59	1239	989	250
NEIG4	TO	7735	2236	0	1	114	2121	1699	422
NEIG5	ED	28067	1842	0	0	91	1751	1295	456
NEIG5	MV	28067	3902	0	0	202	3700	2426	1274
NEIG5	TO	28067	5744	0	0	293	5451	3721	1730
NEIG6	ED	15102	2150	0	0	117	2033	1786	247
NEIG6	MV	15102	1957	0	1	96	1860	1589	271
NEIG6	TO	15102	4107	0	1	213	3893	3375	518
NEIG7	ED	13133	949	0	0	48	901	693	208
NEIG7	MV	13133	1695	0	0	87	1608	1077	531
NEIG7	TO	13133	2644	0	0	135	2509	1770	739
NEIG8	ED	9501	1219	0	1	59	1159	1002	157
NEIG8	MV	9501	1254	0	0	64	1190	981	209
NEIG8	TO	9501	2473	0	1	123	2349	1983	366
NEIG9	ED	8190	579	0	0	29	550	404	146
NEIG9	MV	8190	1111	0	0	50	1061	709	352
NEIG9	TO	8190	1690	0	0	79	1611	1113	498
NEIG10	ED	10551	1035	0	0	54	981	799	182
NEIG10	MV	10551	1324	0	0	69	1255	970	285
NEIG10	TO	10551	2359	0	0	123	2236	1769	467
NEIG11	ED	41063	3200	0	0	194	3006	2351	655
NEIG11	MV	41063	5690	0	1	333	5356	3904	1452
NEIG11	TO	41063	8890	0	1	527	8362	6255	2107
NEIG12	ED	32113	3669	0	1	171	3497	3048	449
NEIG12	MV	32113	3596	0	1	188	3407	2725	682
NEIG12	TO	32113	7265	0	2	359	6904	5773	1131
NEIG13	ED	15730	2029	0	1	86	1942	1633	309
NEIG13	MV	15730	2408	0	0	123	2285	1836	449
NEIG13	TO	15730	4437	0	1	209	4227	3469	758
NEIG14	ED	9293	1330	0	0	48	1282	1119	163
NEIG14	MV	9293	1250	0	0	58	1192	981	211
NEIG14	TO	9293	2580	0	0	106	2474	2100	374
NEIG15	ED	5953	537	0	0	23	514	427	87
NEIG15	MV	5953	1026	0	0	65	961	704	257
NEIG15	TO	5953	1563	0	0	88	1475	1131	344
NEIG26	ED	9927	616	0	1	31	584	439	145
NEIG26	MV	9927	1536	0	2	90	1444	902	542
NEIG26	TO	9927	2152	0	3	121	2028	1341	687
NEIG16	ED	16717	1243	0	0	58	1185	994	191
NEIG16	MV	16717	2207	0	1	114	2092	1666	426
NEIG16	TO	16717	3450	0	1	172	3277	2660	617
NEIG17	ED	37882	3873	0	1	207	3665	2844	821
NEIG17	MV	37882	5092	0	1	295	4796	3342	1454
NEIG17	TO	37882	8965	0	2	502	8461	6186	2275
NEIG18	ED	6193	652	0	0	31	621	466	155
NEIG18	MV	6193	863	0	0	64	799	554	245
NEIG18	TO	6193	1515	0	0	95	1420	1020	400
NEIG19	ED	7872	873	0	0	40	833	712	121
NEIG19	MV	7872	1076	0	0	45	1031	808	223
NEIG19	TO	7872	1949	0	0	85	1864	1520	344
NEIG20	ED	24361	1311	0	1	84	1226	971	255
NEIG20	MV	24361	3384	0	1	211	3172	2392	780
NEIG20	TO	24361	4695	0	2	295	4398	3363	1035
NEIG21	ED	42750	3810	0	1	215	3594	2662	932
NEIG21	MV	42750	6061	0	1	343	5717	3751	1966
NEIG21	TO	42750	9871	0	2	558	9311	6413	2898
NEIG22	ED	19329	2431	0	0	91	2340	2027	313
NEIG22	MV	19329	3212	0	0	154	3058	2535	523
NEIG22	TO	19329	5643	0	0	245	5398	4562	836
NEIG23	ED	7912	363	0	0	19	344	241	103
NEIG23	MV	7912	1080	0	0	68	1012	626	386
NEIG23	TO	7912	1443	0	0	87	1356	867	489
NEIG24	ED	33087	3644	0	0	169	3475	2617	858
NEIG24	MV	33087	5693	0	0	284	5409	3698	1711
NEIG24	TO	33087	9337	0	0	453	8884	6315	2569
NEIG25	ED	26737	2880	0	0	176	2704	2361	343
NEIG25	MV	26737	3794	0	0	197	3597	2928	669
NEIG25	TO	26737	6674	0	0	373	6301	5289	1012
