area_id	subtotal_type	RSReg	RSCst	RSRej	RSOvr	RSUnd	RSTot	32:YES	33:NO
ALLPCTS	TO	495050	115265	0	25	2843	112397	78072	34325
ALLPCTS	ED	495050	45586	0	9	960	44617	33935	10682
ALLPCTS	MV	495050	69679	0	16	1883	67780	44137	23643
PCT1101	ED	557	39	0	0	2	37	27	10
PCT1101	MV	557	83	0	0	1	82	50	32
PCT1101	TO	557	122	0	0	3	119	77	42
PCT1102	ED	994	117	0	0	1	116	83	33
PCT1102	MV	994	137	0	0	4	133	65	68
PCT1102	TO	994	254	0	0	5	249	148	101
PCT1103	ED	962	88	0	0	0	88	67	21
PCT1103	MV	962	121	0	0	0	121	75	46
PCT1103	TO	962	209	0	0	0	209	142	67
PCT1104	ED	1012	76	0	0	4	72	55	17
PCT1104	MV	1012	130	0	0	3	127	94	33
PCT1104	TO	1012	206	0	0	7	199	149	50
PCT1106	ED	1505	127	0	0	0	127	88	39
PCT1106	MV	1505	209	0	0	2	207	101	106
PCT1106	TO	1505	336	0	0	2	334	189	145
PCT1108	ED	908	77	0	0	1	76	59	17
PCT1108	MV	908	126	0	0	3	123	64	59
PCT1108	TO	908	203	0	0	4	199	123	76
PCT1109	ED	805	73	0	0	2	71	53	18
PCT1109	MV	805	100	0	0	5	95	47	48
PCT1109	TO	805	173	0	0	7	166	100	66
PCT1111	ED	1025	73	0	0	0	73	54	19
PCT1111	MV	1025	160	0	0	3	157	85	72
PCT1111	TO	1025	233	0	0	3	230	139	91
PCT1112	ED	770	48	0	0	0	48	36	12
PCT1112	MV	770	92	0	0	2	90	49	41
PCT1112	TO	770	140	0	0	2	138	85	53
PCT1114	ED	1741	92	0	0	3	89	71	18
PCT1114	MV	1741	249	0	0	4	245	132	113
PCT1114	TO	1741	341	0	0	7	334	203	131
PCT1115	ED	1838	118	0	0	1	117	86	31
PCT1115	MV	1838	234	0	0	4	230	137	93
PCT1115	TO	1838	352	0	0	5	347	223	124
PCT1117	ED	1771	104	0	0	2	102	73	29
PCT1117	MV	1771	175	0	0	7	168	80	88
PCT1117	TO	1771	279	0	0	9	270	153	117
PCT1118	ED	1057	86	0	0	3	83	57	26
PCT1118	MV	1057	160	0	1	4	155	82	73
PCT1118	TO	1057	246	0	1	7	238	139	99
PCT1119	ED	771	32	0	0	0	32	28	4
PCT1119	MV	771	115	0	0	3	112	68	44
PCT1119	TO	771	147	0	0	3	144	96	48
PCT1122	ED	638	41	0	0	0	41	24	17
PCT1122	MV	638	82	0	0	1	81	34	47
PCT1122	TO	638	123	0	0	1	122	58	64
PCT1124	ED	812	51	0	0	1	50	31	19
PCT1124	MV	812	101	0	0	2	99	65	34
PCT1124	TO	812	152	0	0	3	149	96	53
PCT1125	ED	1064	37	0	0	0	37	27	10
PCT1125	MV	1064	163	0	1	5	157	87	70
PCT1125	TO	1064	200	0	1	5	194	114	80
PCT1126	ED	1676	91	0	0	0	91	58	33
PCT1126	MV	1676	240	0	0	5	235	122	113
PCT1126	TO	1676	331	0	0	5	326	180	146
PCT1127	ED	1827	107	0	0	1	106	73	33
PCT1127	MV	1827	249	0	0	3	246	132	114
PCT1127	TO	1827	356	0	0	4	352	205	147
PCT1129	ED	1018	62	0	0	2	60	35	25
PCT1129	MV	1018	136	0	0	4	132	86	46
PCT1129	TO	1018	198	0	0	6	192	121	71
PCT1131	ED	836	38	0	0	1	37	30	7
PCT1131	MV	836	105	0	0	3	102	57	45
PCT1131	TO	836	143	0	0	4	139	87	52
PCT1132	ED	1010	34	0	0	0	34	21	13
PCT1132	MV	1010	172	0	0	3	169	99	70
PCT1132	TO	1010	206	0	0	3	203	120	83
PCT1133	ED	857	40	0	0	0	40	25	15
PCT1133	MV	857	134	0	0	3	131	71	60
PCT1133	TO	857	174	0	0	3	171	96	75
PCT1134	ED	762	61	0	0	2	59	49	10
PCT1134	MV	762	114	0	0	3	111	49	62
PCT1134	TO	762	175	0	0	5	170	98	72
PCT1135	ED	554	37	0	0	1	36	27	9
PCT1135	MV	554	86	0	0	5	81	46	35
PCT1135	TO	554	123	0	0	6	117	73	44
PCT1136	ED	847	47	0	0	1	46	27	19
PCT1136	MV	847	135	0	0	4	131	56	75
PCT1136	TO	847	182	0	0	5	177	83	94
PCT1141	ED	1042	61	0	0	1	60	34	26
PCT1141	MV	1042	151	0	0	6	145	82	63
PCT1141	TO	1042	212	0	0	7	205	116	89
PCT1143	ED	1024	87	0	0	0	87	73	14
PCT1143	MV	1024	123	0	0	12	111	70	41
PCT1143	TO	1024	210	0	0	12	198	143	55
PCT1144	ED	1804	126	0	0	3	123	92	31
PCT1144	MV	1804	236	0	0	6	230	135	95
PCT1144	TO	1804	362	0	0	9	353	227	126
PCT1145	ED	894	57	0	0	0	57	48	9
PCT1145	MV	894	142	0	0	1	141	84	57
PCT1145	TO	894	199	0	0	1	198	132	66
PCT1146	ED	1008	71	0	0	2	69	52	17
PCT1146	MV	1008	130	0	0	2	128	74	54
PCT1146	TO	1008	201	0	0	4	197	126	71
PCT1147	ED	868	71	0	0	3	68	50	18
PCT1147	MV	868	108	0	0	3	105	60	45
PCT1147	TO	868	179	0	0	6	173	110	63
PCT1148	ED	1002	73	0	0	3	70	46	24
PCT1148	MV	1002	139	0	0	0	139	65	74
PCT1148	TO	1002	212	0	0	3	209	111	98
PCT1149	ED	911	70	0	0	2	68	53	15
PCT1149	MV	911	98	0	0	3	95	57	38
PCT1149	TO	911	168	0	0	5	163	110	53
PCT1152	ED	1815	126	0	0	2	124	77	47
PCT1152	MV	1815	236	0	0	5	231	154	77
PCT1152	TO	1815	362	0	0	7	355	231	124
PCT7001	ED	752	39	0	0	0	39	32	7
PCT7001	MV	752	113	0	0	2	111	79	32
PCT7001	TO	752	152	0	0	2	150	111	39
PCT7002	ED	659	43	0	0	1	42	36	6
PCT7002	MV	659	57	0	0	0	57	37	20
PCT7002	TO	659	100	0	0	1	99	73	26
PCT7003	ED	1755	179	0	1	2	176	141	35
PCT7003	MV	1755	279	0	0	6	273	198	75
PCT7003	TO	1755	458	0	1	8	449	339	110
PCT7005	ED	850	99	0	0	0	99	86	13
PCT7005	MV	850	108	0	0	1	107	72	35
PCT7005	TO	850	207	0	0	1	206	158	48
PCT7006	ED	921	87	0	0	0	87	65	22
PCT7006	MV	921	106	0	0	2	104	85	19
PCT7006	TO	921	193	0	0	2	191	150	41
PCT7007	ED	1821	211	0	0	4	207	167	40
PCT7007	MV	1821	286	0	0	9	277	203	74
PCT7007	TO	1821	497	0	0	13	484	370	114
PCT7009	ED	874	46	0	0	1	45	30	15
PCT7009	MV	874	135	0	0	2	133	97	36
PCT7009	TO	874	181	0	0	3	178	127	51
PCT7011	ED	951	66	0	0	2	64	54	10
PCT7011	MV	951	66	0	0	1	65	48	17
PCT7011	TO	951	132	0	0	3	129	102	27
PCT7012	ED	1165	113	0	0	1	112	86	26
PCT7012	MV	1165	143	0	0	1	142	95	47
PCT7012	TO	1165	256	0	0	2	254	181	73
PCT7013	ED	1033	60	0	0	0	60	49	11
PCT7013	MV	1033	124	0	0	0	124	98	26
PCT7013	TO	1033	184	0	0	0	184	147	37
PCT7014	ED	1388	97	0	0	1	96	83	13
PCT7014	MV	1388	173	0	0	6	167	101	66
PCT7014	TO	1388	270	0	0	7	263	184	79
PCT7015	MV	104	14	0	0	0	14	13	1
PCT7015	TO	104	14	0	0	0	14	13	1
PCT7016	ED	912	57	0	0	1	56	39	17
PCT7016	MV	912	84	0	0	3	81	48	33
PCT7016	TO	912	141	0	0	4	137	87	50
PCT7017	ED	781	32	0	0	3	29	28	1
PCT7017	MV	781	62	0	0	1	61	54	7
PCT7017	TO	781	94	0	0	4	90	82	8
PCT7019	ED	1908	90	0	0	2	88	72	16
PCT7019	MV	1908	308	0	0	3	305	176	129
PCT7019	TO	1908	398	0	0	5	393	248	145
PCT7021	ED	955	68	0	0	3	65	56	9
PCT7021	MV	955	95	0	0	1	94	75	19
PCT7021	TO	955	163	0	0	4	159	131	28
PCT7022	ED	943	78	0	0	2	76	65	11
PCT7022	MV	943	122	0	0	4	118	80	38
PCT7022	TO	943	200	0	0	6	194	145	49
PCT7024	ED	448	14	0	0	0	14	12	2
PCT7024	MV	448	24	0	0	0	24	23	1
PCT7024	TO	448	38	0	0	0	38	35	3
PCT7025	ED	473	23	0	0	0	23	19	4
PCT7025	MV	473	36	0	0	1	35	32	3
PCT7025	TO	473	59	0	0	1	58	51	7
PCT7026	ED	1009	46	0	0	1	45	35	10
PCT7026	MV	1009	164	0	0	3	161	93	68
PCT7026	TO	1009	210	0	0	4	206	128	78
PCT7027	ED	883	67	0	0	0	67	50	17
PCT7027	MV	883	127	0	0	3	124	76	48
PCT7027	TO	883	194	0	0	3	191	126	65
PCT7028	ED	849	77	0	0	1	76	62	14
PCT7028	MV	849	78	0	0	3	75	58	17
PCT7028	TO	849	155	0	0	4	151	120	31
PCT7029	ED	1812	100	0	0	1	99	91	8
PCT7029	MV	1812	207	0	0	4	203	151	52
PCT7029	TO	1812	307	0	0	5	302	242	60
PCT7030	ED	787	46	0	0	1	45	26	19
PCT7030	MV	787	133	0	0	6	127	51	76
PCT7030	TO	787	179	0	0	7	172	77	95
PCT7031	ED	680	24	0	0	1	23	20	3
PCT7031	MV	680	124	0	0	2	122	85	37
PCT7031	TO	680	148	0	0	3	145	105	40
PCT7032	ED	876	48	0	0	2	46	38	8
PCT7032	MV	876	106	0	0	2	104	70	34
PCT7032	TO	876	154	0	0	4	150	108	42
PCT7033	ED	770	61	0	0	3	58	47	11
PCT7033	MV	770	83	0	0	2	81	57	24
PCT7033	TO	770	144	0	0	5	139	104	35
PCT7034	ED	954	33	0	0	1	32	25	7
PCT7034	MV	954	57	0	0	3	54	49	5
PCT7034	TO	954	90	0	0	4	86	74	12
PCT7035	ED	681	26	0	0	1	25	22	3
PCT7035	MV	681	97	0	0	3	94	63	31
PCT7035	TO	681	123	0	0	4	119	85	34
PCT7037	ED	1676	59	0	0	2	57	50	7
PCT7037	MV	1676	144	0	0	3	141	71	70
PCT7037	TO	1676	203	0	0	5	198	121	77
PCT7038	ED	924	34	0	0	1	33	29	4
PCT7038	MV	924	130	0	0	5	125	68	57
PCT7038	TO	924	164	0	0	6	158	97	61
PCT7039	ED	830	71	0	0	2	69	47	22
PCT7039	MV	830	110	0	0	2	108	50	58
PCT7039	TO	830	181	0	0	4	177	97	80
PCT7041	MV	60	11	0	0	0	11	4	7
PCT7041	TO	60	11	0	0	0	11	4	7
PCT7042	ED	1069	67	0	0	1	66	42	24
PCT7042	MV	1069	110	0	0	3	107	59	48
PCT7042	TO	1069	177	0	0	4	173	101	72
PCT7043	ED	961	40	0	0	1	39	28	11
PCT7043	MV	961	106	0	0	2	104	64	40
PCT7043	TO	961	146	0	0	3	143	92	51
PCT7044	ED	844	23	0	0	3	20	19	1
PCT7044	MV	844	61	0	0	3	58	39	19
PCT7044	TO	844	84	0	0	6	78	58	20
PCT7045	ED	783	39	0	0	1	38	26	12
PCT7045	MV	783	143	0	0	4	139	74	65
PCT7045	TO	783	182	0	0	5	177	100	77
PCT7047	ED	1727	73	0	0	3	70	51	19
PCT7047	MV	1727	259	0	0	9	250	113	137
PCT7047	TO	1727	332	0	0	12	320	164	156
PCT7048	ED	870	37	0	0	0	37	26	11
PCT7048	MV	870	120	0	0	2	118	78	40
PCT7048	TO	870	157	0	0	2	155	104	51
PCT7049	ED	815	50	0	0	0	50	36	14
PCT7049	MV	815	123	0	0	3	120	57	63
PCT7049	TO	815	173	0	0	3	170	93	77
PCT7052	ED	878	67	0	0	2	65	51	14
PCT7052	MV	878	131	0	0	6	125	68	57
PCT7052	TO	878	198	0	0	8	190	119	71
PCT7053	ED	568	22	0	0	0	22	15	7
PCT7053	MV	568	85	0	0	3	82	54	28
PCT7053	TO	568	107	0	0	3	104	69	35
PCT7054	ED	1111	60	0	0	5	55	45	10
PCT7054	MV	1111	97	0	0	3	94	60	34
PCT7054	TO	1111	157	0	0	8	149	105	44
PCT7055	ED	799	21	0	0	0	21	16	5
PCT7055	MV	799	119	0	0	2	117	59	58
PCT7055	TO	799	140	0	0	2	138	75	63
PCT7101	MV	152	27	0	1	0	26	21	5
PCT7101	TO	152	27	0	1	0	26	21	5
PCT7202	ED	1747	117	0	0	3	114	80	34
PCT7202	MV	1747	266	0	0	6	260	153	107
PCT7202	TO	1747	383	0	0	9	374	233	141
PCT7203	ED	867	83	0	1	2	80	60	20
PCT7203	MV	867	85	0	0	7	78	59	19
PCT7203	TO	867	168	0	1	9	158	119	39
PCT7204	ED	890	73	0	0	2	71	52	19
PCT7204	MV	890	154	0	0	8	146	82	64
PCT7204	TO	890	227	0	0	10	217	134	83
PCT7205	ED	862	85	0	0	2	83	58	25
PCT7205	MV	862	135	0	0	4	131	85	46
PCT7205	TO	862	220	0	0	6	214	143	71
PCT7207	ED	1483	87	0	0	3	84	71	13
PCT7207	MV	1483	316	0	0	4	312	209	103
PCT7207	TO	1483	403	0	0	7	396	280	116
PCT7208	ED	560	36	0	0	2	34	30	4
PCT7208	MV	560	103	0	0	6	97	61	36
PCT7208	TO	560	139	0	0	8	131	91	40
PCT7301	ED	1993	161	0	0	5	156	120	36
PCT7301	MV	1993	297	0	0	6	291	201	90
PCT7301	TO	1993	458	0	0	11	447	321	126
PCT7302	ED	838	81	0	0	0	81	59	22
PCT7302	MV	838	200	0	0	11	189	130	59
PCT7302	TO	838	281	0	0	11	270	189	81
PCT7305	ED	1633	161	0	0	3	158	112	46
PCT7305	MV	1633	248	0	0	8	240	165	75
PCT7305	TO	1633	409	0	0	11	398	277	121
PCT7306	ED	2083	166	0	0	5	161	124	37
PCT7306	MV	2083	259	0	1	7	251	140	111
PCT7306	TO	2083	425	0	1	12	412	264	148
PCT7308	ED	614	75	0	0	0	75	57	18
PCT7308	MV	614	93	0	0	1	92	58	34
PCT7308	TO	614	168	0	0	1	167	115	52
PCT7311	ED	866	89	0	0	2	87	75	12
PCT7311	MV	866	123	0	0	6	117	76	41
PCT7311	TO	866	212	0	0	8	204	151	53
PCT7312	ED	801	69	0	0	2	67	44	23
PCT7312	MV	801	158	0	0	9	149	98	51
PCT7312	TO	801	227	0	0	11	216	142	74
PCT7314	ED	1749	106	0	0	6	100	75	25
PCT7314	MV	1749	286	0	0	16	270	212	58
PCT7314	TO	1749	392	0	0	22	370	287	83
PCT7315	ED	1584	130	0	0	2	128	108	20
PCT7315	MV	1584	200	0	0	3	197	134	63
PCT7315	TO	1584	330	0	0	5	325	242	83
PCT7317	ED	875	59	0	0	2	57	49	8
PCT7317	MV	875	188	0	0	4	184	125	59
PCT7317	TO	875	247	0	0	6	241	174	67
PCT7318	ED	1567	109	0	0	2	107	74	33
PCT7318	MV	1567	244	0	0	11	233	169	64
PCT7318	TO	1567	353	0	0	13	340	243	97
PCT7321	ED	1533	57	0	0	0	57	43	14
PCT7321	MV	1533	269	0	0	8	261	203	58
PCT7321	TO	1533	326	0	0	8	318	246	72
PCT7323	ED	1967	149	0	0	2	147	107	40
PCT7323	MV	1967	241	0	0	6	235	162	73
PCT7323	TO	1967	390	0	0	8	382	269	113
PCT7325	ED	1588	104	0	0	2	102	79	23
PCT7325	MV	1588	202	0	1	3	198	136	62
PCT7325	TO	1588	306	0	1	5	300	215	85
PCT7326	ED	1709	123	0	0	4	119	85	34
PCT7326	MV	1709	285	0	0	9	276	182	94
PCT7326	TO	1709	408	0	0	13	395	267	128
PCT7327	ED	668	26	0	0	2	24	20	4
PCT7327	MV	668	166	0	0	6	160	122	38
PCT7327	TO	668	192	0	0	8	184	142	42
PCT7328	ED	985	33	0	0	0	33	26	7
PCT7328	MV	985	234	0	0	11	223	179	44
PCT7328	TO	985	267	0	0	11	256	205	51
PCT7329	ED	638	31	0	0	1	30	22	8
PCT7329	MV	638	120	0	0	4	116	78	38
PCT7329	TO	638	151	0	0	5	146	100	46
PCT7331	ED	850	102	0	0	0	102	64	38
PCT7331	MV	850	181	0	0	9	172	116	56
PCT7331	TO	850	283	0	0	9	274	180	94
PCT7332	ED	1601	145	0	0	7	138	121	17
PCT7332	MV	1601	224	0	0	2	222	177	45
PCT7332	TO	1601	369	0	0	9	360	298	62
PCT7333	ED	1930	151	0	0	4	147	111	36
PCT7333	MV	1930	264	0	0	15	249	175	74
PCT7333	TO	1930	415	0	0	19	396	286	110
PCT7336	ED	2021	168	0	0	2	166	127	39
PCT7336	MV	2021	270	0	0	9	261	171	90
PCT7336	TO	2021	438	0	0	11	427	298	129
PCT7338	ED	1783	119	0	0	5	114	90	24
PCT7338	MV	1783	356	0	0	8	348	265	83
PCT7338	TO	1783	475	0	0	13	462	355	107
PCT7339	ED	1588	131	0	0	2	129	106	23
PCT7339	MV	1588	224	0	0	7	217	163	54
PCT7339	TO	1588	355	0	0	9	346	269	77
PCT7342	ED	909	133	0	0	3	130	96	34
PCT7342	MV	909	114	0	0	0	114	77	37
PCT7342	TO	909	247	0	0	3	244	173	71
PCT7343	ED	706	66	0	0	4	62	50	12
PCT7343	MV	706	64	0	0	0	64	48	16
PCT7343	TO	706	130	0	0	4	126	98	28
PCT7344	ED	1052	93	0	0	3	90	72	18
PCT7344	MV	1052	157	0	0	2	155	100	55
PCT7344	TO	1052	250	0	0	5	245	172	73
PCT7346	ED	879	82	0	0	1	81	67	14
PCT7346	MV	879	89	0	0	1	88	64	24
PCT7346	TO	879	171	0	0	2	169	131	38
PCT7348	ED	1826	121	0	0	4	117	102	15
PCT7348	MV	1826	258	0	0	8	250	210	40
PCT7348	TO	1826	379	0	0	12	367	312	55
PCT7502	ED	779	66	0	0	0	66	49	17
PCT7502	MV	779	124	0	0	4	120	83	37
PCT7502	TO	779	190	0	0	4	186	132	54
PCT7503	ED	725	56	0	0	3	53	44	9
PCT7503	MV	725	96	0	0	5	91	71	20
PCT7503	TO	725	152	0	0	8	144	115	29
PCT7504	ED	1019	95	0	0	4	91	68	23
PCT7504	MV	1019	142	0	0	8	134	86	48
PCT7504	TO	1019	237	0	0	12	225	154	71
PCT7505	ED	851	78	0	0	4	74	67	7
PCT7505	MV	851	250	0	1	6	243	201	42
PCT7505	TO	851	328	0	1	10	317	268	49
PCT7506	ED	1913	135	0	0	2	133	120	13
PCT7506	MV	1913	286	0	0	8	278	216	62
PCT7506	TO	1913	421	0	0	10	411	336	75
PCT7508	ED	720	75	0	0	1	74	56	18
PCT7508	MV	720	161	0	0	8	153	104	49
PCT7508	TO	720	236	0	0	9	227	160	67
PCT7509	ED	914	100	0	0	4	96	85	11
PCT7509	MV	914	164	0	0	8	156	120	36
PCT7509	TO	914	264	0	0	12	252	205	47
PCT7512	ED	588	58	0	0	1	57	47	10
PCT7512	MV	588	117	0	0	4	113	84	29
PCT7512	TO	588	175	0	0	5	170	131	39
PCT7513	ED	784	78	0	0	4	74	69	5
PCT7513	MV	784	108	0	0	1	107	93	14
PCT7513	TO	784	186	0	0	5	181	162	19
PCT7514	ED	901	54	0	0	3	51	48	3
PCT7514	MV	901	142	0	0	6	136	118	18
PCT7514	TO	901	196	0	0	9	187	166	21
PCT7515	ED	852	70	0	0	4	66	63	3
PCT7515	MV	852	102	0	0	4	98	80	18
PCT7515	TO	852	172	0	0	8	164	143	21
PCT7516	ED	906	89	0	0	2	87	71	16
PCT7516	MV	906	189	0	0	8	181	139	42
PCT7516	TO	906	278	0	0	10	268	210	58
PCT7518	ED	1754	221	0	0	6	215	173	42
PCT7518	MV	1754	218	0	1	8	209	162	47
PCT7518	TO	1754	439	0	1	14	424	335	89
PCT7519	ED	709	88	0	0	1	87	71	16
PCT7519	MV	709	76	0	0	4	72	55	17
PCT7519	TO	709	164	0	0	5	159	126	33
PCT7521	ED	761	99	0	0	3	96	78	18
PCT7521	MV	761	95	0	0	3	92	80	12
PCT7521	TO	761	194	0	0	6	188	158	30
PCT7522	ED	1464	203	0	0	6	197	176	21
PCT7522	MV	1464	158	0	0	3	155	126	29
PCT7522	TO	1464	361	0	0	9	352	302	50
PCT7524	ED	606	74	0	0	2	72	61	11
PCT7524	MV	606	58	0	0	7	51	42	9
PCT7524	TO	606	132	0	0	9	123	103	20
PCT7525	ED	762	67	0	0	3	64	58	6
PCT7525	MV	762	79	0	0	0	79	66	13
PCT7525	TO	762	146	0	0	3	143	124	19
PCT7526	ED	974	93	0	0	0	93	79	14
PCT7526	MV	974	127	0	1	6	120	95	25
PCT7526	TO	974	220	0	1	6	213	174	39
PCT7527	ED	689	95	0	0	4	91	80	11
PCT7527	MV	689	95	0	0	5	90	72	18
PCT7527	TO	689	190	0	0	9	181	152	29
PCT7529	ED	906	136	0	0	4	132	118	14
PCT7529	MV	906	121	0	0	3	118	91	27
PCT7529	TO	906	257	0	0	7	250	209	41
PCT7531	ED	839	74	0	0	1	73	66	7
PCT7531	MV	839	86	0	0	3	83	76	7
PCT7531	TO	839	160	0	0	4	156	142	14
PCT7532	ED	792	90	0	0	2	88	69	19
PCT7532	MV	792	109	0	0	2	107	85	22
PCT7532	TO	792	199	0	0	4	195	154	41
PCT7533	ED	936	169	0	0	3	166	146	20
PCT7533	MV	936	100	0	0	2	98	72	26
PCT7533	TO	936	269	0	0	5	264	218	46
PCT7534	ED	881	116	0	0	4	112	101	11
PCT7534	MV	881	85	0	0	4	81	64	17
PCT7534	TO	881	201	0	0	8	193	165	28
PCT7536	ED	1594	243	0	0	3	240	216	24
PCT7536	MV	1594	229	0	0	5	224	185	39
PCT7536	TO	1594	472	0	0	8	464	401	63
PCT7537	ED	1472	218	0	0	2	216	184	32
PCT7537	MV	1472	179	0	0	4	175	132	43
PCT7537	TO	1472	397	0	0	6	391	316	75
PCT7539	ED	906	180	0	0	7	173	159	14
PCT7539	MV	906	84	0	0	0	84	69	15
PCT7539	TO	906	264	0	0	7	257	228	29
PCT7541	ED	769	100	0	0	0	100	88	12
PCT7541	MV	769	100	0	0	0	100	72	28
PCT7541	TO	769	200	0	0	0	200	160	40
PCT7543	ED	1718	204	0	0	4	200	178	22
PCT7543	MV	1718	201	0	0	7	194	160	34
PCT7543	TO	1718	405	0	0	11	394	338	56
PCT7544	ED	892	112	0	0	2	110	96	14
PCT7544	MV	892	120	0	0	1	119	102	17
PCT7544	TO	892	232	0	0	3	229	198	31
PCT7545	ED	877	110	0	0	2	108	94	14
PCT7545	MV	877	116	0	0	3	113	93	20
PCT7545	TO	877	226	0	0	5	221	187	34
PCT7546	ED	1900	271	0	0	4	267	237	30
PCT7546	MV	1900	248	0	0	8	240	193	47
PCT7546	TO	1900	519	0	0	12	507	430	77
PCT7548	ED	1027	149	0	0	3	146	128	18
PCT7548	MV	1027	140	0	0	2	138	107	31
PCT7548	TO	1027	289	0	0	5	284	235	49
PCT7549	ED	799	99	0	0	2	97	83	14
PCT7549	MV	799	133	0	0	2	131	102	29
PCT7549	TO	799	232	0	0	4	228	185	43
PCT7552	ED	685	97	0	0	1	96	80	16
PCT7552	MV	685	86	0	0	2	84	73	11
PCT7552	TO	685	183	0	0	3	180	153	27
PCT7553	MV	182	33	0	0	3	30	24	6
PCT7553	TO	182	33	0	0	3	30	24	6
PCT7554	ED	795	108	0	0	1	107	84	23
PCT7554	MV	795	129	0	0	3	126	101	25
PCT7554	TO	795	237	0	0	4	233	185	48
PCT7555	ED	1584	271	0	0	5	266	226	40
PCT7555	MV	1584	228	0	0	4	224	176	48
PCT7555	TO	1584	499	0	0	9	490	402	88
PCT7556	ED	958	113	0	0	3	110	84	26
PCT7556	MV	958	151	0	0	1	150	113	37
PCT7556	TO	958	264	0	0	4	260	197	63
PCT7601	ED	677	61	0	0	4	57	46	11
PCT7601	MV	677	81	0	0	0	81	68	13
PCT7601	TO	677	142	0	0	4	138	114	24
PCT7602	ED	1659	136	0	0	4	132	111	21
PCT7602	MV	1659	186	0	0	6	180	155	25
PCT7602	TO	1659	322	0	0	10	312	266	46
PCT7605	ED	1508	77	0	0	0	77	72	5
PCT7605	MV	1508	317	0	0	12	305	267	38
PCT7605	TO	1508	394	0	0	12	382	339	43
PCT7606	ED	887	63	0	0	1	62	57	5
PCT7606	MV	887	76	0	0	0	76	66	10
PCT7606	TO	887	139	0	0	1	138	123	15
PCT7607	ED	900	65	0	0	1	64	55	9
PCT7607	MV	900	131	0	0	3	128	98	30
PCT7607	TO	900	196	0	0	4	192	153	39
PCT7608	ED	1300	81	0	0	3	78	70	8
PCT7608	MV	1300	173	0	0	4	169	146	23
PCT7608	TO	1300	254	0	0	7	247	216	31
PCT7611	ED	763	38	0	0	0	38	32	6
PCT7611	MV	763	135	0	0	5	130	121	9
PCT7611	TO	763	173	0	0	5	168	153	15
PCT7613	ED	1421	101	0	0	7	94	77	17
PCT7613	MV	1421	210	0	0	7	203	163	40
PCT7613	TO	1421	311	0	0	14	297	240	57
PCT7614	ED	932	56	0	0	1	55	47	8
PCT7614	MV	932	94	0	0	2	92	82	10
PCT7614	TO	932	150	0	0	3	147	129	18
PCT7615	ED	745	41	0	0	4	37	35	2
PCT7615	MV	745	108	0	0	7	101	86	15
PCT7615	TO	745	149	0	0	11	138	121	17
PCT7616	ED	1246	58	0	0	1	57	47	10
PCT7616	MV	1246	145	0	0	2	143	109	34
PCT7616	TO	1246	203	0	0	3	200	156	44
PCT7617	ED	737	32	0	0	2	30	25	5
PCT7617	MV	737	122	0	0	5	117	98	19
PCT7617	TO	737	154	0	0	7	147	123	24
PCT7618	ED	873	54	0	0	0	54	41	13
PCT7618	MV	873	116	0	0	3	113	77	36
PCT7618	TO	873	170	0	0	3	167	118	49
PCT7619	ED	1055	64	0	0	0	64	56	8
PCT7619	MV	1055	142	0	0	6	136	89	47
PCT7619	TO	1055	206	0	0	6	200	145	55
PCT7621	ED	1064	60	0	0	0	60	46	14
PCT7621	MV	1064	133	0	0	1	132	92	40
PCT7621	TO	1064	193	0	0	1	192	138	54
PCT7622	ED	923	44	0	0	2	42	36	6
PCT7622	MV	923	88	0	0	1	87	75	12
PCT7622	TO	923	132	0	0	3	129	111	18
PCT7623	ED	965	68	0	0	1	67	61	6
PCT7623	MV	965	97	0	0	4	93	80	13
PCT7623	TO	965	165	0	0	5	160	141	19
PCT7624	ED	835	46	0	0	1	45	40	5
PCT7624	MV	835	105	0	0	5	100	91	9
PCT7624	TO	835	151	0	0	6	145	131	14
PCT7625	ED	809	23	0	0	0	23	19	4
PCT7625	MV	809	322	0	0	24	298	261	37
PCT7625	TO	809	345	0	0	24	321	280	41
PCT7626	ED	1037	47	0	0	0	47	38	9
PCT7626	MV	1037	160	0	0	1	159	99	60
PCT7626	TO	1037	207	0	0	1	206	137	69
PCT7628	ED	933	69	0	0	3	66	59	7
PCT7628	MV	933	83	0	0	2	81	58	23
PCT7628	TO	933	152	0	0	5	147	117	30
PCT7629	ED	847	61	0	0	1	60	50	10
PCT7629	MV	847	79	0	0	4	75	49	26
PCT7629	TO	847	140	0	0	5	135	99	36
PCT7632	ED	1112	60	0	0	0	60	50	10
PCT7632	MV	1112	124	0	1	5	118	82	36
PCT7632	TO	1112	184	0	1	5	178	132	46
PCT7633	ED	1902	109	0	0	3	106	81	25
PCT7633	MV	1902	289	0	0	8	281	195	86
PCT7633	TO	1902	398	0	0	11	387	276	111
PCT7634	ED	864	63	0	0	6	57	45	12
PCT7634	MV	864	169	0	0	8	161	137	24
PCT7634	TO	864	232	0	0	14	218	182	36
PCT7635	ED	821	41	0	0	0	41	28	13
PCT7635	MV	821	79	0	0	1	78	57	21
PCT7635	TO	821	120	0	0	1	119	85	34
PCT7636	ED	945	59	0	0	2	57	35	22
PCT7636	MV	945	116	0	0	3	113	71	42
PCT7636	TO	945	175	0	0	5	170	106	64
PCT7637	ED	841	44	0	0	0	44	30	14
PCT7637	MV	841	133	0	0	1	132	66	66
PCT7637	TO	841	177	0	0	1	176	96	80
PCT7638	ED	1467	67	0	0	2	65	28	37
PCT7638	MV	1467	239	0	0	9	230	119	111
PCT7638	TO	1467	306	0	0	11	295	147	148
PCT7639	ED	1935	103	0	0	3	100	69	31
PCT7639	MV	1935	314	0	1	8	305	193	112
PCT7639	TO	1935	417	0	1	11	405	262	143
PCT7642	ED	946	60	0	0	2	58	46	12
PCT7642	MV	946	80	0	0	7	73	44	29
PCT7642	TO	946	140	0	0	9	131	90	41
PCT7643	ED	927	68	0	0	2	66	57	9
PCT7643	MV	927	180	0	0	4	176	127	49
PCT7643	TO	927	248	0	0	6	242	184	58
PCT7644	ED	1111	60	0	0	0	60	51	9
PCT7644	MV	1111	110	0	0	2	108	69	39
PCT7644	TO	1111	170	0	0	2	168	120	48
PCT7645	ED	626	28	0	0	1	27	19	8
PCT7645	MV	626	119	0	0	3	116	69	47
PCT7645	TO	626	147	0	0	4	143	88	55
PCT7646	ED	1090	41	0	0	1	40	31	9
PCT7646	MV	1090	172	0	0	0	172	113	59
PCT7646	TO	1090	213	0	0	1	212	144	68
PCT7647	ED	968	46	0	0	0	46	41	5
PCT7647	MV	968	58	0	0	0	58	45	13
PCT7647	TO	968	104	0	0	0	104	86	18
PCT7648	MV	2	0	0	0	0	0	0	0
PCT7648	TO	2	0	0	0	0	0	0	0
PCT7649	ED	888	44	0	0	1	43	33	10
PCT7649	MV	888	114	0	0	3	111	82	29
PCT7649	TO	888	158	0	0	4	154	115	39
PCT7651	ED	830	29	0	0	2	27	18	9
PCT7651	MV	830	113	0	0	2	111	71	40
PCT7651	TO	830	142	0	0	4	138	89	49
PCT7652	ED	596	38	0	0	1	37	24	13
PCT7652	MV	596	78	0	0	2	76	57	19
PCT7652	TO	596	116	0	0	3	113	81	32
PCT7653	ED	1373	52	0	0	1	51	41	10
PCT7653	MV	1373	149	0	0	0	149	99	50
PCT7653	TO	1373	201	0	0	1	200	140	60
PCT7655	ED	1150	38	0	0	2	36	27	9
PCT7655	MV	1150	150	0	0	5	145	94	51
PCT7655	TO	1150	188	0	0	7	181	121	60
PCT7701	ED	1035	113	0	0	0	113	88	25
PCT7701	MV	1035	155	0	0	1	154	92	62
PCT7701	TO	1035	268	0	0	1	267	180	87
PCT7703	MV	178	32	0	0	0	32	29	3
PCT7703	TO	178	32	0	0	0	32	29	3
PCT7704	ED	1723	201	0	0	6	195	113	82
PCT7704	MV	1723	300	0	0	8	292	143	149
PCT7704	TO	1723	501	0	0	14	487	256	231
PCT7705	ED	570	67	0	0	0	67	36	31
PCT7705	MV	570	120	0	0	4	116	53	63
PCT7705	TO	570	187	0	0	4	183	89	94
PCT7706	ED	839	120	0	0	2	118	71	47
PCT7706	MV	839	146	0	0	5	141	77	64
PCT7706	TO	839	266	0	0	7	259	148	111
PCT7707	ED	861	119	0	0	3	116	74	42
PCT7707	MV	861	170	0	0	5	165	102	63
PCT7707	TO	861	289	0	0	8	281	176	105
PCT7708	ED	881	92	0	0	2	90	62	28
PCT7708	MV	881	181	0	0	7	174	94	80
PCT7708	TO	881	273	0	0	9	264	156	108
PCT7709	ED	395	65	0	0	1	64	54	10
PCT7709	MV	395	68	0	0	1	67	43	24
PCT7709	TO	395	133	0	0	2	131	97	34
PCT7712	ED	1308	145	0	0	2	143	110	33
PCT7712	MV	1308	185	0	0	3	182	109	73
PCT7712	TO	1308	330	0	0	5	325	219	106
PCT7801	ED	968	110	0	0	3	107	84	23
PCT7801	MV	968	170	0	0	3	167	119	48
PCT7801	TO	968	280	0	0	6	274	203	71
PCT7802	ED	788	107	0	0	0	107	86	21
PCT7802	MV	788	137	0	0	6	131	91	40
PCT7802	TO	788	244	0	0	6	238	177	61
PCT7803	ED	822	67	0	0	3	64	52	12
PCT7803	MV	822	198	0	0	6	192	131	61
PCT7803	TO	822	265	0	0	9	256	183	73
PCT7805	ED	1683	205	0	1	2	202	169	33
PCT7805	MV	1683	303	0	0	4	299	206	93
PCT7805	TO	1683	508	0	1	6	501	375	126
PCT7807	ED	796	125	0	0	1	124	110	14
PCT7807	MV	796	106	0	0	3	103	79	24
PCT7807	TO	796	231	0	0	4	227	189	38
PCT7808	ED	1377	206	0	0	3	203	166	37
PCT7808	MV	1377	169	0	0	4	165	133	32
PCT7808	TO	1377	375	0	0	7	368	299	69
PCT7809	ED	770	89	0	0	3	86	78	8
PCT7809	MV	770	115	0	0	4	111	86	25
PCT7809	TO	770	204	0	0	7	197	164	33
PCT7811	ED	726	97	0	0	0	97	85	12
PCT7811	MV	726	61	0	0	3	58	45	13
PCT7811	TO	726	158	0	0	3	155	130	25
PCT7812	ED	871	107	0	0	5	102	80	22
PCT7812	MV	871	120	0	0	2	118	101	17
PCT7812	TO	871	227	0	0	7	220	181	39
PCT7813	ED	1037	153	0	0	0	153	125	28
PCT7813	MV	1037	156	0	0	3	153	119	34
PCT7813	TO	1037	309	0	0	3	306	244	62
PCT7814	ED	887	80	0	0	1	79	67	12
PCT7814	MV	887	91	0	1	3	87	72	15
PCT7814	TO	887	171	0	1	4	166	139	27
PCT7815	ED	1779	190	0	0	2	188	147	41
PCT7815	MV	1779	316	0	0	7	309	221	88
PCT7815	TO	1779	506	0	0	9	497	368	129
PCT7817	ED	1641	225	0	0	2	223	192	31
PCT7817	MV	1641	267	0	0	1	266	214	52
PCT7817	TO	1641	492	0	0	3	489	406	83
PCT7819	ED	1585	181	0	0	2	179	151	28
PCT7819	MV	1585	221	0	0	8	213	163	50
PCT7819	TO	1585	402	0	0	10	392	314	78
PCT7821	ED	965	134	0	0	1	133	101	32
PCT7821	MV	965	156	0	0	5	151	109	42
PCT7821	TO	965	290	0	0	6	284	210	74
PCT7822	ED	1748	263	0	0	1	262	216	46
PCT7822	MV	1748	289	0	0	5	284	223	61
PCT7822	TO	1748	552	0	0	6	546	439	107
PCT7824	ED	1353	175	0	0	3	172	143	29
PCT7824	MV	1353	169	0	0	8	161	129	32
PCT7824	TO	1353	344	0	0	11	333	272	61
PCT7826	ED	661	107	0	0	3	104	89	15
PCT7826	MV	661	60	0	0	1	59	53	6
PCT7826	TO	661	167	0	0	4	163	142	21
PCT7828	ED	997	105	0	0	2	103	80	23
PCT7828	MV	997	138	0	0	5	133	85	48
PCT7828	TO	997	243	0	0	7	236	165	71
PCT7829	ED	884	113	0	0	1	112	87	25
PCT7829	MV	884	155	0	0	4	151	108	43
PCT7829	TO	884	268	0	0	5	263	195	68
PCT7832	ED	773	77	0	0	2	75	61	14
PCT7832	MV	773	153	0	0	6	147	110	37
PCT7832	TO	773	230	0	0	8	222	171	51
PCT7834	ED	1593	199	0	0	3	196	168	28
PCT7834	MV	1593	197	0	0	0	197	158	39
PCT7834	TO	1593	396	0	0	3	393	326	67
PCT7835	ED	847	77	0	0	0	77	63	14
PCT7835	MV	847	141	0	0	2	139	78	61
PCT7835	TO	847	218	0	0	2	216	141	75
PCT7836	ED	1011	108	0	0	0	108	91	17
PCT7836	MV	1011	179	0	0	5	174	121	53
PCT7836	TO	1011	287	0	0	5	282	212	70
PCT7837	ED	1784	238	0	0	2	236	184	52
PCT7837	MV	1784	305	0	0	10	295	200	95
PCT7837	TO	1784	543	0	0	12	531	384	147
PCT7839	ED	1718	176	0	0	2	174	136	38
PCT7839	MV	1718	330	0	0	8	322	238	84
PCT7839	TO	1718	506	0	0	10	496	374	122
PCT7841	ED	1778	277	0	0	4	273	222	51
PCT7841	MV	1778	218	0	0	4	214	175	39
PCT7841	TO	1778	495	0	0	8	487	397	90
PCT7843	ED	719	108	0	0	1	107	94	13
PCT7843	MV	719	92	0	0	4	88	68	20
PCT7843	TO	719	200	0	0	5	195	162	33
PCT7844	ED	630	77	0	0	1	76	65	11
PCT7844	MV	630	84	0	0	1	83	66	17
PCT7844	TO	630	161	0	0	2	159	131	28
PCT7845	ED	870	107	0	0	1	106	73	33
PCT7845	MV	870	142	0	0	3	139	106	33
PCT7845	TO	870	249	0	0	4	245	179	66
PCT7846	ED	888	103	0	0	0	103	75	28
PCT7846	MV	888	124	0	0	4	120	78	42
PCT7846	TO	888	227	0	0	4	223	153	70
PCT7847	ED	1718	225	0	0	5	220	173	47
PCT7847	MV	1718	259	0	1	8	250	186	64
PCT7847	TO	1718	484	0	1	13	470	359	111
PCT7849	ED	887	126	0	0	1	125	108	17
PCT7849	MV	887	143	0	0	1	142	100	42
PCT7849	TO	887	269	0	0	2	267	208	59
PCT7852	ED	1153	130	0	0	3	127	74	53
PCT7852	MV	1153	235	0	0	6	229	149	80
PCT7852	TO	1153	365	0	0	9	356	223	133
PCT7853	ED	1736	183	0	0	2	181	134	47
PCT7853	MV	1736	281	0	0	10	271	191	80
PCT7853	TO	1736	464	0	0	12	452	325	127
PCT7854	ED	866	109	0	0	5	104	89	15
PCT7854	MV	866	129	0	0	1	128	92	36
PCT7854	TO	866	238	0	0	6	232	181	51
PCT7855	ED	1775	243	0	0	2	241	203	38
PCT7855	MV	1775	241	0	0	6	235	173	62
PCT7855	TO	1775	484	0	0	8	476	376	100
PCT7858	ED	1646	199	0	0	3	196	171	25
PCT7858	MV	1646	205	0	0	7	198	159	39
PCT7858	TO	1646	404	0	0	10	394	330	64
PCT7861	ED	854	111	0	0	1	110	86	24
PCT7861	MV	854	138	0	0	5	133	93	40
PCT7861	TO	854	249	0	0	6	243	179	64
PCT7862	ED	857	132	0	0	2	130	102	28
PCT7862	MV	857	120	0	0	7	113	81	32
PCT7862	TO	857	252	0	0	9	243	183	60
PCT7863	ED	881	127	0	0	1	126	100	26
PCT7863	MV	881	98	0	0	4	94	65	29
PCT7863	TO	881	225	0	0	5	220	165	55
PCT7864	ED	804	96	0	0	0	96	84	12
PCT7864	MV	804	111	0	0	4	107	72	35
PCT7864	TO	804	207	0	0	4	203	156	47
PCT7866	ED	822	113	0	0	2	111	82	29
PCT7866	MV	822	193	0	0	2	191	105	86
PCT7866	TO	822	306	0	0	4	302	187	115
PCT7867	ED	969	124	0	0	4	120	94	26
PCT7867	MV	969	145	0	0	3	142	98	44
PCT7867	TO	969	269	0	0	7	262	192	70
PCT7868	ED	870	117	0	0	3	114	85	29
PCT7868	MV	870	127	0	0	2	125	86	39
PCT7868	TO	870	244	0	0	5	239	171	68
PCT7869	ED	863	109	0	0	5	104	86	18
PCT7869	MV	863	147	0	0	2	145	112	33
PCT7869	TO	863	256	0	0	7	249	198	51
PCT7871	ED	877	125	0	0	2	123	90	33
PCT7871	MV	877	133	0	0	1	132	98	34
PCT7871	TO	877	258	0	0	3	255	188	67
PCT7872	ED	863	134	0	0	3	131	89	42
PCT7872	MV	863	144	0	0	4	140	96	44
PCT7872	TO	863	278	0	0	7	271	185	86
PCT7873	ED	1688	227	0	0	7	220	187	33
PCT7873	MV	1688	278	0	0	3	275	199	76
PCT7873	TO	1688	505	0	0	10	495	386	109
PCT7874	ED	474	55	0	0	2	53	41	12
PCT7874	MV	474	56	0	0	1	55	36	19
PCT7874	TO	474	111	0	0	3	108	77	31
PCT7875	ED	624	63	0	0	2	61	50	11
PCT7875	MV	624	84	0	0	2	82	51	31
PCT7875	TO	624	147	0	0	4	143	101	42
PCT7876	ED	523	49	0	0	0	49	40	9
PCT7876	MV	523	93	0	0	0	93	76	17
PCT7876	TO	523	142	0	0	0	142	116	26
PCT7902	ED	1729	159	0	0	1	158	133	25
PCT7902	MV	1729	184	0	0	3	181	138	43
PCT7902	TO	1729	343	0	0	4	339	271	68
PCT7903	ED	826	102	0	0	3	99	94	5
PCT7903	MV	826	83	0	0	5	78	65	13
PCT7903	TO	826	185	0	0	8	177	159	18
PCT7905	ED	880	115	0	0	2	113	89	24
PCT7905	MV	880	114	0	0	3	111	72	39
PCT7905	TO	880	229	0	0	5	224	161	63
PCT7906	ED	757	75	0	0	0	75	68	7
PCT7906	MV	757	67	0	0	1	66	55	11
PCT7906	TO	757	142	0	0	1	141	123	18
PCT7908	ED	1907	203	0	0	1	202	179	23
PCT7908	MV	1907	223	0	0	6	217	178	39
PCT7908	TO	1907	426	0	0	7	419	357	62
PCT7909	ED	718	96	0	0	1	95	82	13
PCT7909	MV	718	68	0	0	1	67	53	14
PCT7909	TO	718	164	0	0	2	162	135	27
PCT7911	ED	845	91	0	0	1	90	82	8
PCT7911	MV	845	82	0	0	2	80	58	22
PCT7911	TO	845	173	0	0	3	170	140	30
PCT7912	ED	1940	230	0	0	5	225	195	30
PCT7912	MV	1940	197	0	0	5	192	153	39
PCT7912	TO	1940	427	0	0	10	417	348	69
PCT7915	ED	1692	201	0	0	2	199	175	24
PCT7915	MV	1692	142	0	0	3	139	112	27
PCT7915	TO	1692	343	0	0	5	338	287	51
PCT7916	ED	842	119	0	0	0	119	109	10
PCT7916	MV	842	85	0	0	2	83	72	11
PCT7916	TO	842	204	0	0	2	202	181	21
PCT7917	ED	1823	232	0	1	2	229	206	23
PCT7917	MV	1823	178	0	0	2	176	147	29
PCT7917	TO	1823	410	0	1	4	405	353	52
PCT7918	ED	798	96	0	0	3	93	81	12
PCT7918	MV	798	61	0	0	1	60	50	10
PCT7918	TO	798	157	0	0	4	153	131	22
PCT7921	ED	1729	158	0	0	3	155	139	16
PCT7921	MV	1729	191	0	0	3	188	142	46
PCT7921	TO	1729	349	0	0	6	343	281	62
PCT7923	ED	1708	173	0	0	0	173	144	29
PCT7923	MV	1708	196	0	0	4	192	131	61
PCT7923	TO	1708	369	0	0	4	365	275	90
PCT7925	ED	530	58	0	0	0	58	50	8
PCT7925	MV	530	66	0	0	3	63	48	15
PCT7925	TO	530	124	0	0	3	121	98	23
PCT7926	ED	783	114	0	0	3	111	91	20
PCT7926	MV	783	85	0	0	1	84	68	16
PCT7926	TO	783	199	0	0	4	195	159	36
PCT7928	ED	1661	261	0	0	7	254	219	35
PCT7928	MV	1661	205	0	0	4	201	158	43
PCT7928	TO	1661	466	0	0	11	455	377	78
PCT7929	ED	830	117	0	0	2	115	96	19
PCT7929	MV	830	139	0	0	4	135	99	36
PCT7929	TO	830	256	0	0	6	250	195	55
PCT7931	ED	742	96	0	0	2	94	80	14
PCT7931	MV	742	122	0	0	4	118	85	33
PCT7931	TO	742	218	0	0	6	212	165	47
PCT7932	ED	547	68	0	0	2	66	56	10
PCT7932	MV	547	79	0	0	1	78	51	27
PCT7932	TO	547	147	0	0	3	144	107	37
PCT7933	MV	7	2	0	0	0	2	1	1
PCT7933	TO	7	2	0	0	0	2	1	1
PCT7934	ED	866	92	0	0	2	90	73	17
PCT7934	MV	866	124	0	0	4	120	103	17
PCT7934	TO	866	216	0	0	6	210	176	34
PCT7935	ED	927	131	0	0	3	128	108	20
PCT7935	MV	927	143	0	0	5	138	102	36
PCT7935	TO	927	274	0	0	8	266	210	56
PCT7936	ED	1508	285	0	0	4	281	249	32
PCT7936	MV	1508	190	0	0	6	184	152	32
PCT7936	TO	1508	475	0	0	10	465	401	64
PCT7937	ED	899	108	0	0	0	108	96	12
PCT7937	MV	899	97	0	1	0	96	71	25
PCT7937	TO	899	205	0	1	0	204	167	37
PCT7938	ED	758	80	0	0	1	79	73	6
PCT7938	MV	758	91	0	0	0	91	67	24
PCT7938	TO	758	171	0	0	1	170	140	30
PCT7941	ED	752	95	0	0	0	95	83	12
PCT7941	MV	752	100	0	0	3	97	71	26
PCT7941	TO	752	195	0	0	3	192	154	38
PCT7942	ED	923	72	0	0	1	71	56	15
PCT7942	MV	923	124	0	0	7	117	90	27
PCT7942	TO	923	196	0	0	8	188	146	42
PCT7943	ED	1675	215	0	0	3	212	178	34
PCT7943	MV	1675	215	0	0	3	212	147	65
PCT7943	TO	1675	430	0	0	6	424	325	99
PCT7945	ED	940	50	0	0	0	50	44	6
PCT7945	MV	940	115	0	0	4	111	84	27
PCT7945	TO	940	165	0	0	4	161	128	33
PCT7946	ED	1553	111	0	1	2	108	74	34
PCT7946	MV	1553	267	0	0	6	261	145	116
PCT7946	TO	1553	378	0	1	8	369	219	150
PCT7947	ED	960	51	0	0	6	45	29	16
PCT7947	MV	960	157	0	0	2	155	82	73
PCT7947	TO	960	208	0	0	8	200	111	89
PCT7948	ED	918	75	0	0	3	72	50	22
PCT7948	MV	918	146	0	0	4	142	63	79
PCT7948	TO	918	221	0	0	7	214	113	101
PCT7951	ED	1818	98	0	0	2	96	63	33
PCT7951	MV	1818	311	0	0	15	296	147	149
PCT7951	TO	1818	409	0	0	17	392	210	182
PCT7953	ED	824	69	0	0	0	69	40	29
PCT7953	MV	824	132	0	0	4	128	49	79
PCT7953	TO	824	201	0	0	4	197	89	108
PCT7954	MV	1	1	0	0	0	1	1	0
PCT7954	TO	1	1	0	0	0	1	1	0
PCT7956	ED	1759	85	0	0	3	82	48	34
PCT7956	MV	1759	246	0	0	11	235	130	105
PCT7956	TO	1759	331	0	0	14	317	178	139
PCT7957	ED	665	60	0	0	2	58	45	13
PCT7957	MV	665	103	0	0	3	100	70	30
PCT7957	TO	665	163	0	0	5	158	115	43
PCT7958	MV	301	53	0	0	1	52	32	20
PCT7958	TO	301	53	0	0	1	52	32	20
PCT7959	ED	1198	94	0	0	4	90	82	8
PCT7959	MV	1198	147	0	0	1	146	120	26
PCT7959	TO	1198	241	0	0	5	236	202	34
PCT9001	MV	286	50	0	0	0	50	45	5
PCT9001	TO	286	50	0	0	0	50	45	5
PCT9103	ED	946	98	0	0	5	93	60	33
PCT9103	MV	946	124	0	0	4	120	81	39
PCT9103	TO	946	222	0	0	9	213	141	72
PCT9104	ED	993	83	0	0	2	81	61	20
PCT9104	MV	993	141	0	0	5	136	94	42
PCT9104	TO	993	224	0	0	7	217	155	62
PCT9105	ED	1747	185	0	0	3	182	127	55
PCT9105	MV	1747	234	0	0	2	232	148	84
PCT9105	TO	1747	419	0	0	5	414	275	139
PCT9106	ED	935	109	0	0	1	108	84	24
PCT9106	MV	935	112	0	0	4	108	67	41
PCT9106	TO	935	221	0	0	5	216	151	65
PCT9109	ED	1651	202	0	0	4	198	135	63
PCT9109	MV	1651	175	0	0	11	164	113	51
PCT9109	TO	1651	377	0	0	15	362	248	114
PCT9111	ED	809	82	0	0	4	78	58	20
PCT9111	MV	809	98	0	0	2	96	59	37
PCT9111	TO	809	180	0	0	6	174	117	57
PCT9113	ED	997	132	0	0	4	128	86	42
PCT9113	MV	997	127	0	0	2	125	87	38
PCT9113	TO	997	259	0	0	6	253	173	80
PCT9114	ED	1806	173	0	0	1	172	140	32
PCT9114	MV	1806	209	0	0	5	204	133	71
PCT9114	TO	1806	382	0	0	6	376	273	103
PCT9116	ED	1822	194	0	0	6	188	157	31
PCT9116	MV	1822	222	0	0	6	216	131	85
PCT9116	TO	1822	416	0	0	12	404	288	116
PCT9117	ED	1691	202	0	0	5	197	127	70
PCT9117	MV	1691	277	0	0	16	261	144	117
PCT9117	TO	1691	479	0	0	21	458	271	187
PCT9118	ED	1938	171	0	0	3	168	121	47
PCT9118	MV	1938	255	0	0	7	248	130	118
PCT9118	TO	1938	426	0	0	10	416	251	165
PCT9119	ED	899	77	0	0	1	76	48	28
PCT9119	MV	899	139	0	0	2	137	81	56
PCT9119	TO	899	216	0	0	3	213	129	84
PCT9122	ED	1865	148	0	0	6	142	94	48
PCT9122	MV	1865	271	0	0	5	266	145	121
PCT9122	TO	1865	419	0	0	11	408	239	169
PCT9124	ED	1843	179	0	0	3	176	121	55
PCT9124	MV	1843	258	0	0	9	249	142	107
PCT9124	TO	1843	437	0	0	12	425	263	162
PCT9125	ED	879	83	0	0	2	81	65	16
PCT9125	MV	879	114	0	0	1	113	68	45
PCT9125	TO	879	197	0	0	3	194	133	61
PCT9127	ED	1974	213	0	0	4	209	144	65
PCT9127	MV	1974	298	0	0	9	289	170	119
PCT9127	TO	1974	511	0	0	13	498	314	184
PCT9128	ED	814	102	0	0	3	99	69	30
PCT9128	MV	814	111	0	0	2	109	68	41
PCT9128	TO	814	213	0	0	5	208	137	71
PCT9129	ED	1459	128	0	1	2	125	91	34
PCT9129	MV	1459	192	0	0	2	190	106	84
PCT9129	TO	1459	320	0	1	4	315	197	118
PCT9132	ED	805	80	0	0	2	78	62	16
PCT9132	MV	805	86	0	0	1	85	62	23
PCT9132	TO	805	166	0	0	3	163	124	39
PCT9133	ED	1984	203	0	0	4	199	162	37
PCT9133	MV	1984	262	0	0	13	249	175	74
PCT9133	TO	1984	465	0	0	17	448	337	111
PCT9134	ED	891	60	0	0	0	60	46	14
PCT9134	MV	891	117	0	0	7	110	69	41
PCT9134	TO	891	177	0	0	7	170	115	55
PCT9135	ED	802	90	0	0	1	89	52	37
PCT9135	MV	802	127	0	0	1	126	74	52
PCT9135	TO	802	217	0	0	2	215	126	89
PCT9136	ED	900	97	0	0	1	96	66	30
PCT9136	MV	900	106	0	0	4	102	57	45
PCT9136	TO	900	203	0	0	5	198	123	75
PCT9137	ED	999	90	0	0	3	87	52	35
PCT9137	MV	999	131	0	0	2	129	90	39
PCT9137	TO	999	221	0	0	5	216	142	74
PCT9138	ED	929	69	0	0	2	67	37	30
PCT9138	MV	929	126	0	0	2	124	69	55
PCT9138	TO	929	195	0	0	4	191	106	85
PCT9139	ED	986	83	0	0	2	81	52	29
PCT9139	MV	986	150	0	0	4	146	76	70
PCT9139	TO	986	233	0	0	6	227	128	99
PCT9141	ED	1803	187	0	0	4	183	124	59
PCT9141	MV	1803	269	0	0	4	265	163	102
PCT9141	TO	1803	456	0	0	8	448	287	161
PCT9143	ED	895	103	0	0	0	103	66	37
PCT9143	MV	895	141	0	0	1	140	73	67
PCT9143	TO	895	244	0	0	1	243	139	104
PCT9144	ED	958	121	0	0	2	119	91	28
PCT9144	MV	958	140	0	0	1	139	76	63
PCT9144	TO	958	261	0	0	3	258	167	91
PCT9145	ED	851	89	0	0	1	88	67	21
PCT9145	MV	851	101	0	0	3	98	60	38
PCT9145	TO	851	190	0	0	4	186	127	59
PCT9146	ED	1837	209	0	0	1	208	152	56
PCT9146	MV	1837	208	0	0	4	204	135	69
PCT9146	TO	1837	417	0	0	5	412	287	125
PCT9149	ED	957	134	0	1	3	130	101	29
PCT9149	MV	957	108	0	0	0	108	69	39
PCT9149	TO	957	242	0	1	3	238	170	68
PCT9152	ED	1630	123	0	0	1	122	93	29
PCT9152	MV	1630	178	0	0	7	171	115	56
PCT9152	TO	1630	301	0	0	8	293	208	85
PCT9201	ED	950	76	0	0	1	75	67	8
PCT9201	MV	950	74	0	0	0	74	58	16
PCT9201	TO	950	150	0	0	1	149	125	24
PCT9202	ED	977	78	0	0	4	74	56	18
PCT9202	MV	977	75	0	0	0	75	54	21
PCT9202	TO	977	153	0	0	4	149	110	39
PCT9203	ED	984	51	0	0	2	49	26	23
PCT9203	MV	984	118	0	0	3	115	57	58
PCT9203	TO	984	169	0	0	5	164	83	81
PCT9204	ED	855	83	0	0	4	79	44	35
PCT9204	MV	855	99	0	0	5	94	52	42
PCT9204	TO	855	182	0	0	9	173	96	77
PCT9205	ED	1484	103	0	0	5	98	67	31
PCT9205	MV	1484	166	0	0	4	162	103	59
PCT9205	TO	1484	269	0	0	9	260	170	90
PCT9208	ED	1935	136	0	0	3	133	89	44
PCT9208	MV	1935	217	0	0	4	213	112	101
PCT9208	TO	1935	353	0	0	7	346	201	145
PCT9209	ED	742	64	0	0	1	63	38	25
PCT9209	MV	742	93	0	0	2	91	54	37
PCT9209	TO	742	157	0	0	3	154	92	62
PCT9211	ED	1788	140	0	0	9	131	79	52
PCT9211	MV	1788	229	0	0	7	222	112	110
PCT9211	TO	1788	369	0	0	16	353	191	162
PCT9213	ED	927	67	0	0	0	67	45	22
PCT9213	MV	927	129	0	0	2	127	70	57
PCT9213	TO	927	196	0	0	2	194	115	79
PCT9214	ED	633	52	0	0	0	52	31	21
PCT9214	MV	633	90	0	0	3	87	41	46
PCT9214	TO	633	142	0	0	3	139	72	67
PCT9215	ED	641	58	0	0	0	58	39	19
PCT9215	MV	641	94	0	0	4	90	50	40
PCT9215	TO	641	152	0	0	4	148	89	59
PCT9216	ED	818	58	0	1	1	56	37	19
PCT9216	MV	818	81	0	0	4	77	46	31
PCT9216	TO	818	139	0	1	5	133	83	50
PCT9217	ED	704	48	0	0	1	47	30	17
PCT9217	MV	704	88	0	0	2	86	54	32
PCT9217	TO	704	136	0	0	3	133	84	49
PCT9218	ED	805	66	0	0	3	63	47	16
PCT9218	MV	805	98	0	0	3	95	60	35
PCT9218	TO	805	164	0	0	6	158	107	51
PCT9219	ED	1727	142	0	0	0	142	106	36
PCT9219	MV	1727	171	0	0	6	165	103	62
PCT9219	TO	1727	313	0	0	6	307	209	98
PCT9221	ED	638	60	0	0	0	60	41	19
PCT9221	MV	638	136	0	0	1	135	62	73
PCT9221	TO	638	196	0	0	1	195	103	92
PCT9222	ED	886	63	0	0	4	59	34	25
PCT9222	MV	886	145	0	0	5	140	83	57
PCT9222	TO	886	208	0	0	9	199	117	82
PCT9223	ED	651	39	0	0	1	38	27	11
PCT9223	MV	651	108	0	0	2	106	69	37
PCT9223	TO	651	147	0	0	3	144	96	48
PCT9224	ED	928	77	0	0	1	76	44	32
PCT9224	MV	928	151	0	0	1	150	104	46
PCT9224	TO	928	228	0	0	2	226	148	78
PCT9226	ED	892	70	0	0	1	69	40	29
PCT9226	MV	892	129	0	0	4	125	75	50
PCT9226	TO	892	199	0	0	5	194	115	79
PCT9227	ED	713	72	0	0	2	70	45	25
PCT9227	MV	713	117	0	0	1	116	60	56
PCT9227	TO	713	189	0	0	3	186	105	81
PCT9228	ED	740	77	0	0	2	75	44	31
PCT9228	MV	740	105	0	0	1	104	63	41
PCT9228	TO	740	182	0	0	3	179	107	72
PCT9229	ED	574	80	0	0	1	79	48	31
PCT9229	MV	574	82	0	0	1	81	48	33
PCT9229	TO	574	162	0	0	2	160	96	64
PCT9231	ED	954	122	0	0	5	117	93	24
PCT9231	MV	954	115	0	0	0	115	77	38
PCT9231	TO	954	237	0	0	5	232	170	62
PCT9232	ED	716	74	0	0	3	71	46	25
PCT9232	MV	716	101	0	0	3	98	55	43
PCT9232	TO	716	175	0	0	6	169	101	68
PCT9233	ED	814	62	0	0	2	60	45	15
PCT9233	MV	814	126	0	0	4	122	69	53
PCT9233	TO	814	188	0	0	6	182	114	68
PCT9234	ED	747	56	0	0	0	56	36	20
PCT9234	MV	747	105	0	0	4	101	56	45
PCT9234	TO	747	161	0	0	4	157	92	65
PCT9235	ED	1439	127	0	0	5	122	78	44
PCT9235	MV	1439	213	0	0	7	206	123	83
PCT9235	TO	1439	340	0	0	12	328	201	127
PCT9236	ED	659	53	0	0	0	53	36	17
PCT9236	MV	659	110	0	0	2	108	66	42
PCT9236	TO	659	163	0	0	2	161	102	59
PCT9237	ED	874	60	0	0	2	58	40	18
PCT9237	MV	874	126	0	0	6	120	75	45
PCT9237	TO	874	186	0	0	8	178	115	63
PCT9238	ED	1769	122	0	0	5	117	86	31
PCT9238	MV	1769	274	0	0	8	266	166	100
PCT9238	TO	1769	396	0	0	13	383	252	131
PCT9239	ED	866	64	0	0	3	61	41	20
PCT9239	MV	866	156	0	0	4	152	93	59
PCT9239	TO	866	220	0	0	7	213	134	79
PCT9241	ED	968	78	0	0	2	76	51	25
PCT9241	MV	968	141	0	0	4	137	76	61
PCT9241	TO	968	219	0	0	6	213	127	86
PCT9242	ED	1845	121	0	0	0	121	91	30
PCT9242	MV	1845	257	0	0	6	251	158	93
PCT9242	TO	1845	378	0	0	6	372	249	123
PCT9244	ED	881	75	0	0	1	74	54	20
PCT9244	MV	881	96	0	0	6	90	64	26
PCT9244	TO	881	171	0	0	7	164	118	46
PCT9245	ED	1081	104	0	0	4	100	73	27
PCT9245	MV	1081	142	0	0	4	138	95	43
PCT9245	TO	1081	246	0	0	8	238	168	70
PCT9248	ED	870	67	0	0	0	67	45	22
PCT9248	MV	870	99	0	0	4	95	67	28
PCT9248	TO	870	166	0	0	4	162	112	50
PCT9251	ED	1887	220	0	0	4	216	140	76
PCT9251	MV	1887	260	0	0	5	255	168	87
PCT9251	TO	1887	480	0	0	9	471	308	163
PCT9252	ED	918	56	0	0	2	54	37	17
PCT9252	MV	918	113	0	0	4	109	57	52
PCT9252	TO	918	169	0	0	6	163	94	69
PCT9253	ED	752	64	0	0	3	61	44	17
PCT9253	MV	752	124	0	0	6	118	81	37
PCT9253	TO	752	188	0	0	9	179	125	54
PCT9255	ED	1236	119	0	0	2	117	82	35
PCT9255	MV	1236	144	0	0	2	142	93	49
PCT9255	TO	1236	263	0	0	4	259	175	84
PCT9256	ED	1373	112	0	0	2	110	93	17
PCT9256	MV	1373	216	0	0	4	212	161	51
PCT9256	TO	1373	328	0	0	6	322	254	68
PCT9257	MV	311	39	0	0	2	37	28	9
PCT9257	TO	311	39	0	0	2	37	28	9
PCT9401	ED	1015	120	0	0	3	117	99	18
PCT9401	MV	1015	113	0	0	3	110	64	46
PCT9401	TO	1015	233	0	0	6	227	163	64
PCT9402	ED	988	140	0	0	3	137	97	40
PCT9402	MV	988	102	0	0	3	99	47	52
PCT9402	TO	988	242	0	0	6	236	144	92
PCT9404	ED	1814	161	0	0	2	159	112	47
PCT9404	MV	1814	230	0	0	3	227	128	99
PCT9404	TO	1814	391	0	0	5	386	240	146
PCT9405	ED	770	88	0	0	0	88	57	31
PCT9405	MV	770	108	0	0	6	102	57	45
PCT9405	TO	770	196	0	0	6	190	114	76
PCT9406	ED	873	110	0	0	3	107	63	44
PCT9406	MV	873	109	0	0	2	107	65	42
PCT9406	TO	873	219	0	0	5	214	128	86
PCT9407	ED	887	96	0	0	9	87	62	25
PCT9407	MV	887	100	0	0	3	97	56	41
PCT9407	TO	887	196	0	0	12	184	118	66
PCT9408	ED	834	93	0	0	2	91	62	29
PCT9408	MV	834	77	0	0	0	77	51	26
PCT9408	TO	834	170	0	0	2	168	113	55
PCT9409	ED	591	89	0	0	2	87	74	13
PCT9409	MV	591	59	0	0	1	58	42	16
PCT9409	TO	591	148	0	0	3	145	116	29
PCT9411	ED	1842	167	0	0	0	167	121	46
PCT9411	MV	1842	234	0	0	4	230	140	90
PCT9411	TO	1842	401	0	0	4	397	261	136
PCT9413	ED	920	88	0	0	3	85	51	34
PCT9413	MV	920	126	0	0	2	124	68	56
PCT9413	TO	920	214	0	0	5	209	119	90
PCT9415	ED	779	56	0	0	1	55	37	18
PCT9415	MV	779	128	0	0	2	126	69	57
PCT9415	TO	779	184	0	0	3	181	106	75
PCT9416	ED	988	118	0	0	5	113	81	32
PCT9416	MV	988	139	0	0	9	130	67	63
PCT9416	TO	988	257	0	0	14	243	148	95
PCT9418	ED	1561	161	0	0	3	158	91	67
PCT9418	MV	1561	249	0	0	14	235	110	125
PCT9418	TO	1561	410	0	0	17	393	201	192
PCT9419	ED	1790	130	0	0	1	129	79	50
PCT9419	MV	1790	283	0	0	11	272	125	147
PCT9419	TO	1790	413	0	0	12	401	204	197
PCT9421	ED	917	65	0	0	2	63	42	21
PCT9421	MV	917	128	0	0	6	122	52	70
PCT9421	TO	917	193	0	0	8	185	94	91
PCT9422	ED	1068	99	0	0	2	97	67	30
PCT9422	MV	1068	169	0	0	9	160	83	77
PCT9422	TO	1068	268	0	0	11	257	150	107
PCT9423	ED	906	70	0	0	3	67	53	14
PCT9423	MV	906	93	0	0	4	89	47	42
PCT9423	TO	906	163	0	0	7	156	100	56
PCT9424	ED	1949	142	0	0	7	135	85	50
PCT9424	MV	1949	323	0	0	6	317	191	126
PCT9424	TO	1949	465	0	0	13	452	276	176
PCT9426	ED	832	61	0	0	2	59	32	27
PCT9426	MV	832	117	0	0	2	115	56	59
PCT9426	TO	832	178	0	0	4	174	88	86
PCT9427	ED	964	78	0	0	2	76	42	34
PCT9427	MV	964	144	0	0	7	137	50	87
PCT9427	TO	964	222	0	0	9	213	92	121
PCT9431	ED	1914	176	0	0	2	174	95	79
PCT9431	MV	1914	284	0	1	9	274	118	156
PCT9431	TO	1914	460	0	1	11	448	213	235
PCT9432	ED	943	76	0	0	0	76	41	35
PCT9432	MV	943	142	0	0	4	138	58	80
PCT9432	TO	943	218	0	0	4	214	99	115
PCT9433	ED	1923	120	0	0	6	114	63	51
PCT9433	MV	1923	289	0	0	8	281	136	145
PCT9433	TO	1923	409	0	0	14	395	199	196
PCT9434	ED	982	97	0	0	2	95	60	35
PCT9434	MV	982	120	0	0	0	120	60	60
PCT9434	TO	982	217	0	0	2	215	120	95
PCT9436	ED	1057	94	0	0	3	91	52	39
PCT9436	MV	1057	160	0	0	3	157	77	80
PCT9436	TO	1057	254	0	0	6	248	129	119
PCT9437	ED	908	76	0	0	0	76	44	32
PCT9437	MV	908	127	0	0	5	122	56	66
PCT9437	TO	908	203	0	0	5	198	100	98
PCT9439	ED	1863	125	0	0	1	124	67	57
PCT9439	MV	1863	310	0	0	17	293	130	163
PCT9439	TO	1863	435	0	0	18	417	197	220
PCT9441	ED	985	100	0	0	0	100	63	37
PCT9441	MV	985	170	0	0	0	170	80	90
PCT9441	TO	985	270	0	0	0	270	143	127
PCT9442	ED	2015	196	0	0	11	185	114	71
PCT9442	MV	2015	280	0	1	4	275	142	133
PCT9442	TO	2015	476	0	1	15	460	256	204
PCT9443	ED	1908	136	0	0	1	135	94	41
PCT9443	MV	1908	256	0	0	8	248	128	120
PCT9443	TO	1908	392	0	0	9	383	222	161
PCT9445	ED	971	72	0	0	3	69	39	30
PCT9445	MV	971	146	0	0	4	142	60	82
PCT9445	TO	971	218	0	0	7	211	99	112
PCT9446	ED	1940	185	0	0	7	178	103	75
PCT9446	MV	1940	263	0	0	9	254	108	146
PCT9446	TO	1940	448	0	0	16	432	211	221
PCT9447	ED	889	88	0	0	3	85	57	28
PCT9447	MV	889	131	0	0	3	128	49	79
PCT9447	TO	889	219	0	0	6	213	106	107
PCT9448	ED	936	76	0	0	1	75	53	22
PCT9448	MV	936	123	0	0	3	120	47	73
PCT9448	TO	936	199	0	0	4	195	100	95
PCT9449	ED	862	74	0	0	1	73	45	28
PCT9449	MV	862	147	0	0	3	144	49	95
PCT9449	TO	862	221	0	0	4	217	94	123
PCT9451	ED	437	32	0	0	0	32	15	17
PCT9451	MV	437	58	0	0	3	55	21	34
PCT9451	TO	437	90	0	0	3	87	36	51
PCT9453	ED	520	44	0	0	1	43	21	22
PCT9453	MV	520	83	0	0	4	79	43	36
PCT9453	TO	520	127	0	0	5	122	64	58
PCT9501	MV	147	41	0	0	1	40	32	8
PCT9501	TO	147	41	0	0	1	40	32	8
PCT9502	MV	253	46	0	0	1	45	31	14
PCT9502	TO	253	46	0	0	1	45	31	14
PCT9503	ED	667	60	0	0	0	60	55	5
PCT9503	MV	667	95	0	0	5	90	80	10
PCT9503	TO	667	155	0	0	5	150	135	15
PCT9505	ED	760	100	0	0	1	99	83	16
PCT9505	MV	760	114	0	0	4	110	91	19
PCT9505	TO	760	214	0	0	5	209	174	35
PCT9506	ED	750	73	0	0	1	72	61	11
PCT9506	MV	750	76	0	0	1	75	61	14
PCT9506	TO	750	149	0	0	2	147	122	25
PCT9507	ED	713	92	0	0	1	91	83	8
PCT9507	MV	713	83	0	0	4	79	64	15
PCT9507	TO	713	175	0	0	5	170	147	23
PCT9511	ED	1314	167	0	0	7	160	140	20
PCT9511	MV	1314	151	0	0	2	149	108	41
PCT9511	TO	1314	318	0	0	9	309	248	61
PCT9512	ED	1544	192	0	0	8	184	166	18
PCT9512	MV	1544	197	0	0	6	191	162	29
PCT9512	TO	1544	389	0	0	14	375	328	47
PCT9513	ED	872	125	0	0	2	123	112	11
PCT9513	MV	872	94	0	0	2	92	79	13
PCT9513	TO	872	219	0	0	4	215	191	24
PCT9514	ED	888	117	0	0	1	116	101	15
PCT9514	MV	888	102	0	0	5	97	79	18
PCT9514	TO	888	219	0	0	6	213	180	33
PCT9516	ED	1579	195	0	1	6	188	147	41
PCT9516	MV	1579	186	0	0	6	180	122	58
PCT9516	TO	1579	381	0	1	12	368	269	99
PCT9517	ED	1554	181	0	0	3	178	152	26
PCT9517	MV	1554	218	0	0	2	216	172	44
PCT9517	TO	1554	399	0	0	5	394	324	70
PCT9519	ED	882	112	0	0	3	109	89	20
PCT9519	MV	882	113	0	0	1	112	81	31
PCT9519	TO	882	225	0	0	4	221	170	51
PCT9521	ED	870	131	0	0	3	128	105	23
PCT9521	MV	870	122	0	0	3	119	95	24
PCT9521	TO	870	253	0	0	6	247	200	47
PCT9701	ED	652	100	0	0	4	96	71	25
PCT9701	MV	652	79	0	0	4	75	44	31
PCT9701	TO	652	179	0	0	8	171	115	56
PCT9702	ED	709	87	0	0	1	86	69	17
PCT9702	MV	709	80	0	0	0	80	52	28
PCT9702	TO	709	167	0	0	1	166	121	45
PCT9703	ED	981	94	0	0	1	93	56	37
PCT9703	MV	981	155	0	0	3	152	73	79
PCT9703	TO	981	249	0	0	4	245	129	116
PCT9704	ED	946	109	0	0	0	109	81	28
PCT9704	MV	946	143	0	0	7	136	74	62
PCT9704	TO	946	252	0	0	7	245	155	90
PCT9705	ED	1865	204	0	0	5	199	162	37
PCT9705	MV	1865	258	0	0	3	255	169	86
PCT9705	TO	1865	462	0	0	8	454	331	123
PCT9706	MV	48	6	0	0	0	6	4	2
PCT9706	TO	48	6	0	0	0	6	4	2
PCT9709	ED	1021	84	0	0	1	83	53	30
PCT9709	MV	1021	156	0	0	4	152	84	68
PCT9709	TO	1021	240	0	0	5	235	137	98
PCT9711	ED	1433	160	0	0	2	158	103	55
PCT9711	MV	1433	223	0	0	6	217	127	90
PCT9711	TO	1433	383	0	0	8	375	230	145
PCT9712	ED	1237	157	0	0	4	153	95	58
PCT9712	MV	1237	218	0	0	10	208	108	100
PCT9712	TO	1237	375	0	0	14	361	203	158
PCT9716	ED	951	110	0	0	4	106	66	40
PCT9716	MV	951	168	0	0	6	162	84	78
PCT9716	TO	951	278	0	0	10	268	150	118
PCT9717	ED	1917	177	0	0	3	174	104	70
PCT9717	MV	1917	316	0	0	3	313	140	173
PCT9717	TO	1917	493	0	0	6	487	244	243
PCT9718	ED	1833	225	0	0	8	217	134	83
PCT9718	MV	1833	365	0	0	12	353	173	180
PCT9718	TO	1833	590	0	0	20	570	307	263
PCT9719	ED	910	104	0	0	2	102	62	40
PCT9719	MV	910	161	0	0	3	158	86	72
PCT9719	TO	910	265	0	0	5	260	148	112
PCT9721	ED	660	114	0	0	3	111	62	49
PCT9721	MV	660	116	0	0	1	115	51	64
PCT9721	TO	660	230	0	0	4	226	113	113
PCT9722	ED	587	64	0	0	0	64	40	24
PCT9722	MV	587	131	0	0	5	126	79	47
PCT9722	TO	587	195	0	0	5	190	119	71
PCT9723	ED	505	34	0	0	0	34	12	22
PCT9723	MV	505	109	0	0	4	105	32	73
PCT9723	TO	505	143	0	0	4	139	44	95
PCT9724	ED	1003	72	0	0	0	72	33	39
PCT9724	MV	1003	209	0	0	3	206	71	135
PCT9724	TO	1003	281	0	0	3	278	104	174
PCT9725	ED	965	76	0	0	2	74	31	43
PCT9725	MV	965	164	0	0	3	161	69	92
PCT9725	TO	965	240	0	0	5	235	100	135
PCT9726	ED	621	53	0	0	0	53	35	18
PCT9726	MV	621	51	0	0	5	46	36	10
PCT9726	TO	621	104	0	0	5	99	71	28
PCT9727	ED	453	34	0	0	1	33	14	19
PCT9727	MV	453	89	0	0	1	88	34	54
PCT9727	TO	453	123	0	0	2	121	48	73
PCT9728	ED	1829	224	0	0	7	217	117	100
PCT9728	MV	1829	296	0	1	10	285	136	149
PCT9728	TO	1829	520	0	1	17	502	253	249
PCT9729	ED	809	86	0	0	1	85	48	37
PCT9729	MV	809	164	0	0	3	161	84	77
PCT9729	TO	809	250	0	0	4	246	132	114
PCT9731	ED	572	62	0	0	1	61	39	22
PCT9731	MV	572	94	0	0	0	94	34	60
PCT9731	TO	572	156	0	0	1	155	73	82
PCT9732	MV	71	10	0	0	0	10	5	5
PCT9732	TO	71	10	0	0	0	10	5	5
PCT9733	MV	235	51	0	0	1	50	30	20
PCT9733	TO	235	51	0	0	1	50	30	20
PCT9734	ED	1389	150	0	0	2	148	94	54
PCT9734	MV	1389	256	0	0	4	252	128	124
PCT9734	TO	1389	406	0	0	6	400	222	178
PCT9737	ED	1518	168	0	0	4	164	112	52
PCT9737	MV	1518	281	0	0	8	273	149	124
PCT9737	TO	1518	449	0	0	12	437	261	176
PCT9738	ED	813	34	0	0	1	33	24	9
PCT9738	MV	813	125	0	0	3	122	93	29
PCT9738	TO	813	159	0	0	4	155	117	38
PCT9739	ED	768	46	0	0	2	44	36	8
PCT9739	MV	768	72	0	0	0	72	58	14
PCT9739	TO	768	118	0	0	2	116	94	22
PCT9741	ED	497	7	0	0	0	7	7	0
PCT9741	MV	497	3	0	0	0	3	3	0
PCT9741	TO	497	10	0	0	0	10	10	0
PCT9742	ED	679	68	0	0	5	63	32	31
PCT9742	MV	679	82	0	0	2	80	31	49
PCT9742	TO	679	150	0	0	7	143	63	80
PCT9743	ED	1138	85	0	0	5	80	64	16
PCT9743	MV	1138	164	0	0	5	159	117	42
PCT9743	TO	1138	249	0	0	10	239	181	58
PCT9744	ED	907	97	0	0	5	92	72	20
PCT9744	MV	907	99	0	0	2	97	60	37
PCT9744	TO	907	196	0	0	7	189	132	57
PCT9745	ED	973	75	0	0	0	75	58	17
PCT9745	MV	973	115	0	0	1	114	85	29
PCT9745	TO	973	190	0	0	1	189	143	46
PCT9748	ED	910	80	0	0	1	79	44	35
PCT9748	MV	910	152	0	0	2	150	91	59
PCT9748	TO	910	232	0	0	3	229	135	94
PCT9749	ED	1871	160	0	0	3	157	113	44
PCT9749	MV	1871	223	0	0	9	214	124	90
PCT9749	TO	1871	383	0	0	12	371	237	134
PCT9751	ED	1038	101	0	0	4	97	64	33
PCT9751	MV	1038	184	0	0	7	177	80	97
PCT9751	TO	1038	285	0	0	11	274	144	130
PCT9752	ED	696	69	0	0	0	69	38	31
PCT9752	MV	696	132	0	0	4	128	62	66
PCT9752	TO	696	201	0	0	4	197	100	97
PCT9753	ED	764	81	0	0	0	81	57	24
PCT9753	MV	764	115	0	0	7	108	65	43
PCT9753	TO	764	196	0	0	7	189	122	67
PCT9754	ED	686	84	0	0	1	83	65	18
PCT9754	MV	686	114	0	0	3	111	76	35
PCT9754	TO	686	198	0	0	4	194	141	53
PCT9755	ED	567	58	0	0	0	58	39	19
PCT9755	MV	567	85	0	0	3	82	49	33
PCT9755	TO	567	143	0	0	3	140	88	52
PCT9756	ED	940	55	0	0	1	54	37	17
PCT9756	MV	940	136	0	0	4	132	54	78
PCT9756	TO	940	191	0	0	5	186	91	95
PCT9801	ED	404	38	0	0	1	37	28	9
PCT9801	MV	404	67	0	0	2	65	38	27
PCT9801	TO	404	105	0	0	3	102	66	36
