area_id	subtotal_type	RSReg	RSCst	RSRej	RSOvr	RSUnd	RSTot	36:YES	37:NO
ALLPCTS	TO	495050	115265	0	63	2555	112647	22017	90630
ALLPCTS	ED	495050	45586	0	24	878	44684	7329	37355
ALLPCTS	MV	495050	69679	0	39	1677	67963	14688	53275
PCT1101	ED	557	39	0	0	1	38	9	29
PCT1101	MV	557	83	0	0	0	83	25	58
PCT1101	TO	557	122	0	0	1	121	34	87
PCT1102	ED	994	117	0	0	0	117	22	95
PCT1102	MV	994	137	0	0	3	134	35	99
PCT1102	TO	994	254	0	0	3	251	57	194
PCT1103	ED	962	88	0	0	0	88	15	73
PCT1103	MV	962	121	0	0	0	121	38	83
PCT1103	TO	962	209	0	0	0	209	53	156
PCT1104	ED	1012	76	0	0	1	75	14	61
PCT1104	MV	1012	130	0	0	2	128	33	95
PCT1104	TO	1012	206	0	0	3	203	47	156
PCT1106	ED	1505	127	0	0	2	125	29	96
PCT1106	MV	1505	209	0	0	3	206	55	151
PCT1106	TO	1505	336	0	0	5	331	84	247
PCT1108	ED	908	77	0	0	0	77	8	69
PCT1108	MV	908	126	0	0	3	123	18	105
PCT1108	TO	908	203	0	0	3	200	26	174
PCT1109	ED	805	73	0	0	1	72	16	56
PCT1109	MV	805	100	0	0	4	96	19	77
PCT1109	TO	805	173	0	0	5	168	35	133
PCT1111	ED	1025	73	0	0	0	73	17	56
PCT1111	MV	1025	160	0	0	4	156	49	107
PCT1111	TO	1025	233	0	0	4	229	66	163
PCT1112	ED	770	48	0	0	1	47	12	35
PCT1112	MV	770	92	0	0	2	90	25	65
PCT1112	TO	770	140	0	0	3	137	37	100
PCT1114	ED	1741	92	0	0	3	89	20	69
PCT1114	MV	1741	249	0	0	5	244	71	173
PCT1114	TO	1741	341	0	0	8	333	91	242
PCT1115	ED	1838	118	0	0	0	118	23	95
PCT1115	MV	1838	234	0	0	3	231	79	152
PCT1115	TO	1838	352	0	0	3	349	102	247
PCT1117	ED	1771	104	0	0	3	101	27	74
PCT1117	MV	1771	175	0	0	3	172	57	115
PCT1117	TO	1771	279	0	0	6	273	84	189
PCT1118	ED	1057	86	0	0	2	84	12	72
PCT1118	MV	1057	160	0	0	7	153	37	116
PCT1118	TO	1057	246	0	0	9	237	49	188
PCT1119	ED	771	32	0	1	0	31	4	27
PCT1119	MV	771	115	0	0	5	110	21	89
PCT1119	TO	771	147	0	1	5	141	25	116
PCT1122	ED	638	41	0	0	2	39	9	30
PCT1122	MV	638	82	0	0	1	81	26	55
PCT1122	TO	638	123	0	0	3	120	35	85
PCT1124	ED	812	51	0	0	1	50	12	38
PCT1124	MV	812	101	0	0	2	99	36	63
PCT1124	TO	812	152	0	0	3	149	48	101
PCT1125	ED	1064	37	0	0	0	37	10	27
PCT1125	MV	1064	163	0	0	2	161	46	115
PCT1125	TO	1064	200	0	0	2	198	56	142
PCT1126	ED	1676	91	0	0	1	90	17	73
PCT1126	MV	1676	240	0	0	5	235	68	167
PCT1126	TO	1676	331	0	0	6	325	85	240
PCT1127	ED	1827	107	0	0	1	106	20	86
PCT1127	MV	1827	249	0	0	3	246	67	179
PCT1127	TO	1827	356	0	0	4	352	87	265
PCT1129	ED	1018	62	0	1	1	60	21	39
PCT1129	MV	1018	136	0	0	3	133	41	92
PCT1129	TO	1018	198	0	1	4	193	62	131
PCT1131	ED	836	38	0	0	1	37	10	27
PCT1131	MV	836	105	0	0	3	102	34	68
PCT1131	TO	836	143	0	0	4	139	44	95
PCT1132	ED	1010	34	0	0	0	34	5	29
PCT1132	MV	1010	172	0	0	4	168	52	116
PCT1132	TO	1010	206	0	0	4	202	57	145
PCT1133	ED	857	40	0	0	0	40	7	33
PCT1133	MV	857	134	0	0	4	130	31	99
PCT1133	TO	857	174	0	0	4	170	38	132
PCT1134	ED	762	61	0	0	1	60	9	51
PCT1134	MV	762	114	0	0	2	112	23	89
PCT1134	TO	762	175	0	0	3	172	32	140
PCT1135	ED	554	37	0	0	1	36	7	29
PCT1135	MV	554	86	0	0	4	82	21	61
PCT1135	TO	554	123	0	0	5	118	28	90
PCT1136	ED	847	47	0	0	1	46	12	34
PCT1136	MV	847	135	0	0	1	134	36	98
PCT1136	TO	847	182	0	0	2	180	48	132
PCT1141	ED	1042	61	0	0	0	61	15	46
PCT1141	MV	1042	151	0	0	3	148	39	109
PCT1141	TO	1042	212	0	0	3	209	54	155
PCT1143	ED	1024	87	0	0	1	86	19	67
PCT1143	MV	1024	123	0	0	6	117	28	89
PCT1143	TO	1024	210	0	0	7	203	47	156
PCT1144	ED	1804	126	0	0	1	125	24	101
PCT1144	MV	1804	236	0	0	7	229	57	172
PCT1144	TO	1804	362	0	0	8	354	81	273
PCT1145	ED	894	57	0	0	1	56	5	51
PCT1145	MV	894	142	0	0	3	139	31	108
PCT1145	TO	894	199	0	0	4	195	36	159
PCT1146	ED	1008	71	0	0	1	70	13	57
PCT1146	MV	1008	130	0	0	3	127	36	91
PCT1146	TO	1008	201	0	0	4	197	49	148
PCT1147	ED	868	71	0	0	0	71	16	55
PCT1147	MV	868	108	0	0	1	107	40	67
PCT1147	TO	868	179	0	0	1	178	56	122
PCT1148	ED	1002	73	0	0	4	69	11	58
PCT1148	MV	1002	139	0	0	3	136	56	80
PCT1148	TO	1002	212	0	0	7	205	67	138
PCT1149	ED	911	70	0	0	1	69	12	57
PCT1149	MV	911	98	0	0	3	95	24	71
PCT1149	TO	911	168	0	0	4	164	36	128
PCT1152	ED	1815	126	0	0	2	124	28	96
PCT1152	MV	1815	236	0	0	4	232	77	155
PCT1152	TO	1815	362	0	0	6	356	105	251
PCT7001	ED	752	39	0	0	1	38	3	35
PCT7001	MV	752	113	0	0	0	113	25	88
PCT7001	TO	752	152	0	0	1	151	28	123
PCT7002	ED	659	43	0	0	0	43	7	36
PCT7002	MV	659	57	0	0	1	56	16	40
PCT7002	TO	659	100	0	0	1	99	23	76
PCT7003	ED	1755	179	0	0	1	178	36	142
PCT7003	MV	1755	279	0	0	4	275	40	235
PCT7003	TO	1755	458	0	0	5	453	76	377
PCT7005	ED	850	99	0	0	1	98	8	90
PCT7005	MV	850	108	0	0	1	107	15	92
PCT7005	TO	850	207	0	0	2	205	23	182
PCT7006	ED	921	87	0	0	0	87	7	80
PCT7006	MV	921	106	0	0	3	103	15	88
PCT7006	TO	921	193	0	0	3	190	22	168
PCT7007	ED	1821	211	0	0	3	208	24	184
PCT7007	MV	1821	286	0	0	5	281	43	238
PCT7007	TO	1821	497	0	0	8	489	67	422
PCT7009	ED	874	46	0	0	2	44	6	38
PCT7009	MV	874	135	0	0	1	134	38	96
PCT7009	TO	874	181	0	0	3	178	44	134
PCT7011	ED	951	66	0	0	0	66	8	58
PCT7011	MV	951	66	0	0	1	65	11	54
PCT7011	TO	951	132	0	0	1	131	19	112
PCT7012	ED	1165	113	0	0	0	113	29	84
PCT7012	MV	1165	143	0	0	0	143	30	113
PCT7012	TO	1165	256	0	0	0	256	59	197
PCT7013	ED	1033	60	0	0	0	60	9	51
PCT7013	MV	1033	124	0	0	2	122	26	96
PCT7013	TO	1033	184	0	0	2	182	35	147
PCT7014	ED	1388	97	0	0	0	97	12	85
PCT7014	MV	1388	173	0	0	4	169	31	138
PCT7014	TO	1388	270	0	0	4	266	43	223
PCT7015	MV	104	14	0	0	0	14	4	10
PCT7015	TO	104	14	0	0	0	14	4	10
PCT7016	ED	912	57	0	0	0	57	16	41
PCT7016	MV	912	84	0	0	5	79	30	49
PCT7016	TO	912	141	0	0	5	136	46	90
PCT7017	ED	781	32	0	0	1	31	8	23
PCT7017	MV	781	62	0	0	3	59	13	46
PCT7017	TO	781	94	0	0	4	90	21	69
PCT7019	ED	1908	90	0	1	2	87	20	67
PCT7019	MV	1908	308	0	0	12	296	106	190
PCT7019	TO	1908	398	0	1	14	383	126	257
PCT7021	ED	955	68	0	0	2	66	21	45
PCT7021	MV	955	95	0	0	2	93	22	71
PCT7021	TO	955	163	0	0	4	159	43	116
PCT7022	ED	943	78	0	0	3	75	14	61
PCT7022	MV	943	122	0	0	7	115	29	86
PCT7022	TO	943	200	0	0	10	190	43	147
PCT7024	ED	448	14	0	1	0	13	6	7
PCT7024	MV	448	24	0	0	0	24	14	10
PCT7024	TO	448	38	0	1	0	37	20	17
PCT7025	ED	473	23	0	0	0	23	4	19
PCT7025	MV	473	36	0	0	0	36	17	19
PCT7025	TO	473	59	0	0	0	59	21	38
PCT7026	ED	1009	46	0	0	1	45	10	35
PCT7026	MV	1009	164	0	1	7	156	42	114
PCT7026	TO	1009	210	0	1	8	201	52	149
PCT7027	ED	883	67	0	0	2	65	14	51
PCT7027	MV	883	127	0	0	6	121	30	91
PCT7027	TO	883	194	0	0	8	186	44	142
PCT7028	ED	849	77	0	0	2	75	15	60
PCT7028	MV	849	78	0	1	1	76	20	56
PCT7028	TO	849	155	0	1	3	151	35	116
PCT7029	ED	1812	100	0	0	3	97	22	75
PCT7029	MV	1812	207	0	0	5	202	65	137
PCT7029	TO	1812	307	0	0	8	299	87	212
PCT7030	ED	787	46	0	0	0	46	11	35
PCT7030	MV	787	133	0	0	5	128	33	95
PCT7030	TO	787	179	0	0	5	174	44	130
PCT7031	ED	680	24	0	0	0	24	4	20
PCT7031	MV	680	124	0	0	2	122	36	86
PCT7031	TO	680	148	0	0	2	146	40	106
PCT7032	ED	876	48	0	0	3	45	15	30
PCT7032	MV	876	106	0	0	2	104	41	63
PCT7032	TO	876	154	0	0	5	149	56	93
PCT7033	ED	770	61	0	0	2	59	16	43
PCT7033	MV	770	83	0	0	3	80	23	57
PCT7033	TO	770	144	0	0	5	139	39	100
PCT7034	ED	954	33	0	0	1	32	9	23
PCT7034	MV	954	57	0	0	2	55	23	32
PCT7034	TO	954	90	0	0	3	87	32	55
PCT7035	ED	681	26	0	0	1	25	3	22
PCT7035	MV	681	97	0	0	4	93	15	78
PCT7035	TO	681	123	0	0	5	118	18	100
PCT7037	ED	1676	59	0	1	3	55	21	34
PCT7037	MV	1676	144	0	0	5	139	48	91
PCT7037	TO	1676	203	0	1	8	194	69	125
PCT7038	ED	924	34	0	0	1	33	11	22
PCT7038	MV	924	130	0	0	2	128	39	89
PCT7038	TO	924	164	0	0	3	161	50	111
PCT7039	ED	830	71	0	0	3	68	11	57
PCT7039	MV	830	110	0	0	1	109	36	73
PCT7039	TO	830	181	0	0	4	177	47	130
PCT7041	MV	60	11	0	0	0	11	3	8
PCT7041	TO	60	11	0	0	0	11	3	8
PCT7042	ED	1069	67	0	0	2	65	18	47
PCT7042	MV	1069	110	0	0	3	107	41	66
PCT7042	TO	1069	177	0	0	5	172	59	113
PCT7043	ED	961	40	0	0	1	39	10	29
PCT7043	MV	961	106	0	0	0	106	28	78
PCT7043	TO	961	146	0	0	1	145	38	107
PCT7044	ED	844	23	0	0	0	23	6	17
PCT7044	MV	844	61	0	0	2	59	20	39
PCT7044	TO	844	84	0	0	2	82	26	56
PCT7045	ED	783	39	0	0	1	38	6	32
PCT7045	MV	783	143	0	0	8	135	34	101
PCT7045	TO	783	182	0	0	9	173	40	133
PCT7047	ED	1727	73	0	0	3	70	10	60
PCT7047	MV	1727	259	0	0	14	245	89	156
PCT7047	TO	1727	332	0	0	17	315	99	216
PCT7048	ED	870	37	0	0	0	37	10	27
PCT7048	MV	870	120	0	0	2	118	33	85
PCT7048	TO	870	157	0	0	2	155	43	112
PCT7049	ED	815	50	0	0	2	48	14	34
PCT7049	MV	815	123	0	0	6	117	31	86
PCT7049	TO	815	173	0	0	8	165	45	120
PCT7052	ED	878	67	0	0	2	65	10	55
PCT7052	MV	878	131	0	0	6	125	25	100
PCT7052	TO	878	198	0	0	8	190	35	155
PCT7053	ED	568	22	0	0	0	22	4	18
PCT7053	MV	568	85	0	0	5	80	20	60
PCT7053	TO	568	107	0	0	5	102	24	78
PCT7054	ED	1111	60	0	0	4	56	15	41
PCT7054	MV	1111	97	0	0	2	95	29	66
PCT7054	TO	1111	157	0	0	6	151	44	107
PCT7055	ED	799	21	0	0	0	21	1	20
PCT7055	MV	799	119	0	0	2	117	25	92
PCT7055	TO	799	140	0	0	2	138	26	112
PCT7101	MV	152	27	0	0	1	26	9	17
PCT7101	TO	152	27	0	0	1	26	9	17
PCT7202	ED	1747	117	0	0	2	115	13	102
PCT7202	MV	1747	266	0	0	11	255	37	218
PCT7202	TO	1747	383	0	0	13	370	50	320
PCT7203	ED	867	83	0	0	2	81	10	71
PCT7203	MV	867	85	0	0	2	83	17	66
PCT7203	TO	867	168	0	0	4	164	27	137
PCT7204	ED	890	73	0	0	3	70	8	62
PCT7204	MV	890	154	0	0	5	149	25	124
PCT7204	TO	890	227	0	0	8	219	33	186
PCT7205	ED	862	85	0	0	0	85	17	68
PCT7205	MV	862	135	0	0	8	127	15	112
PCT7205	TO	862	220	0	0	8	212	32	180
PCT7207	ED	1483	87	0	0	2	85	19	66
PCT7207	MV	1483	316	0	0	7	309	44	265
PCT7207	TO	1483	403	0	0	9	394	63	331
PCT7208	ED	560	36	0	0	2	34	6	28
PCT7208	MV	560	103	0	0	5	98	24	74
PCT7208	TO	560	139	0	0	7	132	30	102
PCT7301	ED	1993	161	0	0	3	158	28	130
PCT7301	MV	1993	297	0	0	7	290	80	210
PCT7301	TO	1993	458	0	0	10	448	108	340
PCT7302	ED	838	81	0	1	1	79	17	62
PCT7302	MV	838	200	0	0	4	196	44	152
PCT7302	TO	838	281	0	1	5	275	61	214
PCT7305	ED	1633	161	0	0	2	159	20	139
PCT7305	MV	1633	248	0	0	4	244	54	190
PCT7305	TO	1633	409	0	0	6	403	74	329
PCT7306	ED	2083	166	0	0	6	160	33	127
PCT7306	MV	2083	259	0	0	5	254	53	201
PCT7306	TO	2083	425	0	0	11	414	86	328
PCT7308	ED	614	75	0	0	2	73	8	65
PCT7308	MV	614	93	0	0	3	90	14	76
PCT7308	TO	614	168	0	0	5	163	22	141
PCT7311	ED	866	89	0	0	1	88	8	80
PCT7311	MV	866	123	0	0	2	121	23	98
PCT7311	TO	866	212	0	0	3	209	31	178
PCT7312	ED	801	69	0	0	2	67	11	56
PCT7312	MV	801	158	0	1	5	152	17	135
PCT7312	TO	801	227	0	1	7	219	28	191
PCT7314	ED	1749	106	0	0	7	99	19	80
PCT7314	MV	1749	286	0	0	11	275	64	211
PCT7314	TO	1749	392	0	0	18	374	83	291
PCT7315	ED	1584	130	0	0	2	128	25	103
PCT7315	MV	1584	200	0	0	8	192	51	141
PCT7315	TO	1584	330	0	0	10	320	76	244
PCT7317	ED	875	59	0	0	2	57	13	44
PCT7317	MV	875	188	0	0	1	187	46	141
PCT7317	TO	875	247	0	0	3	244	59	185
PCT7318	ED	1567	109	0	1	2	106	20	86
PCT7318	MV	1567	244	0	0	9	235	65	170
PCT7318	TO	1567	353	0	1	11	341	85	256
PCT7321	ED	1533	57	0	0	0	57	16	41
PCT7321	MV	1533	269	0	1	9	259	95	164
PCT7321	TO	1533	326	0	1	9	316	111	205
PCT7323	ED	1967	149	0	0	4	145	31	114
PCT7323	MV	1967	241	0	0	6	235	41	194
PCT7323	TO	1967	390	0	0	10	380	72	308
PCT7325	ED	1588	104	0	0	2	102	16	86
PCT7325	MV	1588	202	0	0	6	196	38	158
PCT7325	TO	1588	306	0	0	8	298	54	244
PCT7326	ED	1709	123	0	0	5	118	18	100
PCT7326	MV	1709	285	0	1	8	276	64	212
PCT7326	TO	1709	408	0	1	13	394	82	312
PCT7327	ED	668	26	0	0	3	23	4	19
PCT7327	MV	668	166	0	1	5	160	40	120
PCT7327	TO	668	192	0	1	8	183	44	139
PCT7328	ED	985	33	0	0	3	30	7	23
PCT7328	MV	985	234	0	0	10	224	60	164
PCT7328	TO	985	267	0	0	13	254	67	187
PCT7329	ED	638	31	0	0	0	31	7	24
PCT7329	MV	638	120	0	0	4	116	25	91
PCT7329	TO	638	151	0	0	4	147	32	115
PCT7331	ED	850	102	0	0	0	102	27	75
PCT7331	MV	850	181	0	0	6	175	34	141
PCT7331	TO	850	283	0	0	6	277	61	216
PCT7332	ED	1601	145	0	0	9	136	27	109
PCT7332	MV	1601	224	0	0	3	221	43	178
PCT7332	TO	1601	369	0	0	12	357	70	287
PCT7333	ED	1930	151	0	0	5	146	31	115
PCT7333	MV	1930	264	0	0	8	256	54	202
PCT7333	TO	1930	415	0	0	13	402	85	317
PCT7336	ED	2021	168	0	0	1	167	40	127
PCT7336	MV	2021	270	0	0	7	263	61	202
PCT7336	TO	2021	438	0	0	8	430	101	329
PCT7338	ED	1783	119	0	0	2	117	25	92
PCT7338	MV	1783	356	0	0	9	347	80	267
PCT7338	TO	1783	475	0	0	11	464	105	359
PCT7339	ED	1588	131	0	0	2	129	27	102
PCT7339	MV	1588	224	0	0	3	221	60	161
PCT7339	TO	1588	355	0	0	5	350	87	263
PCT7342	ED	909	133	0	0	4	129	26	103
PCT7342	MV	909	114	0	0	1	113	25	88
PCT7342	TO	909	247	0	0	5	242	51	191
PCT7343	ED	706	66	0	0	3	63	15	48
PCT7343	MV	706	64	0	0	1	63	15	48
PCT7343	TO	706	130	0	0	4	126	30	96
PCT7344	ED	1052	93	0	0	0	93	20	73
PCT7344	MV	1052	157	0	0	1	156	44	112
PCT7344	TO	1052	250	0	0	1	249	64	185
PCT7346	ED	879	82	0	0	0	82	17	65
PCT7346	MV	879	89	0	0	4	85	23	62
PCT7346	TO	879	171	0	0	4	167	40	127
PCT7348	ED	1826	121	0	0	2	119	23	96
PCT7348	MV	1826	258	0	0	8	250	70	180
PCT7348	TO	1826	379	0	0	10	369	93	276
PCT7502	ED	779	66	0	0	0	66	11	55
PCT7502	MV	779	124	0	1	7	116	14	102
PCT7502	TO	779	190	0	1	7	182	25	157
PCT7503	ED	725	56	0	0	2	54	7	47
PCT7503	MV	725	96	0	0	0	96	22	74
PCT7503	TO	725	152	0	0	2	150	29	121
PCT7504	ED	1019	95	0	0	3	92	12	80
PCT7504	MV	1019	142	0	0	6	136	30	106
PCT7504	TO	1019	237	0	0	9	228	42	186
PCT7505	ED	851	78	0	0	2	76	9	67
PCT7505	MV	851	250	0	0	7	243	33	210
PCT7505	TO	851	328	0	0	9	319	42	277
PCT7506	ED	1913	135	0	0	2	133	25	108
PCT7506	MV	1913	286	0	0	7	279	60	219
PCT7506	TO	1913	421	0	0	9	412	85	327
PCT7508	ED	720	75	0	0	2	73	13	60
PCT7508	MV	720	161	0	0	8	153	37	116
PCT7508	TO	720	236	0	0	10	226	50	176
PCT7509	ED	914	100	0	0	2	98	15	83
PCT7509	MV	914	164	0	0	1	163	29	134
PCT7509	TO	914	264	0	0	3	261	44	217
PCT7512	ED	588	58	0	0	4	54	11	43
PCT7512	MV	588	117	0	0	4	113	26	87
PCT7512	TO	588	175	0	0	8	167	37	130
PCT7513	ED	784	78	0	0	5	73	16	57
PCT7513	MV	784	108	0	0	3	105	34	71
PCT7513	TO	784	186	0	0	8	178	50	128
PCT7514	ED	901	54	0	0	4	50	12	38
PCT7514	MV	901	142	0	0	7	135	49	86
PCT7514	TO	901	196	0	0	11	185	61	124
PCT7515	ED	852	70	0	0	2	68	10	58
PCT7515	MV	852	102	0	0	3	99	19	80
PCT7515	TO	852	172	0	0	5	167	29	138
PCT7516	ED	906	89	0	0	1	88	17	71
PCT7516	MV	906	189	0	0	9	180	43	137
PCT7516	TO	906	278	0	0	10	268	60	208
PCT7518	ED	1754	221	0	1	3	217	31	186
PCT7518	MV	1754	218	0	0	7	211	30	181
PCT7518	TO	1754	439	0	1	10	428	61	367
PCT7519	ED	709	88	0	0	2	86	13	73
PCT7519	MV	709	76	0	0	2	74	17	57
PCT7519	TO	709	164	0	0	4	160	30	130
PCT7521	ED	761	99	0	0	3	96	12	84
PCT7521	MV	761	95	0	0	3	92	9	83
PCT7521	TO	761	194	0	0	6	188	21	167
PCT7522	ED	1464	203	0	0	4	199	32	167
PCT7522	MV	1464	158	0	0	4	154	19	135
PCT7522	TO	1464	361	0	0	8	353	51	302
PCT7524	ED	606	74	0	0	2	72	12	60
PCT7524	MV	606	58	0	0	5	53	17	36
PCT7524	TO	606	132	0	0	7	125	29	96
PCT7525	ED	762	67	0	0	1	66	11	55
PCT7525	MV	762	79	0	0	1	78	23	55
PCT7525	TO	762	146	0	0	2	144	34	110
PCT7526	ED	974	93	0	0	4	89	12	77
PCT7526	MV	974	127	0	0	4	123	21	102
PCT7526	TO	974	220	0	0	8	212	33	179
PCT7527	ED	689	95	0	0	5	90	9	81
PCT7527	MV	689	95	0	0	5	90	16	74
PCT7527	TO	689	190	0	0	10	180	25	155
PCT7529	ED	906	136	0	0	5	131	24	107
PCT7529	MV	906	121	0	0	2	119	25	94
PCT7529	TO	906	257	0	0	7	250	49	201
PCT7531	ED	839	74	0	0	2	72	10	62
PCT7531	MV	839	86	0	0	2	84	6	78
PCT7531	TO	839	160	0	0	4	156	16	140
PCT7532	ED	792	90	0	0	1	89	19	70
PCT7532	MV	792	109	0	0	2	107	25	82
PCT7532	TO	792	199	0	0	3	196	44	152
PCT7533	ED	936	169	0	0	3	166	28	138
PCT7533	MV	936	100	0	0	2	98	20	78
PCT7533	TO	936	269	0	0	5	264	48	216
PCT7534	ED	881	116	0	0	3	113	15	98
PCT7534	MV	881	85	0	0	4	81	16	65
PCT7534	TO	881	201	0	0	7	194	31	163
PCT7536	ED	1594	243	0	0	7	236	28	208
PCT7536	MV	1594	229	0	1	11	217	40	177
PCT7536	TO	1594	472	0	1	18	453	68	385
PCT7537	ED	1472	218	0	0	4	214	27	187
PCT7537	MV	1472	179	0	0	5	174	21	153
PCT7537	TO	1472	397	0	0	9	388	48	340
PCT7539	ED	906	180	0	0	8	172	16	156
PCT7539	MV	906	84	0	0	0	84	15	69
PCT7539	TO	906	264	0	0	8	256	31	225
PCT7541	ED	769	100	0	0	1	99	17	82
PCT7541	MV	769	100	0	1	2	97	18	79
PCT7541	TO	769	200	0	1	3	196	35	161
PCT7543	ED	1718	204	0	0	5	199	37	162
PCT7543	MV	1718	201	0	0	3	198	30	168
PCT7543	TO	1718	405	0	0	8	397	67	330
PCT7544	ED	892	112	0	0	2	110	21	89
PCT7544	MV	892	120	0	0	3	117	22	95
PCT7544	TO	892	232	0	0	5	227	43	184
PCT7545	ED	877	110	0	0	3	107	15	92
PCT7545	MV	877	116	0	0	1	115	18	97
PCT7545	TO	877	226	0	0	4	222	33	189
PCT7546	ED	1900	271	0	1	4	266	37	229
PCT7546	MV	1900	248	0	0	7	241	25	216
PCT7546	TO	1900	519	0	1	11	507	62	445
PCT7548	ED	1027	149	0	0	3	146	25	121
PCT7548	MV	1027	140	0	0	3	137	25	112
PCT7548	TO	1027	289	0	0	6	283	50	233
PCT7549	ED	799	99	0	0	3	96	9	87
PCT7549	MV	799	133	0	0	0	133	22	111
PCT7549	TO	799	232	0	0	3	229	31	198
PCT7552	ED	685	97	0	0	2	95	12	83
PCT7552	MV	685	86	0	0	2	84	11	73
PCT7552	TO	685	183	0	0	4	179	23	156
PCT7553	MV	182	33	0	0	3	30	3	27
PCT7553	TO	182	33	0	0	3	30	3	27
PCT7554	ED	795	108	0	0	2	106	14	92
PCT7554	MV	795	129	0	0	5	124	23	101
PCT7554	TO	795	237	0	0	7	230	37	193
PCT7555	ED	1584	271	0	0	6	265	26	239
PCT7555	MV	1584	228	0	0	1	227	29	198
PCT7555	TO	1584	499	0	0	7	492	55	437
PCT7556	ED	958	113	0	0	3	110	10	100
PCT7556	MV	958	151	0	0	1	150	19	131
PCT7556	TO	958	264	0	0	4	260	29	231
PCT7601	ED	677	61	0	0	3	58	24	34
PCT7601	MV	677	81	0	1	1	79	27	52
PCT7601	TO	677	142	0	1	4	137	51	86
PCT7602	ED	1659	136	0	0	5	131	28	103
PCT7602	MV	1659	186	0	0	4	182	50	132
PCT7602	TO	1659	322	0	0	9	313	78	235
PCT7605	ED	1508	77	0	1	2	74	15	59
PCT7605	MV	1508	317	0	0	17	300	87	213
PCT7605	TO	1508	394	0	1	19	374	102	272
PCT7606	ED	887	63	0	0	1	62	21	41
PCT7606	MV	887	76	0	0	2	74	23	51
PCT7606	TO	887	139	0	0	3	136	44	92
PCT7607	ED	900	65	0	0	1	64	16	48
PCT7607	MV	900	131	0	0	2	129	40	89
PCT7607	TO	900	196	0	0	3	193	56	137
PCT7608	ED	1300	81	0	0	2	79	21	58
PCT7608	MV	1300	173	0	0	8	165	55	110
PCT7608	TO	1300	254	0	0	10	244	76	168
PCT7611	ED	763	38	0	0	2	36	8	28
PCT7611	MV	763	135	0	0	14	121	55	66
PCT7611	TO	763	173	0	0	16	157	63	94
PCT7613	ED	1421	101	0	0	2	99	28	71
PCT7613	MV	1421	210	0	1	6	203	53	150
PCT7613	TO	1421	311	0	1	8	302	81	221
PCT7614	ED	932	56	0	0	2	54	21	33
PCT7614	MV	932	94	0	0	2	92	39	53
PCT7614	TO	932	150	0	0	4	146	60	86
PCT7615	ED	745	41	0	0	4	37	15	22
PCT7615	MV	745	108	0	1	8	99	35	64
PCT7615	TO	745	149	0	1	12	136	50	86
PCT7616	ED	1246	58	0	0	1	57	10	47
PCT7616	MV	1246	145	0	0	2	143	40	103
PCT7616	TO	1246	203	0	0	3	200	50	150
PCT7617	ED	737	32	0	0	2	30	11	19
PCT7617	MV	737	122	0	1	9	112	46	66
PCT7617	TO	737	154	0	1	11	142	57	85
PCT7618	ED	873	54	0	0	1	53	13	40
PCT7618	MV	873	116	0	0	1	115	21	94
PCT7618	TO	873	170	0	0	2	168	34	134
PCT7619	ED	1055	64	0	0	1	63	9	54
PCT7619	MV	1055	142	0	0	1	141	38	103
PCT7619	TO	1055	206	0	0	2	204	47	157
PCT7621	ED	1064	60	0	0	1	59	13	46
PCT7621	MV	1064	133	0	0	2	131	33	98
PCT7621	TO	1064	193	0	0	3	190	46	144
PCT7622	ED	923	44	0	0	1	43	9	34
PCT7622	MV	923	88	0	0	2	86	30	56
PCT7622	TO	923	132	0	0	3	129	39	90
PCT7623	ED	965	68	0	0	1	67	19	48
PCT7623	MV	965	97	0	0	4	93	22	71
PCT7623	TO	965	165	0	0	5	160	41	119
PCT7624	ED	835	46	0	0	0	46	20	26
PCT7624	MV	835	105	0	0	8	97	33	64
PCT7624	TO	835	151	0	0	8	143	53	90
PCT7625	ED	809	23	0	0	1	22	6	16
PCT7625	MV	809	322	0	1	12	309	108	201
PCT7625	TO	809	345	0	1	13	331	114	217
PCT7626	ED	1037	47	0	0	0	47	9	38
PCT7626	MV	1037	160	0	0	4	156	39	117
PCT7626	TO	1037	207	0	0	4	203	48	155
PCT7628	ED	933	69	0	0	2	67	19	48
PCT7628	MV	933	83	0	0	1	82	21	61
PCT7628	TO	933	152	0	0	3	149	40	109
PCT7629	ED	847	61	0	0	3	58	9	49
PCT7629	MV	847	79	0	0	6	73	15	58
PCT7629	TO	847	140	0	0	9	131	24	107
PCT7632	ED	1112	60	0	0	0	60	16	44
PCT7632	MV	1112	124	0	0	3	121	39	82
PCT7632	TO	1112	184	0	0	3	181	55	126
PCT7633	ED	1902	109	0	0	3	106	25	81
PCT7633	MV	1902	289	0	0	6	283	69	214
PCT7633	TO	1902	398	0	0	9	389	94	295
PCT7634	ED	864	63	0	0	7	56	23	33
PCT7634	MV	864	169	0	0	5	164	45	119
PCT7634	TO	864	232	0	0	12	220	68	152
PCT7635	ED	821	41	0	0	0	41	5	36
PCT7635	MV	821	79	0	0	1	78	22	56
PCT7635	TO	821	120	0	0	1	119	27	92
PCT7636	ED	945	59	0	0	1	58	17	41
PCT7636	MV	945	116	0	0	3	113	22	91
PCT7636	TO	945	175	0	0	4	171	39	132
PCT7637	ED	841	44	0	0	0	44	12	32
PCT7637	MV	841	133	0	0	2	131	25	106
PCT7637	TO	841	177	0	0	2	175	37	138
PCT7638	ED	1467	67	0	0	2	65	24	41
PCT7638	MV	1467	239	0	0	7	232	48	184
PCT7638	TO	1467	306	0	0	9	297	72	225
PCT7639	ED	1935	103	0	0	2	101	15	86
PCT7639	MV	1935	314	0	0	7	307	76	231
PCT7639	TO	1935	417	0	0	9	408	91	317
PCT7642	ED	946	60	0	0	2	58	16	42
PCT7642	MV	946	80	0	0	3	77	22	55
PCT7642	TO	946	140	0	0	5	135	38	97
PCT7643	ED	927	68	0	0	3	65	15	50
PCT7643	MV	927	180	0	0	6	174	40	134
PCT7643	TO	927	248	0	0	9	239	55	184
PCT7644	ED	1111	60	0	0	0	60	14	46
PCT7644	MV	1111	110	0	0	1	109	13	96
PCT7644	TO	1111	170	0	0	1	169	27	142
PCT7645	ED	626	28	0	0	0	28	10	18
PCT7645	MV	626	119	0	0	4	115	25	90
PCT7645	TO	626	147	0	0	4	143	35	108
PCT7646	ED	1090	41	0	0	1	40	5	35
PCT7646	MV	1090	172	0	0	0	172	28	144
PCT7646	TO	1090	213	0	0	1	212	33	179
PCT7647	ED	968	46	0	0	0	46	11	35
PCT7647	MV	968	58	0	0	0	58	15	43
PCT7647	TO	968	104	0	0	0	104	26	78
PCT7648	MV	2	0	0	0	0	0	0	0
PCT7648	TO	2	0	0	0	0	0	0	0
PCT7649	ED	888	44	0	0	2	42	8	34
PCT7649	MV	888	114	0	0	6	108	44	64
PCT7649	TO	888	158	0	0	8	150	52	98
PCT7651	ED	830	29	0	0	1	28	6	22
PCT7651	MV	830	113	0	0	2	111	30	81
PCT7651	TO	830	142	0	0	3	139	36	103
PCT7652	ED	596	38	0	0	1	37	9	28
PCT7652	MV	596	78	0	0	4	74	12	62
PCT7652	TO	596	116	0	0	5	111	21	90
PCT7653	ED	1373	52	0	0	0	52	13	39
PCT7653	MV	1373	149	0	0	1	148	26	122
PCT7653	TO	1373	201	0	0	1	200	39	161
PCT7655	ED	1150	38	0	0	1	37	5	32
PCT7655	MV	1150	150	0	0	6	144	30	114
PCT7655	TO	1150	188	0	0	7	181	35	146
PCT7701	ED	1035	113	0	0	0	113	8	105
PCT7701	MV	1035	155	0	0	2	153	28	125
PCT7701	TO	1035	268	0	0	2	266	36	230
PCT7703	MV	178	32	0	0	2	30	10	20
PCT7703	TO	178	32	0	0	2	30	10	20
PCT7704	ED	1723	201	0	0	9	192	37	155
PCT7704	MV	1723	300	0	0	3	297	51	246
PCT7704	TO	1723	501	0	0	12	489	88	401
PCT7705	ED	570	67	0	0	0	67	5	62
PCT7705	MV	570	120	0	0	4	116	10	106
PCT7705	TO	570	187	0	0	4	183	15	168
PCT7706	ED	839	120	0	1	1	118	10	108
PCT7706	MV	839	146	0	0	3	143	27	116
PCT7706	TO	839	266	0	1	4	261	37	224
PCT7707	ED	861	119	0	0	1	118	25	93
PCT7707	MV	861	170	0	1	2	167	23	144
PCT7707	TO	861	289	0	1	3	285	48	237
PCT7708	ED	881	92	0	0	2	90	11	79
PCT7708	MV	881	181	0	0	5	176	32	144
PCT7708	TO	881	273	0	0	7	266	43	223
PCT7709	ED	395	65	0	0	1	64	4	60
PCT7709	MV	395	68	0	0	1	67	8	59
PCT7709	TO	395	133	0	0	2	131	12	119
PCT7712	ED	1308	145	0	0	3	142	5	137
PCT7712	MV	1308	185	0	0	4	181	35	146
PCT7712	TO	1308	330	0	0	7	323	40	283
PCT7801	ED	968	110	0	0	2	108	13	95
PCT7801	MV	968	170	0	0	3	167	31	136
PCT7801	TO	968	280	0	0	5	275	44	231
PCT7802	ED	788	107	0	0	0	107	9	98
PCT7802	MV	788	137	0	0	8	129	22	107
PCT7802	TO	788	244	0	0	8	236	31	205
PCT7803	ED	822	67	0	0	3	64	8	56
PCT7803	MV	822	198	0	0	5	193	28	165
PCT7803	TO	822	265	0	0	8	257	36	221
PCT7805	ED	1683	205	0	0	0	205	26	179
PCT7805	MV	1683	303	0	0	5	298	51	247
PCT7805	TO	1683	508	0	0	5	503	77	426
PCT7807	ED	796	125	0	0	1	124	19	105
PCT7807	MV	796	106	0	0	0	106	19	87
PCT7807	TO	796	231	0	0	1	230	38	192
PCT7808	ED	1377	206	0	0	7	199	29	170
PCT7808	MV	1377	169	0	0	2	167	25	142
PCT7808	TO	1377	375	0	0	9	366	54	312
PCT7809	ED	770	89	0	0	4	85	10	75
PCT7809	MV	770	115	0	1	1	113	20	93
PCT7809	TO	770	204	0	1	5	198	30	168
PCT7811	ED	726	97	0	0	0	97	15	82
PCT7811	MV	726	61	0	0	3	58	8	50
PCT7811	TO	726	158	0	0	3	155	23	132
PCT7812	ED	871	107	0	0	5	102	15	87
PCT7812	MV	871	120	0	0	0	120	26	94
PCT7812	TO	871	227	0	0	5	222	41	181
PCT7813	ED	1037	153	0	0	0	153	25	128
PCT7813	MV	1037	156	0	0	3	153	27	126
PCT7813	TO	1037	309	0	0	3	306	52	254
PCT7814	ED	887	80	0	0	1	79	20	59
PCT7814	MV	887	91	0	0	2	89	29	60
PCT7814	TO	887	171	0	0	3	168	49	119
PCT7815	ED	1779	190	0	0	1	189	25	164
PCT7815	MV	1779	316	0	0	6	310	51	259
PCT7815	TO	1779	506	0	0	7	499	76	423
PCT7817	ED	1641	225	0	0	6	219	27	192
PCT7817	MV	1641	267	0	0	3	264	38	226
PCT7817	TO	1641	492	0	0	9	483	65	418
PCT7819	ED	1585	181	0	0	2	179	27	152
PCT7819	MV	1585	221	0	0	14	207	50	157
PCT7819	TO	1585	402	0	0	16	386	77	309
PCT7821	ED	965	134	0	0	0	134	15	119
PCT7821	MV	965	156	0	0	3	153	15	138
PCT7821	TO	965	290	0	0	3	287	30	257
PCT7822	ED	1748	263	0	0	3	260	41	219
PCT7822	MV	1748	289	0	1	4	284	56	228
PCT7822	TO	1748	552	0	1	7	544	97	447
PCT7824	ED	1353	175	0	1	6	168	25	143
PCT7824	MV	1353	169	0	0	1	168	27	141
PCT7824	TO	1353	344	0	1	7	336	52	284
PCT7826	ED	661	107	0	0	1	106	13	93
PCT7826	MV	661	60	0	0	1	59	8	51
PCT7826	TO	661	167	0	0	2	165	21	144
PCT7828	ED	997	105	0	0	0	105	21	84
PCT7828	MV	997	138	0	0	1	137	30	107
PCT7828	TO	997	243	0	0	1	242	51	191
PCT7829	ED	884	113	0	0	2	111	19	92
PCT7829	MV	884	155	0	0	1	154	29	125
PCT7829	TO	884	268	0	0	3	265	48	217
PCT7832	ED	773	77	0	0	2	75	13	62
PCT7832	MV	773	153	0	0	4	149	28	121
PCT7832	TO	773	230	0	0	6	224	41	183
PCT7834	ED	1593	199	0	0	7	192	30	162
PCT7834	MV	1593	197	0	0	2	195	25	170
PCT7834	TO	1593	396	0	0	9	387	55	332
PCT7835	ED	847	77	0	0	0	77	10	67
PCT7835	MV	847	141	0	0	1	140	28	112
PCT7835	TO	847	218	0	0	1	217	38	179
PCT7836	ED	1011	108	0	0	3	105	15	90
PCT7836	MV	1011	179	0	0	5	174	37	137
PCT7836	TO	1011	287	0	0	8	279	52	227
PCT7837	ED	1784	238	0	0	1	237	23	214
PCT7837	MV	1784	305	0	0	8	297	40	257
PCT7837	TO	1784	543	0	0	9	534	63	471
PCT7839	ED	1718	176	0	0	3	173	26	147
PCT7839	MV	1718	330	0	0	4	326	41	285
PCT7839	TO	1718	506	0	0	7	499	67	432
PCT7841	ED	1778	277	0	0	3	274	34	240
PCT7841	MV	1778	218	0	0	2	216	35	181
PCT7841	TO	1778	495	0	0	5	490	69	421
PCT7843	ED	719	108	0	0	3	105	10	95
PCT7843	MV	719	92	0	0	5	87	10	77
PCT7843	TO	719	200	0	0	8	192	20	172
PCT7844	ED	630	77	0	0	3	74	15	59
PCT7844	MV	630	84	0	0	4	80	12	68
PCT7844	TO	630	161	0	0	7	154	27	127
PCT7845	ED	870	107	0	0	1	106	15	91
PCT7845	MV	870	142	0	0	6	136	20	116
PCT7845	TO	870	249	0	0	7	242	35	207
PCT7846	ED	888	103	0	0	2	101	13	88
PCT7846	MV	888	124	0	0	4	120	14	106
PCT7846	TO	888	227	0	0	6	221	27	194
PCT7847	ED	1718	225	0	0	2	223	29	194
PCT7847	MV	1718	259	0	0	2	257	40	217
PCT7847	TO	1718	484	0	0	4	480	69	411
PCT7849	ED	887	126	0	0	3	123	13	110
PCT7849	MV	887	143	0	0	0	143	23	120
PCT7849	TO	887	269	0	0	3	266	36	230
PCT7852	ED	1153	130	0	0	1	129	23	106
PCT7852	MV	1153	235	0	1	4	230	34	196
PCT7852	TO	1153	365	0	1	5	359	57	302
PCT7853	ED	1736	183	0	0	4	179	24	155
PCT7853	MV	1736	281	0	0	6	275	38	237
PCT7853	TO	1736	464	0	0	10	454	62	392
PCT7854	ED	866	109	0	0	0	109	8	101
PCT7854	MV	866	129	0	0	0	129	28	101
PCT7854	TO	866	238	0	0	0	238	36	202
PCT7855	ED	1775	243	0	0	2	241	20	221
PCT7855	MV	1775	241	0	0	2	239	34	205
PCT7855	TO	1775	484	0	0	4	480	54	426
PCT7858	ED	1646	199	0	0	6	193	24	169
PCT7858	MV	1646	205	0	0	7	198	40	158
PCT7858	TO	1646	404	0	0	13	391	64	327
PCT7861	ED	854	111	0	0	0	111	12	99
PCT7861	MV	854	138	0	0	4	134	24	110
PCT7861	TO	854	249	0	0	4	245	36	209
PCT7862	ED	857	132	0	0	0	132	16	116
PCT7862	MV	857	120	0	0	2	118	21	97
PCT7862	TO	857	252	0	0	2	250	37	213
PCT7863	ED	881	127	0	0	2	125	14	111
PCT7863	MV	881	98	0	0	3	95	18	77
PCT7863	TO	881	225	0	0	5	220	32	188
PCT7864	ED	804	96	0	0	0	96	6	90
PCT7864	MV	804	111	0	1	1	109	23	86
PCT7864	TO	804	207	0	1	1	205	29	176
PCT7866	ED	822	113	0	0	4	109	15	94
PCT7866	MV	822	193	0	1	1	191	36	155
PCT7866	TO	822	306	0	1	5	300	51	249
PCT7867	ED	969	124	0	0	5	119	18	101
PCT7867	MV	969	145	0	0	1	144	19	125
PCT7867	TO	969	269	0	0	6	263	37	226
PCT7868	ED	870	117	0	0	2	115	13	102
PCT7868	MV	870	127	0	0	2	125	20	105
PCT7868	TO	870	244	0	0	4	240	33	207
PCT7869	ED	863	109	0	0	0	109	13	96
PCT7869	MV	863	147	0	0	0	147	14	133
PCT7869	TO	863	256	0	0	0	256	27	229
PCT7871	ED	877	125	0	0	0	125	15	110
PCT7871	MV	877	133	0	0	3	130	14	116
PCT7871	TO	877	258	0	0	3	255	29	226
PCT7872	ED	863	134	0	0	0	134	17	117
PCT7872	MV	863	144	0	0	2	142	23	119
PCT7872	TO	863	278	0	0	2	276	40	236
PCT7873	ED	1688	227	0	1	4	222	17	205
PCT7873	MV	1688	278	0	0	6	272	38	234
PCT7873	TO	1688	505	0	1	10	494	55	439
PCT7874	ED	474	55	0	0	2	53	12	41
PCT7874	MV	474	56	0	0	1	55	10	45
PCT7874	TO	474	111	0	0	3	108	22	86
PCT7875	ED	624	63	0	0	1	62	7	55
PCT7875	MV	624	84	0	1	1	82	16	66
PCT7875	TO	624	147	0	1	2	144	23	121
PCT7876	ED	523	49	0	0	2	47	9	38
PCT7876	MV	523	93	0	0	2	91	21	70
PCT7876	TO	523	142	0	0	4	138	30	108
PCT7902	ED	1729	159	0	0	2	157	23	134
PCT7902	MV	1729	184	0	0	5	179	44	135
PCT7902	TO	1729	343	0	0	7	336	67	269
PCT7903	ED	826	102	0	0	3	99	29	70
PCT7903	MV	826	83	0	0	5	78	21	57
PCT7903	TO	826	185	0	0	8	177	50	127
PCT7905	ED	880	115	0	0	2	113	15	98
PCT7905	MV	880	114	0	0	4	110	23	87
PCT7905	TO	880	229	0	0	6	223	38	185
PCT7906	ED	757	75	0	0	1	74	16	58
PCT7906	MV	757	67	0	0	1	66	10	56
PCT7906	TO	757	142	0	0	2	140	26	114
PCT7908	ED	1907	203	0	0	0	203	35	168
PCT7908	MV	1907	223	0	0	10	213	46	167
PCT7908	TO	1907	426	0	0	10	416	81	335
PCT7909	ED	718	96	0	0	2	94	16	78
PCT7909	MV	718	68	0	0	1	67	6	61
PCT7909	TO	718	164	0	0	3	161	22	139
PCT7911	ED	845	91	0	0	2	89	14	75
PCT7911	MV	845	82	0	0	4	78	19	59
PCT7911	TO	845	173	0	0	6	167	33	134
PCT7912	ED	1940	230	0	0	5	225	38	187
PCT7912	MV	1940	197	0	0	3	194	49	145
PCT7912	TO	1940	427	0	0	8	419	87	332
PCT7915	ED	1692	201	0	0	4	197	34	163
PCT7915	MV	1692	142	0	0	1	141	38	103
PCT7915	TO	1692	343	0	0	5	338	72	266
PCT7916	ED	842	119	0	0	1	118	15	103
PCT7916	MV	842	85	0	0	3	82	18	64
PCT7916	TO	842	204	0	0	4	200	33	167
PCT7917	ED	1823	232	0	1	9	222	25	197
PCT7917	MV	1823	178	0	0	2	176	42	134
PCT7917	TO	1823	410	0	1	11	398	67	331
PCT7918	ED	798	96	0	0	2	94	9	85
PCT7918	MV	798	61	0	0	0	61	11	50
PCT7918	TO	798	157	0	0	2	155	20	135
PCT7921	ED	1729	158	0	0	4	154	24	130
PCT7921	MV	1729	191	0	0	2	189	41	148
PCT7921	TO	1729	349	0	0	6	343	65	278
PCT7923	ED	1708	173	0	0	1	172	20	152
PCT7923	MV	1708	196	0	0	6	190	44	146
PCT7923	TO	1708	369	0	0	7	362	64	298
PCT7925	ED	530	58	0	0	3	55	10	45
PCT7925	MV	530	66	0	0	2	64	14	50
PCT7925	TO	530	124	0	0	5	119	24	95
PCT7926	ED	783	114	0	0	0	114	13	101
PCT7926	MV	783	85	0	0	1	84	21	63
PCT7926	TO	783	199	0	0	1	198	34	164
PCT7928	ED	1661	261	0	1	6	254	26	228
PCT7928	MV	1661	205	0	2	6	197	22	175
PCT7928	TO	1661	466	0	3	12	451	48	403
PCT7929	ED	830	117	0	0	6	111	13	98
PCT7929	MV	830	139	0	0	3	136	14	122
PCT7929	TO	830	256	0	0	9	247	27	220
PCT7931	ED	742	96	0	0	0	96	8	88
PCT7931	MV	742	122	0	0	3	119	12	107
PCT7931	TO	742	218	0	0	3	215	20	195
PCT7932	ED	547	68	0	0	1	67	4	63
PCT7932	MV	547	79	0	0	1	78	17	61
PCT7932	TO	547	147	0	0	2	145	21	124
PCT7933	MV	7	2	0	0	0	2	0	2
PCT7933	TO	7	2	0	0	0	2	0	2
PCT7934	ED	866	92	0	0	2	90	13	77
PCT7934	MV	866	124	0	0	1	123	17	106
PCT7934	TO	866	216	0	0	3	213	30	183
PCT7935	ED	927	131	0	0	2	129	11	118
PCT7935	MV	927	143	0	0	5	138	9	129
PCT7935	TO	927	274	0	0	7	267	20	247
PCT7936	ED	1508	285	0	0	4	281	24	257
PCT7936	MV	1508	190	0	0	4	186	29	157
PCT7936	TO	1508	475	0	0	8	467	53	414
PCT7937	ED	899	108	0	0	0	108	18	90
PCT7937	MV	899	97	0	0	3	94	22	72
PCT7937	TO	899	205	0	0	3	202	40	162
PCT7938	ED	758	80	0	0	0	80	16	64
PCT7938	MV	758	91	0	0	1	90	28	62
PCT7938	TO	758	171	0	0	1	170	44	126
PCT7941	ED	752	95	0	0	0	95	13	82
PCT7941	MV	752	100	0	0	2	98	22	76
PCT7941	TO	752	195	0	0	2	193	35	158
PCT7942	ED	923	72	0	0	3	69	15	54
PCT7942	MV	923	124	0	0	4	120	24	96
PCT7942	TO	923	196	0	0	7	189	39	150
PCT7943	ED	1675	215	0	1	4	210	21	189
PCT7943	MV	1675	215	0	0	3	212	39	173
PCT7943	TO	1675	430	0	1	7	422	60	362
PCT7945	ED	940	50	0	0	0	50	8	42
PCT7945	MV	940	115	0	0	4	111	26	85
PCT7945	TO	940	165	0	0	4	161	34	127
PCT7946	ED	1553	111	0	0	1	110	24	86
PCT7946	MV	1553	267	0	0	8	259	80	179
PCT7946	TO	1553	378	0	0	9	369	104	265
PCT7947	ED	960	51	0	0	3	48	13	35
PCT7947	MV	960	157	0	0	0	157	66	91
PCT7947	TO	960	208	0	0	3	205	79	126
PCT7948	ED	918	75	0	1	1	73	15	58
PCT7948	MV	918	146	0	0	3	143	31	112
PCT7948	TO	918	221	0	1	4	216	46	170
PCT7951	ED	1818	98	0	0	2	96	19	77
PCT7951	MV	1818	311	0	0	8	303	68	235
PCT7951	TO	1818	409	0	0	10	399	87	312
PCT7953	ED	824	69	0	0	0	69	13	56
PCT7953	MV	824	132	0	0	2	130	38	92
PCT7953	TO	824	201	0	0	2	199	51	148
PCT7954	MV	1	1	0	0	0	1	0	1
PCT7954	TO	1	1	0	0	0	1	0	1
PCT7956	ED	1759	85	0	0	2	83	26	57
PCT7956	MV	1759	246	0	0	9	237	75	162
PCT7956	TO	1759	331	0	0	11	320	101	219
PCT7957	ED	665	60	0	0	2	58	15	43
PCT7957	MV	665	103	0	0	2	101	26	75
PCT7957	TO	665	163	0	0	4	159	41	118
PCT7958	MV	301	53	0	0	1	52	10	42
PCT7958	TO	301	53	0	0	1	52	10	42
PCT7959	ED	1198	94	0	0	2	92	26	66
PCT7959	MV	1198	147	0	0	1	146	34	112
PCT7959	TO	1198	241	0	0	3	238	60	178
PCT9001	MV	286	50	0	0	0	50	20	30
PCT9001	TO	286	50	0	0	0	50	20	30
PCT9103	ED	946	98	0	0	2	96	17	79
PCT9103	MV	946	124	0	0	5	119	27	92
PCT9103	TO	946	222	0	0	7	215	44	171
PCT9104	ED	993	83	0	0	2	81	11	70
PCT9104	MV	993	141	0	0	5	136	33	103
PCT9104	TO	993	224	0	0	7	217	44	173
PCT9105	ED	1747	185	0	1	1	183	31	152
PCT9105	MV	1747	234	0	0	2	232	45	187
PCT9105	TO	1747	419	0	1	3	415	76	339
PCT9106	ED	935	109	0	0	3	106	15	91
PCT9106	MV	935	112	0	0	4	108	13	95
PCT9106	TO	935	221	0	0	7	214	28	186
PCT9109	ED	1651	202	0	0	4	198	32	166
PCT9109	MV	1651	175	0	0	9	166	31	135
PCT9109	TO	1651	377	0	0	13	364	63	301
PCT9111	ED	809	82	0	0	3	79	20	59
PCT9111	MV	809	98	0	0	2	96	26	70
PCT9111	TO	809	180	0	0	5	175	46	129
PCT9113	ED	997	132	0	0	3	129	16	113
PCT9113	MV	997	127	0	0	2	125	26	99
PCT9113	TO	997	259	0	0	5	254	42	212
PCT9114	ED	1806	173	0	0	1	172	26	146
PCT9114	MV	1806	209	0	0	5	204	57	147
PCT9114	TO	1806	382	0	0	6	376	83	293
PCT9116	ED	1822	194	0	0	7	187	21	166
PCT9116	MV	1822	222	0	0	4	218	49	169
PCT9116	TO	1822	416	0	0	11	405	70	335
PCT9117	ED	1691	202	0	0	4	198	29	169
PCT9117	MV	1691	277	0	0	9	268	70	198
PCT9117	TO	1691	479	0	0	13	466	99	367
PCT9118	ED	1938	171	0	0	4	167	25	142
PCT9118	MV	1938	255	0	1	7	247	66	181
PCT9118	TO	1938	426	0	1	11	414	91	323
PCT9119	ED	899	77	0	0	1	76	16	60
PCT9119	MV	899	139	0	1	2	136	31	105
PCT9119	TO	899	216	0	1	3	212	47	165
PCT9122	ED	1865	148	0	0	7	141	30	111
PCT9122	MV	1865	271	0	0	5	266	62	204
PCT9122	TO	1865	419	0	0	12	407	92	315
PCT9124	ED	1843	179	0	0	2	177	22	155
PCT9124	MV	1843	258	0	0	3	255	60	195
PCT9124	TO	1843	437	0	0	5	432	82	350
PCT9125	ED	879	83	0	0	1	82	10	72
PCT9125	MV	879	114	0	0	1	113	20	93
PCT9125	TO	879	197	0	0	2	195	30	165
PCT9127	ED	1974	213	0	0	2	211	30	181
PCT9127	MV	1974	298	0	0	5	293	81	212
PCT9127	TO	1974	511	0	0	7	504	111	393
PCT9128	ED	814	102	0	0	4	98	14	84
PCT9128	MV	814	111	0	0	0	111	29	82
PCT9128	TO	814	213	0	0	4	209	43	166
PCT9129	ED	1459	128	0	0	4	124	17	107
PCT9129	MV	1459	192	0	1	2	189	40	149
PCT9129	TO	1459	320	0	1	6	313	57	256
PCT9132	ED	805	80	0	1	3	76	12	64
PCT9132	MV	805	86	0	0	0	86	22	64
PCT9132	TO	805	166	0	1	3	162	34	128
PCT9133	ED	1984	203	0	0	1	202	33	169
PCT9133	MV	1984	262	0	0	5	257	43	214
PCT9133	TO	1984	465	0	0	6	459	76	383
PCT9134	ED	891	60	0	0	1	59	10	49
PCT9134	MV	891	117	0	0	4	113	24	89
PCT9134	TO	891	177	0	0	5	172	34	138
PCT9135	ED	802	90	0	0	1	89	25	64
PCT9135	MV	802	127	0	0	3	124	33	91
PCT9135	TO	802	217	0	0	4	213	58	155
PCT9136	ED	900	97	0	0	0	97	26	71
PCT9136	MV	900	106	0	1	6	99	26	73
PCT9136	TO	900	203	0	1	6	196	52	144
PCT9137	ED	999	90	0	0	2	88	13	75
PCT9137	MV	999	131	0	0	0	131	34	97
PCT9137	TO	999	221	0	0	2	219	47	172
PCT9138	ED	929	69	0	0	0	69	10	59
PCT9138	MV	929	126	0	0	3	123	20	103
PCT9138	TO	929	195	0	0	3	192	30	162
PCT9139	ED	986	83	0	0	4	79	7	72
PCT9139	MV	986	150	0	0	5	145	39	106
PCT9139	TO	986	233	0	0	9	224	46	178
PCT9141	ED	1803	187	0	0	4	183	29	154
PCT9141	MV	1803	269	0	0	5	264	62	202
PCT9141	TO	1803	456	0	0	9	447	91	356
PCT9143	ED	895	103	0	0	2	101	17	84
PCT9143	MV	895	141	0	0	2	139	34	105
PCT9143	TO	895	244	0	0	4	240	51	189
PCT9144	ED	958	121	0	0	1	120	12	108
PCT9144	MV	958	140	0	0	4	136	31	105
PCT9144	TO	958	261	0	0	5	256	43	213
PCT9145	ED	851	89	0	0	2	87	9	78
PCT9145	MV	851	101	0	0	1	100	14	86
PCT9145	TO	851	190	0	0	3	187	23	164
PCT9146	ED	1837	209	0	0	2	207	24	183
PCT9146	MV	1837	208	0	0	4	204	42	162
PCT9146	TO	1837	417	0	0	6	411	66	345
PCT9149	ED	957	134	0	0	3	131	22	109
PCT9149	MV	957	108	0	0	0	108	24	84
PCT9149	TO	957	242	0	0	3	239	46	193
PCT9152	ED	1630	123	0	0	3	120	17	103
PCT9152	MV	1630	178	0	0	2	176	29	147
PCT9152	TO	1630	301	0	0	5	296	46	250
PCT9201	ED	950	76	0	0	1	75	6	69
PCT9201	MV	950	74	0	0	1	73	15	58
PCT9201	TO	950	150	0	0	2	148	21	127
PCT9202	ED	977	78	0	0	1	77	12	65
PCT9202	MV	977	75	0	0	0	75	13	62
PCT9202	TO	977	153	0	0	1	152	25	127
PCT9203	ED	984	51	0	0	0	51	5	46
PCT9203	MV	984	118	0	0	5	113	26	87
PCT9203	TO	984	169	0	0	5	164	31	133
PCT9204	ED	855	83	0	0	3	80	14	66
PCT9204	MV	855	99	0	0	5	94	17	77
PCT9204	TO	855	182	0	0	8	174	31	143
PCT9205	ED	1484	103	0	0	1	102	24	78
PCT9205	MV	1484	166	0	1	2	163	33	130
PCT9205	TO	1484	269	0	1	3	265	57	208
PCT9208	ED	1935	136	0	0	1	135	23	112
PCT9208	MV	1935	217	0	0	2	215	44	171
PCT9208	TO	1935	353	0	0	3	350	67	283
PCT9209	ED	742	64	0	0	0	64	9	55
PCT9209	MV	742	93	0	0	1	92	24	68
PCT9209	TO	742	157	0	0	1	156	33	123
PCT9211	ED	1788	140	0	0	4	136	26	110
PCT9211	MV	1788	229	0	0	6	223	42	181
PCT9211	TO	1788	369	0	0	10	359	68	291
PCT9213	ED	927	67	0	0	0	67	12	55
PCT9213	MV	927	129	0	0	0	129	23	106
PCT9213	TO	927	196	0	0	0	196	35	161
PCT9214	ED	633	52	0	0	0	52	11	41
PCT9214	MV	633	90	0	0	1	89	13	76
PCT9214	TO	633	142	0	0	1	141	24	117
PCT9215	ED	641	58	0	0	0	58	14	44
PCT9215	MV	641	94	0	0	4	90	10	80
PCT9215	TO	641	152	0	0	4	148	24	124
PCT9216	ED	818	58	0	0	0	58	10	48
PCT9216	MV	818	81	0	0	3	78	14	64
PCT9216	TO	818	139	0	0	3	136	24	112
PCT9217	ED	704	48	0	0	0	48	8	40
PCT9217	MV	704	88	0	0	0	88	23	65
PCT9217	TO	704	136	0	0	0	136	31	105
PCT9218	ED	805	66	0	0	2	64	11	53
PCT9218	MV	805	98	0	0	2	96	19	77
PCT9218	TO	805	164	0	0	4	160	30	130
PCT9219	ED	1727	142	0	0	1	141	28	113
PCT9219	MV	1727	171	0	0	2	169	34	135
PCT9219	TO	1727	313	0	0	3	310	62	248
PCT9221	ED	638	60	0	0	1	59	2	57
PCT9221	MV	638	136	0	0	1	135	24	111
PCT9221	TO	638	196	0	0	2	194	26	168
PCT9222	ED	886	63	0	0	2	61	11	50
PCT9222	MV	886	145	0	0	13	132	21	111
PCT9222	TO	886	208	0	0	15	193	32	161
PCT9223	ED	651	39	0	0	0	39	9	30
PCT9223	MV	651	108	0	0	7	101	14	87
PCT9223	TO	651	147	0	0	7	140	23	117
PCT9224	ED	928	77	0	0	1	76	16	60
PCT9224	MV	928	151	0	0	0	151	27	124
PCT9224	TO	928	228	0	0	1	227	43	184
PCT9226	ED	892	70	0	0	0	70	15	55
PCT9226	MV	892	129	0	0	1	128	20	108
PCT9226	TO	892	199	0	0	1	198	35	163
PCT9227	ED	713	72	0	0	1	71	6	65
PCT9227	MV	713	117	0	0	2	115	21	94
PCT9227	TO	713	189	0	0	3	186	27	159
PCT9228	ED	740	77	0	0	0	77	7	70
PCT9228	MV	740	105	0	1	1	103	17	86
PCT9228	TO	740	182	0	1	1	180	24	156
PCT9229	ED	574	80	0	0	0	80	10	70
PCT9229	MV	574	82	0	0	1	81	7	74
PCT9229	TO	574	162	0	0	1	161	17	144
PCT9231	ED	954	122	0	0	5	117	10	107
PCT9231	MV	954	115	0	0	0	115	17	98
PCT9231	TO	954	237	0	0	5	232	27	205
PCT9232	ED	716	74	0	0	1	73	8	65
PCT9232	MV	716	101	0	0	2	99	14	85
PCT9232	TO	716	175	0	0	3	172	22	150
PCT9233	ED	814	62	0	0	0	62	6	56
PCT9233	MV	814	126	0	0	3	123	18	105
PCT9233	TO	814	188	0	0	3	185	24	161
PCT9234	ED	747	56	0	0	2	54	7	47
PCT9234	MV	747	105	0	0	2	103	16	87
PCT9234	TO	747	161	0	0	4	157	23	134
PCT9235	ED	1439	127	0	0	1	126	10	116
PCT9235	MV	1439	213	0	0	6	207	25	182
PCT9235	TO	1439	340	0	0	7	333	35	298
PCT9236	ED	659	53	0	0	0	53	6	47
PCT9236	MV	659	110	0	0	2	108	17	91
PCT9236	TO	659	163	0	0	2	161	23	138
PCT9237	ED	874	60	0	0	0	60	15	45
PCT9237	MV	874	126	0	0	4	122	18	104
PCT9237	TO	874	186	0	0	4	182	33	149
PCT9238	ED	1769	122	0	0	3	119	20	99
PCT9238	MV	1769	274	0	1	5	268	46	222
PCT9238	TO	1769	396	0	1	8	387	66	321
PCT9239	ED	866	64	0	0	2	62	12	50
PCT9239	MV	866	156	0	1	7	148	32	116
PCT9239	TO	866	220	0	1	9	210	44	166
PCT9241	ED	968	78	0	0	1	77	12	65
PCT9241	MV	968	141	0	0	4	137	27	110
PCT9241	TO	968	219	0	0	5	214	39	175
PCT9242	ED	1845	121	0	0	0	121	25	96
PCT9242	MV	1845	257	0	1	3	253	51	202
PCT9242	TO	1845	378	0	1	3	374	76	298
PCT9244	ED	881	75	0	0	2	73	11	62
PCT9244	MV	881	96	0	0	5	91	16	75
PCT9244	TO	881	171	0	0	7	164	27	137
PCT9245	ED	1081	104	0	0	4	100	18	82
PCT9245	MV	1081	142	0	0	1	141	19	122
PCT9245	TO	1081	246	0	0	5	241	37	204
PCT9248	ED	870	67	0	0	0	67	16	51
PCT9248	MV	870	99	0	0	2	97	18	79
PCT9248	TO	870	166	0	0	2	164	34	130
PCT9251	ED	1887	220	0	1	3	216	31	185
PCT9251	MV	1887	260	0	0	4	256	42	214
PCT9251	TO	1887	480	0	1	7	472	73	399
PCT9252	ED	918	56	0	0	1	55	7	48
PCT9252	MV	918	113	0	0	0	113	22	91
PCT9252	TO	918	169	0	0	1	168	29	139
PCT9253	ED	752	64	0	0	2	62	9	53
PCT9253	MV	752	124	0	0	6	118	22	96
PCT9253	TO	752	188	0	0	8	180	31	149
PCT9255	ED	1236	119	0	0	3	116	19	97
PCT9255	MV	1236	144	0	0	0	144	22	122
PCT9255	TO	1236	263	0	0	3	260	41	219
PCT9256	ED	1373	112	0	0	0	112	11	101
PCT9256	MV	1373	216	0	0	4	212	32	180
PCT9256	TO	1373	328	0	0	4	324	43	281
PCT9257	MV	311	39	0	0	2	37	10	27
PCT9257	TO	311	39	0	0	2	37	10	27
PCT9401	ED	1015	120	0	0	3	117	20	97
PCT9401	MV	1015	113	0	0	1	112	18	94
PCT9401	TO	1015	233	0	0	4	229	38	191
PCT9402	ED	988	140	0	1	4	135	26	109
PCT9402	MV	988	102	0	0	9	93	23	70
PCT9402	TO	988	242	0	1	13	228	49	179
PCT9404	ED	1814	161	0	0	2	159	24	135
PCT9404	MV	1814	230	0	0	4	226	48	178
PCT9404	TO	1814	391	0	0	6	385	72	313
PCT9405	ED	770	88	0	0	0	88	13	75
PCT9405	MV	770	108	0	0	3	105	26	79
PCT9405	TO	770	196	0	0	3	193	39	154
PCT9406	ED	873	110	0	0	3	107	16	91
PCT9406	MV	873	109	0	0	5	104	19	85
PCT9406	TO	873	219	0	0	8	211	35	176
PCT9407	ED	887	96	0	0	8	88	11	77
PCT9407	MV	887	100	0	0	5	95	14	81
PCT9407	TO	887	196	0	0	13	183	25	158
PCT9408	ED	834	93	0	0	4	89	17	72
PCT9408	MV	834	77	0	0	0	77	19	58
PCT9408	TO	834	170	0	0	4	166	36	130
PCT9409	ED	591	89	0	0	2	87	12	75
PCT9409	MV	591	59	0	0	5	54	15	39
PCT9409	TO	591	148	0	0	7	141	27	114
PCT9411	ED	1842	167	0	0	3	164	28	136
PCT9411	MV	1842	234	0	0	6	228	68	160
PCT9411	TO	1842	401	0	0	9	392	96	296
PCT9413	ED	920	88	0	0	1	87	10	77
PCT9413	MV	920	126	0	0	5	121	21	100
PCT9413	TO	920	214	0	0	6	208	31	177
PCT9415	ED	779	56	0	0	0	56	8	48
PCT9415	MV	779	128	0	0	1	127	25	102
PCT9415	TO	779	184	0	0	1	183	33	150
PCT9416	ED	988	118	0	0	3	115	19	96
PCT9416	MV	988	139	0	0	6	133	37	96
PCT9416	TO	988	257	0	0	9	248	56	192
PCT9418	ED	1561	161	0	0	4	157	31	126
PCT9418	MV	1561	249	0	0	4	245	64	181
PCT9418	TO	1561	410	0	0	8	402	95	307
PCT9419	ED	1790	130	0	0	1	129	23	106
PCT9419	MV	1790	283	0	0	11	272	55	217
PCT9419	TO	1790	413	0	0	12	401	78	323
PCT9421	ED	917	65	0	0	2	63	16	47
PCT9421	MV	917	128	0	0	3	125	24	101
PCT9421	TO	917	193	0	0	5	188	40	148
PCT9422	ED	1068	99	0	0	2	97	20	77
PCT9422	MV	1068	169	0	0	4	165	37	128
PCT9422	TO	1068	268	0	0	6	262	57	205
PCT9423	ED	906	70	0	0	3	67	5	62
PCT9423	MV	906	93	0	0	6	87	15	72
PCT9423	TO	906	163	0	0	9	154	20	134
PCT9424	ED	1949	142	0	0	3	139	27	112
PCT9424	MV	1949	323	0	0	6	317	65	252
PCT9424	TO	1949	465	0	0	9	456	92	364
PCT9426	ED	832	61	0	0	3	58	9	49
PCT9426	MV	832	117	0	1	2	114	21	93
PCT9426	TO	832	178	0	1	5	172	30	142
PCT9427	ED	964	78	0	0	1	77	15	62
PCT9427	MV	964	144	0	0	4	140	39	101
PCT9427	TO	964	222	0	0	5	217	54	163
PCT9431	ED	1914	176	0	0	2	174	23	151
PCT9431	MV	1914	284	0	1	4	279	68	211
PCT9431	TO	1914	460	0	1	6	453	91	362
PCT9432	ED	943	76	0	0	0	76	10	66
PCT9432	MV	943	142	0	0	3	139	32	107
PCT9432	TO	943	218	0	0	3	215	42	173
PCT9433	ED	1923	120	0	0	2	118	22	96
PCT9433	MV	1923	289	0	0	11	278	71	207
PCT9433	TO	1923	409	0	0	13	396	93	303
PCT9434	ED	982	97	0	0	0	97	17	80
PCT9434	MV	982	120	0	0	1	119	20	99
PCT9434	TO	982	217	0	0	1	216	37	179
PCT9436	ED	1057	94	0	0	3	91	24	67
PCT9436	MV	1057	160	0	0	2	158	25	133
PCT9436	TO	1057	254	0	0	5	249	49	200
PCT9437	ED	908	76	0	0	1	75	13	62
PCT9437	MV	908	127	0	0	2	125	26	99
PCT9437	TO	908	203	0	0	3	200	39	161
PCT9439	ED	1863	125	0	0	1	124	26	98
PCT9439	MV	1863	310	0	1	7	302	70	232
PCT9439	TO	1863	435	0	1	8	426	96	330
PCT9441	ED	985	100	0	0	3	97	13	84
PCT9441	MV	985	170	0	0	3	167	45	122
PCT9441	TO	985	270	0	0	6	264	58	206
PCT9442	ED	2015	196	0	0	7	189	41	148
PCT9442	MV	2015	280	0	0	4	276	72	204
PCT9442	TO	2015	476	0	0	11	465	113	352
PCT9443	ED	1908	136	0	0	4	132	26	106
PCT9443	MV	1908	256	0	0	7	249	59	190
PCT9443	TO	1908	392	0	0	11	381	85	296
PCT9445	ED	971	72	0	0	2	70	18	52
PCT9445	MV	971	146	0	0	1	145	35	110
PCT9445	TO	971	218	0	0	3	215	53	162
PCT9446	ED	1940	185	0	0	4	181	37	144
PCT9446	MV	1940	263	0	1	6	256	48	208
PCT9446	TO	1940	448	0	1	10	437	85	352
PCT9447	ED	889	88	0	0	3	85	19	66
PCT9447	MV	889	131	0	0	3	128	24	104
PCT9447	TO	889	219	0	0	6	213	43	170
PCT9448	ED	936	76	0	0	0	76	16	60
PCT9448	MV	936	123	0	0	2	121	27	94
PCT9448	TO	936	199	0	0	2	197	43	154
PCT9449	ED	862	74	0	0	0	74	12	62
PCT9449	MV	862	147	0	0	3	144	37	107
PCT9449	TO	862	221	0	0	3	218	49	169
PCT9451	ED	437	32	0	0	0	32	9	23
PCT9451	MV	437	58	0	0	2	56	14	42
PCT9451	TO	437	90	0	0	2	88	23	65
PCT9453	ED	520	44	0	0	0	44	2	42
PCT9453	MV	520	83	0	0	3	80	15	65
PCT9453	TO	520	127	0	0	3	124	17	107
PCT9501	MV	147	41	0	0	1	40	8	32
PCT9501	TO	147	41	0	0	1	40	8	32
PCT9502	MV	253	46	0	0	0	46	9	37
PCT9502	TO	253	46	0	0	0	46	9	37
PCT9503	ED	667	60	0	0	2	58	13	45
PCT9503	MV	667	95	0	0	2	93	11	82
PCT9503	TO	667	155	0	0	4	151	24	127
PCT9505	ED	760	100	0	0	2	98	26	72
PCT9505	MV	760	114	0	0	2	112	20	92
PCT9505	TO	760	214	0	0	4	210	46	164
PCT9506	ED	750	73	0	0	3	70	13	57
PCT9506	MV	750	76	0	0	0	76	15	61
PCT9506	TO	750	149	0	0	3	146	28	118
PCT9507	ED	713	92	0	0	2	90	10	80
PCT9507	MV	713	83	0	0	2	81	10	71
PCT9507	TO	713	175	0	0	4	171	20	151
PCT9511	ED	1314	167	0	0	7	160	20	140
PCT9511	MV	1314	151	0	0	4	147	23	124
PCT9511	TO	1314	318	0	0	11	307	43	264
PCT9512	ED	1544	192	0	0	2	190	31	159
PCT9512	MV	1544	197	0	0	7	190	26	164
PCT9512	TO	1544	389	0	0	9	380	57	323
PCT9513	ED	872	125	0	0	1	124	18	106
PCT9513	MV	872	94	0	0	2	92	18	74
PCT9513	TO	872	219	0	0	3	216	36	180
PCT9514	ED	888	117	0	0	2	115	12	103
PCT9514	MV	888	102	0	0	3	99	15	84
PCT9514	TO	888	219	0	0	5	214	27	187
PCT9516	ED	1579	195	0	0	5	190	21	169
PCT9516	MV	1579	186	0	0	4	182	34	148
PCT9516	TO	1579	381	0	0	9	372	55	317
PCT9517	ED	1554	181	0	0	4	177	24	153
PCT9517	MV	1554	218	0	0	6	212	30	182
PCT9517	TO	1554	399	0	0	10	389	54	335
PCT9519	ED	882	112	0	0	0	112	12	100
PCT9519	MV	882	113	0	0	3	110	20	90
PCT9519	TO	882	225	0	0	3	222	32	190
PCT9521	ED	870	131	0	0	2	129	9	120
PCT9521	MV	870	122	0	0	2	120	23	97
PCT9521	TO	870	253	0	0	4	249	32	217
PCT9701	ED	652	100	0	0	1	99	14	85
PCT9701	MV	652	79	0	0	2	77	23	54
PCT9701	TO	652	179	0	0	3	176	37	139
PCT9702	ED	709	87	0	0	2	85	5	80
PCT9702	MV	709	80	0	0	3	77	9	68
PCT9702	TO	709	167	0	0	5	162	14	148
PCT9703	ED	981	94	0	0	1	93	21	72
PCT9703	MV	981	155	0	0	4	151	32	119
PCT9703	TO	981	249	0	0	5	244	53	191
PCT9704	ED	946	109	0	0	0	109	7	102
PCT9704	MV	946	143	0	0	3	140	22	118
PCT9704	TO	946	252	0	0	3	249	29	220
PCT9705	ED	1865	204	0	0	3	201	13	188
PCT9705	MV	1865	258	0	0	2	256	39	217
PCT9705	TO	1865	462	0	0	5	457	52	405
PCT9706	MV	48	6	0	0	0	6	2	4
PCT9706	TO	48	6	0	0	0	6	2	4
PCT9709	ED	1021	84	0	0	1	83	12	71
PCT9709	MV	1021	156	0	0	3	153	34	119
PCT9709	TO	1021	240	0	0	4	236	46	190
PCT9711	ED	1433	160	0	0	3	157	26	131
PCT9711	MV	1433	223	0	0	6	217	32	185
PCT9711	TO	1433	383	0	0	9	374	58	316
PCT9712	ED	1237	157	0	0	3	154	11	143
PCT9712	MV	1237	218	0	0	8	210	41	169
PCT9712	TO	1237	375	0	0	11	364	52	312
PCT9716	ED	951	110	0	0	3	107	13	94
PCT9716	MV	951	168	0	0	5	163	35	128
PCT9716	TO	951	278	0	0	8	270	48	222
PCT9717	ED	1917	177	0	0	3	174	26	148
PCT9717	MV	1917	316	0	0	0	316	53	263
PCT9717	TO	1917	493	0	0	3	490	79	411
PCT9718	ED	1833	225	0	0	4	221	34	187
PCT9718	MV	1833	365	0	0	8	357	74	283
PCT9718	TO	1833	590	0	0	12	578	108	470
PCT9719	ED	910	104	0	0	2	102	13	89
PCT9719	MV	910	161	0	0	6	155	31	124
PCT9719	TO	910	265	0	0	8	257	44	213
PCT9721	ED	660	114	0	0	1	113	25	88
PCT9721	MV	660	116	0	0	3	113	28	85
PCT9721	TO	660	230	0	0	4	226	53	173
PCT9722	ED	587	64	0	0	1	63	9	54
PCT9722	MV	587	131	0	0	3	128	18	110
PCT9722	TO	587	195	0	0	4	191	27	164
PCT9723	ED	505	34	0	0	0	34	4	30
PCT9723	MV	505	109	0	0	4	105	19	86
PCT9723	TO	505	143	0	0	4	139	23	116
PCT9724	ED	1003	72	0	0	0	72	10	62
PCT9724	MV	1003	209	0	0	4	205	52	153
PCT9724	TO	1003	281	0	0	4	277	62	215
PCT9725	ED	965	76	0	0	5	71	12	59
PCT9725	MV	965	164	0	0	7	157	35	122
PCT9725	TO	965	240	0	0	12	228	47	181
PCT9726	ED	621	53	0	0	0	53	11	42
PCT9726	MV	621	51	0	0	3	48	12	36
PCT9726	TO	621	104	0	0	3	101	23	78
PCT9727	ED	453	34	0	0	1	33	6	27
PCT9727	MV	453	89	0	1	0	88	13	75
PCT9727	TO	453	123	0	1	1	121	19	102
PCT9728	ED	1829	224	0	0	4	220	43	177
PCT9728	MV	1829	296	0	1	6	289	54	235
PCT9728	TO	1829	520	0	1	10	509	97	412
PCT9729	ED	809	86	0	0	0	86	13	73
PCT9729	MV	809	164	0	0	2	162	27	135
PCT9729	TO	809	250	0	0	2	248	40	208
PCT9731	ED	572	62	0	0	1	61	5	56
PCT9731	MV	572	94	0	0	1	93	20	73
PCT9731	TO	572	156	0	0	2	154	25	129
PCT9732	MV	71	10	0	0	1	9	3	6
PCT9732	TO	71	10	0	0	1	9	3	6
PCT9733	MV	235	51	0	0	3	48	10	38
PCT9733	TO	235	51	0	0	3	48	10	38
PCT9734	ED	1389	150	0	1	0	149	27	122
PCT9734	MV	1389	256	0	0	4	252	36	216
PCT9734	TO	1389	406	0	1	4	401	63	338
PCT9737	ED	1518	168	0	1	1	166	27	139
PCT9737	MV	1518	281	0	0	7	274	47	227
PCT9737	TO	1518	449	0	1	8	440	74	366
PCT9738	ED	813	34	0	0	1	33	5	28
PCT9738	MV	813	125	0	0	2	123	25	98
PCT9738	TO	813	159	0	0	3	156	30	126
PCT9739	ED	768	46	0	0	1	45	14	31
PCT9739	MV	768	72	0	0	1	71	15	56
PCT9739	TO	768	118	0	0	2	116	29	87
PCT9741	ED	497	7	0	0	1	6	1	5
PCT9741	MV	497	3	0	0	0	3	2	1
PCT9741	TO	497	10	0	0	1	9	3	6
PCT9742	ED	679	68	0	0	1	67	18	49
PCT9742	MV	679	82	0	0	3	79	14	65
PCT9742	TO	679	150	0	0	4	146	32	114
PCT9743	ED	1138	85	0	0	2	83	19	64
PCT9743	MV	1138	164	0	0	4	160	53	107
PCT9743	TO	1138	249	0	0	6	243	72	171
PCT9744	ED	907	97	0	0	8	89	27	62
PCT9744	MV	907	99	0	0	3	96	22	74
PCT9744	TO	907	196	0	0	11	185	49	136
PCT9745	ED	973	75	0	0	0	75	13	62
PCT9745	MV	973	115	0	0	3	112	30	82
PCT9745	TO	973	190	0	0	3	187	43	144
PCT9748	ED	910	80	0	0	0	80	16	64
PCT9748	MV	910	152	0	0	2	150	27	123
PCT9748	TO	910	232	0	0	2	230	43	187
PCT9749	ED	1871	160	0	1	2	157	27	130
PCT9749	MV	1871	223	0	0	1	222	54	168
PCT9749	TO	1871	383	0	1	3	379	81	298
PCT9751	ED	1038	101	0	0	1	100	15	85
PCT9751	MV	1038	184	0	0	9	175	44	131
PCT9751	TO	1038	285	0	0	10	275	59	216
PCT9752	ED	696	69	0	0	0	69	6	63
PCT9752	MV	696	132	0	0	7	125	29	96
PCT9752	TO	696	201	0	0	7	194	35	159
PCT9753	ED	764	81	0	0	2	79	15	64
PCT9753	MV	764	115	0	0	0	115	21	94
PCT9753	TO	764	196	0	0	2	194	36	158
PCT9754	ED	686	84	0	0	0	84	9	75
PCT9754	MV	686	114	0	0	4	110	12	98
PCT9754	TO	686	198	0	0	4	194	21	173
PCT9755	ED	567	58	0	0	0	58	7	51
PCT9755	MV	567	85	0	0	4	81	12	69
PCT9755	TO	567	143	0	0	4	139	19	120
PCT9756	ED	940	55	0	0	0	55	14	41
PCT9756	MV	940	136	0	1	4	131	24	107
PCT9756	TO	940	191	0	1	4	186	38	148
PCT9801	ED	404	38	0	0	1	37	7	30
PCT9801	MV	404	67	0	0	2	65	17	48
PCT9801	TO	404	105	0	0	3	102	24	78
CONG12	ED	437850	40985	0	19	811	40155	6497	33658
CONG12	MV	437850	61115	0	36	1478	59601	12692	46909
CONG12	TO	437850	102100	0	55	2289	99756	19189	80567
CONG14	ED	57200	4601	0	5	67	4529	832	3697
CONG14	MV	57200	8564	0	3	199	8362	1996	6366
CONG14	TO	57200	13165	0	8	266	12891	2828	10063
ASSM17	ED	287476	26749	0	15	549	26185	4303	21882
ASSM17	MV	287476	40629	0	23	1023	39583	8611	30972
ASSM17	TO	287476	67378	0	38	1572	65768	12914	52854
ASSM19	ED	207574	18837	0	9	329	18499	3026	15473
ASSM19	MV	207574	29050	0	16	654	28380	6077	22303
ASSM19	TO	207574	47887	0	25	983	46879	9103	37776
SUPV1	ED	42447	4299	0	2	84	4213	648	3565
SUPV1	MV	42447	5634	0	4	117	5513	1252	4261
SUPV1	TO	42447	9933	0	6	201	9726	1900	7826
SUPV2	ED	49361	3997	0	1	60	3936	615	3321
SUPV2	MV	49361	6811	0	5	160	6646	1147	5499
SUPV2	TO	49361	10808	0	6	220	10582	1762	8820
SUPV3	ED	38836	3040	0	2	75	2963	579	2384
SUPV3	MV	38836	6014	0	4	158	5852	1383	4469
SUPV3	TO	38836	9054	0	6	233	8815	1962	6853
SUPV4	ED	43341	3899	0	1	84	3814	678	3136
SUPV4	MV	43341	6120	0	4	154	5962	1341	4621
SUPV4	TO	43341	10019	0	5	238	9776	2019	7757
SUPV5	ED	51976	6299	0	2	152	6145	889	5256
SUPV5	MV	51976	7103	0	3	190	6910	1223	5687
SUPV5	TO	51976	13402	0	5	342	13055	2112	10943
SUPV6	ED	42510	2395	0	1	64	2330	593	1737
SUPV6	MV	42510	5889	0	5	183	5701	1541	4160
SUPV6	TO	42510	8284	0	6	247	8031	2134	5897
SUPV7	ED	46757	4770	0	4	76	4690	698	3992
SUPV7	MV	46757	7507	0	4	171	7332	1409	5923
SUPV7	TO	46757	12277	0	8	247	12022	2107	9915
SUPV8	ED	57103	7221	0	2	113	7106	938	6168
SUPV8	MV	57103	8789	0	6	163	8620	1431	7189
SUPV8	TO	57103	16010	0	8	276	15726	2369	13357
SUPV9	ED	42539	4535	0	4	82	4449	677	3772
SUPV9	MV	42539	5331	0	2	124	5205	1156	4049
SUPV9	TO	42539	9866	0	6	206	9654	1833	7821
SUPV10	ED	42195	2593	0	3	53	2537	504	2033
SUPV10	MV	42195	5310	0	2	146	5162	1374	3788
SUPV10	TO	42195	7903	0	5	199	7699	1878	5821
SUPV11	ED	37985	2538	0	2	35	2501	510	1991
SUPV11	MV	37985	5171	0	0	111	5060	1431	3629
SUPV11	TO	37985	7709	0	2	146	7561	1941	5620
NEIG1	ED	20194	1102	0	2	30	1070	253	817
NEIG1	MV	20194	2403	0	2	81	2320	685	1635
NEIG1	TO	20194	3505	0	4	111	3390	938	2452
NEIG2	ED	18045	1279	0	1	39	1239	232	1007
NEIG2	MV	18045	2697	0	4	82	2611	605	2006
NEIG2	TO	18045	3976	0	5	121	3850	837	3013
NEIG3	ED	27613	2033	0	1	53	1979	479	1500
NEIG3	MV	27613	4069	0	4	132	3933	1090	2843
NEIG3	TO	27613	6102	0	5	185	5912	1569	4343
NEIG4	ED	7735	937	0	0	19	918	113	805
NEIG4	MV	7735	1299	0	2	21	1276	196	1080
NEIG4	TO	7735	2236	0	2	40	2194	309	1885
NEIG5	ED	28067	1842	0	1	26	1815	371	1444
NEIG5	MV	28067	3902	0	1	81	3820	1076	2744
NEIG5	TO	28067	5744	0	2	107	5635	1447	4188
NEIG6	ED	15102	2150	0	2	48	2100	273	1827
NEIG6	MV	15102	1957	0	1	54	1902	287	1615
NEIG6	TO	15102	4107	0	3	102	4002	560	3442
NEIG7	ED	13133	949	0	2	12	935	187	748
NEIG7	MV	13133	1695	0	0	37	1658	450	1208
NEIG7	TO	13133	2644	0	2	49	2593	637	1956
NEIG8	ED	9501	1219	0	0	23	1196	132	1064
NEIG8	MV	9501	1254	0	0	36	1218	217	1001
NEIG8	TO	9501	2473	0	0	59	2414	349	2065
NEIG9	ED	8190	579	0	0	18	561	116	445
NEIG9	MV	8190	1111	0	0	31	1080	265	815
NEIG9	TO	8190	1690	0	0	49	1641	381	1260
NEIG10	ED	10551	1035	0	1	25	1009	145	864
NEIG10	MV	10551	1324	0	0	22	1302	227	1075
NEIG10	TO	10551	2359	0	1	47	2311	372	1939
NEIG11	ED	41063	3200	0	0	49	3151	529	2622
NEIG11	MV	41063	5690	0	5	147	5538	982	4556
NEIG11	TO	41063	8890	0	5	196	8689	1511	7178
NEIG12	ED	32113	3669	0	1	73	3595	558	3037
NEIG12	MV	32113	3596	0	0	89	3507	735	2772
NEIG12	TO	32113	7265	0	1	162	7102	1293	5809
NEIG13	ED	15730	2029	0	1	20	2008	211	1797
NEIG13	MV	15730	2408	0	1	44	2363	388	1975
NEIG13	TO	15730	4437	0	2	64	4371	599	3772
NEIG14	ED	9293	1330	0	1	24	1305	140	1165
NEIG14	MV	9293	1250	0	2	29	1219	177	1042
NEIG14	TO	9293	2580	0	3	53	2524	317	2207
NEIG15	ED	5953	537	0	1	10	526	86	440
NEIG15	MV	5953	1026	0	0	19	1007	238	769
NEIG15	TO	5953	1563	0	1	29	1533	324	1209
NEIG26	ED	9927	616	0	1	13	602	143	459
NEIG26	MV	9927	1536	0	0	36	1500	438	1062
NEIG26	TO	9927	2152	0	1	49	2102	581	1521
NEIG16	ED	16717	1243	0	0	11	1232	194	1038
NEIG16	MV	16717	2207	0	0	32	2175	397	1778
NEIG16	TO	16717	3450	0	0	43	3407	591	2816
NEIG17	ED	37882	3873	0	2	74	3797	584	3213
NEIG17	MV	37882	5092	0	4	106	4982	1153	3829
NEIG17	TO	37882	8965	0	6	180	8779	1737	7042
NEIG18	ED	6193	652	0	0	12	640	69	571
NEIG18	MV	6193	863	0	1	15	847	123	724
NEIG18	TO	6193	1515	0	1	27	1487	192	1295
NEIG19	ED	7872	873	0	1	10	862	122	740
NEIG19	MV	7872	1076	0	1	18	1057	202	855
NEIG19	TO	7872	1949	0	2	28	1919	324	1595
NEIG20	ED	24361	1311	0	0	32	1279	315	964
NEIG20	MV	24361	3384	0	1	99	3284	863	2421
NEIG20	TO	24361	4695	0	1	131	4563	1178	3385
NEIG21	ED	42750	3810	0	1	82	3727	666	3061
NEIG21	MV	42750	6061	0	4	149	5908	1326	4582
NEIG21	TO	42750	9871	0	5	231	9635	1992	7643
NEIG22	ED	19329	2431	0	1	36	2394	341	2053
NEIG22	MV	19329	3212	0	1	53	3158	518	2640
NEIG22	TO	19329	5643	0	2	89	5552	859	4693
NEIG23	ED	7912	363	0	1	13	349	83	266
NEIG23	MV	7912	1080	0	0	38	1042	330	712
NEIG23	TO	7912	1443	0	1	51	1391	413	978
NEIG24	ED	33087	3644	0	3	50	3591	517	3074
NEIG24	MV	33087	5693	0	3	126	5564	999	4565
NEIG24	TO	33087	9337	0	6	176	9155	1516	7639
NEIG25	ED	26737	2880	0	0	76	2804	470	2334
NEIG25	MV	26737	3794	0	2	100	3692	721	2971
NEIG25	TO	26737	6674	0	2	176	6496	1191	5305
