area_id	subtotal_type	RSReg	RSCst	RSRej	RSOvr	RSUnd	RSTot	32:YES	33:NO
ALLPCTS	TO	495050	206340	0	42	5269	201029	143055	57974
ALLPCTS	ED	495050	59414	0	11	1414	57989	44590	13399
ALLPCTS	MV	495050	146926	0	31	3855	143040	98465	44575
PCT1101	ED	557	54	0	0	2	52	37	15
PCT1101	MV	557	166	0	0	4	162	108	54
PCT1101	TO	557	220	0	0	6	214	145	69
PCT1102	ED	994	145	0	0	2	143	100	43
PCT1102	MV	994	304	0	0	4	300	175	125
PCT1102	TO	994	449	0	0	6	443	275	168
PCT1103	ED	962	111	0	0	1	110	83	27
PCT1103	MV	962	283	0	0	4	279	171	108
PCT1103	TO	962	394	0	0	5	389	254	135
PCT1104	ED	1012	109	0	0	7	102	75	27
PCT1104	MV	1012	271	0	0	4	267	187	80
PCT1104	TO	1012	380	0	0	11	369	262	107
PCT1106	ED	1505	168	0	0	2	166	124	42
PCT1106	MV	1505	435	0	0	5	430	240	190
PCT1106	TO	1505	603	0	0	7	596	364	232
PCT1108	ED	908	95	0	0	1	94	74	20
PCT1108	MV	908	272	0	0	12	260	161	99
PCT1108	TO	908	367	0	0	13	354	235	119
PCT1109	ED	805	93	0	0	3	90	69	21
PCT1109	MV	805	233	0	0	7	226	132	94
PCT1109	TO	805	326	0	0	10	316	201	115
PCT1111	ED	1025	106	0	0	1	105	75	30
PCT1111	MV	1025	303	0	0	6	297	158	139
PCT1111	TO	1025	409	0	0	7	402	233	169
PCT1112	ED	770	65	0	0	1	64	47	17
PCT1112	MV	770	217	0	0	3	214	139	75
PCT1112	TO	770	282	0	0	4	278	186	92
PCT1114	ED	1741	129	0	0	4	125	97	28
PCT1114	MV	1741	501	0	0	7	494	293	201
PCT1114	TO	1741	630	0	0	11	619	390	229
PCT1115	ED	1838	165	0	0	6	159	118	41
PCT1115	MV	1838	467	0	1	7	459	274	185
PCT1115	TO	1838	632	0	1	13	618	392	226
PCT1117	ED	1771	155	0	0	5	150	113	37
PCT1117	MV	1771	443	0	0	16	427	240	187
PCT1117	TO	1771	598	0	0	21	577	353	224
PCT1118	ED	1057	99	0	0	3	96	68	28
PCT1118	MV	1057	319	0	1	11	307	175	132
PCT1118	TO	1057	418	0	1	14	403	243	160
PCT1119	ED	771	66	0	0	0	66	56	10
PCT1119	MV	771	226	0	0	8	218	141	77
PCT1119	TO	771	292	0	0	8	284	197	87
PCT1122	ED	638	48	0	0	2	46	29	17
PCT1122	MV	638	188	0	0	1	187	85	102
PCT1122	TO	638	236	0	0	3	233	114	119
PCT1124	ED	812	64	0	0	1	63	43	20
PCT1124	MV	812	188	0	0	2	186	120	66
PCT1124	TO	812	252	0	0	3	249	163	86
PCT1125	ED	1064	48	0	0	0	48	38	10
PCT1125	MV	1064	271	0	1	8	262	136	126
PCT1125	TO	1064	319	0	1	8	310	174	136
PCT1126	ED	1676	121	0	0	0	121	78	43
PCT1126	MV	1676	442	0	0	8	434	244	190
PCT1126	TO	1676	563	0	0	8	555	322	233
PCT1127	ED	1827	157	0	0	1	156	107	49
PCT1127	MV	1827	488	0	0	11	477	262	215
PCT1127	TO	1827	645	0	0	12	633	369	264
PCT1129	ED	1018	85	0	0	5	80	46	34
PCT1129	MV	1018	253	0	0	7	246	149	97
PCT1129	TO	1018	338	0	0	12	326	195	131
PCT1131	ED	836	49	0	0	1	48	39	9
PCT1131	MV	836	226	0	0	3	223	118	105
PCT1131	TO	836	275	0	0	4	271	157	114
PCT1132	ED	1010	47	0	0	0	47	31	16
PCT1132	MV	1010	312	0	0	5	307	183	124
PCT1132	TO	1010	359	0	0	5	354	214	140
PCT1133	ED	857	49	0	0	0	49	33	16
PCT1133	MV	857	255	0	0	4	251	148	103
PCT1133	TO	857	304	0	0	4	300	181	119
PCT1134	ED	762	70	0	0	2	68	55	13
PCT1134	MV	762	215	0	0	4	211	96	115
PCT1134	TO	762	285	0	0	6	279	151	128
PCT1135	ED	554	46	0	0	1	45	31	14
PCT1135	MV	554	195	0	0	8	187	107	80
PCT1135	TO	554	241	0	0	9	232	138	94
PCT1136	ED	847	53	0	0	1	52	31	21
PCT1136	MV	847	248	0	0	6	242	140	102
PCT1136	TO	847	301	0	0	7	294	171	123
PCT1141	ED	1042	103	0	0	3	100	64	36
PCT1141	MV	1042	306	0	0	8	298	164	134
PCT1141	TO	1042	409	0	0	11	398	228	170
PCT1143	ED	1024	109	0	0	0	109	93	16
PCT1143	MV	1024	254	0	0	15	239	148	91
PCT1143	TO	1024	363	0	0	15	348	241	107
PCT1144	ED	1804	177	0	0	5	172	128	44
PCT1144	MV	1804	514	0	0	9	505	330	175
PCT1144	TO	1804	691	0	0	14	677	458	219
PCT1145	ED	894	83	0	0	1	82	64	18
PCT1145	MV	894	297	0	0	4	293	193	100
PCT1145	TO	894	380	0	0	5	375	257	118
PCT1146	ED	1008	83	0	0	3	80	61	19
PCT1146	MV	1008	275	0	0	8	267	172	95
PCT1146	TO	1008	358	0	0	11	347	233	114
PCT1147	ED	868	89	0	0	4	85	62	23
PCT1147	MV	868	235	0	0	5	230	146	84
PCT1147	TO	868	324	0	0	9	315	208	107
PCT1148	ED	1002	100	0	0	5	95	66	29
PCT1148	MV	1002	269	0	0	6	263	139	124
PCT1148	TO	1002	369	0	0	11	358	205	153
PCT1149	ED	911	90	0	0	2	88	67	21
PCT1149	MV	911	237	0	0	6	231	148	83
PCT1149	TO	911	327	0	0	8	319	215	104
PCT1151	ED	0	0	0	0	0	0	0	0
PCT1151	MV	0	0	0	0	0	0	0	0
PCT1151	TO	0	0	0	0	0	0	0	0
PCT1152	ED	1815	155	0	0	3	152	93	59
PCT1152	MV	1815	499	0	0	20	479	312	167
PCT1152	TO	1815	654	0	0	23	631	405	226
PCT1154	ED	0	0	0	0	0	0	0	0
PCT1154	MV	0	0	0	0	0	0	0	0
PCT1154	TO	0	0	0	0	0	0	0	0
PCT7001	ED	752	59	0	0	2	57	48	9
PCT7001	MV	752	232	0	0	4	228	175	53
PCT7001	TO	752	291	0	0	6	285	223	62
PCT7002	ED	659	61	0	0	1	60	52	8
PCT7002	MV	659	151	0	0	1	150	103	47
PCT7002	TO	659	212	0	0	2	210	155	55
PCT7003	ED	1755	233	0	1	3	229	188	41
PCT7003	MV	1755	606	0	1	11	594	466	128
PCT7003	TO	1755	839	0	2	14	823	654	169
PCT7005	ED	850	124	0	0	1	123	108	15
PCT7005	MV	850	280	0	0	3	277	203	74
PCT7005	TO	850	404	0	0	4	400	311	89
PCT7006	ED	921	135	0	0	0	135	101	34
PCT7006	MV	921	263	0	0	6	257	204	53
PCT7006	TO	921	398	0	0	6	392	305	87
PCT7007	ED	1821	269	0	0	6	263	212	51
PCT7007	MV	1821	608	0	0	15	593	434	159
PCT7007	TO	1821	877	0	0	21	856	646	210
PCT7009	ED	874	74	0	0	2	72	49	23
PCT7009	MV	874	317	0	0	6	311	240	71
PCT7009	TO	874	391	0	0	8	383	289	94
PCT7011	ED	951	87	0	0	3	84	72	12
PCT7011	MV	951	168	0	0	2	166	126	40
PCT7011	TO	951	255	0	0	5	250	198	52
PCT7012	ED	1165	149	0	0	2	147	113	34
PCT7012	MV	1165	366	0	0	4	362	261	101
PCT7012	TO	1165	515	0	0	6	509	374	135
PCT7013	ED	1033	93	0	0	3	90	74	16
PCT7013	MV	1033	283	0	0	8	275	218	57
PCT7013	TO	1033	376	0	0	11	365	292	73
PCT7014	ED	1388	136	0	0	1	135	119	16
PCT7014	MV	1388	417	0	0	12	405	294	111
PCT7014	TO	1388	553	0	0	13	540	413	127
PCT7015	ED	104	1	0	0	0	1	1	0
PCT7015	MV	104	25	0	0	0	25	20	5
PCT7015	TO	104	26	0	0	0	26	21	5
PCT7016	ED	912	75	0	0	2	73	53	20
PCT7016	MV	912	174	0	0	10	164	111	53
PCT7016	TO	912	249	0	0	12	237	164	73
PCT7017	ED	781	50	0	0	5	45	44	1
PCT7017	MV	781	143	0	0	2	141	117	24
PCT7017	TO	781	193	0	0	7	186	161	25
PCT7019	ED	1908	121	0	0	2	119	94	25
PCT7019	MV	1908	558	0	0	7	551	337	214
PCT7019	TO	1908	679	0	0	9	670	431	239
PCT7021	ED	955	96	0	0	5	91	78	13
PCT7021	MV	955	212	0	0	6	206	155	51
PCT7021	TO	955	308	0	0	11	297	233	64
PCT7022	ED	943	94	0	0	3	91	79	12
PCT7022	MV	943	215	0	0	6	209	148	61
PCT7022	TO	943	309	0	0	9	300	227	73
PCT7024	ED	448	39	0	0	2	37	33	4
PCT7024	MV	448	34	0	0	0	34	33	1
PCT7024	TO	448	73	0	0	2	71	66	5
PCT7025	ED	473	34	0	0	1	33	28	5
PCT7025	MV	473	58	0	0	1	57	52	5
PCT7025	TO	473	92	0	0	2	90	80	10
PCT7026	ED	1009	56	0	0	1	55	42	13
PCT7026	MV	1009	303	0	0	5	298	158	140
PCT7026	TO	1009	359	0	0	6	353	200	153
PCT7027	ED	883	86	0	0	1	85	64	21
PCT7027	MV	883	230	0	0	7	223	139	84
PCT7027	TO	883	316	0	0	8	308	203	105
PCT7028	ED	849	114	0	0	1	113	95	18
PCT7028	MV	849	168	0	0	5	163	126	37
PCT7028	TO	849	282	0	0	6	276	221	55
PCT7029	ED	1812	146	0	0	3	143	130	13
PCT7029	MV	1812	385	0	0	10	375	290	85
PCT7029	TO	1812	531	0	0	13	518	420	98
PCT7030	ED	787	54	0	0	1	53	31	22
PCT7030	MV	787	243	0	0	10	233	107	126
PCT7030	TO	787	297	0	0	11	286	138	148
PCT7031	ED	680	37	0	0	1	36	32	4
PCT7031	MV	680	210	0	0	7	203	134	69
PCT7031	TO	680	247	0	0	8	239	166	73
PCT7032	ED	876	70	0	0	3	67	53	14
PCT7032	MV	876	212	0	0	4	208	145	63
PCT7032	TO	876	282	0	0	7	275	198	77
PCT7033	ED	770	88	0	0	3	85	72	13
PCT7033	MV	770	164	0	0	4	160	115	45
PCT7033	TO	770	252	0	0	7	245	187	58
PCT7034	ED	954	61	0	0	2	59	48	11
PCT7034	MV	954	119	0	0	8	111	94	17
PCT7034	TO	954	180	0	0	10	170	142	28
PCT7035	ED	681	46	0	0	1	45	38	7
PCT7035	MV	681	181	0	0	3	178	123	55
PCT7035	TO	681	227	0	0	4	223	161	62
PCT7037	ED	1676	80	0	0	2	78	68	10
PCT7037	MV	1676	268	0	0	5	263	154	109
PCT7037	TO	1676	348	0	0	7	341	222	119
PCT7038	ED	924	49	0	0	2	47	40	7
PCT7038	MV	924	244	0	0	8	236	125	111
PCT7038	TO	924	293	0	0	10	283	165	118
PCT7039	ED	830	84	0	0	2	82	56	26
PCT7039	MV	830	197	0	0	4	193	104	89
PCT7039	TO	830	281	0	0	6	275	160	115
PCT7041	ED	60	0	0	0	0	0	0	0
PCT7041	MV	60	13	0	0	0	13	6	7
PCT7041	TO	60	13	0	0	0	13	6	7
PCT7042	ED	1069	92	0	0	2	90	61	29
PCT7042	MV	1069	266	0	0	4	262	166	96
PCT7042	TO	1069	358	0	0	6	352	227	125
PCT7043	ED	961	61	0	0	2	59	47	12
PCT7043	MV	961	228	0	0	4	224	144	80
PCT7043	TO	961	289	0	0	6	283	191	92
PCT7044	ED	844	42	0	0	3	39	37	2
PCT7044	MV	844	115	0	0	5	110	82	28
PCT7044	TO	844	157	0	0	8	149	119	30
PCT7045	ED	783	49	0	0	1	48	33	15
PCT7045	MV	783	243	0	0	7	236	127	109
PCT7045	TO	783	292	0	0	8	284	160	124
PCT7047	ED	1727	102	0	0	4	98	67	31
PCT7047	MV	1727	509	0	0	15	494	237	257
PCT7047	TO	1727	611	0	0	19	592	304	288
PCT7048	ED	870	53	0	0	0	53	37	16
PCT7048	MV	870	209	0	0	4	205	134	71
PCT7048	TO	870	262	0	0	4	258	171	87
PCT7049	ED	815	68	0	0	0	68	47	21
PCT7049	MV	815	200	0	0	4	196	88	108
PCT7049	TO	815	268	0	0	4	264	135	129
PCT7052	ED	878	87	0	0	4	83	63	20
PCT7052	MV	878	247	0	0	8	239	130	109
PCT7052	TO	878	334	0	0	12	322	193	129
PCT7053	ED	568	38	0	0	1	37	23	14
PCT7053	MV	568	146	0	0	6	140	90	50
PCT7053	TO	568	184	0	0	7	177	113	64
PCT7054	ED	1111	87	0	0	6	81	64	17
PCT7054	MV	1111	243	0	0	5	238	174	64
PCT7054	TO	1111	330	0	0	11	319	238	81
PCT7055	ED	799	37	0	0	0	37	29	8
PCT7055	MV	799	228	0	0	2	226	135	91
PCT7055	TO	799	265	0	0	2	263	164	99
PCT7101	ED	152	1	0	0	0	1	1	0
PCT7101	MV	152	77	0	1	0	76	65	11
PCT7101	TO	152	78	0	1	0	77	66	11
PCT7202	ED	1747	156	0	0	4	152	109	43
PCT7202	MV	1747	485	0	0	12	473	306	167
PCT7202	TO	1747	641	0	0	16	625	415	210
PCT7203	ED	867	103	0	1	2	100	75	25
PCT7203	MV	867	203	0	0	11	192	141	51
PCT7203	TO	867	306	0	1	13	292	216	76
PCT7204	ED	890	100	0	0	2	98	72	26
PCT7204	MV	890	296	0	0	9	287	188	99
PCT7204	TO	890	396	0	0	11	385	260	125
PCT7205	ED	862	108	0	0	2	106	74	32
PCT7205	MV	862	269	0	0	8	261	184	77
PCT7205	TO	862	377	0	0	10	367	258	109
PCT7207	ED	1483	126	0	0	4	122	102	20
PCT7207	MV	1483	552	0	0	13	539	385	154
PCT7207	TO	1483	678	0	0	17	661	487	174
PCT7208	ED	560	48	0	0	4	44	37	7
PCT7208	MV	560	159	0	0	6	153	104	49
PCT7208	TO	560	207	0	0	10	197	141	56
PCT7301	ED	1993	200	0	0	9	191	149	42
PCT7301	MV	1993	554	0	0	15	539	373	166
PCT7301	TO	1993	754	0	0	24	730	522	208
PCT7302	ED	838	98	0	0	2	96	71	25
PCT7302	MV	838	312	0	0	14	298	211	87
PCT7302	TO	838	410	0	0	16	394	282	112
PCT7305	ED	1633	223	0	0	4	219	161	58
PCT7305	MV	1633	493	0	0	15	478	314	164
PCT7305	TO	1633	716	0	0	19	697	475	222
PCT7306	ED	2083	208	0	0	7	201	158	43
PCT7306	MV	2083	532	0	2	19	511	339	172
PCT7306	TO	2083	740	0	2	26	712	497	215
PCT7308	ED	614	98	0	0	1	97	73	24
PCT7308	MV	614	180	0	0	5	175	124	51
PCT7308	TO	614	278	0	0	6	272	197	75
PCT7311	ED	866	124	0	0	3	121	104	17
PCT7311	MV	866	247	0	0	7	240	160	80
PCT7311	TO	866	371	0	0	10	361	264	97
PCT7312	ED	801	91	0	0	3	88	58	30
PCT7312	MV	801	289	0	0	16	273	182	91
PCT7312	TO	801	380	0	0	19	361	240	121
PCT7314	ED	1749	142	0	0	7	135	103	32
PCT7314	MV	1749	501	0	1	25	475	364	111
PCT7314	TO	1749	643	0	1	32	610	467	143
PCT7315	ED	1584	175	0	0	2	173	143	30
PCT7315	MV	1584	360	0	0	7	353	245	108
PCT7315	TO	1584	535	0	0	9	526	388	138
PCT7317	ED	875	83	0	0	3	80	63	17
PCT7317	MV	875	301	0	0	6	295	194	101
PCT7317	TO	875	384	0	0	9	375	257	118
PCT7318	ED	1567	142	0	0	3	139	103	36
PCT7318	MV	1567	433	0	0	15	418	311	107
PCT7318	TO	1567	575	0	0	18	557	414	143
PCT7321	ED	1533	86	0	0	3	83	64	19
PCT7321	MV	1533	456	0	0	13	443	327	116
PCT7321	TO	1533	542	0	0	16	526	391	135
PCT7323	ED	1967	190	0	0	3	187	137	50
PCT7323	MV	1967	498	0	0	12	486	342	144
PCT7323	TO	1967	688	0	0	15	673	479	194
PCT7325	ED	1588	145	0	0	2	143	107	36
PCT7325	MV	1588	427	0	1	12	414	300	114
PCT7325	TO	1588	572	0	1	14	557	407	150
PCT7326	ED	1709	164	0	0	4	160	117	43
PCT7326	MV	1709	527	0	0	19	508	359	149
PCT7326	TO	1709	691	0	0	23	668	476	192
PCT7327	ED	668	40	0	0	4	36	31	5
PCT7327	MV	668	217	0	0	7	210	155	55
PCT7327	TO	668	257	0	0	11	246	186	60
PCT7328	ED	985	42	0	0	0	42	33	9
PCT7328	MV	985	328	0	0	12	316	241	75
PCT7328	TO	985	370	0	0	12	358	274	84
PCT7329	ED	638	52	0	0	2	50	37	13
PCT7329	MV	638	196	0	0	7	189	133	56
PCT7329	TO	638	248	0	0	9	239	170	69
PCT7331	ED	850	113	0	0	0	113	73	40
PCT7331	MV	850	302	0	1	11	290	196	94
PCT7331	TO	850	415	0	1	11	403	269	134
PCT7332	ED	1601	185	0	0	8	177	154	23
PCT7332	MV	1601	441	0	0	8	433	337	96
PCT7332	TO	1601	626	0	0	16	610	491	119
PCT7333	ED	1930	190	0	0	4	186	144	42
PCT7333	MV	1930	541	0	0	22	519	373	146
PCT7333	TO	1930	731	0	0	26	705	517	188
PCT7336	ED	2021	214	0	0	3	211	162	49
PCT7336	MV	2021	559	0	0	14	545	388	157
PCT7336	TO	2021	773	0	0	17	756	550	206
PCT7338	ED	1783	150	0	0	9	141	111	30
PCT7338	MV	1783	543	0	0	18	525	398	127
PCT7338	TO	1783	693	0	0	27	666	509	157
PCT7339	ED	1588	158	0	0	2	156	128	28
PCT7339	MV	1588	412	0	0	11	401	296	105
PCT7339	TO	1588	570	0	0	13	557	424	133
PCT7342	ED	909	158	0	0	4	154	114	40
PCT7342	MV	909	234	0	0	3	231	176	55
PCT7342	TO	909	392	0	0	7	385	290	95
PCT7343	ED	706	89	0	0	4	85	71	14
PCT7343	MV	706	144	0	0	4	140	115	25
PCT7343	TO	706	233	0	0	8	225	186	39
PCT7344	ED	1052	113	0	0	3	110	89	21
PCT7344	MV	1052	290	0	0	6	284	207	77
PCT7344	TO	1052	403	0	0	9	394	296	98
PCT7346	ED	879	88	0	0	1	87	73	14
PCT7346	MV	879	170	0	0	6	164	130	34
PCT7346	TO	879	258	0	0	7	251	203	48
PCT7348	ED	1826	152	0	0	7	145	125	20
PCT7348	MV	1826	433	0	0	12	421	349	72
PCT7348	TO	1826	585	0	0	19	566	474	92
PCT7502	ED	779	70	0	0	0	70	51	19
PCT7502	MV	779	247	0	0	8	239	171	68
PCT7502	TO	779	317	0	0	8	309	222	87
PCT7503	ED	725	79	0	0	3	76	58	18
PCT7503	MV	725	204	0	0	8	196	146	50
PCT7503	TO	725	283	0	0	11	272	204	68
PCT7504	ED	1019	121	0	0	4	117	92	25
PCT7504	MV	1019	308	0	0	11	297	204	93
PCT7504	TO	1019	429	0	0	15	414	296	118
PCT7505	ED	851	101	0	0	6	95	88	7
PCT7505	MV	851	363	0	1	14	348	290	58
PCT7505	TO	851	464	0	1	20	443	378	65
PCT7506	ED	1913	188	0	0	5	183	164	19
PCT7506	MV	1913	516	0	0	13	503	411	92
PCT7506	TO	1913	704	0	0	18	686	575	111
PCT7508	ED	720	96	0	0	4	92	73	19
PCT7508	MV	720	288	0	0	12	276	192	84
PCT7508	TO	720	384	0	0	16	368	265	103
PCT7509	ED	914	128	0	0	6	122	105	17
PCT7509	MV	914	287	0	0	10	277	211	66
PCT7509	TO	914	415	0	0	16	399	316	83
PCT7512	ED	588	78	0	0	4	74	58	16
PCT7512	MV	588	208	0	0	6	202	148	54
PCT7512	TO	588	286	0	0	10	276	206	70
PCT7513	ED	784	101	0	0	6	95	89	6
PCT7513	MV	784	193	0	0	4	189	161	28
PCT7513	TO	784	294	0	0	10	284	250	34
PCT7514	ED	901	87	0	0	4	83	77	6
PCT7514	MV	901	235	0	0	9	226	195	31
PCT7514	TO	901	322	0	0	13	309	272	37
PCT7515	ED	852	97	0	0	4	93	89	4
PCT7515	MV	852	242	0	0	8	234	190	44
PCT7515	TO	852	339	0	0	12	327	279	48
PCT7516	ED	906	111	0	0	2	109	86	23
PCT7516	MV	906	359	0	0	11	348	263	85
PCT7516	TO	906	470	0	0	13	457	349	108
PCT7518	ED	1754	329	0	0	6	323	270	53
PCT7518	MV	1754	563	0	1	18	544	453	91
PCT7518	TO	1754	892	0	1	24	867	723	144
PCT7519	ED	709	116	0	0	1	115	96	19
PCT7519	MV	709	204	0	0	4	200	168	32
PCT7519	TO	709	320	0	0	5	315	264	51
PCT7521	ED	761	136	0	0	5	131	111	20
PCT7521	MV	761	248	0	0	5	243	213	30
PCT7521	TO	761	384	0	0	10	374	324	50
PCT7522	ED	1464	290	0	0	8	282	250	32
PCT7522	MV	1464	424	0	0	9	415	354	61
PCT7522	TO	1464	714	0	0	17	697	604	93
PCT7524	ED	606	97	0	0	3	94	83	11
PCT7524	MV	606	165	0	0	11	154	136	18
PCT7524	TO	606	262	0	0	14	248	219	29
PCT7525	ED	762	97	0	0	3	94	83	11
PCT7525	MV	762	191	0	0	3	188	157	31
PCT7525	TO	762	288	0	0	6	282	240	42
PCT7526	ED	974	125	0	0	2	123	103	20
PCT7526	MV	974	297	0	1	14	282	232	50
PCT7526	TO	974	422	0	1	16	405	335	70
PCT7527	ED	689	123	0	0	5	118	102	16
PCT7527	MV	689	212	0	0	8	204	173	31
PCT7527	TO	689	335	0	0	13	322	275	47
PCT7529	ED	906	172	0	0	5	167	151	16
PCT7529	MV	906	295	0	1	13	281	235	46
PCT7529	TO	906	467	0	1	18	448	386	62
PCT7531	ED	839	116	0	0	2	114	99	15
PCT7531	MV	839	275	0	0	12	263	235	28
PCT7531	TO	839	391	0	0	14	377	334	43
PCT7532	ED	792	114	0	0	3	111	88	23
PCT7532	MV	792	222	0	0	3	219	179	40
PCT7532	TO	792	336	0	0	6	330	267	63
PCT7533	ED	936	202	0	0	6	196	175	21
PCT7533	MV	936	275	0	0	9	266	217	49
PCT7533	TO	936	477	0	0	15	462	392	70
PCT7534	ED	881	153	0	0	8	145	131	14
PCT7534	MV	881	237	0	0	8	229	190	39
PCT7534	TO	881	390	0	0	16	374	321	53
PCT7536	ED	1594	319	0	0	4	315	284	31
PCT7536	MV	1594	496	0	0	8	488	419	69
PCT7536	TO	1594	815	0	0	12	803	703	100
PCT7537	ED	1472	302	0	0	6	296	258	38
PCT7537	MV	1472	438	0	0	7	431	347	84
PCT7537	TO	1472	740	0	0	13	727	605	122
PCT7539	ED	906	233	0	0	10	223	204	19
PCT7539	MV	906	279	0	0	3	276	239	37
PCT7539	TO	906	512	0	0	13	499	443	56
PCT7541	ED	769	136	0	0	0	136	122	14
PCT7541	MV	769	248	0	0	3	245	188	57
PCT7541	TO	769	384	0	0	3	381	310	71
PCT7543	ED	1718	252	0	1	6	245	216	29
PCT7543	MV	1718	549	0	1	20	528	447	81
PCT7543	TO	1718	801	0	2	26	773	663	110
PCT7544	ED	892	152	0	0	4	148	133	15
PCT7544	MV	892	283	0	0	4	279	237	42
PCT7544	TO	892	435	0	0	8	427	370	57
PCT7545	ED	877	139	0	0	3	136	117	19
PCT7545	MV	877	277	0	0	6	271	227	44
PCT7545	TO	877	416	0	0	9	407	344	63
PCT7546	ED	1900	340	0	0	7	333	300	33
PCT7546	MV	1900	672	0	0	19	653	553	100
PCT7546	TO	1900	1012	0	0	26	986	853	133
PCT7548	ED	1027	197	0	0	4	193	170	23
PCT7548	MV	1027	322	0	0	9	313	257	56
PCT7548	TO	1027	519	0	0	13	506	427	79
PCT7549	ED	799	135	0	0	5	130	113	17
PCT7549	MV	799	285	0	0	7	278	217	61
PCT7549	TO	799	420	0	0	12	408	330	78
PCT7552	ED	685	136	0	0	2	134	110	24
PCT7552	MV	685	213	0	0	4	209	178	31
PCT7552	TO	685	349	0	0	6	343	288	55
PCT7553	ED	182	1	0	0	0	1	1	0
PCT7553	MV	182	81	0	0	4	77	63	14
PCT7553	TO	182	82	0	0	4	78	64	14
PCT7554	ED	795	135	0	0	1	134	108	26
PCT7554	MV	795	313	0	0	8	305	254	51
PCT7554	TO	795	448	0	0	9	439	362	77
PCT7555	ED	1584	340	0	0	5	335	287	48
PCT7555	MV	1584	565	0	0	13	552	428	124
PCT7555	TO	1584	905	0	0	18	887	715	172
PCT7556	ED	958	147	0	0	7	140	105	35
PCT7556	MV	958	400	0	0	5	395	307	88
PCT7556	TO	958	547	0	0	12	535	412	123
PCT7601	ED	677	81	0	0	7	74	59	15
PCT7601	MV	677	150	0	0	2	148	123	25
PCT7601	TO	677	231	0	0	9	222	182	40
PCT7602	ED	1659	174	0	0	5	169	142	27
PCT7602	MV	1659	381	0	0	11	370	320	50
PCT7602	TO	1659	555	0	0	16	539	462	77
PCT7605	ED	1508	115	0	0	1	114	105	9
PCT7605	MV	1508	444	0	0	16	428	372	56
PCT7605	TO	1508	559	0	0	17	542	477	65
PCT7606	ED	887	75	0	0	1	74	69	5
PCT7606	MV	887	179	0	0	1	178	155	23
PCT7606	TO	887	254	0	0	2	252	224	28
PCT7607	ED	900	86	0	0	2	84	71	13
PCT7607	MV	900	236	0	0	9	227	182	45
PCT7607	TO	900	322	0	0	11	311	253	58
PCT7608	ED	1300	102	0	0	4	98	89	9
PCT7608	MV	1300	278	0	0	6	272	233	39
PCT7608	TO	1300	380	0	0	10	370	322	48
PCT7611	ED	763	65	0	0	0	65	57	8
PCT7611	MV	763	189	0	0	9	180	166	14
PCT7611	TO	763	254	0	0	9	245	223	22
PCT7613	ED	1421	139	0	0	8	131	111	20
PCT7613	MV	1421	374	0	0	12	362	286	76
PCT7613	TO	1421	513	0	0	20	493	397	96
PCT7614	ED	932	83	0	0	3	80	69	11
PCT7614	MV	932	188	0	0	3	185	164	21
PCT7614	TO	932	271	0	0	6	265	233	32
PCT7615	ED	745	61	0	0	5	56	53	3
PCT7615	MV	745	153	0	0	9	144	121	23
PCT7615	TO	745	214	0	0	14	200	174	26
PCT7616	ED	1246	90	0	0	2	88	71	17
PCT7616	MV	1246	350	0	0	7	343	275	68
PCT7616	TO	1246	440	0	0	9	431	346	85
PCT7617	ED	737	49	0	0	4	45	39	6
PCT7617	MV	737	197	0	0	7	190	159	31
PCT7617	TO	737	246	0	0	11	235	198	37
PCT7618	ED	873	82	0	0	0	82	64	18
PCT7618	MV	873	239	0	0	4	235	165	70
PCT7618	TO	873	321	0	0	4	317	229	88
PCT7619	ED	1055	89	0	0	2	87	76	11
PCT7619	MV	1055	300	0	0	7	293	228	65
PCT7619	TO	1055	389	0	0	9	380	304	76
PCT7621	ED	1064	89	0	0	0	89	72	17
PCT7621	MV	1064	290	0	0	6	284	209	75
PCT7621	TO	1064	379	0	0	6	373	281	92
PCT7622	ED	923	68	0	0	2	66	57	9
PCT7622	MV	923	157	0	0	3	154	133	21
PCT7622	TO	923	225	0	0	5	220	190	30
PCT7623	ED	965	81	0	0	1	80	73	7
PCT7623	MV	965	188	0	0	4	184	161	23
PCT7623	TO	965	269	0	0	5	264	234	30
PCT7624	ED	835	60	0	0	1	59	51	8
PCT7624	MV	835	175	0	0	7	168	150	18
PCT7624	TO	835	235	0	0	8	227	201	26
PCT7625	ED	809	40	0	0	1	39	33	6
PCT7625	MV	809	401	0	0	27	374	320	54
PCT7625	TO	809	441	0	0	28	413	353	60
PCT7626	ED	1037	61	0	0	0	61	50	11
PCT7626	MV	1037	298	0	0	4	294	207	87
PCT7626	TO	1037	359	0	0	4	355	257	98
PCT7628	ED	933	98	0	0	4	94	85	9
PCT7628	MV	933	233	0	0	4	229	181	48
PCT7628	TO	933	331	0	0	8	323	266	57
PCT7629	ED	847	73	0	0	1	72	60	12
PCT7629	MV	847	188	0	0	5	183	137	46
PCT7629	TO	847	261	0	0	6	255	197	58
PCT7632	ED	1112	94	0	0	0	94	82	12
PCT7632	MV	1112	258	0	1	6	251	186	65
PCT7632	TO	1112	352	0	1	6	345	268	77
PCT7633	ED	1902	153	0	0	4	149	113	36
PCT7633	MV	1902	516	0	0	13	503	365	138
PCT7633	TO	1902	669	0	0	17	652	478	174
PCT7634	ED	864	86	0	0	8	78	62	16
PCT7634	MV	864	254	0	0	11	243	201	42
PCT7634	TO	864	340	0	0	19	321	263	58
PCT7635	ED	821	60	0	0	2	58	41	17
PCT7635	MV	821	219	0	0	3	216	167	49
PCT7635	TO	821	279	0	0	5	274	208	66
PCT7636	ED	945	79	0	0	2	77	50	27
PCT7636	MV	945	233	0	0	5	228	141	87
PCT7636	TO	945	312	0	0	7	305	191	114
PCT7637	ED	841	56	0	0	0	56	40	16
PCT7637	MV	841	235	0	0	3	232	133	99
PCT7637	TO	841	291	0	0	3	288	173	115
PCT7638	ED	1467	89	0	0	6	83	34	49
PCT7638	MV	1467	461	0	0	15	446	235	211
PCT7638	TO	1467	550	0	0	21	529	269	260
PCT7639	ED	1935	136	0	0	4	132	92	40
PCT7639	MV	1935	596	0	1	20	575	374	201
PCT7639	TO	1935	732	0	1	24	707	466	241
PCT7642	ED	946	68	0	0	2	66	51	15
PCT7642	MV	946	207	0	0	12	195	145	50
PCT7642	TO	946	275	0	0	14	261	196	65
PCT7643	ED	927	86	0	0	2	84	71	13
PCT7643	MV	927	308	0	0	7	301	216	85
PCT7643	TO	927	394	0	0	9	385	287	98
PCT7644	ED	1111	87	0	0	2	85	72	13
PCT7644	MV	1111	249	0	0	2	247	184	63
PCT7644	TO	1111	336	0	0	4	332	256	76
PCT7645	ED	626	42	0	0	3	39	28	11
PCT7645	MV	626	218	0	0	9	209	130	79
PCT7645	TO	626	260	0	0	12	248	158	90
PCT7646	ED	1090	60	0	0	2	58	46	12
PCT7646	MV	1090	347	0	0	3	344	231	113
PCT7646	TO	1090	407	0	0	5	402	277	125
PCT7647	ED	968	55	0	0	0	55	49	6
PCT7647	MV	968	136	0	0	1	135	104	31
PCT7647	TO	968	191	0	0	1	190	153	37
PCT7648	ED	2	0	0	0	0	0	0	0
PCT7648	MV	2	0	0	0	0	0	0	0
PCT7648	TO	2	0	0	0	0	0	0	0
PCT7649	ED	888	58	0	0	2	56	45	11
PCT7649	MV	888	213	0	0	4	209	166	43
PCT7649	TO	888	271	0	0	6	265	211	54
PCT7651	ED	830	50	0	0	2	48	34	14
PCT7651	MV	830	207	0	0	5	202	135	67
PCT7651	TO	830	257	0	0	7	250	169	81
PCT7652	ED	596	48	0	0	1	47	31	16
PCT7652	MV	596	152	0	0	2	150	110	40
PCT7652	TO	596	200	0	0	3	197	141	56
PCT7653	ED	1373	79	0	0	1	78	61	17
PCT7653	MV	1373	367	0	0	6	361	254	107
PCT7653	TO	1373	446	0	0	7	439	315	124
PCT7655	ED	1150	62	0	0	3	59	42	17
PCT7655	MV	1150	270	0	1	9	260	177	83
PCT7655	TO	1150	332	0	1	12	319	219	100
PCT7701	ED	1035	139	0	0	0	139	105	34
PCT7701	MV	1035	372	0	0	5	367	255	112
PCT7701	TO	1035	511	0	0	5	506	360	146
PCT7703	ED	178	1	0	0	0	1	1	0
PCT7703	MV	178	55	0	0	1	54	51	3
PCT7703	TO	178	56	0	0	1	55	52	3
PCT7704	ED	1723	249	0	0	8	241	146	95
PCT7704	MV	1723	632	0	0	19	613	335	278
PCT7704	TO	1723	881	0	0	27	854	481	373
PCT7705	ED	570	91	0	0	1	90	50	40
PCT7705	MV	570	219	0	0	6	213	112	101
PCT7705	TO	570	310	0	0	7	303	162	141
PCT7706	ED	839	151	0	0	3	148	90	58
PCT7706	MV	839	337	0	0	12	325	198	127
PCT7706	TO	839	488	0	0	15	473	288	185
PCT7707	ED	861	139	0	0	3	136	90	46
PCT7707	MV	861	345	0	0	9	336	226	110
PCT7707	TO	861	484	0	0	12	472	316	156
PCT7708	ED	881	116	0	0	2	114	79	35
PCT7708	MV	881	359	0	0	11	348	206	142
PCT7708	TO	881	475	0	0	13	462	285	177
PCT7709	ED	395	75	0	0	1	74	62	12
PCT7709	MV	395	150	0	0	5	145	97	48
PCT7709	TO	395	225	0	0	6	219	159	60
PCT7712	ED	1308	198	0	0	4	194	150	44
PCT7712	MV	1308	454	0	0	11	443	304	139
PCT7712	TO	1308	652	0	0	15	637	454	183
PCT7801	ED	968	138	0	0	5	133	104	29
PCT7801	MV	968	367	0	0	5	362	270	92
PCT7801	TO	968	505	0	0	10	495	374	121
PCT7802	ED	788	131	0	0	0	131	108	23
PCT7802	MV	788	275	0	0	9	266	193	73
PCT7802	TO	788	406	0	0	9	397	301	96
PCT7803	ED	822	85	0	0	3	82	66	16
PCT7803	MV	822	373	0	0	11	362	262	100
PCT7803	TO	822	458	0	0	14	444	328	116
PCT7805	ED	1683	283	0	1	2	280	235	45
PCT7805	MV	1683	631	0	0	12	619	462	157
PCT7805	TO	1683	914	0	1	14	899	697	202
PCT7807	ED	796	155	0	0	1	154	135	19
PCT7807	MV	796	243	0	0	6	237	192	45
PCT7807	TO	796	398	0	0	7	391	327	64
PCT7808	ED	1377	243	0	0	3	240	197	43
PCT7808	MV	1377	462	0	0	6	456	385	71
PCT7808	TO	1377	705	0	0	9	696	582	114
PCT7809	ED	770	112	0	0	4	108	98	10
PCT7809	MV	770	249	0	0	6	243	204	39
PCT7809	TO	770	361	0	0	10	351	302	49
PCT7811	ED	726	126	0	0	1	125	112	13
PCT7811	MV	726	199	0	0	5	194	158	36
PCT7811	TO	726	325	0	0	6	319	270	49
PCT7812	ED	871	132	0	0	7	125	101	24
PCT7812	MV	871	286	0	0	7	279	239	40
PCT7812	TO	871	418	0	0	14	404	340	64
PCT7813	ED	1037	179	0	0	0	179	149	30
PCT7813	MV	1037	348	0	0	7	341	272	69
PCT7813	TO	1037	527	0	0	7	520	421	99
PCT7814	ED	887	122	0	0	1	121	108	13
PCT7814	MV	887	215	0	1	4	210	180	30
PCT7814	TO	887	337	0	1	5	331	288	43
PCT7815	ED	1779	231	0	0	4	227	180	47
PCT7815	MV	1779	661	0	0	14	647	484	163
PCT7815	TO	1779	892	0	0	18	874	664	210
PCT7817	ED	1641	291	0	0	2	289	251	38
PCT7817	MV	1641	588	0	0	6	582	484	98
PCT7817	TO	1641	879	0	0	8	871	735	136
PCT7819	ED	1585	230	0	0	5	225	192	33
PCT7819	MV	1585	499	0	0	17	482	398	84
PCT7819	TO	1585	729	0	0	22	707	590	117
PCT7821	ED	965	168	0	0	1	167	128	39
PCT7821	MV	965	371	0	0	8	363	267	96
PCT7821	TO	965	539	0	0	9	530	395	135
PCT7822	ED	1748	322	0	0	2	320	264	56
PCT7822	MV	1748	629	0	0	14	615	501	114
PCT7822	TO	1748	951	0	0	16	935	765	170
PCT7824	ED	1353	243	0	0	6	237	197	40
PCT7824	MV	1353	418	0	0	8	410	340	70
PCT7824	TO	1353	661	0	0	14	647	537	110
PCT7826	ED	661	139	0	0	4	135	114	21
PCT7826	MV	661	175	0	0	5	170	139	31
PCT7826	TO	661	314	0	0	9	305	253	52
PCT7828	ED	997	132	0	0	3	129	101	28
PCT7828	MV	997	327	0	0	9	318	229	89
PCT7828	TO	997	459	0	0	12	447	330	117
PCT7829	ED	884	134	0	0	1	133	106	27
PCT7829	MV	884	346	0	0	8	338	251	87
PCT7829	TO	884	480	0	0	9	471	357	114
PCT7832	ED	773	103	0	0	2	101	81	20
PCT7832	MV	773	290	0	0	7	283	229	54
PCT7832	TO	773	393	0	0	9	384	310	74
PCT7834	ED	1593	279	0	0	5	274	237	37
PCT7834	MV	1593	474	0	0	5	469	395	74
PCT7834	TO	1593	753	0	0	10	743	632	111
PCT7835	ED	847	97	0	0	1	96	77	19
PCT7835	MV	847	289	0	0	5	284	191	93
PCT7835	TO	847	386	0	0	6	380	268	112
PCT7836	ED	1011	131	0	0	0	131	107	24
PCT7836	MV	1011	378	0	0	12	366	263	103
PCT7836	TO	1011	509	0	0	12	497	370	127
PCT7837	ED	1784	281	0	0	3	278	218	60
PCT7837	MV	1784	675	0	0	23	652	469	183
PCT7837	TO	1784	956	0	0	26	930	687	243
PCT7839	ED	1718	238	0	0	2	236	192	44
PCT7839	MV	1718	681	0	0	17	664	502	162
PCT7839	TO	1718	919	0	0	19	900	694	206
PCT7841	ED	1778	331	0	0	4	327	267	60
PCT7841	MV	1778	566	0	0	14	552	453	99
PCT7841	TO	1778	897	0	0	18	879	720	159
PCT7843	ED	719	148	0	0	1	147	127	20
PCT7843	MV	719	226	0	1	7	218	188	30
PCT7843	TO	719	374	0	1	8	365	315	50
PCT7844	ED	630	105	0	0	2	103	87	16
PCT7844	MV	630	199	0	0	1	198	166	32
PCT7844	TO	630	304	0	0	3	301	253	48
PCT7845	ED	870	137	0	0	2	135	94	41
PCT7845	MV	870	298	0	0	4	294	231	63
PCT7845	TO	870	435	0	0	6	429	325	104
PCT7846	ED	888	122	0	0	0	122	92	30
PCT7846	MV	888	308	0	0	8	300	219	81
PCT7846	TO	888	430	0	0	8	422	311	111
PCT7847	ED	1718	274	0	0	5	269	214	55
PCT7847	MV	1718	593	0	1	21	571	451	120
PCT7847	TO	1718	867	0	1	26	840	665	175
PCT7849	ED	887	165	0	0	1	164	143	21
PCT7849	MV	887	314	0	1	7	306	242	64
PCT7849	TO	887	479	0	1	8	470	385	85
PCT7852	ED	1153	158	0	0	5	153	96	57
PCT7852	MV	1153	479	0	0	13	466	298	168
PCT7852	TO	1153	637	0	0	18	619	394	225
PCT7853	ED	1736	229	0	0	3	226	164	62
PCT7853	MV	1736	606	0	0	14	592	442	150
PCT7853	TO	1736	835	0	0	17	818	606	212
PCT7854	ED	866	127	0	0	5	122	103	19
PCT7854	MV	866	314	0	0	3	311	237	74
PCT7854	TO	866	441	0	0	8	433	340	93
PCT7855	ED	1775	307	0	0	5	302	261	41
PCT7855	MV	1775	600	0	0	17	583	454	129
PCT7855	TO	1775	907	0	0	22	885	715	170
PCT7858	ED	1646	251	0	0	3	248	214	34
PCT7858	MV	1646	530	0	0	10	520	423	97
PCT7858	TO	1646	781	0	0	13	768	637	131
PCT7861	ED	854	131	0	0	2	129	102	27
PCT7861	MV	854	310	0	0	10	300	217	83
PCT7861	TO	854	441	0	0	12	429	319	110
PCT7862	ED	857	155	0	0	2	153	122	31
PCT7862	MV	857	275	0	0	7	268	207	61
PCT7862	TO	857	430	0	0	9	421	329	92
PCT7863	ED	881	155	0	0	2	153	118	35
PCT7863	MV	881	264	0	0	5	259	203	56
PCT7863	TO	881	419	0	0	7	412	321	91
PCT7864	ED	804	127	0	0	0	127	110	17
PCT7864	MV	804	267	0	0	8	259	192	67
PCT7864	TO	804	394	0	0	8	386	302	84
PCT7866	ED	822	129	0	0	4	125	92	33
PCT7866	MV	822	357	0	0	6	351	206	145
PCT7866	TO	822	486	0	0	10	476	298	178
PCT7867	ED	969	149	0	0	4	145	114	31
PCT7867	MV	969	366	0	0	9	357	261	96
PCT7867	TO	969	515	0	0	13	502	375	127
PCT7868	ED	870	151	0	0	6	145	108	37
PCT7868	MV	870	268	0	0	4	264	187	77
PCT7868	TO	870	419	0	0	10	409	295	114
PCT7869	ED	863	146	0	0	7	139	117	22
PCT7869	MV	863	355	0	0	7	348	263	85
PCT7869	TO	863	501	0	0	14	487	380	107
PCT7871	ED	877	151	0	0	2	149	110	39
PCT7871	MV	877	303	0	0	3	300	234	66
PCT7871	TO	877	454	0	0	5	449	344	105
PCT7872	ED	863	157	0	0	4	153	108	45
PCT7872	MV	863	333	0	0	7	326	243	83
PCT7872	TO	863	490	0	0	11	479	351	128
PCT7873	ED	1688	279	0	0	7	272	229	43
PCT7873	MV	1688	618	0	0	10	608	452	156
PCT7873	TO	1688	897	0	0	17	880	681	199
PCT7874	ED	474	68	0	0	2	66	53	13
PCT7874	MV	474	143	0	0	3	140	109	31
PCT7874	TO	474	211	0	0	5	206	162	44
PCT7875	ED	624	82	0	0	3	79	67	12
PCT7875	MV	624	182	0	0	6	176	127	49
PCT7875	TO	624	264	0	0	9	255	194	61
PCT7876	ED	523	68	0	0	1	67	56	11
PCT7876	MV	523	182	0	0	5	177	152	25
PCT7876	TO	523	250	0	0	6	244	208	36
PCT7902	ED	1729	212	0	0	4	208	177	31
PCT7902	MV	1729	392	0	0	7	385	322	63
PCT7902	TO	1729	604	0	0	11	593	499	94
PCT7903	ED	826	112	0	0	3	109	103	6
PCT7903	MV	826	219	0	0	8	211	185	26
PCT7903	TO	826	331	0	0	11	320	288	32
PCT7905	ED	880	135	0	0	3	132	105	27
PCT7905	MV	880	262	0	0	6	256	191	65
PCT7905	TO	880	397	0	0	9	388	296	92
PCT7906	ED	757	104	0	0	1	103	92	11
PCT7906	MV	757	175	0	0	1	174	146	28
PCT7906	TO	757	279	0	0	2	277	238	39
PCT7908	ED	1907	266	0	0	3	263	230	33
PCT7908	MV	1907	515	0	0	12	503	426	77
PCT7908	TO	1907	781	0	0	15	766	656	110
PCT7909	ED	718	120	0	0	1	119	105	14
PCT7909	MV	718	199	0	0	2	197	174	23
PCT7909	TO	718	319	0	0	3	316	279	37
PCT7911	ED	845	122	0	0	1	121	113	8
PCT7911	MV	845	197	0	0	6	191	153	38
PCT7911	TO	845	319	0	0	7	312	266	46
PCT7912	ED	1940	320	0	0	6	314	278	36
PCT7912	MV	1940	489	0	0	6	483	410	73
PCT7912	TO	1940	809	0	0	12	797	688	109
PCT7915	ED	1692	283	0	0	2	281	251	30
PCT7915	MV	1692	427	0	0	7	420	363	57
PCT7915	TO	1692	710	0	0	9	701	614	87
PCT7916	ED	842	145	0	0	0	145	132	13
PCT7916	MV	842	238	0	0	5	233	194	39
PCT7916	TO	842	383	0	0	5	378	326	52
PCT7917	ED	1823	298	0	1	2	295	268	27
PCT7917	MV	1823	460	0	0	8	452	391	61
PCT7917	TO	1823	758	0	1	10	747	659	88
PCT7918	ED	798	129	0	0	5	124	111	13
PCT7918	MV	798	194	0	0	4	190	166	24
PCT7918	TO	798	323	0	0	9	314	277	37
PCT7921	ED	1729	220	0	0	5	215	189	26
PCT7921	MV	1729	437	0	0	7	430	349	81
PCT7921	TO	1729	657	0	0	12	645	538	107
PCT7923	ED	1708	233	0	0	0	233	200	33
PCT7923	MV	1708	433	0	0	10	423	327	96
PCT7923	TO	1708	666	0	0	10	656	527	129
PCT7925	ED	530	74	0	0	0	74	65	9
PCT7925	MV	530	165	0	0	5	160	128	32
PCT7925	TO	530	239	0	0	5	234	193	41
PCT7926	ED	783	143	0	0	7	136	115	21
PCT7926	MV	783	233	0	0	1	232	187	45
PCT7926	TO	783	376	0	0	8	368	302	66
PCT7928	ED	1661	310	0	0	7	303	257	46
PCT7928	MV	1661	533	0	0	6	527	436	91
PCT7928	TO	1661	843	0	0	13	830	693	137
PCT7929	ED	830	151	0	0	2	149	124	25
PCT7929	MV	830	311	0	0	5	306	247	59
PCT7929	TO	830	462	0	0	7	455	371	84
PCT7931	ED	742	116	0	0	3	113	98	15
PCT7931	MV	742	284	0	0	4	280	222	58
PCT7931	TO	742	400	0	0	7	393	320	73
PCT7932	ED	547	84	0	0	2	82	71	11
PCT7932	MV	547	177	0	0	3	174	123	51
PCT7932	TO	547	261	0	0	5	256	194	62
PCT7933	ED	7	0	0	0	0	0	0	0
PCT7933	MV	7	4	0	0	0	4	2	2
PCT7933	TO	7	4	0	0	0	4	2	2
PCT7934	ED	866	125	0	0	2	123	101	22
PCT7934	MV	866	304	0	0	10	294	262	32
PCT7934	TO	866	429	0	0	12	417	363	54
PCT7935	ED	927	173	0	0	5	168	139	29
PCT7935	MV	927	311	0	0	7	304	242	62
PCT7935	TO	927	484	0	0	12	472	381	91
PCT7936	ED	1508	340	0	0	5	335	296	39
PCT7936	MV	1508	452	0	0	11	441	373	68
PCT7936	TO	1508	792	0	0	16	776	669	107
PCT7937	ED	899	155	0	0	1	154	136	18
PCT7937	MV	899	300	0	1	1	298	228	70
PCT7937	TO	899	455	0	1	2	452	364	88
PCT7938	ED	758	114	0	0	4	110	101	9
PCT7938	MV	758	203	0	0	3	200	158	42
PCT7938	TO	758	317	0	0	7	310	259	51
PCT7941	ED	752	117	0	0	0	117	103	14
PCT7941	MV	752	224	0	0	4	220	176	44
PCT7941	TO	752	341	0	0	4	337	279	58
PCT7942	ED	923	93	0	0	1	92	74	18
PCT7942	MV	923	270	0	0	10	260	205	55
PCT7942	TO	923	363	0	0	11	352	279	73
PCT7943	ED	1675	262	0	0	5	257	217	40
PCT7943	MV	1675	514	0	0	13	501	376	125
PCT7943	TO	1675	776	0	0	18	758	593	165
PCT7945	ED	940	66	0	0	0	66	59	7
PCT7945	MV	940	264	0	0	7	257	198	59
PCT7945	TO	940	330	0	0	7	323	257	66
PCT7946	ED	1553	132	0	1	3	128	88	40
PCT7946	MV	1553	468	0	0	12	456	252	204
PCT7946	TO	1553	600	0	1	15	584	340	244
PCT7947	ED	960	71	0	1	7	63	42	21
PCT7947	MV	960	290	0	0	6	284	152	132
PCT7947	TO	960	361	0	1	13	347	194	153
PCT7948	ED	918	94	0	0	3	91	66	25
PCT7948	MV	918	291	0	0	9	282	154	128
PCT7948	TO	918	385	0	0	12	373	220	153
PCT7951	ED	1818	137	0	0	4	133	90	43
PCT7951	MV	1818	588	0	0	27	561	270	291
PCT7951	TO	1818	725	0	0	31	694	360	334
PCT7953	ED	824	83	0	0	0	83	48	35
PCT7953	MV	824	246	0	0	6	240	122	118
PCT7953	TO	824	329	0	0	6	323	170	153
PCT7954	ED	1	0	0	0	0	0	0	0
PCT7954	MV	1	1	0	0	0	1	1	0
PCT7954	TO	1	1	0	0	0	1	1	0
PCT7956	ED	1759	120	0	0	4	116	67	49
PCT7956	MV	1759	463	0	0	15	448	250	198
PCT7956	TO	1759	583	0	0	19	564	317	247
PCT7957	ED	665	74	0	0	2	72	56	16
PCT7957	MV	665	209	0	0	5	204	147	57
PCT7957	TO	665	283	0	0	7	276	203	73
PCT7958	ED	301	6	0	0	1	5	5	0
PCT7958	MV	301	91	0	0	2	89	54	35
PCT7958	TO	301	97	0	0	3	94	59	35
PCT7959	ED	1198	127	0	0	6	121	111	10
PCT7959	MV	1198	280	0	0	3	277	232	45
PCT7959	TO	1198	407	0	0	9	398	343	55
PCT9001	ED	286	3	0	0	0	3	3	0
PCT9001	MV	286	91	0	0	0	91	76	15
PCT9001	TO	286	94	0	0	0	94	79	15
PCT9103	ED	946	125	0	0	6	119	80	39
PCT9103	MV	946	255	0	0	9	246	168	78
PCT9103	TO	946	380	0	0	15	365	248	117
PCT9104	ED	993	100	0	0	5	95	72	23
PCT9104	MV	993	293	0	0	9	284	203	81
PCT9104	TO	993	393	0	0	14	379	275	104
PCT9105	ED	1747	223	0	0	4	219	159	60
PCT9105	MV	1747	514	0	0	7	507	335	172
PCT9105	TO	1747	737	0	0	11	726	494	232
PCT9106	ED	935	135	0	0	2	133	107	26
PCT9106	MV	935	296	0	0	8	288	193	95
PCT9106	TO	935	431	0	0	10	421	300	121
PCT9109	ED	1651	245	0	0	6	239	166	73
PCT9109	MV	1651	438	0	0	19	419	306	113
PCT9109	TO	1651	683	0	0	25	658	472	186
PCT9111	ED	809	105	0	0	6	99	76	23
PCT9111	MV	809	210	0	0	4	206	137	69
PCT9111	TO	809	315	0	0	10	305	213	92
PCT9113	ED	997	164	0	0	5	159	105	54
PCT9113	MV	997	317	0	0	11	306	218	88
PCT9113	TO	997	481	0	0	16	465	323	142
PCT9114	ED	1806	237	0	0	6	231	192	39
PCT9114	MV	1806	521	0	0	12	509	356	153
PCT9114	TO	1806	758	0	0	18	740	548	192
PCT9116	ED	1822	251	0	0	9	242	201	41
PCT9116	MV	1822	509	0	0	10	499	358	141
PCT9116	TO	1822	760	0	0	19	741	559	182
PCT9117	ED	1691	254	0	0	7	247	170	77
PCT9117	MV	1691	533	0	0	23	510	312	198
PCT9117	TO	1691	787	0	0	30	757	482	275
PCT9118	ED	1938	229	0	0	6	223	160	63
PCT9118	MV	1938	535	0	0	20	515	317	198
PCT9118	TO	1938	764	0	0	26	738	477	261
PCT9119	ED	899	91	0	0	1	90	62	28
PCT9119	MV	899	302	0	0	7	295	187	108
PCT9119	TO	899	393	0	0	8	385	249	136
PCT9122	ED	1865	190	0	0	8	182	120	62
PCT9122	MV	1865	537	0	0	11	526	312	214
PCT9122	TO	1865	727	0	0	19	708	432	276
PCT9124	ED	1843	218	0	0	4	214	149	65
PCT9124	MV	1843	542	0	0	11	531	326	205
PCT9124	TO	1843	760	0	0	15	745	475	270
PCT9125	ED	879	97	0	0	3	94	76	18
PCT9125	MV	879	267	0	0	3	264	169	95
PCT9125	TO	879	364	0	0	6	358	245	113
PCT9127	ED	1974	273	0	0	6	267	183	84
PCT9127	MV	1974	633	0	0	18	615	399	216
PCT9127	TO	1974	906	0	0	24	882	582	300
PCT9128	ED	814	125	0	0	4	121	86	35
PCT9128	MV	814	267	0	0	4	263	165	98
PCT9128	TO	814	392	0	0	8	384	251	133
PCT9129	ED	1459	176	0	1	2	173	130	43
PCT9129	MV	1459	461	0	0	8	453	291	162
PCT9129	TO	1459	637	0	1	10	626	421	205
PCT9132	ED	805	105	0	0	3	102	82	20
PCT9132	MV	805	221	0	0	3	218	173	45
PCT9132	TO	805	326	0	0	6	320	255	65
PCT9133	ED	1984	271	0	0	8	263	213	50
PCT9133	MV	1984	596	0	0	30	566	396	170
PCT9133	TO	1984	867	0	0	38	829	609	220
PCT9134	ED	891	87	0	0	1	86	65	21
PCT9134	MV	891	246	0	0	13	233	165	68
PCT9134	TO	891	333	0	0	14	319	230	89
PCT9135	ED	802	114	0	0	2	112	69	43
PCT9135	MV	802	231	0	2	4	225	139	86
PCT9135	TO	802	345	0	2	6	337	208	129
PCT9136	ED	900	119	0	0	1	118	84	34
PCT9136	MV	900	251	0	0	8	243	160	83
PCT9136	TO	900	370	0	0	9	361	244	117
PCT9137	ED	999	115	0	0	5	110	70	40
PCT9137	MV	999	279	0	0	4	275	186	89
PCT9137	TO	999	394	0	0	9	385	256	129
PCT9138	ED	929	101	0	0	3	98	62	36
PCT9138	MV	929	283	0	0	10	273	166	107
PCT9138	TO	929	384	0	0	13	371	228	143
PCT9139	ED	986	105	0	0	3	102	70	32
PCT9139	MV	986	341	0	0	7	334	192	142
PCT9139	TO	986	446	0	0	10	436	262	174
PCT9141	ED	1803	231	0	0	4	227	159	68
PCT9141	MV	1803	549	0	0	10	539	346	193
PCT9141	TO	1803	780	0	0	14	766	505	261
PCT9143	ED	895	120	0	0	1	119	81	38
PCT9143	MV	895	281	0	0	4	277	172	105
PCT9143	TO	895	401	0	0	5	396	253	143
PCT9144	ED	958	141	0	0	2	139	109	30
PCT9144	MV	958	289	0	0	4	285	174	111
PCT9144	TO	958	430	0	0	6	424	283	141
PCT9145	ED	851	124	0	0	5	119	89	30
PCT9145	MV	851	275	0	0	8	267	184	83
PCT9145	TO	851	399	0	0	13	386	273	113
PCT9146	ED	1837	275	0	0	3	272	207	65
PCT9146	MV	1837	558	0	0	15	543	387	156
PCT9146	TO	1837	833	0	0	18	815	594	221
PCT9149	ED	957	150	0	1	3	146	113	33
PCT9149	MV	957	277	0	0	7	270	193	77
PCT9149	TO	957	427	0	1	10	416	306	110
PCT9152	ED	1630	167	0	0	3	164	127	37
PCT9152	MV	1630	400	0	0	14	386	275	111
PCT9152	TO	1630	567	0	0	17	550	402	148
PCT9201	ED	950	111	0	0	2	109	100	9
PCT9201	MV	950	209	0	0	3	206	165	41
PCT9201	TO	950	320	0	0	5	315	265	50
PCT9202	ED	977	116	0	0	6	110	85	25
PCT9202	MV	977	205	0	0	4	201	153	48
PCT9202	TO	977	321	0	0	10	311	238	73
PCT9203	ED	984	78	0	0	4	74	41	33
PCT9203	MV	984	250	0	0	14	236	131	105
PCT9203	TO	984	328	0	0	18	310	172	138
PCT9204	ED	855	109	0	0	7	102	55	47
PCT9204	MV	855	208	0	0	10	198	109	89
PCT9204	TO	855	317	0	0	17	300	164	136
PCT9205	ED	1484	141	0	0	8	133	92	41
PCT9205	MV	1484	355	0	0	15	340	219	121
PCT9205	TO	1484	496	0	0	23	473	311	162
PCT9208	ED	1935	178	0	0	4	174	120	54
PCT9208	MV	1935	484	0	0	19	465	253	212
PCT9208	TO	1935	662	0	0	23	639	373	266
PCT9209	ED	742	84	0	0	1	83	50	33
PCT9209	MV	742	178	0	0	5	173	105	68
PCT9209	TO	742	262	0	0	6	256	155	101
PCT9211	ED	1788	166	0	0	9	157	96	61
PCT9211	MV	1788	468	0	0	18	450	247	203
PCT9211	TO	1788	634	0	0	27	607	343	264
PCT9213	ED	927	85	0	0	0	85	59	26
PCT9213	MV	927	244	0	0	12	232	141	91
PCT9213	TO	927	329	0	0	12	317	200	117
PCT9214	ED	633	66	0	0	0	66	38	28
PCT9214	MV	633	178	0	0	6	172	102	70
PCT9214	TO	633	244	0	0	6	238	140	98
PCT9215	ED	641	79	0	0	0	79	52	27
PCT9215	MV	641	171	0	0	8	163	98	65
PCT9215	TO	641	250	0	0	8	242	150	92
PCT9216	ED	818	82	0	1	1	80	55	25
PCT9216	MV	818	171	0	0	9	162	94	68
PCT9216	TO	818	253	0	1	10	242	149	93
PCT9217	ED	704	65	0	0	2	63	43	20
PCT9217	MV	704	163	0	0	3	160	109	51
PCT9217	TO	704	228	0	0	5	223	152	71
PCT9218	ED	805	87	0	0	4	83	60	23
PCT9218	MV	805	200	0	0	6	194	115	79
PCT9218	TO	805	287	0	0	10	277	175	102
PCT9219	ED	1727	186	0	0	3	183	133	50
PCT9219	MV	1727	383	0	0	13	370	249	121
PCT9219	TO	1727	569	0	0	16	553	382	171
PCT9221	ED	638	73	0	0	1	72	48	24
PCT9221	MV	638	244	0	0	7	237	122	115
PCT9221	TO	638	317	0	0	8	309	170	139
PCT9222	ED	886	91	0	0	6	85	54	31
PCT9222	MV	886	262	0	0	13	249	158	91
PCT9222	TO	886	353	0	0	19	334	212	122
PCT9223	ED	651	53	0	0	2	51	36	15
PCT9223	MV	651	188	0	0	4	184	114	70
PCT9223	TO	651	241	0	0	6	235	150	85
PCT9224	ED	928	107	0	0	2	105	62	43
PCT9224	MV	928	270	0	0	3	267	173	94
PCT9224	TO	928	377	0	0	5	372	235	137
PCT9226	ED	892	85	0	0	1	84	53	31
PCT9226	MV	892	233	0	0	4	229	149	80
PCT9226	TO	892	318	0	0	5	313	202	111
PCT9227	ED	713	83	0	0	2	81	51	30
PCT9227	MV	713	292	0	0	8	284	166	118
PCT9227	TO	713	375	0	0	10	365	217	148
PCT9228	ED	740	89	0	0	3	86	52	34
PCT9228	MV	740	240	0	0	6	234	145	89
PCT9228	TO	740	329	0	0	9	320	197	123
PCT9229	ED	574	93	0	0	1	92	57	35
PCT9229	MV	574	190	0	0	7	183	120	63
PCT9229	TO	574	283	0	0	8	275	177	98
PCT9231	ED	954	157	0	0	6	151	121	30
PCT9231	MV	954	272	0	0	5	267	193	74
PCT9231	TO	954	429	0	0	11	418	314	104
PCT9232	ED	716	92	0	0	3	89	60	29
PCT9232	MV	716	238	0	0	5	233	147	86
PCT9232	TO	716	330	0	0	8	322	207	115
PCT9233	ED	814	77	0	0	4	73	53	20
PCT9233	MV	814	260	0	0	4	256	156	100
PCT9233	TO	814	337	0	0	8	329	209	120
PCT9234	ED	747	84	0	0	1	83	51	32
PCT9234	MV	747	216	0	0	8	208	125	83
PCT9234	TO	747	300	0	0	9	291	176	115
PCT9235	ED	1439	164	0	0	6	158	102	56
PCT9235	MV	1439	443	0	0	14	429	273	156
PCT9235	TO	1439	607	0	0	20	587	375	212
PCT9236	ED	659	65	0	0	0	65	44	21
PCT9236	MV	659	204	0	0	6	198	127	71
PCT9236	TO	659	269	0	0	6	263	171	92
PCT9237	ED	874	86	0	0	2	84	57	27
PCT9237	MV	874	266	0	0	14	252	148	104
PCT9237	TO	874	352	0	0	16	336	205	131
PCT9238	ED	1769	161	0	0	7	154	107	47
PCT9238	MV	1769	526	0	0	12	514	329	185
PCT9238	TO	1769	687	0	0	19	668	436	232
PCT9239	ED	866	78	0	0	3	75	52	23
PCT9239	MV	866	288	0	0	9	279	178	101
PCT9239	TO	866	366	0	0	12	354	230	124
PCT9241	ED	968	95	0	0	2	93	65	28
PCT9241	MV	968	282	0	0	5	277	169	108
PCT9241	TO	968	377	0	0	7	370	234	136
PCT9242	ED	1845	158	0	0	0	158	121	37
PCT9242	MV	1845	509	0	0	9	500	352	148
PCT9242	TO	1845	667	0	0	9	658	473	185
PCT9244	ED	881	99	0	0	1	98	72	26
PCT9244	MV	881	226	0	0	9	217	161	56
PCT9244	TO	881	325	0	0	10	315	233	82
PCT9245	ED	1081	131	0	0	7	124	92	32
PCT9245	MV	1081	278	0	0	5	273	185	88
PCT9245	TO	1081	409	0	0	12	397	277	120
PCT9248	ED	870	88	0	0	2	86	63	23
PCT9248	MV	870	243	0	1	11	231	169	62
PCT9248	TO	870	331	0	1	13	317	232	85
PCT9251	ED	1887	283	0	0	5	278	181	97
PCT9251	MV	1887	559	0	0	15	544	369	175
PCT9251	TO	1887	842	0	0	20	822	550	272
PCT9252	ED	918	83	0	0	2	81	55	26
PCT9252	MV	918	286	0	0	7	279	170	109
PCT9252	TO	918	369	0	0	9	360	225	135
PCT9253	ED	752	103	0	0	5	98	70	28
PCT9253	MV	752	238	0	0	11	227	165	62
PCT9253	TO	752	341	0	0	16	325	235	90
PCT9255	ED	1236	168	0	0	4	164	122	42
PCT9255	MV	1236	351	0	0	4	347	227	120
PCT9255	TO	1236	519	0	0	8	511	349	162
PCT9256	ED	1373	150	0	0	2	148	123	25
PCT9256	MV	1373	408	0	0	9	399	315	84
PCT9256	TO	1373	558	0	0	11	547	438	109
PCT9257	ED	311	3	0	0	0	3	1	2
PCT9257	MV	311	124	0	0	2	122	96	26
PCT9257	TO	311	127	0	0	2	125	97	28
PCT9401	ED	1015	159	0	0	5	154	131	23
PCT9401	MV	1015	259	0	0	6	253	185	68
PCT9401	TO	1015	418	0	0	11	407	316	91
PCT9402	ED	988	148	0	0	3	145	104	41
PCT9402	MV	988	287	0	0	8	279	179	100
PCT9402	TO	988	435	0	0	11	424	283	141
PCT9404	ED	1814	207	0	0	4	203	144	59
PCT9404	MV	1814	502	0	0	11	491	283	208
PCT9404	TO	1814	709	0	0	15	694	427	267
PCT9405	ED	770	113	0	0	1	112	71	41
PCT9405	MV	770	224	0	0	7	217	116	101
PCT9405	TO	770	337	0	0	8	329	187	142
PCT9406	ED	873	133	0	0	4	129	77	52
PCT9406	MV	873	225	0	0	2	223	135	88
PCT9406	TO	873	358	0	0	6	352	212	140
PCT9407	ED	887	126	0	0	10	116	85	31
PCT9407	MV	887	242	0	0	10	232	147	85
PCT9407	TO	887	368	0	0	20	348	232	116
PCT9408	ED	834	129	0	0	3	126	86	40
PCT9408	MV	834	204	0	0	5	199	150	49
PCT9408	TO	834	333	0	0	8	325	236	89
PCT9409	ED	591	105	0	0	3	102	86	16
PCT9409	MV	591	133	0	0	5	128	93	35
PCT9409	TO	591	238	0	0	8	230	179	51
PCT9411	ED	1842	255	0	0	1	254	186	68
PCT9411	MV	1842	523	0	0	8	515	335	180
PCT9411	TO	1842	778	0	0	9	769	521	248
PCT9413	ED	920	102	0	0	3	99	62	37
PCT9413	MV	920	281	0	0	11	270	161	109
PCT9413	TO	920	383	0	0	14	369	223	146
PCT9415	ED	779	79	0	0	4	75	52	23
PCT9415	MV	779	255	0	0	6	249	129	120
PCT9415	TO	779	334	0	0	10	324	181	143
PCT9416	ED	988	152	0	0	5	147	105	42
PCT9416	MV	988	279	0	0	15	264	152	112
PCT9416	TO	988	431	0	0	20	411	257	154
PCT9418	ED	1561	201	0	0	3	198	123	75
PCT9418	MV	1561	514	0	0	20	494	243	251
PCT9418	TO	1561	715	0	0	23	692	366	326
PCT9419	ED	1790	174	0	0	1	173	104	69
PCT9419	MV	1790	586	0	0	21	565	297	268
PCT9419	TO	1790	760	0	0	22	738	401	337
PCT9421	ED	917	94	0	0	3	91	68	23
PCT9421	MV	917	283	0	0	12	271	134	137
PCT9421	TO	917	377	0	0	15	362	202	160
PCT9422	ED	1068	138	0	0	3	135	97	38
PCT9422	MV	1068	330	0	0	16	314	171	143
PCT9422	TO	1068	468	0	0	19	449	268	181
PCT9423	ED	906	88	0	0	3	85	67	18
PCT9423	MV	906	264	0	0	10	254	149	105
PCT9423	TO	906	352	0	0	13	339	216	123
PCT9424	ED	1949	182	0	0	9	173	108	65
PCT9424	MV	1949	637	0	0	11	626	353	273
PCT9424	TO	1949	819	0	0	20	799	461	338
PCT9426	ED	832	83	0	0	3	80	44	36
PCT9426	MV	832	264	0	1	8	255	127	128
PCT9426	TO	832	347	0	1	11	335	171	164
PCT9427	ED	964	116	0	0	4	112	65	47
PCT9427	MV	964	285	0	0	13	272	118	154
PCT9427	TO	964	401	0	0	17	384	183	201
PCT9431	ED	1914	218	0	0	2	216	123	93
PCT9431	MV	1914	588	0	1	13	574	243	331
PCT9431	TO	1914	806	0	1	15	790	366	424
PCT9432	ED	943	100	0	0	1	99	54	45
PCT9432	MV	943	268	0	0	6	262	130	132
PCT9432	TO	943	368	0	0	7	361	184	177
PCT9433	ED	1923	152	0	0	8	144	80	64
PCT9433	MV	1923	609	0	0	23	586	310	276
PCT9433	TO	1923	761	0	0	31	730	390	340
PCT9434	ED	982	118	0	0	2	116	75	41
PCT9434	MV	982	297	0	0	12	285	157	128
PCT9434	TO	982	415	0	0	14	401	232	169
PCT9436	ED	1057	123	0	0	4	119	68	51
PCT9436	MV	1057	325	0	0	7	318	171	147
PCT9436	TO	1057	448	0	0	11	437	239	198
PCT9437	ED	908	95	0	0	0	95	58	37
PCT9437	MV	908	281	0	0	8	273	128	145
PCT9437	TO	908	376	0	0	8	368	186	182
PCT9439	ED	1863	163	0	0	5	158	93	65
PCT9439	MV	1863	598	0	0	24	574	280	294
PCT9439	TO	1863	761	0	0	29	732	373	359
PCT9441	ED	985	118	0	0	0	118	78	40
PCT9441	MV	985	316	0	0	8	308	160	148
PCT9441	TO	985	434	0	0	8	426	238	188
PCT9442	ED	2015	249	0	0	12	237	150	87
PCT9442	MV	2015	565	0	1	9	555	286	269
PCT9442	TO	2015	814	0	1	21	792	436	356
PCT9443	ED	1908	176	0	0	2	174	119	55
PCT9443	MV	1908	561	0	0	18	543	303	240
PCT9443	TO	1908	737	0	0	20	717	422	295
PCT9445	ED	971	92	0	0	3	89	53	36
PCT9445	MV	971	306	0	0	13	293	153	140
PCT9445	TO	971	398	0	0	16	382	206	176
PCT9446	ED	1940	230	0	0	7	223	129	94
PCT9446	MV	1940	621	0	0	23	598	301	297
PCT9446	TO	1940	851	0	0	30	821	430	391
PCT9447	ED	889	122	0	0	3	119	82	37
PCT9447	MV	889	275	0	0	5	270	118	152
PCT9447	TO	889	397	0	0	8	389	200	189
PCT9448	ED	936	105	0	0	2	103	75	28
PCT9448	MV	936	265	0	0	9	256	135	121
PCT9448	TO	936	370	0	0	11	359	210	149
PCT9449	ED	862	86	0	0	1	85	56	29
PCT9449	MV	862	274	0	0	6	268	107	161
PCT9449	TO	862	360	0	0	7	353	163	190
PCT9451	ED	437	41	0	0	1	40	22	18
PCT9451	MV	437	144	0	0	4	140	55	85
PCT9451	TO	437	185	0	0	5	180	77	103
PCT9453	ED	520	57	0	0	2	55	29	26
PCT9453	MV	520	166	0	0	8	158	81	77
PCT9453	TO	520	223	0	0	10	213	110	103
PCT9501	ED	147	2	0	0	0	2	2	0
PCT9501	MV	147	69	0	0	2	67	50	17
PCT9501	TO	147	71	0	0	2	69	52	17
PCT9502	ED	253	5	0	0	0	5	5	0
PCT9502	MV	253	104	0	0	3	101	77	24
PCT9502	TO	253	109	0	0	3	106	82	24
PCT9503	ED	667	86	0	0	0	86	76	10
PCT9503	MV	667	175	0	0	10	165	139	26
PCT9503	TO	667	261	0	0	10	251	215	36
PCT9505	ED	760	115	0	0	2	113	95	18
PCT9505	MV	760	246	0	0	9	237	188	49
PCT9505	TO	760	361	0	0	11	350	283	67
PCT9506	ED	750	95	0	0	2	93	77	16
PCT9506	MV	750	186	0	0	5	181	152	29
PCT9506	TO	750	281	0	0	7	274	229	45
PCT9507	ED	713	122	0	0	3	119	108	11
PCT9507	MV	713	210	0	0	8	202	169	33
PCT9507	TO	713	332	0	0	11	321	277	44
PCT9511	ED	1314	228	0	0	9	219	192	27
PCT9511	MV	1314	382	0	0	10	372	302	70
PCT9511	TO	1314	610	0	0	19	591	494	97
PCT9512	ED	1544	231	0	0	9	222	200	22
PCT9512	MV	1544	489	0	0	9	480	406	74
PCT9512	TO	1544	720	0	0	18	702	606	96
PCT9513	ED	872	161	0	0	2	159	146	13
PCT9513	MV	872	243	0	0	3	240	215	25
PCT9513	TO	872	404	0	0	5	399	361	38
PCT9514	ED	888	157	0	0	2	155	133	22
PCT9514	MV	888	270	0	0	9	261	216	45
PCT9514	TO	888	427	0	0	11	416	349	67
PCT9516	ED	1579	275	0	1	7	267	215	52
PCT9516	MV	1579	486	0	0	17	469	354	115
PCT9516	TO	1579	761	0	1	24	736	569	167
PCT9517	ED	1554	252	0	0	6	246	212	34
PCT9517	MV	1554	484	0	0	7	477	401	76
PCT9517	TO	1554	736	0	0	13	723	613	110
PCT9519	ED	882	148	0	0	3	145	118	27
PCT9519	MV	882	305	0	0	4	301	247	54
PCT9519	TO	882	453	0	0	7	446	365	81
PCT9521	ED	870	182	0	0	8	174	146	28
PCT9521	MV	870	295	0	0	9	286	235	51
PCT9521	TO	870	477	0	0	17	460	381	79
PCT9701	ED	652	122	0	0	4	118	87	31
PCT9701	MV	652	183	0	0	5	178	115	63
PCT9701	TO	652	305	0	0	9	296	202	94
PCT9702	ED	709	121	0	0	2	119	94	25
PCT9702	MV	709	210	0	0	2	208	139	69
PCT9702	TO	709	331	0	0	4	327	233	94
PCT9703	ED	981	120	0	0	2	118	77	41
PCT9703	MV	981	330	0	0	11	319	173	146
PCT9703	TO	981	450	0	0	13	437	250	187
PCT9704	ED	946	133	0	0	2	131	97	34
PCT9704	MV	946	337	0	0	8	329	203	126
PCT9704	TO	946	470	0	0	10	460	300	160
PCT9705	ED	1865	274	0	0	8	266	214	52
PCT9705	MV	1865	610	0	1	9	600	402	198
PCT9705	TO	1865	884	0	1	17	866	616	250
PCT9706	ED	48	0	0	0	0	0	0	0
PCT9706	MV	48	20	0	0	0	20	15	5
PCT9706	TO	48	20	0	0	0	20	15	5
PCT9709	ED	1021	108	0	0	2	106	65	41
PCT9709	MV	1021	338	0	0	9	329	178	151
PCT9709	TO	1021	446	0	0	11	435	243	192
PCT9711	ED	1433	222	0	0	5	217	138	79
PCT9711	MV	1433	529	0	0	20	509	290	219
PCT9711	TO	1433	751	0	0	25	726	428	298
PCT9712	ED	1237	190	0	0	5	185	115	70
PCT9712	MV	1237	463	0	0	13	450	251	199
PCT9712	TO	1237	653	0	0	18	635	366	269
PCT9716	ED	951	134	0	0	5	129	84	45
PCT9716	MV	951	324	0	0	11	313	165	148
PCT9716	TO	951	458	0	0	16	442	249	193
PCT9717	ED	1917	224	0	0	6	218	130	88
PCT9717	MV	1917	611	0	0	11	600	303	297
PCT9717	TO	1917	835	0	0	17	818	433	385
PCT9718	ED	1833	277	0	0	9	268	162	106
PCT9718	MV	1833	703	0	0	18	685	379	306
PCT9718	TO	1833	980	0	0	27	953	541	412
PCT9719	ED	910	135	0	0	2	133	81	52
PCT9719	MV	910	349	0	0	7	342	194	148
PCT9719	TO	910	484	0	0	9	475	275	200
PCT9721	ED	660	128	0	0	4	124	73	51
PCT9721	MV	660	251	0	0	8	243	112	131
PCT9721	TO	660	379	0	0	12	367	185	182
PCT9722	ED	587	70	0	0	0	70	42	28
PCT9722	MV	587	245	0	0	5	240	142	98
PCT9722	TO	587	315	0	0	5	310	184	126
PCT9723	ED	505	38	0	0	0	38	15	23
PCT9723	MV	505	186	0	0	5	181	61	120
PCT9723	TO	505	224	0	0	5	219	76	143
PCT9724	ED	1003	100	0	0	1	99	42	57
PCT9724	MV	1003	380	0	0	12	368	139	229
PCT9724	TO	1003	480	0	0	13	467	181	286
PCT9725	ED	965	88	0	0	3	85	37	48
PCT9725	MV	965	325	0	0	6	319	139	180
PCT9725	TO	965	413	0	0	9	404	176	228
PCT9726	ED	621	74	0	0	1	73	52	21
PCT9726	MV	621	127	0	0	8	119	91	28
PCT9726	TO	621	201	0	0	9	192	143	49
PCT9727	ED	453	51	0	0	1	50	24	26
PCT9727	MV	453	163	0	0	7	156	73	83
PCT9727	TO	453	214	0	0	8	206	97	109
PCT9728	ED	1829	272	0	0	8	264	147	117
PCT9728	MV	1829	616	0	1	11	604	327	277
PCT9728	TO	1829	888	0	1	19	868	474	394
PCT9729	ED	809	105	0	0	1	104	60	44
PCT9729	MV	809	316	0	0	6	310	157	153
PCT9729	TO	809	421	0	0	7	414	217	197
PCT9731	ED	572	77	0	0	1	76	50	26
PCT9731	MV	572	190	0	0	1	189	86	103
PCT9731	TO	572	267	0	0	2	265	136	129
PCT9732	ED	71	0	0	0	0	0	0	0
PCT9732	MV	71	39	0	0	0	39	21	18
PCT9732	TO	71	39	0	0	0	39	21	18
PCT9733	ED	235	5	0	0	1	4	3	1
PCT9733	MV	235	115	0	0	5	110	73	37
PCT9733	TO	235	120	0	0	6	114	76	38
PCT9734	ED	1389	188	0	0	3	185	119	66
PCT9734	MV	1389	534	0	0	15	519	261	258
PCT9734	TO	1389	722	0	0	18	704	380	324
PCT9737	ED	1518	204	0	0	6	198	131	67
PCT9737	MV	1518	574	0	0	16	558	331	227
PCT9737	TO	1518	778	0	0	22	756	462	294
PCT9738	ED	813	48	0	0	2	46	30	16
PCT9738	MV	813	229	0	0	8	221	169	52
PCT9738	TO	813	277	0	0	10	267	199	68
PCT9739	ED	768	69	0	0	2	67	58	9
PCT9739	MV	768	177	0	0	4	173	146	27
PCT9739	TO	768	246	0	0	6	240	204	36
PCT9741	ED	497	65	0	0	2	63	59	4
PCT9741	MV	497	25	0	0	0	25	24	1
PCT9741	TO	497	90	0	0	2	88	83	5
PCT9742	ED	679	95	0	0	5	90	47	43
PCT9742	MV	679	153	0	0	2	151	61	90
PCT9742	TO	679	248	0	0	7	241	108	133
PCT9743	ED	1138	122	0	0	5	117	97	20
PCT9743	MV	1138	297	0	0	7	290	217	73
PCT9743	TO	1138	419	0	0	12	407	314	93
PCT9744	ED	907	112	0	0	5	107	84	23
PCT9744	MV	907	205	0	0	6	199	140	59
PCT9744	TO	907	317	0	0	11	306	224	82
PCT9745	ED	973	109	0	0	1	108	81	27
PCT9745	MV	973	212	0	0	2	210	162	48
PCT9745	TO	973	321	0	0	3	318	243	75
PCT9748	ED	910	98	0	0	1	97	56	41
PCT9748	MV	910	313	0	0	7	306	183	123
PCT9748	TO	910	411	0	0	8	403	239	164
PCT9749	ED	1871	214	0	0	5	209	153	56
PCT9749	MV	1871	491	0	0	16	475	297	178
PCT9749	TO	1871	705	0	0	21	684	450	234
PCT9751	ED	1038	136	0	0	4	132	84	48
PCT9751	MV	1038	353	0	0	11	342	175	167
PCT9751	TO	1038	489	0	0	15	474	259	215
PCT9752	ED	696	90	0	0	1	89	54	35
PCT9752	MV	696	267	0	0	5	262	139	123
PCT9752	TO	696	357	0	0	6	351	193	158
PCT9753	ED	764	93	0	0	0	93	66	27
PCT9753	MV	764	239	0	0	8	231	148	83
PCT9753	TO	764	332	0	0	8	324	214	110
PCT9754	ED	686	111	0	0	2	109	79	30
PCT9754	MV	686	241	0	0	5	236	160	76
PCT9754	TO	686	352	0	0	7	345	239	106
PCT9755	ED	567	76	0	0	0	76	54	22
PCT9755	MV	567	170	0	0	3	167	113	54
PCT9755	TO	567	246	0	0	3	243	167	76
PCT9756	ED	940	69	0	0	1	68	50	18
PCT9756	MV	940	267	0	0	4	263	126	137
PCT9756	TO	940	336	0	0	5	331	176	155
PCT9801	ED	404	51	0	0	1	50	38	12
PCT9801	MV	404	135	0	0	4	131	82	49
PCT9801	TO	404	186	0	0	5	181	120	61
PCT9900	ED	0	0	0	0	0	0	0	0
PCT9900	MV	0	0	0	0	0	0	0	0
PCT9900	TO	0	0	0	0	0	0	0	0
PCT9901	ED	0	0	0	0	0	0	0	0
PCT9901	MV	0	0	0	0	0	0	0	0
PCT9901	TO	0	0	0	0	0	0	0	0
PCT9902	ED	0	0	0	0	0	0	0	0
PCT9902	MV	0	0	0	0	0	0	0	0
PCT9902	TO	0	0	0	0	0	0	0	0
CONG12	ED	437850	53397	0	11	1277	52109	40618	11491
CONG12	MV	437850	129637	0	27	3447	126163	88768	37395
CONG12	TO	437850	183034	0	38	4724	178272	129386	48886
CONG14	ED	57200	6017	0	0	137	5880	3972	1908
CONG14	MV	57200	17289	0	4	408	16877	9697	7180
CONG14	TO	57200	23306	0	4	545	22757	13669	9088
ASSM17	ED	287476	34944	0	7	799	34138	27821	6317
ASSM17	MV	287476	85060	0	20	2172	82868	61553	21315
ASSM17	TO	287476	120004	0	27	2971	117006	89374	27632
ASSM19	ED	207574	24470	0	4	615	23851	16769	7082
ASSM19	MV	207574	61866	0	11	1683	60172	36912	23260
ASSM19	TO	207574	86336	0	15	2298	84023	53681	30342
SUPV1	ED	42447	5464	0	2	137	5325	3895	1430
SUPV1	MV	42447	12584	0	3	335	12246	8125	4121
SUPV1	TO	42447	18048	0	5	472	17571	12020	5551
SUPV2	ED	49361	5273	0	2	149	5122	3573	1549
SUPV2	MV	49361	13967	0	1	420	13546	8799	4747
SUPV2	TO	49361	19240	0	3	569	18668	12372	6296
SUPV3	ED	38836	3913	0	0	107	3806	2956	850
SUPV3	MV	38836	10920	0	5	341	10574	7639	2935
SUPV3	TO	38836	14833	0	5	448	14380	10595	3785
SUPV4	ED	43341	5029	0	0	130	4899	3209	1690
SUPV4	MV	43341	13036	0	3	401	12632	6775	5857
SUPV4	TO	43341	18065	0	3	531	17531	9984	7547
SUPV5	ED	51976	8350	0	2	222	8126	7025	1101
SUPV5	MV	51976	16423	0	5	456	15962	13036	2926
SUPV5	TO	51976	24773	0	7	678	24088	20061	4027
SUPV6	ED	42510	3309	0	0	100	3209	2600	609
SUPV6	MV	42510	11034	0	3	299	10732	8101	2631
SUPV6	TO	42510	14343	0	3	399	13941	10701	3240
SUPV7	ED	46757	6126	0	0	140	5986	3964	2022
SUPV7	MV	46757	15630	0	2	396	15232	8864	6368
SUPV7	TO	46757	21756	0	2	536	21218	12828	8390
SUPV8	ED	57103	9078	0	1	151	8926	7264	1662
SUPV8	MV	57103	19840	0	4	449	19387	14898	4489
SUPV8	TO	57103	28918	0	5	600	28313	22162	6151
SUPV9	ED	42539	5866	0	3	110	5753	4883	870
SUPV9	MV	42539	12113	0	1	264	11848	8994	2854
SUPV9	TO	42539	17979	0	4	374	17601	13877	3724
SUPV10	ED	42195	3620	0	1	90	3529	2826	703
SUPV10	MV	42195	10772	0	1	248	10523	7100	3423
SUPV10	TO	42195	14392	0	2	338	14052	9926	4126
SUPV11	ED	37985	3386	0	0	78	3308	2395	913
SUPV11	MV	37985	10607	0	3	246	10358	6134	4224
SUPV11	TO	37985	13993	0	3	324	13666	8529	5137
NEIG1	ED	20194	1583	0	0	53	1530	1249	281
NEIG1	MV	20194	4617	0	0	123	4494	3026	1468
NEIG1	TO	20194	6200	0	0	176	6024	4275	1749
NEIG2	ED	18045	1697	0	0	45	1652	1269	383
NEIG2	MV	18045	5028	0	4	174	4850	3457	1393
NEIG2	TO	18045	6725	0	4	219	6502	4726	1776
NEIG3	ED	27613	2634	0	0	85	2549	2105	444
NEIG3	MV	27613	7171	0	1	204	6966	5522	1444
NEIG3	TO	27613	9805	0	1	289	9515	7627	1888
NEIG4	ED	7735	1165	0	0	28	1137	834	303
NEIG4	MV	7735	2833	0	0	60	2773	1932	841
NEIG4	TO	7735	3998	0	0	88	3910	2766	1144
NEIG5	ED	28067	2430	0	0	57	2373	1696	677
NEIG5	MV	28067	7906	0	1	177	7728	4562	3166
NEIG5	TO	28067	10336	0	1	234	10101	6258	3843
NEIG6	ED	15102	2841	0	0	66	2775	2400	375
NEIG6	MV	15102	4922	0	2	117	4803	3968	835
NEIG6	TO	15102	7763	0	2	183	7578	6368	1210
NEIG7	ED	13133	1290	0	0	28	1262	940	322
NEIG7	MV	13133	3594	0	2	93	3499	2077	1422
NEIG7	TO	13133	4884	0	2	121	4761	3017	1744
NEIG8	ED	9501	1633	0	1	41	1591	1313	278
NEIG8	MV	9501	3045	0	0	77	2968	2334	634
NEIG8	TO	9501	4678	0	1	118	4559	3647	912
NEIG9	ED	8190	825	0	0	22	803	555	248
NEIG9	MV	8190	2163	0	0	58	2105	1288	817
NEIG9	TO	8190	2988	0	0	80	2908	1843	1065
NEIG10	ED	10551	1396	0	1	35	1360	1038	322
NEIG10	MV	10551	3053	0	0	92	2961	2112	849
NEIG10	TO	10551	4449	0	1	127	4321	3150	1171
NEIG11	ED	41063	4206	0	2	124	4080	2882	1198
NEIG11	MV	41063	11339	0	1	366	10972	7137	3835
NEIG11	TO	41063	15545	0	3	490	15052	10019	5033
NEIG12	ED	32113	4830	0	1	77	4752	4136	616
NEIG12	MV	32113	8757	0	2	175	8580	7108	1472
NEIG12	TO	32113	13587	0	3	252	13332	11244	2088
NEIG13	ED	15730	2488	0	0	35	2453	1990	463
NEIG13	MV	15730	5503	0	2	140	5361	4028	1333
NEIG13	TO	15730	7991	0	2	175	7814	6018	1796
NEIG14	ED	9293	1671	0	0	34	1637	1402	235
NEIG14	MV	9293	3070	0	1	53	3016	2448	568
NEIG14	TO	9293	4741	0	1	87	4653	3850	803
NEIG15	ED	5953	702	0	0	19	683	517	166
NEIG15	MV	5953	1840	0	0	55	1785	1216	569
NEIG15	TO	5953	2542	0	0	74	2468	1733	735
NEIG26	ED	9927	809	0	2	26	781	523	258
NEIG26	MV	9927	2925	0	0	86	2839	1573	1266
NEIG26	TO	9927	3734	0	2	112	3620	2096	1524
NEIG16	ED	16717	1710	0	1	29	1680	1367	313
NEIG16	MV	16717	4958	0	1	88	4869	3569	1300
NEIG16	TO	16717	6668	0	2	117	6549	4936	1613
NEIG17	ED	37882	4924	0	1	128	4795	3482	1313
NEIG17	MV	37882	11288	0	2	293	10993	7234	3759
NEIG17	TO	37882	16212	0	3	421	15788	10716	5072
NEIG18	ED	6193	810	0	0	22	788	552	236
NEIG18	MV	6193	2004	0	0	51	1953	1245	708
NEIG18	TO	6193	2814	0	0	73	2741	1797	944
NEIG19	ED	7872	1105	0	0	26	1079	899	180
NEIG19	MV	7872	2488	0	0	60	2428	1855	573
NEIG19	TO	7872	3593	0	0	86	3507	2754	753
NEIG20	ED	24361	1795	0	0	51	1744	1351	393
NEIG20	MV	24361	6405	0	3	185	6217	4495	1722
NEIG20	TO	24361	8200	0	3	236	7961	5846	2115
NEIG21	ED	42750	4924	0	0	127	4797	3123	1674
NEIG21	MV	42750	12903	0	3	396	12504	6682	5822
NEIG21	TO	42750	17827	0	3	523	17301	9805	7496
NEIG22	ED	19329	3076	0	1	37	3038	2494	544
NEIG22	MV	19329	7010	0	0	147	6863	5323	1540
NEIG22	TO	19329	10086	0	1	184	9901	7817	2084
NEIG23	ED	7912	488	0	0	11	477	351	126
NEIG23	MV	7912	1962	0	0	47	1915	1046	869
NEIG23	TO	7912	2450	0	0	58	2392	1397	995
NEIG24	ED	33087	4577	0	0	102	4475	2875	1600
NEIG24	MV	33087	11862	0	2	300	11560	6595	4965
NEIG24	TO	33087	16439	0	2	402	16035	9470	6565
NEIG25	ED	26737	3805	0	1	106	3698	3247	451
NEIG25	MV	26737	8280	0	4	238	8038	6633	1405
NEIG25	TO	26737	12085	0	5	344	11736	9880	1856
