area_id	subtotal_type	RSReg	RSCst	RSRej	RSOvr	RSUnd	RSTot	32:YES	33:NO
ALLPCTS	TO	495050	163861	0	28	4030	159803	111683	48120
ALLPCTS	ED	495050	45586	0	9	960	44617	33935	10682
ALLPCTS	MV	495050	118275	0	19	3070	115186	77748	37438
PCT1101	ED	557	39	0	0	2	37	27	10
PCT1101	MV	557	138	0	0	3	135	84	51
PCT1101	TO	557	177	0	0	5	172	111	61
PCT1102	ED	994	117	0	0	1	116	83	33
PCT1102	MV	994	263	0	0	4	259	145	114
PCT1102	TO	994	380	0	0	5	375	228	147
PCT1103	ED	962	88	0	0	0	88	67	21
PCT1103	MV	962	209	0	0	4	205	125	80
PCT1103	TO	962	297	0	0	4	293	192	101
PCT1104	ED	1012	76	0	0	4	72	55	17
PCT1104	MV	1012	198	0	0	3	195	131	64
PCT1104	TO	1012	274	0	0	7	267	186	81
PCT1106	ED	1505	127	0	0	0	127	88	39
PCT1106	MV	1505	343	0	0	3	340	176	164
PCT1106	TO	1505	470	0	0	3	467	264	203
PCT1108	ED	908	77	0	0	1	76	59	17
PCT1108	MV	908	202	0	0	7	195	112	83
PCT1108	TO	908	279	0	0	8	271	171	100
PCT1109	ED	805	73	0	0	2	71	53	18
PCT1109	MV	805	216	0	0	6	210	120	90
PCT1109	TO	805	289	0	0	8	281	173	108
PCT1111	ED	1025	73	0	0	0	73	54	19
PCT1111	MV	1025	262	0	0	5	257	141	116
PCT1111	TO	1025	335	0	0	5	330	195	135
PCT1112	ED	770	48	0	0	0	48	36	12
PCT1112	MV	770	171	0	0	3	168	102	66
PCT1112	TO	770	219	0	0	3	216	138	78
PCT1114	ED	1741	92	0	0	3	89	71	18
PCT1114	MV	1741	366	0	0	5	361	197	164
PCT1114	TO	1741	458	0	0	8	450	268	182
PCT1115	ED	1838	118	0	0	1	117	86	31
PCT1115	MV	1838	396	0	0	7	389	228	161
PCT1115	TO	1838	514	0	0	8	506	314	192
PCT1117	ED	1771	104	0	0	2	102	73	29
PCT1117	MV	1771	353	0	0	14	339	181	158
PCT1117	TO	1771	457	0	0	16	441	254	187
PCT1118	ED	1057	86	0	0	3	83	57	26
PCT1118	MV	1057	281	0	1	9	271	149	122
PCT1118	TO	1057	367	0	1	12	354	206	148
PCT1119	ED	771	32	0	0	0	32	28	4
PCT1119	MV	771	201	0	0	5	196	125	71
PCT1119	TO	771	233	0	0	5	228	153	75
PCT1122	ED	638	41	0	0	0	41	24	17
PCT1122	MV	638	167	0	0	1	166	74	92
PCT1122	TO	638	208	0	0	1	207	98	109
PCT1124	ED	812	51	0	0	1	50	31	19
PCT1124	MV	812	166	0	0	2	164	103	61
PCT1124	TO	812	217	0	0	3	214	134	80
PCT1125	ED	1064	37	0	0	0	37	27	10
PCT1125	MV	1064	233	0	1	7	225	119	106
PCT1125	TO	1064	270	0	1	7	262	146	116
PCT1126	ED	1676	91	0	0	0	91	58	33
PCT1126	MV	1676	399	0	0	6	393	220	173
PCT1126	TO	1676	490	0	0	6	484	278	206
PCT1127	ED	1827	107	0	0	1	106	73	33
PCT1127	MV	1827	425	0	0	11	414	223	191
PCT1127	TO	1827	532	0	0	12	520	296	224
PCT1129	ED	1018	62	0	0	2	60	35	25
PCT1129	MV	1018	220	0	0	7	213	127	86
PCT1129	TO	1018	282	0	0	9	273	162	111
PCT1131	ED	836	38	0	0	1	37	30	7
PCT1131	MV	836	207	0	0	3	204	112	92
PCT1131	TO	836	245	0	0	4	241	142	99
PCT1132	ED	1010	34	0	0	0	34	21	13
PCT1132	MV	1010	263	0	0	4	259	152	107
PCT1132	TO	1010	297	0	0	4	293	173	120
PCT1133	ED	857	40	0	0	0	40	25	15
PCT1133	MV	857	220	0	0	4	216	126	90
PCT1133	TO	857	260	0	0	4	256	151	105
PCT1134	ED	762	61	0	0	2	59	49	10
PCT1134	MV	762	195	0	0	3	192	87	105
PCT1134	TO	762	256	0	0	5	251	136	115
PCT1135	ED	554	37	0	0	1	36	27	9
PCT1135	MV	554	146	0	0	6	140	80	60
PCT1135	TO	554	183	0	0	7	176	107	69
PCT1136	ED	847	47	0	0	1	46	27	19
PCT1136	MV	847	217	0	0	6	211	114	97
PCT1136	TO	847	264	0	0	7	257	141	116
PCT1141	ED	1042	61	0	0	1	60	34	26
PCT1141	MV	1042	267	0	0	6	261	144	117
PCT1141	TO	1042	328	0	0	7	321	178	143
PCT1143	ED	1024	87	0	0	0	87	73	14
PCT1143	MV	1024	207	0	0	14	193	122	71
PCT1143	TO	1024	294	0	0	14	280	195	85
PCT1144	ED	1804	126	0	0	3	123	92	31
PCT1144	MV	1804	372	0	0	6	366	218	148
PCT1144	TO	1804	498	0	0	9	489	310	179
PCT1145	ED	894	57	0	0	0	57	48	9
PCT1145	MV	894	254	0	0	3	251	157	94
PCT1145	TO	894	311	0	0	3	308	205	103
PCT1146	ED	1008	71	0	0	2	69	52	17
PCT1146	MV	1008	206	0	0	8	198	119	79
PCT1146	TO	1008	277	0	0	10	267	171	96
PCT1147	ED	868	71	0	0	3	68	50	18
PCT1147	MV	868	196	0	0	3	193	120	73
PCT1147	TO	868	267	0	0	6	261	170	91
PCT1148	ED	1002	73	0	0	3	70	46	24
PCT1148	MV	1002	238	0	0	2	236	119	117
PCT1148	TO	1002	311	0	0	5	306	165	141
PCT1149	ED	911	70	0	0	2	68	53	15
PCT1149	MV	911	205	0	0	6	199	121	78
PCT1149	TO	911	275	0	0	8	267	174	93
PCT1152	ED	1815	126	0	0	2	124	77	47
PCT1152	MV	1815	433	0	0	16	417	278	139
PCT1152	TO	1815	559	0	0	18	541	355	186
PCT7001	ED	752	39	0	0	0	39	32	7
PCT7001	MV	752	184	0	0	3	181	135	46
PCT7001	TO	752	223	0	0	3	220	167	53
PCT7002	ED	659	43	0	0	1	42	36	6
PCT7002	MV	659	123	0	0	0	123	83	40
PCT7002	TO	659	166	0	0	1	165	119	46
PCT7003	ED	1755	179	0	1	2	176	141	35
PCT7003	MV	1755	431	0	0	8	423	325	98
PCT7003	TO	1755	610	0	1	10	599	466	133
PCT7005	ED	850	99	0	0	0	99	86	13
PCT7005	MV	850	241	0	0	3	238	169	69
PCT7005	TO	850	340	0	0	3	337	255	82
PCT7006	ED	921	87	0	0	0	87	65	22
PCT7006	MV	921	157	0	0	2	155	120	35
PCT7006	TO	921	244	0	0	2	242	185	57
PCT7007	ED	1821	211	0	0	4	207	167	40
PCT7007	MV	1821	538	0	0	15	523	382	141
PCT7007	TO	1821	749	0	0	19	730	549	181
PCT7009	ED	874	46	0	0	1	45	30	15
PCT7009	MV	874	230	0	0	4	226	170	56
PCT7009	TO	874	276	0	0	5	271	200	71
PCT7011	ED	951	66	0	0	2	64	54	10
PCT7011	MV	951	134	0	0	2	132	96	36
PCT7011	TO	951	200	0	0	4	196	150	46
PCT7012	ED	1165	113	0	0	1	112	86	26
PCT7012	MV	1165	289	0	0	3	286	205	81
PCT7012	TO	1165	402	0	0	4	398	291	107
PCT7013	ED	1033	60	0	0	0	60	49	11
PCT7013	MV	1033	237	0	0	6	231	180	51
PCT7013	TO	1033	297	0	0	6	291	229	62
PCT7014	ED	1388	97	0	0	1	96	83	13
PCT7014	MV	1388	354	0	0	10	344	244	100
PCT7014	TO	1388	451	0	0	11	440	327	113
PCT7015	MV	104	21	0	0	0	21	19	2
PCT7015	TO	104	21	0	0	0	21	19	2
PCT7016	ED	912	57	0	0	1	56	39	17
PCT7016	MV	912	149	0	0	7	142	95	47
PCT7016	TO	912	206	0	0	8	198	134	64
PCT7017	ED	781	32	0	0	3	29	28	1
PCT7017	MV	781	110	0	0	1	109	92	17
PCT7017	TO	781	142	0	0	4	138	120	18
PCT7019	ED	1908	90	0	0	2	88	72	16
PCT7019	MV	1908	472	0	0	6	466	280	186
PCT7019	TO	1908	562	0	0	8	554	352	202
PCT7021	ED	955	68	0	0	3	65	56	9
PCT7021	MV	955	136	0	0	3	133	101	32
PCT7021	TO	955	204	0	0	6	198	157	41
PCT7022	ED	943	78	0	0	2	76	65	11
PCT7022	MV	943	166	0	0	4	162	109	53
PCT7022	TO	943	244	0	0	6	238	174	64
PCT7024	ED	448	14	0	0	0	14	12	2
PCT7024	MV	448	30	0	0	0	30	29	1
PCT7024	TO	448	44	0	0	0	44	41	3
PCT7025	ED	473	23	0	0	0	23	19	4
PCT7025	MV	473	47	0	0	1	46	41	5
PCT7025	TO	473	70	0	0	1	69	60	9
PCT7026	ED	1009	46	0	0	1	45	35	10
PCT7026	MV	1009	270	0	0	4	266	144	122
PCT7026	TO	1009	316	0	0	5	311	179	132
PCT7027	ED	883	67	0	0	0	67	50	17
PCT7027	MV	883	205	0	0	7	198	122	76
PCT7027	TO	883	272	0	0	7	265	172	93
PCT7028	ED	849	77	0	0	1	76	62	14
PCT7028	MV	849	126	0	0	4	122	92	30
PCT7028	TO	849	203	0	0	5	198	154	44
PCT7029	ED	1812	100	0	0	1	99	91	8
PCT7029	MV	1812	323	0	0	7	316	245	71
PCT7029	TO	1812	423	0	0	8	415	336	79
PCT7030	ED	787	46	0	0	1	45	26	19
PCT7030	MV	787	216	0	0	10	206	97	109
PCT7030	TO	787	262	0	0	11	251	123	128
PCT7031	ED	680	24	0	0	1	23	20	3
PCT7031	MV	680	149	0	0	3	146	99	47
PCT7031	TO	680	173	0	0	4	169	119	50
PCT7032	ED	876	48	0	0	2	46	38	8
PCT7032	MV	876	172	0	0	3	169	115	54
PCT7032	TO	876	220	0	0	5	215	153	62
PCT7033	ED	770	61	0	0	3	58	47	11
PCT7033	MV	770	134	0	0	4	130	94	36
PCT7033	TO	770	195	0	0	7	188	141	47
PCT7034	ED	954	33	0	0	1	32	25	7
PCT7034	MV	954	110	0	0	8	102	87	15
PCT7034	TO	954	143	0	0	9	134	112	22
PCT7035	ED	681	26	0	0	1	25	22	3
PCT7035	MV	681	154	0	0	3	151	101	50
PCT7035	TO	681	180	0	0	4	176	123	53
PCT7037	ED	1676	59	0	0	2	57	50	7
PCT7037	MV	1676	217	0	0	5	212	123	89
PCT7037	TO	1676	276	0	0	7	269	173	96
PCT7038	ED	924	34	0	0	1	33	29	4
PCT7038	MV	924	217	0	0	7	210	111	99
PCT7038	TO	924	251	0	0	8	243	140	103
PCT7039	ED	830	71	0	0	2	69	47	22
PCT7039	MV	830	171	0	0	4	167	91	76
PCT7039	TO	830	242	0	0	6	236	138	98
PCT7041	MV	60	12	0	0	0	12	5	7
PCT7041	TO	60	12	0	0	0	12	5	7
PCT7042	ED	1069	67	0	0	1	66	42	24
PCT7042	MV	1069	224	0	0	3	221	134	87
PCT7042	TO	1069	291	0	0	4	287	176	111
PCT7043	ED	961	40	0	0	1	39	28	11
PCT7043	MV	961	180	0	0	4	176	112	64
PCT7043	TO	961	220	0	0	5	215	140	75
PCT7044	ED	844	23	0	0	3	20	19	1
PCT7044	MV	844	94	0	0	3	91	66	25
PCT7044	TO	844	117	0	0	6	111	85	26
PCT7045	ED	783	39	0	0	1	38	26	12
PCT7045	MV	783	214	0	0	4	210	109	101
PCT7045	TO	783	253	0	0	5	248	135	113
PCT7047	ED	1727	73	0	0	3	70	51	19
PCT7047	MV	1727	376	0	0	11	365	167	198
PCT7047	TO	1727	449	0	0	14	435	218	217
PCT7048	ED	870	37	0	0	0	37	26	11
PCT7048	MV	870	162	0	0	4	158	102	56
PCT7048	TO	870	199	0	0	4	195	128	67
PCT7049	ED	815	50	0	0	0	50	36	14
PCT7049	MV	815	182	0	0	3	179	81	98
PCT7049	TO	815	232	0	0	3	229	117	112
PCT7052	ED	878	67	0	0	2	65	51	14
PCT7052	MV	878	218	0	0	6	212	118	94
PCT7052	TO	878	285	0	0	8	277	169	108
PCT7053	ED	568	22	0	0	0	22	15	7
PCT7053	MV	568	108	0	0	4	104	67	37
PCT7053	TO	568	130	0	0	4	126	82	44
PCT7054	ED	1111	60	0	0	5	55	45	10
PCT7054	MV	1111	191	0	0	4	187	131	56
PCT7054	TO	1111	251	0	0	9	242	176	66
PCT7055	ED	799	21	0	0	0	21	16	5
PCT7055	MV	799	179	0	0	2	177	95	82
PCT7055	TO	799	200	0	0	2	198	111	87
PCT7101	MV	152	64	0	1	0	63	56	7
PCT7101	TO	152	64	0	1	0	63	56	7
PCT7202	ED	1747	117	0	0	3	114	80	34
PCT7202	MV	1747	413	0	0	11	402	251	151
PCT7202	TO	1747	530	0	0	14	516	331	185
PCT7203	ED	867	83	0	1	2	80	60	20
PCT7203	MV	867	172	0	0	9	163	118	45
PCT7203	TO	867	255	0	1	11	243	178	65
PCT7204	ED	890	73	0	0	2	71	52	19
PCT7204	MV	890	268	0	0	9	259	168	91
PCT7204	TO	890	341	0	0	11	330	220	110
PCT7205	ED	862	85	0	0	2	83	58	25
PCT7205	MV	862	235	0	0	7	228	157	71
PCT7205	TO	862	320	0	0	9	311	215	96
PCT7207	ED	1483	87	0	0	3	84	71	13
PCT7207	MV	1483	454	0	0	7	447	310	137
PCT7207	TO	1483	541	0	0	10	531	381	150
PCT7208	ED	560	36	0	0	2	34	30	4
PCT7208	MV	560	127	0	0	6	121	81	40
PCT7208	TO	560	163	0	0	8	155	111	44
PCT7301	ED	1993	161	0	0	5	156	120	36
PCT7301	MV	1993	486	0	0	14	472	332	140
PCT7301	TO	1993	647	0	0	19	628	452	176
PCT7302	ED	838	81	0	0	0	81	59	22
PCT7302	MV	838	278	0	0	13	265	184	81
PCT7302	TO	838	359	0	0	13	346	243	103
PCT7305	ED	1633	161	0	0	3	158	112	46
PCT7305	MV	1633	422	0	0	13	409	269	140
PCT7305	TO	1633	583	0	0	16	567	381	186
PCT7306	ED	2083	166	0	0	5	161	124	37
PCT7306	MV	2083	338	0	2	12	324	195	129
PCT7306	TO	2083	504	0	2	17	485	319	166
PCT7308	ED	614	75	0	0	0	75	57	18
PCT7308	MV	614	135	0	0	3	132	88	44
PCT7308	TO	614	210	0	0	3	207	145	62
PCT7311	ED	866	89	0	0	2	87	75	12
PCT7311	MV	866	208	0	0	6	202	130	72
PCT7311	TO	866	297	0	0	8	289	205	84
PCT7312	ED	801	69	0	0	2	67	44	23
PCT7312	MV	801	266	0	0	14	252	170	82
PCT7312	TO	801	335	0	0	16	319	214	105
PCT7314	ED	1749	106	0	0	6	100	75	25
PCT7314	MV	1749	429	0	0	21	408	311	97
PCT7314	TO	1749	535	0	0	27	508	386	122
PCT7315	ED	1584	130	0	0	2	128	108	20
PCT7315	MV	1584	269	0	0	6	263	177	86
PCT7315	TO	1584	399	0	0	8	391	285	106
PCT7317	ED	875	59	0	0	2	57	49	8
PCT7317	MV	875	235	0	0	5	230	149	81
PCT7317	TO	875	294	0	0	7	287	198	89
PCT7318	ED	1567	109	0	0	2	107	74	33
PCT7318	MV	1567	298	0	0	14	284	208	76
PCT7318	TO	1567	407	0	0	16	391	282	109
PCT7321	ED	1533	57	0	0	0	57	43	14
PCT7321	MV	1533	402	0	0	11	391	293	98
PCT7321	TO	1533	459	0	0	11	448	336	112
PCT7323	ED	1967	149	0	0	2	147	107	40
PCT7323	MV	1967	382	0	0	9	373	259	114
PCT7323	TO	1967	531	0	0	11	520	366	154
PCT7325	ED	1588	104	0	0	2	102	79	23
PCT7325	MV	1588	352	0	1	9	342	249	93
PCT7325	TO	1588	456	0	1	11	444	328	116
PCT7326	ED	1709	123	0	0	4	119	85	34
PCT7326	MV	1709	434	0	0	14	420	291	129
PCT7326	TO	1709	557	0	0	18	539	376	163
PCT7327	ED	668	26	0	0	2	24	20	4
PCT7327	MV	668	197	0	0	6	191	147	44
PCT7327	TO	668	223	0	0	8	215	167	48
PCT7328	ED	985	33	0	0	0	33	26	7
PCT7328	MV	985	286	0	0	12	274	212	62
PCT7328	TO	985	319	0	0	12	307	238	69
PCT7329	ED	638	31	0	0	1	30	22	8
PCT7329	MV	638	152	0	0	6	146	102	44
PCT7329	TO	638	183	0	0	7	176	124	52
PCT7331	ED	850	102	0	0	0	102	64	38
PCT7331	MV	850	238	0	0	10	228	155	73
PCT7331	TO	850	340	0	0	10	330	219	111
PCT7332	ED	1601	145	0	0	7	138	121	17
PCT7332	MV	1601	357	0	0	5	352	283	69
PCT7332	TO	1601	502	0	0	12	490	404	86
PCT7333	ED	1930	151	0	0	4	147	111	36
PCT7333	MV	1930	436	0	0	19	417	294	123
PCT7333	TO	1930	587	0	0	23	564	405	159
PCT7336	ED	2021	168	0	0	2	166	127	39
PCT7336	MV	2021	463	0	0	11	452	316	136
PCT7336	TO	2021	631	0	0	13	618	443	175
PCT7338	ED	1783	119	0	0	5	114	90	24
PCT7338	MV	1783	480	0	0	17	463	347	116
PCT7338	TO	1783	599	0	0	22	577	437	140
PCT7339	ED	1588	131	0	0	2	129	106	23
PCT7339	MV	1588	329	0	0	9	320	245	75
PCT7339	TO	1588	460	0	0	11	449	351	98
PCT7342	ED	909	133	0	0	3	130	96	34
PCT7342	MV	909	168	0	0	1	167	122	45
PCT7342	TO	909	301	0	0	4	297	218	79
PCT7343	ED	706	66	0	0	4	62	50	12
PCT7343	MV	706	81	0	0	1	80	63	17
PCT7343	TO	706	147	0	0	5	142	113	29
PCT7344	ED	1052	93	0	0	3	90	72	18
PCT7344	MV	1052	248	0	0	5	243	174	69
PCT7344	TO	1052	341	0	0	8	333	246	87
PCT7346	ED	879	82	0	0	1	81	67	14
PCT7346	MV	879	152	0	0	5	147	113	34
PCT7346	TO	879	234	0	0	6	228	180	48
PCT7348	ED	1826	121	0	0	4	117	102	15
PCT7348	MV	1826	327	0	0	10	317	259	58
PCT7348	TO	1826	448	0	0	14	434	361	73
PCT7502	ED	779	66	0	0	0	66	49	17
PCT7502	MV	779	211	0	0	5	206	145	61
PCT7502	TO	779	277	0	0	5	272	194	78
PCT7503	ED	725	56	0	0	3	53	44	9
PCT7503	MV	725	181	0	0	7	174	130	44
PCT7503	TO	725	237	0	0	10	227	174	53
PCT7504	ED	1019	95	0	0	4	91	68	23
PCT7504	MV	1019	263	0	0	11	252	167	85
PCT7504	TO	1019	358	0	0	15	343	235	108
PCT7505	ED	851	78	0	0	4	74	67	7
PCT7505	MV	851	338	0	1	12	325	273	52
PCT7505	TO	851	416	0	1	16	399	340	59
PCT7506	ED	1913	135	0	0	2	133	120	13
PCT7506	MV	1913	458	0	0	12	446	360	86
PCT7506	TO	1913	593	0	0	14	579	480	99
PCT7508	ED	720	75	0	0	1	74	56	18
PCT7508	MV	720	229	0	0	10	219	152	67
PCT7508	TO	720	304	0	0	11	293	208	85
PCT7509	ED	914	100	0	0	4	96	85	11
PCT7509	MV	914	236	0	0	10	226	172	54
PCT7509	TO	914	336	0	0	14	322	257	65
PCT7512	ED	588	58	0	0	1	57	47	10
PCT7512	MV	588	177	0	0	4	173	126	47
PCT7512	TO	588	235	0	0	5	230	173	57
PCT7513	ED	784	78	0	0	4	74	69	5
PCT7513	MV	784	173	0	0	3	170	145	25
PCT7513	TO	784	251	0	0	7	244	214	30
PCT7514	ED	901	54	0	0	3	51	48	3
PCT7514	MV	901	196	0	0	7	189	160	29
PCT7514	TO	901	250	0	0	10	240	208	32
PCT7515	ED	852	70	0	0	4	66	63	3
PCT7515	MV	852	197	0	0	8	189	153	36
PCT7515	TO	852	267	0	0	12	255	216	39
PCT7516	ED	906	89	0	0	2	87	71	16
PCT7516	MV	906	307	0	0	11	296	223	73
PCT7516	TO	906	396	0	0	13	383	294	89
PCT7518	ED	1754	221	0	0	6	215	173	42
PCT7518	MV	1754	466	0	1	15	450	375	75
PCT7518	TO	1754	687	0	1	21	665	548	117
PCT7519	ED	709	88	0	0	1	87	71	16
PCT7519	MV	709	168	0	0	4	164	137	27
PCT7519	TO	709	256	0	0	5	251	208	43
PCT7521	ED	761	99	0	0	3	96	78	18
PCT7521	MV	761	177	0	0	4	173	150	23
PCT7521	TO	761	276	0	0	7	269	228	41
PCT7522	ED	1464	203	0	0	6	197	176	21
PCT7522	MV	1464	322	0	0	6	316	268	48
PCT7522	TO	1464	525	0	0	12	513	444	69
PCT7524	ED	606	74	0	0	2	72	61	11
PCT7524	MV	606	128	0	0	10	118	102	16
PCT7524	TO	606	202	0	0	12	190	163	27
PCT7525	ED	762	67	0	0	3	64	58	6
PCT7525	MV	762	159	0	0	1	158	131	27
PCT7525	TO	762	226	0	0	4	222	189	33
PCT7526	ED	974	93	0	0	0	93	79	14
PCT7526	MV	974	234	0	1	8	225	187	38
PCT7526	TO	974	327	0	1	8	318	266	52
PCT7527	ED	689	95	0	0	4	91	80	11
PCT7527	MV	689	185	0	0	8	177	148	29
PCT7527	TO	689	280	0	0	12	268	228	40
PCT7529	ED	906	136	0	0	4	132	118	14
PCT7529	MV	906	210	0	0	8	202	167	35
PCT7529	TO	906	346	0	0	12	334	285	49
PCT7531	ED	839	74	0	0	1	73	66	7
PCT7531	MV	839	220	0	0	8	212	191	21
PCT7531	TO	839	294	0	0	9	285	257	28
PCT7532	ED	792	90	0	0	2	88	69	19
PCT7532	MV	792	195	0	0	3	192	158	34
PCT7532	TO	792	285	0	0	5	280	227	53
PCT7533	ED	936	169	0	0	3	166	146	20
PCT7533	MV	936	230	0	0	6	224	181	43
PCT7533	TO	936	399	0	0	9	390	327	63
PCT7534	ED	881	116	0	0	4	112	101	11
PCT7534	MV	881	151	0	0	5	146	121	25
PCT7534	TO	881	267	0	0	9	258	222	36
PCT7536	ED	1594	243	0	0	3	240	216	24
PCT7536	MV	1594	419	0	0	5	414	353	61
PCT7536	TO	1594	662	0	0	8	654	569	85
PCT7537	ED	1472	218	0	0	2	216	184	32
PCT7537	MV	1472	371	0	0	6	365	292	73
PCT7537	TO	1472	589	0	0	8	581	476	105
PCT7539	ED	906	180	0	0	7	173	159	14
PCT7539	MV	906	169	0	0	3	166	144	22
PCT7539	TO	906	349	0	0	10	339	303	36
PCT7541	ED	769	100	0	0	0	100	88	12
PCT7541	MV	769	198	0	0	2	196	146	50
PCT7541	TO	769	298	0	0	2	296	234	62
PCT7543	ED	1718	204	0	0	4	200	178	22
PCT7543	MV	1718	462	0	1	17	444	380	64
PCT7543	TO	1718	666	0	1	21	644	558	86
PCT7544	ED	892	112	0	0	2	110	96	14
PCT7544	MV	892	233	0	0	3	230	197	33
PCT7544	TO	892	345	0	0	5	340	293	47
PCT7545	ED	877	110	0	0	2	108	94	14
PCT7545	MV	877	205	0	0	4	201	168	33
PCT7545	TO	877	315	0	0	6	309	262	47
PCT7546	ED	1900	271	0	0	4	267	237	30
PCT7546	MV	1900	546	0	0	17	529	446	83
PCT7546	TO	1900	817	0	0	21	796	683	113
PCT7548	ED	1027	149	0	0	3	146	128	18
PCT7548	MV	1027	219	0	0	4	215	172	43
PCT7548	TO	1027	368	0	0	7	361	300	61
PCT7549	ED	799	99	0	0	2	97	83	14
PCT7549	MV	799	247	0	0	6	241	189	52
PCT7549	TO	799	346	0	0	8	338	272	66
PCT7552	ED	685	97	0	0	1	96	80	16
PCT7552	MV	685	176	0	0	3	173	145	28
PCT7552	TO	685	273	0	0	4	269	225	44
PCT7553	MV	182	66	0	0	3	63	51	12
PCT7553	TO	182	66	0	0	3	63	51	12
PCT7554	ED	795	108	0	0	1	107	84	23
PCT7554	MV	795	220	0	0	8	212	178	34
PCT7554	TO	795	328	0	0	9	319	262	57
PCT7555	ED	1584	271	0	0	5	266	226	40
PCT7555	MV	1584	481	0	0	9	472	364	108
PCT7555	TO	1584	752	0	0	14	738	590	148
PCT7556	ED	958	113	0	0	3	110	84	26
PCT7556	MV	958	355	0	0	2	353	272	81
PCT7556	TO	958	468	0	0	5	463	356	107
PCT7601	ED	677	61	0	0	4	57	46	11
PCT7601	MV	677	127	0	0	1	126	102	24
PCT7601	TO	677	188	0	0	5	183	148	35
PCT7602	ED	1659	136	0	0	4	132	111	21
PCT7602	MV	1659	289	0	0	10	279	240	39
PCT7602	TO	1659	425	0	0	14	411	351	60
PCT7605	ED	1508	77	0	0	0	77	72	5
PCT7605	MV	1508	390	0	0	15	375	326	49
PCT7605	TO	1508	467	0	0	15	452	398	54
PCT7606	ED	887	63	0	0	1	62	57	5
PCT7606	MV	887	117	0	0	0	117	100	17
PCT7606	TO	887	180	0	0	1	179	157	22
PCT7607	ED	900	65	0	0	1	64	55	9
PCT7607	MV	900	175	0	0	5	170	135	35
PCT7607	TO	900	240	0	0	6	234	190	44
PCT7608	ED	1300	81	0	0	3	78	70	8
PCT7608	MV	1300	214	0	0	4	210	179	31
PCT7608	TO	1300	295	0	0	7	288	249	39
PCT7611	ED	763	38	0	0	0	38	32	6
PCT7611	MV	763	158	0	0	7	151	139	12
PCT7611	TO	763	196	0	0	7	189	171	18
PCT7613	ED	1421	101	0	0	7	94	77	17
PCT7613	MV	1421	291	0	0	8	283	226	57
PCT7613	TO	1421	392	0	0	15	377	303	74
PCT7614	ED	932	56	0	0	1	55	47	8
PCT7614	MV	932	134	0	0	3	131	115	16
PCT7614	TO	932	190	0	0	4	186	162	24
PCT7615	ED	745	41	0	0	4	37	35	2
PCT7615	MV	745	132	0	0	8	124	104	20
PCT7615	TO	745	173	0	0	12	161	139	22
PCT7616	ED	1246	58	0	0	1	57	47	10
PCT7616	MV	1246	262	0	0	5	257	205	52
PCT7616	TO	1246	320	0	0	6	314	252	62
PCT7617	ED	737	32	0	0	2	30	25	5
PCT7617	MV	737	167	0	0	7	160	134	26
PCT7617	TO	737	199	0	0	9	190	159	31
PCT7618	ED	873	54	0	0	0	54	41	13
PCT7618	MV	873	197	0	0	3	194	140	54
PCT7618	TO	873	251	0	0	3	248	181	67
PCT7619	ED	1055	64	0	0	0	64	56	8
PCT7619	MV	1055	241	0	0	7	234	177	57
PCT7619	TO	1055	305	0	0	7	298	233	65
PCT7621	ED	1064	60	0	0	0	60	46	14
PCT7621	MV	1064	214	0	0	5	209	150	59
PCT7621	TO	1064	274	0	0	5	269	196	73
PCT7622	ED	923	44	0	0	2	42	36	6
PCT7622	MV	923	130	0	0	2	128	112	16
PCT7622	TO	923	174	0	0	4	170	148	22
PCT7623	ED	965	68	0	0	1	67	61	6
PCT7623	MV	965	148	0	0	4	144	125	19
PCT7623	TO	965	216	0	0	5	211	186	25
PCT7624	ED	835	46	0	0	1	45	40	5
PCT7624	MV	835	144	0	0	7	137	125	12
PCT7624	TO	835	190	0	0	8	182	165	17
PCT7625	ED	809	23	0	0	0	23	19	4
PCT7625	MV	809	371	0	0	26	345	296	49
PCT7625	TO	809	394	0	0	26	368	315	53
PCT7626	ED	1037	47	0	0	0	47	38	9
PCT7626	MV	1037	262	0	0	1	261	180	81
PCT7626	TO	1037	309	0	0	1	308	218	90
PCT7628	ED	933	69	0	0	3	66	59	7
PCT7628	MV	933	192	0	0	4	188	145	43
PCT7628	TO	933	261	0	0	7	254	204	50
PCT7629	ED	847	61	0	0	1	60	50	10
PCT7629	MV	847	151	0	0	5	146	104	42
PCT7629	TO	847	212	0	0	6	206	154	52
PCT7632	ED	1112	60	0	0	0	60	50	10
PCT7632	MV	1112	210	0	1	5	204	147	57
PCT7632	TO	1112	270	0	1	5	264	197	67
PCT7633	ED	1902	109	0	0	3	106	81	25
PCT7633	MV	1902	441	0	0	11	430	307	123
PCT7633	TO	1902	550	0	0	14	536	388	148
PCT7634	ED	864	63	0	0	6	57	45	12
PCT7634	MV	864	228	0	0	9	219	185	34
PCT7634	TO	864	291	0	0	15	276	230	46
PCT7635	ED	821	41	0	0	0	41	28	13
PCT7635	MV	821	174	0	0	3	171	137	34
PCT7635	TO	821	215	0	0	3	212	165	47
PCT7636	ED	945	59	0	0	2	57	35	22
PCT7636	MV	945	181	0	0	5	176	107	69
PCT7636	TO	945	240	0	0	7	233	142	91
PCT7637	ED	841	44	0	0	0	44	30	14
PCT7637	MV	841	216	0	0	3	213	122	91
PCT7637	TO	841	260	0	0	3	257	152	105
PCT7638	ED	1467	67	0	0	2	65	28	37
PCT7638	MV	1467	412	0	0	14	398	209	189
PCT7638	TO	1467	479	0	0	16	463	237	226
PCT7639	ED	1935	103	0	0	3	100	69	31
PCT7639	MV	1935	516	0	1	15	500	327	173
PCT7639	TO	1935	619	0	1	18	600	396	204
PCT7642	ED	946	60	0	0	2	58	46	12
PCT7642	MV	946	186	0	0	11	175	129	46
PCT7642	TO	946	246	0	0	13	233	175	58
PCT7643	ED	927	68	0	0	2	66	57	9
PCT7643	MV	927	283	0	0	6	277	197	80
PCT7643	TO	927	351	0	0	8	343	254	89
PCT7644	ED	1111	60	0	0	0	60	51	9
PCT7644	MV	1111	212	0	0	2	210	150	60
PCT7644	TO	1111	272	0	0	2	270	201	69
PCT7645	ED	626	28	0	0	1	27	19	8
PCT7645	MV	626	189	0	0	9	180	111	69
PCT7645	TO	626	217	0	0	10	207	130	77
PCT7646	ED	1090	41	0	0	1	40	31	9
PCT7646	MV	1090	284	0	0	3	281	189	92
PCT7646	TO	1090	325	0	0	4	321	220	101
PCT7647	ED	968	46	0	0	0	46	41	5
PCT7647	MV	968	81	0	0	1	80	59	21
PCT7647	TO	968	127	0	0	1	126	100	26
PCT7648	MV	2	0	0	0	0	0	0	0
PCT7648	TO	2	0	0	0	0	0	0	0
PCT7649	ED	888	44	0	0	1	43	33	10
PCT7649	MV	888	171	0	0	4	167	130	37
PCT7649	TO	888	215	0	0	5	210	163	47
PCT7651	ED	830	29	0	0	2	27	18	9
PCT7651	MV	830	174	0	0	4	170	114	56
PCT7651	TO	830	203	0	0	6	197	132	65
PCT7652	ED	596	38	0	0	1	37	24	13
PCT7652	MV	596	124	0	0	2	122	91	31
PCT7652	TO	596	162	0	0	3	159	115	44
PCT7653	ED	1373	52	0	0	1	51	41	10
PCT7653	MV	1373	299	0	0	3	296	204	92
PCT7653	TO	1373	351	0	0	4	347	245	102
PCT7655	ED	1150	38	0	0	2	36	27	9
PCT7655	MV	1150	230	0	1	8	221	152	69
PCT7655	TO	1150	268	0	1	10	257	179	78
PCT7701	ED	1035	113	0	0	0	113	88	25
PCT7701	MV	1035	319	0	0	2	317	218	99
PCT7701	TO	1035	432	0	0	2	430	306	124
PCT7703	MV	178	36	0	0	0	36	33	3
PCT7703	TO	178	36	0	0	0	36	33	3
PCT7704	ED	1723	201	0	0	6	195	113	82
PCT7704	MV	1723	443	0	0	14	429	219	210
PCT7704	TO	1723	644	0	0	20	624	332	292
PCT7705	ED	570	67	0	0	0	67	36	31
PCT7705	MV	570	176	0	0	6	170	85	85
PCT7705	TO	570	243	0	0	6	237	121	116
PCT7706	ED	839	120	0	0	2	118	71	47
PCT7706	MV	839	267	0	0	7	260	157	103
PCT7706	TO	839	387	0	0	9	378	228	150
PCT7707	ED	861	119	0	0	3	116	74	42
PCT7707	MV	861	265	0	0	7	258	166	92
PCT7707	TO	861	384	0	0	10	374	240	134
PCT7708	ED	881	92	0	0	2	90	62	28
PCT7708	MV	881	306	0	0	9	297	172	125
PCT7708	TO	881	398	0	0	11	387	234	153
PCT7709	ED	395	65	0	0	1	64	54	10
PCT7709	MV	395	120	0	0	3	117	78	39
PCT7709	TO	395	185	0	0	4	181	132	49
PCT7712	ED	1308	145	0	0	2	143	110	33
PCT7712	MV	1308	334	0	0	5	329	215	114
PCT7712	TO	1308	479	0	0	7	472	325	147
PCT7801	ED	968	110	0	0	3	107	84	23
PCT7801	MV	968	272	0	0	4	268	193	75
PCT7801	TO	968	382	0	0	7	375	277	98
PCT7802	ED	788	107	0	0	0	107	86	21
PCT7802	MV	788	231	0	0	8	223	158	65
PCT7802	TO	788	338	0	0	8	330	244	86
PCT7803	ED	822	67	0	0	3	64	52	12
PCT7803	MV	822	314	0	0	9	305	220	85
PCT7803	TO	822	381	0	0	12	369	272	97
PCT7805	ED	1683	205	0	1	2	202	169	33
PCT7805	MV	1683	531	0	0	10	521	387	134
PCT7805	TO	1683	736	0	1	12	723	556	167
PCT7807	ED	796	125	0	0	1	124	110	14
PCT7807	MV	796	215	0	0	6	209	166	43
PCT7807	TO	796	340	0	0	7	333	276	57
PCT7808	ED	1377	206	0	0	3	203	166	37
PCT7808	MV	1377	317	0	0	6	311	261	50
PCT7808	TO	1377	523	0	0	9	514	427	87
PCT7809	ED	770	89	0	0	3	86	78	8
PCT7809	MV	770	203	0	0	6	197	164	33
PCT7809	TO	770	292	0	0	9	283	242	41
PCT7811	ED	726	97	0	0	0	97	85	12
PCT7811	MV	726	164	0	0	5	159	127	32
PCT7811	TO	726	261	0	0	5	256	212	44
PCT7812	ED	871	107	0	0	5	102	80	22
PCT7812	MV	871	175	0	0	2	173	149	24
PCT7812	TO	871	282	0	0	7	275	229	46
PCT7813	ED	1037	153	0	0	0	153	125	28
PCT7813	MV	1037	274	0	0	5	269	216	53
PCT7813	TO	1037	427	0	0	5	422	341	81
PCT7814	ED	887	80	0	0	1	79	67	12
PCT7814	MV	887	183	0	1	4	178	154	24
PCT7814	TO	887	263	0	1	5	257	221	36
PCT7815	ED	1779	190	0	0	2	188	147	41
PCT7815	MV	1779	513	0	0	12	501	358	143
PCT7815	TO	1779	703	0	0	14	689	505	184
PCT7817	ED	1641	225	0	0	2	223	192	31
PCT7817	MV	1641	519	0	0	4	515	427	88
PCT7817	TO	1641	744	0	0	6	738	619	119
PCT7819	ED	1585	181	0	0	2	179	151	28
PCT7819	MV	1585	418	0	0	14	404	327	77
PCT7819	TO	1585	599	0	0	16	583	478	105
PCT7821	ED	965	134	0	0	1	133	101	32
PCT7821	MV	965	327	0	0	6	321	231	90
PCT7821	TO	965	461	0	0	7	454	332	122
PCT7822	ED	1748	263	0	0	1	262	216	46
PCT7822	MV	1748	525	0	0	11	514	416	98
PCT7822	TO	1748	788	0	0	12	776	632	144
PCT7824	ED	1353	175	0	0	3	172	143	29
PCT7824	MV	1353	337	0	0	8	329	270	59
PCT7824	TO	1353	512	0	0	11	501	413	88
PCT7826	ED	661	107	0	0	3	104	89	15
PCT7826	MV	661	118	0	0	3	115	96	19
PCT7826	TO	661	225	0	0	6	219	185	34
PCT7828	ED	997	105	0	0	2	103	80	23
PCT7828	MV	997	232	0	0	6	226	156	70
PCT7828	TO	997	337	0	0	8	329	236	93
PCT7829	ED	884	113	0	0	1	112	87	25
PCT7829	MV	884	298	0	0	6	292	216	76
PCT7829	TO	884	411	0	0	7	404	303	101
PCT7832	ED	773	77	0	0	2	75	61	14
PCT7832	MV	773	234	0	0	6	228	182	46
PCT7832	TO	773	311	0	0	8	303	243	60
PCT7834	ED	1593	199	0	0	3	196	168	28
PCT7834	MV	1593	403	0	0	5	398	333	65
PCT7834	TO	1593	602	0	0	8	594	501	93
PCT7835	ED	847	77	0	0	0	77	63	14
PCT7835	MV	847	193	0	0	4	189	119	70
PCT7835	TO	847	270	0	0	4	266	182	84
PCT7836	ED	1011	108	0	0	0	108	91	17
PCT7836	MV	1011	275	0	0	5	270	191	79
PCT7836	TO	1011	383	0	0	5	378	282	96
PCT7837	ED	1784	238	0	0	2	236	184	52
PCT7837	MV	1784	555	0	0	17	538	387	151
PCT7837	TO	1784	793	0	0	19	774	571	203
PCT7839	ED	1718	176	0	0	2	174	136	38
PCT7839	MV	1718	566	0	0	13	553	419	134
PCT7839	TO	1718	742	0	0	15	727	555	172
PCT7841	ED	1778	277	0	0	4	273	222	51
PCT7841	MV	1778	393	0	0	12	381	312	69
PCT7841	TO	1778	670	0	0	16	654	534	120
PCT7843	ED	719	108	0	0	1	107	94	13
PCT7843	MV	719	184	0	0	6	178	153	25
PCT7843	TO	719	292	0	0	7	285	247	38
PCT7844	ED	630	77	0	0	1	76	65	11
PCT7844	MV	630	157	0	0	1	156	129	27
PCT7844	TO	630	234	0	0	2	232	194	38
PCT7845	ED	870	107	0	0	1	106	73	33
PCT7845	MV	870	252	0	0	4	248	194	54
PCT7845	TO	870	359	0	0	5	354	267	87
PCT7846	ED	888	103	0	0	0	103	75	28
PCT7846	MV	888	233	0	0	6	227	163	64
PCT7846	TO	888	336	0	0	6	330	238	92
PCT7847	ED	1718	225	0	0	5	220	173	47
PCT7847	MV	1718	400	0	1	13	386	298	88
PCT7847	TO	1718	625	0	1	18	606	471	135
PCT7849	ED	887	126	0	0	1	125	108	17
PCT7849	MV	887	218	0	0	5	213	161	52
PCT7849	TO	887	344	0	0	6	338	269	69
PCT7852	ED	1153	130	0	0	3	127	74	53
PCT7852	MV	1153	371	0	0	11	360	230	130
PCT7852	TO	1153	501	0	0	14	487	304	183
PCT7853	ED	1736	183	0	0	2	181	134	47
PCT7853	MV	1736	432	0	0	12	420	309	111
PCT7853	TO	1736	615	0	0	14	601	443	158
PCT7854	ED	866	109	0	0	5	104	89	15
PCT7854	MV	866	269	0	0	2	267	204	63
PCT7854	TO	866	378	0	0	7	371	293	78
PCT7855	ED	1775	243	0	0	2	241	203	38
PCT7855	MV	1775	396	0	0	14	382	288	94
PCT7855	TO	1775	639	0	0	16	623	491	132
PCT7858	ED	1646	199	0	0	3	196	171	25
PCT7858	MV	1646	398	0	0	8	390	310	80
PCT7858	TO	1646	597	0	0	11	586	481	105
PCT7861	ED	854	111	0	0	1	110	86	24
PCT7861	MV	854	215	0	0	8	207	151	56
PCT7861	TO	854	326	0	0	9	317	237	80
PCT7862	ED	857	132	0	0	2	130	102	28
PCT7862	MV	857	242	0	0	7	235	182	53
PCT7862	TO	857	374	0	0	9	365	284	81
PCT7863	ED	881	127	0	0	1	126	100	26
PCT7863	MV	881	189	0	0	5	184	142	42
PCT7863	TO	881	316	0	0	6	310	242	68
PCT7864	ED	804	96	0	0	0	96	84	12
PCT7864	MV	804	228	0	0	8	220	160	60
PCT7864	TO	804	324	0	0	8	316	244	72
PCT7866	ED	822	113	0	0	2	111	82	29
PCT7866	MV	822	267	0	0	4	263	153	110
PCT7866	TO	822	380	0	0	6	374	235	139
PCT7867	ED	969	124	0	0	4	120	94	26
PCT7867	MV	969	287	0	0	6	281	200	81
PCT7867	TO	969	411	0	0	10	401	294	107
PCT7868	ED	870	117	0	0	3	114	85	29
PCT7868	MV	870	233	0	0	3	230	161	69
PCT7868	TO	870	350	0	0	6	344	246	98
PCT7869	ED	863	109	0	0	5	104	86	18
PCT7869	MV	863	290	0	0	6	284	211	73
PCT7869	TO	863	399	0	0	11	388	297	91
PCT7871	ED	877	125	0	0	2	123	90	33
PCT7871	MV	877	190	0	0	2	188	142	46
PCT7871	TO	877	315	0	0	4	311	232	79
PCT7872	ED	863	134	0	0	3	131	89	42
PCT7872	MV	863	289	0	0	5	284	207	77
PCT7872	TO	863	423	0	0	8	415	296	119
PCT7873	ED	1688	227	0	0	7	220	187	33
PCT7873	MV	1688	523	0	0	9	514	379	135
PCT7873	TO	1688	750	0	0	16	734	566	168
PCT7874	ED	474	55	0	0	2	53	41	12
PCT7874	MV	474	118	0	0	1	117	87	30
PCT7874	TO	474	173	0	0	3	170	128	42
PCT7875	ED	624	63	0	0	2	61	50	11
PCT7875	MV	624	149	0	0	5	144	99	45
PCT7875	TO	624	212	0	0	7	205	149	56
PCT7876	ED	523	49	0	0	0	49	40	9
PCT7876	MV	523	143	0	0	2	141	122	19
PCT7876	TO	523	192	0	0	2	190	162	28
PCT7902	ED	1729	159	0	0	1	158	133	25
PCT7902	MV	1729	310	0	0	6	304	251	53
PCT7902	TO	1729	469	0	0	7	462	384	78
PCT7903	ED	826	102	0	0	3	99	94	5
PCT7903	MV	826	168	0	0	7	161	140	21
PCT7903	TO	826	270	0	0	10	260	234	26
PCT7905	ED	880	115	0	0	2	113	89	24
PCT7905	MV	880	216	0	0	6	210	149	61
PCT7905	TO	880	331	0	0	8	323	238	85
PCT7906	ED	757	75	0	0	0	75	68	7
PCT7906	MV	757	93	0	0	1	92	77	15
PCT7906	TO	757	168	0	0	1	167	145	22
PCT7908	ED	1907	203	0	0	1	202	179	23
PCT7908	MV	1907	301	0	0	7	294	242	52
PCT7908	TO	1907	504	0	0	8	496	421	75
PCT7909	ED	718	96	0	0	1	95	82	13
PCT7909	MV	718	165	0	0	2	163	145	18
PCT7909	TO	718	261	0	0	3	258	227	31
PCT7911	ED	845	91	0	0	1	90	82	8
PCT7911	MV	845	177	0	0	5	172	135	37
PCT7911	TO	845	268	0	0	6	262	217	45
PCT7912	ED	1940	230	0	0	5	225	195	30
PCT7912	MV	1940	398	0	0	6	392	329	63
PCT7912	TO	1940	628	0	0	11	617	524	93
PCT7915	ED	1692	201	0	0	2	199	175	24
PCT7915	MV	1692	339	0	0	6	333	283	50
PCT7915	TO	1692	540	0	0	8	532	458	74
PCT7916	ED	842	119	0	0	0	119	109	10
PCT7916	MV	842	186	0	0	2	184	152	32
PCT7916	TO	842	305	0	0	2	303	261	42
PCT7917	ED	1823	232	0	1	2	229	206	23
PCT7917	MV	1823	268	0	0	4	264	224	40
PCT7917	TO	1823	500	0	1	6	493	430	63
PCT7918	ED	798	96	0	0	3	93	81	12
PCT7918	MV	798	156	0	0	3	153	131	22
PCT7918	TO	798	252	0	0	6	246	212	34
PCT7921	ED	1729	158	0	0	3	155	139	16
PCT7921	MV	1729	348	0	0	7	341	273	68
PCT7921	TO	1729	506	0	0	10	496	412	84
PCT7923	ED	1708	173	0	0	0	173	144	29
PCT7923	MV	1708	258	0	0	6	252	180	72
PCT7923	TO	1708	431	0	0	6	425	324	101
PCT7925	ED	530	58	0	0	0	58	50	8
PCT7925	MV	530	128	0	0	3	125	101	24
PCT7925	TO	530	186	0	0	3	183	151	32
PCT7926	ED	783	114	0	0	3	111	91	20
PCT7926	MV	783	137	0	0	1	136	109	27
PCT7926	TO	783	251	0	0	4	247	200	47
PCT7928	ED	1661	261	0	0	7	254	219	35
PCT7928	MV	1661	440	0	0	5	435	357	78
PCT7928	TO	1661	701	0	0	12	689	576	113
PCT7929	ED	830	117	0	0	2	115	96	19
PCT7929	MV	830	270	0	0	5	265	209	56
PCT7929	TO	830	387	0	0	7	380	305	75
PCT7931	ED	742	96	0	0	2	94	80	14
PCT7931	MV	742	249	0	0	4	245	194	51
PCT7931	TO	742	345	0	0	6	339	274	65
PCT7932	ED	547	68	0	0	2	66	56	10
PCT7932	MV	547	154	0	0	1	153	106	47
PCT7932	TO	547	222	0	0	3	219	162	57
PCT7933	MV	7	4	0	0	0	4	2	2
PCT7933	TO	7	4	0	0	0	4	2	2
PCT7934	ED	866	92	0	0	2	90	73	17
PCT7934	MV	866	250	0	0	9	241	212	29
PCT7934	TO	866	342	0	0	11	331	285	46
PCT7935	ED	927	131	0	0	3	128	108	20
PCT7935	MV	927	254	0	0	5	249	196	53
PCT7935	TO	927	385	0	0	8	377	304	73
PCT7936	ED	1508	285	0	0	4	281	249	32
PCT7936	MV	1508	318	0	0	8	310	257	53
PCT7936	TO	1508	603	0	0	12	591	506	85
PCT7937	ED	899	108	0	0	0	108	96	12
PCT7937	MV	899	252	0	1	1	250	191	59
PCT7937	TO	899	360	0	1	1	358	287	71
PCT7938	ED	758	80	0	0	1	79	73	6
PCT7938	MV	758	177	0	0	3	174	133	41
PCT7938	TO	758	257	0	0	4	253	206	47
PCT7941	ED	752	95	0	0	0	95	83	12
PCT7941	MV	752	176	0	0	3	173	136	37
PCT7941	TO	752	271	0	0	3	268	219	49
PCT7942	ED	923	72	0	0	1	71	56	15
PCT7942	MV	923	213	0	0	9	204	158	46
PCT7942	TO	923	285	0	0	10	275	214	61
PCT7943	ED	1675	215	0	0	3	212	178	34
PCT7943	MV	1675	436	0	0	11	425	316	109
PCT7943	TO	1675	651	0	0	14	637	494	143
PCT7945	ED	940	50	0	0	0	50	44	6
PCT7945	MV	940	210	0	0	6	204	156	48
PCT7945	TO	940	260	0	0	6	254	200	54
PCT7946	ED	1553	111	0	1	2	108	74	34
PCT7946	MV	1553	411	0	0	8	403	222	181
PCT7946	TO	1553	522	0	1	10	511	296	215
PCT7947	ED	960	51	0	0	6	45	29	16
PCT7947	MV	960	262	0	0	5	257	134	123
PCT7947	TO	960	313	0	0	11	302	163	139
PCT7948	ED	918	75	0	0	3	72	50	22
PCT7948	MV	918	261	0	0	9	252	134	118
PCT7948	TO	918	336	0	0	12	324	184	140
PCT7951	ED	1818	98	0	0	2	96	63	33
PCT7951	MV	1818	518	0	0	23	495	238	257
PCT7951	TO	1818	616	0	0	25	591	301	290
PCT7953	ED	824	69	0	0	0	69	40	29
PCT7953	MV	824	204	0	0	4	200	89	111
PCT7953	TO	824	273	0	0	4	269	129	140
PCT7954	MV	1	1	0	0	0	1	1	0
PCT7954	TO	1	1	0	0	0	1	1	0
PCT7956	ED	1759	85	0	0	3	82	48	34
PCT7956	MV	1759	358	0	0	12	346	180	166
PCT7956	TO	1759	443	0	0	15	428	228	200
PCT7957	ED	665	60	0	0	2	58	45	13
PCT7957	MV	665	180	0	0	5	175	126	49
PCT7957	TO	665	240	0	0	7	233	171	62
PCT7958	MV	301	73	0	0	2	71	41	30
PCT7958	TO	301	73	0	0	2	71	41	30
PCT7959	ED	1198	94	0	0	4	90	82	8
PCT7959	MV	1198	240	0	0	1	239	197	42
PCT7959	TO	1198	334	0	0	5	329	279	50
PCT9001	MV	286	69	0	0	0	69	59	10
PCT9001	TO	286	69	0	0	0	69	59	10
PCT9103	ED	946	98	0	0	5	93	60	33
PCT9103	MV	946	221	0	0	5	216	144	72
PCT9103	TO	946	319	0	0	10	309	204	105
PCT9104	ED	993	83	0	0	2	81	61	20
PCT9104	MV	993	225	0	0	7	218	153	65
PCT9104	TO	993	308	0	0	9	299	214	85
PCT9105	ED	1747	185	0	0	3	182	127	55
PCT9105	MV	1747	369	0	0	5	364	236	128
PCT9105	TO	1747	554	0	0	8	546	363	183
PCT9106	ED	935	109	0	0	1	108	84	24
PCT9106	MV	935	256	0	0	6	250	168	82
PCT9106	TO	935	365	0	0	7	358	252	106
PCT9109	ED	1651	202	0	0	4	198	135	63
PCT9109	MV	1651	376	0	0	17	359	256	103
PCT9109	TO	1651	578	0	0	21	557	391	166
PCT9111	ED	809	82	0	0	4	78	58	20
PCT9111	MV	809	151	0	0	3	148	91	57
PCT9111	TO	809	233	0	0	7	226	149	77
PCT9113	ED	997	132	0	0	4	128	86	42
PCT9113	MV	997	241	0	0	8	233	166	67
PCT9113	TO	997	373	0	0	12	361	252	109
PCT9114	ED	1806	173	0	0	1	172	140	32
PCT9114	MV	1806	448	0	0	11	437	300	137
PCT9114	TO	1806	621	0	0	12	609	440	169
PCT9116	ED	1822	194	0	0	6	188	157	31
PCT9116	MV	1822	335	0	0	8	327	218	109
PCT9116	TO	1822	529	0	0	14	515	375	140
PCT9117	ED	1691	202	0	0	5	197	127	70
PCT9117	MV	1691	464	0	0	19	445	265	180
PCT9117	TO	1691	666	0	0	24	642	392	250
PCT9118	ED	1938	171	0	0	3	168	121	47
PCT9118	MV	1938	433	0	0	17	416	238	178
PCT9118	TO	1938	604	0	0	20	584	359	225
PCT9119	ED	899	77	0	0	1	76	48	28
PCT9119	MV	899	267	0	0	3	264	167	97
PCT9119	TO	899	344	0	0	4	340	215	125
PCT9122	ED	1865	148	0	0	6	142	94	48
PCT9122	MV	1865	461	0	0	9	452	265	187
PCT9122	TO	1865	609	0	0	15	594	359	235
PCT9124	ED	1843	179	0	0	3	176	121	55
PCT9124	MV	1843	454	0	0	10	444	267	177
PCT9124	TO	1843	633	0	0	13	620	388	232
PCT9125	ED	879	83	0	0	2	81	65	16
PCT9125	MV	879	219	0	0	2	217	132	85
PCT9125	TO	879	302	0	0	4	298	197	101
PCT9127	ED	1974	213	0	0	4	209	144	65
PCT9127	MV	1974	549	0	0	17	532	341	191
PCT9127	TO	1974	762	0	0	21	741	485	256
PCT9128	ED	814	102	0	0	3	99	69	30
PCT9128	MV	814	161	0	0	3	158	95	63
PCT9128	TO	814	263	0	0	6	257	164	93
PCT9129	ED	1459	128	0	1	2	125	91	34
PCT9129	MV	1459	366	0	0	5	361	224	137
PCT9129	TO	1459	494	0	1	7	486	315	171
PCT9132	ED	805	80	0	0	2	78	62	16
PCT9132	MV	805	141	0	0	2	139	106	33
PCT9132	TO	805	221	0	0	4	217	168	49
PCT9133	ED	1984	203	0	0	4	199	162	37
PCT9133	MV	1984	437	0	0	22	415	291	124
PCT9133	TO	1984	640	0	0	26	614	453	161
PCT9134	ED	891	60	0	0	0	60	46	14
PCT9134	MV	891	224	0	0	13	211	148	63
PCT9134	TO	891	284	0	0	13	271	194	77
PCT9135	ED	802	90	0	0	1	89	52	37
PCT9135	MV	802	202	0	0	4	198	120	78
PCT9135	TO	802	292	0	0	5	287	172	115
PCT9136	ED	900	97	0	0	1	96	66	30
PCT9136	MV	900	212	0	0	7	205	130	75
PCT9136	TO	900	309	0	0	8	301	196	105
PCT9137	ED	999	90	0	0	3	87	52	35
PCT9137	MV	999	237	0	0	4	233	157	76
PCT9137	TO	999	327	0	0	7	320	209	111
PCT9138	ED	929	69	0	0	2	67	37	30
PCT9138	MV	929	255	0	0	7	248	149	99
PCT9138	TO	929	324	0	0	9	315	186	129
PCT9139	ED	986	83	0	0	2	81	52	29
PCT9139	MV	986	214	0	0	6	208	110	98
PCT9139	TO	986	297	0	0	8	289	162	127
PCT9141	ED	1803	187	0	0	4	183	124	59
PCT9141	MV	1803	439	0	0	7	432	267	165
PCT9141	TO	1803	626	0	0	11	615	391	224
PCT9143	ED	895	103	0	0	0	103	66	37
PCT9143	MV	895	199	0	0	2	197	111	86
PCT9143	TO	895	302	0	0	2	300	177	123
PCT9144	ED	958	121	0	0	2	119	91	28
PCT9144	MV	958	255	0	0	4	251	150	101
PCT9144	TO	958	376	0	0	6	370	241	129
PCT9145	ED	851	89	0	0	1	88	67	21
PCT9145	MV	851	217	0	0	5	212	144	68
PCT9145	TO	851	306	0	0	6	300	211	89
PCT9146	ED	1837	209	0	0	1	208	152	56
PCT9146	MV	1837	326	0	0	7	319	220	99
PCT9146	TO	1837	535	0	0	8	527	372	155
PCT9149	ED	957	134	0	1	3	130	101	29
PCT9149	MV	957	163	0	0	4	159	108	51
PCT9149	TO	957	297	0	1	7	289	209	80
PCT9152	ED	1630	123	0	0	1	122	93	29
PCT9152	MV	1630	276	0	0	10	266	178	88
PCT9152	TO	1630	399	0	0	11	388	271	117
PCT9201	ED	950	76	0	0	1	75	67	8
PCT9201	MV	950	158	0	0	1	157	126	31
PCT9201	TO	950	234	0	0	2	232	193	39
PCT9202	ED	977	78	0	0	4	74	56	18
PCT9202	MV	977	168	0	0	2	166	125	41
PCT9202	TO	977	246	0	0	6	240	181	59
PCT9203	ED	984	51	0	0	2	49	26	23
PCT9203	MV	984	198	0	0	9	189	102	87
PCT9203	TO	984	249	0	0	11	238	128	110
PCT9204	ED	855	83	0	0	4	79	44	35
PCT9204	MV	855	175	0	0	8	167	91	76
PCT9204	TO	855	258	0	0	12	246	135	111
PCT9205	ED	1484	103	0	0	5	98	67	31
PCT9205	MV	1484	271	0	0	12	259	164	95
PCT9205	TO	1484	374	0	0	17	357	231	126
PCT9208	ED	1935	136	0	0	3	133	89	44
PCT9208	MV	1935	398	0	0	11	387	209	178
PCT9208	TO	1935	534	0	0	14	520	298	222
PCT9209	ED	742	64	0	0	1	63	38	25
PCT9209	MV	742	160	0	0	4	156	96	60
PCT9209	TO	742	224	0	0	5	219	134	85
PCT9211	ED	1788	140	0	0	9	131	79	52
PCT9211	MV	1788	402	0	0	14	388	212	176
PCT9211	TO	1788	542	0	0	23	519	291	228
PCT9213	ED	927	67	0	0	0	67	45	22
PCT9213	MV	927	212	0	0	8	204	126	78
PCT9213	TO	927	279	0	0	8	271	171	100
PCT9214	ED	633	52	0	0	0	52	31	21
PCT9214	MV	633	156	0	0	5	151	87	64
PCT9214	TO	633	208	0	0	5	203	118	85
PCT9215	ED	641	58	0	0	0	58	39	19
PCT9215	MV	641	138	0	0	4	134	78	56
PCT9215	TO	641	196	0	0	4	192	117	75
PCT9216	ED	818	58	0	1	1	56	37	19
PCT9216	MV	818	149	0	0	7	142	87	55
PCT9216	TO	818	207	0	1	8	198	124	74
PCT9217	ED	704	48	0	0	1	47	30	17
PCT9217	MV	704	127	0	0	2	125	83	42
PCT9217	TO	704	175	0	0	3	172	113	59
PCT9218	ED	805	66	0	0	3	63	47	16
PCT9218	MV	805	126	0	0	4	122	72	50
PCT9218	TO	805	192	0	0	7	185	119	66
PCT9219	ED	1727	142	0	0	0	142	106	36
PCT9219	MV	1727	235	0	0	9	226	142	84
PCT9219	TO	1727	377	0	0	9	368	248	120
PCT9221	ED	638	60	0	0	0	60	41	19
PCT9221	MV	638	211	0	0	5	206	101	105
PCT9221	TO	638	271	0	0	5	266	142	124
PCT9222	ED	886	63	0	0	4	59	34	25
PCT9222	MV	886	235	0	0	10	225	144	81
PCT9222	TO	886	298	0	0	14	284	178	106
PCT9223	ED	651	39	0	0	1	38	27	11
PCT9223	MV	651	139	0	0	3	136	90	46
PCT9223	TO	651	178	0	0	4	174	117	57
PCT9224	ED	928	77	0	0	1	76	44	32
PCT9224	MV	928	241	0	0	3	238	153	85
PCT9224	TO	928	318	0	0	4	314	197	117
PCT9226	ED	892	70	0	0	1	69	40	29
PCT9226	MV	892	210	0	0	4	206	132	74
PCT9226	TO	892	280	0	0	5	275	172	103
PCT9227	ED	713	72	0	0	2	70	45	25
PCT9227	MV	713	250	0	0	7	243	140	103
PCT9227	TO	713	322	0	0	9	313	185	128
PCT9228	ED	740	77	0	0	2	75	44	31
PCT9228	MV	740	208	0	0	6	202	120	82
PCT9228	TO	740	285	0	0	8	277	164	113
PCT9229	ED	574	80	0	0	1	79	48	31
PCT9229	MV	574	155	0	0	3	152	99	53
PCT9229	TO	574	235	0	0	4	231	147	84
PCT9231	ED	954	122	0	0	5	117	93	24
PCT9231	MV	954	237	0	0	5	232	165	67
PCT9231	TO	954	359	0	0	10	349	258	91
PCT9232	ED	716	74	0	0	3	71	46	25
PCT9232	MV	716	183	0	0	5	178	106	72
PCT9232	TO	716	257	0	0	8	249	152	97
PCT9233	ED	814	62	0	0	2	60	45	15
PCT9233	MV	814	231	0	0	4	227	138	89
PCT9233	TO	814	293	0	0	6	287	183	104
PCT9234	ED	747	56	0	0	0	56	36	20
PCT9234	MV	747	201	0	0	8	193	112	81
PCT9234	TO	747	257	0	0	8	249	148	101
PCT9235	ED	1439	127	0	0	5	122	78	44
PCT9235	MV	1439	360	0	0	12	348	214	134
PCT9235	TO	1439	487	0	0	17	470	292	178
PCT9236	ED	659	53	0	0	0	53	36	17
PCT9236	MV	659	179	0	0	6	173	109	64
PCT9236	TO	659	232	0	0	6	226	145	81
PCT9237	ED	874	60	0	0	2	58	40	18
PCT9237	MV	874	240	0	0	13	227	137	90
PCT9237	TO	874	300	0	0	15	285	177	108
PCT9238	ED	1769	122	0	0	5	117	86	31
PCT9238	MV	1769	364	0	0	9	355	225	130
PCT9238	TO	1769	486	0	0	14	472	311	161
PCT9239	ED	866	64	0	0	3	61	41	20
PCT9239	MV	866	244	0	0	5	239	151	88
PCT9239	TO	866	308	0	0	8	300	192	108
PCT9241	ED	968	78	0	0	2	76	51	25
PCT9241	MV	968	191	0	0	4	187	110	77
PCT9241	TO	968	269	0	0	6	263	161	102
PCT9242	ED	1845	121	0	0	0	121	91	30
PCT9242	MV	1845	339	0	0	8	331	221	110
PCT9242	TO	1845	460	0	0	8	452	312	140
PCT9244	ED	881	75	0	0	1	74	54	20
PCT9244	MV	881	173	0	0	7	166	121	45
PCT9244	TO	881	248	0	0	8	240	175	65
PCT9245	ED	1081	104	0	0	4	100	73	27
PCT9245	MV	1081	241	0	0	4	237	157	80
PCT9245	TO	1081	345	0	0	8	337	230	107
PCT9248	ED	870	67	0	0	0	67	45	22
PCT9248	MV	870	182	0	0	4	178	129	49
PCT9248	TO	870	249	0	0	4	245	174	71
PCT9251	ED	1887	220	0	0	4	216	140	76
PCT9251	MV	1887	475	0	0	12	463	318	145
PCT9251	TO	1887	695	0	0	16	679	458	221
PCT9252	ED	918	56	0	0	2	54	37	17
PCT9252	MV	918	248	0	0	7	241	142	99
PCT9252	TO	918	304	0	0	9	295	179	116
PCT9253	ED	752	64	0	0	3	61	44	17
PCT9253	MV	752	204	0	0	11	193	140	53
PCT9253	TO	752	268	0	0	14	254	184	70
PCT9255	ED	1236	119	0	0	2	117	82	35
PCT9255	MV	1236	266	0	0	2	264	178	86
PCT9255	TO	1236	385	0	0	4	381	260	121
PCT9256	ED	1373	112	0	0	2	110	93	17
PCT9256	MV	1373	352	0	0	6	346	273	73
PCT9256	TO	1373	464	0	0	8	456	366	90
PCT9257	MV	311	98	0	0	2	96	74	22
PCT9257	TO	311	98	0	0	2	96	74	22
PCT9401	ED	1015	120	0	0	3	117	99	18
PCT9401	MV	1015	202	0	0	5	197	140	57
PCT9401	TO	1015	322	0	0	8	314	239	75
PCT9402	ED	988	140	0	0	3	137	97	40
PCT9402	MV	988	244	0	0	7	237	143	94
PCT9402	TO	988	384	0	0	10	374	240	134
PCT9404	ED	1814	161	0	0	2	159	112	47
PCT9404	MV	1814	453	0	0	10	443	254	189
PCT9404	TO	1814	614	0	0	12	602	366	236
PCT9405	ED	770	88	0	0	0	88	57	31
PCT9405	MV	770	195	0	0	7	188	99	89
PCT9405	TO	770	283	0	0	7	276	156	120
PCT9406	ED	873	110	0	0	3	107	63	44
PCT9406	MV	873	193	0	0	2	191	111	80
PCT9406	TO	873	303	0	0	5	298	174	124
PCT9407	ED	887	96	0	0	9	87	62	25
PCT9407	MV	887	207	0	0	8	199	124	75
PCT9407	TO	887	303	0	0	17	286	186	100
PCT9408	ED	834	93	0	0	2	91	62	29
PCT9408	MV	834	178	0	0	3	175	129	46
PCT9408	TO	834	271	0	0	5	266	191	75
PCT9409	ED	591	89	0	0	2	87	74	13
PCT9409	MV	591	109	0	0	3	106	77	29
PCT9409	TO	591	198	0	0	5	193	151	42
PCT9411	ED	1842	167	0	0	0	167	121	46
PCT9411	MV	1842	447	0	0	7	440	282	158
PCT9411	TO	1842	614	0	0	7	607	403	204
PCT9413	ED	920	88	0	0	3	85	51	34
PCT9413	MV	920	242	0	0	10	232	139	93
PCT9413	TO	920	330	0	0	13	317	190	127
PCT9415	ED	779	56	0	0	1	55	37	18
PCT9415	MV	779	225	0	0	4	221	113	108
PCT9415	TO	779	281	0	0	5	276	150	126
PCT9416	ED	988	118	0	0	5	113	81	32
PCT9416	MV	988	249	0	0	14	235	129	106
PCT9416	TO	988	367	0	0	19	348	210	138
PCT9418	ED	1561	161	0	0	3	158	91	67
PCT9418	MV	1561	438	0	0	17	421	202	219
PCT9418	TO	1561	599	0	0	20	579	293	286
PCT9419	ED	1790	130	0	0	1	129	79	50
PCT9419	MV	1790	507	0	0	19	488	242	246
PCT9419	TO	1790	637	0	0	20	617	321	296
PCT9421	ED	917	65	0	0	2	63	42	21
PCT9421	MV	917	254	0	0	12	242	118	124
PCT9421	TO	917	319	0	0	14	305	160	145
PCT9422	ED	1068	99	0	0	2	97	67	30
PCT9422	MV	1068	220	0	0	12	208	110	98
PCT9422	TO	1068	319	0	0	14	305	177	128
PCT9423	ED	906	70	0	0	3	67	53	14
PCT9423	MV	906	195	0	0	9	186	100	86
PCT9423	TO	906	265	0	0	12	253	153	100
PCT9424	ED	1949	142	0	0	7	135	85	50
PCT9424	MV	1949	500	0	0	10	490	273	217
PCT9424	TO	1949	642	0	0	17	625	358	267
PCT9426	ED	832	61	0	0	2	59	32	27
PCT9426	MV	832	233	0	0	6	227	113	114
PCT9426	TO	832	294	0	0	8	286	145	141
PCT9427	ED	964	78	0	0	2	76	42	34
PCT9427	MV	964	260	0	0	13	247	102	145
PCT9427	TO	964	338	0	0	15	323	144	179
PCT9431	ED	1914	176	0	0	2	174	95	79
PCT9431	MV	1914	485	0	1	12	472	195	277
PCT9431	TO	1914	661	0	1	14	646	290	356
PCT9432	ED	943	76	0	0	0	76	41	35
PCT9432	MV	943	226	0	0	6	220	104	116
PCT9432	TO	943	302	0	0	6	296	145	151
PCT9433	ED	1923	120	0	0	6	114	63	51
PCT9433	MV	1923	432	0	0	14	418	210	208
PCT9433	TO	1923	552	0	0	20	532	273	259
PCT9434	ED	982	97	0	0	2	95	60	35
PCT9434	MV	982	252	0	0	10	242	135	107
PCT9434	TO	982	349	0	0	12	337	195	142
PCT9436	ED	1057	94	0	0	3	91	52	39
PCT9436	MV	1057	250	0	0	6	244	131	113
PCT9436	TO	1057	344	0	0	9	335	183	152
PCT9437	ED	908	76	0	0	0	76	44	32
PCT9437	MV	908	182	0	0	6	176	84	92
PCT9437	TO	908	258	0	0	6	252	128	124
PCT9439	ED	1863	125	0	0	1	124	67	57
PCT9439	MV	1863	482	0	0	22	460	220	240
PCT9439	TO	1863	607	0	0	23	584	287	297
PCT9441	ED	985	100	0	0	0	100	63	37
PCT9441	MV	985	276	0	0	8	268	132	136
PCT9441	TO	985	376	0	0	8	368	195	173
PCT9442	ED	2015	196	0	0	11	185	114	71
PCT9442	MV	2015	487	0	1	7	479	250	229
PCT9442	TO	2015	683	0	1	18	664	364	300
PCT9443	ED	1908	136	0	0	1	135	94	41
PCT9443	MV	1908	488	0	0	16	472	257	215
PCT9443	TO	1908	624	0	0	17	607	351	256
PCT9445	ED	971	72	0	0	3	69	39	30
PCT9445	MV	971	276	0	0	13	263	135	128
PCT9445	TO	971	348	0	0	16	332	174	158
PCT9446	ED	1940	185	0	0	7	178	103	75
PCT9446	MV	1940	428	0	0	15	413	191	222
PCT9446	TO	1940	613	0	0	22	591	294	297
PCT9447	ED	889	88	0	0	3	85	57	28
PCT9447	MV	889	176	0	0	3	173	69	104
PCT9447	TO	889	264	0	0	6	258	126	132
PCT9448	ED	936	76	0	0	1	75	53	22
PCT9448	MV	936	165	0	0	4	161	72	89
PCT9448	TO	936	241	0	0	5	236	125	111
PCT9449	ED	862	74	0	0	1	73	45	28
PCT9449	MV	862	239	0	0	6	233	92	141
PCT9449	TO	862	313	0	0	7	306	137	169
PCT9451	ED	437	32	0	0	0	32	15	17
PCT9451	MV	437	129	0	0	4	125	49	76
PCT9451	TO	437	161	0	0	4	157	64	93
PCT9453	ED	520	44	0	0	1	43	21	22
PCT9453	MV	520	141	0	0	7	134	67	67
PCT9453	TO	520	185	0	0	8	177	88	89
PCT9501	MV	147	58	0	0	1	57	43	14
PCT9501	TO	147	58	0	0	1	57	43	14
PCT9502	MV	253	70	0	0	3	67	46	21
PCT9502	TO	253	70	0	0	3	67	46	21
PCT9503	ED	667	60	0	0	0	60	55	5
PCT9503	MV	667	152	0	0	8	144	118	26
PCT9503	TO	667	212	0	0	8	204	173	31
PCT9505	ED	760	100	0	0	1	99	83	16
PCT9505	MV	760	213	0	0	5	208	166	42
PCT9505	TO	760	313	0	0	6	307	249	58
PCT9506	ED	750	73	0	0	1	72	61	11
PCT9506	MV	750	158	0	0	4	154	127	27
PCT9506	TO	750	231	0	0	5	226	188	38
PCT9507	ED	713	92	0	0	1	91	83	8
PCT9507	MV	713	153	0	0	6	147	121	26
PCT9507	TO	713	245	0	0	7	238	204	34
PCT9511	ED	1314	167	0	0	7	160	140	20
PCT9511	MV	1314	214	0	0	4	210	163	47
PCT9511	TO	1314	381	0	0	11	370	303	67
PCT9512	ED	1544	192	0	0	8	184	166	18
PCT9512	MV	1544	383	0	0	7	376	313	63
PCT9512	TO	1544	575	0	0	15	560	479	81
PCT9513	ED	872	125	0	0	2	123	112	11
PCT9513	MV	872	196	0	0	3	193	172	21
PCT9513	TO	872	321	0	0	5	316	284	32
PCT9514	ED	888	117	0	0	1	116	101	15
PCT9514	MV	888	203	0	0	7	196	161	35
PCT9514	TO	888	320	0	0	8	312	262	50
PCT9516	ED	1579	195	0	1	6	188	147	41
PCT9516	MV	1579	346	0	0	12	334	239	95
PCT9516	TO	1579	541	0	1	18	522	386	136
PCT9517	ED	1554	181	0	0	3	178	152	26
PCT9517	MV	1554	311	0	0	3	308	258	50
PCT9517	TO	1554	492	0	0	6	486	410	76
PCT9519	ED	882	112	0	0	3	109	89	20
PCT9519	MV	882	268	0	0	3	265	220	45
PCT9519	TO	882	380	0	0	6	374	309	65
PCT9521	ED	870	131	0	0	3	128	105	23
PCT9521	MV	870	264	0	0	7	257	210	47
PCT9521	TO	870	395	0	0	10	385	315	70
PCT9701	ED	652	100	0	0	4	96	71	25
PCT9701	MV	652	142	0	0	4	138	90	48
PCT9701	TO	652	242	0	0	8	234	161	73
PCT9702	ED	709	87	0	0	1	86	69	17
PCT9702	MV	709	150	0	0	1	149	94	55
PCT9702	TO	709	237	0	0	2	235	163	72
PCT9703	ED	981	94	0	0	1	93	56	37
PCT9703	MV	981	214	0	0	4	210	107	103
PCT9703	TO	981	308	0	0	5	303	163	140
PCT9704	ED	946	109	0	0	0	109	81	28
PCT9704	MV	946	235	0	0	8	227	141	86
PCT9704	TO	946	344	0	0	8	336	222	114
PCT9705	ED	1865	204	0	0	5	199	162	37
PCT9705	MV	1865	442	0	0	7	435	288	147
PCT9705	TO	1865	646	0	0	12	634	450	184
PCT9706	MV	48	18	0	0	0	18	13	5
PCT9706	TO	48	18	0	0	0	18	13	5
PCT9709	ED	1021	84	0	0	1	83	53	30
PCT9709	MV	1021	271	0	0	7	264	131	133
PCT9709	TO	1021	355	0	0	8	347	184	163
PCT9711	ED	1433	160	0	0	2	158	103	55
PCT9711	MV	1433	393	0	0	13	380	215	165
PCT9711	TO	1433	553	0	0	15	538	318	220
PCT9712	ED	1237	157	0	0	4	153	95	58
PCT9712	MV	1237	375	0	0	11	364	200	164
PCT9712	TO	1237	532	0	0	15	517	295	222
PCT9716	ED	951	110	0	0	4	106	66	40
PCT9716	MV	951	224	0	0	8	216	111	105
PCT9716	TO	951	334	0	0	12	322	177	145
PCT9717	ED	1917	177	0	0	3	174	104	70
PCT9717	MV	1917	529	0	0	8	521	255	266
PCT9717	TO	1917	706	0	0	11	695	359	336
PCT9718	ED	1833	225	0	0	8	217	134	83
PCT9718	MV	1833	609	0	0	16	593	325	268
PCT9718	TO	1833	834	0	0	24	810	459	351
PCT9719	ED	910	104	0	0	2	102	62	40
PCT9719	MV	910	233	0	0	3	230	127	103
PCT9719	TO	910	337	0	0	5	332	189	143
PCT9721	ED	660	114	0	0	3	111	62	49
PCT9721	MV	660	215	0	0	7	208	95	113
PCT9721	TO	660	329	0	0	10	319	157	162
PCT9722	ED	587	64	0	0	0	64	40	24
PCT9722	MV	587	206	0	0	5	201	120	81
PCT9722	TO	587	270	0	0	5	265	160	105
PCT9723	ED	505	34	0	0	0	34	12	22
PCT9723	MV	505	165	0	0	4	161	54	107
PCT9723	TO	505	199	0	0	4	195	66	129
PCT9724	ED	1003	72	0	0	0	72	33	39
PCT9724	MV	1003	322	0	0	10	312	110	202
PCT9724	TO	1003	394	0	0	10	384	143	241
PCT9725	ED	965	76	0	0	2	74	31	43
PCT9725	MV	965	276	0	0	6	270	115	155
PCT9725	TO	965	352	0	0	8	344	146	198
PCT9726	ED	621	53	0	0	0	53	35	18
PCT9726	MV	621	102	0	0	8	94	67	27
PCT9726	TO	621	155	0	0	8	147	102	45
PCT9727	ED	453	34	0	0	1	33	14	19
PCT9727	MV	453	140	0	0	5	135	58	77
PCT9727	TO	453	174	0	0	6	168	72	96
PCT9728	ED	1829	224	0	0	7	217	117	100
PCT9728	MV	1829	527	0	1	11	515	274	241
PCT9728	TO	1829	751	0	1	18	732	391	341
PCT9729	ED	809	86	0	0	1	85	48	37
PCT9729	MV	809	281	0	0	5	276	142	134
PCT9729	TO	809	367	0	0	6	361	190	171
PCT9731	ED	572	62	0	0	1	61	39	22
PCT9731	MV	572	169	0	0	0	169	76	93
PCT9731	TO	572	231	0	0	1	230	115	115
PCT9732	MV	71	25	0	0	0	25	11	14
PCT9732	TO	71	25	0	0	0	25	11	14
PCT9733	MV	235	93	0	0	2	91	61	30
PCT9733	TO	235	93	0	0	2	91	61	30
PCT9734	ED	1389	150	0	0	2	148	94	54
PCT9734	MV	1389	469	0	0	13	456	232	224
PCT9734	TO	1389	619	0	0	15	604	326	278
PCT9737	ED	1518	168	0	0	4	164	112	52
PCT9737	MV	1518	402	0	0	10	392	218	174
PCT9737	TO	1518	570	0	0	14	556	330	226
PCT9738	ED	813	34	0	0	1	33	24	9
PCT9738	MV	813	189	0	0	8	181	140	41
PCT9738	TO	813	223	0	0	9	214	164	50
PCT9739	ED	768	46	0	0	2	44	36	8
PCT9739	MV	768	145	0	0	2	143	121	22
PCT9739	TO	768	191	0	0	4	187	157	30
PCT9741	ED	497	7	0	0	0	7	7	0
PCT9741	MV	497	8	0	0	0	8	8	0
PCT9741	TO	497	15	0	0	0	15	15	0
PCT9742	ED	679	68	0	0	5	63	32	31
PCT9742	MV	679	134	0	0	2	132	53	79
PCT9742	TO	679	202	0	0	7	195	85	110
PCT9743	ED	1138	85	0	0	5	80	64	16
PCT9743	MV	1138	261	0	0	7	254	188	66
PCT9743	TO	1138	346	0	0	12	334	252	82
PCT9744	ED	907	97	0	0	5	92	72	20
PCT9744	MV	907	170	0	0	5	165	115	50
PCT9744	TO	907	267	0	0	10	257	187	70
PCT9745	ED	973	75	0	0	0	75	58	17
PCT9745	MV	973	172	0	0	1	171	126	45
PCT9745	TO	973	247	0	0	1	246	184	62
PCT9748	ED	910	80	0	0	1	79	44	35
PCT9748	MV	910	274	0	0	3	271	163	108
PCT9748	TO	910	354	0	0	4	350	207	143
PCT9749	ED	1871	160	0	0	3	157	113	44
PCT9749	MV	1871	405	0	0	14	391	238	153
PCT9749	TO	1871	565	0	0	17	548	351	197
PCT9751	ED	1038	101	0	0	4	97	64	33
PCT9751	MV	1038	312	0	0	8	304	149	155
PCT9751	TO	1038	413	0	0	12	401	213	188
PCT9752	ED	696	69	0	0	0	69	38	31
PCT9752	MV	696	230	0	0	5	225	116	109
PCT9752	TO	696	299	0	0	5	294	154	140
PCT9753	ED	764	81	0	0	0	81	57	24
PCT9753	MV	764	205	0	0	8	197	130	67
PCT9753	TO	764	286	0	0	8	278	187	91
PCT9754	ED	686	84	0	0	1	83	65	18
PCT9754	MV	686	174	0	0	4	170	117	53
PCT9754	TO	686	258	0	0	5	253	182	71
PCT9755	ED	567	58	0	0	0	58	39	19
PCT9755	MV	567	150	0	0	3	147	97	50
PCT9755	TO	567	208	0	0	3	205	136	69
PCT9756	ED	940	55	0	0	1	54	37	17
PCT9756	MV	940	233	0	0	4	229	105	124
PCT9756	TO	940	288	0	0	5	283	142	141
PCT9801	ED	404	38	0	0	1	37	28	9
PCT9801	MV	404	93	0	0	2	91	53	38
PCT9801	TO	404	131	0	0	3	128	81	47
CONG12	ED	437850	40985	0	9	867	40109	30944	9165
CONG12	MV	437850	103869	0	16	2733	101120	69876	31244
CONG12	TO	437850	144854	0	25	3600	141229	100820	40409
CONG14	ED	57200	4601	0	0	93	4508	2991	1517
CONG14	MV	57200	14406	0	3	337	14066	7872	6194
CONG14	TO	57200	19007	0	3	430	18574	10863	7711
ASSM17	ED	287476	26749	0	5	541	26203	21200	5003
ASSM17	MV	287476	68431	0	14	1740	66677	48780	17897
ASSM17	TO	287476	95180	0	19	2281	92880	69980	22900
ASSM19	ED	207574	18837	0	4	419	18414	12735	5679
ASSM19	MV	207574	49844	0	5	1330	48509	28968	19541
ASSM19	TO	207574	68681	0	9	1749	66923	41703	25220
SUPV1	ED	42447	4299	0	2	86	4211	3011	1200
SUPV1	MV	42447	9857	0	1	259	9597	6171	3426
SUPV1	TO	42447	14156	0	3	345	13808	9182	4626
SUPV2	ED	49361	3997	0	2	105	3890	2686	1204
SUPV2	MV	49361	11399	0	0	324	11075	7084	3991
SUPV2	TO	49361	15396	0	2	429	14965	9770	5195
SUPV3	ED	38836	3040	0	0	75	2965	2285	680
SUPV3	MV	38836	8848	0	3	281	8564	6137	2427
SUPV3	TO	38836	11888	0	3	356	11529	8422	3107
SUPV4	ED	43341	3899	0	0	97	3802	2433	1369
SUPV4	MV	43341	10665	0	2	337	10326	5393	4933
SUPV4	TO	43341	14564	0	2	434	14128	7826	6302
SUPV5	ED	51976	6299	0	1	146	6152	5294	858
SUPV5	MV	51976	13167	0	4	351	12812	10376	2436
SUPV5	TO	51976	19466	0	5	497	18964	15670	3294
SUPV6	ED	42510	2395	0	0	65	2330	1874	456
SUPV6	MV	42510	9117	0	3	255	8859	6626	2233
SUPV6	TO	42510	11512	0	3	320	11189	8500	2689
SUPV7	ED	46757	4770	0	0	100	4670	3051	1619
SUPV7	MV	46757	12555	0	1	303	12251	6939	5312
SUPV7	TO	46757	17325	0	1	403	16921	9990	6931
SUPV8	ED	57103	7221	0	1	110	7110	5736	1374
SUPV8	MV	57103	15551	0	2	352	15197	11523	3674
SUPV8	TO	57103	22772	0	3	462	22307	17259	5048
SUPV9	ED	42539	4535	0	2	76	4457	3759	698
SUPV9	MV	42539	9559	0	1	211	9347	6906	2441
SUPV9	TO	42539	14094	0	3	287	13804	10665	3139
SUPV10	ED	42195	2593	0	1	56	2536	2017	519
SUPV10	MV	42195	8722	0	0	195	8527	5642	2885
SUPV10	TO	42195	11315	0	1	251	11063	7659	3404
SUPV11	ED	37985	2538	0	0	44	2494	1789	705
SUPV11	MV	37985	8835	0	2	202	8631	4951	3680
SUPV11	TO	37985	11373	0	2	246	11125	6740	4385
NEIG1	ED	20194	1102	0	0	34	1068	865	203
NEIG1	MV	20194	3785	0	0	96	3689	2458	1231
NEIG1	TO	20194	4887	0	0	130	4757	3323	1434
NEIG2	ED	18045	1279	0	0	33	1246	945	301
NEIG2	MV	18045	4011	0	3	141	3867	2724	1143
NEIG2	TO	18045	5290	0	3	174	5113	3669	1444
NEIG3	ED	27613	2033	0	0	60	1973	1617	356
NEIG3	MV	27613	5737	0	0	165	5572	4396	1176
NEIG3	TO	27613	7770	0	0	225	7545	6013	1532
NEIG4	ED	7735	937	0	0	18	919	669	250
NEIG4	MV	7735	2114	0	0	43	2071	1410	661
NEIG4	TO	7735	3051	0	0	61	2990	2079	911
NEIG5	ED	28067	1842	0	0	36	1806	1289	517
NEIG5	MV	28067	6570	0	1	147	6422	3672	2750
NEIG5	TO	28067	8412	0	1	183	8228	4961	3267
NEIG6	ED	15102	2150	0	0	42	2108	1804	304
NEIG6	MV	15102	4008	0	2	88	3918	3212	706
NEIG6	TO	15102	6158	0	2	130	6026	5016	1010
NEIG7	ED	13133	949	0	0	13	936	678	258
NEIG7	MV	13133	2996	0	1	75	2920	1675	1245
NEIG7	TO	13133	3945	0	1	88	3856	2353	1503
NEIG8	ED	9501	1219	0	1	26	1192	975	217
NEIG8	MV	9501	2326	0	0	57	2269	1767	502
NEIG8	TO	9501	3545	0	1	83	3461	2742	719
NEIG9	ED	8190	579	0	0	15	564	372	192
NEIG9	MV	8190	1810	0	0	51	1759	1044	715
NEIG9	TO	8190	2389	0	0	66	2323	1416	907
NEIG10	ED	10551	1035	0	1	23	1011	766	245
NEIG10	MV	10551	2293	0	0	72	2221	1542	679
NEIG10	TO	10551	3328	0	1	95	3232	2308	924
NEIG11	ED	41063	3200	0	2	88	3110	2179	931
NEIG11	MV	41063	9182	0	0	279	8903	5693	3210
NEIG11	TO	41063	12382	0	2	367	12013	7872	4141
NEIG12	ED	32113	3669	0	1	51	3617	3123	494
NEIG12	MV	32113	6597	0	1	135	6461	5273	1188
NEIG12	TO	32113	10266	0	2	186	10078	8396	1682
NEIG13	ED	15730	2029	0	0	27	2002	1618	384
NEIG13	MV	15730	4188	0	1	107	4080	3019	1061
NEIG13	TO	15730	6217	0	1	134	6082	4637	1445
NEIG14	ED	9293	1330	0	0	25	1305	1118	187
NEIG14	MV	9293	2452	0	1	42	2409	1932	477
NEIG14	TO	9293	3782	0	1	67	3714	3050	664
NEIG15	ED	5953	537	0	0	10	527	397	130
NEIG15	MV	5953	1556	0	0	48	1508	1022	486
NEIG15	TO	5953	2093	0	0	58	2035	1419	616
NEIG26	ED	9927	616	0	1	19	596	391	205
NEIG26	MV	9927	2503	0	0	71	2432	1303	1129
NEIG26	TO	9927	3119	0	1	90	3028	1694	1334
NEIG16	ED	16717	1243	0	1	16	1226	993	233
NEIG16	MV	16717	3991	0	0	69	3922	2809	1113
NEIG16	TO	16717	5234	0	1	85	5148	3802	1346
NEIG17	ED	37882	3873	0	1	81	3791	2687	1104
NEIG17	MV	37882	8874	0	0	226	8648	5513	3135
NEIG17	TO	37882	12747	0	1	307	12439	8200	4239
NEIG18	ED	6193	652	0	0	16	636	441	195
NEIG18	MV	6193	1721	0	0	44	1677	1048	629
NEIG18	TO	6193	2373	0	0	60	2313	1489	824
NEIG19	ED	7872	873	0	0	17	856	700	156
NEIG19	MV	7872	2058	0	0	49	2009	1503	506
NEIG19	TO	7872	2931	0	0	66	2865	2203	662
NEIG20	ED	24361	1311	0	0	33	1278	979	299
NEIG20	MV	24361	5386	0	3	165	5218	3741	1477
NEIG20	TO	24361	6697	0	3	198	6496	4720	1776
NEIG21	ED	42750	3810	0	0	95	3715	2359	1356
NEIG21	MV	42750	10556	0	2	334	10220	5316	4904
NEIG21	TO	42750	14366	0	2	429	13935	7675	6260
NEIG22	ED	19329	2431	0	1	28	2402	1955	447
NEIG22	MV	19329	5705	0	0	120	5585	4276	1309
NEIG22	TO	19329	8136	0	1	148	7987	6231	1756
NEIG23	ED	7912	363	0	0	9	354	265	89
NEIG23	MV	7912	1609	0	0	38	1571	844	727
NEIG23	TO	7912	1972	0	0	47	1925	1109	816
NEIG24	ED	33087	3644	0	0	74	3570	2279	1291
NEIG24	MV	33087	9481	0	1	224	9256	5153	4103
NEIG24	TO	33087	13125	0	1	298	12826	7432	5394
NEIG25	ED	26737	2880	0	0	71	2809	2471	338
NEIG25	MV	26737	6766	0	3	184	6579	5403	1176
NEIG25	TO	26737	9646	0	3	255	9388	7874	1514
