area_id	subtotal_type	RSReg	RSCst	RSRej	RSOvr	RSUnd	RSTot	36:YES	37:NO
ALL	TO	495050	206340	0	119	4670	201551	36666	164885
ALL	ED	495050	59414	0	32	1301	58081	10092	47989
ALL	MV	495050	146926	0	87	3369	143470	26574	116896
PCT1101	ED	557	54	0	0	1	53	14	39
PCT1101	MV	557	166	0	0	1	165	44	121
PCT1101	TO	557	220	0	0	2	218	58	160
PCT1102	ED	994	145	0	0	2	143	29	114
PCT1102	MV	994	304	0	0	5	299	75	224
PCT1102	TO	994	449	0	0	7	442	104	338
PCT1103	ED	962	111	0	0	1	110	18	92
PCT1103	MV	962	283	0	0	3	280	74	206
PCT1103	TO	962	394	0	0	4	390	92	298
PCT1104	ED	1012	109	0	0	4	105	20	85
PCT1104	MV	1012	271	0	0	4	267	65	202
PCT1104	TO	1012	380	0	0	8	372	85	287
PCT1106	ED	1505	168	0	0	2	166	42	124
PCT1106	MV	1505	435	0	0	9	426	97	329
PCT1106	TO	1505	603	0	0	11	592	139	453
PCT1108	ED	908	95	0	0	0	95	13	82
PCT1108	MV	908	272	0	0	8	264	34	230
PCT1108	TO	908	367	0	0	8	359	47	312
PCT1109	ED	805	93	0	0	2	91	20	71
PCT1109	MV	805	233	0	0	6	227	41	186
PCT1109	TO	805	326	0	0	8	318	61	257
PCT1111	ED	1025	106	0	0	1	105	24	81
PCT1111	MV	1025	303	0	0	8	295	87	208
PCT1111	TO	1025	409	0	0	9	400	111	289
PCT1112	ED	770	65	0	0	1	64	16	48
PCT1112	MV	770	217	0	1	2	214	51	163
PCT1112	TO	770	282	0	1	3	278	67	211
PCT1114	ED	1741	129	0	0	4	125	31	94
PCT1114	MV	1741	501	0	1	14	486	109	377
PCT1114	TO	1741	630	0	1	18	611	140	471
PCT1115	ED	1838	165	0	0	4	161	34	127
PCT1115	MV	1838	467	0	0	8	459	136	323
PCT1115	TO	1838	632	0	0	12	620	170	450
PCT1117	ED	1771	155	0	0	4	151	42	109
PCT1117	MV	1771	443	0	0	13	430	90	340
PCT1117	TO	1771	598	0	0	17	581	132	449
PCT1118	ED	1057	99	0	0	2	97	13	84
PCT1118	MV	1057	319	0	0	10	309	58	251
PCT1118	TO	1057	418	0	0	12	406	71	335
PCT1119	ED	771	66	0	1	0	65	9	56
PCT1119	MV	771	226	0	0	10	216	42	174
PCT1119	TO	771	292	0	1	10	281	51	230
PCT1122	ED	638	48	0	0	2	46	12	34
PCT1122	MV	638	188	0	0	2	186	41	145
PCT1122	TO	638	236	0	0	4	232	53	179
PCT1124	ED	812	64	0	0	2	62	14	48
PCT1124	MV	812	188	0	0	3	185	60	125
PCT1124	TO	812	252	0	0	5	247	74	173
PCT1125	ED	1064	48	0	0	0	48	16	32
PCT1125	MV	1064	271	0	0	6	265	70	195
PCT1125	TO	1064	319	0	0	6	313	86	227
PCT1126	ED	1676	121	0	0	1	120	24	96
PCT1126	MV	1676	442	0	0	7	435	113	322
PCT1126	TO	1676	563	0	0	8	555	137	418
PCT1127	ED	1827	157	0	0	3	154	35	119
PCT1127	MV	1827	488	0	0	14	474	109	365
PCT1127	TO	1827	645	0	0	17	628	144	484
PCT1129	ED	1018	85	0	1	5	79	27	52
PCT1129	MV	1018	253	0	0	4	249	59	190
PCT1129	TO	1018	338	0	1	9	328	86	242
PCT1131	ED	836	49	0	0	2	47	13	34
PCT1131	MV	836	226	0	0	3	223	60	163
PCT1131	TO	836	275	0	0	5	270	73	197
PCT1132	ED	1010	47	0	0	1	46	10	36
PCT1132	MV	1010	312	0	0	7	305	89	216
PCT1132	TO	1010	359	0	0	8	351	99	252
PCT1133	ED	857	49	0	0	0	49	8	41
PCT1133	MV	857	255	0	0	7	248	48	200
PCT1133	TO	857	304	0	0	7	297	56	241
PCT1134	ED	762	70	0	0	2	68	9	59
PCT1134	MV	762	215	0	0	6	209	40	169
PCT1134	TO	762	285	0	0	8	277	49	228
PCT1135	ED	554	46	0	0	1	45	8	37
PCT1135	MV	554	195	0	1	7	187	50	137
PCT1135	TO	554	241	0	1	8	232	58	174
PCT1136	ED	847	53	0	0	1	52	12	40
PCT1136	MV	847	248	0	0	2	246	60	186
PCT1136	TO	847	301	0	0	3	298	72	226
PCT1141	ED	1042	103	0	0	1	102	27	75
PCT1141	MV	1042	306	0	0	9	297	66	231
PCT1141	TO	1042	409	0	0	10	399	93	306
PCT1143	ED	1024	109	0	0	2	107	22	85
PCT1143	MV	1024	254	0	0	8	246	62	184
PCT1143	TO	1024	363	0	0	10	353	84	269
PCT1144	ED	1804	177	0	0	4	173	32	141
PCT1144	MV	1804	514	0	0	15	499	97	402
PCT1144	TO	1804	691	0	0	19	672	129	543
PCT1145	ED	894	83	0	0	3	80	7	73
PCT1145	MV	894	297	0	0	6	291	52	239
PCT1145	TO	894	380	0	0	9	371	59	312
PCT1146	ED	1008	83	0	0	1	82	17	65
PCT1146	MV	1008	275	0	0	5	270	62	208
PCT1146	TO	1008	358	0	0	6	352	79	273
PCT1147	ED	868	89	0	0	4	85	20	65
PCT1147	MV	868	235	0	0	5	230	72	158
PCT1147	TO	868	324	0	0	9	315	92	223
PCT1148	ED	1002	100	0	0	5	95	18	77
PCT1148	MV	1002	269	0	0	10	259	88	171
PCT1148	TO	1002	369	0	0	15	354	106	248
PCT1149	ED	911	90	0	0	2	88	18	70
PCT1149	MV	911	237	0	1	4	232	49	183
PCT1149	TO	911	327	0	1	6	320	67	253
PCT1151	ED	0	0	0	0	0	0	0	0
PCT1151	MV	0	0	0	0	0	0	0	0
PCT1151	TO	0	0	0	0	0	0	0	0
PCT1152	ED	1815	155	0	0	2	153	32	121
PCT1152	MV	1815	499	0	1	10	488	126	362
PCT1152	TO	1815	654	0	1	12	641	158	483
PCT1154	ED	0	0	0	0	0	0	0	0
PCT1154	MV	0	0	0	0	0	0	0	0
PCT1154	TO	0	0	0	0	0	0	0	0
PCT7001	ED	752	59	0	0	1	58	5	53
PCT7001	MV	752	232	0	0	1	231	39	192
PCT7001	TO	752	291	0	0	2	289	44	245
PCT7002	ED	659	61	0	0	1	60	10	50
PCT7002	MV	659	151	0	0	3	148	33	115
PCT7002	TO	659	212	0	0	4	208	43	165
PCT7003	ED	1755	233	0	0	2	231	42	189
PCT7003	MV	1755	606	0	0	12	594	69	525
PCT7003	TO	1755	839	0	0	14	825	111	714
PCT7005	ED	850	124	0	0	2	122	11	111
PCT7005	MV	850	280	0	0	1	279	32	247
PCT7005	TO	850	404	0	0	3	401	43	358
PCT7006	ED	921	135	0	1	1	133	18	115
PCT7006	MV	921	263	0	1	6	256	40	216
PCT7006	TO	921	398	0	2	7	389	58	331
PCT7007	ED	1821	269	0	1	5	263	28	235
PCT7007	MV	1821	608	0	0	7	601	83	518
PCT7007	TO	1821	877	0	1	12	864	111	753
PCT7009	ED	874	74	0	0	3	71	14	57
PCT7009	MV	874	317	0	0	5	312	55	257
PCT7009	TO	874	391	0	0	8	383	69	314
PCT7011	ED	951	87	0	0	1	86	14	72
PCT7011	MV	951	168	0	0	1	167	27	140
PCT7011	TO	951	255	0	0	2	253	41	212
PCT7012	ED	1165	149	0	0	1	148	35	113
PCT7012	MV	1165	366	0	0	3	363	61	302
PCT7012	TO	1165	515	0	0	4	511	96	415
PCT7013	ED	1033	93	0	0	2	91	17	74
PCT7013	MV	1033	283	0	0	9	274	51	223
PCT7013	TO	1033	376	0	0	11	365	68	297
PCT7014	ED	1388	136	0	0	0	136	20	116
PCT7014	MV	1388	417	0	1	10	406	67	339
PCT7014	TO	1388	553	0	1	10	542	87	455
PCT7015	ED	104	1	0	0	0	1	0	1
PCT7015	MV	104	25	0	0	1	24	7	17
PCT7015	TO	104	26	0	0	1	25	7	18
PCT7016	ED	912	75	0	0	1	74	18	56
PCT7016	MV	912	174	0	0	9	165	49	116
PCT7016	TO	912	249	0	0	10	239	67	172
PCT7017	ED	781	50	0	0	3	47	12	35
PCT7017	MV	781	143	0	1	6	136	25	111
PCT7017	TO	781	193	0	1	9	183	37	146
PCT7019	ED	1908	121	0	1	2	118	30	88
PCT7019	MV	1908	558	0	2	16	540	152	388
PCT7019	TO	1908	679	0	3	18	658	182	476
PCT7021	ED	955	96	0	0	6	90	30	60
PCT7021	MV	955	212	0	0	8	204	47	157
PCT7021	TO	955	308	0	0	14	294	77	217
PCT7022	ED	943	94	0	0	4	90	18	72
PCT7022	MV	943	215	0	0	9	206	45	161
PCT7022	TO	943	309	0	0	13	296	63	233
PCT7024	ED	448	39	0	1	2	36	15	21
PCT7024	MV	448	34	0	0	0	34	16	18
PCT7024	TO	448	73	0	1	2	70	31	39
PCT7025	ED	473	34	0	0	1	33	7	26
PCT7025	MV	473	58	0	0	0	58	19	39
PCT7025	TO	473	92	0	0	1	91	26	65
PCT7026	ED	1009	56	0	0	1	55	13	42
PCT7026	MV	1009	303	0	1	8	294	82	212
PCT7026	TO	1009	359	0	1	9	349	95	254
PCT7027	ED	883	86	0	0	3	83	18	65
PCT7027	MV	883	230	0	0	8	222	59	163
PCT7027	TO	883	316	0	0	11	305	77	228
PCT7028	ED	849	114	0	0	2	112	22	90
PCT7028	MV	849	168	0	1	2	165	43	122
PCT7028	TO	849	282	0	1	4	277	65	212
PCT7029	ED	1812	146	0	0	7	139	35	104
PCT7029	MV	1812	385	0	0	11	374	99	275
PCT7029	TO	1812	531	0	0	18	513	134	379
PCT7030	ED	787	54	0	0	0	54	14	40
PCT7030	MV	787	243	0	0	9	234	50	184
PCT7030	TO	787	297	0	0	9	288	64	224
PCT7031	ED	680	37	0	0	0	37	6	31
PCT7031	MV	680	210	0	0	5	205	65	140
PCT7031	TO	680	247	0	0	5	242	71	171
PCT7032	ED	876	70	0	0	4	66	18	48
PCT7032	MV	876	212	0	0	2	210	71	139
PCT7032	TO	876	282	0	0	6	276	89	187
PCT7033	ED	770	88	0	0	3	85	22	63
PCT7033	MV	770	164	0	0	5	159	41	118
PCT7033	TO	770	252	0	0	8	244	63	181
PCT7034	ED	954	61	0	0	3	58	19	39
PCT7034	MV	954	119	0	0	6	113	40	73
PCT7034	TO	954	180	0	0	9	171	59	112
PCT7035	ED	681	46	0	0	2	44	13	31
PCT7035	MV	681	181	0	0	4	177	31	146
PCT7035	TO	681	227	0	0	6	221	44	177
PCT7037	ED	1676	80	0	1	4	75	25	50
PCT7037	MV	1676	268	0	0	8	260	76	184
PCT7037	TO	1676	348	0	1	12	335	101	234
PCT7038	ED	924	49	0	0	3	46	18	28
PCT7038	MV	924	244	0	0	4	240	62	178
PCT7038	TO	924	293	0	0	7	286	80	206
PCT7039	ED	830	84	0	0	3	81	16	65
PCT7039	MV	830	197	0	0	6	191	47	144
PCT7039	TO	830	281	0	0	9	272	63	209
PCT7041	ED	60	0	0	0	0	0	0	0
PCT7041	MV	60	13	0	0	0	13	4	9
PCT7041	TO	60	13	0	0	0	13	4	9
PCT7042	ED	1069	92	0	0	4	88	24	64
PCT7042	MV	1069	266	0	0	4	262	67	195
PCT7042	TO	1069	358	0	0	8	350	91	259
PCT7043	ED	961	61	0	0	1	60	16	44
PCT7043	MV	961	228	0	0	4	224	54	170
PCT7043	TO	961	289	0	0	5	284	70	214
PCT7044	ED	844	42	0	0	0	42	15	27
PCT7044	MV	844	115	0	0	2	113	45	68
PCT7044	TO	844	157	0	0	2	155	60	95
PCT7045	ED	783	49	0	0	1	48	9	39
PCT7045	MV	783	243	0	0	12	231	55	176
PCT7045	TO	783	292	0	0	13	279	64	215
PCT7047	ED	1727	102	0	0	4	98	19	79
PCT7047	MV	1727	509	0	1	20	488	147	341
PCT7047	TO	1727	611	0	1	24	586	166	420
PCT7048	ED	870	53	0	0	0	53	13	40
PCT7048	MV	870	209	0	0	4	205	63	142
PCT7048	TO	870	262	0	0	4	258	76	182
PCT7049	ED	815	68	0	0	2	66	20	46
PCT7049	MV	815	200	0	0	10	190	51	139
PCT7049	TO	815	268	0	0	12	256	71	185
PCT7052	ED	878	87	0	0	4	83	15	68
PCT7052	MV	878	247	0	0	6	241	37	204
PCT7052	TO	878	334	0	0	10	324	52	272
PCT7053	ED	568	38	0	0	0	38	9	29
PCT7053	MV	568	146	0	0	6	140	28	112
PCT7053	TO	568	184	0	0	6	178	37	141
PCT7054	ED	1111	87	0	0	4	83	26	57
PCT7054	MV	1111	243	0	0	5	238	62	176
PCT7054	TO	1111	330	0	0	9	321	88	233
PCT7055	ED	799	37	0	0	0	37	4	33
PCT7055	MV	799	228	0	0	3	225	44	181
PCT7055	TO	799	265	0	0	3	262	48	214
PCT7101	ED	152	1	0	0	0	1	0	1
PCT7101	MV	152	77	0	0	1	76	11	65
PCT7101	TO	152	78	0	0	1	77	11	66
PCT7202	ED	1747	156	0	0	3	153	23	130
PCT7202	MV	1747	485	0	0	14	471	69	402
PCT7202	TO	1747	641	0	0	17	624	92	532
PCT7203	ED	867	103	0	0	2	101	15	86
PCT7203	MV	867	203	0	0	7	196	40	156
PCT7203	TO	867	306	0	0	9	297	55	242
PCT7204	ED	890	100	0	0	3	97	10	87
PCT7204	MV	890	296	0	0	5	291	38	253
PCT7204	TO	890	396	0	0	8	388	48	340
PCT7205	ED	862	108	0	0	0	108	21	87
PCT7205	MV	862	269	0	0	10	259	29	230
PCT7205	TO	862	377	0	0	10	367	50	317
PCT7207	ED	1483	126	0	0	4	122	27	95
PCT7207	MV	1483	552	0	1	15	536	76	460
PCT7207	TO	1483	678	0	1	19	658	103	555
PCT7208	ED	560	48	0	0	3	45	7	38
PCT7208	MV	560	159	0	0	5	154	31	123
PCT7208	TO	560	207	0	0	8	199	38	161
PCT7301	ED	1993	200	0	0	7	193	37	156
PCT7301	MV	1993	554	0	0	16	538	126	412
PCT7301	TO	1993	754	0	0	23	731	163	568
PCT7302	ED	838	98	0	1	1	96	20	76
PCT7302	MV	838	312	0	0	7	305	69	236
PCT7302	TO	838	410	0	1	8	401	89	312
PCT7305	ED	1633	223	0	0	5	218	28	190
PCT7305	MV	1633	493	0	0	13	480	90	390
PCT7305	TO	1633	716	0	0	18	698	118	580
PCT7306	ED	2083	208	0	0	9	199	42	157
PCT7306	MV	2083	532	0	0	13	519	118	401
PCT7306	TO	2083	740	0	0	22	718	160	558
PCT7308	ED	614	98	0	0	3	95	13	82
PCT7308	MV	614	180	0	0	6	174	26	148
PCT7308	TO	614	278	0	0	9	269	39	230
PCT7311	ED	866	124	0	0	1	123	20	103
PCT7311	MV	866	247	0	0	4	243	39	204
PCT7311	TO	866	371	0	0	5	366	59	307
PCT7312	ED	801	91	0	0	3	88	17	71
PCT7312	MV	801	289	0	1	8	280	25	255
PCT7312	TO	801	380	0	1	11	368	42	326
PCT7314	ED	1749	142	0	0	10	132	32	100
PCT7314	MV	1749	501	0	0	20	481	98	383
PCT7314	TO	1749	643	0	0	30	613	130	483
PCT7315	ED	1584	175	0	0	4	171	35	136
PCT7315	MV	1584	360	0	0	13	347	91	256
PCT7315	TO	1584	535	0	0	17	518	126	392
PCT7317	ED	875	83	0	0	3	80	20	60
PCT7317	MV	875	301	0	0	5	296	63	233
PCT7317	TO	875	384	0	0	8	376	83	293
PCT7318	ED	1567	142	0	1	2	139	24	115
PCT7318	MV	1567	433	0	0	9	424	98	326
PCT7318	TO	1567	575	0	1	11	563	122	441
PCT7321	ED	1533	86	0	0	4	82	26	56
PCT7321	MV	1533	456	0	1	17	438	132	306
PCT7321	TO	1533	542	0	1	21	520	158	362
PCT7323	ED	1967	190	0	0	5	185	40	145
PCT7323	MV	1967	498	0	1	16	481	75	406
PCT7323	TO	1967	688	0	1	21	666	115	551
PCT7325	ED	1588	145	0	0	3	142	25	117
PCT7325	MV	1588	427	0	0	16	411	81	330
PCT7325	TO	1588	572	0	0	19	553	106	447
PCT7326	ED	1709	164	0	0	6	158	25	133
PCT7326	MV	1709	527	0	1	20	506	104	402
PCT7326	TO	1709	691	0	1	26	664	129	535
PCT7327	ED	668	40	0	0	6	34	8	26
PCT7327	MV	668	217	0	1	7	209	45	164
PCT7327	TO	668	257	0	1	13	243	53	190
PCT7328	ED	985	42	0	0	3	39	10	29
PCT7328	MV	985	328	0	0	12	316	80	236
PCT7328	TO	985	370	0	0	15	355	90	265
PCT7329	ED	638	52	0	0	1	51	12	39
PCT7329	MV	638	196	0	0	12	184	37	147
PCT7329	TO	638	248	0	0	13	235	49	186
PCT7331	ED	850	113	0	0	0	113	29	84
PCT7331	MV	850	302	0	0	9	293	51	242
PCT7331	TO	850	415	0	0	9	406	80	326
PCT7332	ED	1601	185	0	0	9	176	42	134
PCT7332	MV	1601	441	0	1	9	431	88	343
PCT7332	TO	1601	626	0	1	18	607	130	477
PCT7333	ED	1930	190	0	0	6	184	40	144
PCT7333	MV	1930	541	0	0	11	530	104	426
PCT7333	TO	1930	731	0	0	17	714	144	570
PCT7336	ED	2021	214	0	0	1	213	49	164
PCT7336	MV	2021	559	0	0	11	548	119	429
PCT7336	TO	2021	773	0	0	12	761	168	593
PCT7338	ED	1783	150	0	0	6	144	38	106
PCT7338	MV	1783	543	0	0	21	522	120	402
PCT7338	TO	1783	693	0	0	27	666	158	508
PCT7339	ED	1588	158	0	0	2	156	33	123
PCT7339	MV	1588	412	0	0	7	405	105	300
PCT7339	TO	1588	570	0	0	9	561	138	423
PCT7342	ED	909	158	0	0	5	153	29	124
PCT7342	MV	909	234	0	0	5	229	43	186
PCT7342	TO	909	392	0	0	10	382	72	310
PCT7343	ED	706	89	0	0	3	86	20	66
PCT7343	MV	706	144	0	0	5	139	36	103
PCT7343	TO	706	233	0	0	8	225	56	169
PCT7344	ED	1052	113	0	0	0	113	24	89
PCT7344	MV	1052	290	0	0	4	286	67	219
PCT7344	TO	1052	403	0	0	4	399	91	308
PCT7346	ED	879	88	0	0	0	88	17	71
PCT7346	MV	879	170	0	0	9	161	43	118
PCT7346	TO	879	258	0	0	9	249	60	189
PCT7348	ED	1826	152	0	0	5	147	30	117
PCT7348	MV	1826	433	0	0	10	423	103	320
PCT7348	TO	1826	585	0	0	15	570	133	437
PCT7502	ED	779	70	0	0	0	70	14	56
PCT7502	MV	779	247	0	1	12	234	36	198
PCT7502	TO	779	317	0	1	12	304	50	254
PCT7503	ED	725	79	0	0	3	76	15	61
PCT7503	MV	725	204	0	0	0	204	39	165
PCT7503	TO	725	283	0	0	3	280	54	226
PCT7504	ED	1019	121	0	0	3	118	18	100
PCT7504	MV	1019	308	0	2	8	298	51	247
PCT7504	TO	1019	429	0	2	11	416	69	347
PCT7505	ED	851	101	0	0	2	99	11	88
PCT7505	MV	851	363	0	0	11	352	50	302
PCT7505	TO	851	464	0	0	13	451	61	390
PCT7506	ED	1913	188	0	0	5	183	40	143
PCT7506	MV	1913	516	0	1	14	501	111	390
PCT7506	TO	1913	704	0	1	19	684	151	533
PCT7508	ED	720	96	0	0	4	92	19	73
PCT7508	MV	720	288	0	0	11	277	64	213
PCT7508	TO	720	384	0	0	15	369	83	286
PCT7509	ED	914	128	0	0	3	125	25	100
PCT7509	MV	914	287	0	0	3	284	57	227
PCT7509	TO	914	415	0	0	6	409	82	327
PCT7512	ED	588	78	0	0	7	71	17	54
PCT7512	MV	588	208	0	0	4	204	47	157
PCT7512	TO	588	286	0	0	11	275	64	211
PCT7513	ED	784	101	0	0	7	94	22	72
PCT7513	MV	784	193	0	0	5	188	54	134
PCT7513	TO	784	294	0	0	12	282	76	206
PCT7514	ED	901	87	0	0	6	81	15	66
PCT7514	MV	901	235	0	0	15	220	71	149
PCT7514	TO	901	322	0	0	21	301	86	215
PCT7515	ED	852	97	0	0	2	95	18	77
PCT7515	MV	852	242	0	0	7	235	41	194
PCT7515	TO	852	339	0	0	9	330	59	271
PCT7516	ED	906	111	0	0	2	109	23	86
PCT7516	MV	906	359	0	0	10	349	79	270
PCT7516	TO	906	470	0	0	12	458	102	356
PCT7518	ED	1754	329	0	1	3	325	48	277
PCT7518	MV	1754	563	0	0	12	551	74	477
PCT7518	TO	1754	892	0	1	15	876	122	754
PCT7519	ED	709	116	0	0	3	113	18	95
PCT7519	MV	709	204	0	0	4	200	33	167
PCT7519	TO	709	320	0	0	7	313	51	262
PCT7521	ED	761	136	0	0	5	131	19	112
PCT7521	MV	761	248	0	0	5	243	24	219
PCT7521	TO	761	384	0	0	10	374	43	331
PCT7522	ED	1464	290	0	0	5	285	44	241
PCT7522	MV	1464	424	0	0	8	416	49	367
PCT7522	TO	1464	714	0	0	13	701	93	608
PCT7524	ED	606	97	0	0	2	95	15	80
PCT7524	MV	606	165	0	0	8	157	39	118
PCT7524	TO	606	262	0	0	10	252	54	198
PCT7525	ED	762	97	0	0	2	95	16	79
PCT7525	MV	762	191	0	0	6	185	40	145
PCT7525	TO	762	288	0	0	8	280	56	224
PCT7526	ED	974	125	0	0	7	118	18	100
PCT7526	MV	974	297	0	0	12	285	47	238
PCT7526	TO	974	422	0	0	19	403	65	338
PCT7527	ED	689	123	0	0	6	117	14	103
PCT7527	MV	689	212	0	0	11	201	34	167
PCT7527	TO	689	335	0	0	17	318	48	270
PCT7529	ED	906	172	0	0	5	167	29	138
PCT7529	MV	906	295	0	2	12	281	50	231
PCT7529	TO	906	467	0	2	17	448	79	369
PCT7531	ED	839	116	0	0	3	113	19	94
PCT7531	MV	839	275	0	0	7	268	26	242
PCT7531	TO	839	391	0	0	10	381	45	336
PCT7532	ED	792	114	0	0	2	112	24	88
PCT7532	MV	792	222	0	0	3	219	47	172
PCT7532	TO	792	336	0	0	5	331	71	260
PCT7533	ED	936	202	0	0	3	199	34	165
PCT7533	MV	936	275	0	0	5	270	37	233
PCT7533	TO	936	477	0	0	8	469	71	398
PCT7534	ED	881	153	0	0	5	148	19	129
PCT7534	MV	881	237	0	0	9	228	32	196
PCT7534	TO	881	390	0	0	14	376	51	325
PCT7536	ED	1594	319	0	0	9	310	41	269
PCT7536	MV	1594	496	0	1	13	482	63	419
PCT7536	TO	1594	815	0	1	22	792	104	688
PCT7537	ED	1472	302	0	0	7	295	41	254
PCT7537	MV	1472	438	0	0	8	430	50	380
PCT7537	TO	1472	740	0	0	15	725	91	634
PCT7539	ED	906	233	0	1	8	224	26	198
PCT7539	MV	906	279	0	0	5	274	36	238
PCT7539	TO	906	512	0	1	13	498	62	436
PCT7541	ED	769	136	0	0	1	135	26	109
PCT7541	MV	769	248	0	1	4	243	39	204
PCT7541	TO	769	384	0	1	5	378	65	313
PCT7543	ED	1718	252	0	0	7	245	44	201
PCT7543	MV	1718	549	0	0	13	536	89	447
PCT7543	TO	1718	801	0	0	20	781	133	648
PCT7544	ED	892	152	0	0	5	147	29	118
PCT7544	MV	892	283	0	0	8	275	42	233
PCT7544	TO	892	435	0	0	13	422	71	351
PCT7545	ED	877	139	0	0	3	136	26	110
PCT7545	MV	877	277	0	0	2	275	38	237
PCT7545	TO	877	416	0	0	5	411	64	347
PCT7546	ED	1900	340	0	1	8	331	45	286
PCT7546	MV	1900	672	0	0	15	657	73	584
PCT7546	TO	1900	1012	0	1	23	988	118	870
PCT7548	ED	1027	197	0	0	4	193	36	157
PCT7548	MV	1027	322	0	0	7	315	48	267
PCT7548	TO	1027	519	0	0	11	508	84	424
PCT7549	ED	799	135	0	0	5	130	14	116
PCT7549	MV	799	285	0	0	1	284	40	244
PCT7549	TO	799	420	0	0	6	414	54	360
PCT7552	ED	685	136	0	0	4	132	19	113
PCT7552	MV	685	213	0	0	3	210	21	189
PCT7552	TO	685	349	0	0	7	342	40	302
PCT7553	ED	182	1	0	0	0	1	0	1
PCT7553	MV	182	81	0	0	4	77	7	70
PCT7553	TO	182	82	0	0	4	78	7	71
PCT7554	ED	795	135	0	0	2	133	19	114
PCT7554	MV	795	313	0	0	8	305	37	268
PCT7554	TO	795	448	0	0	10	438	56	382
PCT7555	ED	1584	340	0	0	7	333	29	304
PCT7555	MV	1584	565	0	0	9	556	57	499
PCT7555	TO	1584	905	0	0	16	889	86	803
PCT7556	ED	958	147	0	0	8	139	13	126
PCT7556	MV	958	400	0	1	5	394	42	352
PCT7556	TO	958	547	0	1	13	533	55	478
PCT7601	ED	677	81	0	0	6	75	33	42
PCT7601	MV	677	150	0	1	4	145	45	100
PCT7601	TO	677	231	0	1	10	220	78	142
PCT7602	ED	1659	174	0	0	6	168	37	131
PCT7602	MV	1659	381	0	1	11	369	88	281
PCT7602	TO	1659	555	0	1	17	537	125	412
PCT7605	ED	1508	115	0	1	3	111	25	86
PCT7605	MV	1508	444	0	0	21	423	118	305
PCT7605	TO	1508	559	0	1	24	534	143	391
PCT7606	ED	887	75	0	0	1	74	24	50
PCT7606	MV	887	179	0	0	6	173	50	123
PCT7606	TO	887	254	0	0	7	247	74	173
PCT7607	ED	900	86	0	0	1	85	20	65
PCT7607	MV	900	236	0	0	9	227	71	156
PCT7607	TO	900	322	0	0	10	312	91	221
PCT7608	ED	1300	102	0	0	3	99	29	70
PCT7608	MV	1300	278	0	0	10	268	80	188
PCT7608	TO	1300	380	0	0	13	367	109	258
PCT7611	ED	763	65	0	0	3	62	21	41
PCT7611	MV	763	189	0	0	18	171	73	98
PCT7611	TO	763	254	0	0	21	233	94	139
PCT7613	ED	1421	139	0	0	7	132	37	95
PCT7613	MV	1421	374	0	1	9	364	97	267
PCT7613	TO	1421	513	0	1	16	496	134	362
PCT7614	ED	932	83	0	0	3	80	30	50
PCT7614	MV	932	188	0	0	3	185	63	122
PCT7614	TO	932	271	0	0	6	265	93	172
PCT7615	ED	745	61	0	0	6	55	18	37
PCT7615	MV	745	153	0	1	10	142	46	96
PCT7615	TO	745	214	0	1	16	197	64	133
PCT7616	ED	1246	90	0	0	2	88	19	69
PCT7616	MV	1246	350	0	1	5	344	98	246
PCT7616	TO	1246	440	0	1	7	432	117	315
PCT7617	ED	737	49	0	0	4	45	16	29
PCT7617	MV	737	197	0	1	14	182	63	119
PCT7617	TO	737	246	0	1	18	227	79	148
PCT7618	ED	873	82	0	0	1	81	21	60
PCT7618	MV	873	239	0	1	4	234	46	188
PCT7618	TO	873	321	0	1	5	315	67	248
PCT7619	ED	1055	89	0	0	4	85	15	70
PCT7619	MV	1055	300	0	0	6	294	78	216
PCT7619	TO	1055	389	0	0	10	379	93	286
PCT7621	ED	1064	89	0	0	1	88	22	66
PCT7621	MV	1064	290	0	0	7	283	67	216
PCT7621	TO	1064	379	0	0	8	371	89	282
PCT7622	ED	923	68	0	0	1	67	14	53
PCT7622	MV	923	157	0	0	3	154	51	103
PCT7622	TO	923	225	0	0	4	221	65	156
PCT7623	ED	965	81	0	0	1	80	24	56
PCT7623	MV	965	188	0	0	6	182	37	145
PCT7623	TO	965	269	0	0	7	262	61	201
PCT7624	ED	835	60	0	0	0	60	25	35
PCT7624	MV	835	175	0	0	9	166	53	113
PCT7624	TO	835	235	0	0	9	226	78	148
PCT7625	ED	809	40	0	0	1	39	14	25
PCT7625	MV	809	401	0	1	17	383	127	256
PCT7625	TO	809	441	0	1	18	422	141	281
PCT7626	ED	1037	61	0	0	0	61	12	49
PCT7626	MV	1037	298	0	0	5	293	66	227
PCT7626	TO	1037	359	0	0	5	354	78	276
PCT7628	ED	933	98	0	0	2	96	26	70
PCT7628	MV	933	233	0	0	1	232	57	175
PCT7628	TO	933	331	0	0	3	328	83	245
PCT7629	ED	847	73	0	0	3	70	14	56
PCT7629	MV	847	188	0	0	9	179	40	139
PCT7629	TO	847	261	0	0	12	249	54	195
PCT7632	ED	1112	94	0	0	0	94	22	72
PCT7632	MV	1112	258	0	0	6	252	65	187
PCT7632	TO	1112	352	0	0	6	346	87	259
PCT7633	ED	1902	153	0	0	6	147	38	109
PCT7633	MV	1902	516	0	0	13	503	111	392
PCT7633	TO	1902	669	0	0	19	650	149	501
PCT7634	ED	864	86	0	0	9	77	31	46
PCT7634	MV	864	254	0	0	6	248	68	180
PCT7634	TO	864	340	0	0	15	325	99	226
PCT7635	ED	821	60	0	0	1	59	9	50
PCT7635	MV	821	219	0	1	3	215	57	158
PCT7635	TO	821	279	0	1	4	274	66	208
PCT7636	ED	945	79	0	0	1	78	23	55
PCT7636	MV	945	233	0	0	4	229	52	177
PCT7636	TO	945	312	0	0	5	307	75	232
PCT7637	ED	841	56	0	0	0	56	16	40
PCT7637	MV	841	235	0	0	2	233	47	186
PCT7637	TO	841	291	0	0	2	289	63	226
PCT7638	ED	1467	89	0	0	3	86	29	57
PCT7638	MV	1467	461	0	0	11	450	80	370
PCT7638	TO	1467	550	0	0	14	536	109	427
PCT7639	ED	1935	136	0	0	3	133	22	111
PCT7639	MV	1935	596	0	0	13	583	109	474
PCT7639	TO	1935	732	0	0	16	716	131	585
PCT7642	ED	946	68	0	0	2	66	20	46
PCT7642	MV	946	207	0	0	7	200	59	141
PCT7642	TO	946	275	0	0	9	266	79	187
PCT7643	ED	927	86	0	0	3	83	18	65
PCT7643	MV	927	308	0	0	8	300	65	235
PCT7643	TO	927	394	0	0	11	383	83	300
PCT7644	ED	1111	87	0	0	1	86	24	62
PCT7644	MV	1111	249	0	0	3	246	37	209
PCT7644	TO	1111	336	0	0	4	332	61	271
PCT7645	ED	626	42	0	0	1	41	13	28
PCT7645	MV	626	218	0	0	6	212	43	169
PCT7645	TO	626	260	0	0	7	253	56	197
PCT7646	ED	1090	60	0	0	1	59	9	50
PCT7646	MV	1090	347	0	0	6	341	52	289
PCT7646	TO	1090	407	0	0	7	400	61	339
PCT7647	ED	968	55	0	0	1	54	14	40
PCT7647	MV	968	136	0	0	0	136	34	102
PCT7647	TO	968	191	0	0	1	190	48	142
PCT7648	ED	2	0	0	0	0	0	0	0
PCT7648	MV	2	0	0	0	0	0	0	0
PCT7648	TO	2	0	0	0	0	0	0	0
PCT7649	ED	888	58	0	0	2	56	16	40
PCT7649	MV	888	213	0	0	9	204	72	132
PCT7649	TO	888	271	0	0	11	260	88	172
PCT7651	ED	830	50	0	0	1	49	12	37
PCT7651	MV	830	207	0	0	3	204	51	153
PCT7651	TO	830	257	0	0	4	253	63	190
PCT7652	ED	596	48	0	0	1	47	13	34
PCT7652	MV	596	152	0	0	4	148	27	121
PCT7652	TO	596	200	0	0	5	195	40	155
PCT7653	ED	1373	79	0	0	0	79	19	60
PCT7653	MV	1373	367	0	0	8	359	58	301
PCT7653	TO	1373	446	0	0	8	438	77	361
PCT7655	ED	1150	62	0	0	2	60	11	49
PCT7655	MV	1150	270	0	0	9	261	49	212
PCT7655	TO	1150	332	0	0	11	321	60	261
PCT7701	ED	1035	139	0	0	1	138	16	122
PCT7701	MV	1035	372	0	0	8	364	53	311
PCT7701	TO	1035	511	0	0	9	502	69	433
PCT7703	ED	178	1	0	0	0	1	1	0
PCT7703	MV	178	55	0	0	7	48	15	33
PCT7703	TO	178	56	0	0	7	49	16	33
PCT7704	ED	1723	249	0	0	9	240	47	193
PCT7704	MV	1723	632	0	0	7	625	107	518
PCT7704	TO	1723	881	0	0	16	865	154	711
PCT7705	ED	570	91	0	0	1	90	8	82
PCT7705	MV	570	219	0	0	6	213	21	192
PCT7705	TO	570	310	0	0	7	303	29	274
PCT7706	ED	839	151	0	1	2	148	18	130
PCT7706	MV	839	337	0	0	7	330	52	278
PCT7706	TO	839	488	0	1	9	478	70	408
PCT7707	ED	861	139	0	0	1	138	29	109
PCT7707	MV	861	345	0	1	7	337	37	300
PCT7707	TO	861	484	0	1	8	475	66	409
PCT7708	ED	881	116	0	0	2	114	14	100
PCT7708	MV	881	359	0	0	9	350	54	296
PCT7708	TO	881	475	0	0	11	464	68	396
PCT7709	ED	395	75	0	0	1	74	6	68
PCT7709	MV	395	150	0	0	5	145	20	125
PCT7709	TO	395	225	0	0	6	219	26	193
PCT7712	ED	1308	198	0	0	5	193	14	179
PCT7712	MV	1308	454	0	1	13	440	72	368
PCT7712	TO	1308	652	0	1	18	633	86	547
PCT7801	ED	968	138	0	0	2	136	17	119
PCT7801	MV	968	367	0	0	5	362	60	302
PCT7801	TO	968	505	0	0	7	498	77	421
PCT7802	ED	788	131	0	0	0	131	14	117
PCT7802	MV	788	275	0	0	12	263	38	225
PCT7802	TO	788	406	0	0	12	394	52	342
PCT7803	ED	822	85	0	0	3	82	11	71
PCT7803	MV	822	373	0	0	8	365	68	297
PCT7803	TO	822	458	0	0	11	447	79	368
PCT7805	ED	1683	283	0	0	0	283	43	240
PCT7805	MV	1683	631	0	0	15	616	89	527
PCT7805	TO	1683	914	0	0	15	899	132	767
PCT7807	ED	796	155	0	0	1	154	27	127
PCT7807	MV	796	243	0	0	1	242	38	204
PCT7807	TO	796	398	0	0	2	396	65	331
PCT7808	ED	1377	243	0	0	8	235	36	199
PCT7808	MV	1377	462	0	0	5	457	56	401
PCT7808	TO	1377	705	0	0	13	692	92	600
PCT7809	ED	770	112	0	0	6	106	13	93
PCT7809	MV	770	249	0	1	2	246	35	211
PCT7809	TO	770	361	0	1	8	352	48	304
PCT7811	ED	726	126	0	0	0	126	21	105
PCT7811	MV	726	199	0	1	6	192	28	164
PCT7811	TO	726	325	0	1	6	318	49	269
PCT7812	ED	871	132	0	0	6	126	21	105
PCT7812	MV	871	286	0	0	5	281	52	229
PCT7812	TO	871	418	0	0	11	407	73	334
PCT7813	ED	1037	179	0	0	0	179	28	151
PCT7813	MV	1037	348	0	0	6	342	61	281
PCT7813	TO	1037	527	0	0	6	521	89	432
PCT7814	ED	887	122	0	0	1	121	30	91
PCT7814	MV	887	215	0	0	6	209	54	155
PCT7814	TO	887	337	0	0	7	330	84	246
PCT7815	ED	1779	231	0	0	2	229	28	201
PCT7815	MV	1779	661	0	0	6	655	105	550
PCT7815	TO	1779	892	0	0	8	884	133	751
PCT7817	ED	1641	291	0	0	7	284	40	244
PCT7817	MV	1641	588	0	0	11	577	79	498
PCT7817	TO	1641	879	0	0	18	861	119	742
PCT7819	ED	1585	230	0	0	6	224	38	186
PCT7819	MV	1585	499	0	0	21	478	75	403
PCT7819	TO	1585	729	0	0	27	702	113	589
PCT7821	ED	965	168	0	0	0	168	21	147
PCT7821	MV	965	371	0	0	6	365	36	329
PCT7821	TO	965	539	0	0	6	533	57	476
PCT7822	ED	1748	322	0	0	4	318	53	265
PCT7822	MV	1748	629	0	1	8	620	109	511
PCT7822	TO	1748	951	0	1	12	938	162	776
PCT7824	ED	1353	243	0	1	9	233	31	202
PCT7824	MV	1353	418	0	0	4	414	58	356
PCT7824	TO	1353	661	0	1	13	647	89	558
PCT7826	ED	661	139	0	0	1	138	23	115
PCT7826	MV	661	175	0	0	3	172	26	146
PCT7826	TO	661	314	0	0	4	310	49	261
PCT7828	ED	997	132	0	0	2	130	24	106
PCT7828	MV	997	327	0	0	6	321	57	264
PCT7828	TO	997	459	0	0	8	451	81	370
PCT7829	ED	884	134	0	0	2	132	19	113
PCT7829	MV	884	346	0	0	5	341	50	291
PCT7829	TO	884	480	0	0	7	473	69	404
PCT7832	ED	773	103	0	0	2	101	16	85
PCT7832	MV	773	290	0	0	7	283	52	231
PCT7832	TO	773	393	0	0	9	384	68	316
PCT7834	ED	1593	279	0	0	7	272	41	231
PCT7834	MV	1593	474	0	0	8	466	54	412
PCT7834	TO	1593	753	0	0	15	738	95	643
PCT7835	ED	847	97	0	0	0	97	13	84
PCT7835	MV	847	289	0	0	2	287	49	238
PCT7835	TO	847	386	0	0	2	384	62	322
PCT7836	ED	1011	131	0	0	3	128	23	105
PCT7836	MV	1011	378	0	0	8	370	74	296
PCT7836	TO	1011	509	0	0	11	498	97	401
PCT7837	ED	1784	281	0	0	2	279	32	247
PCT7837	MV	1784	675	0	0	10	665	82	583
PCT7837	TO	1784	956	0	0	12	944	114	830
PCT7839	ED	1718	238	0	0	4	234	29	205
PCT7839	MV	1718	681	0	0	15	666	76	590
PCT7839	TO	1718	919	0	0	19	900	105	795
PCT7841	ED	1778	331	0	0	4	327	38	289
PCT7841	MV	1778	566	0	0	12	554	82	472
PCT7841	TO	1778	897	0	0	16	881	120	761
PCT7843	ED	719	148	0	0	3	145	15	130
PCT7843	MV	719	226	0	0	9	217	34	183
PCT7843	TO	719	374	0	0	12	362	49	313
PCT7844	ED	630	105	0	0	4	101	19	82
PCT7844	MV	630	199	0	0	5	194	18	176
PCT7844	TO	630	304	0	0	9	295	37	258
PCT7845	ED	870	137	0	0	2	135	20	115
PCT7845	MV	870	298	0	0	6	292	36	256
PCT7845	TO	870	435	0	0	8	427	56	371
PCT7846	ED	888	122	0	0	2	120	16	104
PCT7846	MV	888	308	0	0	9	299	31	268
PCT7846	TO	888	430	0	0	11	419	47	372
PCT7847	ED	1718	274	0	0	2	272	38	234
PCT7847	MV	1718	593	0	1	8	584	70	514
PCT7847	TO	1718	867	0	1	10	856	108	748
PCT7849	ED	887	165	0	0	4	161	18	143
PCT7849	MV	887	314	0	1	2	311	43	268
PCT7849	TO	887	479	0	1	6	472	61	411
PCT7852	ED	1153	158	0	0	2	156	26	130
PCT7852	MV	1153	479	0	1	6	472	65	407
PCT7852	TO	1153	637	0	1	8	628	91	537
PCT7853	ED	1736	229	0	0	5	224	30	194
PCT7853	MV	1736	606	0	0	9	597	68	529
PCT7853	TO	1736	835	0	0	14	821	98	723
PCT7854	ED	866	127	0	0	0	127	10	117
PCT7854	MV	866	314	0	0	0	314	39	275
PCT7854	TO	866	441	0	0	0	441	49	392
PCT7855	ED	1775	307	0	0	5	302	34	268
PCT7855	MV	1775	600	0	0	11	589	76	513
PCT7855	TO	1775	907	0	0	16	891	110	781
PCT7858	ED	1646	251	0	0	7	244	34	210
PCT7858	MV	1646	530	0	0	14	516	86	430
PCT7858	TO	1646	781	0	0	21	760	120	640
PCT7861	ED	854	131	0	0	2	129	13	116
PCT7861	MV	854	310	0	0	6	304	43	261
PCT7861	TO	854	441	0	0	8	433	56	377
PCT7862	ED	857	155	0	0	0	155	22	133
PCT7862	MV	857	275	0	0	2	273	34	239
PCT7862	TO	857	430	0	0	2	428	56	372
PCT7863	ED	881	155	0	0	3	152	21	131
PCT7863	MV	881	264	0	0	4	260	31	229
PCT7863	TO	881	419	0	0	7	412	52	360
PCT7864	ED	804	127	0	0	0	127	9	118
PCT7864	MV	804	267	0	1	4	262	40	222
PCT7864	TO	804	394	0	1	4	389	49	340
PCT7866	ED	822	129	0	0	4	125	16	109
PCT7866	MV	822	357	0	1	6	350	54	296
PCT7866	TO	822	486	0	1	10	475	70	405
PCT7867	ED	969	149	0	0	5	144	22	122
PCT7867	MV	969	366	0	0	5	361	41	320
PCT7867	TO	969	515	0	0	10	505	63	442
PCT7868	ED	870	151	0	0	3	148	21	127
PCT7868	MV	870	268	0	0	6	262	43	219
PCT7868	TO	870	419	0	0	9	410	64	346
PCT7869	ED	863	146	0	0	1	145	18	127
PCT7869	MV	863	355	0	1	3	351	37	314
PCT7869	TO	863	501	0	1	4	496	55	441
PCT7871	ED	877	151	0	0	1	150	20	130
PCT7871	MV	877	303	0	0	6	297	31	266
PCT7871	TO	877	454	0	0	7	447	51	396
PCT7872	ED	863	157	0	0	0	157	18	139
PCT7872	MV	863	333	0	0	4	329	36	293
PCT7872	TO	863	490	0	0	4	486	54	432
PCT7873	ED	1688	279	0	2	5	272	25	247
PCT7873	MV	1688	618	0	0	11	607	77	530
PCT7873	TO	1688	897	0	2	16	879	102	777
PCT7874	ED	474	68	0	0	2	66	13	53
PCT7874	MV	474	143	0	0	1	142	26	116
PCT7874	TO	474	211	0	0	3	208	39	169
PCT7875	ED	624	82	0	0	1	81	12	69
PCT7875	MV	624	182	0	1	5	176	26	150
PCT7875	TO	624	264	0	1	6	257	38	219
PCT7876	ED	523	68	0	0	3	65	12	53
PCT7876	MV	523	182	0	0	5	177	33	144
PCT7876	TO	523	250	0	0	8	242	45	197
PCT7902	ED	1729	212	0	0	2	210	35	175
PCT7902	MV	1729	392	0	0	10	382	76	306
PCT7902	TO	1729	604	0	0	12	592	111	481
PCT7903	ED	826	112	0	0	3	109	29	80
PCT7903	MV	826	219	0	1	12	206	40	166
PCT7903	TO	826	331	0	1	15	315	69	246
PCT7905	ED	880	135	0	0	3	132	19	113
PCT7905	MV	880	262	0	0	7	255	53	202
PCT7905	TO	880	397	0	0	10	387	72	315
PCT7906	ED	757	104	0	0	2	102	23	79
PCT7906	MV	757	175	0	0	2	173	31	142
PCT7906	TO	757	279	0	0	4	275	54	221
PCT7908	ED	1907	266	0	0	4	262	51	211
PCT7908	MV	1907	515	0	0	16	499	105	394
PCT7908	TO	1907	781	0	0	20	761	156	605
PCT7909	ED	718	120	0	0	2	118	21	97
PCT7909	MV	718	199	0	0	1	198	19	179
PCT7909	TO	718	319	0	0	3	316	40	276
PCT7911	ED	845	122	0	0	3	119	21	98
PCT7911	MV	845	197	0	0	5	192	37	155
PCT7911	TO	845	319	0	0	8	311	58	253
PCT7912	ED	1940	320	0	0	6	314	52	262
PCT7912	MV	1940	489	0	0	9	480	94	386
PCT7912	TO	1940	809	0	0	15	794	146	648
PCT7915	ED	1692	283	0	0	5	278	48	230
PCT7915	MV	1692	427	0	1	5	421	57	364
PCT7915	TO	1692	710	0	1	10	699	105	594
PCT7916	ED	842	145	0	0	1	144	22	122
PCT7916	MV	842	238	0	0	4	234	38	196
PCT7916	TO	842	383	0	0	5	378	60	318
PCT7917	ED	1823	298	0	1	10	287	35	252
PCT7917	MV	1823	460	0	0	4	456	89	367
PCT7917	TO	1823	758	0	1	14	743	124	619
PCT7918	ED	798	129	0	0	5	124	15	109
PCT7918	MV	798	194	0	0	1	193	30	163
PCT7918	TO	798	323	0	0	6	317	45	272
PCT7921	ED	1729	220	0	0	5	215	43	172
PCT7921	MV	1729	437	0	0	6	431	85	346
PCT7921	TO	1729	657	0	0	11	646	128	518
PCT7923	ED	1708	233	0	0	1	232	28	204
PCT7923	MV	1708	433	0	0	14	419	78	341
PCT7923	TO	1708	666	0	0	15	651	106	545
PCT7925	ED	530	74	0	0	3	71	13	58
PCT7925	MV	530	165	0	0	4	161	24	137
PCT7925	TO	530	239	0	0	7	232	37	195
PCT7926	ED	783	143	0	0	0	143	17	126
PCT7926	MV	783	233	0	0	2	231	39	192
PCT7926	TO	783	376	0	0	2	374	56	318
PCT7928	ED	1661	310	0	1	7	302	35	267
PCT7928	MV	1661	533	0	2	9	522	54	468
PCT7928	TO	1661	843	0	3	16	824	89	735
PCT7929	ED	830	151	0	0	6	145	16	129
PCT7929	MV	830	311	0	0	4	307	33	274
PCT7929	TO	830	462	0	0	10	452	49	403
PCT7931	ED	742	116	0	0	1	115	9	106
PCT7931	MV	742	284	0	0	4	280	24	256
PCT7931	TO	742	400	0	0	5	395	33	362
PCT7932	ED	547	84	0	0	1	83	7	76
PCT7932	MV	547	177	0	0	2	175	27	148
PCT7932	TO	547	261	0	0	3	258	34	224
PCT7933	ED	7	0	0	0	0	0	0	0
PCT7933	MV	7	4	0	0	0	4	0	4
PCT7933	TO	7	4	0	0	0	4	0	4
PCT7934	ED	866	125	0	0	3	122	15	107
PCT7934	MV	866	304	0	1	6	297	31	266
PCT7934	TO	866	429	0	1	9	419	46	373
PCT7935	ED	927	173	0	0	2	171	14	157
PCT7935	MV	927	311	0	0	6	305	18	287
PCT7935	TO	927	484	0	0	8	476	32	444
PCT7936	ED	1508	340	0	0	5	335	36	299
PCT7936	MV	1508	452	0	0	6	446	57	389
PCT7936	TO	1508	792	0	0	11	781	93	688
PCT7937	ED	899	155	0	0	2	153	21	132
PCT7937	MV	899	300	0	0	4	296	39	257
PCT7937	TO	899	455	0	0	6	449	60	389
PCT7938	ED	758	114	0	0	3	111	21	90
PCT7938	MV	758	203	0	0	3	200	48	152
PCT7938	TO	758	317	0	0	6	311	69	242
PCT7941	ED	752	117	0	0	0	117	16	101
PCT7941	MV	752	224	0	0	5	219	30	189
PCT7941	TO	752	341	0	0	5	336	46	290
PCT7942	ED	923	93	0	0	4	89	20	69
PCT7942	MV	923	270	0	0	6	264	49	215
PCT7942	TO	923	363	0	0	10	353	69	284
PCT7943	ED	1675	262	0	1	7	254	33	221
PCT7943	MV	1675	514	0	0	7	507	80	427
PCT7943	TO	1675	776	0	1	14	761	113	648
PCT7945	ED	940	66	0	0	1	65	13	52
PCT7945	MV	940	264	0	0	6	258	49	209
PCT7945	TO	940	330	0	0	7	323	62	261
PCT7946	ED	1553	132	0	0	2	130	25	105
PCT7946	MV	1553	468	0	0	14	454	116	338
PCT7946	TO	1553	600	0	0	16	584	141	443
PCT7947	ED	960	71	0	0	5	66	20	46
PCT7947	MV	960	290	0	0	3	287	96	191
PCT7947	TO	960	361	0	0	8	353	116	237
PCT7948	ED	918	94	0	1	1	92	20	72
PCT7948	MV	918	291	0	1	8	282	53	229
PCT7948	TO	918	385	0	2	9	374	73	301
PCT7951	ED	1818	137	0	0	3	134	27	107
PCT7951	MV	1818	588	0	1	22	565	127	438
PCT7951	TO	1818	725	0	1	25	699	154	545
PCT7953	ED	824	83	0	0	0	83	19	64
PCT7953	MV	824	246	0	0	2	244	57	187
PCT7953	TO	824	329	0	0	2	327	76	251
PCT7954	ED	1	0	0	0	0	0	0	0
PCT7954	MV	1	1	0	0	0	1	0	1
PCT7954	TO	1	1	0	0	0	1	0	1
PCT7956	ED	1759	120	0	0	4	116	42	74
PCT7956	MV	1759	463	0	1	19	443	120	323
PCT7956	TO	1759	583	0	1	23	559	162	397
PCT7957	ED	665	74	0	0	3	71	19	52
PCT7957	MV	665	209	0	0	4	205	51	154
PCT7957	TO	665	283	0	0	7	276	70	206
PCT7958	ED	301	6	0	0	0	6	2	4
PCT7958	MV	301	91	0	0	1	90	17	73
PCT7958	TO	301	97	0	0	1	96	19	77
PCT7959	ED	1198	127	0	0	2	125	37	88
PCT7959	MV	1198	280	0	0	6	274	58	216
PCT7959	TO	1198	407	0	0	8	399	95	304
PCT9001	ED	286	3	0	0	0	3	1	2
PCT9001	MV	286	91	0	0	0	91	27	64
PCT9001	TO	286	94	0	0	0	94	28	66
PCT9103	ED	946	125	0	0	2	123	21	102
PCT9103	MV	946	255	0	0	8	247	48	199
PCT9103	TO	946	380	0	0	10	370	69	301
PCT9104	ED	993	100	0	0	5	95	11	84
PCT9104	MV	993	293	0	0	8	285	62	223
PCT9104	TO	993	393	0	0	13	380	73	307
PCT9105	ED	1747	223	0	1	1	221	33	188
PCT9105	MV	1747	514	0	0	8	506	81	425
PCT9105	TO	1747	737	0	1	9	727	114	613
PCT9106	ED	935	135	0	0	4	131	15	116
PCT9106	MV	935	296	0	0	9	287	29	258
PCT9106	TO	935	431	0	0	13	418	44	374
PCT9109	ED	1651	245	0	0	4	241	42	199
PCT9109	MV	1651	438	0	0	12	426	63	363
PCT9109	TO	1651	683	0	0	16	667	105	562
PCT9111	ED	809	105	0	0	4	101	22	79
PCT9111	MV	809	210	0	0	6	204	39	165
PCT9111	TO	809	315	0	0	10	305	61	244
PCT9113	ED	997	164	0	0	3	161	23	138
PCT9113	MV	997	317	0	0	8	309	59	250
PCT9113	TO	997	481	0	0	11	470	82	388
PCT9114	ED	1806	237	0	0	3	234	36	198
PCT9114	MV	1806	521	0	0	9	512	103	409
PCT9114	TO	1806	758	0	0	12	746	139	607
PCT9116	ED	1822	251	0	0	10	241	28	213
PCT9116	MV	1822	509	0	1	8	500	90	410
PCT9116	TO	1822	760	0	1	18	741	118	623
PCT9117	ED	1691	254	0	0	7	247	35	212
PCT9117	MV	1691	533	0	0	12	521	104	417
PCT9117	TO	1691	787	0	0	19	768	139	629
PCT9118	ED	1938	229	0	0	7	222	36	186
PCT9118	MV	1938	535	0	1	9	525	117	408
PCT9118	TO	1938	764	0	1	16	747	153	594
PCT9119	ED	899	91	0	0	1	90	17	73
PCT9119	MV	899	302	0	1	7	294	51	243
PCT9119	TO	899	393	0	1	8	384	68	316
PCT9122	ED	1865	190	0	0	8	182	33	149
PCT9122	MV	1865	537	0	0	11	526	98	428
PCT9122	TO	1865	727	0	0	19	708	131	577
PCT9124	ED	1843	218	0	0	2	216	27	189
PCT9124	MV	1843	542	0	0	4	538	113	425
PCT9124	TO	1843	760	0	0	6	754	140	614
PCT9125	ED	879	97	0	0	3	94	13	81
PCT9125	MV	879	267	0	0	5	262	37	225
PCT9125	TO	879	364	0	0	8	356	50	306
PCT9127	ED	1974	273	0	0	5	268	38	230
PCT9127	MV	1974	633	0	0	9	624	134	490
PCT9127	TO	1974	906	0	0	14	892	172	720
PCT9128	ED	814	125	0	0	5	120	16	104
PCT9128	MV	814	267	0	0	1	266	54	212
PCT9128	TO	814	392	0	0	6	386	70	316
PCT9129	ED	1459	176	0	0	6	170	27	143
PCT9129	MV	1459	461	0	1	7	453	82	371
PCT9129	TO	1459	637	0	1	13	623	109	514
PCT9132	ED	805	105	0	1	4	100	15	85
PCT9132	MV	805	221	0	0	3	218	45	173
PCT9132	TO	805	326	0	1	7	318	60	258
PCT9133	ED	1984	271	0	0	4	267	46	221
PCT9133	MV	1984	596	0	0	16	580	98	482
PCT9133	TO	1984	867	0	0	20	847	144	703
PCT9134	ED	891	87	0	0	1	86	19	67
PCT9134	MV	891	246	0	0	7	239	46	193
PCT9134	TO	891	333	0	0	8	325	65	260
PCT9135	ED	802	114	0	0	4	110	30	80
PCT9135	MV	802	231	0	0	5	226	53	173
PCT9135	TO	802	345	0	0	9	336	83	253
PCT9136	ED	900	119	0	0	0	119	32	87
PCT9136	MV	900	251	0	1	8	242	46	196
PCT9136	TO	900	370	0	1	8	361	78	283
PCT9137	ED	999	115	0	0	4	111	19	92
PCT9137	MV	999	279	0	0	2	277	62	215
PCT9137	TO	999	394	0	0	6	388	81	307
PCT9138	ED	929	101	0	0	2	99	18	81
PCT9138	MV	929	283	0	0	6	277	44	233
PCT9138	TO	929	384	0	0	8	376	62	314
PCT9139	ED	986	105	0	0	4	101	13	88
PCT9139	MV	986	341	0	0	6	335	61	274
PCT9139	TO	986	446	0	0	10	436	74	362
PCT9141	ED	1803	231	0	0	4	227	36	191
PCT9141	MV	1803	549	0	0	13	536	100	436
PCT9141	TO	1803	780	0	0	17	763	136	627
PCT9143	ED	895	120	0	0	2	118	18	100
PCT9143	MV	895	281	0	0	6	275	56	219
PCT9143	TO	895	401	0	0	8	393	74	319
PCT9144	ED	958	141	0	0	1	140	15	125
PCT9144	MV	958	289	0	0	9	280	41	239
PCT9144	TO	958	430	0	0	10	420	56	364
PCT9145	ED	851	124	0	0	4	120	15	105
PCT9145	MV	851	275	0	0	3	272	34	238
PCT9145	TO	851	399	0	0	7	392	49	343
PCT9146	ED	1837	275	0	0	5	270	33	237
PCT9146	MV	1837	558	0	0	16	542	90	452
PCT9146	TO	1837	833	0	0	21	812	123	689
PCT9149	ED	957	150	0	0	3	147	25	122
PCT9149	MV	957	277	0	0	5	272	57	215
PCT9149	TO	957	427	0	0	8	419	82	337
PCT9152	ED	1630	167	0	0	4	163	25	138
PCT9152	MV	1630	400	0	0	7	393	70	323
PCT9152	TO	1630	567	0	0	11	556	95	461
PCT9201	ED	950	111	0	0	1	110	10	100
PCT9201	MV	950	209	0	0	3	206	31	175
PCT9201	TO	950	320	0	0	4	316	41	275
PCT9202	ED	977	116	0	0	3	113	21	92
PCT9202	MV	977	205	0	0	2	203	32	171
PCT9202	TO	977	321	0	0	5	316	53	263
PCT9203	ED	984	78	0	0	1	77	11	66
PCT9203	MV	984	250	0	0	11	239	37	202
PCT9203	TO	984	328	0	0	12	316	48	268
PCT9204	ED	855	109	0	0	5	104	18	86
PCT9204	MV	855	208	0	0	8	200	36	164
PCT9204	TO	855	317	0	0	13	304	54	250
PCT9205	ED	1484	141	0	0	4	137	32	105
PCT9205	MV	1484	355	0	2	9	344	63	281
PCT9205	TO	1484	496	0	2	13	481	95	386
PCT9208	ED	1935	178	0	0	2	176	29	147
PCT9208	MV	1935	484	0	0	15	469	89	380
PCT9208	TO	1935	662	0	0	17	645	118	527
PCT9209	ED	742	84	0	0	0	84	13	71
PCT9209	MV	742	178	0	0	4	174	31	143
PCT9209	TO	742	262	0	0	4	258	44	214
PCT9211	ED	1788	166	0	0	5	161	30	131
PCT9211	MV	1788	468	0	1	12	455	90	365
PCT9211	TO	1788	634	0	1	17	616	120	496
PCT9213	ED	927	85	0	0	0	85	16	69
PCT9213	MV	927	244	0	0	8	236	42	194
PCT9213	TO	927	329	0	0	8	321	58	263
PCT9214	ED	633	66	0	0	0	66	17	49
PCT9214	MV	633	178	0	0	1	177	32	145
PCT9214	TO	633	244	0	0	1	243	49	194
PCT9215	ED	641	79	0	0	0	79	18	61
PCT9215	MV	641	171	0	0	9	162	15	147
PCT9215	TO	641	250	0	0	9	241	33	208
PCT9216	ED	818	82	0	0	0	82	18	64
PCT9216	MV	818	171	0	0	3	168	28	140
PCT9216	TO	818	253	0	0	3	250	46	204
PCT9217	ED	704	65	0	0	2	63	12	51
PCT9217	MV	704	163	0	1	0	162	38	124
PCT9217	TO	704	228	0	1	2	225	50	175
PCT9218	ED	805	87	0	0	2	85	15	70
PCT9218	MV	805	200	0	0	3	197	37	160
PCT9218	TO	805	287	0	0	5	282	52	230
PCT9219	ED	1727	186	0	1	2	183	37	146
PCT9219	MV	1727	383	0	0	4	379	76	303
PCT9219	TO	1727	569	0	1	6	562	113	449
PCT9221	ED	638	73	0	0	1	72	3	69
PCT9221	MV	638	244	0	0	5	239	36	203
PCT9221	TO	638	317	0	0	6	311	39	272
PCT9222	ED	886	91	0	0	3	88	14	74
PCT9222	MV	886	262	0	0	18	244	35	209
PCT9222	TO	886	353	0	0	21	332	49	283
PCT9223	ED	651	53	0	0	1	52	14	38
PCT9223	MV	651	188	0	0	10	178	22	156
PCT9223	TO	651	241	0	0	11	230	36	194
PCT9224	ED	928	107	0	0	3	104	22	82
PCT9224	MV	928	270	0	0	1	269	49	220
PCT9224	TO	928	377	0	0	4	373	71	302
PCT9226	ED	892	85	0	0	0	85	17	68
PCT9226	MV	892	233	0	0	4	229	42	187
PCT9226	TO	892	318	0	0	4	314	59	255
PCT9227	ED	713	83	0	0	1	82	7	75
PCT9227	MV	713	292	0	0	5	287	30	257
PCT9227	TO	713	375	0	0	6	369	37	332
PCT9228	ED	740	89	0	0	1	88	8	80
PCT9228	MV	740	240	0	1	3	236	34	202
PCT9228	TO	740	329	0	1	4	324	42	282
PCT9229	ED	574	93	0	0	0	93	12	81
PCT9229	MV	574	190	0	0	2	188	16	172
PCT9229	TO	574	283	0	0	2	281	28	253
PCT9231	ED	954	157	0	0	6	151	13	138
PCT9231	MV	954	272	0	0	1	271	38	233
PCT9231	TO	954	429	0	0	7	422	51	371
PCT9232	ED	716	92	0	0	1	91	9	82
PCT9232	MV	716	238	0	0	2	236	30	206
PCT9232	TO	716	330	0	0	3	327	39	288
PCT9233	ED	814	77	0	0	0	77	9	68
PCT9233	MV	814	260	0	1	4	255	32	223
PCT9233	TO	814	337	0	1	4	332	41	291
PCT9234	ED	747	84	0	0	2	82	10	72
PCT9234	MV	747	216	0	0	5	211	23	188
PCT9234	TO	747	300	0	0	7	293	33	260
PCT9235	ED	1439	164	0	1	2	161	14	147
PCT9235	MV	1439	443	0	0	9	434	47	387
PCT9235	TO	1439	607	0	1	11	595	61	534
PCT9236	ED	659	65	0	0	0	65	8	57
PCT9236	MV	659	204	0	0	4	200	29	171
PCT9236	TO	659	269	0	0	4	265	37	228
PCT9237	ED	874	86	0	0	0	86	18	68
PCT9237	MV	874	266	0	0	11	255	28	227
PCT9237	TO	874	352	0	0	11	341	46	295
PCT9238	ED	1769	161	0	0	3	158	28	130
PCT9238	MV	1769	526	0	1	8	517	87	430
PCT9238	TO	1769	687	0	1	11	675	115	560
PCT9239	ED	866	78	0	0	2	76	14	62
PCT9239	MV	866	288	0	1	11	276	49	227
PCT9239	TO	866	366	0	1	13	352	63	289
PCT9241	ED	968	95	0	0	2	93	13	80
PCT9241	MV	968	282	0	0	6	276	56	220
PCT9241	TO	968	377	0	0	8	369	69	300
PCT9242	ED	1845	158	0	0	1	157	34	123
PCT9242	MV	1845	509	0	1	9	499	84	415
PCT9242	TO	1845	667	0	1	10	656	118	538
PCT9244	ED	881	99	0	0	2	97	15	82
PCT9244	MV	881	226	0	0	9	217	33	184
PCT9244	TO	881	325	0	0	11	314	48	266
PCT9245	ED	1081	131	0	0	5	126	23	103
PCT9245	MV	1081	278	0	0	3	275	39	236
PCT9245	TO	1081	409	0	0	8	401	62	339
PCT9248	ED	870	88	0	0	2	86	21	65
PCT9248	MV	870	243	0	0	7	236	42	194
PCT9248	TO	870	331	0	0	9	322	63	259
PCT9251	ED	1887	283	0	1	5	277	46	231
PCT9251	MV	1887	559	0	0	11	548	84	464
PCT9251	TO	1887	842	0	1	16	825	130	695
PCT9252	ED	918	83	0	0	1	82	13	69
PCT9252	MV	918	286	0	0	1	285	48	237
PCT9252	TO	918	369	0	0	2	367	61	306
PCT9253	ED	752	103	0	0	2	101	18	83
PCT9253	MV	752	238	0	0	7	231	42	189
PCT9253	TO	752	341	0	0	9	332	60	272
PCT9255	ED	1236	168	0	0	4	164	25	139
PCT9255	MV	1236	351	0	0	3	348	46	302
PCT9255	TO	1236	519	0	0	7	512	71	441
PCT9256	ED	1373	150	0	0	1	149	20	129
PCT9256	MV	1373	408	0	0	9	399	59	340
PCT9256	TO	1373	558	0	0	10	548	79	469
PCT9257	ED	311	3	0	0	0	3	1	2
PCT9257	MV	311	124	0	0	2	122	24	98
PCT9257	TO	311	127	0	0	2	125	25	100
PCT9401	ED	1015	159	0	0	4	155	25	130
PCT9401	MV	1015	259	0	0	4	255	39	216
PCT9401	TO	1015	418	0	0	8	410	64	346
PCT9402	ED	988	148	0	1	4	143	27	116
PCT9402	MV	988	287	0	1	12	274	51	223
PCT9402	TO	988	435	0	2	16	417	78	339
PCT9404	ED	1814	207	0	0	5	202	34	168
PCT9404	MV	1814	502	0	0	10	492	95	397
PCT9404	TO	1814	709	0	0	15	694	129	565
PCT9405	ED	770	113	0	0	0	113	17	96
PCT9405	MV	770	224	0	0	6	218	48	170
PCT9405	TO	770	337	0	0	6	331	65	266
PCT9406	ED	873	133	0	0	5	128	18	110
PCT9406	MV	873	225	0	0	7	218	39	179
PCT9406	TO	873	358	0	0	12	346	57	289
PCT9407	ED	887	126	0	0	11	115	13	102
PCT9407	MV	887	242	0	0	12	230	41	189
PCT9407	TO	887	368	0	0	23	345	54	291
PCT9408	ED	834	129	0	0	6	123	26	97
PCT9408	MV	834	204	0	0	4	200	38	162
PCT9408	TO	834	333	0	0	10	323	64	259
PCT9409	ED	591	105	0	0	3	102	16	86
PCT9409	MV	591	133	0	0	7	126	26	100
PCT9409	TO	591	238	0	0	10	228	42	186
PCT9411	ED	1842	255	0	0	4	251	44	207
PCT9411	MV	1842	523	0	0	11	512	111	401
PCT9411	TO	1842	778	0	0	15	763	155	608
PCT9413	ED	920	102	0	0	1	101	11	90
PCT9413	MV	920	281	0	0	12	269	45	224
PCT9413	TO	920	383	0	0	13	370	56	314
PCT9415	ED	779	79	0	0	1	78	11	67
PCT9415	MV	779	255	0	0	6	249	55	194
PCT9415	TO	779	334	0	0	7	327	66	261
PCT9416	ED	988	152	0	0	5	147	24	123
PCT9416	MV	988	279	0	0	8	271	62	209
PCT9416	TO	988	431	0	0	13	418	86	332
PCT9418	ED	1561	201	0	1	6	194	38	156
PCT9418	MV	1561	514	0	0	8	506	102	404
PCT9418	TO	1561	715	0	1	14	700	140	560
PCT9419	ED	1790	174	0	0	2	172	32	140
PCT9419	MV	1790	586	0	0	20	566	108	458
PCT9419	TO	1790	760	0	0	22	738	140	598
PCT9421	ED	917	94	0	0	2	92	20	72
PCT9421	MV	917	283	0	0	4	279	51	228
PCT9421	TO	917	377	0	0	6	371	71	300
PCT9422	ED	1068	138	0	0	2	136	27	109
PCT9422	MV	1068	330	0	0	9	321	63	258
PCT9422	TO	1068	468	0	0	11	457	90	367
PCT9423	ED	906	88	0	0	3	85	10	75
PCT9423	MV	906	264	0	0	9	255	49	206
PCT9423	TO	906	352	0	0	12	340	59	281
PCT9424	ED	1949	182	0	0	8	174	33	141
PCT9424	MV	1949	637	0	0	10	627	110	517
PCT9424	TO	1949	819	0	0	18	801	143	658
PCT9426	ED	832	83	0	0	3	80	13	67
PCT9426	MV	832	264	0	1	4	259	42	217
PCT9426	TO	832	347	0	1	7	339	55	284
PCT9427	ED	964	116	0	0	1	115	20	95
PCT9427	MV	964	285	0	0	11	274	58	216
PCT9427	TO	964	401	0	0	12	389	78	311
PCT9431	ED	1914	218	0	0	2	216	37	179
PCT9431	MV	1914	588	0	1	7	580	130	450
PCT9431	TO	1914	806	0	1	9	796	167	629
PCT9432	ED	943	100	0	0	1	99	16	83
PCT9432	MV	943	268	0	0	3	265	48	217
PCT9432	TO	943	368	0	0	4	364	64	300
PCT9433	ED	1923	152	0	0	2	150	29	121
PCT9433	MV	1923	609	0	0	23	586	124	462
PCT9433	TO	1923	761	0	0	25	736	153	583
PCT9434	ED	982	118	0	0	0	118	20	98
PCT9434	MV	982	297	0	0	10	287	44	243
PCT9434	TO	982	415	0	0	10	405	64	341
PCT9436	ED	1057	123	0	0	4	119	32	87
PCT9436	MV	1057	325	0	0	3	322	61	261
PCT9436	TO	1057	448	0	0	7	441	93	348
PCT9437	ED	908	95	0	0	1	94	16	78
PCT9437	MV	908	281	0	0	9	272	49	223
PCT9437	TO	908	376	0	0	10	366	65	301
PCT9439	ED	1863	163	0	0	2	161	36	125
PCT9439	MV	1863	598	0	1	17	580	112	468
PCT9439	TO	1863	761	0	1	19	741	148	593
PCT9441	ED	985	118	0	0	4	114	16	98
PCT9441	MV	985	316	0	0	8	308	66	242
PCT9441	TO	985	434	0	0	12	422	82	340
PCT9442	ED	2015	249	0	0	8	241	50	191
PCT9442	MV	2015	565	0	0	7	558	115	443
PCT9442	TO	2015	814	0	0	15	799	165	634
PCT9443	ED	1908	176	0	0	4	172	31	141
PCT9443	MV	1908	561	0	0	17	544	116	428
PCT9443	TO	1908	737	0	0	21	716	147	569
PCT9445	ED	971	92	0	0	2	90	24	66
PCT9445	MV	971	306	0	0	8	298	55	243
PCT9445	TO	971	398	0	0	10	388	79	309
PCT9446	ED	1940	230	0	0	6	224	47	177
PCT9446	MV	1940	621	0	1	14	606	96	510
PCT9446	TO	1940	851	0	1	20	830	143	687
PCT9447	ED	889	122	0	0	3	119	24	95
PCT9447	MV	889	275	0	0	5	270	48	222
PCT9447	TO	889	397	0	0	8	389	72	317
PCT9448	ED	936	105	0	0	1	104	19	85
PCT9448	MV	936	265	0	0	4	261	53	208
PCT9448	TO	936	370	0	0	5	365	72	293
PCT9449	ED	862	86	0	0	1	85	14	71
PCT9449	MV	862	274	0	0	7	267	54	213
PCT9449	TO	862	360	0	0	8	352	68	284
PCT9451	ED	437	41	0	0	0	41	11	30
PCT9451	MV	437	144	0	0	2	142	30	112
PCT9451	TO	437	185	0	0	2	183	41	142
PCT9453	ED	520	57	0	0	1	56	3	53
PCT9453	MV	520	166	0	0	6	160	24	136
PCT9453	TO	520	223	0	0	7	216	27	189
PCT9501	ED	147	2	0	0	0	2	1	1
PCT9501	MV	147	69	0	0	1	68	13	55
PCT9501	TO	147	71	0	0	1	70	14	56
PCT9502	ED	253	5	0	0	0	5	1	4
PCT9502	MV	253	104	0	0	2	102	20	82
PCT9502	TO	253	109	0	0	2	107	21	86
PCT9503	ED	667	86	0	0	3	83	19	64
PCT9503	MV	667	175	0	0	5	170	31	139
PCT9503	TO	667	261	0	0	8	253	50	203
PCT9505	ED	760	115	0	0	3	112	26	86
PCT9505	MV	760	246	0	0	6	240	42	198
PCT9505	TO	760	361	0	0	9	352	68	284
PCT9506	ED	750	95	0	0	4	91	22	69
PCT9506	MV	750	186	0	0	3	183	30	153
PCT9506	TO	750	281	0	0	7	274	52	222
PCT9507	ED	713	122	0	0	3	119	16	103
PCT9507	MV	713	210	0	0	7	203	19	184
PCT9507	TO	713	332	0	0	10	322	35	287
PCT9511	ED	1314	228	0	0	8	220	35	185
PCT9511	MV	1314	382	0	0	16	366	50	316
PCT9511	TO	1314	610	0	0	24	586	85	501
PCT9512	ED	1544	231	0	0	3	228	38	190
PCT9512	MV	1544	489	0	1	8	480	66	414
PCT9512	TO	1544	720	0	1	11	708	104	604
PCT9513	ED	872	161	0	0	1	160	27	133
PCT9513	MV	872	243	0	0	3	240	39	201
PCT9513	TO	872	404	0	0	4	400	66	334
PCT9514	ED	888	157	0	0	3	154	20	134
PCT9514	MV	888	270	0	1	5	264	34	230
PCT9514	TO	888	427	0	1	8	418	54	364
PCT9516	ED	1579	275	0	0	7	268	35	233
PCT9516	MV	1579	486	0	0	10	476	86	390
PCT9516	TO	1579	761	0	0	17	744	121	623
PCT9517	ED	1554	252	0	0	5	247	36	211
PCT9517	MV	1554	484	0	0	10	474	56	418
PCT9517	TO	1554	736	0	0	15	721	92	629
PCT9519	ED	882	148	0	0	0	148	16	132
PCT9519	MV	882	305	0	1	6	298	36	262
PCT9519	TO	882	453	0	1	6	446	52	394
PCT9521	ED	870	182	0	0	3	179	17	162
PCT9521	MV	870	295	0	0	6	289	38	251
PCT9521	TO	870	477	0	0	9	468	55	413
PCT9701	ED	652	122	0	0	2	120	18	102
PCT9701	MV	652	183	0	0	3	180	42	138
PCT9701	TO	652	305	0	0	5	300	60	240
PCT9702	ED	709	121	0	0	2	119	8	111
PCT9702	MV	709	210	0	0	7	203	19	184
PCT9702	TO	709	331	0	0	9	322	27	295
PCT9703	ED	981	120	0	0	2	118	26	92
PCT9703	MV	981	330	0	0	5	325	46	279
PCT9703	TO	981	450	0	0	7	443	72	371
PCT9704	ED	946	133	0	0	1	132	11	121
PCT9704	MV	946	337	0	0	6	331	42	289
PCT9704	TO	946	470	0	0	7	463	53	410
PCT9705	ED	1865	274	0	0	6	268	29	239
PCT9705	MV	1865	610	0	0	9	601	82	519
PCT9705	TO	1865	884	0	0	15	869	111	758
PCT9706	ED	48	0	0	0	0	0	0	0
PCT9706	MV	48	20	0	0	0	20	2	18
PCT9706	TO	48	20	0	0	0	20	2	18
PCT9709	ED	1021	108	0	0	1	107	16	91
PCT9709	MV	1021	338	0	1	6	331	54	277
PCT9709	TO	1021	446	0	1	7	438	70	368
PCT9711	ED	1433	222	0	0	4	218	37	181
PCT9711	MV	1433	529	0	0	13	516	78	438
PCT9711	TO	1433	751	0	0	17	734	115	619
PCT9712	ED	1237	190	0	0	3	187	19	168
PCT9712	MV	1237	463	0	0	11	452	71	381
PCT9712	TO	1237	653	0	0	14	639	90	549
PCT9716	ED	951	134	0	0	4	130	17	113
PCT9716	MV	951	324	0	0	6	318	54	264
PCT9716	TO	951	458	0	0	10	448	71	377
PCT9717	ED	1917	224	0	0	5	219	34	185
PCT9717	MV	1917	611	0	0	6	605	89	516
PCT9717	TO	1917	835	0	0	11	824	123	701
PCT9718	ED	1833	277	0	0	4	273	40	233
PCT9718	MV	1833	703	0	2	17	684	118	566
PCT9718	TO	1833	980	0	2	21	957	158	799
PCT9719	ED	910	135	0	0	3	132	19	113
PCT9719	MV	910	349	0	0	9	340	54	286
PCT9719	TO	910	484	0	0	12	472	73	399
PCT9721	ED	660	128	0	0	2	126	27	99
PCT9721	MV	660	251	0	0	6	245	41	204
PCT9721	TO	660	379	0	0	8	371	68	303
PCT9722	ED	587	70	0	1	1	68	9	59
PCT9722	MV	587	245	0	0	3	242	37	205
PCT9722	TO	587	315	0	1	4	310	46	264
PCT9723	ED	505	38	0	0	0	38	5	33
PCT9723	MV	505	186	0	0	4	182	25	157
PCT9723	TO	505	224	0	0	4	220	30	190
PCT9724	ED	1003	100	0	0	0	100	22	78
PCT9724	MV	1003	380	0	0	6	374	89	285
PCT9724	TO	1003	480	0	0	6	474	111	363
PCT9725	ED	965	88	0	0	6	82	16	66
PCT9725	MV	965	325	0	0	16	309	58	251
PCT9725	TO	965	413	0	0	22	391	74	317
PCT9726	ED	621	74	0	0	1	73	17	56
PCT9726	MV	621	127	0	0	6	121	24	97
PCT9726	TO	621	201	0	0	7	194	41	153
PCT9727	ED	453	51	0	0	1	50	8	42
PCT9727	MV	453	163	0	1	7	155	28	127
PCT9727	TO	453	214	0	1	8	205	36	169
PCT9728	ED	1829	272	0	0	6	266	52	214
PCT9728	MV	1829	616	0	1	10	605	104	501
PCT9728	TO	1829	888	0	1	16	871	156	715
PCT9729	ED	809	105	0	0	0	105	18	87
PCT9729	MV	809	316	0	0	4	312	40	272
PCT9729	TO	809	421	0	0	4	417	58	359
PCT9731	ED	572	77	0	0	1	76	7	69
PCT9731	MV	572	190	0	0	5	185	34	151
PCT9731	TO	572	267	0	0	6	261	41	220
PCT9732	ED	71	0	0	0	0	0	0	0
PCT9732	MV	71	39	0	0	1	38	7	31
PCT9732	TO	71	39	0	0	1	38	7	31
PCT9733	ED	235	5	0	0	1	4	1	3
PCT9733	MV	235	115	0	0	5	110	23	87
PCT9733	TO	235	120	0	0	6	114	24	90
PCT9734	ED	1389	188	0	1	1	186	31	155
PCT9734	MV	1389	534	0	0	11	523	79	444
PCT9734	TO	1389	722	0	1	12	709	110	599
PCT9737	ED	1518	204	0	1	3	200	31	169
PCT9737	MV	1518	574	0	0	13	561	81	480
PCT9737	TO	1518	778	0	1	16	761	112	649
PCT9738	ED	813	48	0	0	1	47	6	41
PCT9738	MV	813	229	0	0	8	221	44	177
PCT9738	TO	813	277	0	0	9	268	50	218
PCT9739	ED	768	69	0	0	2	67	18	49
PCT9739	MV	768	177	0	0	2	175	44	131
PCT9739	TO	768	246	0	0	4	242	62	180
PCT9741	ED	497	65	0	0	2	63	16	47
PCT9741	MV	497	25	0	0	0	25	6	19
PCT9741	TO	497	90	0	0	2	88	22	66
PCT9742	ED	679	95	0	0	1	94	27	67
PCT9742	MV	679	153	0	0	4	149	20	129
PCT9742	TO	679	248	0	0	5	243	47	196
PCT9743	ED	1138	122	0	0	2	120	28	92
PCT9743	MV	1138	297	0	0	6	291	76	215
PCT9743	TO	1138	419	0	0	8	411	104	307
PCT9744	ED	907	112	0	0	8	104	33	71
PCT9744	MV	907	205	0	0	7	198	44	154
PCT9744	TO	907	317	0	0	15	302	77	225
PCT9745	ED	973	109	0	0	3	106	25	81
PCT9745	MV	973	212	0	0	7	205	51	154
PCT9745	TO	973	321	0	0	10	311	76	235
PCT9748	ED	910	98	0	0	0	98	23	75
PCT9748	MV	910	313	0	0	8	305	56	249
PCT9748	TO	910	411	0	0	8	403	79	324
PCT9749	ED	1871	214	0	1	2	211	38	173
PCT9749	MV	1871	491	0	0	5	486	96	390
PCT9749	TO	1871	705	0	1	7	697	134	563
PCT9751	ED	1038	136	0	0	1	135	23	112
PCT9751	MV	1038	353	0	0	15	338	65	273
PCT9751	TO	1038	489	0	0	16	473	88	385
PCT9752	ED	696	90	0	0	0	90	9	81
PCT9752	MV	696	267	0	0	8	259	45	214
PCT9752	TO	696	357	0	0	8	349	54	295
PCT9753	ED	764	93	0	0	2	91	18	73
PCT9753	MV	764	239	0	0	1	238	36	202
PCT9753	TO	764	332	0	0	3	329	54	275
PCT9754	ED	686	111	0	0	0	111	14	97
PCT9754	MV	686	241	0	0	6	235	22	213
PCT9754	TO	686	352	0	0	6	346	36	310
PCT9755	ED	567	76	0	0	0	76	11	65
PCT9755	MV	567	170	0	0	6	164	25	139
PCT9755	TO	567	246	0	0	6	240	36	204
PCT9756	ED	940	69	0	0	1	68	17	51
PCT9756	MV	940	267	0	2	4	261	51	210
PCT9756	TO	940	336	0	2	5	329	68	261
PCT9801	ED	404	51	0	0	1	50	8	42
PCT9801	MV	404	135	0	0	3	132	28	104
PCT9801	TO	404	186	0	0	4	182	36	146
PCT9900	ED	0	0	0	0	0	0	0	0
PCT9900	MV	0	0	0	0	0	0	0	0
PCT9900	TO	0	0	0	0	0	0	0	0
PCT9901	ED	0	0	0	0	0	0	0	0
PCT9901	MV	0	0	0	0	0	0	0	0
PCT9901	TO	0	0	0	0	0	0	0	0
PCT9902	ED	0	0	0	0	0	0	0	0
PCT9902	MV	0	0	0	0	0	0	0	0
PCT9902	TO	0	0	0	0	0	0	0	0
CONG12	ED	437850	53397	0	26	1193	52178	8939	43239
CONG12	MV	437850	129637	0	78	2971	126588	23106	103482
CONG12	TO	437850	183034	0	104	4164	178766	32045	146721
CONG14	ED	57200	6017	0	6	108	5903	1153	4750
CONG14	MV	57200	17289	0	9	398	16882	3468	13414
CONG14	TO	57200	23306	0	15	506	22785	4621	18164
ASSM17	ED	287476	34944	0	19	807	34118	5998	28120
ASSM17	MV	287476	85060	0	55	1991	83014	15508	67506
ASSM17	TO	287476	120004	0	74	2798	117132	21506	95626
ASSM19	ED	207574	24470	0	13	494	23963	4094	19869
ASSM19	MV	207574	61866	0	32	1378	60456	11066	49390
ASSM19	TO	207574	86336	0	45	1872	84419	15160	69259
SUPV1	ED	42447	5464	0	2	126	5336	832	4504
SUPV1	MV	42447	12584	0	5	254	12325	2278	10047
SUPV1	TO	42447	18048	0	7	380	17661	3110	14551
SUPV2	ED	49361	5273	0	3	93	5177	849	4328
SUPV2	MV	49361	13967	0	10	318	13639	2144	11495
SUPV2	TO	49361	19240	0	13	411	18816	2993	15823
SUPV3	ED	38836	3913	0	2	113	3798	785	3013
SUPV3	MV	38836	10920	0	6	315	10599	2276	8323
SUPV3	TO	38836	14833	0	8	428	14397	3061	11336
SUPV4	ED	43341	5029	0	2	118	4909	884	4025
SUPV4	MV	43341	13036	0	5	324	12707	2458	10249
SUPV4	TO	43341	18065	0	7	442	17616	3342	14274
SUPV5	ED	51976	8350	0	3	216	8131	1271	6860
SUPV5	MV	51976	16423	0	12	395	16016	2474	13542
SUPV5	TO	51976	24773	0	15	611	24147	3745	20402
SUPV6	ED	42510	3309	0	1	97	3211	855	2356
SUPV6	MV	42510	11034	0	9	308	10717	2650	8067
SUPV6	TO	42510	14343	0	10	405	13928	3505	10423
SUPV7	ED	46757	6126	0	5	107	6014	977	5037
SUPV7	MV	46757	15630	0	9	351	15270	2533	12737
SUPV7	TO	46757	21756	0	14	458	21284	3510	17774
SUPV8	ED	57103	9078	0	3	149	8926	1240	7686
SUPV8	MV	57103	19840	0	10	353	19477	2789	16688
SUPV8	TO	57103	28918	0	13	502	28403	4029	24374
SUPV9	ED	42539	5866	0	4	117	5745	939	4806
SUPV9	MV	42539	12113	0	8	249	11856	2129	9727
SUPV9	TO	42539	17979	0	12	366	17601	3068	14533
SUPV10	ED	42195	3620	0	5	93	3522	754	2768
SUPV10	MV	42195	10772	0	8	261	10503	2367	8136
SUPV10	TO	42195	14392	0	13	354	14025	3121	10904
SUPV11	ED	37985	3386	0	2	72	3312	706	2606
SUPV11	MV	37985	10607	0	5	241	10361	2476	7885
SUPV11	TO	37985	13993	0	7	313	13673	3182	10491
NEIG1	ED	20194	1583	0	2	53	1528	391	1137
NEIG1	MV	20194	4617	0	5	132	4480	1167	3313
NEIG1	TO	20194	6200	0	7	185	6008	1558	4450
NEIG2	ED	18045	1697	0	1	59	1637	334	1303
NEIG2	MV	18045	5028	0	5	154	4869	1010	3859
NEIG2	TO	18045	6725	0	6	213	6506	1344	5162
NEIG3	ED	27613	2634	0	1	80	2553	642	1911
NEIG3	MV	27613	7171	0	7	234	6930	1784	5146
NEIG3	TO	27613	9805	0	8	314	9483	2426	7057
NEIG4	ED	7735	1165	0	0	25	1140	149	991
NEIG4	MV	7735	2833	0	3	51	2779	374	2405
NEIG4	TO	7735	3998	0	3	76	3919	523	3396
NEIG5	ED	28067	2430	0	1	56	2373	504	1869
NEIG5	MV	28067	7906	0	6	171	7729	1859	5870
NEIG5	TO	28067	10336	0	7	227	10102	2363	7739
NEIG6	ED	15102	2841	0	2	72	2767	376	2391
NEIG6	MV	15102	4922	0	2	107	4813	599	4214
NEIG6	TO	15102	7763	0	4	179	7580	975	6605
NEIG7	ED	13133	1290	0	2	20	1268	265	1003
NEIG7	MV	13133	3594	0	1	82	3511	792	2719
NEIG7	TO	13133	4884	0	3	102	4779	1057	3722
NEIG8	ED	9501	1633	0	0	32	1601	199	1402
NEIG8	MV	9501	3045	0	2	67	2976	421	2555
NEIG8	TO	9501	4678	0	2	99	4577	620	3957
NEIG9	ED	8190	825	0	0	25	800	186	614
NEIG9	MV	8190	2163	0	0	62	2101	461	1640
NEIG9	TO	8190	2988	0	0	87	2901	647	2254
NEIG10	ED	10551	1396	0	1	31	1364	223	1141
NEIG10	MV	10551	3053	0	0	66	2987	482	2505
NEIG10	TO	10551	4449	0	1	97	4351	705	3646
NEIG11	ED	41063	4206	0	2	78	4126	730	3396
NEIG11	MV	41063	11339	0	11	286	11042	1821	9221
NEIG11	TO	41063	15545	0	13	364	15168	2551	12617
NEIG12	ED	32113	4830	0	1	95	4734	785	3949
NEIG12	MV	32113	8757	0	4	196	8557	1484	7073
NEIG12	TO	32113	13587	0	5	291	13291	2269	11022
NEIG13	ED	15730	2488	0	2	30	2456	294	2162
NEIG13	MV	15730	5503	0	3	83	5417	725	4692
NEIG13	TO	15730	7991	0	5	113	7873	1019	6854
NEIG14	ED	9293	1671	0	1	30	1640	183	1457
NEIG14	MV	9293	3070	0	3	47	3020	346	2674
NEIG14	TO	9293	4741	0	4	77	4660	529	4131
NEIG15	ED	5953	702	0	1	19	682	118	564
NEIG15	MV	5953	1840	0	0	47	1793	374	1419
NEIG15	TO	5953	2542	0	1	66	2475	492	1983
NEIG26	ED	9927	809	0	1	22	786	198	588
NEIG26	MV	9927	2925	0	3	77	2845	708	2137
NEIG26	TO	9927	3734	0	4	99	3631	906	2725
NEIG16	ED	16717	1710	0	2	23	1685	283	1402
NEIG16	MV	16717	4958	0	2	85	4871	774	4097
NEIG16	TO	16717	6668	0	4	108	6556	1057	5499
NEIG17	ED	37882	4924	0	2	114	4808	748	4060
NEIG17	MV	37882	11288	0	5	225	11058	2065	8993
NEIG17	TO	37882	16212	0	7	339	15866	2813	13053
NEIG18	ED	6193	810	0	0	15	795	83	712
NEIG18	MV	6193	2004	0	2	31	1971	232	1739
NEIG18	TO	6193	2814	0	2	46	2766	315	2451
NEIG19	ED	7872	1105	0	1	19	1085	164	921
NEIG19	MV	7872	2488	0	2	40	2446	381	2065
NEIG19	TO	7872	3593	0	3	59	3531	545	2986
NEIG20	ED	24361	1795	0	0	46	1749	455	1294
NEIG20	MV	24361	6405	0	2	159	6244	1500	4744
NEIG20	TO	24361	8200	0	2	205	7993	1955	6038
NEIG21	ED	42750	4924	0	2	115	4807	868	3939
NEIG21	MV	42750	12903	0	5	317	12581	2432	10149
NEIG21	TO	42750	17827	0	7	432	17388	3300	14088
NEIG22	ED	19329	3076	0	1	46	3029	437	2592
NEIG22	MV	19329	7010	0	1	120	6889	1032	5857
NEIG22	TO	19329	10086	0	2	166	9918	1469	8449
NEIG23	ED	7912	488	0	1	17	470	121	349
NEIG23	MV	7912	1962	0	1	64	1897	528	1369
NEIG23	TO	7912	2450	0	2	81	2367	649	1718
NEIG24	ED	33087	4577	0	4	70	4503	696	3807
NEIG24	MV	33087	11862	0	6	257	11599	1792	9807
NEIG24	TO	33087	16439	0	10	327	16102	2488	13614
NEIG25	ED	26737	3805	0	1	109	3695	660	3035
NEIG25	MV	26737	8280	0	6	209	8065	1431	6634
NEIG25	TO	26737	12085	0	7	318	11760	2091	9669
