area_id	subtotal_type	RSReg	RSCst	RSRej	RSOvr	RSUnd	RSTot	42:YES	43:NO
ALLPCTS	TO	495050	163861	0	23	7496	156342	119659	36683
ALLPCTS	ED	495050	45586	0	8	1856	43722	33880	9842
ALLPCTS	MV	495050	118275	0	15	5640	112620	85779	26841
PCT1101	ED	557	39	0	0	2	37	34	3
PCT1101	MV	557	138	0	0	7	131	110	21
PCT1101	TO	557	177	0	0	9	168	144	24
PCT1102	ED	994	117	0	0	3	114	92	22
PCT1102	MV	994	263	0	0	7	256	197	59
PCT1102	TO	994	380	0	0	10	370	289	81
PCT1103	ED	962	88	0	0	1	87	65	22
PCT1103	MV	962	209	0	0	5	204	162	42
PCT1103	TO	962	297	0	0	6	291	227	64
PCT1104	ED	1012	76	0	0	4	72	48	24
PCT1104	MV	1012	198	0	0	6	192	154	38
PCT1104	TO	1012	274	0	0	10	264	202	62
PCT1106	ED	1505	127	0	0	4	123	86	37
PCT1106	MV	1505	343	0	0	15	328	234	94
PCT1106	TO	1505	470	0	0	19	451	320	131
PCT1108	ED	908	77	0	0	3	74	59	15
PCT1108	MV	908	202	0	0	16	186	150	36
PCT1108	TO	908	279	0	0	19	260	209	51
PCT1109	ED	805	73	0	0	3	70	49	21
PCT1109	MV	805	216	0	0	16	200	165	35
PCT1109	TO	805	289	0	0	19	270	214	56
PCT1111	ED	1025	73	0	0	0	73	55	18
PCT1111	MV	1025	262	0	0	8	254	193	61
PCT1111	TO	1025	335	0	0	8	327	248	79
PCT1112	ED	770	48	0	0	1	47	40	7
PCT1112	MV	770	171	0	0	5	166	115	51
PCT1112	TO	770	219	0	0	6	213	155	58
PCT1114	ED	1741	92	0	0	8	84	64	20
PCT1114	MV	1741	366	0	0	22	344	257	87
PCT1114	TO	1741	458	0	0	30	428	321	107
PCT1115	ED	1838	118	0	0	3	115	97	18
PCT1115	MV	1838	396	0	0	18	378	287	91
PCT1115	TO	1838	514	0	0	21	493	384	109
PCT1117	ED	1771	104	0	0	5	99	79	20
PCT1117	MV	1771	353	0	0	22	331	248	83
PCT1117	TO	1771	457	0	0	27	430	327	103
PCT1118	ED	1057	86	0	0	6	80	61	19
PCT1118	MV	1057	281	0	1	16	264	190	74
PCT1118	TO	1057	367	0	1	22	344	251	93
PCT1119	ED	771	32	0	0	0	32	25	7
PCT1119	MV	771	201	0	0	9	192	153	39
PCT1119	TO	771	233	0	0	9	224	178	46
PCT1122	ED	638	41	0	0	2	39	27	12
PCT1122	MV	638	167	0	0	12	155	104	51
PCT1122	TO	638	208	0	0	14	194	131	63
PCT1124	ED	812	51	0	0	2	49	35	14
PCT1124	MV	812	166	0	0	6	160	117	43
PCT1124	TO	812	217	0	0	8	209	152	57
PCT1125	ED	1064	37	0	0	1	36	33	3
PCT1125	MV	1064	233	0	0	10	223	161	62
PCT1125	TO	1064	270	0	0	11	259	194	65
PCT1126	ED	1676	91	0	0	3	88	75	13
PCT1126	MV	1676	399	0	0	21	378	280	98
PCT1126	TO	1676	490	0	0	24	466	355	111
PCT1127	ED	1827	107	0	0	4	103	83	20
PCT1127	MV	1827	425	0	1	27	397	289	108
PCT1127	TO	1827	532	0	1	31	500	372	128
PCT1129	ED	1018	62	0	0	4	58	44	14
PCT1129	MV	1018	220	0	0	9	211	158	53
PCT1129	TO	1018	282	0	0	13	269	202	67
PCT1131	ED	836	38	0	0	2	36	28	8
PCT1131	MV	836	207	0	0	16	191	125	66
PCT1131	TO	836	245	0	0	18	227	153	74
PCT1132	ED	1010	34	0	0	0	34	28	6
PCT1132	MV	1010	263	0	0	14	249	187	62
PCT1132	TO	1010	297	0	0	14	283	215	68
PCT1133	ED	857	40	0	0	0	40	35	5
PCT1133	MV	857	220	0	0	13	207	171	36
PCT1133	TO	857	260	0	0	13	247	206	41
PCT1134	ED	762	61	0	0	4	57	51	6
PCT1134	MV	762	195	0	0	9	186	147	39
PCT1134	TO	762	256	0	0	13	243	198	45
PCT1135	ED	554	37	0	0	1	36	29	7
PCT1135	MV	554	146	0	0	8	138	89	49
PCT1135	TO	554	183	0	0	9	174	118	56
PCT1136	ED	847	47	0	0	1	46	32	14
PCT1136	MV	847	217	0	0	16	201	145	56
PCT1136	TO	847	264	0	0	17	247	177	70
PCT1141	ED	1042	61	0	0	2	59	47	12
PCT1141	MV	1042	267	0	0	6	261	196	65
PCT1141	TO	1042	328	0	0	8	320	243	77
PCT1143	ED	1024	87	0	0	0	87	73	14
PCT1143	MV	1024	207	0	0	17	190	133	57
PCT1143	TO	1024	294	0	0	17	277	206	71
PCT1144	ED	1804	126	0	0	6	120	91	29
PCT1144	MV	1804	372	0	0	13	359	268	91
PCT1144	TO	1804	498	0	0	19	479	359	120
PCT1145	ED	894	57	0	0	1	56	43	13
PCT1145	MV	894	254	0	0	7	247	195	52
PCT1145	TO	894	311	0	0	8	303	238	65
PCT1146	ED	1008	71	0	0	2	69	57	12
PCT1146	MV	1008	206	0	0	16	190	147	43
PCT1146	TO	1008	277	0	0	18	259	204	55
PCT1147	ED	868	71	0	0	1	70	53	17
PCT1147	MV	868	196	0	0	8	188	139	49
PCT1147	TO	868	267	0	0	9	258	192	66
PCT1148	ED	1002	73	0	0	5	68	50	18
PCT1148	MV	1002	238	0	0	17	221	161	60
PCT1148	TO	1002	311	0	0	22	289	211	78
PCT1149	ED	911	70	0	0	2	68	58	10
PCT1149	MV	911	205	0	0	6	199	159	40
PCT1149	TO	911	275	0	0	8	267	217	50
PCT1152	ED	1815	126	0	0	2	124	82	42
PCT1152	MV	1815	433	0	0	18	415	307	108
PCT1152	TO	1815	559	0	0	20	539	389	150
PCT7001	ED	752	39	0	0	1	38	26	12
PCT7001	MV	752	184	0	0	8	176	128	48
PCT7001	TO	752	223	0	0	9	214	154	60
PCT7002	ED	659	43	0	0	0	43	37	6
PCT7002	MV	659	123	0	0	1	122	89	33
PCT7002	TO	659	166	0	0	1	165	126	39
PCT7003	ED	1755	179	0	0	2	177	139	38
PCT7003	MV	1755	431	0	0	12	419	327	92
PCT7003	TO	1755	610	0	0	14	596	466	130
PCT7005	ED	850	99	0	0	2	97	83	14
PCT7005	MV	850	241	0	0	6	235	183	52
PCT7005	TO	850	340	0	0	8	332	266	66
PCT7006	ED	921	87	0	0	3	84	74	10
PCT7006	MV	921	157	0	0	7	150	133	17
PCT7006	TO	921	244	0	0	10	234	207	27
PCT7007	ED	1821	211	0	0	9	202	148	54
PCT7007	MV	1821	538	0	0	23	515	402	113
PCT7007	TO	1821	749	0	0	32	717	550	167
PCT7009	ED	874	46	0	0	5	41	28	13
PCT7009	MV	874	230	0	0	8	222	177	45
PCT7009	TO	874	276	0	0	13	263	205	58
PCT7011	ED	951	66	0	0	3	63	49	14
PCT7011	MV	951	134	0	0	5	129	104	25
PCT7011	TO	951	200	0	0	8	192	153	39
PCT7012	ED	1165	113	0	0	2	111	80	31
PCT7012	MV	1165	289	0	0	9	280	224	56
PCT7012	TO	1165	402	0	0	11	391	304	87
PCT7013	ED	1033	60	0	0	2	58	52	6
PCT7013	MV	1033	237	0	0	7	230	176	54
PCT7013	TO	1033	297	0	0	9	288	228	60
PCT7014	ED	1388	97	0	0	0	97	74	23
PCT7014	MV	1388	354	0	0	18	336	252	84
PCT7014	TO	1388	451	0	0	18	433	326	107
PCT7015	MV	104	21	0	0	0	21	19	2
PCT7015	TO	104	21	0	0	0	21	19	2
PCT7016	ED	912	57	0	0	0	57	38	19
PCT7016	MV	912	149	0	0	14	135	97	38
PCT7016	TO	912	206	0	0	14	192	135	57
PCT7017	ED	781	32	0	0	6	26	19	7
PCT7017	MV	781	110	0	0	7	103	57	46
PCT7017	TO	781	142	0	0	13	129	76	53
PCT7019	ED	1908	90	0	0	5	85	66	19
PCT7019	MV	1908	472	0	0	29	443	325	118
PCT7019	TO	1908	562	0	0	34	528	391	137
PCT7021	ED	955	68	0	0	3	65	50	15
PCT7021	MV	955	136	0	0	8	128	94	34
PCT7021	TO	955	204	0	0	11	193	144	49
PCT7022	ED	943	78	0	0	5	73	56	17
PCT7022	MV	943	166	0	0	8	158	113	45
PCT7022	TO	943	244	0	0	13	231	169	62
PCT7024	ED	448	14	0	0	2	12	6	6
PCT7024	MV	448	30	0	0	1	29	21	8
PCT7024	TO	448	44	0	0	3	41	27	14
PCT7025	ED	473	23	0	0	0	23	17	6
PCT7025	MV	473	47	0	0	1	46	33	13
PCT7025	TO	473	70	0	0	1	69	50	19
PCT7026	ED	1009	46	0	0	4	42	29	13
PCT7026	MV	1009	270	0	0	20	250	173	77
PCT7026	TO	1009	316	0	0	24	292	202	90
PCT7027	ED	883	67	0	0	2	65	46	19
PCT7027	MV	883	205	0	0	17	188	143	45
PCT7027	TO	883	272	0	0	19	253	189	64
PCT7028	ED	849	77	0	0	7	70	53	17
PCT7028	MV	849	126	0	0	7	119	95	24
PCT7028	TO	849	203	0	0	14	189	148	41
PCT7029	ED	1812	100	0	0	7	93	75	18
PCT7029	MV	1812	323	0	0	16	307	223	84
PCT7029	TO	1812	423	0	0	23	400	298	102
PCT7030	ED	787	46	0	0	3	43	28	15
PCT7030	MV	787	216	0	0	16	200	135	65
PCT7030	TO	787	262	0	0	19	243	163	80
PCT7031	ED	680	24	0	0	0	24	19	5
PCT7031	MV	680	149	0	0	17	132	90	42
PCT7031	TO	680	173	0	0	17	156	109	47
PCT7032	ED	876	48	0	0	3	45	33	12
PCT7032	MV	876	172	0	0	5	167	127	40
PCT7032	TO	876	220	0	0	8	212	160	52
PCT7033	ED	770	61	0	0	4	57	46	11
PCT7033	MV	770	134	0	0	8	126	80	46
PCT7033	TO	770	195	0	0	12	183	126	57
PCT7034	ED	954	33	0	0	1	32	23	9
PCT7034	MV	954	110	0	0	8	102	65	37
PCT7034	TO	954	143	0	0	9	134	88	46
PCT7035	ED	681	26	0	0	2	24	18	6
PCT7035	MV	681	154	0	0	5	149	119	30
PCT7035	TO	681	180	0	0	7	173	137	36
PCT7037	ED	1676	59	0	0	6	53	37	16
PCT7037	MV	1676	217	0	0	9	208	142	66
PCT7037	TO	1676	276	0	0	15	261	179	82
PCT7038	ED	924	34	0	0	3	31	24	7
PCT7038	MV	924	217	0	0	17	200	149	51
PCT7038	TO	924	251	0	0	20	231	173	58
PCT7039	ED	830	71	0	0	2	69	50	19
PCT7039	MV	830	171	0	0	9	162	123	39
PCT7039	TO	830	242	0	0	11	231	173	58
PCT7041	MV	60	12	0	0	0	12	10	2
PCT7041	TO	60	12	0	0	0	12	10	2
PCT7042	ED	1069	67	0	0	2	65	46	19
PCT7042	MV	1069	224	0	0	14	210	159	51
PCT7042	TO	1069	291	0	0	16	275	205	70
PCT7043	ED	961	40	0	0	1	39	31	8
PCT7043	MV	961	180	0	0	7	173	140	33
PCT7043	TO	961	220	0	0	8	212	171	41
PCT7044	ED	844	23	0	0	2	21	10	11
PCT7044	MV	844	94	0	0	3	91	64	27
PCT7044	TO	844	117	0	0	5	112	74	38
PCT7045	ED	783	39	0	0	3	36	26	10
PCT7045	MV	783	214	0	0	10	204	150	54
PCT7045	TO	783	253	0	0	13	240	176	64
PCT7047	ED	1727	73	0	0	4	69	48	21
PCT7047	MV	1727	376	0	0	19	357	247	110
PCT7047	TO	1727	449	0	0	23	426	295	131
PCT7048	ED	870	37	0	0	3	34	23	11
PCT7048	MV	870	162	0	0	9	153	107	46
PCT7048	TO	870	199	0	0	12	187	130	57
PCT7049	ED	815	50	0	0	3	47	30	17
PCT7049	MV	815	182	0	0	21	161	100	61
PCT7049	TO	815	232	0	0	24	208	130	78
PCT7052	ED	878	67	0	0	2	65	50	15
PCT7052	MV	878	218	0	0	16	202	155	47
PCT7052	TO	878	285	0	0	18	267	205	62
PCT7053	ED	568	22	0	0	0	22	16	6
PCT7053	MV	568	108	0	0	6	102	83	19
PCT7053	TO	568	130	0	0	6	124	99	25
PCT7054	ED	1111	60	0	0	3	57	45	12
PCT7054	MV	1111	191	0	0	6	185	144	41
PCT7054	TO	1111	251	0	0	9	242	189	53
PCT7055	ED	799	21	0	0	0	21	16	5
PCT7055	MV	799	179	0	0	5	174	133	41
PCT7055	TO	799	200	0	0	5	195	149	46
PCT7101	MV	152	64	0	0	0	64	53	11
PCT7101	TO	152	64	0	0	0	64	53	11
PCT7202	ED	1747	117	0	0	6	111	83	28
PCT7202	MV	1747	413	0	0	19	394	287	107
PCT7202	TO	1747	530	0	0	25	505	370	135
PCT7203	ED	867	83	0	0	4	79	60	19
PCT7203	MV	867	172	0	0	11	161	122	39
PCT7203	TO	867	255	0	0	15	240	182	58
PCT7204	ED	890	73	0	0	5	68	44	24
PCT7204	MV	890	268	0	0	16	252	170	82
PCT7204	TO	890	341	0	0	21	320	214	106
PCT7205	ED	862	85	0	0	2	83	59	24
PCT7205	MV	862	235	0	0	14	221	157	64
PCT7205	TO	862	320	0	0	16	304	216	88
PCT7207	ED	1483	87	0	0	3	84	59	25
PCT7207	MV	1483	454	0	0	15	439	297	142
PCT7207	TO	1483	541	0	0	18	523	356	167
PCT7208	ED	560	36	0	0	2	34	29	5
PCT7208	MV	560	127	0	0	6	121	96	25
PCT7208	TO	560	163	0	0	8	155	125	30
PCT7301	ED	1993	161	0	0	4	157	122	35
PCT7301	MV	1993	486	0	0	25	461	335	126
PCT7301	TO	1993	647	0	0	29	618	457	161
PCT7302	ED	838	81	0	0	4	77	59	18
PCT7302	MV	838	278	0	0	21	257	188	69
PCT7302	TO	838	359	0	0	25	334	247	87
PCT7305	ED	1633	161	0	0	5	156	116	40
PCT7305	MV	1633	422	0	0	26	396	292	104
PCT7305	TO	1633	583	0	0	31	552	408	144
PCT7306	ED	2083	166	0	0	10	156	116	40
PCT7306	MV	2083	338	0	0	18	320	235	85
PCT7306	TO	2083	504	0	0	28	476	351	125
PCT7308	ED	614	75	0	0	3	72	57	15
PCT7308	MV	614	135	0	0	1	134	99	35
PCT7308	TO	614	210	0	0	4	206	156	50
PCT7311	ED	866	89	0	0	3	86	67	19
PCT7311	MV	866	208	0	0	5	203	149	54
PCT7311	TO	866	297	0	0	8	289	216	73
PCT7312	ED	801	69	0	0	1	68	45	23
PCT7312	MV	801	266	0	1	17	248	183	65
PCT7312	TO	801	335	0	1	18	316	228	88
PCT7314	ED	1749	106	0	0	11	95	69	26
PCT7314	MV	1749	429	0	0	47	382	295	87
PCT7314	TO	1749	535	0	0	58	477	364	113
PCT7315	ED	1584	130	0	0	6	124	103	21
PCT7315	MV	1584	269	0	0	17	252	192	60
PCT7315	TO	1584	399	0	0	23	376	295	81
PCT7317	ED	875	59	0	0	3	56	48	8
PCT7317	MV	875	235	0	0	13	222	165	57
PCT7317	TO	875	294	0	0	16	278	213	65
PCT7318	ED	1567	109	0	0	7	102	75	27
PCT7318	MV	1567	298	0	0	18	280	208	72
PCT7318	TO	1567	407	0	0	25	382	283	99
PCT7321	ED	1533	57	0	0	4	53	33	20
PCT7321	MV	1533	402	0	0	46	356	264	92
PCT7321	TO	1533	459	0	0	50	409	297	112
PCT7323	ED	1967	149	0	0	6	143	111	32
PCT7323	MV	1967	382	0	0	20	362	278	84
PCT7323	TO	1967	531	0	0	26	505	389	116
PCT7325	ED	1588	104	0	0	4	100	75	25
PCT7325	MV	1588	352	0	0	28	324	239	85
PCT7325	TO	1588	456	0	0	32	424	314	110
PCT7326	ED	1709	123	0	0	12	111	81	30
PCT7326	MV	1709	434	0	0	25	409	286	123
PCT7326	TO	1709	557	0	0	37	520	367	153
PCT7327	ED	668	26	0	0	4	22	18	4
PCT7327	MV	668	197	0	0	25	172	125	47
PCT7327	TO	668	223	0	0	29	194	143	51
PCT7328	ED	985	33	0	0	5	28	22	6
PCT7328	MV	985	286	0	1	34	251	179	72
PCT7328	TO	985	319	0	1	39	279	201	78
PCT7329	ED	638	31	0	0	1	30	20	10
PCT7329	MV	638	152	0	0	16	136	88	48
PCT7329	TO	638	183	0	0	17	166	108	58
PCT7331	ED	850	102	0	0	3	99	60	39
PCT7331	MV	850	238	0	0	11	227	175	52
PCT7331	TO	850	340	0	0	14	326	235	91
PCT7332	ED	1601	145	0	0	9	136	114	22
PCT7332	MV	1601	357	0	0	11	346	288	58
PCT7332	TO	1601	502	0	0	20	482	402	80
PCT7333	ED	1930	151	0	0	8	143	111	32
PCT7333	MV	1930	436	0	0	19	417	316	101
PCT7333	TO	1930	587	0	0	27	560	427	133
PCT7336	ED	2021	168	0	0	3	165	131	34
PCT7336	MV	2021	463	0	0	12	451	329	122
PCT7336	TO	2021	631	0	0	15	616	460	156
PCT7338	ED	1783	119	0	0	5	114	82	32
PCT7338	MV	1783	480	0	0	49	431	318	113
PCT7338	TO	1783	599	0	0	54	545	400	145
PCT7339	ED	1588	131	0	0	4	127	92	35
PCT7339	MV	1588	329	0	0	15	314	240	74
PCT7339	TO	1588	460	0	0	19	441	332	109
PCT7342	ED	909	133	0	0	2	131	107	24
PCT7342	MV	909	168	0	0	5	163	125	38
PCT7342	TO	909	301	0	0	7	294	232	62
PCT7343	ED	706	66	0	0	6	60	52	8
PCT7343	MV	706	81	0	0	1	80	69	11
PCT7343	TO	706	147	0	0	7	140	121	19
PCT7344	ED	1052	93	0	1	5	87	67	20
PCT7344	MV	1052	248	0	0	4	244	185	59
PCT7344	TO	1052	341	0	1	9	331	252	79
PCT7346	ED	879	82	0	0	1	81	65	16
PCT7346	MV	879	152	0	0	12	140	118	22
PCT7346	TO	879	234	0	0	13	221	183	38
PCT7348	ED	1826	121	0	0	7	114	91	23
PCT7348	MV	1826	327	0	0	13	314	261	53
PCT7348	TO	1826	448	0	0	20	428	352	76
PCT7502	ED	779	66	0	0	3	63	46	17
PCT7502	MV	779	211	0	0	11	200	140	60
PCT7502	TO	779	277	0	0	14	263	186	77
PCT7503	ED	725	56	0	0	3	53	42	11
PCT7503	MV	725	181	0	0	7	174	137	37
PCT7503	TO	725	237	0	0	10	227	179	48
PCT7504	ED	1019	95	0	0	5	90	60	30
PCT7504	MV	1019	263	0	0	12	251	186	65
PCT7504	TO	1019	358	0	0	17	341	246	95
PCT7505	ED	851	78	0	0	7	71	39	32
PCT7505	MV	851	338	0	1	24	313	190	123
PCT7505	TO	851	416	0	1	31	384	229	155
PCT7506	ED	1913	135	0	0	6	129	106	23
PCT7506	MV	1913	458	0	0	29	429	333	96
PCT7506	TO	1913	593	0	0	35	558	439	119
PCT7508	ED	720	75	0	0	3	72	54	18
PCT7508	MV	720	229	0	0	15	214	167	47
PCT7508	TO	720	304	0	0	18	286	221	65
PCT7509	ED	914	100	0	0	5	95	76	19
PCT7509	MV	914	236	0	0	9	227	179	48
PCT7509	TO	914	336	0	0	14	322	255	67
PCT7512	ED	588	58	0	0	5	53	34	19
PCT7512	MV	588	177	0	0	6	171	128	43
PCT7512	TO	588	235	0	0	11	224	162	62
PCT7513	ED	784	78	0	0	8	70	54	16
PCT7513	MV	784	173	0	0	9	164	127	37
PCT7513	TO	784	251	0	0	17	234	181	53
PCT7514	ED	901	54	0	0	6	48	37	11
PCT7514	MV	901	196	0	0	19	177	138	39
PCT7514	TO	901	250	0	0	25	225	175	50
PCT7515	ED	852	70	0	0	7	63	53	10
PCT7515	MV	852	197	0	0	16	181	130	51
PCT7515	TO	852	267	0	0	23	244	183	61
PCT7516	ED	906	89	0	0	4	85	68	17
PCT7516	MV	906	307	0	0	19	288	225	63
PCT7516	TO	906	396	0	0	23	373	293	80
PCT7518	ED	1754	221	0	0	11	210	171	39
PCT7518	MV	1754	466	0	0	21	445	370	75
PCT7518	TO	1754	687	0	0	32	655	541	114
PCT7519	ED	709	88	0	0	4	84	75	9
PCT7519	MV	709	168	0	0	2	166	135	31
PCT7519	TO	709	256	0	0	6	250	210	40
PCT7521	ED	761	99	0	0	4	95	80	15
PCT7521	MV	761	177	0	0	2	175	140	35
PCT7521	TO	761	276	0	0	6	270	220	50
PCT7522	ED	1464	203	0	0	8	195	164	31
PCT7522	MV	1464	322	0	0	10	312	236	76
PCT7522	TO	1464	525	0	0	18	507	400	107
PCT7524	ED	606	74	0	0	2	72	58	14
PCT7524	MV	606	128	0	0	7	121	91	30
PCT7524	TO	606	202	0	0	9	193	149	44
PCT7525	ED	762	67	0	0	3	64	52	12
PCT7525	MV	762	159	0	0	7	152	115	37
PCT7525	TO	762	226	0	0	10	216	167	49
PCT7526	ED	974	93	0	0	3	90	74	16
PCT7526	MV	974	234	0	0	11	223	174	49
PCT7526	TO	974	327	0	0	14	313	248	65
PCT7527	ED	689	95	0	0	7	88	73	15
PCT7527	MV	689	185	0	0	15	170	130	40
PCT7527	TO	689	280	0	0	22	258	203	55
PCT7529	ED	906	136	0	0	8	128	104	24
PCT7529	MV	906	210	0	0	6	204	170	34
PCT7529	TO	906	346	0	0	14	332	274	58
PCT7531	ED	839	74	0	0	2	72	63	9
PCT7531	MV	839	220	0	0	10	210	173	37
PCT7531	TO	839	294	0	0	12	282	236	46
PCT7532	ED	792	90	0	0	3	87	68	19
PCT7532	MV	792	195	0	0	10	185	140	45
PCT7532	TO	792	285	0	0	13	272	208	64
PCT7533	ED	936	169	0	0	7	162	133	29
PCT7533	MV	936	230	0	0	9	221	177	44
PCT7533	TO	936	399	0	0	16	383	310	73
PCT7534	ED	881	116	0	0	8	108	87	21
PCT7534	MV	881	151	0	0	6	145	114	31
PCT7534	TO	881	267	0	0	14	253	201	52
PCT7536	ED	1594	243	0	0	10	233	201	32
PCT7536	MV	1594	419	0	0	16	403	321	82
PCT7536	TO	1594	662	0	0	26	636	522	114
PCT7537	ED	1472	218	0	0	9	209	176	33
PCT7537	MV	1472	371	0	0	9	362	302	60
PCT7537	TO	1472	589	0	0	18	571	478	93
PCT7539	ED	906	180	0	0	10	170	147	23
PCT7539	MV	906	169	0	0	3	166	132	34
PCT7539	TO	906	349	0	0	13	336	279	57
PCT7541	ED	769	100	0	0	4	96	80	16
PCT7541	MV	769	198	0	0	8	190	149	41
PCT7541	TO	769	298	0	0	12	286	229	57
PCT7543	ED	1718	204	0	0	10	194	157	37
PCT7543	MV	1718	462	0	0	19	443	368	75
PCT7543	TO	1718	666	0	0	29	637	525	112
PCT7544	ED	892	112	0	0	2	110	94	16
PCT7544	MV	892	233	0	0	9	224	178	46
PCT7544	TO	892	345	0	0	11	334	272	62
PCT7545	ED	877	110	0	0	3	107	89	18
PCT7545	MV	877	205	0	0	4	201	158	43
PCT7545	TO	877	315	0	0	7	308	247	61
PCT7546	ED	1900	271	0	0	8	263	216	47
PCT7546	MV	1900	546	0	0	23	523	418	105
PCT7546	TO	1900	817	0	0	31	786	634	152
PCT7548	ED	1027	149	0	0	3	146	113	33
PCT7548	MV	1027	219	0	0	9	210	166	44
PCT7548	TO	1027	368	0	0	12	356	279	77
PCT7549	ED	799	99	0	0	3	96	80	16
PCT7549	MV	799	247	0	0	15	232	181	51
PCT7549	TO	799	346	0	0	18	328	261	67
PCT7552	ED	685	97	0	0	4	93	71	22
PCT7552	MV	685	176	0	0	2	174	126	48
PCT7552	TO	685	273	0	0	6	267	197	70
PCT7553	MV	182	66	0	0	5	61	49	12
PCT7553	TO	182	66	0	0	5	61	49	12
PCT7554	ED	795	108	0	0	6	102	71	31
PCT7554	MV	795	220	0	0	9	211	152	59
PCT7554	TO	795	328	0	0	15	313	223	90
PCT7555	ED	1584	271	0	0	10	261	203	58
PCT7555	MV	1584	481	0	0	15	466	374	92
PCT7555	TO	1584	752	0	0	25	727	577	150
PCT7556	ED	958	113	0	0	7	106	66	40
PCT7556	MV	958	355	0	0	13	342	252	90
PCT7556	TO	958	468	0	0	20	448	318	130
PCT7601	ED	677	61	0	0	4	57	46	11
PCT7601	MV	677	127	0	0	5	122	103	19
PCT7601	TO	677	188	0	0	9	179	149	30
PCT7602	ED	1659	136	0	0	11	125	106	19
PCT7602	MV	1659	289	0	0	12	277	234	43
PCT7602	TO	1659	425	0	0	23	402	340	62
PCT7605	ED	1508	77	0	0	2	75	66	9
PCT7605	MV	1508	390	0	0	27	363	295	68
PCT7605	TO	1508	467	0	0	29	438	361	77
PCT7606	ED	887	63	0	0	1	62	51	11
PCT7606	MV	887	117	0	0	2	115	96	19
PCT7606	TO	887	180	0	0	3	177	147	30
PCT7607	ED	900	65	0	0	4	61	46	15
PCT7607	MV	900	175	0	0	13	162	125	37
PCT7607	TO	900	240	0	0	17	223	171	52
PCT7608	ED	1300	81	0	0	4	77	67	10
PCT7608	MV	1300	214	0	0	13	201	167	34
PCT7608	TO	1300	295	0	0	17	278	234	44
PCT7611	ED	763	38	0	0	2	36	33	3
PCT7611	MV	763	158	0	0	21	137	110	27
PCT7611	TO	763	196	0	0	23	173	143	30
PCT7613	ED	1421	101	0	0	8	93	75	18
PCT7613	MV	1421	291	0	0	17	274	194	80
PCT7613	TO	1421	392	0	0	25	367	269	98
PCT7614	ED	932	56	0	0	3	53	39	14
PCT7614	MV	932	134	0	0	4	130	113	17
PCT7614	TO	932	190	0	0	7	183	152	31
PCT7615	ED	745	41	0	0	5	36	28	8
PCT7615	MV	745	132	0	0	16	116	93	23
PCT7615	TO	745	173	0	0	21	152	121	31
PCT7616	ED	1246	58	0	0	1	57	44	13
PCT7616	MV	1246	262	0	0	9	253	188	65
PCT7616	TO	1246	320	0	0	10	310	232	78
PCT7617	ED	737	32	0	0	5	27	22	5
PCT7617	MV	737	167	0	0	18	149	122	27
PCT7617	TO	737	199	0	0	23	176	144	32
PCT7618	ED	873	54	0	0	3	51	43	8
PCT7618	MV	873	197	0	0	6	191	153	38
PCT7618	TO	873	251	0	0	9	242	196	46
PCT7619	ED	1055	64	0	0	1	63	48	15
PCT7619	MV	1055	241	0	0	9	232	168	64
PCT7619	TO	1055	305	0	0	10	295	216	79
PCT7621	ED	1064	60	0	0	1	59	47	12
PCT7621	MV	1064	214	0	0	10	204	156	48
PCT7621	TO	1064	274	0	0	11	263	203	60
PCT7622	ED	923	44	0	0	4	40	33	7
PCT7622	MV	923	130	0	0	4	126	92	34
PCT7622	TO	923	174	0	0	8	166	125	41
PCT7623	ED	965	68	0	0	4	64	55	9
PCT7623	MV	965	148	0	0	11	137	110	27
PCT7623	TO	965	216	0	0	15	201	165	36
PCT7624	ED	835	46	0	0	1	45	35	10
PCT7624	MV	835	144	0	0	9	135	115	20
PCT7624	TO	835	190	0	0	10	180	150	30
PCT7625	ED	809	23	0	0	1	22	17	5
PCT7625	MV	809	371	0	0	63	308	226	82
PCT7625	TO	809	394	0	0	64	330	243	87
PCT7626	ED	1037	47	0	0	2	45	30	15
PCT7626	MV	1037	262	0	0	11	251	174	77
PCT7626	TO	1037	309	0	0	13	296	204	92
PCT7628	ED	933	69	0	0	2	67	53	14
PCT7628	MV	933	192	0	0	7	185	148	37
PCT7628	TO	933	261	0	0	9	252	201	51
PCT7629	ED	847	61	0	0	3	58	48	10
PCT7629	MV	847	151	0	0	10	141	110	31
PCT7629	TO	847	212	0	0	13	199	158	41
PCT7632	ED	1112	60	0	0	2	58	48	10
PCT7632	MV	1112	210	0	0	7	203	146	57
PCT7632	TO	1112	270	0	0	9	261	194	67
PCT7633	ED	1902	109	0	0	5	104	87	17
PCT7633	MV	1902	441	0	0	19	422	342	80
PCT7633	TO	1902	550	0	0	24	526	429	97
PCT7634	ED	864	63	0	0	9	54	43	11
PCT7634	MV	864	228	0	0	16	212	156	56
PCT7634	TO	864	291	0	0	25	266	199	67
PCT7635	ED	821	41	0	0	0	41	33	8
PCT7635	MV	821	174	0	0	4	170	116	54
PCT7635	TO	821	215	0	0	4	211	149	62
PCT7636	ED	945	59	0	0	2	57	40	17
PCT7636	MV	945	181	0	0	8	173	133	40
PCT7636	TO	945	240	0	0	10	230	173	57
PCT7637	ED	841	44	0	0	1	43	27	16
PCT7637	MV	841	216	0	1	8	207	154	53
PCT7637	TO	841	260	0	1	9	250	181	69
PCT7638	ED	1467	67	0	0	2	65	42	23
PCT7638	MV	1467	412	0	0	19	393	262	131
PCT7638	TO	1467	479	0	0	21	458	304	154
PCT7639	ED	1935	103	0	0	6	97	63	34
PCT7639	MV	1935	516	0	0	18	498	369	129
PCT7639	TO	1935	619	0	0	24	595	432	163
PCT7642	ED	946	60	0	0	5	55	38	17
PCT7642	MV	946	186	0	0	13	173	127	46
PCT7642	TO	946	246	0	0	18	228	165	63
PCT7643	ED	927	68	0	0	8	60	42	18
PCT7643	MV	927	283	0	0	11	272	211	61
PCT7643	TO	927	351	0	0	19	332	253	79
PCT7644	ED	1111	60	0	0	1	59	42	17
PCT7644	MV	1111	212	0	0	6	206	153	53
PCT7644	TO	1111	272	0	0	7	265	195	70
PCT7645	ED	626	28	0	0	2	26	14	12
PCT7645	MV	626	189	0	0	15	174	125	49
PCT7645	TO	626	217	0	0	17	200	139	61
PCT7646	ED	1090	41	0	0	3	38	33	5
PCT7646	MV	1090	284	0	0	9	275	206	69
PCT7646	TO	1090	325	0	0	12	313	239	74
PCT7647	ED	968	46	0	0	1	45	40	5
PCT7647	MV	968	81	0	0	1	80	69	11
PCT7647	TO	968	127	0	0	2	125	109	16
PCT7648	MV	2	0	0	0	0	0	0	0
PCT7648	TO	2	0	0	0	0	0	0	0
PCT7649	ED	888	44	0	0	1	43	30	13
PCT7649	MV	888	171	0	0	15	156	120	36
PCT7649	TO	888	215	0	0	16	199	150	49
PCT7651	ED	830	29	0	0	2	27	18	9
PCT7651	MV	830	174	0	0	7	167	121	46
PCT7651	TO	830	203	0	0	9	194	139	55
PCT7652	ED	596	38	0	0	1	37	29	8
PCT7652	MV	596	124	0	0	3	121	83	38
PCT7652	TO	596	162	0	0	4	158	112	46
PCT7653	ED	1373	52	0	0	2	50	39	11
PCT7653	MV	1373	299	0	0	8	291	204	87
PCT7653	TO	1373	351	0	0	10	341	243	98
PCT7655	ED	1150	38	0	0	2	36	27	9
PCT7655	MV	1150	230	0	0	9	221	147	74
PCT7655	TO	1150	268	0	0	11	257	174	83
PCT7701	ED	1035	113	0	0	1	112	85	27
PCT7701	MV	1035	319	0	0	4	315	254	61
PCT7701	TO	1035	432	0	0	5	427	339	88
PCT7703	MV	178	36	0	0	1	35	29	6
PCT7703	TO	178	36	0	0	1	35	29	6
PCT7704	ED	1723	201	0	0	6	195	145	50
PCT7704	MV	1723	443	0	0	20	423	303	120
PCT7704	TO	1723	644	0	0	26	618	448	170
PCT7705	ED	570	67	0	0	2	65	44	21
PCT7705	MV	570	176	0	0	8	168	136	32
PCT7705	TO	570	243	0	0	10	233	180	53
PCT7706	ED	839	120	0	0	5	115	82	33
PCT7706	MV	839	267	0	0	8	259	198	61
PCT7706	TO	839	387	0	0	13	374	280	94
PCT7707	ED	861	119	0	0	9	110	78	32
PCT7707	MV	861	265	0	0	14	251	197	54
PCT7707	TO	861	384	0	0	23	361	275	86
PCT7708	ED	881	92	0	0	4	88	68	20
PCT7708	MV	881	306	0	0	15	291	223	68
PCT7708	TO	881	398	0	0	19	379	291	88
PCT7709	ED	395	65	0	0	2	63	58	5
PCT7709	MV	395	120	0	0	3	117	89	28
PCT7709	TO	395	185	0	0	5	180	147	33
PCT7712	ED	1308	145	0	0	9	136	110	26
PCT7712	MV	1308	334	0	0	7	327	248	79
PCT7712	TO	1308	479	0	0	16	463	358	105
PCT7801	ED	968	110	0	0	2	108	84	24
PCT7801	MV	968	272	0	0	9	263	197	66
PCT7801	TO	968	382	0	0	11	371	281	90
PCT7802	ED	788	107	0	0	5	102	83	19
PCT7802	MV	788	231	0	0	19	212	170	42
PCT7802	TO	788	338	0	0	24	314	253	61
PCT7803	ED	822	67	0	0	4	63	52	11
PCT7803	MV	822	314	0	0	12	302	241	61
PCT7803	TO	822	381	0	0	16	365	293	72
PCT7805	ED	1683	205	0	0	5	200	160	40
PCT7805	MV	1683	531	0	0	26	505	389	116
PCT7805	TO	1683	736	0	0	31	705	549	156
PCT7807	ED	796	125	0	0	4	121	104	17
PCT7807	MV	796	215	0	0	6	209	171	38
PCT7807	TO	796	340	0	0	10	330	275	55
PCT7808	ED	1377	206	0	0	6	200	158	42
PCT7808	MV	1377	317	0	0	10	307	235	72
PCT7808	TO	1377	523	0	0	16	507	393	114
PCT7809	ED	770	89	0	0	6	83	70	13
PCT7809	MV	770	203	0	0	4	199	171	28
PCT7809	TO	770	292	0	0	10	282	241	41
PCT7811	ED	726	97	0	0	1	96	79	17
PCT7811	MV	726	164	0	1	6	157	126	31
PCT7811	TO	726	261	0	1	7	253	205	48
PCT7812	ED	871	107	0	0	6	101	77	24
PCT7812	MV	871	175	0	0	5	170	134	36
PCT7812	TO	871	282	0	0	11	271	211	60
PCT7813	ED	1037	153	0	0	0	153	135	18
PCT7813	MV	1037	274	0	0	11	263	220	43
PCT7813	TO	1037	427	0	0	11	416	355	61
PCT7814	ED	887	80	0	0	2	78	64	14
PCT7814	MV	887	183	0	1	9	173	149	24
PCT7814	TO	887	263	0	1	11	251	213	38
PCT7815	ED	1779	190	0	0	2	188	145	43
PCT7815	MV	1779	513	0	1	16	496	392	104
PCT7815	TO	1779	703	0	1	18	684	537	147
PCT7817	ED	1641	225	0	0	4	221	194	27
PCT7817	MV	1641	519	0	0	16	503	416	87
PCT7817	TO	1641	744	0	0	20	724	610	114
PCT7819	ED	1585	181	0	0	2	179	149	30
PCT7819	MV	1585	418	0	0	24	394	325	69
PCT7819	TO	1585	599	0	0	26	573	474	99
PCT7821	ED	965	134	0	0	2	132	104	28
PCT7821	MV	965	327	0	0	11	316	255	61
PCT7821	TO	965	461	0	0	13	448	359	89
PCT7822	ED	1748	263	0	0	1	262	212	50
PCT7822	MV	1748	525	0	0	14	511	425	86
PCT7822	TO	1748	788	0	0	15	773	637	136
PCT7824	ED	1353	175	0	0	8	167	140	27
PCT7824	MV	1353	337	0	0	13	324	251	73
PCT7824	TO	1353	512	0	0	21	491	391	100
PCT7826	ED	661	107	0	0	8	99	81	18
PCT7826	MV	661	118	0	0	3	115	94	21
PCT7826	TO	661	225	0	0	11	214	175	39
PCT7828	ED	997	105	0	0	4	101	78	23
PCT7828	MV	997	232	0	0	7	225	177	48
PCT7828	TO	997	337	0	0	11	326	255	71
PCT7829	ED	884	113	0	0	3	110	93	17
PCT7829	MV	884	298	0	0	12	286	227	59
PCT7829	TO	884	411	0	0	15	396	320	76
PCT7832	ED	773	77	0	0	6	71	55	16
PCT7832	MV	773	234	0	0	9	225	180	45
PCT7832	TO	773	311	0	0	15	296	235	61
PCT7834	ED	1593	199	0	0	10	189	151	38
PCT7834	MV	1593	403	0	0	13	390	305	85
PCT7834	TO	1593	602	0	0	23	579	456	123
PCT7835	ED	847	77	0	0	0	77	59	18
PCT7835	MV	847	193	0	0	1	192	156	36
PCT7835	TO	847	270	0	0	1	269	215	54
PCT7836	ED	1011	108	0	0	2	106	86	20
PCT7836	MV	1011	275	0	0	8	267	227	40
PCT7836	TO	1011	383	0	0	10	373	313	60
PCT7837	ED	1784	238	0	0	8	230	181	49
PCT7837	MV	1784	555	0	0	25	530	406	124
PCT7837	TO	1784	793	0	0	33	760	587	173
PCT7839	ED	1718	176	0	1	4	171	133	38
PCT7839	MV	1718	566	0	0	22	544	417	127
PCT7839	TO	1718	742	0	1	26	715	550	165
PCT7841	ED	1778	277	0	0	9	268	218	50
PCT7841	MV	1778	393	0	0	13	380	304	76
PCT7841	TO	1778	670	0	0	22	648	522	126
PCT7843	ED	719	108	0	0	2	106	85	21
PCT7843	MV	719	184	0	0	9	175	149	26
PCT7843	TO	719	292	0	0	11	281	234	47
PCT7844	ED	630	77	0	0	2	75	63	12
PCT7844	MV	630	157	0	0	6	151	127	24
PCT7844	TO	630	234	0	0	8	226	190	36
PCT7845	ED	870	107	0	0	4	103	76	27
PCT7845	MV	870	252	0	0	10	242	183	59
PCT7845	TO	870	359	0	0	14	345	259	86
PCT7846	ED	888	103	0	0	5	98	70	28
PCT7846	MV	888	233	0	0	14	219	179	40
PCT7846	TO	888	336	0	0	19	317	249	68
PCT7847	ED	1718	225	0	0	11	214	171	43
PCT7847	MV	1718	400	0	0	21	379	310	69
PCT7847	TO	1718	625	0	0	32	593	481	112
PCT7849	ED	887	126	0	0	3	123	101	22
PCT7849	MV	887	218	0	0	2	216	166	50
PCT7849	TO	887	344	0	0	5	339	267	72
PCT7852	ED	1153	130	0	0	5	125	85	40
PCT7852	MV	1153	371	0	0	12	359	284	75
PCT7852	TO	1153	501	0	0	17	484	369	115
PCT7853	ED	1736	183	0	0	6	177	154	23
PCT7853	MV	1736	432	0	1	17	414	323	91
PCT7853	TO	1736	615	0	1	23	591	477	114
PCT7854	ED	866	109	0	0	5	104	84	20
PCT7854	MV	866	269	0	0	5	264	207	57
PCT7854	TO	866	378	0	0	10	368	291	77
PCT7855	ED	1775	243	0	0	4	239	189	50
PCT7855	MV	1775	396	0	0	18	378	291	87
PCT7855	TO	1775	639	0	0	22	617	480	137
PCT7858	ED	1646	199	0	0	6	193	167	26
PCT7858	MV	1646	398	0	0	13	385	308	77
PCT7858	TO	1646	597	0	0	19	578	475	103
PCT7861	ED	854	111	0	0	0	111	91	20
PCT7861	MV	854	215	0	0	8	207	164	43
PCT7861	TO	854	326	0	0	8	318	255	63
PCT7862	ED	857	132	0	0	2	130	101	29
PCT7862	MV	857	242	0	0	6	236	186	50
PCT7862	TO	857	374	0	0	8	366	287	79
PCT7863	ED	881	127	0	0	4	123	103	20
PCT7863	MV	881	189	0	0	5	184	152	32
PCT7863	TO	881	316	0	0	9	307	255	52
PCT7864	ED	804	96	0	0	3	93	68	25
PCT7864	MV	804	228	0	0	7	221	170	51
PCT7864	TO	804	324	0	0	10	314	238	76
PCT7866	ED	822	113	0	0	5	108	92	16
PCT7866	MV	822	267	0	0	14	253	197	56
PCT7866	TO	822	380	0	0	19	361	289	72
PCT7867	ED	969	124	0	0	8	116	91	25
PCT7867	MV	969	287	0	0	10	277	227	50
PCT7867	TO	969	411	0	0	18	393	318	75
PCT7868	ED	870	117	0	0	4	113	88	25
PCT7868	MV	870	233	0	0	9	224	170	54
PCT7868	TO	870	350	0	0	13	337	258	79
PCT7869	ED	863	109	0	0	5	104	77	27
PCT7869	MV	863	290	0	0	11	279	216	63
PCT7869	TO	863	399	0	0	16	383	293	90
PCT7871	ED	877	125	0	0	2	123	100	23
PCT7871	MV	877	190	0	0	7	183	152	31
PCT7871	TO	877	315	0	0	9	306	252	54
PCT7872	ED	863	134	0	0	4	130	102	28
PCT7872	MV	863	289	0	0	7	282	222	60
PCT7872	TO	863	423	0	0	11	412	324	88
PCT7873	ED	1688	227	0	0	12	215	174	41
PCT7873	MV	1688	523	0	0	21	502	404	98
PCT7873	TO	1688	750	0	0	33	717	578	139
PCT7874	ED	474	55	0	0	2	53	39	14
PCT7874	MV	474	118	0	0	2	116	93	23
PCT7874	TO	474	173	0	0	4	169	132	37
PCT7875	ED	624	63	0	0	4	59	48	11
PCT7875	MV	624	149	0	0	8	141	118	23
PCT7875	TO	624	212	0	0	12	200	166	34
PCT7876	ED	523	49	0	0	3	46	36	10
PCT7876	MV	523	143	0	0	4	139	112	27
PCT7876	TO	523	192	0	0	7	185	148	37
PCT7902	ED	1729	159	0	0	6	153	128	25
PCT7902	MV	1729	310	0	0	6	304	234	70
PCT7902	TO	1729	469	0	0	12	457	362	95
PCT7903	ED	826	102	0	0	6	96	82	14
PCT7903	MV	826	168	0	0	13	155	128	27
PCT7903	TO	826	270	0	0	19	251	210	41
PCT7905	ED	880	115	0	0	1	114	99	15
PCT7905	MV	880	216	0	0	9	207	162	45
PCT7905	TO	880	331	0	0	10	321	261	60
PCT7906	ED	757	75	0	0	5	70	64	6
PCT7906	MV	757	93	0	0	7	86	62	24
PCT7906	TO	757	168	0	0	12	156	126	30
PCT7908	ED	1907	203	0	0	4	199	174	25
PCT7908	MV	1907	301	0	0	13	288	237	51
PCT7908	TO	1907	504	0	0	17	487	411	76
PCT7909	ED	718	96	0	0	3	93	82	11
PCT7909	MV	718	165	0	0	6	159	130	29
PCT7909	TO	718	261	0	0	9	252	212	40
PCT7911	ED	845	91	0	0	4	87	72	15
PCT7911	MV	845	177	0	0	6	171	134	37
PCT7911	TO	845	268	0	0	10	258	206	52
PCT7912	ED	1940	230	0	0	7	223	193	30
PCT7912	MV	1940	398	0	0	15	383	308	75
PCT7912	TO	1940	628	0	0	22	606	501	105
PCT7915	ED	1692	201	0	0	5	196	175	21
PCT7915	MV	1692	339	0	0	7	332	278	54
PCT7915	TO	1692	540	0	0	12	528	453	75
PCT7916	ED	842	119	0	0	6	113	99	14
PCT7916	MV	842	186	0	0	8	178	140	38
PCT7916	TO	842	305	0	0	14	291	239	52
PCT7917	ED	1823	232	0	1	6	225	195	30
PCT7917	MV	1823	268	0	0	11	257	209	48
PCT7917	TO	1823	500	0	1	17	482	404	78
PCT7918	ED	798	96	0	0	3	93	79	14
PCT7918	MV	798	156	0	0	6	150	124	26
PCT7918	TO	798	252	0	0	9	243	203	40
PCT7921	ED	1729	158	0	0	4	154	142	12
PCT7921	MV	1729	348	0	0	9	339	271	68
PCT7921	TO	1729	506	0	0	13	493	413	80
PCT7923	ED	1708	173	0	0	9	164	148	16
PCT7923	MV	1708	258	0	0	10	248	200	48
PCT7923	TO	1708	431	0	0	19	412	348	64
PCT7925	ED	530	58	0	0	1	57	52	5
PCT7925	MV	530	128	0	0	9	119	97	22
PCT7925	TO	530	186	0	0	10	176	149	27
PCT7926	ED	783	114	0	0	5	109	93	16
PCT7926	MV	783	137	0	0	5	132	106	26
PCT7926	TO	783	251	0	0	10	241	199	42
PCT7928	ED	1661	261	0	0	9	252	211	41
PCT7928	MV	1661	440	0	0	8	432	358	74
PCT7928	TO	1661	701	0	0	17	684	569	115
PCT7929	ED	830	117	0	0	3	114	97	17
PCT7929	MV	830	270	0	0	10	260	214	46
PCT7929	TO	830	387	0	0	13	374	311	63
PCT7931	ED	742	96	0	0	3	93	78	15
PCT7931	MV	742	249	0	0	12	237	205	32
PCT7931	TO	742	345	0	0	15	330	283	47
PCT7932	ED	547	68	0	0	2	66	50	16
PCT7932	MV	547	154	0	0	3	151	124	27
PCT7932	TO	547	222	0	0	5	217	174	43
PCT7933	MV	7	4	0	0	0	4	3	1
PCT7933	TO	7	4	0	0	0	4	3	1
PCT7934	ED	866	92	0	0	3	89	78	11
PCT7934	MV	866	250	0	0	10	240	204	36
PCT7934	TO	866	342	0	0	13	329	282	47
PCT7935	ED	927	131	0	0	5	126	105	21
PCT7935	MV	927	254	0	0	10	244	201	43
PCT7935	TO	927	385	0	0	15	370	306	64
PCT7936	ED	1508	285	0	1	6	278	235	43
PCT7936	MV	1508	318	0	0	8	310	260	50
PCT7936	TO	1508	603	0	1	14	588	495	93
PCT7937	ED	899	108	0	0	6	102	94	8
PCT7937	MV	899	252	0	0	8	244	197	47
PCT7937	TO	899	360	0	0	14	346	291	55
PCT7938	ED	758	80	0	0	3	77	64	13
PCT7938	MV	758	177	0	0	5	172	144	28
PCT7938	TO	758	257	0	0	8	249	208	41
PCT7941	ED	752	95	0	0	3	92	71	21
PCT7941	MV	752	176	0	0	5	171	148	23
PCT7941	TO	752	271	0	0	8	263	219	44
PCT7942	ED	923	72	0	0	3	69	56	13
PCT7942	MV	923	213	0	0	12	201	169	32
PCT7942	TO	923	285	0	0	15	270	225	45
PCT7943	ED	1675	215	0	0	5	210	175	35
PCT7943	MV	1675	436	0	0	16	420	356	64
PCT7943	TO	1675	651	0	0	21	630	531	99
PCT7945	ED	940	50	0	0	0	50	43	7
PCT7945	MV	940	210	0	0	9	201	178	23
PCT7945	TO	940	260	0	0	9	251	221	30
PCT7946	ED	1553	111	0	1	2	108	81	27
PCT7946	MV	1553	411	0	0	16	395	294	101
PCT7946	TO	1553	522	0	1	18	503	375	128
PCT7947	ED	960	51	0	0	2	49	37	12
PCT7947	MV	960	262	0	0	16	246	189	57
PCT7947	TO	960	313	0	0	18	295	226	69
PCT7948	ED	918	75	0	0	2	73	62	11
PCT7948	MV	918	261	0	0	18	243	176	67
PCT7948	TO	918	336	0	0	20	316	238	78
PCT7951	ED	1818	98	0	0	3	95	71	24
PCT7951	MV	1818	518	0	0	37	481	345	136
PCT7951	TO	1818	616	0	0	40	576	416	160
PCT7953	ED	824	69	0	0	1	68	45	23
PCT7953	MV	824	204	0	0	5	199	155	44
PCT7953	TO	824	273	0	0	6	267	200	67
PCT7954	MV	1	1	0	0	0	1	0	1
PCT7954	TO	1	1	0	0	0	1	0	1
PCT7956	ED	1759	85	0	0	6	79	52	27
PCT7956	MV	1759	358	0	0	26	332	241	91
PCT7956	TO	1759	443	0	0	32	411	293	118
PCT7957	ED	665	60	0	0	2	58	45	13
PCT7957	MV	665	180	0	0	13	167	125	42
PCT7957	TO	665	240	0	0	15	225	170	55
PCT7958	MV	301	73	0	0	2	71	49	22
PCT7958	TO	301	73	0	0	2	71	49	22
PCT7959	ED	1198	94	0	0	4	90	80	10
PCT7959	MV	1198	240	0	0	4	236	188	48
PCT7959	TO	1198	334	0	0	8	326	268	58
PCT9001	MV	286	69	0	0	1	68	55	13
PCT9001	TO	286	69	0	0	1	68	55	13
PCT9103	ED	946	98	0	0	6	92	66	26
PCT9103	MV	946	221	0	0	8	213	167	46
PCT9103	TO	946	319	0	0	14	305	233	72
PCT9104	ED	993	83	0	0	3	80	64	16
PCT9104	MV	993	225	0	0	10	215	158	57
PCT9104	TO	993	308	0	0	13	295	222	73
PCT9105	ED	1747	185	0	1	8	176	127	49
PCT9105	MV	1747	369	0	0	12	357	271	86
PCT9105	TO	1747	554	0	1	20	533	398	135
PCT9106	ED	935	109	0	0	4	105	87	18
PCT9106	MV	935	256	0	0	16	240	181	59
PCT9106	TO	935	365	0	0	20	345	268	77
PCT9109	ED	1651	202	0	0	10	192	141	51
PCT9109	MV	1651	376	0	0	23	353	282	71
PCT9109	TO	1651	578	0	0	33	545	423	122
PCT9111	ED	809	82	0	0	5	77	60	17
PCT9111	MV	809	151	0	0	11	140	104	36
PCT9111	TO	809	233	0	0	16	217	164	53
PCT9113	ED	997	132	0	0	9	123	89	34
PCT9113	MV	997	241	0	0	13	228	170	58
PCT9113	TO	997	373	0	0	22	351	259	92
PCT9114	ED	1806	173	0	0	8	165	119	46
PCT9114	MV	1806	448	0	0	23	425	321	104
PCT9114	TO	1806	621	0	0	31	590	440	150
PCT9116	ED	1822	194	0	0	10	184	157	27
PCT9116	MV	1822	335	0	0	14	321	244	77
PCT9116	TO	1822	529	0	0	24	505	401	104
PCT9117	ED	1691	202	0	0	8	194	155	39
PCT9117	MV	1691	464	0	0	33	431	344	87
PCT9117	TO	1691	666	0	0	41	625	499	126
PCT9118	ED	1938	171	0	0	7	164	125	39
PCT9118	MV	1938	433	0	0	17	416	326	90
PCT9118	TO	1938	604	0	0	24	580	451	129
PCT9119	ED	899	77	0	0	5	72	60	12
PCT9119	MV	899	267	0	0	12	255	200	55
PCT9119	TO	899	344	0	0	17	327	260	67
PCT9122	ED	1865	148	0	0	8	140	108	32
PCT9122	MV	1865	461	0	0	21	440	332	108
PCT9122	TO	1865	609	0	0	29	580	440	140
PCT9124	ED	1843	179	0	0	8	171	133	38
PCT9124	MV	1843	454	0	0	26	428	333	95
PCT9124	TO	1843	633	0	0	34	599	466	133
PCT9125	ED	879	83	0	0	4	79	65	14
PCT9125	MV	879	219	0	0	8	211	151	60
PCT9125	TO	879	302	0	0	12	290	216	74
PCT9127	ED	1974	213	0	0	7	206	147	59
PCT9127	MV	1974	549	0	0	29	520	385	135
PCT9127	TO	1974	762	0	0	36	726	532	194
PCT9128	ED	814	102	0	0	4	98	74	24
PCT9128	MV	814	161	0	0	4	157	121	36
PCT9128	TO	814	263	0	0	8	255	195	60
PCT9129	ED	1459	128	0	0	3	125	89	36
PCT9129	MV	1459	366	0	0	11	355	252	103
PCT9129	TO	1459	494	0	0	14	480	341	139
PCT9132	ED	805	80	0	0	5	75	62	13
PCT9132	MV	805	141	0	0	12	129	108	21
PCT9132	TO	805	221	0	0	17	204	170	34
PCT9133	ED	1984	203	0	0	8	195	153	42
PCT9133	MV	1984	437	0	0	35	402	324	78
PCT9133	TO	1984	640	0	0	43	597	477	120
PCT9134	ED	891	60	0	0	0	60	42	18
PCT9134	MV	891	224	0	0	23	201	152	49
PCT9134	TO	891	284	0	0	23	261	194	67
PCT9135	ED	802	90	0	0	1	89	67	22
PCT9135	MV	802	202	0	0	9	193	136	57
PCT9135	TO	802	292	0	0	10	282	203	79
PCT9136	ED	900	97	0	0	4	93	68	25
PCT9136	MV	900	212	0	1	15	196	148	48
PCT9136	TO	900	309	0	1	19	289	216	73
PCT9137	ED	999	90	0	0	4	86	63	23
PCT9137	MV	999	237	0	0	13	224	181	43
PCT9137	TO	999	327	0	0	17	310	244	66
PCT9138	ED	929	69	0	0	2	67	48	19
PCT9138	MV	929	255	0	0	11	244	184	60
PCT9138	TO	929	324	0	0	13	311	232	79
PCT9139	ED	986	83	0	0	2	81	56	25
PCT9139	MV	986	214	0	0	11	203	150	53
PCT9139	TO	986	297	0	0	13	284	206	78
PCT9141	ED	1803	187	0	0	7	180	131	49
PCT9141	MV	1803	439	0	0	22	417	327	90
PCT9141	TO	1803	626	0	0	29	597	458	139
PCT9143	ED	895	103	0	0	3	100	79	21
PCT9143	MV	895	199	0	0	5	194	151	43
PCT9143	TO	895	302	0	0	8	294	230	64
PCT9144	ED	958	121	0	0	1	120	97	23
PCT9144	MV	958	255	0	0	10	245	186	59
PCT9144	TO	958	376	0	0	11	365	283	82
PCT9145	ED	851	89	0	0	4	85	70	15
PCT9145	MV	851	217	0	0	9	208	156	52
PCT9145	TO	851	306	0	0	13	293	226	67
PCT9146	ED	1837	209	0	0	8	201	158	43
PCT9146	MV	1837	326	0	0	13	313	247	66
PCT9146	TO	1837	535	0	0	21	514	405	109
PCT9149	ED	957	134	0	0	4	130	116	14
PCT9149	MV	957	163	0	0	3	160	129	31
PCT9149	TO	957	297	0	0	7	290	245	45
PCT9152	ED	1630	123	0	0	3	120	95	25
PCT9152	MV	1630	276	0	0	5	271	219	52
PCT9152	TO	1630	399	0	0	8	391	314	77
PCT9201	ED	950	76	0	0	1	75	64	11
PCT9201	MV	950	158	0	0	5	153	131	22
PCT9201	TO	950	234	0	0	6	228	195	33
PCT9202	ED	977	78	0	0	7	71	52	19
PCT9202	MV	977	168	0	0	3	165	111	54
PCT9202	TO	977	246	0	0	10	236	163	73
PCT9203	ED	984	51	0	0	2	49	30	19
PCT9203	MV	984	198	0	0	7	191	121	70
PCT9203	TO	984	249	0	0	9	240	151	89
PCT9204	ED	855	83	0	0	10	73	38	35
PCT9204	MV	855	175	0	0	16	159	96	63
PCT9204	TO	855	258	0	0	26	232	134	98
PCT9205	ED	1484	103	0	0	4	99	69	30
PCT9205	MV	1484	271	0	0	13	258	188	70
PCT9205	TO	1484	374	0	0	17	357	257	100
PCT9208	ED	1935	136	0	0	6	130	92	38
PCT9208	MV	1935	398	0	0	16	382	269	113
PCT9208	TO	1935	534	0	0	22	512	361	151
PCT9209	ED	742	64	0	0	3	61	42	19
PCT9209	MV	742	160	0	0	8	152	116	36
PCT9209	TO	742	224	0	0	11	213	158	55
PCT9211	ED	1788	140	0	0	14	126	83	43
PCT9211	MV	1788	402	0	0	16	386	259	127
PCT9211	TO	1788	542	0	0	30	512	342	170
PCT9213	ED	927	67	0	0	1	66	45	21
PCT9213	MV	927	212	0	0	12	200	153	47
PCT9213	TO	927	279	0	0	13	266	198	68
PCT9214	ED	633	52	0	0	0	52	28	24
PCT9214	MV	633	156	0	0	10	146	105	41
PCT9214	TO	633	208	0	0	10	198	133	65
PCT9215	ED	641	58	0	0	3	55	38	17
PCT9215	MV	641	138	0	0	9	129	89	40
PCT9215	TO	641	196	0	0	12	184	127	57
PCT9216	ED	818	58	0	0	3	55	34	21
PCT9216	MV	818	149	0	0	10	139	89	50
PCT9216	TO	818	207	0	0	13	194	123	71
PCT9217	ED	704	48	0	0	1	47	27	20
PCT9217	MV	704	127	0	0	6	121	82	39
PCT9217	TO	704	175	0	0	7	168	109	59
PCT9218	ED	805	66	0	0	5	61	42	19
PCT9218	MV	805	126	0	0	5	121	82	39
PCT9218	TO	805	192	0	0	10	182	124	58
PCT9219	ED	1727	142	0	0	1	141	96	45
PCT9219	MV	1727	235	0	0	16	219	162	57
PCT9219	TO	1727	377	0	0	17	360	258	102
PCT9221	ED	638	60	0	0	4	56	26	30
PCT9221	MV	638	211	0	0	9	202	112	90
PCT9221	TO	638	271	0	0	13	258	138	120
PCT9222	ED	886	63	0	0	6	57	35	22
PCT9222	MV	886	235	0	0	17	218	155	63
PCT9222	TO	886	298	0	0	23	275	190	85
PCT9223	ED	651	39	0	0	2	37	25	12
PCT9223	MV	651	139	0	0	6	133	83	50
PCT9223	TO	651	178	0	0	8	170	108	62
PCT9224	ED	928	77	0	0	3	74	49	25
PCT9224	MV	928	241	0	0	6	235	171	64
PCT9224	TO	928	318	0	0	9	309	220	89
PCT9226	ED	892	70	0	0	2	68	47	21
PCT9226	MV	892	210	0	0	10	200	143	57
PCT9226	TO	892	280	0	0	12	268	190	78
PCT9227	ED	713	72	0	0	2	70	48	22
PCT9227	MV	713	250	0	0	12	238	167	71
PCT9227	TO	713	322	0	0	14	308	215	93
PCT9228	ED	740	77	0	0	3	74	49	25
PCT9228	MV	740	208	0	0	10	198	131	67
PCT9228	TO	740	285	0	0	13	272	180	92
PCT9229	ED	574	80	0	0	2	78	51	27
PCT9229	MV	574	155	0	0	5	150	113	37
PCT9229	TO	574	235	0	0	7	228	164	64
PCT9231	ED	954	122	0	0	8	114	84	30
PCT9231	MV	954	237	0	2	4	231	172	59
PCT9231	TO	954	359	0	2	12	345	256	89
PCT9232	ED	716	74	0	0	3	71	45	26
PCT9232	MV	716	183	0	0	8	175	114	61
PCT9232	TO	716	257	0	0	11	246	159	87
PCT9233	ED	814	62	0	0	3	59	30	29
PCT9233	MV	814	231	0	0	14	217	141	76
PCT9233	TO	814	293	0	0	17	276	171	105
PCT9234	ED	747	56	0	0	3	53	32	21
PCT9234	MV	747	201	0	0	13	188	133	55
PCT9234	TO	747	257	0	0	16	241	165	76
PCT9235	ED	1439	127	0	0	7	120	88	32
PCT9235	MV	1439	360	0	1	14	345	234	111
PCT9235	TO	1439	487	0	1	21	465	322	143
PCT9236	ED	659	53	0	0	4	49	27	22
PCT9236	MV	659	179	0	0	12	167	111	56
PCT9236	TO	659	232	0	0	16	216	138	78
PCT9237	ED	874	60	0	0	4	56	39	17
PCT9237	MV	874	240	0	0	13	227	158	69
PCT9237	TO	874	300	0	0	17	283	197	86
PCT9238	ED	1769	122	0	0	7	115	84	31
PCT9238	MV	1769	364	0	0	15	349	247	102
PCT9238	TO	1769	486	0	0	22	464	331	133
PCT9239	ED	866	64	0	0	3	61	34	27
PCT9239	MV	866	244	0	0	11	233	158	75
PCT9239	TO	866	308	0	0	14	294	192	102
PCT9241	ED	968	78	0	0	1	77	56	21
PCT9241	MV	968	191	0	0	5	186	140	46
PCT9241	TO	968	269	0	0	6	263	196	67
PCT9242	ED	1845	121	0	0	0	121	88	33
PCT9242	MV	1845	339	0	0	11	328	235	93
PCT9242	TO	1845	460	0	0	11	449	323	126
PCT9244	ED	881	75	0	0	0	75	51	24
PCT9244	MV	881	173	0	0	13	160	115	45
PCT9244	TO	881	248	0	0	13	235	166	69
PCT9245	ED	1081	104	0	1	4	99	80	19
PCT9245	MV	1081	241	0	0	8	233	169	64
PCT9245	TO	1081	345	0	1	12	332	249	83
PCT9248	ED	870	67	0	0	1	66	52	14
PCT9248	MV	870	182	0	0	6	176	127	49
PCT9248	TO	870	249	0	0	7	242	179	63
PCT9251	ED	1887	220	0	0	11	209	126	83
PCT9251	MV	1887	475	0	0	28	447	339	108
PCT9251	TO	1887	695	0	0	39	656	465	191
PCT9252	ED	918	56	0	0	2	54	41	13
PCT9252	MV	918	248	0	0	11	237	162	75
PCT9252	TO	918	304	0	0	13	291	203	88
PCT9253	ED	752	64	0	0	4	60	42	18
PCT9253	MV	752	204	0	0	23	181	127	54
PCT9253	TO	752	268	0	0	27	241	169	72
PCT9255	ED	1236	119	0	0	1	118	93	25
PCT9255	MV	1236	266	0	0	9	257	206	51
PCT9255	TO	1236	385	0	0	10	375	299	76
PCT9256	ED	1373	112	0	0	3	109	91	18
PCT9256	MV	1373	352	0	0	9	343	248	95
PCT9256	TO	1373	464	0	0	12	452	339	113
PCT9257	MV	311	98	0	0	2	96	76	20
PCT9257	TO	311	98	0	0	2	96	76	20
PCT9401	ED	1015	120	0	0	7	113	92	21
PCT9401	MV	1015	202	0	0	7	195	159	36
PCT9401	TO	1015	322	0	0	14	308	251	57
PCT9402	ED	988	140	0	0	9	131	110	21
PCT9402	MV	988	244	0	0	15	229	188	41
PCT9402	TO	988	384	0	0	24	360	298	62
PCT9404	ED	1814	161	0	0	4	157	129	28
PCT9404	MV	1814	453	0	0	30	423	315	108
PCT9404	TO	1814	614	0	0	34	580	444	136
PCT9405	ED	770	88	0	0	3	85	63	22
PCT9405	MV	770	195	0	0	8	187	141	46
PCT9405	TO	770	283	0	0	11	272	204	68
PCT9406	ED	873	110	0	0	4	106	81	25
PCT9406	MV	873	193	0	0	9	184	151	33
PCT9406	TO	873	303	0	0	13	290	232	58
PCT9407	ED	887	96	0	0	12	84	70	14
PCT9407	MV	887	207	0	0	12	195	151	44
PCT9407	TO	887	303	0	0	24	279	221	58
PCT9408	ED	834	93	0	0	6	87	71	16
PCT9408	MV	834	178	0	1	5	172	151	21
PCT9408	TO	834	271	0	1	11	259	222	37
PCT9409	ED	591	89	0	0	3	86	77	9
PCT9409	MV	591	109	0	0	6	103	76	27
PCT9409	TO	591	198	0	0	9	189	153	36
PCT9411	ED	1842	167	0	0	3	164	137	27
PCT9411	MV	1842	447	0	0	24	423	327	96
PCT9411	TO	1842	614	0	0	27	587	464	123
PCT9413	ED	920	88	0	0	2	86	63	23
PCT9413	MV	920	242	0	0	22	220	179	41
PCT9413	TO	920	330	0	0	24	306	242	64
PCT9415	ED	779	56	0	0	3	53	41	12
PCT9415	MV	779	225	0	0	7	218	165	53
PCT9415	TO	779	281	0	0	10	271	206	65
PCT9416	ED	988	118	0	0	6	112	89	23
PCT9416	MV	988	249	0	0	26	223	169	54
PCT9416	TO	988	367	0	0	32	335	258	77
PCT9418	ED	1561	161	0	0	8	153	119	34
PCT9418	MV	1561	438	0	0	35	403	315	88
PCT9418	TO	1561	599	0	0	43	556	434	122
PCT9419	ED	1790	130	0	0	2	128	89	39
PCT9419	MV	1790	507	0	0	24	483	367	116
PCT9419	TO	1790	637	0	0	26	611	456	155
PCT9421	ED	917	65	0	0	4	61	45	16
PCT9421	MV	917	254	0	0	22	232	174	58
PCT9421	TO	917	319	0	0	26	293	219	74
PCT9422	ED	1068	99	0	0	5	94	71	23
PCT9422	MV	1068	220	0	0	14	206	149	57
PCT9422	TO	1068	319	0	0	19	300	220	80
PCT9423	ED	906	70	0	0	5	65	53	12
PCT9423	MV	906	195	0	0	20	175	134	41
PCT9423	TO	906	265	0	0	25	240	187	53
PCT9424	ED	1949	142	0	0	13	129	106	23
PCT9424	MV	1949	500	0	0	22	478	349	129
PCT9424	TO	1949	642	0	0	35	607	455	152
PCT9426	ED	832	61	0	0	3	58	42	16
PCT9426	MV	832	233	0	0	12	221	171	50
PCT9426	TO	832	294	0	0	15	279	213	66
PCT9427	ED	964	78	0	0	5	73	49	24
PCT9427	MV	964	260	0	0	28	232	170	62
PCT9427	TO	964	338	0	0	33	305	219	86
PCT9431	ED	1914	176	0	0	7	169	124	45
PCT9431	MV	1914	485	0	0	22	463	319	144
PCT9431	TO	1914	661	0	0	29	632	443	189
PCT9432	ED	943	76	0	0	0	76	57	19
PCT9432	MV	943	226	0	0	18	208	166	42
PCT9432	TO	943	302	0	0	18	284	223	61
PCT9433	ED	1923	120	0	0	5	115	81	34
PCT9433	MV	1923	432	0	0	30	402	282	120
PCT9433	TO	1923	552	0	0	35	517	363	154
PCT9434	ED	982	97	0	0	1	96	72	24
PCT9434	MV	982	252	0	0	16	236	175	61
PCT9434	TO	982	349	0	0	17	332	247	85
PCT9436	ED	1057	94	0	0	9	85	52	33
PCT9436	MV	1057	250	0	0	12	238	187	51
PCT9436	TO	1057	344	0	0	21	323	239	84
PCT9437	ED	908	76	0	0	4	72	52	20
PCT9437	MV	908	182	0	0	11	171	127	44
PCT9437	TO	908	258	0	0	15	243	179	64
PCT9439	ED	1863	125	0	1	7	117	91	26
PCT9439	MV	1863	482	0	0	29	453	342	111
PCT9439	TO	1863	607	0	1	36	570	433	137
PCT9441	ED	985	100	0	0	2	98	77	21
PCT9441	MV	985	276	0	0	16	260	201	59
PCT9441	TO	985	376	0	0	18	358	278	80
PCT9442	ED	2015	196	0	0	12	184	131	53
PCT9442	MV	2015	487	0	0	26	461	344	117
PCT9442	TO	2015	683	0	0	38	645	475	170
PCT9443	ED	1908	136	0	0	7	129	97	32
PCT9443	MV	1908	488	0	0	30	458	359	99
PCT9443	TO	1908	624	0	0	37	587	456	131
PCT9445	ED	971	72	0	0	5	67	46	21
PCT9445	MV	971	276	0	0	16	260	183	77
PCT9445	TO	971	348	0	0	21	327	229	98
PCT9446	ED	1940	185	0	0	11	174	126	48
PCT9446	MV	1940	428	0	0	17	411	279	132
PCT9446	TO	1940	613	0	0	28	585	405	180
PCT9447	ED	889	88	0	0	3	85	66	19
PCT9447	MV	889	176	0	0	5	171	114	57
PCT9447	TO	889	264	0	0	8	256	180	76
PCT9448	ED	936	76	0	0	3	73	51	22
PCT9448	MV	936	165	0	0	8	157	124	33
PCT9448	TO	936	241	0	0	11	230	175	55
PCT9449	ED	862	74	0	0	3	71	44	27
PCT9449	MV	862	239	0	0	9	230	167	63
PCT9449	TO	862	313	0	0	12	301	211	90
PCT9451	ED	437	32	0	0	1	31	19	12
PCT9451	MV	437	129	0	0	3	126	84	42
PCT9451	TO	437	161	0	0	4	157	103	54
PCT9453	ED	520	44	0	0	2	42	22	20
PCT9453	MV	520	141	0	0	8	133	104	29
PCT9453	TO	520	185	0	0	10	175	126	49
PCT9501	MV	147	58	0	0	2	56	37	19
PCT9501	TO	147	58	0	0	2	56	37	19
PCT9502	MV	253	70	0	0	2	68	53	15
PCT9502	TO	253	70	0	0	2	68	53	15
PCT9503	ED	667	60	0	0	1	59	49	10
PCT9503	MV	667	152	0	0	12	140	110	30
PCT9503	TO	667	212	0	0	13	199	159	40
PCT9505	ED	760	100	0	0	7	93	66	27
PCT9505	MV	760	213	0	0	9	204	169	35
PCT9505	TO	760	313	0	0	16	297	235	62
PCT9506	ED	750	73	0	0	5	68	53	15
PCT9506	MV	750	158	0	0	5	153	107	46
PCT9506	TO	750	231	0	0	10	221	160	61
PCT9507	ED	713	92	0	0	5	87	67	20
PCT9507	MV	713	153	0	0	3	150	130	20
PCT9507	TO	713	245	0	0	8	237	197	40
PCT9511	ED	1314	167	0	0	12	155	139	16
PCT9511	MV	1314	214	0	0	5	209	164	45
PCT9511	TO	1314	381	0	0	17	364	303	61
PCT9512	ED	1544	192	0	0	5	187	164	23
PCT9512	MV	1544	383	0	0	11	372	308	64
PCT9512	TO	1544	575	0	0	16	559	472	87
PCT9513	ED	872	125	0	0	5	120	101	19
PCT9513	MV	872	196	0	0	8	188	157	31
PCT9513	TO	872	321	0	0	13	308	258	50
PCT9514	ED	888	117	0	0	6	111	96	15
PCT9514	MV	888	203	0	0	9	194	148	46
PCT9514	TO	888	320	0	0	15	305	244	61
PCT9516	ED	1579	195	0	0	5	190	150	40
PCT9516	MV	1579	346	0	0	17	329	264	65
PCT9516	TO	1579	541	0	0	22	519	414	105
PCT9517	ED	1554	181	0	0	4	177	155	22
PCT9517	MV	1554	311	0	0	10	301	245	56
PCT9517	TO	1554	492	0	0	14	478	400	78
PCT9519	ED	882	112	0	0	6	106	82	24
PCT9519	MV	882	268	0	0	8	260	204	56
PCT9519	TO	882	380	0	0	14	366	286	80
PCT9521	ED	870	131	0	0	3	128	104	24
PCT9521	MV	870	264	0	0	11	253	192	61
PCT9521	TO	870	395	0	0	14	381	296	85
PCT9701	ED	652	100	0	0	6	94	78	16
PCT9701	MV	652	142	0	0	6	136	109	27
PCT9701	TO	652	242	0	0	12	230	187	43
PCT9702	ED	709	87	0	0	2	85	67	18
PCT9702	MV	709	150	0	0	9	141	119	22
PCT9702	TO	709	237	0	0	11	226	186	40
PCT9703	ED	981	94	0	0	3	91	68	23
PCT9703	MV	981	214	0	0	7	207	170	37
PCT9703	TO	981	308	0	0	10	298	238	60
PCT9704	ED	946	109	0	0	2	107	83	24
PCT9704	MV	946	235	0	0	13	222	168	54
PCT9704	TO	946	344	0	0	15	329	251	78
PCT9705	ED	1865	204	0	0	8	196	165	31
PCT9705	MV	1865	442	0	0	19	423	340	83
PCT9705	TO	1865	646	0	0	27	619	505	114
PCT9706	MV	48	18	0	0	1	17	10	7
PCT9706	TO	48	18	0	0	1	17	10	7
PCT9709	ED	1021	84	0	0	3	81	60	21
PCT9709	MV	1021	271	0	0	9	262	185	77
PCT9709	TO	1021	355	0	0	12	343	245	98
PCT9711	ED	1433	160	0	0	4	156	116	40
PCT9711	MV	1433	393	0	0	16	377	283	94
PCT9711	TO	1433	553	0	0	20	533	399	134
PCT9712	ED	1237	157	0	0	5	152	96	56
PCT9712	MV	1237	375	0	0	17	358	240	118
PCT9712	TO	1237	532	0	0	22	510	336	174
PCT9716	ED	951	110	0	0	7	103	76	27
PCT9716	MV	951	224	0	0	18	206	153	53
PCT9716	TO	951	334	0	0	25	309	229	80
PCT9717	ED	1917	177	0	0	8	169	116	53
PCT9717	MV	1917	529	0	0	26	503	390	113
PCT9717	TO	1917	706	0	0	34	672	506	166
PCT9718	ED	1833	225	0	0	9	216	143	73
PCT9718	MV	1833	609	0	0	28	581	432	149
PCT9718	TO	1833	834	0	0	37	797	575	222
PCT9719	ED	910	104	0	0	1	103	73	30
PCT9719	MV	910	233	0	0	6	227	146	81
PCT9719	TO	910	337	0	0	7	330	219	111
PCT9721	ED	660	114	0	0	6	108	72	36
PCT9721	MV	660	215	0	0	9	206	150	56
PCT9721	TO	660	329	0	0	15	314	222	92
PCT9722	ED	587	64	0	0	3	61	47	14
PCT9722	MV	587	206	0	0	9	197	145	52
PCT9722	TO	587	270	0	0	12	258	192	66
PCT9723	ED	505	34	0	0	0	34	19	15
PCT9723	MV	505	165	0	0	11	154	120	34
PCT9723	TO	505	199	0	0	11	188	139	49
PCT9724	ED	1003	72	0	0	3	69	52	17
PCT9724	MV	1003	322	0	0	16	306	187	119
PCT9724	TO	1003	394	0	0	19	375	239	136
PCT9725	ED	965	76	0	0	4	72	43	29
PCT9725	MV	965	276	0	0	20	256	171	85
PCT9725	TO	965	352	0	0	24	328	214	114
PCT9726	ED	621	53	0	0	0	53	40	13
PCT9726	MV	621	102	0	0	9	93	76	17
PCT9726	TO	621	155	0	0	9	146	116	30
PCT9727	ED	453	34	0	0	3	31	19	12
PCT9727	MV	453	140	0	0	7	133	93	40
PCT9727	TO	453	174	0	0	10	164	112	52
PCT9728	ED	1829	224	0	0	4	220	136	84
PCT9728	MV	1829	527	0	0	13	514	360	154
PCT9728	TO	1829	751	0	0	17	734	496	238
PCT9729	ED	809	86	0	0	3	83	49	34
PCT9729	MV	809	281	0	0	6	275	191	84
PCT9729	TO	809	367	0	0	9	358	240	118
PCT9731	ED	572	62	0	0	4	58	40	18
PCT9731	MV	572	169	0	0	4	165	120	45
PCT9731	TO	572	231	0	0	8	223	160	63
PCT9732	MV	71	25	0	0	0	25	24	1
PCT9732	TO	71	25	0	0	0	25	24	1
PCT9733	MV	235	93	0	0	4	89	70	19
PCT9733	TO	235	93	0	0	4	89	70	19
PCT9734	ED	1389	150	0	0	5	145	94	51
PCT9734	MV	1389	469	0	0	24	445	322	123
PCT9734	TO	1389	619	0	0	29	590	416	174
PCT9737	ED	1518	168	0	0	6	162	120	42
PCT9737	MV	1518	402	0	0	16	386	290	96
PCT9737	TO	1518	570	0	0	22	548	410	138
PCT9738	ED	813	34	0	0	2	32	24	8
PCT9738	MV	813	189	0	0	7	182	141	41
PCT9738	TO	813	223	0	0	9	214	165	49
PCT9739	ED	768	46	0	0	3	43	34	9
PCT9739	MV	768	145	0	0	3	142	118	24
PCT9739	TO	768	191	0	0	6	185	152	33
PCT9741	ED	497	7	0	0	0	7	6	1
PCT9741	MV	497	8	0	0	0	8	7	1
PCT9741	TO	497	15	0	0	0	15	13	2
PCT9742	ED	679	68	0	0	5	63	42	21
PCT9742	MV	679	134	0	0	7	127	89	38
PCT9742	TO	679	202	0	0	12	190	131	59
PCT9743	ED	1138	85	0	0	4	81	63	18
PCT9743	MV	1138	261	0	0	10	251	209	42
PCT9743	TO	1138	346	0	0	14	332	272	60
PCT9744	ED	907	97	0	0	7	90	68	22
PCT9744	MV	907	170	0	0	9	161	121	40
PCT9744	TO	907	267	0	0	16	251	189	62
PCT9745	ED	973	75	0	0	3	72	55	17
PCT9745	MV	973	172	0	0	7	165	137	28
PCT9745	TO	973	247	0	0	10	237	192	45
PCT9748	ED	910	80	0	0	4	76	50	26
PCT9748	MV	910	274	0	0	11	263	195	68
PCT9748	TO	910	354	0	0	15	339	245	94
PCT9749	ED	1871	160	0	0	7	153	114	39
PCT9749	MV	1871	405	0	0	24	381	288	93
PCT9749	TO	1871	565	0	0	31	534	402	132
PCT9751	ED	1038	101	0	0	1	100	72	28
PCT9751	MV	1038	312	0	0	16	296	216	80
PCT9751	TO	1038	413	0	0	17	396	288	108
PCT9752	ED	696	69	0	0	1	68	49	19
PCT9752	MV	696	230	0	0	7	223	165	58
PCT9752	TO	696	299	0	0	8	291	214	77
PCT9753	ED	764	81	0	0	3	78	67	11
PCT9753	MV	764	205	0	0	7	198	157	41
PCT9753	TO	764	286	0	0	10	276	224	52
PCT9754	ED	686	84	0	0	0	84	66	18
PCT9754	MV	686	174	0	0	4	170	138	32
PCT9754	TO	686	258	0	0	4	254	204	50
PCT9755	ED	567	58	0	0	3	55	41	14
PCT9755	MV	567	150	0	0	5	145	110	35
PCT9755	TO	567	208	0	0	8	200	151	49
PCT9756	ED	940	55	0	0	1	54	38	16
PCT9756	MV	940	233	0	0	11	222	162	60
PCT9756	TO	940	288	0	0	12	276	200	76
PCT9801	ED	404	38	0	0	1	37	30	7
PCT9801	MV	404	93	0	0	4	89	75	14
PCT9801	TO	404	131	0	0	5	126	105	21
CONG12	ED	437850	40985	0	8	1686	39291	30642	8649
CONG12	MV	437850	103869	0	13	4967	98889	75591	23298
CONG12	TO	437850	144854	0	21	6653	138180	106233	31947
CONG14	ED	57200	4601	0	0	170	4431	3238	1193
CONG14	MV	57200	14406	0	2	673	13731	10188	3543
CONG14	TO	57200	19007	0	2	843	18162	13426	4736
ASSM17	ED	287476	26749	0	6	1069	25674	20420	5254
ASSM17	MV	287476	68431	0	8	3180	65243	50387	14856
ASSM17	TO	287476	95180	0	14	4249	90917	70807	20110
ASSM19	ED	207574	18837	0	2	787	18048	13460	4588
ASSM19	MV	207574	49844	0	7	2460	47377	35392	11985
ASSM19	TO	207574	68681	0	9	3247	65425	48852	16573
SUPV1	ED	42447	4299	0	1	173	4125	3171	954
SUPV1	MV	42447	9857	0	1	487	9369	7193	2176
SUPV1	TO	42447	14156	0	2	660	13494	10364	3130
SUPV2	ED	49361	3997	0	1	176	3820	2627	1193
SUPV2	MV	49361	11399	0	3	537	10859	7669	3190
SUPV2	TO	49361	15396	0	4	713	14679	10296	4383
SUPV3	ED	38836	3040	0	1	146	2893	2209	684
SUPV3	MV	38836	8848	0	2	554	8292	6224	2068
SUPV3	TO	38836	11888	0	3	700	11185	8433	2752
SUPV4	ED	43341	3899	0	1	189	3709	2805	904
SUPV4	MV	43341	10665	0	1	624	10040	7558	2482
SUPV4	TO	43341	14564	0	2	813	13749	10363	3386
SUPV5	ED	51976	6299	0	0	285	6014	4861	1153
SUPV5	MV	51976	13167	0	1	563	12603	9859	2744
SUPV5	TO	51976	19466	0	1	848	18617	14720	3897
SUPV6	ED	42510	2395	0	0	127	2268	1767	501
SUPV6	MV	42510	9117	0	1	493	8623	6536	2087
SUPV6	TO	42510	11512	0	1	620	10891	8303	2588
SUPV7	ED	46757	4770	0	0	181	4589	3331	1258
SUPV7	MV	46757	12555	0	0	531	12024	8994	3030
SUPV7	TO	46757	17325	0	0	712	16613	12325	4288
SUPV8	ED	57103	7221	0	1	226	6994	5630	1364
SUPV8	MV	57103	15551	0	4	574	14973	11945	3028
SUPV8	TO	57103	22772	0	5	800	21967	17575	4392
SUPV9	ED	42539	4535	0	3	148	4384	3707	677
SUPV9	MV	42539	9559	0	0	393	9166	7343	1823
SUPV9	TO	42539	14094	0	3	541	13550	11050	2500
SUPV10	ED	42195	2593	0	0	117	2476	1864	612
SUPV10	MV	42195	8722	0	0	443	8279	6165	2114
SUPV10	TO	42195	11315	0	0	560	10755	8029	2726
SUPV11	ED	37985	2538	0	0	88	2450	1908	542
SUPV11	MV	37985	8835	0	2	441	8392	6293	2099
SUPV11	TO	37985	11373	0	2	529	10842	8201	2641
NEIG1	ED	20194	1102	0	0	62	1040	774	266
NEIG1	MV	20194	3785	0	0	225	3560	2598	962
NEIG1	TO	20194	4887	0	0	287	4600	3372	1228
NEIG2	ED	18045	1279	0	0	76	1203	904	299
NEIG2	MV	18045	4011	0	1	285	3725	2770	955
NEIG2	TO	18045	5290	0	1	361	4928	3674	1254
NEIG3	ED	27613	2033	0	1	101	1931	1526	405
NEIG3	MV	27613	5737	0	1	340	5396	4215	1181
NEIG3	TO	27613	7770	0	2	441	7327	5741	1586
NEIG4	ED	7735	937	0	0	39	898	720	178
NEIG4	MV	7735	2114	0	1	76	2037	1601	436
NEIG4	TO	7735	3051	0	1	115	2935	2321	614
NEIG5	ED	28067	1842	0	0	63	1779	1390	389
NEIG5	MV	28067	6570	0	1	325	6244	4678	1566
NEIG5	TO	28067	8412	0	1	388	8023	6068	1955
NEIG6	ED	15102	2150	0	0	92	2058	1665	393
NEIG6	MV	15102	4008	0	0	142	3866	3078	788
NEIG6	TO	15102	6158	0	0	234	5924	4743	1181
NEIG7	ED	13133	949	0	0	34	915	700	215
NEIG7	MV	13133	2996	0	1	155	2840	2140	700
NEIG7	TO	13133	3945	0	1	189	3755	2840	915
NEIG8	ED	9501	1219	0	0	44	1175	960	215
NEIG8	MV	9501	2326	0	0	105	2221	1739	482
NEIG8	TO	9501	3545	0	0	149	3396	2699	697
NEIG9	ED	8190	579	0	0	26	553	404	149
NEIG9	MV	8190	1810	0	0	92	1718	1287	431
NEIG9	TO	8190	2389	0	0	118	2271	1691	580
NEIG10	ED	10551	1035	0	0	42	993	761	232
NEIG10	MV	10551	2293	0	0	112	2181	1681	500
NEIG10	TO	10551	3328	0	0	154	3174	2442	732
NEIG11	ED	41063	3200	0	1	147	3052	2119	933
NEIG11	MV	41063	9182	0	1	428	8753	6182	2571
NEIG11	TO	41063	12382	0	2	575	11805	8301	3504
NEIG12	ED	32113	3669	0	1	125	3543	3015	528
NEIG12	MV	32113	6597	0	2	245	6350	5107	1243
NEIG12	TO	32113	10266	0	3	370	9893	8122	1771
NEIG13	ED	15730	2029	0	0	63	1966	1554	412
NEIG13	MV	15730	4188	0	0	151	4037	3201	836
NEIG13	TO	15730	6217	0	0	214	6003	4755	1248
NEIG14	ED	9293	1330	0	1	43	1286	1093	193
NEIG14	MV	9293	2452	0	0	83	2369	1966	403
NEIG14	TO	9293	3782	0	1	126	3655	3059	596
NEIG15	ED	5953	537	0	0	19	518	402	116
NEIG15	MV	5953	1556	0	0	86	1470	1079	391
NEIG15	TO	5953	2093	0	0	105	1988	1481	507
NEIG26	ED	9927	616	0	1	20	595	439	156
NEIG26	MV	9927	2503	0	0	147	2356	1743	613
NEIG26	TO	9927	3119	0	1	167	2951	2182	769
NEIG16	ED	16717	1243	0	0	42	1201	936	265
NEIG16	MV	16717	3991	0	0	135	3856	2974	882
NEIG16	TO	16717	5234	0	0	177	5057	3910	1147
NEIG17	ED	37882	3873	0	1	162	3710	2831	879
NEIG17	MV	37882	8874	0	1	440	8433	6459	1974
NEIG17	TO	37882	12747	0	2	602	12143	9290	2853
NEIG18	ED	6193	652	0	0	28	624	426	198
NEIG18	MV	6193	1721	0	2	82	1637	1152	485
NEIG18	TO	6193	2373	0	2	110	2261	1578	683
NEIG19	ED	7872	873	0	0	29	844	675	169
NEIG19	MV	7872	2058	0	0	75	1983	1644	339
NEIG19	TO	7872	2931	0	0	104	2827	2319	508
NEIG20	ED	24361	1311	0	0	60	1251	945	306
NEIG20	MV	24361	5386	0	1	296	5089	3769	1320
NEIG20	TO	24361	6697	0	1	356	6340	4714	1626
NEIG21	ED	42750	3810	0	1	186	3623	2728	895
NEIG21	MV	42750	10556	0	1	618	9937	7482	2455
NEIG21	TO	42750	14366	0	2	804	13560	10210	3350
NEIG22	ED	19329	2431	0	1	60	2370	1930	440
NEIG22	MV	19329	5705	0	1	213	5491	4363	1128
NEIG22	TO	19329	8136	0	2	273	7861	6293	1568
NEIG23	ED	7912	363	0	0	24	339	238	101
NEIG23	MV	7912	1609	0	0	95	1514	1073	441
NEIG23	TO	7912	1972	0	0	119	1853	1311	542
NEIG24	ED	33087	3644	0	0	130	3514	2520	994
NEIG24	MV	33087	9481	0	0	382	9099	6781	2318
NEIG24	TO	33087	13125	0	0	512	12613	9301	3312
NEIG25	ED	26737	2880	0	0	139	2741	2225	516
NEIG25	MV	26737	6766	0	1	307	6458	5017	1441
NEIG25	TO	26737	9646	0	1	446	9199	7242	1957
