area_id	subtotal_type	RSReg	RSCst	RSRej	RSOvr	RSUnd	RSTot	42:YES	43:NO
ALLPCTS	TO	495050	206307	0	28	9902	196377	151003	45374
ALLPCTS	ED	495050	59414	0	8	2694	56712	44143	12569
ALLPCTS	MV	495050	146893	0	20	7208	139665	106860	32805
PCT1101	ED	557	54	0	0	4	50	46	4
PCT1101	MV	557	166	0	0	7	159	134	25
PCT1101	TO	557	220	0	0	11	209	180	29
PCT1102	ED	994	145	0	0	6	139	114	25
PCT1102	MV	994	304	0	0	8	296	228	68
PCT1102	TO	994	449	0	0	14	435	342	93
PCT1103	ED	962	111	0	0	3	108	84	24
PCT1103	MV	962	283	0	0	10	273	219	54
PCT1103	TO	962	394	0	0	13	381	303	78
PCT1104	ED	1012	109	0	0	7	102	72	30
PCT1104	MV	1012	271	0	0	8	263	213	50
PCT1104	TO	1012	380	0	0	15	365	285	80
PCT1106	ED	1505	168	0	0	7	161	118	43
PCT1106	MV	1505	435	0	1	20	414	303	111
PCT1106	TO	1505	603	0	1	27	575	421	154
PCT1108	ED	908	95	0	0	4	91	68	23
PCT1108	MV	908	272	0	0	25	247	203	44
PCT1108	TO	908	367	0	0	29	338	271	67
PCT1109	ED	805	93	0	0	4	89	65	24
PCT1109	MV	805	233	0	0	19	214	176	38
PCT1109	TO	805	326	0	0	23	303	241	62
PCT1111	ED	1025	106	0	0	3	103	81	22
PCT1111	MV	1025	303	0	0	12	291	221	70
PCT1111	TO	1025	409	0	0	15	394	302	92
PCT1112	ED	770	65	0	0	3	62	53	9
PCT1112	MV	770	217	0	0	6	211	154	57
PCT1112	TO	770	282	0	0	9	273	207	66
PCT1114	ED	1741	129	0	0	10	119	88	31
PCT1114	MV	1741	501	0	0	28	473	364	109
PCT1114	TO	1741	630	0	0	38	592	452	140
PCT1115	ED	1838	165	0	0	8	157	130	27
PCT1115	MV	1838	467	0	0	22	445	339	106
PCT1115	TO	1838	632	0	0	30	602	469	133
PCT1117	ED	1771	155	0	0	10	145	115	30
PCT1117	MV	1771	443	0	0	28	415	306	109
PCT1117	TO	1771	598	0	0	38	560	421	139
PCT1118	ED	1057	99	0	0	6	93	72	21
PCT1118	MV	1057	319	0	1	19	299	215	84
PCT1118	TO	1057	418	0	1	25	392	287	105
PCT1119	ED	771	66	0	0	0	66	53	13
PCT1119	MV	771	226	0	0	15	211	169	42
PCT1119	TO	771	292	0	0	15	277	222	55
PCT1122	ED	638	48	0	0	2	46	33	13
PCT1122	MV	638	188	0	0	15	173	118	55
PCT1122	TO	638	236	0	0	17	219	151	68
PCT1124	ED	812	64	0	0	2	62	46	16
PCT1124	MV	812	188	0	0	7	181	135	46
PCT1124	TO	812	252	0	0	9	243	181	62
PCT1125	ED	1064	48	0	0	1	47	42	5
PCT1125	MV	1064	271	0	0	11	260	192	68
PCT1125	TO	1064	319	0	0	12	307	234	73
PCT1126	ED	1676	121	0	0	3	118	99	19
PCT1126	MV	1676	442	0	0	23	419	310	109
PCT1126	TO	1676	563	0	0	26	537	409	128
PCT1127	ED	1827	157	0	0	4	153	121	32
PCT1127	MV	1827	488	0	1	33	454	332	122
PCT1127	TO	1827	645	0	1	37	607	453	154
PCT1129	ED	1018	85	0	0	8	77	58	19
PCT1129	MV	1018	253	0	0	11	242	183	59
PCT1129	TO	1018	338	0	0	19	319	241	78
PCT1131	ED	836	49	0	0	3	46	37	9
PCT1131	MV	836	226	0	0	19	207	135	72
PCT1131	TO	836	275	0	0	22	253	172	81
PCT1132	ED	1010	47	0	0	0	47	39	8
PCT1132	MV	1010	312	0	0	18	294	218	76
PCT1132	TO	1010	359	0	0	18	341	257	84
PCT1133	ED	857	49	0	0	1	48	41	7
PCT1133	MV	857	255	0	0	16	239	197	42
PCT1133	TO	857	304	0	0	17	287	238	49
PCT1134	ED	762	70	0	0	5	65	58	7
PCT1134	MV	762	215	0	0	11	204	161	43
PCT1134	TO	762	285	0	0	16	269	219	50
PCT1135	ED	554	46	0	0	1	45	35	10
PCT1135	MV	554	195	0	0	10	185	116	69
PCT1135	TO	554	241	0	0	11	230	151	79
PCT1136	ED	847	53	0	0	1	52	36	16
PCT1136	MV	847	248	0	0	18	230	171	59
PCT1136	TO	847	301	0	0	19	282	207	75
PCT1141	ED	1042	103	0	0	4	99	80	19
PCT1141	MV	1042	306	0	0	8	298	219	79
PCT1141	TO	1042	409	0	0	12	397	299	98
PCT1143	ED	1024	109	0	0	0	109	93	16
PCT1143	MV	1024	254	0	0	19	235	169	66
PCT1143	TO	1024	363	0	0	19	344	262	82
PCT1144	ED	1804	177	0	0	9	168	130	38
PCT1144	MV	1804	513	0	0	20	493	381	112
PCT1144	TO	1804	690	0	0	29	661	511	150
PCT1145	ED	894	83	0	0	1	82	59	23
PCT1145	MV	894	297	0	0	9	288	231	57
PCT1145	TO	894	380	0	0	10	370	290	80
PCT1146	ED	1008	83	0	0	2	81	66	15
PCT1146	MV	1008	275	0	0	16	259	200	59
PCT1146	TO	1008	358	0	0	18	340	266	74
PCT1147	ED	868	89	0	0	5	84	63	21
PCT1147	MV	868	235	0	0	12	223	167	56
PCT1147	TO	868	324	0	0	17	307	230	77
PCT1148	ED	1002	100	0	0	12	88	66	22
PCT1148	MV	1002	268	0	0	22	246	185	61
PCT1148	TO	1002	368	0	0	34	334	251	83
PCT1149	ED	911	90	0	0	3	87	73	14
PCT1149	MV	911	237	0	0	7	230	185	45
PCT1149	TO	911	327	0	0	10	317	258	59
PCT1152	ED	1815	155	0	0	5	150	101	49
PCT1152	MV	1815	499	0	0	21	478	359	119
PCT1152	TO	1815	654	0	0	26	628	460	168
PCT7001	ED	752	59	0	0	1	58	42	16
PCT7001	MV	752	231	0	0	8	223	155	68
PCT7001	TO	752	290	0	0	9	281	197	84
PCT7002	ED	659	61	0	0	0	61	52	9
PCT7002	MV	659	151	0	0	1	150	108	42
PCT7002	TO	659	212	0	0	1	211	160	51
PCT7003	ED	1755	233	0	0	6	227	174	53
PCT7003	MV	1755	606	0	0	24	582	451	131
PCT7003	TO	1755	839	0	0	30	809	625	184
PCT7005	ED	850	124	0	0	4	120	103	17
PCT7005	MV	850	280	0	0	7	273	214	59
PCT7005	TO	850	404	0	0	11	393	317	76
PCT7006	ED	921	135	0	0	4	131	112	19
PCT7006	MV	921	263	0	0	12	251	217	34
PCT7006	TO	921	398	0	0	16	382	329	53
PCT7007	ED	1821	269	0	0	13	256	191	65
PCT7007	MV	1821	608	0	0	26	582	462	120
PCT7007	TO	1821	877	0	0	39	838	653	185
PCT7009	ED	874	74	0	0	6	68	47	21
PCT7009	MV	874	317	0	0	12	305	250	55
PCT7009	TO	874	391	0	0	18	373	297	76
PCT7011	ED	951	87	0	0	3	84	59	25
PCT7011	MV	951	168	0	0	5	163	130	33
PCT7011	TO	951	255	0	0	8	247	189	58
PCT7012	ED	1165	149	0	0	4	145	109	36
PCT7012	MV	1165	365	0	0	15	350	277	73
PCT7012	TO	1165	514	0	0	19	495	386	109
PCT7013	ED	1033	93	0	0	7	86	74	12
PCT7013	MV	1033	283	0	0	8	275	211	64
PCT7013	TO	1033	376	0	0	15	361	285	76
PCT7014	ED	1388	136	0	0	1	135	107	28
PCT7014	MV	1388	417	0	0	22	395	292	103
PCT7014	TO	1388	553	0	0	23	530	399	131
PCT7015	ED	104	1	0	0	0	1	1	0
PCT7015	MV	104	25	0	0	0	25	23	2
PCT7015	TO	104	26	0	0	0	26	24	2
PCT7016	ED	912	75	0	0	3	72	50	22
PCT7016	MV	912	174	0	0	15	159	113	46
PCT7016	TO	912	249	0	0	18	231	163	68
PCT7017	ED	781	50	0	0	10	40	26	14
PCT7017	MV	781	143	0	0	10	133	77	56
PCT7017	TO	781	193	0	0	20	173	103	70
PCT7019	ED	1908	121	0	0	5	116	87	29
PCT7019	MV	1908	558	0	0	33	525	390	135
PCT7019	TO	1908	679	0	0	38	641	477	164
PCT7021	ED	955	96	0	0	7	89	67	22
PCT7021	MV	955	212	0	0	12	200	151	49
PCT7021	TO	955	308	0	0	19	289	218	71
PCT7022	ED	943	94	0	0	9	85	65	20
PCT7022	MV	943	215	0	0	13	202	149	53
PCT7022	TO	943	309	0	0	22	287	214	73
PCT7024	ED	448	39	0	0	4	35	21	14
PCT7024	MV	448	34	0	0	2	32	23	9
PCT7024	TO	448	73	0	0	6	67	44	23
PCT7025	ED	473	34	0	0	1	33	24	9
PCT7025	MV	473	58	0	0	1	57	42	15
PCT7025	TO	473	92	0	0	2	90	66	24
PCT7026	ED	1009	56	0	0	5	51	36	15
PCT7026	MV	1009	303	0	0	22	281	201	80
PCT7026	TO	1009	359	0	0	27	332	237	95
PCT7027	ED	883	86	0	0	3	83	60	23
PCT7027	MV	883	230	0	0	18	212	160	52
PCT7027	TO	883	316	0	0	21	295	220	75
PCT7028	ED	849	114	0	0	7	107	85	22
PCT7028	MV	849	168	0	0	11	157	127	30
PCT7028	TO	849	282	0	0	18	264	212	52
PCT7029	ED	1812	146	0	0	13	133	106	27
PCT7029	MV	1812	385	0	0	24	361	262	99
PCT7029	TO	1812	531	0	0	37	494	368	126
PCT7030	ED	787	54	0	0	3	51	33	18
PCT7030	MV	787	243	0	0	16	227	154	73
PCT7030	TO	787	297	0	0	19	278	187	91
PCT7031	ED	680	37	0	0	0	37	28	9
PCT7031	MV	680	210	0	0	20	190	136	54
PCT7031	TO	680	247	0	0	20	227	164	63
PCT7032	ED	876	70	0	0	4	66	47	19
PCT7032	MV	876	212	0	0	10	202	155	47
PCT7032	TO	876	282	0	0	14	268	202	66
PCT7033	ED	770	88	0	0	8	80	65	15
PCT7033	MV	770	164	0	0	9	155	102	53
PCT7033	TO	770	252	0	0	17	235	167	68
PCT7034	ED	954	61	0	0	4	57	39	18
PCT7034	MV	954	119	0	0	8	111	69	42
PCT7034	TO	954	180	0	0	12	168	108	60
PCT7035	ED	681	46	0	0	2	44	34	10
PCT7035	MV	681	181	0	0	5	176	141	35
PCT7035	TO	681	227	0	0	7	220	175	45
PCT7037	ED	1676	80	0	0	7	73	49	24
PCT7037	MV	1676	268	0	0	10	258	176	82
PCT7037	TO	1676	348	0	0	17	331	225	106
PCT7038	ED	924	49	0	0	4	45	36	9
PCT7038	MV	924	244	0	0	19	225	165	60
PCT7038	TO	924	293	0	0	23	270	201	69
PCT7039	ED	830	84	0	0	2	82	59	23
PCT7039	MV	830	197	0	0	12	185	144	41
PCT7039	TO	830	281	0	0	14	267	203	64
PCT7041	MV	60	13	0	0	0	13	11	2
PCT7041	TO	60	13	0	0	0	13	11	2
PCT7042	ED	1069	92	0	0	5	87	58	29
PCT7042	MV	1069	266	0	0	15	251	191	60
PCT7042	TO	1069	358	0	0	20	338	249	89
PCT7043	ED	961	61	0	0	1	60	49	11
PCT7043	MV	961	228	0	0	12	216	171	45
PCT7043	TO	961	289	0	0	13	276	220	56
PCT7044	ED	844	42	0	0	4	38	18	20
PCT7044	MV	844	115	0	0	6	109	74	35
PCT7044	TO	844	157	0	0	10	147	92	55
PCT7045	ED	783	49	0	0	4	45	33	12
PCT7045	MV	783	243	0	0	14	229	169	60
PCT7045	TO	783	292	0	0	18	274	202	72
PCT7047	ED	1727	102	0	0	9	93	64	29
PCT7047	MV	1727	509	0	0	33	476	339	137
PCT7047	TO	1727	611	0	0	42	569	403	166
PCT7048	ED	870	53	0	0	6	47	29	18
PCT7048	MV	870	209	0	0	10	199	143	56
PCT7048	TO	870	262	0	0	16	246	172	74
PCT7049	ED	815	68	0	0	3	65	42	23
PCT7049	MV	815	200	0	0	24	176	110	66
PCT7049	TO	815	268	0	0	27	241	152	89
PCT7052	ED	878	87	0	0	4	83	65	18
PCT7052	MV	878	247	0	0	18	229	173	56
PCT7052	TO	878	334	0	0	22	312	238	74
PCT7053	ED	568	38	0	0	2	36	29	7
PCT7053	MV	568	146	0	0	7	139	109	30
PCT7053	TO	568	184	0	0	9	175	138	37
PCT7054	ED	1111	87	0	0	4	83	65	18
PCT7054	MV	1111	243	0	0	11	232	183	49
PCT7054	TO	1111	330	0	0	15	315	248	67
PCT7055	ED	799	37	0	0	0	37	28	9
PCT7055	MV	799	228	0	0	5	223	174	49
PCT7055	TO	799	265	0	0	5	260	202	58
PCT7101	ED	152	1	0	0	0	1	1	0
PCT7101	MV	152	77	0	0	1	76	64	12
PCT7101	TO	152	78	0	0	1	77	65	12
PCT7202	ED	1747	156	0	0	7	149	108	41
PCT7202	MV	1747	485	0	0	24	461	340	121
PCT7202	TO	1747	641	0	0	31	610	448	162
PCT7203	ED	867	103	0	0	6	97	72	25
PCT7203	MV	867	203	0	0	15	188	144	44
PCT7203	TO	867	306	0	0	21	285	216	69
PCT7204	ED	890	100	0	0	8	92	59	33
PCT7204	MV	890	296	0	0	16	280	192	88
PCT7204	TO	890	396	0	0	24	372	251	121
PCT7205	ED	862	108	0	0	4	104	76	28
PCT7205	MV	862	269	0	0	16	253	185	68
PCT7205	TO	862	377	0	0	20	357	261	96
PCT7207	ED	1483	126	0	0	4	122	93	29
PCT7207	MV	1483	552	0	0	25	527	356	171
PCT7207	TO	1483	678	0	0	29	649	449	200
PCT7208	ED	560	48	0	0	5	43	37	6
PCT7208	MV	560	159	0	0	8	151	119	32
PCT7208	TO	560	207	0	0	13	194	156	38
PCT7301	ED	1993	200	0	0	9	191	150	41
PCT7301	MV	1993	554	0	0	26	528	381	147
PCT7301	TO	1993	754	0	0	35	719	531	188
PCT7302	ED	838	98	0	0	8	90	69	21
PCT7302	MV	838	312	0	0	23	289	207	82
PCT7302	TO	838	410	0	0	31	379	276	103
PCT7305	ED	1633	223	0	0	6	217	163	54
PCT7305	MV	1633	493	0	0	29	464	345	119
PCT7305	TO	1633	716	0	0	35	681	508	173
PCT7306	ED	2083	208	0	0	14	194	147	47
PCT7306	MV	2083	532	0	0	31	501	372	129
PCT7306	TO	2083	740	0	0	45	695	519	176
PCT7308	ED	614	98	0	0	4	94	75	19
PCT7308	MV	614	180	0	0	4	176	127	49
PCT7308	TO	614	278	0	0	8	270	202	68
PCT7311	ED	866	124	0	0	5	119	90	29
PCT7311	MV	866	247	0	0	6	241	179	62
PCT7311	TO	866	371	0	0	11	360	269	91
PCT7312	ED	801	91	0	0	3	88	59	29
PCT7312	MV	801	289	0	1	19	269	200	69
PCT7312	TO	801	380	0	1	22	357	259	98
PCT7314	ED	1749	142	0	0	15	127	91	36
PCT7314	MV	1749	501	0	0	58	443	339	104
PCT7314	TO	1749	643	0	0	73	570	430	140
PCT7315	ED	1584	175	0	0	7	168	137	31
PCT7315	MV	1584	360	0	0	24	336	256	80
PCT7315	TO	1584	535	0	0	31	504	393	111
PCT7317	ED	875	83	0	0	5	78	63	15
PCT7317	MV	875	300	0	0	17	283	205	78
PCT7317	TO	875	383	0	0	22	361	268	93
PCT7318	ED	1567	142	0	0	9	133	102	31
PCT7318	MV	1567	433	0	0	24	409	311	98
PCT7318	TO	1567	575	0	0	33	542	413	129
PCT7321	ED	1533	86	0	0	8	78	52	26
PCT7321	MV	1533	456	0	0	51	405	300	105
PCT7321	TO	1533	542	0	0	59	483	352	131
PCT7323	ED	1967	190	0	0	8	182	143	39
PCT7323	MV	1967	498	0	0	28	470	347	123
PCT7323	TO	1967	688	0	0	36	652	490	162
PCT7325	ED	1588	145	0	0	7	138	106	32
PCT7325	MV	1588	427	0	0	30	397	302	95
PCT7325	TO	1588	572	0	0	37	535	408	127
PCT7326	ED	1709	164	0	0	13	151	115	36
PCT7326	MV	1709	527	0	0	32	495	339	156
PCT7326	TO	1709	691	0	0	45	646	454	192
PCT7327	ED	668	40	0	0	7	33	27	6
PCT7327	MV	668	217	0	0	26	191	139	52
PCT7327	TO	668	257	0	0	33	224	166	58
PCT7328	ED	985	42	0	0	5	37	29	8
PCT7328	MV	985	328	0	1	36	291	213	78
PCT7328	TO	985	370	0	1	41	328	242	86
PCT7329	ED	638	52	0	0	2	50	35	15
PCT7329	MV	638	196	0	0	19	177	112	65
PCT7329	TO	638	248	0	0	21	227	147	80
PCT7331	ED	850	113	0	0	4	109	68	41
PCT7331	MV	850	302	0	0	13	289	225	64
PCT7331	TO	850	415	0	0	17	398	293	105
PCT7332	ED	1601	185	0	0	11	174	144	30
PCT7332	MV	1601	441	0	0	17	424	346	78
PCT7332	TO	1601	626	0	0	28	598	490	108
PCT7333	ED	1930	190	0	0	9	181	143	38
PCT7333	MV	1930	541	0	0	24	517	388	129
PCT7333	TO	1930	731	0	0	33	698	531	167
PCT7336	ED	2021	214	0	0	4	210	168	42
PCT7336	MV	2021	558	0	0	15	543	404	139
PCT7336	TO	2021	772	0	0	19	753	572	181
PCT7338	ED	1783	150	0	0	13	137	100	37
PCT7338	MV	1783	543	0	0	52	491	363	128
PCT7338	TO	1783	693	0	0	65	628	463	165
PCT7339	ED	1588	158	0	0	5	153	112	41
PCT7339	MV	1588	412	0	0	17	395	303	92
PCT7339	TO	1588	570	0	0	22	548	415	133
PCT7342	ED	909	158	0	0	3	155	124	31
PCT7342	MV	909	234	0	0	9	225	172	53
PCT7342	TO	909	392	0	0	12	380	296	84
PCT7343	ED	706	89	0	0	6	83	72	11
PCT7343	MV	706	144	0	0	6	138	117	21
PCT7343	TO	706	233	0	0	12	221	189	32
PCT7344	ED	1052	113	0	1	5	107	85	22
PCT7344	MV	1052	290	0	0	5	285	219	66
PCT7344	TO	1052	403	0	1	10	392	304	88
PCT7346	ED	879	88	0	0	1	87	71	16
PCT7346	MV	879	170	0	0	15	155	132	23
PCT7346	TO	879	258	0	0	16	242	203	39
PCT7348	ED	1826	152	0	0	11	141	112	29
PCT7348	MV	1826	433	0	0	16	417	351	66
PCT7348	TO	1826	585	0	0	27	558	463	95
PCT7502	ED	779	70	0	0	3	67	49	18
PCT7502	MV	779	247	0	0	16	231	165	66
PCT7502	TO	779	317	0	0	19	298	214	84
PCT7503	ED	725	79	0	0	4	75	59	16
PCT7503	MV	725	204	0	0	7	197	153	44
PCT7503	TO	725	283	0	0	11	272	212	60
PCT7504	ED	1019	121	0	0	5	116	78	38
PCT7504	MV	1019	308	0	0	13	295	217	78
PCT7504	TO	1019	429	0	0	18	411	295	116
PCT7505	ED	851	101	0	0	10	91	50	41
PCT7505	MV	851	363	0	1	26	336	205	131
PCT7505	TO	851	464	0	1	36	427	255	172
PCT7506	ED	1913	188	0	0	10	178	144	34
PCT7506	MV	1913	516	0	0	32	484	374	110
PCT7506	TO	1913	704	0	0	42	662	518	144
PCT7508	ED	720	96	0	0	6	90	72	18
PCT7508	MV	720	288	0	0	17	271	210	61
PCT7508	TO	720	384	0	0	23	361	282	79
PCT7509	ED	914	128	0	0	7	121	95	26
PCT7509	MV	914	287	0	0	11	276	217	59
PCT7509	TO	914	415	0	0	18	397	312	85
PCT7512	ED	588	78	0	0	10	68	42	26
PCT7512	MV	588	207	0	0	10	197	149	48
PCT7512	TO	588	285	0	0	20	265	191	74
PCT7513	ED	784	101	0	0	11	90	71	19
PCT7513	MV	784	193	0	0	13	180	138	42
PCT7513	TO	784	294	0	0	24	270	209	61
PCT7514	ED	901	87	0	0	9	78	54	24
PCT7514	MV	901	235	0	0	26	209	162	47
PCT7514	TO	901	322	0	0	35	287	216	71
PCT7515	ED	852	97	0	0	7	90	73	17
PCT7515	MV	852	242	0	0	17	225	162	63
PCT7515	TO	852	339	0	0	24	315	235	80
PCT7516	ED	906	111	0	0	4	107	84	23
PCT7516	MV	906	359	0	0	20	339	265	74
PCT7516	TO	906	470	0	0	24	446	349	97
PCT7518	ED	1754	329	0	0	15	314	264	50
PCT7518	MV	1754	563	0	0	28	535	439	96
PCT7518	TO	1754	892	0	0	43	849	703	146
PCT7519	ED	709	116	0	0	8	108	93	15
PCT7519	MV	709	204	0	0	3	201	158	43
PCT7519	TO	709	320	0	0	11	309	251	58
PCT7521	ED	761	136	0	0	8	128	106	22
PCT7521	MV	761	248	0	0	4	244	191	53
PCT7521	TO	761	384	0	0	12	372	297	75
PCT7522	ED	1464	290	0	0	15	275	227	48
PCT7522	MV	1464	424	0	0	16	408	311	97
PCT7522	TO	1464	714	0	0	31	683	538	145
PCT7524	ED	606	97	0	0	2	95	74	21
PCT7524	MV	606	165	0	0	10	155	118	37
PCT7524	TO	606	262	0	0	12	250	192	58
PCT7525	ED	762	97	0	0	7	90	72	18
PCT7525	MV	762	191	0	0	12	179	139	40
PCT7525	TO	762	288	0	0	19	269	211	58
PCT7526	ED	974	125	0	0	7	118	94	24
PCT7526	MV	974	297	0	0	15	282	216	66
PCT7526	TO	974	422	0	0	22	400	310	90
PCT7527	ED	689	123	0	0	9	114	91	23
PCT7527	MV	689	212	0	0	17	195	151	44
PCT7527	TO	689	335	0	0	26	309	242	67
PCT7529	ED	906	172	0	0	10	162	130	32
PCT7529	MV	906	294	0	0	13	281	238	43
PCT7529	TO	906	466	0	0	23	443	368	75
PCT7531	ED	839	116	0	0	3	113	97	16
PCT7531	MV	839	275	0	0	14	261	213	48
PCT7531	TO	839	391	0	0	17	374	310	64
PCT7532	ED	792	114	0	0	3	111	89	22
PCT7532	MV	792	222	0	0	11	211	157	54
PCT7532	TO	792	336	0	0	14	322	246	76
PCT7533	ED	936	202	0	0	8	194	158	36
PCT7533	MV	936	275	0	0	10	265	213	52
PCT7533	TO	936	477	0	0	18	459	371	88
PCT7534	ED	881	153	0	0	10	143	120	23
PCT7534	MV	881	237	0	0	13	224	180	44
PCT7534	TO	881	390	0	0	23	367	300	67
PCT7536	ED	1594	319	0	0	14	305	260	45
PCT7536	MV	1594	496	0	0	20	476	383	93
PCT7536	TO	1594	815	0	0	34	781	643	138
PCT7537	ED	1472	302	0	0	11	291	242	49
PCT7537	MV	1472	438	0	0	10	428	353	75
PCT7537	TO	1472	740	0	0	21	719	595	124
PCT7539	ED	906	233	0	0	17	216	188	28
PCT7539	MV	906	279	0	0	7	272	221	51
PCT7539	TO	906	512	0	0	24	488	409	79
PCT7541	ED	769	136	0	0	7	129	107	22
PCT7541	MV	769	248	0	0	10	238	190	48
PCT7541	TO	769	384	0	0	17	367	297	70
PCT7543	ED	1718	252	0	0	17	235	187	48
PCT7543	MV	1718	549	0	0	25	524	430	94
PCT7543	TO	1718	801	0	0	42	759	617	142
PCT7544	ED	892	152	0	0	6	146	120	26
PCT7544	MV	892	283	0	0	10	273	224	49
PCT7544	TO	892	435	0	0	16	419	344	75
PCT7545	ED	877	139	0	0	4	135	112	23
PCT7545	MV	877	277	0	0	8	269	216	53
PCT7545	TO	877	416	0	0	12	404	328	76
PCT7546	ED	1900	340	0	0	13	327	269	58
PCT7546	MV	1900	672	0	0	31	641	518	123
PCT7546	TO	1900	1012	0	0	44	968	787	181
PCT7548	ED	1027	197	0	0	5	192	151	41
PCT7548	MV	1027	322	0	0	12	310	245	65
PCT7548	TO	1027	519	0	0	17	502	396	106
PCT7549	ED	799	135	0	0	6	129	112	17
PCT7549	MV	799	285	0	0	18	267	204	63
PCT7549	TO	799	420	0	0	24	396	316	80
PCT7552	ED	685	136	0	0	7	129	101	28
PCT7552	MV	685	213	0	0	5	208	156	52
PCT7552	TO	685	349	0	0	12	337	257	80
PCT7553	ED	182	1	0	0	0	1	0	1
PCT7553	MV	182	81	0	0	5	76	63	13
PCT7553	TO	182	82	0	0	5	77	63	14
PCT7554	ED	795	135	0	0	8	127	87	40
PCT7554	MV	795	313	0	0	12	301	219	82
PCT7554	TO	795	448	0	0	20	428	306	122
PCT7555	ED	1584	340	0	0	12	328	250	78
PCT7555	MV	1584	565	0	0	19	546	436	110
PCT7555	TO	1584	905	0	0	31	874	686	188
PCT7556	ED	958	147	0	0	13	134	85	49
PCT7556	MV	958	400	0	0	16	384	285	99
PCT7556	TO	958	547	0	0	29	518	370	148
PCT7601	ED	677	81	0	0	7	74	60	14
PCT7601	MV	677	150	0	0	8	142	122	20
PCT7601	TO	677	231	0	0	15	216	182	34
PCT7602	ED	1659	174	0	0	13	161	136	25
PCT7602	MV	1659	381	0	0	15	366	305	61
PCT7602	TO	1659	555	0	0	28	527	441	86
PCT7605	ED	1508	115	0	0	3	112	96	16
PCT7605	MV	1508	444	0	0	31	413	329	84
PCT7605	TO	1508	559	0	0	34	525	425	100
PCT7606	ED	887	75	0	0	1	74	61	13
PCT7606	MV	887	179	0	0	7	172	140	32
PCT7606	TO	887	254	0	0	8	246	201	45
PCT7607	ED	900	86	0	0	4	82	63	19
PCT7607	MV	900	236	0	0	18	218	176	42
PCT7607	TO	900	322	0	0	22	300	239	61
PCT7608	ED	1300	102	0	0	5	97	81	16
PCT7608	MV	1300	278	0	0	18	260	221	39
PCT7608	TO	1300	380	0	0	23	357	302	55
PCT7611	ED	763	65	0	0	4	61	55	6
PCT7611	MV	763	189	0	0	25	164	131	33
PCT7611	TO	763	254	0	0	29	225	186	39
PCT7613	ED	1421	139	0	0	10	129	105	24
PCT7613	MV	1421	374	0	0	21	353	260	93
PCT7613	TO	1421	513	0	0	31	482	365	117
PCT7614	ED	932	83	0	0	6	77	55	22
PCT7614	MV	932	188	0	0	5	183	160	23
PCT7614	TO	932	271	0	0	11	260	215	45
PCT7615	ED	745	61	0	0	8	53	42	11
PCT7615	MV	745	153	0	0	17	136	112	24
PCT7615	TO	745	214	0	0	25	189	154	35
PCT7616	ED	1246	90	0	0	3	87	69	18
PCT7616	MV	1246	349	0	0	15	334	249	85
PCT7616	TO	1246	439	0	0	18	421	318	103
PCT7617	ED	737	49	0	0	7	42	31	11
PCT7617	MV	737	197	0	0	19	178	141	37
PCT7617	TO	737	246	0	0	26	220	172	48
PCT7618	ED	873	82	0	0	4	78	66	12
PCT7618	MV	873	239	0	0	8	231	188	43
PCT7618	TO	873	321	0	0	12	309	254	55
PCT7619	ED	1055	89	0	0	6	83	66	17
PCT7619	MV	1055	300	0	0	9	291	214	77
PCT7619	TO	1055	389	0	0	15	374	280	94
PCT7621	ED	1064	89	0	0	2	87	68	19
PCT7621	MV	1064	290	0	0	12	278	207	71
PCT7621	TO	1064	379	0	0	14	365	275	90
PCT7622	ED	923	68	0	0	5	63	54	9
PCT7622	MV	923	157	0	0	4	153	112	41
PCT7622	TO	923	225	0	0	9	216	166	50
PCT7623	ED	965	81	0	0	4	77	63	14
PCT7623	MV	965	188	0	0	12	176	140	36
PCT7623	TO	965	269	0	0	16	253	203	50
PCT7624	ED	835	60	0	0	2	58	44	14
PCT7624	MV	835	175	0	0	9	166	141	25
PCT7624	TO	835	235	0	0	11	224	185	39
PCT7625	ED	809	40	0	0	2	38	31	7
PCT7625	MV	809	401	0	0	68	333	246	87
PCT7625	TO	809	441	0	0	70	371	277	94
PCT7626	ED	1037	61	0	0	2	59	40	19
PCT7626	MV	1037	298	0	0	13	285	198	87
PCT7626	TO	1037	359	0	0	15	344	238	106
PCT7628	ED	933	98	0	0	3	95	80	15
PCT7628	MV	933	233	0	0	7	226	179	47
PCT7628	TO	933	331	0	0	10	321	259	62
PCT7629	ED	847	73	0	0	4	69	58	11
PCT7629	MV	847	187	0	0	12	175	140	35
PCT7629	TO	847	260	0	0	16	244	198	46
PCT7632	ED	1112	94	0	0	2	92	77	15
PCT7632	MV	1112	258	0	0	10	248	174	74
PCT7632	TO	1112	352	0	0	12	340	251	89
PCT7633	ED	1902	153	0	0	11	142	118	24
PCT7633	MV	1902	516	0	0	22	494	399	95
PCT7633	TO	1902	669	0	0	33	636	517	119
PCT7634	ED	864	86	0	0	12	74	55	19
PCT7634	MV	864	254	0	0	21	233	167	66
PCT7634	TO	864	340	0	0	33	307	222	85
PCT7635	ED	821	60	0	0	1	59	49	10
PCT7635	MV	821	219	0	0	8	211	143	68
PCT7635	TO	821	279	0	0	9	270	192	78
PCT7636	ED	945	79	0	0	3	76	53	23
PCT7636	MV	945	233	0	0	9	224	169	55
PCT7636	TO	945	312	0	0	12	300	222	78
PCT7637	ED	841	56	0	0	1	55	35	20
PCT7637	MV	841	235	0	1	8	226	169	57
PCT7637	TO	841	291	0	1	9	281	204	77
PCT7638	ED	1467	89	0	0	7	82	50	32
PCT7638	MV	1467	461	0	0	24	437	296	141
PCT7638	TO	1467	550	0	0	31	519	346	173
PCT7639	ED	1935	136	0	0	8	128	83	45
PCT7639	MV	1935	595	0	0	23	572	427	145
PCT7639	TO	1935	731	0	0	31	700	510	190
PCT7642	ED	946	68	0	0	5	63	42	21
PCT7642	MV	946	207	0	0	14	193	142	51
PCT7642	TO	946	275	0	0	19	256	184	72
PCT7643	ED	927	86	0	0	9	77	57	20
PCT7643	MV	927	308	0	0	13	295	230	65
PCT7643	TO	927	394	0	0	22	372	287	85
PCT7644	ED	1111	87	0	0	4	83	63	20
PCT7644	MV	1111	249	0	0	10	239	177	62
PCT7644	TO	1111	336	0	0	14	322	240	82
PCT7645	ED	626	42	0	0	6	36	23	13
PCT7645	MV	626	218	0	0	15	203	146	57
PCT7645	TO	626	260	0	0	21	239	169	70
PCT7646	ED	1090	60	0	0	4	56	48	8
PCT7646	MV	1090	347	0	0	10	337	254	83
PCT7646	TO	1090	407	0	0	14	393	302	91
PCT7647	ED	968	55	0	0	2	53	44	9
PCT7647	MV	968	136	0	0	3	133	116	17
PCT7647	TO	968	191	0	0	5	186	160	26
PCT7648	MV	2	0	0	0	0	0	0	0
PCT7648	TO	2	0	0	0	0	0	0	0
PCT7649	ED	888	58	0	0	2	56	42	14
PCT7649	MV	888	213	0	0	16	197	150	47
PCT7649	TO	888	271	0	0	18	253	192	61
PCT7651	ED	830	50	0	0	2	48	35	13
PCT7651	MV	830	207	0	0	7	200	149	51
PCT7651	TO	830	257	0	0	9	248	184	64
PCT7652	ED	596	48	0	0	2	46	37	9
PCT7652	MV	596	152	0	0	3	149	100	49
PCT7652	TO	596	200	0	0	5	195	137	58
PCT7653	ED	1373	79	0	0	2	77	62	15
PCT7653	MV	1373	367	0	0	12	355	249	106
PCT7653	TO	1373	446	0	0	14	432	311	121
PCT7655	ED	1150	62	0	0	3	59	43	16
PCT7655	MV	1150	270	0	0	10	260	179	81
PCT7655	TO	1150	332	0	0	13	319	222	97
PCT7701	ED	1035	139	0	0	3	136	106	30
PCT7701	MV	1035	372	0	0	9	363	292	71
PCT7701	TO	1035	511	0	0	12	499	398	101
PCT7703	ED	178	1	0	0	0	1	1	0
PCT7703	MV	178	55	0	0	5	50	43	7
PCT7703	TO	178	56	0	0	5	51	44	7
PCT7704	ED	1723	249	0	0	9	240	184	56
PCT7704	MV	1723	632	0	0	26	606	431	175
PCT7704	TO	1723	881	0	0	35	846	615	231
PCT7705	ED	570	91	0	0	4	87	57	30
PCT7705	MV	570	219	0	0	9	210	162	48
PCT7705	TO	570	310	0	0	13	297	219	78
PCT7706	ED	839	151	0	0	6	145	105	40
PCT7706	MV	839	337	0	0	11	326	244	82
PCT7706	TO	839	488	0	0	17	471	349	122
PCT7707	ED	861	139	0	0	10	129	93	36
PCT7707	MV	861	345	0	0	19	326	261	65
PCT7707	TO	861	484	0	0	29	455	354	101
PCT7708	ED	881	116	0	0	4	112	87	25
PCT7708	MV	881	359	0	0	20	339	260	79
PCT7708	TO	881	475	0	0	24	451	347	104
PCT7709	ED	395	75	0	0	3	72	64	8
PCT7709	MV	395	150	0	0	4	146	111	35
PCT7709	TO	395	225	0	0	7	218	175	43
PCT7712	ED	1308	198	0	0	12	186	150	36
PCT7712	MV	1308	454	0	0	16	438	331	107
PCT7712	TO	1308	652	0	0	28	624	481	143
PCT7801	ED	968	138	0	0	5	133	102	31
PCT7801	MV	968	367	0	0	10	357	271	86
PCT7801	TO	968	505	0	0	15	490	373	117
PCT7802	ED	788	131	0	0	7	124	101	23
PCT7802	MV	788	275	0	0	24	251	198	53
PCT7802	TO	788	406	0	0	31	375	299	76
PCT7803	ED	822	85	0	0	5	80	65	15
PCT7803	MV	822	373	0	0	16	357	285	72
PCT7803	TO	822	458	0	0	21	437	350	87
PCT7805	ED	1683	283	0	0	6	277	221	56
PCT7805	MV	1683	631	0	0	33	598	457	141
PCT7805	TO	1683	914	0	0	39	875	678	197
PCT7807	ED	796	155	0	0	4	151	126	25
PCT7807	MV	796	243	0	0	7	236	194	42
PCT7807	TO	796	398	0	0	11	387	320	67
PCT7808	ED	1377	243	0	0	8	235	185	50
PCT7808	MV	1377	461	0	0	15	446	347	99
PCT7808	TO	1377	704	0	0	23	681	532	149
PCT7809	ED	770	112	0	0	8	104	89	15
PCT7809	MV	770	249	0	0	6	243	203	40
PCT7809	TO	770	361	0	0	14	347	292	55
PCT7811	ED	726	126	0	0	3	123	105	18
PCT7811	MV	726	199	0	1	7	191	154	37
PCT7811	TO	726	325	0	1	10	314	259	55
PCT7812	ED	871	132	0	0	9	123	93	30
PCT7812	MV	871	286	0	0	12	274	214	60
PCT7812	TO	871	418	0	0	21	397	307	90
PCT7813	ED	1037	179	0	0	0	179	156	23
PCT7813	MV	1037	348	0	0	14	334	280	54
PCT7813	TO	1037	527	0	0	14	513	436	77
PCT7814	ED	887	122	0	0	3	119	101	18
PCT7814	MV	887	215	0	1	10	204	178	26
PCT7814	TO	887	337	0	1	13	323	279	44
PCT7815	ED	1779	231	0	0	3	228	178	50
PCT7815	MV	1779	661	0	1	24	636	509	127
PCT7815	TO	1779	892	0	1	27	864	687	177
PCT7817	ED	1641	291	0	0	4	287	249	38
PCT7817	MV	1641	588	0	0	20	568	468	100
PCT7817	TO	1641	879	0	0	24	855	717	138
PCT7819	ED	1585	230	0	0	6	224	188	36
PCT7819	MV	1585	499	0	0	26	473	390	83
PCT7819	TO	1585	729	0	0	32	697	578	119
PCT7821	ED	965	168	0	0	7	161	129	32
PCT7821	MV	965	371	0	0	14	357	290	67
PCT7821	TO	965	539	0	0	21	518	419	99
PCT7822	ED	1748	322	0	0	3	319	258	61
PCT7822	MV	1748	628	0	0	18	610	509	101
PCT7822	TO	1748	950	0	0	21	929	767	162
PCT7824	ED	1353	243	0	0	13	230	186	44
PCT7824	MV	1353	418	0	0	13	405	310	95
PCT7824	TO	1353	661	0	0	26	635	496	139
PCT7826	ED	661	139	0	0	8	131	105	26
PCT7826	MV	661	175	0	0	7	168	141	27
PCT7826	TO	661	314	0	0	15	299	246	53
PCT7828	ED	997	132	0	0	5	127	100	27
PCT7828	MV	997	327	0	0	11	316	251	65
PCT7828	TO	997	459	0	0	16	443	351	92
PCT7829	ED	884	134	0	0	4	130	111	19
PCT7829	MV	884	346	0	0	13	333	263	70
PCT7829	TO	884	480	0	0	17	463	374	89
PCT7832	ED	773	103	0	0	7	96	76	20
PCT7832	MV	773	290	0	0	14	276	225	51
PCT7832	TO	773	393	0	0	21	372	301	71
PCT7834	ED	1593	279	0	0	14	265	218	47
PCT7834	MV	1593	474	0	0	18	456	355	101
PCT7834	TO	1593	753	0	0	32	721	573	148
PCT7835	ED	847	97	0	0	0	97	74	23
PCT7835	MV	847	289	0	0	5	284	236	48
PCT7835	TO	847	386	0	0	5	381	310	71
PCT7836	ED	1011	131	0	0	2	129	106	23
PCT7836	MV	1011	377	0	0	16	361	302	59
PCT7836	TO	1011	508	0	0	18	490	408	82
PCT7837	ED	1784	281	0	0	9	272	210	62
PCT7837	MV	1784	675	0	0	31	644	493	151
PCT7837	TO	1784	956	0	0	40	916	703	213
PCT7839	ED	1718	238	0	1	6	231	185	46
PCT7839	MV	1718	681	0	0	27	654	495	159
PCT7839	TO	1718	919	0	1	33	885	680	205
PCT7841	ED	1778	331	0	0	10	321	259	62
PCT7841	MV	1778	565	0	0	17	548	436	112
PCT7841	TO	1778	896	0	0	27	869	695	174
PCT7843	ED	719	148	0	0	4	144	116	28
PCT7843	MV	719	226	0	0	9	217	182	35
PCT7843	TO	719	374	0	0	13	361	298	63
PCT7844	ED	630	105	0	0	3	102	82	20
PCT7844	MV	630	199	0	0	7	192	159	33
PCT7844	TO	630	304	0	0	10	294	241	53
PCT7845	ED	870	137	0	0	5	132	95	37
PCT7845	MV	870	298	0	0	10	288	222	66
PCT7845	TO	870	435	0	0	15	420	317	103
PCT7846	ED	888	122	0	0	6	116	84	32
PCT7846	MV	888	307	0	0	16	291	226	65
PCT7846	TO	888	429	0	0	22	407	310	97
PCT7847	ED	1718	274	0	0	12	262	213	49
PCT7847	MV	1718	593	0	0	32	561	449	112
PCT7847	TO	1718	867	0	0	44	823	662	161
PCT7849	ED	887	165	0	0	7	158	133	25
PCT7849	MV	887	314	0	0	5	309	241	68
PCT7849	TO	887	479	0	0	12	467	374	93
PCT7852	ED	1153	158	0	0	9	149	104	45
PCT7852	MV	1153	479	0	0	15	464	364	100
PCT7852	TO	1153	637	0	0	24	613	468	145
PCT7853	ED	1736	229	0	0	8	221	188	33
PCT7853	MV	1736	605	0	1	27	577	452	125
PCT7853	TO	1736	834	0	1	35	798	640	158
PCT7854	ED	866	127	0	0	6	121	99	22
PCT7854	MV	866	314	0	0	8	306	232	74
PCT7854	TO	866	441	0	0	14	427	331	96
PCT7855	ED	1775	307	0	0	5	302	241	61
PCT7855	MV	1775	600	0	0	28	572	443	129
PCT7855	TO	1775	907	0	0	33	874	684	190
PCT7858	ED	1646	251	0	0	8	243	210	33
PCT7858	MV	1646	530	0	0	20	510	400	110
PCT7858	TO	1646	781	0	0	28	753	610	143
PCT7861	ED	854	131	0	0	3	128	106	22
PCT7861	MV	854	310	0	0	10	300	235	65
PCT7861	TO	854	441	0	0	13	428	341	87
PCT7862	ED	857	155	0	0	2	153	118	35
PCT7862	MV	857	275	0	0	6	269	208	61
PCT7862	TO	857	430	0	0	8	422	326	96
PCT7863	ED	881	155	0	0	5	150	123	27
PCT7863	MV	881	264	0	0	11	253	212	41
PCT7863	TO	881	419	0	0	16	403	335	68
PCT7864	ED	804	127	0	0	4	123	90	33
PCT7864	MV	804	267	0	0	9	258	202	56
PCT7864	TO	804	394	0	0	13	381	292	89
PCT7866	ED	822	129	0	0	6	123	104	19
PCT7866	MV	822	357	0	0	17	340	259	81
PCT7866	TO	822	486	0	0	23	463	363	100
PCT7867	ED	969	149	0	0	9	140	111	29
PCT7867	MV	969	366	0	0	12	354	291	63
PCT7867	TO	969	515	0	0	21	494	402	92
PCT7868	ED	870	151	0	0	6	145	113	32
PCT7868	MV	870	268	0	0	10	258	199	59
PCT7868	TO	870	419	0	0	16	403	312	91
PCT7869	ED	863	146	0	0	6	140	107	33
PCT7869	MV	863	355	0	0	18	337	265	72
PCT7869	TO	863	501	0	0	24	477	372	105
PCT7871	ED	877	151	0	0	3	148	120	28
PCT7871	MV	877	303	0	0	8	295	243	52
PCT7871	TO	877	454	0	0	11	443	363	80
PCT7872	ED	863	157	0	0	6	151	116	35
PCT7872	MV	863	333	0	0	9	324	251	73
PCT7872	TO	863	490	0	0	15	475	367	108
PCT7873	ED	1688	279	0	0	12	267	213	54
PCT7873	MV	1688	618	0	0	23	595	477	118
PCT7873	TO	1688	897	0	0	35	862	690	172
PCT7874	ED	474	68	0	0	2	66	49	17
PCT7874	MV	474	143	0	0	4	139	109	30
PCT7874	TO	474	211	0	0	6	205	158	47
PCT7875	ED	624	82	0	0	6	76	63	13
PCT7875	MV	624	182	0	0	9	173	145	28
PCT7875	TO	624	264	0	0	15	249	208	41
PCT7876	ED	523	68	0	0	4	64	53	11
PCT7876	MV	523	182	0	0	6	176	144	32
PCT7876	TO	523	250	0	0	10	240	197	43
PCT7902	ED	1729	212	0	0	8	204	170	34
PCT7902	MV	1729	392	0	0	10	382	292	90
PCT7902	TO	1729	604	0	0	18	586	462	124
PCT7903	ED	826	112	0	0	7	105	87	18
PCT7903	MV	826	219	0	0	16	203	168	35
PCT7903	TO	826	331	0	0	23	308	255	53
PCT7905	ED	880	135	0	0	2	133	115	18
PCT7905	MV	880	262	0	0	10	252	198	54
PCT7905	TO	880	397	0	0	12	385	313	72
PCT7906	ED	757	104	0	0	8	96	87	9
PCT7906	MV	757	175	0	0	10	165	126	39
PCT7906	TO	757	279	0	0	18	261	213	48
PCT7908	ED	1907	266	0	0	6	260	228	32
PCT7908	MV	1907	515	0	0	19	496	408	88
PCT7908	TO	1907	781	0	0	25	756	636	120
PCT7909	ED	718	120	0	0	5	115	102	13
PCT7909	MV	718	199	0	0	7	192	157	35
PCT7909	TO	718	319	0	0	12	307	259	48
PCT7911	ED	845	122	0	0	4	118	98	20
PCT7911	MV	845	197	0	0	6	191	147	44
PCT7911	TO	845	319	0	0	10	309	245	64
PCT7912	ED	1940	320	0	0	9	311	269	42
PCT7912	MV	1940	489	0	1	18	470	385	85
PCT7912	TO	1940	809	0	1	27	781	654	127
PCT7915	ED	1692	283	0	0	9	274	243	31
PCT7915	MV	1692	427	0	0	9	418	350	68
PCT7915	TO	1692	710	0	0	18	692	593	99
PCT7916	ED	842	145	0	0	6	139	121	18
PCT7916	MV	842	237	0	0	12	225	180	45
PCT7916	TO	842	382	0	0	18	364	301	63
PCT7917	ED	1823	298	0	1	7	290	249	41
PCT7917	MV	1823	460	0	0	18	442	373	69
PCT7917	TO	1823	758	0	1	25	732	622	110
PCT7918	ED	798	129	0	0	7	122	108	14
PCT7918	MV	798	194	0	0	6	188	151	37
PCT7918	TO	798	323	0	0	13	310	259	51
PCT7921	ED	1729	220	0	0	5	215	194	21
PCT7921	MV	1729	437	0	0	13	424	339	85
PCT7921	TO	1729	657	0	0	18	639	533	106
PCT7923	ED	1708	233	0	0	10	223	201	22
PCT7923	MV	1708	433	0	0	18	415	347	68
PCT7923	TO	1708	666	0	0	28	638	548	90
PCT7925	ED	530	74	0	0	2	72	64	8
PCT7925	MV	530	165	0	0	11	154	125	29
PCT7925	TO	530	239	0	0	13	226	189	37
PCT7926	ED	783	143	0	0	8	135	115	20
PCT7926	MV	783	233	0	0	7	226	186	40
PCT7926	TO	783	376	0	0	15	361	301	60
PCT7928	ED	1661	310	0	0	12	298	248	50
PCT7928	MV	1661	533	0	0	10	523	429	94
PCT7928	TO	1661	843	0	0	22	821	677	144
PCT7929	ED	830	151	0	0	3	148	126	22
PCT7929	MV	830	311	0	0	11	300	245	55
PCT7929	TO	830	462	0	0	14	448	371	77
PCT7931	ED	742	116	0	0	5	111	93	18
PCT7931	MV	742	284	0	0	13	271	235	36
PCT7931	TO	742	400	0	0	18	382	328	54
PCT7932	ED	547	84	0	0	3	81	61	20
PCT7932	MV	547	177	0	0	3	174	146	28
PCT7932	TO	547	261	0	0	6	255	207	48
PCT7933	MV	7	4	0	0	0	4	3	1
PCT7933	TO	7	4	0	0	0	4	3	1
PCT7934	ED	866	125	0	0	3	122	104	18
PCT7934	MV	866	304	0	0	10	294	248	46
PCT7934	TO	866	429	0	0	13	416	352	64
PCT7935	ED	927	173	0	0	9	164	135	29
PCT7935	MV	927	311	0	0	14	297	240	57
PCT7935	TO	927	484	0	0	23	461	375	86
PCT7936	ED	1508	340	0	1	8	331	280	51
PCT7936	MV	1508	452	0	0	12	440	374	66
PCT7936	TO	1508	792	0	1	20	771	654	117
PCT7937	ED	899	155	0	0	7	148	136	12
PCT7937	MV	899	300	0	0	9	291	237	54
PCT7937	TO	899	455	0	0	16	439	373	66
PCT7938	ED	758	114	0	0	7	107	89	18
PCT7938	MV	758	203	0	0	5	198	167	31
PCT7938	TO	758	317	0	0	12	305	256	49
PCT7941	ED	752	117	0	0	4	113	88	25
PCT7941	MV	752	224	0	0	8	216	187	29
PCT7941	TO	752	341	0	0	12	329	275	54
PCT7942	ED	923	93	0	0	4	89	76	13
PCT7942	MV	923	270	0	1	13	256	213	43
PCT7942	TO	923	363	0	1	17	345	289	56
PCT7943	ED	1675	262	0	0	8	254	210	44
PCT7943	MV	1675	514	0	0	20	494	412	82
PCT7943	TO	1675	776	0	0	28	748	622	126
PCT7945	ED	940	66	0	0	1	65	53	12
PCT7945	MV	940	264	0	0	11	253	220	33
PCT7945	TO	940	330	0	0	12	318	273	45
PCT7946	ED	1553	132	0	1	4	127	95	32
PCT7946	MV	1553	468	0	0	22	446	331	115
PCT7946	TO	1553	600	0	1	26	573	426	147
PCT7947	ED	960	71	0	0	7	64	48	16
PCT7947	MV	960	290	0	0	17	273	212	61
PCT7947	TO	960	361	0	0	24	337	260	77
PCT7948	ED	918	94	0	0	3	91	76	15
PCT7948	MV	918	291	0	0	20	271	194	77
PCT7948	TO	918	385	0	0	23	362	270	92
PCT7951	ED	1818	137	0	0	7	130	106	24
PCT7951	MV	1818	588	0	0	44	544	400	144
PCT7951	TO	1818	725	0	0	51	674	506	168
PCT7953	ED	824	83	0	0	2	81	54	27
PCT7953	MV	824	246	0	0	7	239	187	52
PCT7953	TO	824	329	0	0	9	320	241	79
PCT7954	MV	1	1	0	0	0	1	0	1
PCT7954	TO	1	1	0	0	0	1	0	1
PCT7956	ED	1759	120	0	0	11	109	75	34
PCT7956	MV	1759	463	0	0	31	432	318	114
PCT7956	TO	1759	583	0	0	42	541	393	148
PCT7957	ED	665	74	0	0	3	71	56	15
PCT7957	MV	665	209	0	0	14	195	150	45
PCT7957	TO	665	283	0	0	17	266	206	60
PCT7958	ED	301	6	0	0	1	5	3	2
PCT7958	MV	301	91	0	0	2	89	63	26
PCT7958	TO	301	97	0	0	3	94	66	28
PCT7959	ED	1198	127	0	0	8	119	109	10
PCT7959	MV	1198	279	0	0	6	273	223	50
PCT7959	TO	1198	406	0	0	14	392	332	60
PCT9001	ED	286	3	0	0	0	3	2	1
PCT9001	MV	286	91	0	0	3	88	64	24
PCT9001	TO	286	94	0	0	3	91	66	25
PCT9103	ED	946	125	0	0	8	117	90	27
PCT9103	MV	946	255	0	0	13	242	188	54
PCT9103	TO	946	380	0	0	21	359	278	81
PCT9104	ED	993	100	0	0	6	94	76	18
PCT9104	MV	993	293	0	0	12	281	206	75
PCT9104	TO	993	393	0	0	18	375	282	93
PCT9105	ED	1747	223	0	1	9	213	155	58
PCT9105	MV	1747	514	0	0	18	496	386	110
PCT9105	TO	1747	737	0	1	27	709	541	168
PCT9106	ED	935	135	0	0	6	129	108	21
PCT9106	MV	935	296	0	0	19	277	205	72
PCT9106	TO	935	431	0	0	25	406	313	93
PCT9109	ED	1651	245	0	0	10	235	174	61
PCT9109	MV	1651	438	0	0	28	410	326	84
PCT9109	TO	1651	683	0	0	38	645	500	145
PCT9111	ED	809	105	0	0	7	98	80	18
PCT9111	MV	809	209	0	0	19	190	148	42
PCT9111	TO	809	314	0	0	26	288	228	60
PCT9113	ED	997	164	0	0	11	153	103	50
PCT9113	MV	997	317	0	0	18	299	224	75
PCT9113	TO	997	481	0	0	29	452	327	125
PCT9114	ED	1806	237	0	0	14	223	169	54
PCT9114	MV	1806	521	0	0	27	494	382	112
PCT9114	TO	1806	758	0	0	41	717	551	166
PCT9116	ED	1822	251	0	0	14	237	202	35
PCT9116	MV	1822	509	0	0	20	489	388	101
PCT9116	TO	1822	760	0	0	34	726	590	136
PCT9117	ED	1691	254	0	0	12	242	195	47
PCT9117	MV	1691	533	0	0	36	497	394	103
PCT9117	TO	1691	787	0	0	48	739	589	150
PCT9118	ED	1938	229	0	0	9	220	173	47
PCT9118	MV	1938	535	0	0	22	513	413	100
PCT9118	TO	1938	764	0	0	31	733	586	147
PCT9119	ED	899	91	0	0	5	86	72	14
PCT9119	MV	899	302	0	0	19	283	223	60
PCT9119	TO	899	393	0	0	24	369	295	74
PCT9122	ED	1865	190	0	0	10	180	138	42
PCT9122	MV	1865	537	0	0	22	515	387	128
PCT9122	TO	1865	727	0	0	32	695	525	170
PCT9124	ED	1843	218	0	0	11	207	166	41
PCT9124	MV	1843	542	0	0	34	508	395	113
PCT9124	TO	1843	760	0	0	45	715	561	154
PCT9125	ED	879	97	0	0	5	92	77	15
PCT9125	MV	879	267	0	0	11	256	191	65
PCT9125	TO	879	364	0	0	16	348	268	80
PCT9127	ED	1974	273	0	0	10	263	188	75
PCT9127	MV	1974	633	0	0	35	598	445	153
PCT9127	TO	1974	906	0	0	45	861	633	228
PCT9128	ED	814	125	0	0	5	120	94	26
PCT9128	MV	814	267	0	0	7	260	204	56
PCT9128	TO	814	392	0	0	12	380	298	82
PCT9129	ED	1459	176	0	0	5	171	128	43
PCT9129	MV	1459	461	0	0	16	445	318	127
PCT9129	TO	1459	637	0	0	21	616	446	170
PCT9132	ED	805	105	0	0	7	98	81	17
PCT9132	MV	805	221	0	0	19	202	170	32
PCT9132	TO	805	326	0	0	26	300	251	49
PCT9133	ED	1984	271	0	0	11	260	208	52
PCT9133	MV	1984	595	0	0	45	550	429	121
PCT9133	TO	1984	866	0	0	56	810	637	173
PCT9134	ED	891	87	0	0	0	87	60	27
PCT9134	MV	891	246	0	0	27	219	163	56
PCT9134	TO	891	333	0	0	27	306	223	83
PCT9135	ED	802	114	0	0	2	112	84	28
PCT9135	MV	802	231	0	0	9	222	155	67
PCT9135	TO	802	345	0	0	11	334	239	95
PCT9136	ED	900	119	0	0	6	113	86	27
PCT9136	MV	900	251	0	1	17	233	179	54
PCT9136	TO	900	370	0	1	23	346	265	81
PCT9137	ED	999	115	0	0	6	109	84	25
PCT9137	MV	999	279	0	0	16	263	208	55
PCT9137	TO	999	394	0	0	22	372	292	80
PCT9138	ED	929	101	0	0	4	97	71	26
PCT9138	MV	929	283	0	0	15	268	205	63
PCT9138	TO	929	384	0	0	19	365	276	89
PCT9139	ED	986	105	0	0	2	103	73	30
PCT9139	MV	986	341	0	0	16	325	246	79
PCT9139	TO	986	446	0	0	18	428	319	109
PCT9141	ED	1803	231	0	0	8	223	169	54
PCT9141	MV	1803	547	0	0	27	520	413	107
PCT9141	TO	1803	778	0	0	35	743	582	161
PCT9143	ED	895	120	0	0	4	116	91	25
PCT9143	MV	895	281	0	0	9	272	214	58
PCT9143	TO	895	401	0	0	13	388	305	83
PCT9144	ED	958	141	0	0	1	140	115	25
PCT9144	MV	958	289	0	0	12	277	210	67
PCT9144	TO	958	430	0	0	13	417	325	92
PCT9145	ED	851	124	0	0	6	118	95	23
PCT9145	MV	851	275	0	1	14	260	195	65
PCT9145	TO	851	399	0	1	20	378	290	88
PCT9146	ED	1837	275	0	0	13	262	206	56
PCT9146	MV	1837	558	0	0	27	531	428	103
PCT9146	TO	1837	833	0	0	40	793	634	159
PCT9149	ED	957	150	0	0	5	145	128	17
PCT9149	MV	957	277	0	0	8	269	207	62
PCT9149	TO	957	427	0	0	13	414	335	79
PCT9152	ED	1630	167	0	0	6	161	131	30
PCT9152	MV	1630	400	0	0	16	384	305	79
PCT9152	TO	1630	567	0	0	22	545	436	109
PCT9201	ED	950	111	0	0	1	110	93	17
PCT9201	MV	950	209	0	0	8	201	172	29
PCT9201	TO	950	320	0	0	9	311	265	46
PCT9202	ED	977	116	0	0	10	106	76	30
PCT9202	MV	977	205	0	0	7	198	133	65
PCT9202	TO	977	321	0	0	17	304	209	95
PCT9203	ED	984	78	0	0	4	74	48	26
PCT9203	MV	984	250	0	0	14	236	152	84
PCT9203	TO	984	328	0	0	18	310	200	110
PCT9204	ED	855	109	0	0	12	97	49	48
PCT9204	MV	855	208	0	0	18	190	118	72
PCT9204	TO	855	317	0	0	30	287	167	120
PCT9205	ED	1484	141	0	0	7	134	98	36
PCT9205	MV	1484	355	0	0	16	339	244	95
PCT9205	TO	1484	496	0	0	23	473	342	131
PCT9208	ED	1935	178	0	0	7	171	129	42
PCT9208	MV	1935	484	0	0	25	459	321	138
PCT9208	TO	1935	662	0	0	32	630	450	180
PCT9209	ED	742	84	0	0	4	80	58	22
PCT9209	MV	742	178	0	0	9	169	128	41
PCT9209	TO	742	262	0	0	13	249	186	63
PCT9211	ED	1788	166	0	0	16	150	100	50
PCT9211	MV	1788	468	0	0	21	447	298	149
PCT9211	TO	1788	634	0	0	37	597	398	199
PCT9213	ED	927	85	0	0	3	82	55	27
PCT9213	MV	927	244	0	0	15	229	169	60
PCT9213	TO	927	329	0	0	18	311	224	87
PCT9214	ED	633	66	0	0	1	65	36	29
PCT9214	MV	633	178	0	0	11	167	119	48
PCT9214	TO	633	244	0	0	12	232	155	77
PCT9215	ED	641	79	0	0	3	76	53	23
PCT9215	MV	641	171	0	0	14	157	109	48
PCT9215	TO	641	250	0	0	17	233	162	71
PCT9216	ED	818	82	0	0	3	79	48	31
PCT9216	MV	818	171	0	0	11	160	102	58
PCT9216	TO	818	253	0	0	14	239	150	89
PCT9217	ED	704	65	0	0	3	62	37	25
PCT9217	MV	704	163	0	0	9	154	105	49
PCT9217	TO	704	228	0	0	12	216	142	74
PCT9218	ED	805	87	0	0	5	82	59	23
PCT9218	MV	805	200	0	0	9	191	130	61
PCT9218	TO	805	287	0	0	14	273	189	84
PCT9219	ED	1727	186	0	0	5	181	125	56
PCT9219	MV	1727	383	0	0	22	361	267	94
PCT9219	TO	1727	569	0	0	27	542	392	150
PCT9221	ED	638	73	0	0	4	69	35	34
PCT9221	MV	638	244	0	0	12	232	135	97
PCT9221	TO	638	317	0	0	16	301	170	131
PCT9222	ED	886	91	0	0	7	84	54	30
PCT9222	MV	886	262	0	0	21	241	167	74
PCT9222	TO	886	353	0	0	28	325	221	104
PCT9223	ED	651	53	0	0	3	50	35	15
PCT9223	MV	651	188	0	0	8	180	113	67
PCT9223	TO	651	241	0	0	11	230	148	82
PCT9224	ED	928	107	0	0	5	102	67	35
PCT9224	MV	928	270	0	0	7	263	193	70
PCT9224	TO	928	377	0	0	12	365	260	105
PCT9226	ED	892	85	0	0	3	82	58	24
PCT9226	MV	892	233	0	0	11	222	159	63
PCT9226	TO	892	318	0	0	14	304	217	87
PCT9227	ED	713	83	0	0	3	80	54	26
PCT9227	MV	713	292	0	0	16	276	194	82
PCT9227	TO	713	375	0	0	19	356	248	108
PCT9228	ED	740	89	0	0	5	84	55	29
PCT9228	MV	740	240	0	0	11	229	152	77
PCT9228	TO	740	329	0	0	16	313	207	106
PCT9229	ED	574	93	0	0	4	89	58	31
PCT9229	MV	574	190	0	0	7	183	141	42
PCT9229	TO	574	283	0	0	11	272	199	73
PCT9231	ED	954	157	0	0	11	146	105	41
PCT9231	MV	954	272	0	2	5	265	197	68
PCT9231	TO	954	429	0	2	16	411	302	109
PCT9232	ED	716	92	0	0	3	89	60	29
PCT9232	MV	716	238	0	0	8	230	156	74
PCT9232	TO	716	330	0	0	11	319	216	103
PCT9233	ED	814	77	0	0	7	70	36	34
PCT9233	MV	814	260	0	0	17	243	155	88
PCT9233	TO	814	337	0	0	24	313	191	122
PCT9234	ED	747	84	0	0	5	79	48	31
PCT9234	MV	747	216	0	0	13	203	142	61
PCT9234	TO	747	300	0	0	18	282	190	92
PCT9235	ED	1439	164	0	0	8	156	108	48
PCT9235	MV	1439	443	0	1	15	427	296	131
PCT9235	TO	1439	607	0	1	23	583	404	179
PCT9236	ED	659	65	0	0	5	60	34	26
PCT9236	MV	659	204	0	0	12	192	131	61
PCT9236	TO	659	269	0	0	17	252	165	87
PCT9237	ED	874	86	0	0	4	82	55	27
PCT9237	MV	874	266	0	0	15	251	173	78
PCT9237	TO	874	352	0	0	19	333	228	105
PCT9238	ED	1769	161	0	0	7	154	109	45
PCT9238	MV	1769	526	0	0	21	505	354	151
PCT9238	TO	1769	687	0	0	28	659	463	196
PCT9239	ED	866	78	0	0	3	75	46	29
PCT9239	MV	866	288	0	0	16	272	188	84
PCT9239	TO	866	366	0	0	19	347	234	113
PCT9241	ED	968	95	0	0	1	94	70	24
PCT9241	MV	968	282	0	0	7	275	201	74
PCT9241	TO	968	377	0	0	8	369	271	98
PCT9242	ED	1845	158	0	0	1	157	119	38
PCT9242	MV	1845	509	0	0	17	492	353	139
PCT9242	TO	1845	667	0	0	18	649	472	177
PCT9244	ED	881	99	0	0	1	98	70	28
PCT9244	MV	881	226	0	0	18	208	151	57
PCT9244	TO	881	325	0	0	19	306	221	85
PCT9245	ED	1081	131	0	1	7	123	97	26
PCT9245	MV	1081	278	0	0	9	269	198	71
PCT9245	TO	1081	409	0	1	16	392	295	97
PCT9248	ED	870	88	0	0	4	84	70	14
PCT9248	MV	870	242	0	0	12	230	170	60
PCT9248	TO	870	330	0	0	16	314	240	74
PCT9251	ED	1887	283	0	0	16	267	157	110
PCT9251	MV	1887	559	0	0	33	526	396	130
PCT9251	TO	1887	842	0	0	49	793	553	240
PCT9252	ED	918	83	0	0	2	81	60	21
PCT9252	MV	918	286	0	0	13	273	190	83
PCT9252	TO	918	369	0	0	15	354	250	104
PCT9253	ED	752	103	0	0	5	98	69	29
PCT9253	MV	752	238	0	0	23	215	150	65
PCT9253	TO	752	341	0	0	28	313	219	94
PCT9255	ED	1236	168	0	0	3	165	133	32
PCT9255	MV	1236	351	0	0	13	338	268	70
PCT9255	TO	1236	519	0	0	16	503	401	102
PCT9256	ED	1373	150	0	0	3	147	118	29
PCT9256	MV	1373	408	0	0	13	395	290	105
PCT9256	TO	1373	558	0	0	16	542	408	134
PCT9257	ED	311	3	0	0	1	2	2	0
PCT9257	MV	311	124	0	0	6	118	97	21
PCT9257	TO	311	127	0	0	7	120	99	21
PCT9401	ED	1015	159	0	0	10	149	122	27
PCT9401	MV	1015	259	0	0	10	249	203	46
PCT9401	TO	1015	418	0	0	20	398	325	73
PCT9402	ED	988	148	0	0	9	139	117	22
PCT9402	MV	988	286	0	1	15	270	225	45
PCT9402	TO	988	434	0	1	24	409	342	67
PCT9404	ED	1814	207	0	0	9	198	164	34
PCT9404	MV	1814	502	0	0	39	463	344	119
PCT9404	TO	1814	709	0	0	48	661	508	153
PCT9405	ED	770	113	0	0	4	109	82	27
PCT9405	MV	770	224	0	0	11	213	161	52
PCT9405	TO	770	337	0	0	15	322	243	79
PCT9406	ED	873	133	0	0	6	127	95	32
PCT9406	MV	873	225	0	0	9	216	180	36
PCT9406	TO	873	358	0	0	15	343	275	68
PCT9407	ED	887	126	0	0	14	112	93	19
PCT9407	MV	887	242	0	0	14	228	176	52
PCT9407	TO	887	368	0	0	28	340	269	71
PCT9408	ED	834	129	0	0	8	121	100	21
PCT9408	MV	834	204	0	1	5	198	174	24
PCT9408	TO	834	333	0	1	13	319	274	45
PCT9409	ED	591	105	0	0	6	99	88	11
PCT9409	MV	591	133	0	0	8	125	94	31
PCT9409	TO	591	238	0	0	14	224	182	42
PCT9411	ED	1842	255	0	0	6	249	208	41
PCT9411	MV	1842	523	0	0	32	491	382	109
PCT9411	TO	1842	778	0	0	38	740	590	150
PCT9413	ED	920	102	0	0	2	100	72	28
PCT9413	MV	920	281	0	0	26	255	210	45
PCT9413	TO	920	383	0	0	28	355	282	73
PCT9415	ED	779	79	0	0	5	74	55	19
PCT9415	MV	779	255	0	0	8	247	189	58
PCT9415	TO	779	334	0	0	13	321	244	77
PCT9416	ED	988	152	0	0	7	145	117	28
PCT9416	MV	988	279	0	0	27	252	194	58
PCT9416	TO	988	431	0	0	34	397	311	86
PCT9418	ED	1561	201	0	0	11	190	146	44
PCT9418	MV	1561	512	0	0	41	471	376	95
PCT9418	TO	1561	713	0	0	52	661	522	139
PCT9419	ED	1790	174	0	0	4	170	120	50
PCT9419	MV	1790	586	0	0	28	558	428	130
PCT9419	TO	1790	760	0	0	32	728	548	180
PCT9421	ED	917	94	0	0	4	90	69	21
PCT9421	MV	917	283	0	0	23	260	193	67
PCT9421	TO	917	377	0	0	27	350	262	88
PCT9422	ED	1068	138	0	0	6	132	96	36
PCT9422	MV	1068	330	0	0	17	313	228	85
PCT9422	TO	1068	468	0	0	23	445	324	121
PCT9423	ED	906	88	0	0	6	82	67	15
PCT9423	MV	906	264	0	0	25	239	191	48
PCT9423	TO	906	352	0	0	31	321	258	63
PCT9424	ED	1949	182	0	0	16	166	134	32
PCT9424	MV	1949	637	0	0	28	609	449	160
PCT9424	TO	1949	819	0	0	44	775	583	192
PCT9426	ED	832	83	0	0	3	80	62	18
PCT9426	MV	832	264	0	0	15	249	191	58
PCT9426	TO	832	347	0	0	18	329	253	76
PCT9427	ED	964	116	0	0	7	109	77	32
PCT9427	MV	964	285	0	0	28	257	189	68
PCT9427	TO	964	401	0	0	35	366	266	100
PCT9431	ED	1914	218	0	0	8	210	157	53
PCT9431	MV	1914	588	0	0	26	562	383	179
PCT9431	TO	1914	806	0	0	34	772	540	232
PCT9432	ED	943	100	0	0	1	99	75	24
PCT9432	MV	943	268	0	0	19	249	202	47
PCT9432	TO	943	368	0	0	20	348	277	71
PCT9433	ED	1923	152	0	0	5	147	104	43
PCT9433	MV	1923	608	0	0	39	569	420	149
PCT9433	TO	1923	760	0	0	44	716	524	192
PCT9434	ED	982	118	0	0	1	117	89	28
PCT9434	MV	982	297	0	0	18	279	206	73
PCT9434	TO	982	415	0	0	19	396	295	101
PCT9436	ED	1057	123	0	0	11	112	73	39
PCT9436	MV	1057	325	0	0	16	309	240	69
PCT9436	TO	1057	448	0	0	27	421	313	108
PCT9437	ED	908	95	0	0	4	91	70	21
PCT9437	MV	908	281	0	0	16	265	201	64
PCT9437	TO	908	376	0	0	20	356	271	85
PCT9439	ED	1863	163	0	1	9	153	124	29
PCT9439	MV	1863	598	0	0	34	564	424	140
PCT9439	TO	1863	761	0	1	43	717	548	169
PCT9441	ED	985	118	0	0	6	112	90	22
PCT9441	MV	985	316	0	0	17	299	232	67
PCT9441	TO	985	434	0	0	23	411	322	89
PCT9442	ED	2015	249	0	0	15	234	168	66
PCT9442	MV	2015	564	0	0	29	535	408	127
PCT9442	TO	2015	813	0	0	44	769	576	193
PCT9443	ED	1908	176	0	0	10	166	127	39
PCT9443	MV	1908	561	0	0	34	527	416	111
PCT9443	TO	1908	737	0	0	44	693	543	150
PCT9445	ED	971	92	0	0	5	87	65	22
PCT9445	MV	971	306	0	0	16	290	205	85
PCT9445	TO	971	398	0	0	21	377	270	107
PCT9446	ED	1940	230	0	0	11	219	159	60
PCT9446	MV	1940	621	0	0	30	591	420	171
PCT9446	TO	1940	851	0	0	41	810	579	231
PCT9447	ED	889	122	0	0	5	117	91	26
PCT9447	MV	889	274	0	0	10	264	190	74
PCT9447	TO	889	396	0	0	15	381	281	100
PCT9448	ED	936	105	0	0	4	101	75	26
PCT9448	MV	936	265	0	0	17	248	194	54
PCT9448	TO	936	370	0	0	21	349	269	80
PCT9449	ED	862	86	0	0	3	83	51	32
PCT9449	MV	862	273	0	0	14	259	195	64
PCT9449	TO	862	359	0	0	17	342	246	96
PCT9451	ED	437	41	0	0	2	39	26	13
PCT9451	MV	437	144	0	0	4	140	94	46
PCT9451	TO	437	185	0	0	6	179	120	59
PCT9453	ED	520	57	0	0	3	54	29	25
PCT9453	MV	520	166	0	0	8	158	119	39
PCT9453	TO	520	223	0	0	11	212	148	64
PCT9501	ED	147	2	0	0	0	2	2	0
PCT9501	MV	147	69	0	0	3	66	45	21
PCT9501	TO	147	71	0	0	3	68	47	21
PCT9502	ED	253	5	0	0	0	5	5	0
PCT9502	MV	253	104	0	0	2	102	82	20
PCT9502	TO	253	109	0	0	2	107	87	20
PCT9503	ED	667	86	0	0	1	85	66	19
PCT9503	MV	667	175	0	0	14	161	127	34
PCT9503	TO	667	261	0	0	15	246	193	53
PCT9505	ED	760	115	0	0	9	106	74	32
PCT9505	MV	760	246	0	0	11	235	190	45
PCT9505	TO	760	361	0	0	20	341	264	77
PCT9506	ED	750	95	0	0	6	89	67	22
PCT9506	MV	750	186	0	0	6	180	124	56
PCT9506	TO	750	281	0	0	12	269	191	78
PCT9507	ED	713	122	0	0	6	116	91	25
PCT9507	MV	713	210	0	0	6	204	174	30
PCT9507	TO	713	332	0	0	12	320	265	55
PCT9511	ED	1314	228	0	0	18	210	180	30
PCT9511	MV	1314	382	0	0	16	366	289	77
PCT9511	TO	1314	610	0	0	34	576	469	107
PCT9512	ED	1544	231	0	0	7	224	198	26
PCT9512	MV	1544	489	0	0	18	471	393	78
PCT9512	TO	1544	720	0	0	25	695	591	104
PCT9513	ED	872	161	0	0	6	155	126	29
PCT9513	MV	872	242	0	0	11	231	198	33
PCT9513	TO	872	403	0	0	17	386	324	62
PCT9514	ED	888	157	0	0	8	149	128	21
PCT9514	MV	888	270	0	0	12	258	197	61
PCT9514	TO	888	427	0	0	20	407	325	82
PCT9516	ED	1579	275	0	0	9	266	213	53
PCT9516	MV	1579	485	0	0	23	462	375	87
PCT9516	TO	1579	760	0	0	32	728	588	140
PCT9517	ED	1554	252	0	0	8	244	211	33
PCT9517	MV	1554	484	0	0	16	468	386	82
PCT9517	TO	1554	736	0	0	24	712	597	115
PCT9519	ED	882	148	0	0	8	140	110	30
PCT9519	MV	882	305	0	0	9	296	230	66
PCT9519	TO	882	453	0	0	17	436	340	96
PCT9521	ED	870	182	0	0	7	175	141	34
PCT9521	MV	870	295	0	0	13	282	214	68
PCT9521	TO	870	477	0	0	20	457	355	102
PCT9701	ED	652	122	0	0	8	114	96	18
PCT9701	MV	652	183	0	0	8	175	140	35
PCT9701	TO	652	305	0	0	16	289	236	53
PCT9702	ED	709	121	0	0	3	118	96	22
PCT9702	MV	709	210	0	0	13	197	161	36
PCT9702	TO	709	331	0	0	16	315	257	58
PCT9703	ED	981	120	0	0	4	116	89	27
PCT9703	MV	981	330	0	0	20	310	253	57
PCT9703	TO	981	450	0	0	24	426	342	84
PCT9704	ED	946	133	0	0	4	129	102	27
PCT9704	MV	946	337	0	0	18	319	255	64
PCT9704	TO	946	470	0	0	22	448	357	91
PCT9705	ED	1865	274	0	0	13	261	218	43
PCT9705	MV	1865	610	0	0	26	584	465	119
PCT9705	TO	1865	884	0	0	39	845	683	162
PCT9706	MV	48	20	0	0	1	19	12	7
PCT9706	TO	48	20	0	0	1	19	12	7
PCT9709	ED	1021	108	0	0	3	105	78	27
PCT9709	MV	1021	338	0	0	14	324	236	88
PCT9709	TO	1021	446	0	0	17	429	314	115
PCT9711	ED	1433	222	0	0	11	211	158	53
PCT9711	MV	1433	529	0	0	26	503	366	137
PCT9711	TO	1433	751	0	0	37	714	524	190
PCT9712	ED	1237	190	0	0	7	183	113	70
PCT9712	MV	1237	463	0	0	22	441	295	146
PCT9712	TO	1237	653	0	0	29	624	408	216
PCT9716	ED	951	134	0	0	8	126	94	32
PCT9716	MV	951	324	0	0	21	303	230	73
PCT9716	TO	951	458	0	0	29	429	324	105
PCT9717	ED	1917	224	0	0	13	211	149	62
PCT9717	MV	1917	611	0	0	37	574	442	132
PCT9717	TO	1917	835	0	0	50	785	591	194
PCT9718	ED	1833	277	0	0	10	267	181	86
PCT9718	MV	1833	703	0	0	34	669	498	171
PCT9718	TO	1833	980	0	0	44	936	679	257
PCT9719	ED	910	135	0	0	4	131	93	38
PCT9719	MV	910	349	0	0	14	335	223	112
PCT9719	TO	910	484	0	0	18	466	316	150
PCT9721	ED	660	128	0	0	9	119	80	39
PCT9721	MV	660	251	0	0	11	240	173	67
PCT9721	TO	660	379	0	0	20	359	253	106
PCT9722	ED	587	70	0	0	3	67	50	17
PCT9722	MV	587	245	0	0	9	236	171	65
PCT9722	TO	587	315	0	0	12	303	221	82
PCT9723	ED	505	38	0	0	0	38	23	15
PCT9723	MV	505	186	0	0	14	172	132	40
PCT9723	TO	505	224	0	0	14	210	155	55
PCT9724	ED	1003	100	0	0	6	94	67	27
PCT9724	MV	1003	380	0	0	22	358	227	131
PCT9724	TO	1003	480	0	0	28	452	294	158
PCT9725	ED	965	88	0	0	6	82	49	33
PCT9725	MV	965	325	0	0	23	302	202	100
PCT9725	TO	965	413	0	0	29	384	251	133
PCT9726	ED	621	74	0	0	3	71	58	13
PCT9726	MV	621	127	0	0	11	116	99	17
PCT9726	TO	621	201	0	0	14	187	157	30
PCT9727	ED	453	51	0	0	5	46	29	17
PCT9727	MV	453	163	0	0	12	151	110	41
PCT9727	TO	453	214	0	0	17	197	139	58
PCT9728	ED	1829	272	0	0	7	265	169	96
PCT9728	MV	1829	616	0	0	15	601	422	179
PCT9728	TO	1829	888	0	0	22	866	591	275
PCT9729	ED	809	105	0	0	3	102	61	41
PCT9729	MV	809	316	0	0	8	308	203	105
PCT9729	TO	809	421	0	0	11	410	264	146
PCT9731	ED	572	77	0	0	4	73	48	25
PCT9731	MV	572	190	0	0	7	183	129	54
PCT9731	TO	572	267	0	0	11	256	177	79
PCT9732	MV	71	39	0	0	0	39	32	7
PCT9732	TO	71	39	0	0	0	39	32	7
PCT9733	ED	235	5	0	0	1	4	4	0
PCT9733	MV	235	115	0	0	6	109	86	23
PCT9733	TO	235	120	0	0	7	113	90	23
PCT9734	ED	1389	188	0	0	9	179	116	63
PCT9734	MV	1389	534	0	0	29	505	359	146
PCT9734	TO	1389	722	0	0	38	684	475	209
PCT9737	ED	1518	204	0	0	10	194	144	50
PCT9737	MV	1518	574	0	0	24	550	428	122
PCT9737	TO	1518	778	0	0	34	744	572	172
PCT9738	ED	813	48	0	0	2	46	33	13
PCT9738	MV	813	229	0	0	9	220	174	46
PCT9738	TO	813	277	0	0	11	266	207	59
PCT9739	ED	768	69	0	0	7	62	50	12
PCT9739	MV	768	177	0	0	3	174	148	26
PCT9739	TO	768	246	0	0	10	236	198	38
PCT9741	ED	497	65	0	0	4	61	52	9
PCT9741	MV	497	25	0	0	0	25	19	6
PCT9741	TO	497	90	0	0	4	86	71	15
PCT9742	ED	679	95	0	0	6	89	62	27
PCT9742	MV	679	153	0	0	7	146	107	39
PCT9742	TO	679	248	0	0	13	235	169	66
PCT9743	ED	1138	122	0	0	5	117	93	24
PCT9743	MV	1138	297	0	0	11	286	239	47
PCT9743	TO	1138	419	0	0	16	403	332	71
PCT9744	ED	907	112	0	0	7	105	82	23
PCT9744	MV	907	205	0	0	15	190	148	42
PCT9744	TO	907	317	0	0	22	295	230	65
PCT9745	ED	973	109	0	0	4	105	84	21
PCT9745	MV	973	212	0	0	9	203	168	35
PCT9745	TO	973	321	0	0	13	308	252	56
PCT9748	ED	910	98	0	0	5	93	63	30
PCT9748	MV	910	313	0	0	17	296	219	77
PCT9748	TO	910	411	0	0	22	389	282	107
PCT9749	ED	1871	214	0	0	11	203	154	49
PCT9749	MV	1871	491	0	0	30	461	349	112
PCT9749	TO	1871	705	0	0	41	664	503	161
PCT9751	ED	1038	136	0	0	2	134	103	31
PCT9751	MV	1038	353	0	0	20	333	243	90
PCT9751	TO	1038	489	0	0	22	467	346	121
PCT9752	ED	696	90	0	0	2	88	66	22
PCT9752	MV	696	267	0	0	7	260	195	65
PCT9752	TO	696	357	0	0	9	348	261	87
PCT9753	ED	764	93	0	0	3	90	76	14
PCT9753	MV	764	239	0	0	7	232	181	51
PCT9753	TO	764	332	0	0	10	322	257	65
PCT9754	ED	686	111	0	0	2	109	85	24
PCT9754	MV	686	241	0	0	5	236	191	45
PCT9754	TO	686	352	0	0	7	345	276	69
PCT9755	ED	567	76	0	0	3	73	54	19
PCT9755	MV	567	170	0	0	8	162	124	38
PCT9755	TO	567	246	0	0	11	235	178	57
PCT9756	ED	940	69	0	0	2	67	49	18
PCT9756	MV	940	267	0	0	12	255	185	70
PCT9756	TO	940	336	0	0	14	322	234	88
PCT9801	ED	404	51	0	0	1	50	41	9
PCT9801	MV	404	135	0	0	7	128	108	20
PCT9801	TO	404	186	0	0	8	178	149	29
CONG12	ED	437850	53397	0	8	2432	50957	39876	11081
CONG12	MV	437850	129604	0	17	6350	123237	94610	28627
CONG12	TO	437850	183001	0	25	8782	174194	134486	39708
CONG14	ED	57200	6017	0	0	262	5755	4267	1488
CONG14	MV	57200	17289	0	3	858	16428	12250	4178
CONG14	TO	57200	23306	0	3	1120	22183	16517	5666
ASSM17	ED	287476	34944	0	6	1583	33355	26537	6818
ASSM17	MV	287476	85041	0	10	4026	81005	62758	18247
ASSM17	TO	287476	119985	0	16	5609	114360	89295	25065
ASSM19	ED	207574	24470	0	2	1111	23357	17606	5751
ASSM19	MV	207574	61852	0	10	3182	58660	44102	14558
ASSM19	TO	207574	86322	0	12	4293	82017	61708	20309
SUPV1	ED	42447	5464	0	1	238	5225	4071	1154
SUPV1	MV	42447	12580	0	2	654	11924	9214	2710
SUPV1	TO	42447	18044	0	3	892	17149	13285	3864
SUPV2	ED	49361	5273	0	1	249	5023	3491	1532
SUPV2	MV	49361	13966	0	3	692	13271	9413	3858
SUPV2	TO	49361	19239	0	4	941	18294	12904	5390
SUPV3	ED	38836	3913	0	1	207	3705	2852	853
SUPV3	MV	38836	10918	0	2	672	10244	7694	2550
SUPV3	TO	38836	14831	0	3	879	13949	10546	3403
SUPV4	ED	43341	5029	0	1	246	4782	3657	1125
SUPV4	MV	43341	13029	0	2	756	12271	9326	2945
SUPV4	TO	43341	18058	0	3	1002	17053	12983	4070
SUPV5	ED	51976	8350	0	0	424	7926	6369	1557
SUPV5	MV	51976	16419	0	1	742	15676	12308	3368
SUPV5	TO	51976	24769	0	1	1166	23602	18677	4925
SUPV6	ED	42510	3309	0	0	191	3118	2440	678
SUPV6	MV	42510	11031	0	1	591	10439	7947	2492
SUPV6	TO	42510	14340	0	1	782	13557	10387	3170
SUPV7	ED	46757	6126	0	0	270	5856	4318	1538
SUPV7	MV	46757	15630	0	0	724	14906	11174	3732
SUPV7	TO	46757	21756	0	0	994	20762	15492	5270
SUPV8	ED	57103	9078	0	1	307	8770	7068	1702
SUPV8	MV	57103	19834	0	4	764	19066	15172	3894
SUPV8	TO	57103	28912	0	5	1071	27836	22240	5596
SUPV9	ED	42539	5866	0	3	223	5640	4772	868
SUPV9	MV	42539	12111	0	2	492	11617	9366	2251
SUPV9	TO	42539	17977	0	5	715	17257	14138	3119
SUPV10	ED	42195	3620	0	0	192	3428	2570	858
SUPV10	MV	42195	10770	0	0	568	10202	7638	2564
SUPV10	TO	42195	14390	0	0	760	13630	10208	3422
SUPV11	ED	37985	3386	0	0	147	3239	2535	704
SUPV11	MV	37985	10605	0	3	553	10049	7608	2441
SUPV11	TO	37985	13991	0	3	700	13288	10143	3145
NEIG1	ED	20194	1583	0	0	103	1480	1100	380
NEIG1	MV	20194	4617	0	0	283	4334	3188	1146
NEIG1	TO	20194	6200	0	0	386	5814	4288	1526
NEIG2	ED	18045	1697	0	0	105	1592	1212	380
NEIG2	MV	18045	5028	0	1	353	4674	3472	1202
NEIG2	TO	18045	6725	0	1	458	6266	4684	1582
NEIG3	ED	27613	2634	0	1	141	2492	1974	518
NEIG3	MV	27613	7169	0	1	419	6749	5303	1446
NEIG3	TO	27613	9803	0	2	560	9241	7277	1964
NEIG4	ED	7735	1165	0	0	53	1112	890	222
NEIG4	MV	7735	2832	0	1	105	2726	2139	587
NEIG4	TO	7735	3997	0	1	158	3838	3029	809
NEIG5	ED	28067	2430	0	0	103	2327	1824	503
NEIG5	MV	28067	7904	0	1	399	7504	5680	1824
NEIG5	TO	28067	10334	0	1	502	9831	7504	2327
NEIG6	ED	15102	2841	0	0	133	2708	2191	517
NEIG6	MV	15102	4922	0	0	189	4733	3772	961
NEIG6	TO	15102	7763	0	0	322	7441	5963	1478
NEIG7	ED	13133	1290	0	0	58	1232	955	277
NEIG7	MV	13133	3594	0	2	203	3389	2570	819
NEIG7	TO	13133	4884	0	2	261	4621	3525	1096
NEIG8	ED	9501	1633	0	0	71	1562	1282	280
NEIG8	MV	9501	3044	0	0	137	2907	2283	624
NEIG8	TO	9501	4677	0	0	208	4469	3565	904
NEIG9	ED	8190	825	0	0	44	781	591	190
NEIG9	MV	8190	2163	0	0	117	2046	1556	490
NEIG9	TO	8190	2988	0	0	161	2827	2147	680
NEIG10	ED	10551	1396	0	0	61	1335	1014	321
NEIG10	MV	10551	3053	0	0	157	2896	2224	672
NEIG10	TO	10551	4449	0	0	218	4231	3238	993
NEIG11	ED	41063	4206	0	1	200	4005	2817	1188
NEIG11	MV	41063	11338	0	1	561	10776	7637	3139
NEIG11	TO	41063	15544	0	2	761	14781	10454	4327
NEIG12	ED	32113	4830	0	1	174	4655	3966	689
NEIG12	MV	32113	8753	0	3	327	8423	6796	1627
NEIG12	TO	32113	13583	0	4	501	13078	10762	2316
NEIG13	ED	15730	2488	0	0	78	2410	1905	505
NEIG13	MV	15730	5501	0	0	210	5291	4178	1113
NEIG13	TO	15730	7989	0	0	288	7701	6083	1618
NEIG14	ED	9293	1671	0	1	60	1610	1362	248
NEIG14	MV	9293	3070	0	0	100	2970	2465	505
NEIG14	TO	9293	4741	0	1	160	4580	3827	753
NEIG15	ED	5953	702	0	0	32	670	520	150
NEIG15	MV	5953	1839	0	0	99	1740	1265	475
NEIG15	TO	5953	2541	0	0	131	2410	1785	625
NEIG26	ED	9927	809	0	1	43	765	571	194
NEIG26	MV	9927	2925	0	0	172	2753	2057	696
NEIG26	TO	9927	3734	0	1	215	3518	2628	890
NEIG16	ED	16717	1710	0	0	67	1643	1286	357
NEIG16	MV	16717	4957	0	0	182	4775	3696	1079
NEIG16	TO	16717	6667	0	0	249	6418	4982	1436
NEIG17	ED	37882	4924	0	1	221	4702	3643	1059
NEIG17	MV	37882	11284	0	2	583	10699	8270	2429
NEIG17	TO	37882	16208	0	3	804	15401	11913	3488
NEIG18	ED	6193	810	0	0	44	766	524	242
NEIG18	MV	6193	2004	0	2	96	1906	1342	564
NEIG18	TO	6193	2814	0	2	140	2672	1866	806
NEIG19	ED	7872	1105	0	0	44	1061	851	210
NEIG19	MV	7872	2488	0	1	97	2390	1969	421
NEIG19	TO	7872	3593	0	1	141	3451	2820	631
NEIG20	ED	24361	1795	0	0	97	1698	1290	408
NEIG20	MV	24361	6403	0	1	339	6063	4503	1560
NEIG20	TO	24361	8198	0	1	436	7761	5793	1968
NEIG21	ED	42750	4924	0	1	240	4683	3569	1114
NEIG21	MV	42750	12896	0	2	748	12146	9232	2914
NEIG21	TO	42750	17820	0	3	988	16829	12801	4028
NEIG22	ED	19329	3076	0	1	87	2988	2428	560
NEIG22	MV	19329	7008	0	1	273	6734	5352	1382
NEIG22	TO	19329	10084	0	2	360	9722	7780	1942
NEIG23	ED	7912	488	0	0	35	453	314	139
NEIG23	MV	7912	1962	0	0	125	1837	1310	527
NEIG23	TO	7912	2450	0	0	160	2290	1624	666
NEIG24	ED	33087	4577	0	0	190	4387	3182	1205
NEIG24	MV	33087	11862	0	0	528	11334	8452	2882
NEIG24	TO	33087	16439	0	0	718	15721	11634	4087
NEIG25	ED	26737	3805	0	0	210	3595	2882	713
NEIG25	MV	26737	8277	0	1	406	7870	6149	1721
NEIG25	TO	26737	12082	0	1	616	11465	9031	2434
