area_id	subtotal_type	RSReg	RSCst	RSRej	RSOvr	RSUnd	RSTot	34:YES	35:NO
ALLPCTS	TO	495050	163861	0	32	9205	154624	120132	34492
ALLPCTS	ED	495050	45586	0	7	2351	43228	34928	8300
ALLPCTS	MV	495050	118275	0	25	6854	111396	85204	26192
PCT1101	ED	557	39	0	0	3	36	26	10
PCT1101	MV	557	138	0	0	6	132	99	33
PCT1101	TO	557	177	0	0	9	168	125	43
PCT1102	ED	994	117	0	0	6	111	88	23
PCT1102	MV	994	263	0	0	6	257	184	73
PCT1102	TO	994	380	0	0	12	368	272	96
PCT1103	ED	962	88	0	0	1	87	62	25
PCT1103	MV	962	209	0	0	5	204	137	67
PCT1103	TO	962	297	0	0	6	291	199	92
PCT1104	ED	1012	76	0	0	5	71	54	17
PCT1104	MV	1012	198	0	0	5	193	145	48
PCT1104	TO	1012	274	0	0	10	264	199	65
PCT1106	ED	1505	127	0	0	5	122	87	35
PCT1106	MV	1505	343	0	0	24	319	215	104
PCT1106	TO	1505	470	0	0	29	441	302	139
PCT1108	ED	908	77	0	0	5	72	60	12
PCT1108	MV	908	202	0	0	12	190	140	50
PCT1108	TO	908	279	0	0	17	262	200	62
PCT1109	ED	805	73	0	0	5	68	56	12
PCT1109	MV	805	216	0	0	16	200	139	61
PCT1109	TO	805	289	0	0	21	268	195	73
PCT1111	ED	1025	73	0	0	1	72	57	15
PCT1111	MV	1025	262	0	0	18	244	175	69
PCT1111	TO	1025	335	0	0	19	316	232	84
PCT1112	ED	770	48	0	0	4	44	33	11
PCT1112	MV	770	171	0	0	5	166	108	58
PCT1112	TO	770	219	0	0	9	210	141	69
PCT1114	ED	1741	92	0	0	8	84	60	24
PCT1114	MV	1741	366	0	0	21	345	240	105
PCT1114	TO	1741	458	0	0	29	429	300	129
PCT1115	ED	1838	118	0	0	4	114	92	22
PCT1115	MV	1838	396	0	0	23	373	251	122
PCT1115	TO	1838	514	0	0	27	487	343	144
PCT1117	ED	1771	104	0	0	8	96	64	32
PCT1117	MV	1771	353	0	0	20	333	222	111
PCT1117	TO	1771	457	0	0	28	429	286	143
PCT1118	ED	1057	86	0	0	4	82	60	22
PCT1118	MV	1057	281	0	0	17	264	174	90
PCT1118	TO	1057	367	0	0	21	346	234	112
PCT1119	ED	771	32	0	0	2	30	24	6
PCT1119	MV	771	201	0	0	8	193	135	58
PCT1119	TO	771	233	0	0	10	223	159	64
PCT1122	ED	638	41	0	0	0	41	32	9
PCT1122	MV	638	167	0	0	14	153	88	65
PCT1122	TO	638	208	0	0	14	194	120	74
PCT1124	ED	812	51	0	0	2	49	38	11
PCT1124	MV	812	166	0	0	4	162	116	46
PCT1124	TO	812	217	0	0	6	211	154	57
PCT1125	ED	1064	37	0	0	1	36	21	15
PCT1125	MV	1064	233	0	0	13	220	145	75
PCT1125	TO	1064	270	0	0	14	256	166	90
PCT1126	ED	1676	91	0	0	4	87	57	30
PCT1126	MV	1676	399	0	0	17	382	249	133
PCT1126	TO	1676	490	0	0	21	469	306	163
PCT1127	ED	1827	107	0	0	4	103	82	21
PCT1127	MV	1827	425	0	0	29	396	260	136
PCT1127	TO	1827	532	0	0	33	499	342	157
PCT1129	ED	1018	62	0	0	4	58	37	21
PCT1129	MV	1018	220	0	0	6	214	138	76
PCT1129	TO	1018	282	0	0	10	272	175	97
PCT1131	ED	836	38	0	0	2	36	27	9
PCT1131	MV	836	207	0	0	12	195	120	75
PCT1131	TO	836	245	0	0	14	231	147	84
PCT1132	ED	1010	34	0	0	1	33	25	8
PCT1132	MV	1010	263	0	0	20	243	164	79
PCT1132	TO	1010	297	0	0	21	276	189	87
PCT1133	ED	857	40	0	0	2	38	28	10
PCT1133	MV	857	220	0	0	13	207	155	52
PCT1133	TO	857	260	0	0	15	245	183	62
PCT1134	ED	762	61	0	0	3	58	48	10
PCT1134	MV	762	195	0	0	8	187	139	48
PCT1134	TO	762	256	0	0	11	245	187	58
PCT1135	ED	554	37	0	0	3	34	20	14
PCT1135	MV	554	146	0	0	11	135	88	47
PCT1135	TO	554	183	0	0	14	169	108	61
PCT1136	ED	847	47	0	0	2	45	30	15
PCT1136	MV	847	217	0	0	13	204	128	76
PCT1136	TO	847	264	0	0	15	249	158	91
PCT1141	ED	1042	61	0	0	3	58	45	13
PCT1141	MV	1042	267	0	0	10	257	179	78
PCT1141	TO	1042	328	0	0	13	315	224	91
PCT1143	ED	1024	87	0	0	7	80	67	13
PCT1143	MV	1024	207	0	1	18	188	121	67
PCT1143	TO	1024	294	0	1	25	268	188	80
PCT1144	ED	1804	126	0	0	7	119	84	35
PCT1144	MV	1804	372	0	0	21	351	240	111
PCT1144	TO	1804	498	0	0	28	470	324	146
PCT1145	ED	894	57	0	0	4	53	46	7
PCT1145	MV	894	254	0	0	12	242	169	73
PCT1145	TO	894	311	0	0	16	295	215	80
PCT1146	ED	1008	71	0	0	0	71	56	15
PCT1146	MV	1008	206	0	1	16	189	129	60
PCT1146	TO	1008	277	0	1	16	260	185	75
PCT1147	ED	868	71	0	0	1	70	55	15
PCT1147	MV	868	196	0	0	11	185	144	41
PCT1147	TO	868	267	0	0	12	255	199	56
PCT1148	ED	1002	73	0	0	9	64	47	17
PCT1148	MV	1002	238	0	0	12	226	149	77
PCT1148	TO	1002	311	0	0	21	290	196	94
PCT1149	ED	911	70	0	0	3	67	54	13
PCT1149	MV	911	205	0	0	12	193	131	62
PCT1149	TO	911	275	0	0	15	260	185	75
PCT1152	ED	1815	126	0	0	4	122	76	46
PCT1152	MV	1815	433	0	1	24	408	289	119
PCT1152	TO	1815	559	0	1	28	530	365	165
PCT7001	ED	752	39	0	0	1	38	34	4
PCT7001	MV	752	184	0	0	5	179	150	29
PCT7001	TO	752	223	0	0	6	217	184	33
PCT7002	ED	659	43	0	0	2	41	38	3
PCT7002	MV	659	123	0	0	6	117	88	29
PCT7002	TO	659	166	0	0	8	158	126	32
PCT7003	ED	1755	179	0	0	8	171	140	31
PCT7003	MV	1755	431	0	0	24	407	339	68
PCT7003	TO	1755	610	0	0	32	578	479	99
PCT7005	ED	850	99	0	0	2	97	88	9
PCT7005	MV	850	241	0	0	12	229	195	34
PCT7005	TO	850	340	0	0	14	326	283	43
PCT7006	ED	921	87	0	0	4	83	65	18
PCT7006	MV	921	157	0	0	9	148	128	20
PCT7006	TO	921	244	0	0	13	231	193	38
PCT7007	ED	1821	211	0	0	10	201	171	30
PCT7007	MV	1821	538	0	0	33	505	395	110
PCT7007	TO	1821	749	0	0	43	706	566	140
PCT7009	ED	874	46	0	0	4	42	34	8
PCT7009	MV	874	230	0	0	12	218	185	33
PCT7009	TO	874	276	0	0	16	260	219	41
PCT7011	ED	951	66	0	0	4	62	55	7
PCT7011	MV	951	134	0	0	8	126	104	22
PCT7011	TO	951	200	0	0	12	188	159	29
PCT7012	ED	1165	113	0	0	7	106	83	23
PCT7012	MV	1165	289	0	0	15	274	224	50
PCT7012	TO	1165	402	0	0	22	380	307	73
PCT7013	ED	1033	60	0	0	2	58	49	9
PCT7013	MV	1033	237	0	0	10	227	200	27
PCT7013	TO	1033	297	0	0	12	285	249	36
PCT7014	ED	1388	97	0	0	2	95	87	8
PCT7014	MV	1388	354	0	1	18	335	293	42
PCT7014	TO	1388	451	0	1	20	430	380	50
PCT7015	MV	104	21	0	0	1	20	12	8
PCT7015	TO	104	21	0	0	1	20	12	8
PCT7016	ED	912	57	0	0	2	55	42	13
PCT7016	MV	912	149	0	0	9	140	91	49
PCT7016	TO	912	206	0	0	11	195	133	62
PCT7017	ED	781	32	0	0	7	25	19	6
PCT7017	MV	781	110	0	0	3	107	90	17
PCT7017	TO	781	142	0	0	10	132	109	23
PCT7019	ED	1908	90	0	0	5	85	64	21
PCT7019	MV	1908	472	0	0	25	447	312	135
PCT7019	TO	1908	562	0	0	30	532	376	156
PCT7021	ED	955	68	0	0	3	65	56	9
PCT7021	MV	955	136	0	0	10	126	87	39
PCT7021	TO	955	204	0	0	13	191	143	48
PCT7022	ED	943	78	0	0	4	74	55	19
PCT7022	MV	943	166	0	0	10	156	106	50
PCT7022	TO	943	244	0	0	14	230	161	69
PCT7024	ED	448	14	0	0	0	14	8	6
PCT7024	MV	448	30	0	0	1	29	20	9
PCT7024	TO	448	44	0	0	1	43	28	15
PCT7025	ED	473	23	0	0	1	22	13	9
PCT7025	MV	473	47	0	0	3	44	33	11
PCT7025	TO	473	70	0	0	4	66	46	20
PCT7026	ED	1009	46	0	0	5	41	30	11
PCT7026	MV	1009	270	0	0	19	251	156	95
PCT7026	TO	1009	316	0	0	24	292	186	106
PCT7027	ED	883	67	0	0	2	65	51	14
PCT7027	MV	883	205	0	0	16	189	137	52
PCT7027	TO	883	272	0	0	18	254	188	66
PCT7028	ED	849	77	0	0	6	71	55	16
PCT7028	MV	849	126	0	1	6	119	95	24
PCT7028	TO	849	203	0	1	12	190	150	40
PCT7029	ED	1812	100	0	0	6	94	72	22
PCT7029	MV	1812	323	0	1	11	311	232	79
PCT7029	TO	1812	423	0	1	17	405	304	101
PCT7030	ED	787	46	0	0	3	43	24	19
PCT7030	MV	787	216	0	0	16	200	135	65
PCT7030	TO	787	262	0	0	19	243	159	84
PCT7031	ED	680	24	0	0	0	24	20	4
PCT7031	MV	680	149	0	0	17	132	81	51
PCT7031	TO	680	173	0	0	17	156	101	55
PCT7032	ED	876	48	0	0	3	45	27	18
PCT7032	MV	876	172	0	0	6	166	115	51
PCT7032	TO	876	220	0	0	9	211	142	69
PCT7033	ED	770	61	0	0	4	57	42	15
PCT7033	MV	770	134	0	0	10	124	92	32
PCT7033	TO	770	195	0	0	14	181	134	47
PCT7034	ED	954	33	0	0	1	32	17	15
PCT7034	MV	954	110	0	0	8	102	67	35
PCT7034	TO	954	143	0	0	9	134	84	50
PCT7035	ED	681	26	0	0	2	24	15	9
PCT7035	MV	681	154	0	1	7	146	110	36
PCT7035	TO	681	180	0	1	9	170	125	45
PCT7037	ED	1676	59	0	0	4	55	35	20
PCT7037	MV	1676	217	0	0	15	202	134	68
PCT7037	TO	1676	276	0	0	19	257	169	88
PCT7038	ED	924	34	0	0	0	34	26	8
PCT7038	MV	924	217	0	0	14	203	133	70
PCT7038	TO	924	251	0	0	14	237	159	78
PCT7039	ED	830	71	0	0	2	69	47	22
PCT7039	MV	830	171	0	0	9	162	113	49
PCT7039	TO	830	242	0	0	11	231	160	71
PCT7041	MV	60	12	0	0	0	12	11	1
PCT7041	TO	60	12	0	0	0	12	11	1
PCT7042	ED	1069	67	0	0	3	64	45	19
PCT7042	MV	1069	224	0	0	14	210	145	65
PCT7042	TO	1069	291	0	0	17	274	190	84
PCT7043	ED	961	40	0	0	2	38	31	7
PCT7043	MV	961	180	0	0	10	170	132	38
PCT7043	TO	961	220	0	0	12	208	163	45
PCT7044	ED	844	23	0	0	1	22	18	4
PCT7044	MV	844	94	0	0	5	89	49	40
PCT7044	TO	844	117	0	0	6	111	67	44
PCT7045	ED	783	39	0	0	2	37	23	14
PCT7045	MV	783	214	0	0	13	201	143	58
PCT7045	TO	783	253	0	0	15	238	166	72
PCT7047	ED	1727	73	0	0	5	68	57	11
PCT7047	MV	1727	376	0	0	20	356	201	155
PCT7047	TO	1727	449	0	0	25	424	258	166
PCT7048	ED	870	37	0	0	2	35	17	18
PCT7048	MV	870	162	0	0	8	154	97	57
PCT7048	TO	870	199	0	0	10	189	114	75
PCT7049	ED	815	50	0	0	4	46	36	10
PCT7049	MV	815	182	0	0	14	168	97	71
PCT7049	TO	815	232	0	0	18	214	133	81
PCT7052	ED	878	67	0	0	3	64	55	9
PCT7052	MV	878	218	0	0	13	205	143	62
PCT7052	TO	878	285	0	0	16	269	198	71
PCT7053	ED	568	22	0	0	0	22	16	6
PCT7053	MV	568	108	0	0	9	99	82	17
PCT7053	TO	568	130	0	0	9	121	98	23
PCT7054	ED	1111	60	0	0	6	54	40	14
PCT7054	MV	1111	191	0	0	9	182	145	37
PCT7054	TO	1111	251	0	0	15	236	185	51
PCT7055	ED	799	21	0	0	2	19	14	5
PCT7055	MV	799	179	0	0	13	166	121	45
PCT7055	TO	799	200	0	0	15	185	135	50
PCT7101	MV	152	64	0	1	3	60	53	7
PCT7101	TO	152	64	0	1	3	60	53	7
PCT7202	ED	1747	117	0	0	7	110	91	19
PCT7202	MV	1747	413	0	0	32	381	289	92
PCT7202	TO	1747	530	0	0	39	491	380	111
PCT7203	ED	867	83	0	0	5	78	60	18
PCT7203	MV	867	172	0	0	17	155	122	33
PCT7203	TO	867	255	0	0	22	233	182	51
PCT7204	ED	890	73	0	0	5	68	56	12
PCT7204	MV	890	268	0	1	14	253	209	44
PCT7204	TO	890	341	0	1	19	321	265	56
PCT7205	ED	862	85	0	0	3	82	63	19
PCT7205	MV	862	235	0	0	17	218	159	59
PCT7205	TO	862	320	0	0	20	300	222	78
PCT7207	ED	1483	87	0	0	5	82	72	10
PCT7207	MV	1483	454	0	0	20	434	349	85
PCT7207	TO	1483	541	0	0	25	516	421	95
PCT7208	ED	560	36	0	0	5	31	26	5
PCT7208	MV	560	127	0	0	6	121	86	35
PCT7208	TO	560	163	0	0	11	152	112	40
PCT7301	ED	1993	161	0	0	9	152	126	26
PCT7301	MV	1993	486	0	0	30	456	338	118
PCT7301	TO	1993	647	0	0	39	608	464	144
PCT7302	ED	838	81	0	0	4	77	66	11
PCT7302	MV	838	278	0	0	16	262	204	58
PCT7302	TO	838	359	0	0	20	339	270	69
PCT7305	ED	1633	161	0	0	4	157	124	33
PCT7305	MV	1633	422	0	0	28	394	286	108
PCT7305	TO	1633	583	0	0	32	551	410	141
PCT7306	ED	2083	166	0	0	8	158	130	28
PCT7306	MV	2083	338	0	1	15	322	233	89
PCT7306	TO	2083	504	0	1	23	480	363	117
PCT7308	ED	614	75	0	0	3	72	61	11
PCT7308	MV	614	135	0	0	3	132	84	48
PCT7308	TO	614	210	0	0	6	204	145	59
PCT7311	ED	866	89	0	0	4	85	75	10
PCT7311	MV	866	208	0	0	10	198	158	40
PCT7311	TO	866	297	0	0	14	283	233	50
PCT7312	ED	801	69	0	0	6	63	50	13
PCT7312	MV	801	266	0	0	24	242	181	61
PCT7312	TO	801	335	0	0	30	305	231	74
PCT7314	ED	1749	106	0	0	13	93	80	13
PCT7314	MV	1749	429	0	0	58	371	291	80
PCT7314	TO	1749	535	0	0	71	464	371	93
PCT7315	ED	1584	130	0	0	9	121	107	14
PCT7315	MV	1584	269	0	0	17	252	179	73
PCT7315	TO	1584	399	0	0	26	373	286	87
PCT7317	ED	875	59	0	0	3	56	50	6
PCT7317	MV	875	235	0	0	19	216	170	46
PCT7317	TO	875	294	0	0	22	272	220	52
PCT7318	ED	1567	109	0	0	9	100	70	30
PCT7318	MV	1567	298	0	1	32	265	194	71
PCT7318	TO	1567	407	0	1	41	365	264	101
PCT7321	ED	1533	57	0	0	2	55	43	12
PCT7321	MV	1533	402	0	0	50	352	257	95
PCT7321	TO	1533	459	0	0	52	407	300	107
PCT7323	ED	1967	149	0	0	3	146	121	25
PCT7323	MV	1967	382	0	0	28	354	277	77
PCT7323	TO	1967	531	0	0	31	500	398	102
PCT7325	ED	1588	104	0	0	3	101	75	26
PCT7325	MV	1588	352	0	0	31	321	252	69
PCT7325	TO	1588	456	0	0	34	422	327	95
PCT7326	ED	1709	123	0	0	7	116	91	25
PCT7326	MV	1709	434	0	0	26	408	308	100
PCT7326	TO	1709	557	0	0	33	524	399	125
PCT7327	ED	668	26	0	0	3	23	19	4
PCT7327	MV	668	197	0	0	33	164	108	56
PCT7327	TO	668	223	0	0	36	187	127	60
PCT7328	ED	985	33	0	0	4	29	23	6
PCT7328	MV	985	286	0	0	45	241	177	64
PCT7328	TO	985	319	0	0	49	270	200	70
PCT7329	ED	638	31	0	0	2	29	19	10
PCT7329	MV	638	152	0	0	14	138	98	40
PCT7329	TO	638	183	0	0	16	167	117	50
PCT7331	ED	850	102	0	0	4	98	74	24
PCT7331	MV	850	238	0	0	20	218	161	57
PCT7331	TO	850	340	0	0	24	316	235	81
PCT7332	ED	1601	145	0	0	8	137	112	25
PCT7332	MV	1601	357	0	0	17	340	279	61
PCT7332	TO	1601	502	0	0	25	477	391	86
PCT7333	ED	1930	151	0	0	7	144	122	22
PCT7333	MV	1930	436	0	0	23	413	316	97
PCT7333	TO	1930	587	0	0	30	557	438	119
PCT7336	ED	2021	168	0	0	2	166	137	29
PCT7336	MV	2021	463	0	0	20	443	332	111
PCT7336	TO	2021	631	0	0	22	609	469	140
PCT7338	ED	1783	119	0	0	6	113	94	19
PCT7338	MV	1783	480	0	1	53	426	313	113
PCT7338	TO	1783	599	0	1	59	539	407	132
PCT7339	ED	1588	131	0	0	8	123	105	18
PCT7339	MV	1588	329	0	0	23	306	247	59
PCT7339	TO	1588	460	0	0	31	429	352	77
PCT7342	ED	909	133	0	0	5	128	108	20
PCT7342	MV	909	168	0	0	4	164	121	43
PCT7342	TO	909	301	0	0	9	292	229	63
PCT7343	ED	706	66	0	0	10	56	43	13
PCT7343	MV	706	81	0	0	4	77	66	11
PCT7343	TO	706	147	0	0	14	133	109	24
PCT7344	ED	1052	93	0	0	5	88	78	10
PCT7344	MV	1052	248	0	0	9	239	176	63
PCT7344	TO	1052	341	0	0	14	327	254	73
PCT7346	ED	879	82	0	0	3	79	58	21
PCT7346	MV	879	152	0	0	13	139	110	29
PCT7346	TO	879	234	0	0	16	218	168	50
PCT7348	ED	1826	121	0	0	6	115	99	16
PCT7348	MV	1826	327	0	0	23	304	242	62
PCT7348	TO	1826	448	0	0	29	419	341	78
PCT7502	ED	779	66	0	0	0	66	53	13
PCT7502	MV	779	211	0	0	14	197	144	53
PCT7502	TO	779	277	0	0	14	263	197	66
PCT7503	ED	725	56	0	0	3	53	41	12
PCT7503	MV	725	181	0	0	6	175	132	43
PCT7503	TO	725	237	0	0	9	228	173	55
PCT7504	ED	1019	95	0	0	8	87	70	17
PCT7504	MV	1019	263	0	0	14	249	201	48
PCT7504	TO	1019	358	0	0	22	336	271	65
PCT7505	ED	851	78	0	0	5	73	64	9
PCT7505	MV	851	338	0	0	24	314	267	47
PCT7505	TO	851	416	0	0	29	387	331	56
PCT7506	ED	1913	135	0	0	10	125	110	15
PCT7506	MV	1913	458	0	0	22	436	363	73
PCT7506	TO	1913	593	0	0	32	561	473	88
PCT7508	ED	720	75	0	0	3	72	54	18
PCT7508	MV	720	229	0	0	13	216	177	39
PCT7508	TO	720	304	0	0	16	288	231	57
PCT7509	ED	914	100	0	0	5	95	81	14
PCT7509	MV	914	236	0	0	13	223	176	47
PCT7509	TO	914	336	0	0	18	318	257	61
PCT7512	ED	588	58	0	0	7	51	41	10
PCT7512	MV	588	177	0	0	6	171	131	40
PCT7512	TO	588	235	0	0	13	222	172	50
PCT7513	ED	784	78	0	0	7	71	63	8
PCT7513	MV	784	173	0	0	10	163	137	26
PCT7513	TO	784	251	0	0	17	234	200	34
PCT7514	ED	901	54	0	0	4	50	40	10
PCT7514	MV	901	196	0	0	20	176	130	46
PCT7514	TO	901	250	0	0	24	226	170	56
PCT7515	ED	852	70	0	0	7	63	55	8
PCT7515	MV	852	197	0	0	10	187	156	31
PCT7515	TO	852	267	0	0	17	250	211	39
PCT7516	ED	906	89	0	0	5	84	71	13
PCT7516	MV	906	307	0	0	25	282	211	71
PCT7516	TO	906	396	0	0	30	366	282	84
PCT7518	ED	1754	221	0	0	18	203	178	25
PCT7518	MV	1754	466	0	0	23	443	400	43
PCT7518	TO	1754	687	0	0	41	646	578	68
PCT7519	ED	709	88	0	0	3	85	79	6
PCT7519	MV	709	168	0	0	11	157	137	20
PCT7519	TO	709	256	0	0	14	242	216	26
PCT7521	ED	761	99	0	0	6	93	80	13
PCT7521	MV	761	177	0	0	7	170	148	22
PCT7521	TO	761	276	0	0	13	263	228	35
PCT7522	ED	1464	203	0	0	13	190	174	16
PCT7522	MV	1464	322	0	0	23	299	273	26
PCT7522	TO	1464	525	0	0	36	489	447	42
PCT7524	ED	606	74	0	0	3	71	63	8
PCT7524	MV	606	128	0	0	9	119	103	16
PCT7524	TO	606	202	0	0	12	190	166	24
PCT7525	ED	762	67	0	0	4	63	50	13
PCT7525	MV	762	159	0	0	11	148	126	22
PCT7525	TO	762	226	0	0	15	211	176	35
PCT7526	ED	974	93	0	0	2	91	77	14
PCT7526	MV	974	234	0	0	13	221	201	20
PCT7526	TO	974	327	0	0	15	312	278	34
PCT7527	ED	689	95	0	0	6	89	76	13
PCT7527	MV	689	185	0	0	18	167	141	26
PCT7527	TO	689	280	0	0	24	256	217	39
PCT7529	ED	906	136	0	0	12	124	109	15
PCT7529	MV	906	210	0	0	13	197	172	25
PCT7529	TO	906	346	0	0	25	321	281	40
PCT7531	ED	839	74	0	0	3	71	68	3
PCT7531	MV	839	220	0	0	10	210	195	15
PCT7531	TO	839	294	0	0	13	281	263	18
PCT7532	ED	792	90	0	0	3	87	75	12
PCT7532	MV	792	195	0	0	7	188	166	22
PCT7532	TO	792	285	0	0	10	275	241	34
PCT7533	ED	936	169	0	0	11	158	135	23
PCT7533	MV	936	230	0	0	13	217	194	23
PCT7533	TO	936	399	0	0	24	375	329	46
PCT7534	ED	881	116	0	0	10	106	96	10
PCT7534	MV	881	151	0	0	7	144	128	16
PCT7534	TO	881	267	0	0	17	250	224	26
PCT7536	ED	1594	243	0	0	12	231	206	25
PCT7536	MV	1594	419	0	0	24	395	347	48
PCT7536	TO	1594	662	0	0	36	626	553	73
PCT7537	ED	1472	218	0	0	13	205	187	18
PCT7537	MV	1472	371	0	0	13	358	321	37
PCT7537	TO	1472	589	0	0	26	563	508	55
PCT7539	ED	906	180	0	0	12	168	155	13
PCT7539	MV	906	169	0	0	8	161	141	20
PCT7539	TO	906	349	0	0	20	329	296	33
PCT7541	ED	769	100	0	0	6	94	78	16
PCT7541	MV	769	198	0	0	9	189	162	27
PCT7541	TO	769	298	0	0	15	283	240	43
PCT7543	ED	1718	204	0	0	14	190	169	21
PCT7543	MV	1718	462	0	0	26	436	377	59
PCT7543	TO	1718	666	0	0	40	626	546	80
PCT7544	ED	892	112	0	0	3	109	97	12
PCT7544	MV	892	233	0	0	10	223	196	27
PCT7544	TO	892	345	0	0	13	332	293	39
PCT7545	ED	877	110	0	0	5	105	90	15
PCT7545	MV	877	205	0	0	7	198	173	25
PCT7545	TO	877	315	0	0	12	303	263	40
PCT7546	ED	1900	271	0	0	11	260	236	24
PCT7546	MV	1900	546	0	0	31	515	455	60
PCT7546	TO	1900	817	0	0	42	775	691	84
PCT7548	ED	1027	149	0	0	7	142	119	23
PCT7548	MV	1027	219	0	0	8	211	184	27
PCT7548	TO	1027	368	0	0	15	353	303	50
PCT7549	ED	799	99	0	0	4	95	82	13
PCT7549	MV	799	247	0	0	16	231	193	38
PCT7549	TO	799	346	0	0	20	326	275	51
PCT7552	ED	685	97	0	0	6	91	80	11
PCT7552	MV	685	176	0	0	4	172	144	28
PCT7552	TO	685	273	0	0	10	263	224	39
PCT7553	MV	182	66	0	0	8	58	47	11
PCT7553	TO	182	66	0	0	8	58	47	11
PCT7554	ED	795	108	0	0	7	101	88	13
PCT7554	MV	795	220	0	0	14	206	182	24
PCT7554	TO	795	328	0	0	21	307	270	37
PCT7555	ED	1584	271	0	0	9	262	223	39
PCT7555	MV	1584	481	0	0	18	463	404	59
PCT7555	TO	1584	752	0	0	27	725	627	98
PCT7556	ED	958	113	0	0	5	108	91	17
PCT7556	MV	958	355	0	0	14	341	294	47
PCT7556	TO	958	468	0	0	19	449	385	64
PCT7601	ED	677	61	0	0	4	57	44	13
PCT7601	MV	677	127	0	0	5	122	85	37
PCT7601	TO	677	188	0	0	9	179	129	50
PCT7602	ED	1659	136	0	0	11	125	106	19
PCT7602	MV	1659	289	0	0	20	269	223	46
PCT7602	TO	1659	425	0	0	31	394	329	65
PCT7605	ED	1508	77	0	0	3	74	63	11
PCT7605	MV	1508	390	0	1	31	358	294	64
PCT7605	TO	1508	467	0	1	34	432	357	75
PCT7606	ED	887	63	0	0	0	63	50	13
PCT7606	MV	887	117	0	0	7	110	84	26
PCT7606	TO	887	180	0	0	7	173	134	39
PCT7607	ED	900	65	0	0	3	62	53	9
PCT7607	MV	900	175	0	0	11	164	127	37
PCT7607	TO	900	240	0	0	14	226	180	46
PCT7608	ED	1300	81	0	0	4	77	69	8
PCT7608	MV	1300	214	0	0	10	204	158	46
PCT7608	TO	1300	295	0	0	14	281	227	54
PCT7611	ED	763	38	0	0	3	35	27	8
PCT7611	MV	763	158	0	0	20	138	106	32
PCT7611	TO	763	196	0	0	23	173	133	40
PCT7613	ED	1421	101	0	0	8	93	72	21
PCT7613	MV	1421	291	0	0	24	267	197	70
PCT7613	TO	1421	392	0	0	32	360	269	91
PCT7614	ED	932	56	0	0	5	51	42	9
PCT7614	MV	932	134	0	0	6	128	95	33
PCT7614	TO	932	190	0	0	11	179	137	42
PCT7615	ED	745	41	0	0	3	38	30	8
PCT7615	MV	745	132	0	0	17	115	82	33
PCT7615	TO	745	173	0	0	20	153	112	41
PCT7616	ED	1246	58	0	0	3	55	48	7
PCT7616	MV	1246	262	0	0	15	247	221	26
PCT7616	TO	1246	320	0	0	18	302	269	33
PCT7617	ED	737	32	0	0	5	27	20	7
PCT7617	MV	737	167	0	0	17	150	121	29
PCT7617	TO	737	199	0	0	22	177	141	36
PCT7618	ED	873	54	0	0	3	51	42	9
PCT7618	MV	873	197	0	0	5	192	161	31
PCT7618	TO	873	251	0	0	8	243	203	40
PCT7619	ED	1055	64	0	0	5	59	52	7
PCT7619	MV	1055	241	0	0	10	231	188	43
PCT7619	TO	1055	305	0	0	15	290	240	50
PCT7621	ED	1064	60	0	0	2	58	48	10
PCT7621	MV	1064	214	0	0	10	204	170	34
PCT7621	TO	1064	274	0	0	12	262	218	44
PCT7622	ED	923	44	0	0	4	40	33	7
PCT7622	MV	923	130	0	0	6	124	90	34
PCT7622	TO	923	174	0	0	10	164	123	41
PCT7623	ED	965	68	0	0	2	66	56	10
PCT7623	MV	965	148	0	0	14	134	111	23
PCT7623	TO	965	216	0	0	16	200	167	33
PCT7624	ED	835	46	0	1	1	44	31	13
PCT7624	MV	835	144	0	0	6	138	103	35
PCT7624	TO	835	190	0	1	7	182	134	48
PCT7625	ED	809	23	0	0	1	22	15	7
PCT7625	MV	809	371	0	0	49	322	254	68
PCT7625	TO	809	394	0	0	50	344	269	75
PCT7626	ED	1037	47	0	0	2	45	37	8
PCT7626	MV	1037	262	0	0	14	248	203	45
PCT7626	TO	1037	309	0	0	16	293	240	53
PCT7628	ED	933	69	0	0	2	67	59	8
PCT7628	MV	933	192	0	0	10	182	138	44
PCT7628	TO	933	261	0	0	12	249	197	52
PCT7629	ED	847	61	0	0	3	58	51	7
PCT7629	MV	847	151	0	0	9	142	103	39
PCT7629	TO	847	212	0	0	12	200	154	46
PCT7632	ED	1112	60	0	0	1	59	50	9
PCT7632	MV	1112	210	0	0	9	201	166	35
PCT7632	TO	1112	270	0	0	10	260	216	44
PCT7633	ED	1902	109	0	0	4	105	87	18
PCT7633	MV	1902	441	0	0	25	416	322	94
PCT7633	TO	1902	550	0	0	29	521	409	112
PCT7634	ED	864	63	0	0	10	53	44	9
PCT7634	MV	864	228	0	0	15	213	158	55
PCT7634	TO	864	291	0	0	25	266	202	64
PCT7635	ED	821	41	0	0	2	39	32	7
PCT7635	MV	821	174	0	0	4	170	141	29
PCT7635	TO	821	215	0	0	6	209	173	36
PCT7636	ED	945	59	0	0	3	56	41	15
PCT7636	MV	945	181	0	0	14	167	127	40
PCT7636	TO	945	240	0	0	17	223	168	55
PCT7637	ED	841	44	0	0	3	41	30	11
PCT7637	MV	841	216	0	0	11	205	156	49
PCT7637	TO	841	260	0	0	14	246	186	60
PCT7638	ED	1467	67	0	0	4	63	37	26
PCT7638	MV	1467	412	0	0	25	387	278	109
PCT7638	TO	1467	479	0	0	29	450	315	135
PCT7639	ED	1935	103	0	0	8	95	73	22
PCT7639	MV	1935	516	0	1	25	490	388	102
PCT7639	TO	1935	619	0	1	33	585	461	124
PCT7642	ED	946	60	0	0	9	51	34	17
PCT7642	MV	946	186	0	0	15	171	123	48
PCT7642	TO	946	246	0	0	24	222	157	65
PCT7643	ED	927	68	0	0	4	64	52	12
PCT7643	MV	927	283	0	0	16	267	210	57
PCT7643	TO	927	351	0	0	20	331	262	69
PCT7644	ED	1111	60	0	0	1	59	46	13
PCT7644	MV	1111	212	0	0	11	201	164	37
PCT7644	TO	1111	272	0	0	12	260	210	50
PCT7645	ED	626	28	0	0	1	27	19	8
PCT7645	MV	626	189	0	0	18	171	129	42
PCT7645	TO	626	217	0	0	19	198	148	50
PCT7646	ED	1090	41	0	0	2	39	36	3
PCT7646	MV	1090	284	0	1	16	267	217	50
PCT7646	TO	1090	325	0	1	18	306	253	53
PCT7647	ED	968	46	0	0	1	45	35	10
PCT7647	MV	968	81	0	0	2	79	55	24
PCT7647	TO	968	127	0	0	3	124	90	34
PCT7648	MV	2	0	0	0	0	0	0	0
PCT7648	TO	2	0	0	0	0	0	0	0
PCT7649	ED	888	44	0	0	2	42	33	9
PCT7649	MV	888	171	0	0	10	161	135	26
PCT7649	TO	888	215	0	0	12	203	168	35
PCT7651	ED	830	29	0	0	3	26	22	4
PCT7651	MV	830	174	0	0	11	163	135	28
PCT7651	TO	830	203	0	0	14	189	157	32
PCT7652	ED	596	38	0	0	5	33	27	6
PCT7652	MV	596	124	0	0	5	119	96	23
PCT7652	TO	596	162	0	0	10	152	123	29
PCT7653	ED	1373	52	0	0	4	48	36	12
PCT7653	MV	1373	299	0	0	12	287	228	59
PCT7653	TO	1373	351	0	0	16	335	264	71
PCT7655	ED	1150	38	0	0	6	32	25	7
PCT7655	MV	1150	230	0	0	15	215	161	54
PCT7655	TO	1150	268	0	0	21	247	186	61
PCT7701	ED	1035	113	0	0	1	112	93	19
PCT7701	MV	1035	319	0	0	9	310	252	58
PCT7701	TO	1035	432	0	0	10	422	345	77
PCT7703	MV	178	36	0	0	0	36	28	8
PCT7703	TO	178	36	0	0	0	36	28	8
PCT7704	ED	1723	201	0	0	8	193	145	48
PCT7704	MV	1723	443	0	0	22	421	277	144
PCT7704	TO	1723	644	0	0	30	614	422	192
PCT7705	ED	570	67	0	0	3	64	47	17
PCT7705	MV	570	176	0	0	10	166	113	53
PCT7705	TO	570	243	0	0	13	230	160	70
PCT7706	ED	839	120	0	0	7	113	90	23
PCT7706	MV	839	267	0	0	14	253	188	65
PCT7706	TO	839	387	0	0	21	366	278	88
PCT7707	ED	861	119	0	0	8	111	86	25
PCT7707	MV	861	265	0	0	15	250	182	68
PCT7707	TO	861	384	0	0	23	361	268	93
PCT7708	ED	881	92	0	0	4	88	72	16
PCT7708	MV	881	306	0	0	15	291	229	62
PCT7708	TO	881	398	0	0	19	379	301	78
PCT7709	ED	395	65	0	0	2	63	51	12
PCT7709	MV	395	120	0	0	6	114	88	26
PCT7709	TO	395	185	0	0	8	177	139	38
PCT7712	ED	1308	145	0	0	8	137	123	14
PCT7712	MV	1308	334	0	0	10	324	252	72
PCT7712	TO	1308	479	0	0	18	461	375	86
PCT7801	ED	968	110	0	0	7	103	87	16
PCT7801	MV	968	272	0	0	17	255	204	51
PCT7801	TO	968	382	0	0	24	358	291	67
PCT7802	ED	788	107	0	0	7	100	85	15
PCT7802	MV	788	231	0	0	19	212	175	37
PCT7802	TO	788	338	0	0	26	312	260	52
PCT7803	ED	822	67	0	0	3	64	58	6
PCT7803	MV	822	314	0	0	11	303	244	59
PCT7803	TO	822	381	0	0	14	367	302	65
PCT7805	ED	1683	205	0	0	8	197	173	24
PCT7805	MV	1683	531	0	0	37	494	412	82
PCT7805	TO	1683	736	0	0	45	691	585	106
PCT7807	ED	796	125	0	0	7	118	104	14
PCT7807	MV	796	215	0	0	12	203	178	25
PCT7807	TO	796	340	0	0	19	321	282	39
PCT7808	ED	1377	206	0	0	9	197	183	14
PCT7808	MV	1377	317	0	0	17	300	257	43
PCT7808	TO	1377	523	0	0	26	497	440	57
PCT7809	ED	770	89	0	0	6	83	78	5
PCT7809	MV	770	203	0	0	11	192	164	28
PCT7809	TO	770	292	0	0	17	275	242	33
PCT7811	ED	726	97	0	0	5	92	86	6
PCT7811	MV	726	164	0	0	11	153	134	19
PCT7811	TO	726	261	0	0	16	245	220	25
PCT7812	ED	871	107	0	0	7	100	87	13
PCT7812	MV	871	175	0	0	6	169	142	27
PCT7812	TO	871	282	0	0	13	269	229	40
PCT7813	ED	1037	153	0	0	4	149	134	15
PCT7813	MV	1037	274	0	0	13	261	235	26
PCT7813	TO	1037	427	0	0	17	410	369	41
PCT7814	ED	887	80	0	0	3	77	64	13
PCT7814	MV	887	183	0	1	11	171	138	33
PCT7814	TO	887	263	0	1	14	248	202	46
PCT7815	ED	1779	190	0	0	3	187	157	30
PCT7815	MV	1779	513	0	0	24	489	415	74
PCT7815	TO	1779	703	0	0	27	676	572	104
PCT7817	ED	1641	225	0	0	8	217	197	20
PCT7817	MV	1641	519	0	0	20	499	435	64
PCT7817	TO	1641	744	0	0	28	716	632	84
PCT7819	ED	1585	181	0	0	6	175	143	32
PCT7819	MV	1585	418	0	0	31	387	324	63
PCT7819	TO	1585	599	0	0	37	562	467	95
PCT7821	ED	965	134	0	0	4	130	101	29
PCT7821	MV	965	327	0	0	13	314	265	49
PCT7821	TO	965	461	0	0	17	444	366	78
PCT7822	ED	1748	263	0	0	4	259	218	41
PCT7822	MV	1748	525	0	0	25	500	425	75
PCT7822	TO	1748	788	0	0	29	759	643	116
PCT7824	ED	1353	175	0	0	6	169	147	22
PCT7824	MV	1353	337	0	0	13	324	281	43
PCT7824	TO	1353	512	0	0	19	493	428	65
PCT7826	ED	661	107	0	0	7	100	91	9
PCT7826	MV	661	118	0	0	6	112	98	14
PCT7826	TO	661	225	0	0	13	212	189	23
PCT7828	ED	997	105	0	0	4	101	84	17
PCT7828	MV	997	232	0	0	14	218	179	39
PCT7828	TO	997	337	0	0	18	319	263	56
PCT7829	ED	884	113	0	0	3	110	92	18
PCT7829	MV	884	298	0	0	16	282	233	49
PCT7829	TO	884	411	0	0	19	392	325	67
PCT7832	ED	773	77	0	0	6	71	64	7
PCT7832	MV	773	234	0	0	19	215	178	37
PCT7832	TO	773	311	0	0	25	286	242	44
PCT7834	ED	1593	199	0	0	13	186	163	23
PCT7834	MV	1593	403	0	0	20	383	333	50
PCT7834	TO	1593	602	0	0	33	569	496	73
PCT7835	ED	847	77	0	0	0	77	59	18
PCT7835	MV	847	193	0	0	8	185	143	42
PCT7835	TO	847	270	0	0	8	262	202	60
PCT7836	ED	1011	108	0	0	2	106	88	18
PCT7836	MV	1011	275	0	0	11	264	208	56
PCT7836	TO	1011	383	0	0	13	370	296	74
PCT7837	ED	1784	238	0	0	11	227	188	39
PCT7837	MV	1784	555	0	0	37	518	420	98
PCT7837	TO	1784	793	0	0	48	745	608	137
PCT7839	ED	1718	176	0	0	8	168	143	25
PCT7839	MV	1718	566	0	0	23	543	460	83
PCT7839	TO	1718	742	0	0	31	711	603	108
PCT7841	ED	1778	277	0	0	11	266	233	33
PCT7841	MV	1778	393	0	0	18	375	323	52
PCT7841	TO	1778	670	0	0	29	641	556	85
PCT7843	ED	719	108	0	0	4	104	93	11
PCT7843	MV	719	184	0	0	10	174	155	19
PCT7843	TO	719	292	0	0	14	278	248	30
PCT7844	ED	630	77	0	0	4	73	65	8
PCT7844	MV	630	157	0	0	8	149	126	23
PCT7844	TO	630	234	0	0	12	222	191	31
PCT7845	ED	870	107	0	1	2	104	87	17
PCT7845	MV	870	252	0	0	14	238	204	34
PCT7845	TO	870	359	0	1	16	342	291	51
PCT7846	ED	888	103	0	0	7	96	79	17
PCT7846	MV	888	233	0	0	13	220	192	28
PCT7846	TO	888	336	0	0	20	316	271	45
PCT7847	ED	1718	225	0	0	12	213	170	43
PCT7847	MV	1718	400	0	0	26	374	304	70
PCT7847	TO	1718	625	0	0	38	587	474	113
PCT7849	ED	887	126	0	0	7	119	102	17
PCT7849	MV	887	218	0	0	2	216	174	42
PCT7849	TO	887	344	0	0	9	335	276	59
PCT7852	ED	1153	130	0	0	7	123	94	29
PCT7852	MV	1153	371	0	0	10	361	293	68
PCT7852	TO	1153	501	0	0	17	484	387	97
PCT7853	ED	1736	183	0	0	9	174	132	42
PCT7853	MV	1736	432	0	0	15	417	334	83
PCT7853	TO	1736	615	0	0	24	591	466	125
PCT7854	ED	866	109	0	0	7	102	91	11
PCT7854	MV	866	269	0	0	14	255	219	36
PCT7854	TO	866	378	0	0	21	357	310	47
PCT7855	ED	1775	243	0	0	5	238	211	27
PCT7855	MV	1775	396	0	0	19	377	314	63
PCT7855	TO	1775	639	0	0	24	615	525	90
PCT7858	ED	1646	199	0	0	15	184	161	23
PCT7858	MV	1646	398	0	0	18	380	321	59
PCT7858	TO	1646	597	0	0	33	564	482	82
PCT7861	ED	854	111	0	0	3	108	89	19
PCT7861	MV	854	215	0	0	12	203	164	39
PCT7861	TO	854	326	0	0	15	311	253	58
PCT7862	ED	857	132	0	0	11	121	102	19
PCT7862	MV	857	242	0	0	11	231	185	46
PCT7862	TO	857	374	0	0	22	352	287	65
PCT7863	ED	881	127	0	0	6	121	98	23
PCT7863	MV	881	189	0	0	7	182	164	18
PCT7863	TO	881	316	0	0	13	303	262	41
PCT7864	ED	804	96	0	0	2	94	82	12
PCT7864	MV	804	228	0	0	15	213	183	30
PCT7864	TO	804	324	0	0	17	307	265	42
PCT7866	ED	822	113	0	0	9	104	85	19
PCT7866	MV	822	267	0	0	18	249	189	60
PCT7866	TO	822	380	0	0	27	353	274	79
PCT7867	ED	969	124	0	0	10	114	95	19
PCT7867	MV	969	287	0	0	16	271	230	41
PCT7867	TO	969	411	0	0	26	385	325	60
PCT7868	ED	870	117	0	0	4	113	91	22
PCT7868	MV	870	233	0	0	12	221	171	50
PCT7868	TO	870	350	0	0	16	334	262	72
PCT7869	ED	863	109	0	0	6	103	87	16
PCT7869	MV	863	290	0	0	18	272	219	53
PCT7869	TO	863	399	0	0	24	375	306	69
PCT7871	ED	877	125	0	0	8	117	90	27
PCT7871	MV	877	190	0	1	11	178	165	13
PCT7871	TO	877	315	0	1	19	295	255	40
PCT7872	ED	863	134	0	0	7	127	106	21
PCT7872	MV	863	289	0	0	11	278	222	56
PCT7872	TO	863	423	0	0	18	405	328	77
PCT7873	ED	1688	227	0	0	11	216	187	29
PCT7873	MV	1688	523	0	1	31	491	402	89
PCT7873	TO	1688	750	0	1	42	707	589	118
PCT7874	ED	474	55	0	0	3	52	40	12
PCT7874	MV	474	118	0	0	2	116	98	18
PCT7874	TO	474	173	0	0	5	168	138	30
PCT7875	ED	624	63	0	0	5	58	49	9
PCT7875	MV	624	149	0	0	10	139	110	29
PCT7875	TO	624	212	0	0	15	197	159	38
PCT7876	ED	523	49	0	0	4	45	39	6
PCT7876	MV	523	143	0	0	8	135	111	24
PCT7876	TO	523	192	0	0	12	180	150	30
PCT7902	ED	1729	159	0	0	7	152	129	23
PCT7902	MV	1729	310	0	0	13	297	244	53
PCT7902	TO	1729	469	0	0	20	449	373	76
PCT7903	ED	826	102	0	0	7	95	84	11
PCT7903	MV	826	168	0	0	16	152	128	24
PCT7903	TO	826	270	0	0	23	247	212	35
PCT7905	ED	880	115	0	0	4	111	88	23
PCT7905	MV	880	216	0	0	16	200	170	30
PCT7905	TO	880	331	0	0	20	311	258	53
PCT7906	ED	757	75	0	0	2	73	66	7
PCT7906	MV	757	93	0	0	4	89	78	11
PCT7906	TO	757	168	0	0	6	162	144	18
PCT7908	ED	1907	203	0	0	5	198	177	21
PCT7908	MV	1907	301	0	0	34	267	210	57
PCT7908	TO	1907	504	0	0	39	465	387	78
PCT7909	ED	718	96	0	0	4	92	78	14
PCT7909	MV	718	165	0	0	6	159	147	12
PCT7909	TO	718	261	0	0	10	251	225	26
PCT7911	ED	845	91	0	0	3	88	74	14
PCT7911	MV	845	177	0	0	6	171	143	28
PCT7911	TO	845	268	0	0	9	259	217	42
PCT7912	ED	1940	230	0	0	14	216	190	26
PCT7912	MV	1940	398	0	0	11	387	323	64
PCT7912	TO	1940	628	0	0	25	603	513	90
PCT7915	ED	1692	201	0	0	9	192	171	21
PCT7915	MV	1692	339	0	0	9	330	282	48
PCT7915	TO	1692	540	0	0	18	522	453	69
PCT7916	ED	842	119	0	0	9	110	96	14
PCT7916	MV	842	186	0	0	7	179	150	29
PCT7916	TO	842	305	0	0	16	289	246	43
PCT7917	ED	1823	232	0	1	4	227	199	28
PCT7917	MV	1823	268	0	0	11	257	221	36
PCT7917	TO	1823	500	0	1	15	484	420	64
PCT7918	ED	798	96	0	0	4	92	82	10
PCT7918	MV	798	156	0	0	7	149	127	22
PCT7918	TO	798	252	0	0	11	241	209	32
PCT7921	ED	1729	158	0	0	8	150	129	21
PCT7921	MV	1729	348	0	0	14	334	282	52
PCT7921	TO	1729	506	0	0	22	484	411	73
PCT7923	ED	1708	173	0	0	5	168	149	19
PCT7923	MV	1708	258	0	0	14	244	186	58
PCT7923	TO	1708	431	0	0	19	412	335	77
PCT7925	ED	530	58	0	0	1	57	52	5
PCT7925	MV	530	128	0	0	6	122	100	22
PCT7925	TO	530	186	0	0	7	179	152	27
PCT7926	ED	783	114	0	0	2	112	97	15
PCT7926	MV	783	137	0	0	7	130	107	23
PCT7926	TO	783	251	0	0	9	242	204	38
PCT7928	ED	1661	261	0	0	12	249	220	29
PCT7928	MV	1661	440	0	0	10	430	371	59
PCT7928	TO	1661	701	0	0	22	679	591	88
PCT7929	ED	830	117	0	0	4	113	94	19
PCT7929	MV	830	270	0	0	10	260	225	35
PCT7929	TO	830	387	0	0	14	373	319	54
PCT7931	ED	742	96	0	0	4	92	82	10
PCT7931	MV	742	249	0	0	16	233	206	27
PCT7931	TO	742	345	0	0	20	325	288	37
PCT7932	ED	547	68	0	0	3	65	53	12
PCT7932	MV	547	154	0	0	4	150	125	25
PCT7932	TO	547	222	0	0	7	215	178	37
PCT7933	MV	7	4	0	0	0	4	2	2
PCT7933	TO	7	4	0	0	0	4	2	2
PCT7934	ED	866	92	0	0	2	90	75	15
PCT7934	MV	866	250	0	0	15	235	210	25
PCT7934	TO	866	342	0	0	17	325	285	40
PCT7935	ED	927	131	0	0	4	127	106	21
PCT7935	MV	927	254	0	0	15	239	202	37
PCT7935	TO	927	385	0	0	19	366	308	58
PCT7936	ED	1508	285	0	0	12	273	243	30
PCT7936	MV	1508	318	0	0	8	310	262	48
PCT7936	TO	1508	603	0	0	20	583	505	78
PCT7937	ED	899	108	0	0	4	104	97	7
PCT7937	MV	899	252	0	0	12	240	206	34
PCT7937	TO	899	360	0	0	16	344	303	41
PCT7938	ED	758	80	0	0	4	76	65	11
PCT7938	MV	758	177	0	0	6	171	131	40
PCT7938	TO	758	257	0	0	10	247	196	51
PCT7941	ED	752	95	0	0	3	92	85	7
PCT7941	MV	752	176	0	0	5	171	145	26
PCT7941	TO	752	271	0	0	8	263	230	33
PCT7942	ED	923	72	0	0	3	69	58	11
PCT7942	MV	923	213	0	0	13	200	165	35
PCT7942	TO	923	285	0	0	16	269	223	46
PCT7943	ED	1675	215	0	0	9	206	181	25
PCT7943	MV	1675	436	0	1	21	414	346	68
PCT7943	TO	1675	651	0	1	30	620	527	93
PCT7945	ED	940	50	0	0	0	50	41	9
PCT7945	MV	940	210	0	0	17	193	164	29
PCT7945	TO	940	260	0	0	17	243	205	38
PCT7946	ED	1553	111	0	1	4	106	87	19
PCT7946	MV	1553	411	0	0	15	396	273	123
PCT7946	TO	1553	522	0	1	19	502	360	142
PCT7947	ED	960	51	0	0	5	46	31	15
PCT7947	MV	960	262	0	0	22	240	158	82
PCT7947	TO	960	313	0	0	27	286	189	97
PCT7948	ED	918	75	0	0	2	73	60	13
PCT7948	MV	918	261	0	0	14	247	168	79
PCT7948	TO	918	336	0	0	16	320	228	92
PCT7951	ED	1818	98	0	0	4	94	74	20
PCT7951	MV	1818	518	0	0	37	481	293	188
PCT7951	TO	1818	616	0	0	41	575	367	208
PCT7953	ED	824	69	0	0	1	68	44	24
PCT7953	MV	824	204	0	0	14	190	120	70
PCT7953	TO	824	273	0	0	15	258	164	94
PCT7954	MV	1	1	0	0	0	1	0	1
PCT7954	TO	1	1	0	0	0	1	0	1
PCT7956	ED	1759	85	0	0	6	79	53	26
PCT7956	MV	1759	358	0	2	25	331	209	122
PCT7956	TO	1759	443	0	2	31	410	262	148
PCT7957	ED	665	60	0	0	6	54	45	9
PCT7957	MV	665	180	0	0	16	164	122	42
PCT7957	TO	665	240	0	0	22	218	167	51
PCT7958	MV	301	73	0	0	2	71	50	21
PCT7958	TO	301	73	0	0	2	71	50	21
PCT7959	ED	1198	94	0	0	7	87	74	13
PCT7959	MV	1198	240	0	0	5	235	197	38
PCT7959	TO	1198	334	0	0	12	322	271	51
PCT9001	MV	286	69	0	0	2	67	53	14
PCT9001	TO	286	69	0	0	2	67	53	14
PCT9103	ED	946	98	0	0	8	90	69	21
PCT9103	MV	946	221	0	0	12	209	156	53
PCT9103	TO	946	319	0	0	20	299	225	74
PCT9104	ED	993	83	0	0	3	80	65	15
PCT9104	MV	993	225	0	0	14	211	160	51
PCT9104	TO	993	308	0	0	17	291	225	66
PCT9105	ED	1747	185	0	0	9	176	131	45
PCT9105	MV	1747	369	0	0	22	347	263	84
PCT9105	TO	1747	554	0	0	31	523	394	129
PCT9106	ED	935	109	0	0	3	106	86	20
PCT9106	MV	935	256	0	0	14	242	187	55
PCT9106	TO	935	365	0	0	17	348	273	75
PCT9109	ED	1651	202	0	0	10	192	143	49
PCT9109	MV	1651	376	0	0	34	342	277	65
PCT9109	TO	1651	578	0	0	44	534	420	114
PCT9111	ED	809	82	0	0	5	77	66	11
PCT9111	MV	809	151	0	0	12	139	94	45
PCT9111	TO	809	233	0	0	17	216	160	56
PCT9113	ED	997	132	0	0	8	124	90	34
PCT9113	MV	997	241	0	0	16	225	173	52
PCT9113	TO	997	373	0	0	24	349	263	86
PCT9114	ED	1806	173	0	0	7	166	138	28
PCT9114	MV	1806	448	0	0	22	426	336	90
PCT9114	TO	1806	621	0	0	29	592	474	118
PCT9116	ED	1822	194	0	0	10	184	150	34
PCT9116	MV	1822	335	0	0	16	319	226	93
PCT9116	TO	1822	529	0	0	26	503	376	127
PCT9117	ED	1691	202	0	0	15	187	146	41
PCT9117	MV	1691	464	0	0	37	427	313	114
PCT9117	TO	1691	666	0	0	52	614	459	155
PCT9118	ED	1938	171	0	0	5	166	124	42
PCT9118	MV	1938	433	0	0	21	412	289	123
PCT9118	TO	1938	604	0	0	26	578	413	165
PCT9119	ED	899	77	0	0	5	72	51	21
PCT9119	MV	899	267	0	0	16	251	174	77
PCT9119	TO	899	344	0	0	21	323	225	98
PCT9122	ED	1865	148	0	0	15	133	102	31
PCT9122	MV	1865	461	0	1	29	431	304	127
PCT9122	TO	1865	609	0	1	44	564	406	158
PCT9124	ED	1843	179	0	1	9	169	127	42
PCT9124	MV	1843	454	0	0	26	428	313	115
PCT9124	TO	1843	633	0	1	35	597	440	157
PCT9125	ED	879	83	0	0	3	80	66	14
PCT9125	MV	879	219	0	0	8	211	148	63
PCT9125	TO	879	302	0	0	11	291	214	77
PCT9127	ED	1974	213	0	0	8	205	158	47
PCT9127	MV	1974	549	0	0	24	525	387	138
PCT9127	TO	1974	762	0	0	32	730	545	185
PCT9128	ED	814	102	0	0	8	94	73	21
PCT9128	MV	814	161	0	0	6	155	112	43
PCT9128	TO	814	263	0	0	14	249	185	64
PCT9129	ED	1459	128	0	0	5	123	92	31
PCT9129	MV	1459	366	0	0	17	349	252	97
PCT9129	TO	1459	494	0	0	22	472	344	128
PCT9132	ED	805	80	0	0	7	73	61	12
PCT9132	MV	805	141	0	0	10	131	112	19
PCT9132	TO	805	221	0	0	17	204	173	31
PCT9133	ED	1984	203	0	0	14	189	159	30
PCT9133	MV	1984	437	0	0	35	402	316	86
PCT9133	TO	1984	640	0	0	49	591	475	116
PCT9134	ED	891	60	0	0	3	57	44	13
PCT9134	MV	891	224	0	0	18	206	163	43
PCT9134	TO	891	284	0	0	21	263	207	56
PCT9135	ED	802	90	0	0	4	86	57	29
PCT9135	MV	802	202	0	0	7	195	130	65
PCT9135	TO	802	292	0	0	11	281	187	94
PCT9136	ED	900	97	0	0	6	91	71	20
PCT9136	MV	900	212	0	0	19	193	130	63
PCT9136	TO	900	309	0	0	25	284	201	83
PCT9137	ED	999	90	0	0	5	85	71	14
PCT9137	MV	999	237	0	0	22	215	145	70
PCT9137	TO	999	327	0	0	27	300	216	84
PCT9138	ED	929	69	0	0	3	66	45	21
PCT9138	MV	929	255	0	0	17	238	177	61
PCT9138	TO	929	324	0	0	20	304	222	82
PCT9139	ED	986	83	0	0	2	81	63	18
PCT9139	MV	986	214	0	0	9	205	141	64
PCT9139	TO	986	297	0	0	11	286	204	82
PCT9141	ED	1803	187	0	0	9	178	123	55
PCT9141	MV	1803	439	0	0	21	418	295	123
PCT9141	TO	1803	626	0	0	30	596	418	178
PCT9143	ED	895	103	0	0	5	98	85	13
PCT9143	MV	895	199	0	0	11	188	119	69
PCT9143	TO	895	302	0	0	16	286	204	82
PCT9144	ED	958	121	0	0	3	118	97	21
PCT9144	MV	958	255	0	0	13	242	169	73
PCT9144	TO	958	376	0	0	16	360	266	94
PCT9145	ED	851	89	0	0	4	85	71	14
PCT9145	MV	851	217	0	0	4	213	167	46
PCT9145	TO	851	306	0	0	8	298	238	60
PCT9146	ED	1837	209	0	0	12	197	150	47
PCT9146	MV	1837	326	0	0	24	302	229	73
PCT9146	TO	1837	535	0	0	36	499	379	120
PCT9149	ED	957	134	0	0	9	125	99	26
PCT9149	MV	957	163	0	0	7	156	128	28
PCT9149	TO	957	297	0	0	16	281	227	54
PCT9152	ED	1630	123	0	0	4	119	95	24
PCT9152	MV	1630	276	0	0	12	264	213	51
PCT9152	TO	1630	399	0	0	16	383	308	75
PCT9201	ED	950	76	0	0	4	72	65	7
PCT9201	MV	950	158	0	0	7	151	132	19
PCT9201	TO	950	234	0	0	11	223	197	26
PCT9202	ED	977	78	0	0	7	71	59	12
PCT9202	MV	977	168	0	0	8	160	130	30
PCT9202	TO	977	246	0	0	15	231	189	42
PCT9203	ED	984	51	0	0	6	45	32	13
PCT9203	MV	984	198	0	0	15	183	123	60
PCT9203	TO	984	249	0	0	21	228	155	73
PCT9204	ED	855	83	0	0	8	75	50	25
PCT9204	MV	855	175	0	0	16	159	110	49
PCT9204	TO	855	258	0	0	24	234	160	74
PCT9205	ED	1484	103	0	0	8	95	74	21
PCT9205	MV	1484	271	0	0	14	257	193	64
PCT9205	TO	1484	374	0	0	22	352	267	85
PCT9208	ED	1935	136	0	0	8	128	92	36
PCT9208	MV	1935	398	0	0	28	370	275	95
PCT9208	TO	1935	534	0	0	36	498	367	131
PCT9209	ED	742	64	0	0	4	60	46	14
PCT9209	MV	742	160	0	0	8	152	117	35
PCT9209	TO	742	224	0	0	12	212	163	49
PCT9211	ED	1788	140	0	0	19	121	83	38
PCT9211	MV	1788	402	0	0	28	374	269	105
PCT9211	TO	1788	542	0	0	47	495	352	143
PCT9213	ED	927	67	0	0	2	65	48	17
PCT9213	MV	927	212	0	0	14	198	151	47
PCT9213	TO	927	279	0	0	16	263	199	64
PCT9214	ED	633	52	0	0	0	52	35	17
PCT9214	MV	633	156	0	0	9	147	109	38
PCT9214	TO	633	208	0	0	9	199	144	55
PCT9215	ED	641	58	0	0	6	52	40	12
PCT9215	MV	641	138	0	0	13	125	86	39
PCT9215	TO	641	196	0	0	19	177	126	51
PCT9216	ED	818	58	0	0	4	54	46	8
PCT9216	MV	818	149	0	0	10	139	106	33
PCT9216	TO	818	207	0	0	14	193	152	41
PCT9217	ED	704	48	0	0	0	48	31	17
PCT9217	MV	704	127	0	0	6	121	90	31
PCT9217	TO	704	175	0	0	6	169	121	48
PCT9218	ED	805	66	0	0	6	60	51	9
PCT9218	MV	805	126	0	0	4	122	81	41
PCT9218	TO	805	192	0	0	10	182	132	50
PCT9219	ED	1727	142	0	0	3	139	107	32
PCT9219	MV	1727	235	0	0	16	219	164	55
PCT9219	TO	1727	377	0	0	19	358	271	87
PCT9221	ED	638	60	0	0	2	58	47	11
PCT9221	MV	638	211	0	0	14	197	128	69
PCT9221	TO	638	271	0	0	16	255	175	80
PCT9222	ED	886	63	0	0	6	57	44	13
PCT9222	MV	886	235	0	0	22	213	162	51
PCT9222	TO	886	298	0	0	28	270	206	64
PCT9223	ED	651	39	0	0	5	34	26	8
PCT9223	MV	651	139	0	0	16	123	85	38
PCT9223	TO	651	178	0	0	21	157	111	46
PCT9224	ED	928	77	0	0	3	74	58	16
PCT9224	MV	928	241	0	0	7	234	180	54
PCT9224	TO	928	318	0	0	10	308	238	70
PCT9226	ED	892	70	0	0	4	66	48	18
PCT9226	MV	892	210	0	0	14	196	151	45
PCT9226	TO	892	280	0	0	18	262	199	63
PCT9227	ED	713	72	0	0	2	70	47	23
PCT9227	MV	713	250	0	0	15	235	162	73
PCT9227	TO	713	322	0	0	17	305	209	96
PCT9228	ED	740	77	0	0	4	73	50	23
PCT9228	MV	740	208	0	0	13	195	137	58
PCT9228	TO	740	285	0	0	17	268	187	81
PCT9229	ED	574	80	0	0	3	77	61	16
PCT9229	MV	574	155	0	0	8	147	114	33
PCT9229	TO	574	235	0	0	11	224	175	49
PCT9231	ED	954	122	0	0	10	112	88	24
PCT9231	MV	954	237	0	0	19	218	168	50
PCT9231	TO	954	359	0	0	29	330	256	74
PCT9232	ED	716	74	0	0	3	71	52	19
PCT9232	MV	716	183	0	0	13	170	130	40
PCT9232	TO	716	257	0	0	16	241	182	59
PCT9233	ED	814	62	0	0	3	59	42	17
PCT9233	MV	814	231	0	0	22	209	148	61
PCT9233	TO	814	293	0	0	25	268	190	78
PCT9234	ED	747	56	0	0	3	53	40	13
PCT9234	MV	747	201	0	0	16	185	139	46
PCT9234	TO	747	257	0	0	19	238	179	59
PCT9235	ED	1439	127	0	0	7	120	91	29
PCT9235	MV	1439	360	0	0	28	332	247	85
PCT9235	TO	1439	487	0	0	35	452	338	114
PCT9236	ED	659	53	0	0	1	52	43	9
PCT9236	MV	659	179	0	0	17	162	108	54
PCT9236	TO	659	232	0	0	18	214	151	63
PCT9237	ED	874	60	0	0	4	56	44	12
PCT9237	MV	874	240	0	0	22	218	170	48
PCT9237	TO	874	300	0	0	26	274	214	60
PCT9238	ED	1769	122	0	0	11	111	83	28
PCT9238	MV	1769	364	0	0	19	345	251	94
PCT9238	TO	1769	486	0	0	30	456	334	122
PCT9239	ED	866	64	0	0	2	62	49	13
PCT9239	MV	866	244	0	0	12	232	175	57
PCT9239	TO	866	308	0	0	14	294	224	70
PCT9241	ED	968	78	0	0	4	74	59	15
PCT9241	MV	968	191	0	0	9	182	155	27
PCT9241	TO	968	269	0	0	13	256	214	42
PCT9242	ED	1845	121	0	0	7	114	96	18
PCT9242	MV	1845	339	0	0	12	327	247	80
PCT9242	TO	1845	460	0	0	19	441	343	98
PCT9244	ED	881	75	0	0	2	73	62	11
PCT9244	MV	881	173	0	0	12	161	130	31
PCT9244	TO	881	248	0	0	14	234	192	42
PCT9245	ED	1081	104	0	0	3	101	80	21
PCT9245	MV	1081	241	0	0	18	223	169	54
PCT9245	TO	1081	345	0	0	21	324	249	75
PCT9248	ED	870	67	0	0	2	65	49	16
PCT9248	MV	870	182	0	0	10	172	140	32
PCT9248	TO	870	249	0	0	12	237	189	48
PCT9251	ED	1887	220	0	0	11	209	156	53
PCT9251	MV	1887	475	0	0	29	446	363	83
PCT9251	TO	1887	695	0	0	40	655	519	136
PCT9252	ED	918	56	0	0	4	52	46	6
PCT9252	MV	918	248	0	0	16	232	161	71
PCT9252	TO	918	304	0	0	20	284	207	77
PCT9253	ED	752	64	0	0	6	58	46	12
PCT9253	MV	752	204	0	0	18	186	148	38
PCT9253	TO	752	268	0	0	24	244	194	50
PCT9255	ED	1236	119	0	0	5	114	92	22
PCT9255	MV	1236	266	0	0	8	258	196	62
PCT9255	TO	1236	385	0	0	13	372	288	84
PCT9256	ED	1373	112	0	0	4	108	94	14
PCT9256	MV	1373	352	0	0	20	332	276	56
PCT9256	TO	1373	464	0	0	24	440	370	70
PCT9257	MV	311	98	0	0	4	94	78	16
PCT9257	TO	311	98	0	0	4	94	78	16
PCT9401	ED	1015	120	0	0	4	116	95	21
PCT9401	MV	1015	202	0	0	12	190	152	38
PCT9401	TO	1015	322	0	0	16	306	247	59
PCT9402	ED	988	140	0	0	8	132	110	22
PCT9402	MV	988	244	0	0	17	227	173	54
PCT9402	TO	988	384	0	0	25	359	283	76
PCT9404	ED	1814	161	0	0	7	154	118	36
PCT9404	MV	1814	453	0	0	36	417	286	131
PCT9404	TO	1814	614	0	0	43	571	404	167
PCT9405	ED	770	88	0	0	5	83	65	18
PCT9405	MV	770	195	0	0	13	182	127	55
PCT9405	TO	770	283	0	0	18	265	192	73
PCT9406	ED	873	110	0	0	3	107	76	31
PCT9406	MV	873	193	0	0	8	185	140	45
PCT9406	TO	873	303	0	0	11	292	216	76
PCT9407	ED	887	96	0	0	10	86	67	19
PCT9407	MV	887	207	0	0	13	194	135	59
PCT9407	TO	887	303	0	0	23	280	202	78
PCT9408	ED	834	93	0	0	6	87	63	24
PCT9408	MV	834	178	0	0	8	170	149	21
PCT9408	TO	834	271	0	0	14	257	212	45
PCT9409	ED	591	89	0	0	2	87	69	18
PCT9409	MV	591	109	0	0	4	105	80	25
PCT9409	TO	591	198	0	0	6	192	149	43
PCT9411	ED	1842	167	0	0	8	159	125	34
PCT9411	MV	1842	447	0	0	19	428	305	123
PCT9411	TO	1842	614	0	0	27	587	430	157
PCT9413	ED	920	88	0	0	5	83	61	22
PCT9413	MV	920	242	0	0	22	220	163	57
PCT9413	TO	920	330	0	0	27	303	224	79
PCT9415	ED	779	56	0	0	4	52	36	16
PCT9415	MV	779	225	0	0	8	217	156	61
PCT9415	TO	779	281	0	0	12	269	192	77
PCT9416	ED	988	118	0	0	5	113	89	24
PCT9416	MV	988	249	0	0	26	223	161	62
PCT9416	TO	988	367	0	0	31	336	250	86
PCT9418	ED	1561	161	0	0	12	149	112	37
PCT9418	MV	1561	438	0	0	37	401	283	118
PCT9418	TO	1561	599	0	0	49	550	395	155
PCT9419	ED	1790	130	0	0	4	126	90	36
PCT9419	MV	1790	507	0	1	35	471	328	143
PCT9419	TO	1790	637	0	1	39	597	418	179
PCT9421	ED	917	65	0	0	6	59	43	16
PCT9421	MV	917	254	0	0	15	239	182	57
PCT9421	TO	917	319	0	0	21	298	225	73
PCT9422	ED	1068	99	0	0	8	91	64	27
PCT9422	MV	1068	220	0	0	13	207	149	58
PCT9422	TO	1068	319	0	0	21	298	213	85
PCT9423	ED	906	70	0	0	4	66	51	15
PCT9423	MV	906	195	0	0	16	179	136	43
PCT9423	TO	906	265	0	0	20	245	187	58
PCT9424	ED	1949	142	0	0	16	126	91	35
PCT9424	MV	1949	500	0	0	16	484	332	152
PCT9424	TO	1949	642	0	0	32	610	423	187
PCT9426	ED	832	61	0	1	3	57	37	20
PCT9426	MV	832	233	0	0	12	221	159	62
PCT9426	TO	832	294	0	1	15	278	196	82
PCT9427	ED	964	78	0	0	3	75	50	25
PCT9427	MV	964	260	0	0	19	241	154	87
PCT9427	TO	964	338	0	0	22	316	204	112
PCT9431	ED	1914	176	0	0	11	165	123	42
PCT9431	MV	1914	485	0	0	26	459	290	169
PCT9431	TO	1914	661	0	0	37	624	413	211
PCT9432	ED	943	76	0	0	0	76	58	18
PCT9432	MV	943	226	0	0	14	212	142	70
PCT9432	TO	943	302	0	0	14	288	200	88
PCT9433	ED	1923	120	0	0	7	113	83	30
PCT9433	MV	1923	432	0	0	31	401	263	138
PCT9433	TO	1923	552	0	0	38	514	346	168
PCT9434	ED	982	97	0	0	2	95	75	20
PCT9434	MV	982	252	0	0	26	226	159	67
PCT9434	TO	982	349	0	0	28	321	234	87
PCT9436	ED	1057	94	0	0	12	82	58	24
PCT9436	MV	1057	250	0	0	18	232	153	79
PCT9436	TO	1057	344	0	0	30	314	211	103
PCT9437	ED	908	76	0	0	4	72	52	20
PCT9437	MV	908	182	0	0	17	165	105	60
PCT9437	TO	908	258	0	0	21	237	157	80
PCT9439	ED	1863	125	0	0	6	119	77	42
PCT9439	MV	1863	482	0	0	39	443	295	148
PCT9439	TO	1863	607	0	0	45	562	372	190
PCT9441	ED	985	100	0	0	4	96	76	20
PCT9441	MV	985	276	0	0	15	261	176	85
PCT9441	TO	985	376	0	0	19	357	252	105
PCT9442	ED	2015	196	0	0	13	183	133	50
PCT9442	MV	2015	487	0	0	26	461	317	144
PCT9442	TO	2015	683	0	0	39	644	450	194
PCT9443	ED	1908	136	0	0	3	133	102	31
PCT9443	MV	1908	488	0	1	30	457	312	145
PCT9443	TO	1908	624	0	1	33	590	414	176
PCT9445	ED	971	72	0	0	5	67	43	24
PCT9445	MV	971	276	0	0	17	259	183	76
PCT9445	TO	971	348	0	0	22	326	226	100
PCT9446	ED	1940	185	0	0	15	170	128	42
PCT9446	MV	1940	428	0	0	17	411	240	171
PCT9446	TO	1940	613	0	0	32	581	368	213
PCT9447	ED	889	88	0	0	6	82	60	22
PCT9447	MV	889	176	0	0	7	169	122	47
PCT9447	TO	889	264	0	0	13	251	182	69
PCT9448	ED	936	76	0	0	2	74	53	21
PCT9448	MV	936	165	0	0	10	155	104	51
PCT9448	TO	936	241	0	0	12	229	157	72
PCT9449	ED	862	74	0	0	3	71	51	20
PCT9449	MV	862	239	0	0	8	231	145	86
PCT9449	TO	862	313	0	0	11	302	196	106
PCT9451	ED	437	32	0	0	0	32	21	11
PCT9451	MV	437	129	0	0	4	125	73	52
PCT9451	TO	437	161	0	0	4	157	94	63
PCT9453	ED	520	44	0	0	1	43	26	17
PCT9453	MV	520	141	0	0	12	129	85	44
PCT9453	TO	520	185	0	0	13	172	111	61
PCT9501	MV	147	58	0	0	2	56	36	20
PCT9501	TO	147	58	0	0	2	56	36	20
PCT9502	MV	253	70	0	0	5	65	52	13
PCT9502	TO	253	70	0	0	5	65	52	13
PCT9503	ED	667	60	0	0	2	58	52	6
PCT9503	MV	667	152	0	0	9	143	109	34
PCT9503	TO	667	212	0	0	11	201	161	40
PCT9505	ED	760	100	0	0	7	93	69	24
PCT9505	MV	760	213	0	0	9	204	157	47
PCT9505	TO	760	313	0	0	16	297	226	71
PCT9506	ED	750	73	0	0	4	69	55	14
PCT9506	MV	750	158	0	0	9	149	121	28
PCT9506	TO	750	231	0	0	13	218	176	42
PCT9507	ED	713	92	0	0	3	89	79	10
PCT9507	MV	713	153	0	0	13	140	122	18
PCT9507	TO	713	245	0	0	16	229	201	28
PCT9511	ED	1314	167	0	0	9	158	142	16
PCT9511	MV	1314	214	0	0	9	205	170	35
PCT9511	TO	1314	381	0	0	18	363	312	51
PCT9512	ED	1544	192	0	0	12	180	165	15
PCT9512	MV	1544	383	0	0	16	367	322	45
PCT9512	TO	1544	575	0	0	28	547	487	60
PCT9513	ED	872	125	0	0	9	116	106	10
PCT9513	MV	872	196	0	0	8	188	161	27
PCT9513	TO	872	321	0	0	17	304	267	37
PCT9514	ED	888	117	0	0	6	111	100	11
PCT9514	MV	888	203	0	0	14	189	160	29
PCT9514	TO	888	320	0	0	20	300	260	40
PCT9516	ED	1579	195	0	1	10	184	160	24
PCT9516	MV	1579	346	0	1	15	330	271	59
PCT9516	TO	1579	541	0	2	25	514	431	83
PCT9517	ED	1554	181	0	0	8	173	153	20
PCT9517	MV	1554	311	0	0	14	297	256	41
PCT9517	TO	1554	492	0	0	22	470	409	61
PCT9519	ED	882	112	0	0	4	108	87	21
PCT9519	MV	882	268	0	0	8	260	228	32
PCT9519	TO	882	380	0	0	12	368	315	53
PCT9521	ED	870	131	0	0	11	120	103	17
PCT9521	MV	870	264	0	0	18	246	211	35
PCT9521	TO	870	395	0	0	29	366	314	52
PCT9701	ED	652	100	0	0	3	97	81	16
PCT9701	MV	652	142	0	0	8	134	113	21
PCT9701	TO	652	242	0	0	11	231	194	37
PCT9702	ED	709	87	0	0	4	83	79	4
PCT9702	MV	709	150	0	0	14	136	119	17
PCT9702	TO	709	237	0	0	18	219	198	21
PCT9703	ED	981	94	0	0	3	91	73	18
PCT9703	MV	981	214	0	0	7	207	155	52
PCT9703	TO	981	308	0	0	10	298	228	70
PCT9704	ED	946	109	0	0	8	101	84	17
PCT9704	MV	946	235	0	0	18	217	170	47
PCT9704	TO	946	344	0	0	26	318	254	64
PCT9705	ED	1865	204	0	0	9	195	172	23
PCT9705	MV	1865	442	0	0	25	417	330	87
PCT9705	TO	1865	646	0	0	34	612	502	110
PCT9706	MV	48	18	0	0	0	18	14	4
PCT9706	TO	48	18	0	0	0	18	14	4
PCT9709	ED	1021	84	0	0	4	80	64	16
PCT9709	MV	1021	271	0	0	20	251	181	70
PCT9709	TO	1021	355	0	0	24	331	245	86
PCT9711	ED	1433	160	0	0	9	151	109	42
PCT9711	MV	1433	393	0	0	24	369	278	91
PCT9711	TO	1433	553	0	0	33	520	387	133
PCT9712	ED	1237	157	0	0	8	149	111	38
PCT9712	MV	1237	375	0	0	22	353	232	121
PCT9712	TO	1237	532	0	0	30	502	343	159
PCT9716	ED	951	110	0	0	11	99	74	25
PCT9716	MV	951	224	0	0	16	208	145	63
PCT9716	TO	951	334	0	0	27	307	219	88
PCT9717	ED	1917	177	0	0	14	163	109	54
PCT9717	MV	1917	529	0	0	26	503	349	154
PCT9717	TO	1917	706	0	0	40	666	458	208
PCT9718	ED	1833	225	0	0	14	211	158	53
PCT9718	MV	1833	609	0	0	32	577	396	181
PCT9718	TO	1833	834	0	0	46	788	554	234
PCT9719	ED	910	104	0	0	3	101	73	28
PCT9719	MV	910	233	0	0	9	224	138	86
PCT9719	TO	910	337	0	0	12	325	211	114
PCT9721	ED	660	114	0	0	4	110	76	34
PCT9721	MV	660	215	0	0	10	205	147	58
PCT9721	TO	660	329	0	0	14	315	223	92
PCT9722	ED	587	64	0	0	5	59	49	10
PCT9722	MV	587	206	0	0	8	198	136	62
PCT9722	TO	587	270	0	0	13	257	185	72
PCT9723	ED	505	34	0	0	0	34	19	15
PCT9723	MV	505	165	0	0	11	154	107	47
PCT9723	TO	505	199	0	0	11	188	126	62
PCT9724	ED	1003	72	0	0	2	70	50	20
PCT9724	MV	1003	322	0	0	16	306	161	145
PCT9724	TO	1003	394	0	0	18	376	211	165
PCT9725	ED	965	76	0	0	5	71	43	28
PCT9725	MV	965	276	0	0	21	255	155	100
PCT9725	TO	965	352	0	0	26	326	198	128
PCT9726	ED	621	53	0	0	1	52	41	11
PCT9726	MV	621	102	0	0	9	93	71	22
PCT9726	TO	621	155	0	0	10	145	112	33
PCT9727	ED	453	34	0	0	1	33	24	9
PCT9727	MV	453	140	0	0	12	128	76	52
PCT9727	TO	453	174	0	0	13	161	100	61
PCT9728	ED	1829	224	0	0	7	217	146	71
PCT9728	MV	1829	527	0	0	20	507	325	182
PCT9728	TO	1829	751	0	0	27	724	471	253
PCT9729	ED	809	86	0	0	4	82	57	25
PCT9729	MV	809	281	0	0	12	269	190	79
PCT9729	TO	809	367	0	0	16	351	247	104
PCT9731	ED	572	62	0	0	3	59	43	16
PCT9731	MV	572	169	0	0	2	167	122	45
PCT9731	TO	572	231	0	0	5	226	165	61
PCT9732	MV	71	25	0	0	0	25	14	11
PCT9732	TO	71	25	0	0	0	25	14	11
PCT9733	MV	235	93	0	0	8	85	62	23
PCT9733	TO	235	93	0	0	8	85	62	23
PCT9734	ED	1389	150	0	0	5	145	104	41
PCT9734	MV	1389	469	0	0	30	439	333	106
PCT9734	TO	1389	619	0	0	35	584	437	147
PCT9737	ED	1518	168	0	0	7	161	124	37
PCT9737	MV	1518	402	0	0	26	376	276	100
PCT9737	TO	1518	570	0	0	33	537	400	137
PCT9738	ED	813	34	0	0	2	32	25	7
PCT9738	MV	813	189	0	0	11	178	141	37
PCT9738	TO	813	223	0	0	13	210	166	44
PCT9739	ED	768	46	0	0	2	44	34	10
PCT9739	MV	768	145	0	0	5	140	109	31
PCT9739	TO	768	191	0	0	7	184	143	41
PCT9741	ED	497	7	0	0	0	7	7	0
PCT9741	MV	497	8	0	0	0	8	6	2
PCT9741	TO	497	15	0	0	0	15	13	2
PCT9742	ED	679	68	0	0	3	65	48	17
PCT9742	MV	679	134	0	0	2	132	83	49
PCT9742	TO	679	202	0	0	5	197	131	66
PCT9743	ED	1138	85	0	0	5	80	60	20
PCT9743	MV	1138	261	0	0	9	252	190	62
PCT9743	TO	1138	346	0	0	14	332	250	82
PCT9744	ED	907	97	0	0	7	90	67	23
PCT9744	MV	907	170	0	0	11	159	114	45
PCT9744	TO	907	267	0	0	18	249	181	68
PCT9745	ED	973	75	0	0	5	70	58	12
PCT9745	MV	973	172	0	0	6	166	136	30
PCT9745	TO	973	247	0	0	11	236	194	42
PCT9748	ED	910	80	0	0	2	78	49	29
PCT9748	MV	910	274	0	0	13	261	214	47
PCT9748	TO	910	354	0	0	15	339	263	76
PCT9749	ED	1871	160	0	0	8	152	122	30
PCT9749	MV	1871	405	0	0	22	383	286	97
PCT9749	TO	1871	565	0	0	30	535	408	127
PCT9751	ED	1038	101	0	0	3	98	73	25
PCT9751	MV	1038	312	0	0	9	303	204	99
PCT9751	TO	1038	413	0	0	12	401	277	124
PCT9752	ED	696	69	0	0	2	67	37	30
PCT9752	MV	696	230	0	0	11	219	147	72
PCT9752	TO	696	299	0	0	13	286	184	102
PCT9753	ED	764	81	0	0	3	78	61	17
PCT9753	MV	764	205	0	0	14	191	146	45
PCT9753	TO	764	286	0	0	17	269	207	62
PCT9754	ED	686	84	0	0	2	82	72	10
PCT9754	MV	686	174	0	0	5	169	136	33
PCT9754	TO	686	258	0	0	7	251	208	43
PCT9755	ED	567	58	0	0	2	56	43	13
PCT9755	MV	567	150	0	0	10	140	104	36
PCT9755	TO	567	208	0	0	12	196	147	49
PCT9756	ED	940	55	0	0	1	54	38	16
PCT9756	MV	940	233	0	0	13	220	143	77
PCT9756	TO	940	288	0	0	14	274	181	93
PCT9801	ED	404	38	0	0	3	35	30	5
PCT9801	MV	404	93	0	0	6	87	66	21
PCT9801	TO	404	131	0	0	9	122	96	26
CONG12	ED	437850	40985	0	7	2142	38836	31692	7144
CONG12	MV	437850	103869	0	25	6099	97745	75760	21985
CONG12	TO	437850	144854	0	32	8241	136581	107452	29129
CONG14	ED	57200	4601	0	0	209	4392	3236	1156
CONG14	MV	57200	14406	0	0	755	13651	9444	4207
CONG14	TO	57200	19007	0	0	964	18043	12680	5363
ASSM17	ED	287476	26749	0	4	1347	25398	21231	4167
ASSM17	MV	287476	68431	0	21	3952	64458	51204	13254
ASSM17	TO	287476	95180	0	25	5299	89856	72435	17421
ASSM19	ED	207574	18837	0	3	1004	17830	13697	4133
ASSM19	MV	207574	49844	0	4	2902	46938	34000	12938
ASSM19	TO	207574	68681	0	7	3906	64768	47697	17071
SUPV1	ED	42447	4299	0	1	226	4072	3168	904
SUPV1	MV	42447	9857	0	2	578	9277	6851	2426
SUPV1	TO	42447	14156	0	3	804	13349	10019	3330
SUPV2	ED	49361	3997	0	0	236	3761	2920	841
SUPV2	MV	49361	11399	0	1	735	10663	8068	2595
SUPV2	TO	49361	15396	0	1	971	14424	10988	3436
SUPV3	ED	38836	3040	0	0	160	2880	2360	520
SUPV3	MV	38836	8848	0	3	688	8157	6158	1999
SUPV3	TO	38836	11888	0	3	848	11037	8518	2519
SUPV4	ED	43341	3899	0	1	217	3681	2731	950
SUPV4	MV	43341	10665	0	2	666	9997	6914	3083
SUPV4	TO	43341	14564	0	3	883	13678	9645	4033
SUPV5	ED	51976	6299	0	1	357	5941	5175	766
SUPV5	MV	51976	13167	0	1	701	12465	10605	1860
SUPV5	TO	51976	19466	0	2	1058	18406	15780	2626
SUPV6	ED	42510	2395	0	1	150	2244	1807	437
SUPV6	MV	42510	9117	0	3	575	8539	6703	1836
SUPV6	TO	42510	11512	0	4	725	10783	8510	2273
SUPV7	ED	46757	4770	0	0	222	4548	3464	1084
SUPV7	MV	46757	12555	0	0	648	11907	8563	3344
SUPV7	TO	46757	17325	0	0	870	16455	12027	4428
SUPV8	ED	57103	7221	0	1	333	6887	5862	1025
SUPV8	MV	57103	15551	0	3	800	14748	12318	2430
SUPV8	TO	57103	22772	0	4	1133	21635	18180	3455
SUPV9	ED	42539	4535	0	2	187	4346	3729	617
SUPV9	MV	42539	9559	0	3	483	9073	7248	1825
SUPV9	TO	42539	14094	0	5	670	13419	10977	2442
SUPV10	ED	42195	2593	0	0	136	2457	1914	543
SUPV10	MV	42195	8722	0	4	498	8220	6071	2149
SUPV10	TO	42195	11315	0	4	634	10677	7985	2692
SUPV11	ED	37985	2538	0	0	127	2411	1798	613
SUPV11	MV	37985	8835	0	3	482	8350	5705	2645
SUPV11	TO	37985	11373	0	3	609	10761	7503	3258
NEIG1	ED	20194	1102	0	0	66	1036	770	266
NEIG1	MV	20194	3785	0	3	224	3558	2524	1034
NEIG1	TO	20194	4887	0	3	290	4594	3294	1300
NEIG2	ED	18045	1279	0	0	74	1205	983	222
NEIG2	MV	18045	4011	0	2	347	3662	2754	908
NEIG2	TO	18045	5290	0	2	421	4867	3737	1130
NEIG3	ED	27613	2033	0	0	115	1918	1574	344
NEIG3	MV	27613	5737	0	2	428	5307	4115	1192
NEIG3	TO	27613	7770	0	2	543	7225	5689	1536
NEIG4	ED	7735	937	0	0	55	882	710	172
NEIG4	MV	7735	2114	0	1	92	2021	1634	387
NEIG4	TO	7735	3051	0	1	147	2903	2344	559
NEIG5	ED	28067	1842	0	0	91	1751	1295	456
NEIG5	MV	28067	6570	0	3	354	6213	4239	1974
NEIG5	TO	28067	8412	0	3	445	7964	5534	2430
NEIG6	ED	15102	2150	0	0	117	2033	1786	247
NEIG6	MV	15102	4008	0	1	194	3813	3350	463
NEIG6	TO	15102	6158	0	1	311	5846	5136	710
NEIG7	ED	13133	949	0	0	48	901	693	208
NEIG7	MV	13133	2996	0	0	169	2827	1961	866
NEIG7	TO	13133	3945	0	0	217	3728	2654	1074
NEIG8	ED	9501	1219	0	1	59	1159	1002	157
NEIG8	MV	9501	2326	0	1	133	2192	1860	332
NEIG8	TO	9501	3545	0	2	192	3351	2862	489
NEIG9	ED	8190	579	0	0	29	550	404	146
NEIG9	MV	8190	1810	0	0	99	1711	1190	521
NEIG9	TO	8190	2389	0	0	128	2261	1594	667
NEIG10	ED	10551	1035	0	0	54	981	799	182
NEIG10	MV	10551	2293	0	0	135	2158	1716	442
NEIG10	TO	10551	3328	0	0	189	3139	2515	624
NEIG11	ED	41063	3200	0	0	194	3006	2351	655
NEIG11	MV	41063	9182	0	1	581	8600	6501	2099
NEIG11	TO	41063	12382	0	1	775	11606	8852	2754
NEIG12	ED	32113	3669	0	1	171	3497	3048	449
NEIG12	MV	32113	6597	0	1	322	6274	5293	981
NEIG12	TO	32113	10266	0	2	493	9771	8341	1430
NEIG13	ED	15730	2029	0	1	86	1942	1633	309
NEIG13	MV	15730	4188	0	1	220	3967	3276	691
NEIG13	TO	15730	6217	0	2	306	5909	4909	1000
NEIG14	ED	9293	1330	0	0	48	1282	1119	163
NEIG14	MV	9293	2452	0	0	103	2349	2014	335
NEIG14	TO	9293	3782	0	0	151	3631	3133	498
NEIG15	ED	5953	537	0	0	23	514	427	87
NEIG15	MV	5953	1556	0	0	96	1460	1082	378
NEIG15	TO	5953	2093	0	0	119	1974	1509	465
NEIG26	ED	9927	616	0	1	31	584	439	145
NEIG26	MV	9927	2503	0	2	159	2342	1549	793
NEIG26	TO	9927	3119	0	3	190	2926	1988	938
NEIG16	ED	16717	1243	0	0	58	1185	994	191
NEIG16	MV	16717	3991	0	2	215	3774	3091	683
NEIG16	TO	16717	5234	0	2	273	4959	4085	874
NEIG17	ED	37882	3873	0	1	207	3665	2844	821
NEIG17	MV	37882	8874	0	1	524	8349	6107	2242
NEIG17	TO	37882	12747	0	2	731	12014	8951	3063
NEIG18	ED	6193	652	0	0	31	621	466	155
NEIG18	MV	6193	1721	0	0	120	1601	1185	416
NEIG18	TO	6193	2373	0	0	151	2222	1651	571
NEIG19	ED	7872	873	0	0	40	833	712	121
NEIG19	MV	7872	2058	0	1	103	1954	1600	354
NEIG19	TO	7872	2931	0	1	143	2787	2312	475
NEIG20	ED	24361	1311	0	1	84	1226	971	255
NEIG20	MV	24361	5386	0	1	332	5053	3930	1123
NEIG20	TO	24361	6697	0	2	416	6279	4901	1378
NEIG21	ED	42750	3810	0	1	215	3594	2662	932
NEIG21	MV	42750	10556	0	2	662	9892	6834	3058
NEIG21	TO	42750	14366	0	3	877	13486	9496	3990
NEIG22	ED	19329	2431	0	0	91	2340	2027	313
NEIG22	MV	19329	5705	0	0	293	5412	4576	836
NEIG22	TO	19329	8136	0	0	384	7752	6603	1149
NEIG23	ED	7912	363	0	0	19	344	241	103
NEIG23	MV	7912	1609	0	0	95	1514	971	543
NEIG23	TO	7912	1972	0	0	114	1858	1212	646
NEIG24	ED	33087	3644	0	0	169	3475	2617	858
NEIG24	MV	33087	9481	0	0	482	8999	6460	2539
NEIG24	TO	33087	13125	0	0	651	12474	9077	3397
NEIG25	ED	26737	2880	0	0	176	2704	2361	343
NEIG25	MV	26737	6766	0	0	372	6394	5392	1002
NEIG25	TO	26737	9646	0	0	548	9098	7753	1345
