area_id	subtotal_type	RSReg	RSCst	RSRej	RSOvr	RSUnd	RSTot	RSWri	30:IVY LEE
ALLPCTS	TO	495050	163861	0	45	37377	126439	385	126054
ALLPCTS	ED	495050	45586	0	8	8659	36919	383	36536
ALLPCTS	MV	495050	118275	0	37	28718	89520	2	89518
PCT1101	ED	557	39	0	0	10	29	1	28
PCT1101	MV	557	138	0	0	25	113	0	113
PCT1101	TO	557	177	0	0	35	142	1	141
PCT1102	ED	994	117	0	0	21	96	0	96
PCT1102	MV	994	263	0	0	47	216	0	216
PCT1102	TO	994	380	0	0	68	312	0	312
PCT1103	ED	962	88	0	0	16	72	0	72
PCT1103	MV	962	209	0	0	41	168	0	168
PCT1103	TO	962	297	0	0	57	240	0	240
PCT1104	ED	1012	76	0	0	17	59	1	58
PCT1104	MV	1012	198	0	0	42	156	0	156
PCT1104	TO	1012	274	0	0	59	215	1	214
PCT1106	ED	1505	127	0	0	23	104	2	102
PCT1106	MV	1505	343	0	0	78	265	0	265
PCT1106	TO	1505	470	0	0	101	369	2	367
PCT1108	ED	908	77	0	0	13	64	0	64
PCT1108	MV	908	202	0	0	52	150	0	150
PCT1108	TO	908	279	0	0	65	214	0	214
PCT1109	ED	805	73	0	0	8	65	3	62
PCT1109	MV	805	216	0	0	50	166	0	166
PCT1109	TO	805	289	0	0	58	231	3	228
PCT1111	ED	1025	73	0	1	10	62	2	60
PCT1111	MV	1025	262	0	0	58	204	0	204
PCT1111	TO	1025	335	0	1	68	266	2	264
PCT1112	ED	770	48	0	0	11	37	1	36
PCT1112	MV	770	171	0	0	31	140	0	140
PCT1112	TO	770	219	0	0	42	177	1	176
PCT1114	ED	1741	92	0	0	16	76	0	76
PCT1114	MV	1741	366	0	0	79	287	0	287
PCT1114	TO	1741	458	0	0	95	363	0	363
PCT1115	ED	1838	118	0	0	26	92	2	90
PCT1115	MV	1838	396	0	1	72	323	0	323
PCT1115	TO	1838	514	0	1	98	415	2	413
PCT1117	ED	1771	104	0	0	16	88	2	86
PCT1117	MV	1771	353	0	0	80	273	0	273
PCT1117	TO	1771	457	0	0	96	361	2	359
PCT1118	ED	1057	86	0	0	9	77	2	75
PCT1118	MV	1057	281	0	0	64	217	0	217
PCT1118	TO	1057	367	0	0	73	294	2	292
PCT1119	ED	771	32	0	0	6	26	1	25
PCT1119	MV	771	201	0	0	45	156	0	156
PCT1119	TO	771	233	0	0	51	182	1	181
PCT1122	ED	638	41	0	0	8	33	0	33
PCT1122	MV	638	167	0	0	46	121	0	121
PCT1122	TO	638	208	0	0	54	154	0	154
PCT1124	ED	812	51	0	0	10	41	2	39
PCT1124	MV	812	166	0	0	28	138	0	138
PCT1124	TO	812	217	0	0	38	179	2	177
PCT1125	ED	1064	37	0	0	9	28	2	26
PCT1125	MV	1064	233	0	0	41	192	0	192
PCT1125	TO	1064	270	0	0	50	220	2	218
PCT1126	ED	1676	91	0	0	13	78	0	78
PCT1126	MV	1676	399	0	0	77	322	0	322
PCT1126	TO	1676	490	0	0	90	400	0	400
PCT1127	ED	1827	107	0	0	17	90	0	90
PCT1127	MV	1827	425	0	0	81	344	0	344
PCT1127	TO	1827	532	0	0	98	434	0	434
PCT1129	ED	1018	62	0	0	11	51	1	50
PCT1129	MV	1018	220	0	0	39	181	0	181
PCT1129	TO	1018	282	0	0	50	232	1	231
PCT1131	ED	836	38	0	0	5	33	0	33
PCT1131	MV	836	207	0	0	43	164	0	164
PCT1131	TO	836	245	0	0	48	197	0	197
PCT1132	ED	1010	34	0	0	1	33	0	33
PCT1132	MV	1010	263	0	1	64	198	0	198
PCT1132	TO	1010	297	0	1	65	231	0	231
PCT1133	ED	857	40	0	0	10	30	2	28
PCT1133	MV	857	220	0	0	40	180	0	180
PCT1133	TO	857	260	0	0	50	210	2	208
PCT1134	ED	762	61	0	0	7	54	2	52
PCT1134	MV	762	195	0	0	38	157	0	157
PCT1134	TO	762	256	0	0	45	211	2	209
PCT1135	ED	554	37	0	0	2	35	1	34
PCT1135	MV	554	146	0	0	34	112	0	112
PCT1135	TO	554	183	0	0	36	147	1	146
PCT1136	ED	847	47	0	0	10	37	0	37
PCT1136	MV	847	217	0	0	58	159	0	159
PCT1136	TO	847	264	0	0	68	196	0	196
PCT1141	ED	1042	61	0	0	8	53	0	53
PCT1141	MV	1042	267	0	0	58	209	0	209
PCT1141	TO	1042	328	0	0	66	262	0	262
PCT1143	ED	1024	87	0	0	10	77	0	77
PCT1143	MV	1024	207	0	2	52	153	0	153
PCT1143	TO	1024	294	0	2	62	230	0	230
PCT1144	ED	1804	126	0	0	21	105	1	104
PCT1144	MV	1804	372	0	0	104	268	0	268
PCT1144	TO	1804	498	0	0	125	373	1	372
PCT1145	ED	894	57	0	0	11	46	0	46
PCT1145	MV	894	254	0	0	54	200	0	200
PCT1145	TO	894	311	0	0	65	246	0	246
PCT1146	ED	1008	71	0	0	13	58	0	58
PCT1146	MV	1008	206	0	0	39	167	0	167
PCT1146	TO	1008	277	0	0	52	225	0	225
PCT1147	ED	868	71	0	0	11	60	0	60
PCT1147	MV	868	196	0	0	34	162	0	162
PCT1147	TO	868	267	0	0	45	222	0	222
PCT1148	ED	1002	73	0	0	11	62	4	58
PCT1148	MV	1002	238	0	0	63	175	0	175
PCT1148	TO	1002	311	0	0	74	237	4	233
PCT1149	ED	911	70	0	0	13	57	0	57
PCT1149	MV	911	205	0	0	51	154	0	154
PCT1149	TO	911	275	0	0	64	211	0	211
PCT1152	ED	1815	126	0	0	19	107	4	103
PCT1152	MV	1815	433	0	0	87	346	0	346
PCT1152	TO	1815	559	0	0	106	453	4	449
PCT7001	ED	752	39	0	0	4	35	0	35
PCT7001	MV	752	184	0	0	36	148	0	148
PCT7001	TO	752	223	0	0	40	183	0	183
PCT7002	ED	659	43	0	0	5	38	0	38
PCT7002	MV	659	123	0	0	29	94	0	94
PCT7002	TO	659	166	0	0	34	132	0	132
PCT7003	ED	1755	179	0	0	33	146	0	146
PCT7003	MV	1755	431	0	0	98	333	0	333
PCT7003	TO	1755	610	0	0	131	479	0	479
PCT7005	ED	850	99	0	0	20	79	0	79
PCT7005	MV	850	241	0	0	61	180	0	180
PCT7005	TO	850	340	0	0	81	259	0	259
PCT7006	ED	921	87	0	0	12	75	1	74
PCT7006	MV	921	157	0	0	38	119	0	119
PCT7006	TO	921	244	0	0	50	194	1	193
PCT7007	ED	1821	211	0	0	40	171	0	171
PCT7007	MV	1821	538	0	0	162	376	0	376
PCT7007	TO	1821	749	0	0	202	547	0	547
PCT7009	ED	874	46	0	0	16	30	0	30
PCT7009	MV	874	230	0	0	57	173	0	173
PCT7009	TO	874	276	0	0	73	203	0	203
PCT7011	ED	951	66	0	0	13	53	0	53
PCT7011	MV	951	134	0	0	43	91	0	91
PCT7011	TO	951	200	0	0	56	144	0	144
PCT7012	ED	1165	113	0	0	19	94	0	94
PCT7012	MV	1165	289	0	0	75	214	0	214
PCT7012	TO	1165	402	0	0	94	308	0	308
PCT7013	ED	1033	60	0	0	9	51	2	49
PCT7013	MV	1033	237	0	0	45	192	0	192
PCT7013	TO	1033	297	0	0	54	243	2	241
PCT7014	ED	1388	97	0	0	13	84	0	84
PCT7014	MV	1388	354	0	0	90	264	0	264
PCT7014	TO	1388	451	0	0	103	348	0	348
PCT7015	MV	104	21	0	0	2	19	0	19
PCT7015	TO	104	21	0	0	2	19	0	19
PCT7016	ED	912	57	0	0	9	48	0	48
PCT7016	MV	912	149	0	0	28	121	0	121
PCT7016	TO	912	206	0	0	37	169	0	169
PCT7017	ED	781	32	0	0	8	24	1	23
PCT7017	MV	781	110	0	0	22	88	0	88
PCT7017	TO	781	142	0	0	30	112	1	111
PCT7019	ED	1908	90	0	0	13	77	1	76
PCT7019	MV	1908	472	0	1	104	367	0	367
PCT7019	TO	1908	562	0	1	117	444	1	443
PCT7021	ED	955	68	0	0	16	52	2	50
PCT7021	MV	955	136	0	0	30	106	0	106
PCT7021	TO	955	204	0	0	46	158	2	156
PCT7022	ED	943	78	0	0	20	58	0	58
PCT7022	MV	943	166	0	0	38	128	0	128
PCT7022	TO	943	244	0	0	58	186	0	186
PCT7024	ED	448	14	0	0	4	10	0	10
PCT7024	MV	448	30	0	0	3	27	0	27
PCT7024	TO	448	44	0	0	7	37	0	37
PCT7025	ED	473	23	0	0	5	18	1	17
PCT7025	MV	473	47	0	0	13	34	0	34
PCT7025	TO	473	70	0	0	18	52	1	51
PCT7026	ED	1009	46	0	0	7	39	0	39
PCT7026	MV	1009	270	0	0	54	216	0	216
PCT7026	TO	1009	316	0	0	61	255	0	255
PCT7027	ED	883	67	0	0	7	60	1	59
PCT7027	MV	883	205	0	0	54	151	0	151
PCT7027	TO	883	272	0	0	61	211	1	210
PCT7028	ED	849	77	0	1	17	59	2	57
PCT7028	MV	849	126	0	0	24	102	0	102
PCT7028	TO	849	203	0	1	41	161	2	159
PCT7029	ED	1812	100	0	0	15	85	3	82
PCT7029	MV	1812	323	0	0	59	264	0	264
PCT7029	TO	1812	423	0	0	74	349	3	346
PCT7030	ED	787	46	0	0	10	36	0	36
PCT7030	MV	787	216	0	1	52	163	0	163
PCT7030	TO	787	262	0	1	62	199	0	199
PCT7031	ED	680	24	0	0	4	20	0	20
PCT7031	MV	680	149	0	0	35	114	0	114
PCT7031	TO	680	173	0	0	39	134	0	134
PCT7032	ED	876	48	0	0	18	30	0	30
PCT7032	MV	876	172	0	0	37	135	0	135
PCT7032	TO	876	220	0	0	55	165	0	165
PCT7033	ED	770	61	0	0	11	50	1	49
PCT7033	MV	770	134	0	0	26	108	0	108
PCT7033	TO	770	195	0	0	37	158	1	157
PCT7034	ED	954	33	0	0	5	28	0	28
PCT7034	MV	954	110	0	0	26	84	0	84
PCT7034	TO	954	143	0	0	31	112	0	112
PCT7035	ED	681	26	0	0	4	22	0	22
PCT7035	MV	681	154	0	0	34	120	0	120
PCT7035	TO	681	180	0	0	38	142	0	142
PCT7037	ED	1676	59	0	0	18	41	0	41
PCT7037	MV	1676	217	0	0	38	179	0	179
PCT7037	TO	1676	276	0	0	56	220	0	220
PCT7038	ED	924	34	0	0	10	24	0	24
PCT7038	MV	924	217	0	0	45	172	0	172
PCT7038	TO	924	251	0	0	55	196	0	196
PCT7039	ED	830	71	0	0	14	57	1	56
PCT7039	MV	830	171	0	0	41	130	0	130
PCT7039	TO	830	242	0	0	55	187	1	186
PCT7041	MV	60	12	0	0	3	9	0	9
PCT7041	TO	60	12	0	0	3	9	0	9
PCT7042	ED	1069	67	0	0	10	57	1	56
PCT7042	MV	1069	224	0	0	50	174	0	174
PCT7042	TO	1069	291	0	0	60	231	1	230
PCT7043	ED	961	40	0	0	5	35	0	35
PCT7043	MV	961	180	0	0	42	138	0	138
PCT7043	TO	961	220	0	0	47	173	0	173
PCT7044	ED	844	23	0	0	7	16	0	16
PCT7044	MV	844	94	0	0	13	81	0	81
PCT7044	TO	844	117	0	0	20	97	0	97
PCT7045	ED	783	39	0	0	8	31	0	31
PCT7045	MV	783	214	0	0	48	166	0	166
PCT7045	TO	783	253	0	0	56	197	0	197
PCT7047	ED	1727	73	0	0	19	54	0	54
PCT7047	MV	1727	376	0	0	96	280	0	280
PCT7047	TO	1727	449	0	0	115	334	0	334
PCT7048	ED	870	37	0	0	6	31	0	31
PCT7048	MV	870	162	0	0	25	137	0	137
PCT7048	TO	870	199	0	0	31	168	0	168
PCT7049	ED	815	50	0	0	5	45	1	44
PCT7049	MV	815	182	0	1	37	144	0	144
PCT7049	TO	815	232	0	1	42	189	1	188
PCT7052	ED	878	67	0	0	10	57	0	57
PCT7052	MV	878	218	0	0	49	169	0	169
PCT7052	TO	878	285	0	0	59	226	0	226
PCT7053	ED	568	22	0	0	4	18	0	18
PCT7053	MV	568	108	0	0	27	81	0	81
PCT7053	TO	568	130	0	0	31	99	0	99
PCT7054	ED	1111	60	0	0	12	48	1	47
PCT7054	MV	1111	191	0	0	32	159	0	159
PCT7054	TO	1111	251	0	0	44	207	1	206
PCT7055	ED	799	21	0	0	4	17	1	16
PCT7055	MV	799	179	0	0	52	127	0	127
PCT7055	TO	799	200	0	0	56	144	1	143
PCT7101	MV	152	64	0	0	11	53	0	53
PCT7101	TO	152	64	0	0	11	53	0	53
PCT7202	ED	1747	117	0	0	27	90	0	90
PCT7202	MV	1747	413	0	0	119	294	0	294
PCT7202	TO	1747	530	0	0	146	384	0	384
PCT7203	ED	867	83	0	0	23	60	1	59
PCT7203	MV	867	172	0	0	58	114	0	114
PCT7203	TO	867	255	0	0	81	174	1	173
PCT7204	ED	890	73	0	0	14	59	1	58
PCT7204	MV	890	268	0	0	71	197	0	197
PCT7204	TO	890	341	0	0	85	256	1	255
PCT7205	ED	862	85	0	0	16	69	1	68
PCT7205	MV	862	235	0	1	69	165	0	165
PCT7205	TO	862	320	0	1	85	234	1	233
PCT7207	ED	1483	87	0	0	16	71	1	70
PCT7207	MV	1483	454	0	0	126	328	0	328
PCT7207	TO	1483	541	0	0	142	399	1	398
PCT7208	ED	560	36	0	0	8	28	1	27
PCT7208	MV	560	127	0	0	27	100	0	100
PCT7208	TO	560	163	0	0	35	128	1	127
PCT7301	ED	1993	161	0	0	30	131	2	129
PCT7301	MV	1993	486	0	2	118	366	0	366
PCT7301	TO	1993	647	0	2	148	497	2	495
PCT7302	ED	838	81	0	0	10	71	0	71
PCT7302	MV	838	278	0	0	72	206	0	206
PCT7302	TO	838	359	0	0	82	277	0	277
PCT7305	ED	1633	161	0	0	42	119	0	119
PCT7305	MV	1633	422	0	0	128	294	0	294
PCT7305	TO	1633	583	0	0	170	413	0	413
PCT7306	ED	2083	166	0	0	38	128	0	128
PCT7306	MV	2083	338	0	1	82	255	0	255
PCT7306	TO	2083	504	0	1	120	383	0	383
PCT7308	ED	614	75	0	0	19	56	1	55
PCT7308	MV	614	135	0	0	31	104	0	104
PCT7308	TO	614	210	0	0	50	160	1	159
PCT7311	ED	866	89	0	0	11	78	0	78
PCT7311	MV	866	208	0	0	40	168	0	168
PCT7311	TO	866	297	0	0	51	246	0	246
PCT7312	ED	801	69	0	0	14	55	0	55
PCT7312	MV	801	266	0	0	58	208	0	208
PCT7312	TO	801	335	0	0	72	263	0	263
PCT7314	ED	1749	106	0	0	29	77	1	76
PCT7314	MV	1749	429	0	0	108	321	0	321
PCT7314	TO	1749	535	0	0	137	398	1	397
PCT7315	ED	1584	130	0	0	27	103	0	103
PCT7315	MV	1584	269	0	0	55	214	0	214
PCT7315	TO	1584	399	0	0	82	317	0	317
PCT7317	ED	875	59	0	0	9	50	1	49
PCT7317	MV	875	235	0	0	63	172	0	172
PCT7317	TO	875	294	0	0	72	222	1	221
PCT7318	ED	1567	109	0	0	24	85	2	83
PCT7318	MV	1567	298	0	0	71	227	0	227
PCT7318	TO	1567	407	0	0	95	312	2	310
PCT7321	ED	1533	57	0	0	10	47	1	46
PCT7321	MV	1533	402	0	0	95	307	0	307
PCT7321	TO	1533	459	0	0	105	354	1	353
PCT7323	ED	1967	149	0	0	32	117	2	115
PCT7323	MV	1967	382	0	0	114	268	0	268
PCT7323	TO	1967	531	0	0	146	385	2	383
PCT7325	ED	1588	104	0	0	24	80	0	80
PCT7325	MV	1588	352	0	0	81	271	0	271
PCT7325	TO	1588	456	0	0	105	351	0	351
PCT7326	ED	1709	123	0	0	21	102	1	101
PCT7326	MV	1709	434	0	1	108	325	0	325
PCT7326	TO	1709	557	0	1	129	427	1	426
PCT7327	ED	668	26	0	0	5	21	0	21
PCT7327	MV	668	197	0	0	30	167	0	167
PCT7327	TO	668	223	0	0	35	188	0	188
PCT7328	ED	985	33	0	0	13	20	0	20
PCT7328	MV	985	286	0	0	45	241	0	241
PCT7328	TO	985	319	0	0	58	261	0	261
PCT7329	ED	638	31	0	0	11	20	0	20
PCT7329	MV	638	152	0	0	39	113	0	113
PCT7329	TO	638	183	0	0	50	133	0	133
PCT7331	ED	850	102	0	0	27	75	2	73
PCT7331	MV	850	238	0	0	81	157	0	157
PCT7331	TO	850	340	0	0	108	232	2	230
PCT7332	ED	1601	145	0	0	31	114	1	113
PCT7332	MV	1601	357	0	0	76	281	0	281
PCT7332	TO	1601	502	0	0	107	395	1	394
PCT7333	ED	1930	151	0	0	21	130	2	128
PCT7333	MV	1930	436	0	0	110	326	0	326
PCT7333	TO	1930	587	0	0	131	456	2	454
PCT7336	ED	2021	168	0	0	38	130	1	129
PCT7336	MV	2021	463	0	0	122	341	0	341
PCT7336	TO	2021	631	0	0	160	471	1	470
PCT7338	ED	1783	119	0	0	23	96	0	96
PCT7338	MV	1783	480	0	0	117	363	0	363
PCT7338	TO	1783	599	0	0	140	459	0	459
PCT7339	ED	1588	131	0	0	31	100	0	100
PCT7339	MV	1588	329	0	0	82	247	0	247
PCT7339	TO	1588	460	0	0	113	347	0	347
PCT7342	ED	909	133	0	0	26	107	2	105
PCT7342	MV	909	168	0	0	44	124	0	124
PCT7342	TO	909	301	0	0	70	231	2	229
PCT7343	ED	706	66	0	0	15	51	3	48
PCT7343	MV	706	81	0	0	17	64	0	64
PCT7343	TO	706	147	0	0	32	115	3	112
PCT7344	ED	1052	93	0	0	18	75	0	75
PCT7344	MV	1052	248	0	0	53	195	0	195
PCT7344	TO	1052	341	0	0	71	270	0	270
PCT7346	ED	879	82	0	0	10	72	4	68
PCT7346	MV	879	152	0	0	37	115	0	115
PCT7346	TO	879	234	0	0	47	187	4	183
PCT7348	ED	1826	121	0	0	14	107	3	104
PCT7348	MV	1826	327	0	0	82	245	0	245
PCT7348	TO	1826	448	0	0	96	352	3	349
PCT7502	ED	779	66	0	0	12	54	3	51
PCT7502	MV	779	211	0	0	54	157	0	157
PCT7502	TO	779	277	0	0	66	211	3	208
PCT7503	ED	725	56	0	0	7	49	0	49
PCT7503	MV	725	181	0	0	33	148	0	148
PCT7503	TO	725	237	0	0	40	197	0	197
PCT7504	ED	1019	95	0	0	16	79	0	79
PCT7504	MV	1019	263	0	0	61	202	0	202
PCT7504	TO	1019	358	0	0	77	281	0	281
PCT7505	ED	851	78	0	0	12	66	0	66
PCT7505	MV	851	338	0	0	69	269	0	269
PCT7505	TO	851	416	0	0	81	335	0	335
PCT7506	ED	1913	135	0	0	17	118	1	117
PCT7506	MV	1913	458	0	0	92	366	0	366
PCT7506	TO	1913	593	0	0	109	484	1	483
PCT7508	ED	720	75	0	0	12	63	0	63
PCT7508	MV	720	229	0	0	63	166	0	166
PCT7508	TO	720	304	0	0	75	229	0	229
PCT7509	ED	914	100	0	0	19	81	3	78
PCT7509	MV	914	236	0	1	54	181	0	181
PCT7509	TO	914	336	0	1	73	262	3	259
PCT7512	ED	588	58	0	0	17	41	0	41
PCT7512	MV	588	177	0	0	43	134	0	134
PCT7512	TO	588	235	0	0	60	175	0	175
PCT7513	ED	784	78	0	0	14	64	0	64
PCT7513	MV	784	173	0	0	26	147	0	147
PCT7513	TO	784	251	0	0	40	211	0	211
PCT7514	ED	901	54	0	0	10	44	4	40
PCT7514	MV	901	196	0	0	39	157	0	157
PCT7514	TO	901	250	0	0	49	201	4	197
PCT7515	ED	852	70	0	0	11	59	0	59
PCT7515	MV	852	197	0	0	46	151	0	151
PCT7515	TO	852	267	0	0	57	210	0	210
PCT7516	ED	906	89	0	0	21	68	2	66
PCT7516	MV	906	307	0	0	81	226	0	226
PCT7516	TO	906	396	0	0	102	294	2	292
PCT7518	ED	1754	221	0	0	41	180	1	179
PCT7518	MV	1754	466	0	0	112	354	0	354
PCT7518	TO	1754	687	0	0	153	534	1	533
PCT7519	ED	709	88	0	0	19	69	0	69
PCT7519	MV	709	168	0	0	43	125	0	125
PCT7519	TO	709	256	0	0	62	194	0	194
PCT7521	ED	761	99	0	0	23	76	2	74
PCT7521	MV	761	177	0	0	40	137	0	137
PCT7521	TO	761	276	0	0	63	213	2	211
PCT7522	ED	1464	203	0	0	38	165	0	165
PCT7522	MV	1464	322	0	0	62	260	0	260
PCT7522	TO	1464	525	0	0	100	425	0	425
PCT7524	ED	606	74	0	0	14	60	0	60
PCT7524	MV	606	128	0	1	21	106	0	106
PCT7524	TO	606	202	0	1	35	166	0	166
PCT7525	ED	762	67	0	0	11	56	0	56
PCT7525	MV	762	159	0	0	33	126	0	126
PCT7525	TO	762	226	0	0	44	182	0	182
PCT7526	ED	974	93	0	0	15	78	0	78
PCT7526	MV	974	234	0	0	66	168	0	168
PCT7526	TO	974	327	0	0	81	246	0	246
PCT7527	ED	689	95	0	0	16	79	1	78
PCT7527	MV	689	185	0	0	45	140	0	140
PCT7527	TO	689	280	0	0	61	219	1	218
PCT7529	ED	906	136	0	0	22	114	1	113
PCT7529	MV	906	210	0	0	66	144	0	144
PCT7529	TO	906	346	0	0	88	258	1	257
PCT7531	ED	839	74	0	0	13	61	0	61
PCT7531	MV	839	220	0	0	48	172	0	172
PCT7531	TO	839	294	0	0	61	233	0	233
PCT7532	ED	792	90	0	0	18	72	1	71
PCT7532	MV	792	195	0	0	35	160	0	160
PCT7532	TO	792	285	0	0	53	232	1	231
PCT7533	ED	936	169	0	0	41	128	1	127
PCT7533	MV	936	230	0	0	55	175	0	175
PCT7533	TO	936	399	0	0	96	303	1	302
PCT7534	ED	881	116	0	0	28	88	0	88
PCT7534	MV	881	151	0	1	42	108	0	108
PCT7534	TO	881	267	0	1	70	196	0	196
PCT7536	ED	1594	243	0	0	49	194	2	192
PCT7536	MV	1594	419	0	0	95	324	0	324
PCT7536	TO	1594	662	0	0	144	518	2	516
PCT7537	ED	1472	218	0	0	37	181	3	178
PCT7537	MV	1472	371	0	0	84	287	0	287
PCT7537	TO	1472	589	0	0	121	468	3	465
PCT7539	ED	906	180	0	0	24	156	2	154
PCT7539	MV	906	169	0	0	41	128	0	128
PCT7539	TO	906	349	0	0	65	284	2	282
PCT7541	ED	769	100	0	0	20	80	0	80
PCT7541	MV	769	198	0	0	52	146	0	146
PCT7541	TO	769	298	0	0	72	226	0	226
PCT7543	ED	1718	204	0	0	37	167	3	164
PCT7543	MV	1718	462	0	0	99	363	0	363
PCT7543	TO	1718	666	0	0	136	530	3	527
PCT7544	ED	892	112	0	0	25	87	0	87
PCT7544	MV	892	233	0	0	63	170	0	170
PCT7544	TO	892	345	0	0	88	257	0	257
PCT7545	ED	877	110	0	0	20	90	1	89
PCT7545	MV	877	205	0	0	40	165	0	165
PCT7545	TO	877	315	0	0	60	255	1	254
PCT7546	ED	1900	271	0	0	53	218	1	217
PCT7546	MV	1900	546	0	0	98	448	0	448
PCT7546	TO	1900	817	0	0	151	666	1	665
PCT7548	ED	1027	149	0	0	27	122	2	120
PCT7548	MV	1027	219	0	1	45	173	0	173
PCT7548	TO	1027	368	0	1	72	295	2	293
PCT7549	ED	799	99	0	0	13	86	0	86
PCT7549	MV	799	247	0	0	71	176	0	176
PCT7549	TO	799	346	0	0	84	262	0	262
PCT7552	ED	685	97	0	0	15	82	0	82
PCT7552	MV	685	176	0	0	49	127	0	127
PCT7552	TO	685	273	0	0	64	209	0	209
PCT7553	MV	182	66	0	0	19	47	0	47
PCT7553	TO	182	66	0	0	19	47	0	47
PCT7554	ED	795	108	0	0	25	83	1	82
PCT7554	MV	795	220	0	0	60	160	0	160
PCT7554	TO	795	328	0	0	85	243	1	242
PCT7555	ED	1584	271	0	0	45	226	2	224
PCT7555	MV	1584	481	0	0	113	368	0	368
PCT7555	TO	1584	752	0	0	158	594	2	592
PCT7556	ED	958	113	0	0	27	86	0	86
PCT7556	MV	958	355	0	0	79	276	0	276
PCT7556	TO	958	468	0	0	106	362	0	362
PCT7601	ED	677	61	0	0	13	48	3	45
PCT7601	MV	677	127	0	0	26	101	0	101
PCT7601	TO	677	188	0	0	39	149	3	146
PCT7602	ED	1659	136	0	0	31	105	2	103
PCT7602	MV	1659	289	0	0	49	240	0	240
PCT7602	TO	1659	425	0	0	80	345	2	343
PCT7605	ED	1508	77	0	0	10	67	1	66
PCT7605	MV	1508	390	0	1	46	343	0	343
PCT7605	TO	1508	467	0	1	56	410	1	409
PCT7606	ED	887	63	0	0	10	53	0	53
PCT7606	MV	887	117	0	0	22	95	0	95
PCT7606	TO	887	180	0	0	32	148	0	148
PCT7607	ED	900	65	0	0	10	55	1	54
PCT7607	MV	900	175	0	0	34	141	0	141
PCT7607	TO	900	240	0	0	44	196	1	195
PCT7608	ED	1300	81	0	0	16	65	1	64
PCT7608	MV	1300	214	0	0	39	175	0	175
PCT7608	TO	1300	295	0	0	55	240	1	239
PCT7611	ED	763	38	0	0	6	32	2	30
PCT7611	MV	763	158	0	0	34	124	0	124
PCT7611	TO	763	196	0	0	40	156	2	154
PCT7613	ED	1421	101	0	0	21	80	2	78
PCT7613	MV	1421	291	0	0	73	218	0	218
PCT7613	TO	1421	392	0	0	94	298	2	296
PCT7614	ED	932	56	0	0	11	45	2	43
PCT7614	MV	932	134	0	0	23	111	0	111
PCT7614	TO	932	190	0	0	34	156	2	154
PCT7615	ED	745	41	0	0	8	33	1	32
PCT7615	MV	745	132	0	1	24	107	0	107
PCT7615	TO	745	173	0	1	32	140	1	139
PCT7616	ED	1246	58	0	0	11	47	0	47
PCT7616	MV	1246	262	0	0	60	202	0	202
PCT7616	TO	1246	320	0	0	71	249	0	249
PCT7617	ED	737	32	0	0	11	21	0	21
PCT7617	MV	737	167	0	0	36	131	0	131
PCT7617	TO	737	199	0	0	47	152	0	152
PCT7618	ED	873	54	0	0	13	41	0	41
PCT7618	MV	873	197	0	0	46	151	0	151
PCT7618	TO	873	251	0	0	59	192	0	192
PCT7619	ED	1055	64	0	0	12	52	0	52
PCT7619	MV	1055	241	0	0	71	170	0	170
PCT7619	TO	1055	305	0	0	83	222	0	222
PCT7621	ED	1064	60	0	0	11	49	0	49
PCT7621	MV	1064	214	0	0	48	166	0	166
PCT7621	TO	1064	274	0	0	59	215	0	215
PCT7622	ED	923	44	0	0	10	34	0	34
PCT7622	MV	923	130	0	0	23	107	0	107
PCT7622	TO	923	174	0	0	33	141	0	141
PCT7623	ED	965	68	0	0	10	58	0	58
PCT7623	MV	965	148	0	1	25	122	0	122
PCT7623	TO	965	216	0	1	35	180	0	180
PCT7624	ED	835	46	0	0	5	41	0	41
PCT7624	MV	835	144	0	0	31	113	0	113
PCT7624	TO	835	190	0	0	36	154	0	154
PCT7625	ED	809	23	0	0	4	19	1	18
PCT7625	MV	809	371	0	0	90	281	0	281
PCT7625	TO	809	394	0	0	94	300	1	299
PCT7626	ED	1037	47	0	0	10	37	0	37
PCT7626	MV	1037	262	0	0	66	196	0	196
PCT7626	TO	1037	309	0	0	76	233	0	233
PCT7628	ED	933	69	0	0	9	60	1	59
PCT7628	MV	933	192	0	0	55	137	0	137
PCT7628	TO	933	261	0	0	64	197	1	196
PCT7629	ED	847	61	0	0	8	53	1	52
PCT7629	MV	847	151	0	0	44	107	0	107
PCT7629	TO	847	212	0	0	52	160	1	159
PCT7632	ED	1112	60	0	0	9	51	1	50
PCT7632	MV	1112	210	0	0	51	159	0	159
PCT7632	TO	1112	270	0	0	60	210	1	209
PCT7633	ED	1902	109	0	0	21	88	1	87
PCT7633	MV	1902	441	0	0	99	342	0	342
PCT7633	TO	1902	550	0	0	120	430	1	429
PCT7634	ED	864	63	0	0	18	45	1	44
PCT7634	MV	864	228	0	0	43	185	0	185
PCT7634	TO	864	291	0	0	61	230	1	229
PCT7635	ED	821	41	0	0	6	35	0	35
PCT7635	MV	821	174	0	0	29	145	0	145
PCT7635	TO	821	215	0	0	35	180	0	180
PCT7636	ED	945	59	0	0	8	51	0	51
PCT7636	MV	945	181	0	0	58	123	0	123
PCT7636	TO	945	240	0	0	66	174	0	174
PCT7637	ED	841	44	0	0	8	36	1	35
PCT7637	MV	841	216	0	0	52	164	0	164
PCT7637	TO	841	260	0	0	60	200	1	199
PCT7638	ED	1467	67	0	0	26	41	0	41
PCT7638	MV	1467	412	0	0	123	289	0	289
PCT7638	TO	1467	479	0	0	149	330	0	330
PCT7639	ED	1935	103	0	0	24	79	0	79
PCT7639	MV	1935	516	0	0	149	367	0	367
PCT7639	TO	1935	619	0	0	173	446	0	446
PCT7642	ED	946	60	0	0	17	43	0	43
PCT7642	MV	946	186	0	0	57	129	0	129
PCT7642	TO	946	246	0	0	74	172	0	172
PCT7643	ED	927	68	0	0	10	58	1	57
PCT7643	MV	927	283	0	1	69	213	0	213
PCT7643	TO	927	351	0	1	79	271	1	270
PCT7644	ED	1111	60	0	0	7	53	1	52
PCT7644	MV	1111	212	0	0	46	166	0	166
PCT7644	TO	1111	272	0	0	53	219	1	218
PCT7645	ED	626	28	0	0	8	20	0	20
PCT7645	MV	626	189	0	0	64	125	0	125
PCT7645	TO	626	217	0	0	72	145	0	145
PCT7646	ED	1090	41	0	0	11	30	0	30
PCT7646	MV	1090	284	0	0	80	204	0	204
PCT7646	TO	1090	325	0	0	91	234	0	234
PCT7647	ED	968	46	0	0	4	42	2	40
PCT7647	MV	968	81	0	0	14	67	0	67
PCT7647	TO	968	127	0	0	18	109	2	107
PCT7648	MV	2	0	0	0	0	0	0	0
PCT7648	TO	2	0	0	0	0	0	0	0
PCT7649	ED	888	44	0	0	7	37	0	37
PCT7649	MV	888	171	0	0	36	135	0	135
PCT7649	TO	888	215	0	0	43	172	0	172
PCT7651	ED	830	29	0	0	5	24	0	24
PCT7651	MV	830	174	0	0	41	133	0	133
PCT7651	TO	830	203	0	0	46	157	0	157
PCT7652	ED	596	38	0	0	10	28	0	28
PCT7652	MV	596	124	0	0	41	83	0	83
PCT7652	TO	596	162	0	0	51	111	0	111
PCT7653	ED	1373	52	0	0	7	45	0	45
PCT7653	MV	1373	299	0	0	75	224	0	224
PCT7653	TO	1373	351	0	0	82	269	0	269
PCT7655	ED	1150	38	0	0	16	22	1	21
PCT7655	MV	1150	230	0	0	62	168	0	168
PCT7655	TO	1150	268	0	0	78	190	1	189
PCT7701	ED	1035	113	0	0	25	88	1	87
PCT7701	MV	1035	319	0	0	76	243	0	243
PCT7701	TO	1035	432	0	0	101	331	1	330
PCT7703	MV	178	36	0	0	7	29	0	29
PCT7703	TO	178	36	0	0	7	29	0	29
PCT7704	ED	1723	201	0	0	39	162	0	162
PCT7704	MV	1723	443	0	0	111	332	0	332
PCT7704	TO	1723	644	0	0	150	494	0	494
PCT7705	ED	570	67	0	0	13	54	0	54
PCT7705	MV	570	176	0	0	44	132	0	132
PCT7705	TO	570	243	0	0	57	186	0	186
PCT7706	ED	839	120	0	0	17	103	2	101
PCT7706	MV	839	267	0	0	73	194	0	194
PCT7706	TO	839	387	0	0	90	297	2	295
PCT7707	ED	861	119	0	0	13	106	2	104
PCT7707	MV	861	265	0	0	76	189	0	189
PCT7707	TO	861	384	0	0	89	295	2	293
PCT7708	ED	881	92	0	0	21	71	0	71
PCT7708	MV	881	306	0	0	69	237	0	237
PCT7708	TO	881	398	0	0	90	308	0	308
PCT7709	ED	395	65	0	0	11	54	1	53
PCT7709	MV	395	120	0	0	27	93	0	93
PCT7709	TO	395	185	0	0	38	147	1	146
PCT7712	ED	1308	145	0	0	28	117	0	117
PCT7712	MV	1308	334	0	0	82	252	0	252
PCT7712	TO	1308	479	0	0	110	369	0	369
PCT7801	ED	968	110	0	0	19	91	0	91
PCT7801	MV	968	272	0	0	74	198	0	198
PCT7801	TO	968	382	0	0	93	289	0	289
PCT7802	ED	788	107	0	0	18	89	0	89
PCT7802	MV	788	231	0	0	67	164	0	164
PCT7802	TO	788	338	0	0	85	253	0	253
PCT7803	ED	822	67	0	0	15	52	0	52
PCT7803	MV	822	314	0	0	80	234	0	234
PCT7803	TO	822	381	0	0	95	286	0	286
PCT7805	ED	1683	205	0	0	33	172	1	171
PCT7805	MV	1683	531	0	0	139	392	0	392
PCT7805	TO	1683	736	0	0	172	564	1	563
PCT7807	ED	796	125	0	0	25	100	2	98
PCT7807	MV	796	215	0	0	60	155	0	155
PCT7807	TO	796	340	0	0	85	255	2	253
PCT7808	ED	1377	206	0	0	40	166	2	164
PCT7808	MV	1377	317	0	0	84	233	0	233
PCT7808	TO	1377	523	0	0	124	399	2	397
PCT7809	ED	770	89	0	0	17	72	0	72
PCT7809	MV	770	203	0	0	56	147	0	147
PCT7809	TO	770	292	0	0	73	219	0	219
PCT7811	ED	726	97	0	0	12	85	0	85
PCT7811	MV	726	164	0	0	38	126	0	126
PCT7811	TO	726	261	0	0	50	211	0	211
PCT7812	ED	871	107	0	0	18	89	1	88
PCT7812	MV	871	175	0	0	46	129	0	129
PCT7812	TO	871	282	0	0	64	218	1	217
PCT7813	ED	1037	153	0	0	22	131	2	129
PCT7813	MV	1037	274	0	0	48	226	0	226
PCT7813	TO	1037	427	0	0	70	357	2	355
PCT7814	ED	887	80	0	1	19	60	1	59
PCT7814	MV	887	183	0	1	47	135	0	135
PCT7814	TO	887	263	0	2	66	195	1	194
PCT7815	ED	1779	190	0	0	35	155	1	154
PCT7815	MV	1779	513	0	0	111	402	0	402
PCT7815	TO	1779	703	0	0	146	557	1	556
PCT7817	ED	1641	225	0	0	41	184	1	183
PCT7817	MV	1641	519	0	0	130	389	0	389
PCT7817	TO	1641	744	0	0	171	573	1	572
PCT7819	ED	1585	181	0	0	26	155	1	154
PCT7819	MV	1585	418	0	0	97	321	0	321
PCT7819	TO	1585	599	0	0	123	476	1	475
PCT7821	ED	965	134	0	1	25	108	1	107
PCT7821	MV	965	327	0	0	82	245	0	245
PCT7821	TO	965	461	0	1	107	353	1	352
PCT7822	ED	1748	263	0	0	39	224	0	224
PCT7822	MV	1748	525	0	0	115	410	0	410
PCT7822	TO	1748	788	0	0	154	634	0	634
PCT7824	ED	1353	175	0	0	27	148	1	147
PCT7824	MV	1353	337	0	0	86	251	0	251
PCT7824	TO	1353	512	0	0	113	399	1	398
PCT7826	ED	661	107	0	0	17	90	2	88
PCT7826	MV	661	118	0	0	36	82	0	82
PCT7826	TO	661	225	0	0	53	172	2	170
PCT7828	ED	997	105	0	0	19	86	0	86
PCT7828	MV	997	232	0	0	55	177	0	177
PCT7828	TO	997	337	0	0	74	263	0	263
PCT7829	ED	884	113	0	0	23	90	0	90
PCT7829	MV	884	298	0	0	93	205	0	205
PCT7829	TO	884	411	0	0	116	295	0	295
PCT7832	ED	773	77	0	0	14	63	0	63
PCT7832	MV	773	234	0	0	58	176	0	176
PCT7832	TO	773	311	0	0	72	239	0	239
PCT7834	ED	1593	199	0	0	40	159	1	158
PCT7834	MV	1593	403	0	0	98	305	0	305
PCT7834	TO	1593	602	0	0	138	464	1	463
PCT7835	ED	847	77	0	0	15	62	1	61
PCT7835	MV	847	193	0	0	44	149	0	149
PCT7835	TO	847	270	0	0	59	211	1	210
PCT7836	ED	1011	108	0	0	17	91	1	90
PCT7836	MV	1011	275	0	0	69	206	0	206
PCT7836	TO	1011	383	0	0	86	297	1	296
PCT7837	ED	1784	238	0	0	44	194	3	191
PCT7837	MV	1784	555	0	0	144	411	0	411
PCT7837	TO	1784	793	0	0	188	605	3	602
PCT7839	ED	1718	176	0	0	34	142	1	141
PCT7839	MV	1718	566	0	0	161	405	0	405
PCT7839	TO	1718	742	0	0	195	547	1	546
PCT7841	ED	1778	277	0	0	50	227	1	226
PCT7841	MV	1778	393	0	0	91	302	0	302
PCT7841	TO	1778	670	0	0	141	529	1	528
PCT7843	ED	719	108	0	0	16	92	1	91
PCT7843	MV	719	184	0	0	50	134	0	134
PCT7843	TO	719	292	0	0	66	226	1	225
PCT7844	ED	630	77	0	0	6	71	1	70
PCT7844	MV	630	157	0	0	29	128	0	128
PCT7844	TO	630	234	0	0	35	199	1	198
PCT7845	ED	870	107	0	0	23	84	1	83
PCT7845	MV	870	252	0	0	67	185	0	185
PCT7845	TO	870	359	0	0	90	269	1	268
PCT7846	ED	888	103	0	0	21	82	0	82
PCT7846	MV	888	233	0	0	72	161	0	161
PCT7846	TO	888	336	0	0	93	243	0	243
PCT7847	ED	1718	225	0	0	44	181	1	180
PCT7847	MV	1718	400	0	0	98	302	0	302
PCT7847	TO	1718	625	0	0	142	483	1	482
PCT7849	ED	887	126	0	0	21	105	0	105
PCT7849	MV	887	218	0	0	51	167	0	167
PCT7849	TO	887	344	0	0	72	272	0	272
PCT7852	ED	1153	130	0	0	30	100	0	100
PCT7852	MV	1153	371	0	0	72	299	0	299
PCT7852	TO	1153	501	0	0	102	399	0	399
PCT7853	ED	1736	183	0	0	33	150	2	148
PCT7853	MV	1736	432	0	0	102	330	0	330
PCT7853	TO	1736	615	0	0	135	480	2	478
PCT7854	ED	866	109	0	0	27	82	1	81
PCT7854	MV	866	269	0	0	78	191	0	191
PCT7854	TO	866	378	0	0	105	273	1	272
PCT7855	ED	1775	243	0	0	37	206	2	204
PCT7855	MV	1775	396	0	0	116	280	0	280
PCT7855	TO	1775	639	0	0	153	486	2	484
PCT7858	ED	1646	199	0	0	39	160	1	159
PCT7858	MV	1646	398	0	0	87	311	0	311
PCT7858	TO	1646	597	0	0	126	471	1	470
PCT7861	ED	854	111	0	0	21	90	1	89
PCT7861	MV	854	215	0	0	56	159	0	159
PCT7861	TO	854	326	0	0	77	249	1	248
PCT7862	ED	857	132	0	0	13	119	1	118
PCT7862	MV	857	242	0	0	61	181	0	181
PCT7862	TO	857	374	0	0	74	300	1	299
PCT7863	ED	881	127	0	0	23	104	3	101
PCT7863	MV	881	189	0	0	35	154	0	154
PCT7863	TO	881	316	0	0	58	258	3	255
PCT7864	ED	804	96	0	0	12	84	1	83
PCT7864	MV	804	228	0	0	57	171	0	171
PCT7864	TO	804	324	0	0	69	255	1	254
PCT7866	ED	822	113	0	0	15	98	1	97
PCT7866	MV	822	267	0	0	66	201	0	201
PCT7866	TO	822	380	0	0	81	299	1	298
PCT7867	ED	969	124	0	0	29	95	1	94
PCT7867	MV	969	287	0	0	58	229	0	229
PCT7867	TO	969	411	0	0	87	324	1	323
PCT7868	ED	870	117	0	0	19	98	1	97
PCT7868	MV	870	233	0	0	48	185	0	185
PCT7868	TO	870	350	0	0	67	283	1	282
PCT7869	ED	863	109	0	0	17	92	1	91
PCT7869	MV	863	290	0	0	91	199	0	199
PCT7869	TO	863	399	0	0	108	291	1	290
PCT7871	ED	877	125	0	0	32	93	3	90
PCT7871	MV	877	190	0	0	35	155	0	155
PCT7871	TO	877	315	0	0	67	248	3	245
PCT7872	ED	863	134	0	0	26	108	0	108
PCT7872	MV	863	289	0	0	74	215	0	215
PCT7872	TO	863	423	0	0	100	323	0	323
PCT7873	ED	1688	227	0	0	40	187	1	186
PCT7873	MV	1688	523	0	0	143	380	0	380
PCT7873	TO	1688	750	0	0	183	567	1	566
PCT7874	ED	474	55	0	0	10	45	2	43
PCT7874	MV	474	118	0	0	26	92	0	92
PCT7874	TO	474	173	0	0	36	137	2	135
PCT7875	ED	624	63	0	0	10	53	2	51
PCT7875	MV	624	149	0	0	40	109	0	109
PCT7875	TO	624	212	0	0	50	162	2	160
PCT7876	ED	523	49	0	0	12	37	0	37
PCT7876	MV	523	143	0	0	39	104	0	104
PCT7876	TO	523	192	0	0	51	141	0	141
PCT7902	ED	1729	159	0	0	35	124	0	124
PCT7902	MV	1729	310	0	0	81	229	0	229
PCT7902	TO	1729	469	0	0	116	353	0	353
PCT7903	ED	826	102	0	0	23	79	0	79
PCT7903	MV	826	168	0	1	34	133	0	133
PCT7903	TO	826	270	0	1	57	212	0	212
PCT7905	ED	880	115	0	0	13	102	0	102
PCT7905	MV	880	216	0	0	51	165	0	165
PCT7905	TO	880	331	0	0	64	267	0	267
PCT7906	ED	757	75	0	0	10	65	0	65
PCT7906	MV	757	93	0	0	22	71	0	71
PCT7906	TO	757	168	0	0	32	136	0	136
PCT7908	ED	1907	203	0	0	32	171	2	169
PCT7908	MV	1907	301	0	0	62	239	0	239
PCT7908	TO	1907	504	0	0	94	410	2	408
PCT7909	ED	718	96	0	0	11	85	2	83
PCT7909	MV	718	165	0	0	31	134	0	134
PCT7909	TO	718	261	0	0	42	219	2	217
PCT7911	ED	845	91	0	0	16	75	3	72
PCT7911	MV	845	177	0	0	36	141	0	141
PCT7911	TO	845	268	0	0	52	216	3	213
PCT7912	ED	1940	230	0	0	35	195	1	194
PCT7912	MV	1940	398	0	1	89	308	0	308
PCT7912	TO	1940	628	0	1	124	503	1	502
PCT7915	ED	1692	201	0	0	39	162	0	162
PCT7915	MV	1692	339	0	0	65	274	0	274
PCT7915	TO	1692	540	0	0	104	436	0	436
PCT7916	ED	842	119	0	0	17	102	0	102
PCT7916	MV	842	186	0	0	49	137	0	137
PCT7916	TO	842	305	0	0	66	239	0	239
PCT7917	ED	1823	232	0	1	36	195	0	195
PCT7917	MV	1823	268	0	0	58	210	0	210
PCT7917	TO	1823	500	0	1	94	405	0	405
PCT7918	ED	798	96	0	0	13	83	2	81
PCT7918	MV	798	156	0	0	32	124	0	124
PCT7918	TO	798	252	0	0	45	207	2	205
PCT7921	ED	1729	158	0	0	31	127	1	126
PCT7921	MV	1729	348	0	0	68	280	1	279
PCT7921	TO	1729	506	0	0	99	407	2	405
PCT7923	ED	1708	173	0	0	25	148	2	146
PCT7923	MV	1708	258	0	1	52	205	0	205
PCT7923	TO	1708	431	0	1	77	353	2	351
PCT7925	ED	530	58	0	0	9	49	0	49
PCT7925	MV	530	128	0	0	35	93	0	93
PCT7925	TO	530	186	0	0	44	142	0	142
PCT7926	ED	783	114	0	0	16	98	1	97
PCT7926	MV	783	137	0	0	30	107	0	107
PCT7926	TO	783	251	0	0	46	205	1	204
PCT7928	ED	1661	261	0	0	48	213	1	212
PCT7928	MV	1661	440	0	0	101	339	0	339
PCT7928	TO	1661	701	0	0	149	552	1	551
PCT7929	ED	830	117	0	0	19	98	1	97
PCT7929	MV	830	270	0	0	58	212	0	212
PCT7929	TO	830	387	0	0	77	310	1	309
PCT7931	ED	742	96	0	0	19	77	0	77
PCT7931	MV	742	249	0	0	57	192	0	192
PCT7931	TO	742	345	0	0	76	269	0	269
PCT7932	ED	547	68	0	0	10	58	1	57
PCT7932	MV	547	154	0	0	38	116	0	116
PCT7932	TO	547	222	0	0	48	174	1	173
PCT7933	MV	7	4	0	0	1	3	0	3
PCT7933	TO	7	4	0	0	1	3	0	3
PCT7934	ED	866	92	0	0	18	74	0	74
PCT7934	MV	866	250	0	0	53	197	0	197
PCT7934	TO	866	342	0	0	71	271	0	271
PCT7935	ED	927	131	0	0	28	103	0	103
PCT7935	MV	927	254	0	0	64	190	0	190
PCT7935	TO	927	385	0	0	92	293	0	293
PCT7936	ED	1508	285	0	0	56	229	0	229
PCT7936	MV	1508	318	0	0	76	242	0	242
PCT7936	TO	1508	603	0	0	132	471	0	471
PCT7937	ED	899	108	0	0	21	87	0	87
PCT7937	MV	899	252	0	0	59	193	0	193
PCT7937	TO	899	360	0	0	80	280	0	280
PCT7938	ED	758	80	0	1	8	71	0	71
PCT7938	MV	758	177	0	0	41	136	0	136
PCT7938	TO	758	257	0	1	49	207	0	207
PCT7941	ED	752	95	0	0	18	77	0	77
PCT7941	MV	752	176	0	0	44	132	0	132
PCT7941	TO	752	271	0	0	62	209	0	209
PCT7942	ED	923	72	0	0	7	65	0	65
PCT7942	MV	923	213	0	0	42	171	0	171
PCT7942	TO	923	285	0	0	49	236	0	236
PCT7943	ED	1675	215	0	0	38	177	4	173
PCT7943	MV	1675	436	0	0	82	354	0	354
PCT7943	TO	1675	651	0	0	120	531	4	527
PCT7945	ED	940	50	0	0	4	46	0	46
PCT7945	MV	940	210	0	0	39	171	0	171
PCT7945	TO	940	260	0	0	43	217	0	217
PCT7946	ED	1553	111	0	0	17	94	1	93
PCT7946	MV	1553	411	0	0	87	324	0	324
PCT7946	TO	1553	522	0	0	104	418	1	417
PCT7947	ED	960	51	0	0	13	38	0	38
PCT7947	MV	960	262	0	0	64	198	0	198
PCT7947	TO	960	313	0	0	77	236	0	236
PCT7948	ED	918	75	0	0	12	63	0	63
PCT7948	MV	918	261	0	0	54	207	0	207
PCT7948	TO	918	336	0	0	66	270	0	270
PCT7951	ED	1818	98	0	1	13	84	0	84
PCT7951	MV	1818	518	0	0	124	394	0	394
PCT7951	TO	1818	616	0	1	137	478	0	478
PCT7953	ED	824	69	0	0	8	61	2	59
PCT7953	MV	824	204	0	0	50	154	0	154
PCT7953	TO	824	273	0	0	58	215	2	213
PCT7954	MV	1	1	0	0	0	1	0	1
PCT7954	TO	1	1	0	0	0	1	0	1
PCT7956	ED	1759	85	0	0	13	72	1	71
PCT7956	MV	1759	358	0	0	85	273	1	272
PCT7956	TO	1759	443	0	0	98	345	2	343
PCT7957	ED	665	60	0	0	8	52	0	52
PCT7957	MV	665	180	0	0	45	135	0	135
PCT7957	TO	665	240	0	0	53	187	0	187
PCT7958	MV	301	73	0	0	22	51	0	51
PCT7958	TO	301	73	0	0	22	51	0	51
PCT7959	ED	1198	94	0	0	15	79	1	78
PCT7959	MV	1198	240	0	0	45	195	0	195
PCT7959	TO	1198	334	0	0	60	274	1	273
PCT9001	MV	286	69	0	0	8	61	0	61
PCT9001	TO	286	69	0	0	8	61	0	61
PCT9103	ED	946	98	0	0	24	74	1	73
PCT9103	MV	946	221	0	1	65	155	0	155
PCT9103	TO	946	319	0	1	89	229	1	228
PCT9104	ED	993	83	0	0	19	64	0	64
PCT9104	MV	993	225	0	0	54	171	0	171
PCT9104	TO	993	308	0	0	73	235	0	235
PCT9105	ED	1747	185	0	0	47	138	0	138
PCT9105	MV	1747	369	0	0	90	279	0	279
PCT9105	TO	1747	554	0	0	137	417	0	417
PCT9106	ED	935	109	0	0	14	95	0	95
PCT9106	MV	935	256	0	0	58	198	0	198
PCT9106	TO	935	365	0	0	72	293	0	293
PCT9109	ED	1651	202	0	0	41	161	0	161
PCT9109	MV	1651	376	0	0	87	289	0	289
PCT9109	TO	1651	578	0	0	128	450	0	450
PCT9111	ED	809	82	0	0	19	63	0	63
PCT9111	MV	809	151	0	0	31	120	0	120
PCT9111	TO	809	233	0	0	50	183	0	183
PCT9113	ED	997	132	0	0	30	102	0	102
PCT9113	MV	997	241	0	0	57	184	0	184
PCT9113	TO	997	373	0	0	87	286	0	286
PCT9114	ED	1806	173	0	0	31	142	3	139
PCT9114	MV	1806	448	0	0	106	342	0	342
PCT9114	TO	1806	621	0	0	137	484	3	481
PCT9116	ED	1822	194	0	0	29	165	3	162
PCT9116	MV	1822	335	0	0	89	246	0	246
PCT9116	TO	1822	529	0	0	118	411	3	408
PCT9117	ED	1691	202	0	0	40	162	1	161
PCT9117	MV	1691	464	0	0	118	346	0	346
PCT9117	TO	1691	666	0	0	158	508	1	507
PCT9118	ED	1938	171	0	0	38	133	0	133
PCT9118	MV	1938	433	0	0	109	324	0	324
PCT9118	TO	1938	604	0	0	147	457	0	457
PCT9119	ED	899	77	0	0	19	58	0	58
PCT9119	MV	899	267	0	0	64	203	0	203
PCT9119	TO	899	344	0	0	83	261	0	261
PCT9122	ED	1865	148	0	0	28	120	1	119
PCT9122	MV	1865	461	0	0	109	352	0	352
PCT9122	TO	1865	609	0	0	137	472	1	471
PCT9124	ED	1843	179	0	0	30	149	0	149
PCT9124	MV	1843	454	0	0	124	330	0	330
PCT9124	TO	1843	633	0	0	154	479	0	479
PCT9125	ED	879	83	0	0	14	69	1	68
PCT9125	MV	879	219	0	0	56	163	0	163
PCT9125	TO	879	302	0	0	70	232	1	231
PCT9127	ED	1974	213	0	0	26	187	2	185
PCT9127	MV	1974	549	0	0	135	414	0	414
PCT9127	TO	1974	762	0	0	161	601	2	599
PCT9128	ED	814	102	0	0	17	85	0	85
PCT9128	MV	814	161	0	0	38	123	0	123
PCT9128	TO	814	263	0	0	55	208	0	208
PCT9129	ED	1459	128	0	0	16	112	3	109
PCT9129	MV	1459	366	0	0	81	285	0	285
PCT9129	TO	1459	494	0	0	97	397	3	394
PCT9132	ED	805	80	0	0	23	57	1	56
PCT9132	MV	805	141	0	0	31	110	0	110
PCT9132	TO	805	221	0	0	54	167	1	166
PCT9133	ED	1984	203	0	0	37	166	2	164
PCT9133	MV	1984	437	0	0	99	338	0	338
PCT9133	TO	1984	640	0	0	136	504	2	502
PCT9134	ED	891	60	0	0	14	46	3	43
PCT9134	MV	891	224	0	0	54	170	0	170
PCT9134	TO	891	284	0	0	68	216	3	213
PCT9135	ED	802	90	0	0	27	63	0	63
PCT9135	MV	802	202	0	0	49	153	0	153
PCT9135	TO	802	292	0	0	76	216	0	216
PCT9136	ED	900	97	0	0	22	75	1	74
PCT9136	MV	900	212	0	0	57	155	0	155
PCT9136	TO	900	309	0	0	79	230	1	229
PCT9137	ED	999	90	0	0	14	76	2	74
PCT9137	MV	999	237	0	0	60	177	0	177
PCT9137	TO	999	327	0	0	74	253	2	251
PCT9138	ED	929	69	0	0	8	61	0	61
PCT9138	MV	929	255	0	0	54	201	0	201
PCT9138	TO	929	324	0	0	62	262	0	262
PCT9139	ED	986	83	0	0	11	72	1	71
PCT9139	MV	986	214	0	0	40	174	0	174
PCT9139	TO	986	297	0	0	51	246	1	245
PCT9141	ED	1803	187	0	0	40	147	5	142
PCT9141	MV	1803	439	0	0	98	341	0	341
PCT9141	TO	1803	626	0	0	138	488	5	483
PCT9143	ED	895	103	0	0	24	79	0	79
PCT9143	MV	895	199	0	0	53	146	0	146
PCT9143	TO	895	302	0	0	77	225	0	225
PCT9144	ED	958	121	0	0	25	96	2	94
PCT9144	MV	958	255	0	0	51	204	0	204
PCT9144	TO	958	376	0	0	76	300	2	298
PCT9145	ED	851	89	0	0	12	77	0	77
PCT9145	MV	851	217	0	0	52	165	0	165
PCT9145	TO	851	306	0	0	64	242	0	242
PCT9146	ED	1837	209	0	0	38	171	2	169
PCT9146	MV	1837	326	0	0	94	232	0	232
PCT9146	TO	1837	535	0	0	132	403	2	401
PCT9149	ED	957	134	0	0	28	106	1	105
PCT9149	MV	957	163	0	0	26	137	0	137
PCT9149	TO	957	297	0	0	54	243	1	242
PCT9152	ED	1630	123	0	0	16	107	0	107
PCT9152	MV	1630	276	0	0	69	207	0	207
PCT9152	TO	1630	399	0	0	85	314	0	314
PCT9201	ED	950	76	0	0	15	61	0	61
PCT9201	MV	950	158	0	0	32	126	0	126
PCT9201	TO	950	234	0	0	47	187	0	187
PCT9202	ED	977	78	0	0	14	64	0	64
PCT9202	MV	977	168	0	0	37	131	0	131
PCT9202	TO	977	246	0	0	51	195	0	195
PCT9203	ED	984	51	0	0	21	30	0	30
PCT9203	MV	984	198	0	0	68	130	0	130
PCT9203	TO	984	249	0	0	89	160	0	160
PCT9204	ED	855	83	0	0	20	63	2	61
PCT9204	MV	855	175	0	0	56	119	0	119
PCT9204	TO	855	258	0	0	76	182	2	180
PCT9205	ED	1484	103	0	0	19	84	1	83
PCT9205	MV	1484	271	0	0	66	205	0	205
PCT9205	TO	1484	374	0	0	85	289	1	288
PCT9208	ED	1935	136	0	0	34	102	1	101
PCT9208	MV	1935	398	0	0	111	287	0	287
PCT9208	TO	1935	534	0	0	145	389	1	388
PCT9209	ED	742	64	0	0	24	40	0	40
PCT9209	MV	742	160	0	0	43	117	0	117
PCT9209	TO	742	224	0	0	67	157	0	157
PCT9211	ED	1788	140	0	0	43	97	1	96
PCT9211	MV	1788	402	0	0	137	265	0	265
PCT9211	TO	1788	542	0	0	180	362	1	361
PCT9213	ED	927	67	0	0	13	54	0	54
PCT9213	MV	927	212	0	0	53	159	0	159
PCT9213	TO	927	279	0	0	66	213	0	213
PCT9214	ED	633	52	0	0	11	41	2	39
PCT9214	MV	633	156	0	0	50	106	0	106
PCT9214	TO	633	208	0	0	61	147	2	145
PCT9215	ED	641	58	0	0	21	37	0	37
PCT9215	MV	641	138	0	0	49	89	0	89
PCT9215	TO	641	196	0	0	70	126	0	126
PCT9216	ED	818	58	0	0	12	46	0	46
PCT9216	MV	818	149	0	0	40	109	0	109
PCT9216	TO	818	207	0	0	52	155	0	155
PCT9217	ED	704	48	0	0	11	37	0	37
PCT9217	MV	704	127	0	0	40	87	0	87
PCT9217	TO	704	175	0	0	51	124	0	124
PCT9218	ED	805	66	0	0	15	51	0	51
PCT9218	MV	805	126	0	1	39	86	0	86
PCT9218	TO	805	192	0	1	54	137	0	137
PCT9219	ED	1727	142	0	0	19	123	1	122
PCT9219	MV	1727	235	0	0	73	162	0	162
PCT9219	TO	1727	377	0	0	92	285	1	284
PCT9221	ED	638	60	0	0	15	45	0	45
PCT9221	MV	638	211	0	0	80	131	0	131
PCT9221	TO	638	271	0	0	95	176	0	176
PCT9222	ED	886	63	0	0	18	45	1	44
PCT9222	MV	886	235	0	0	84	151	0	151
PCT9222	TO	886	298	0	0	102	196	1	195
PCT9223	ED	651	39	0	0	9	30	3	27
PCT9223	MV	651	139	0	0	41	98	0	98
PCT9223	TO	651	178	0	0	50	128	3	125
PCT9224	ED	928	77	0	0	22	55	0	55
PCT9224	MV	928	241	0	0	67	174	0	174
PCT9224	TO	928	318	0	0	89	229	0	229
PCT9226	ED	892	70	0	0	19	51	0	51
PCT9226	MV	892	210	0	0	67	143	0	143
PCT9226	TO	892	280	0	0	86	194	0	194
PCT9227	ED	713	72	0	0	18	54	0	54
PCT9227	MV	713	250	0	0	72	178	0	178
PCT9227	TO	713	322	0	0	90	232	0	232
PCT9228	ED	740	77	0	0	15	62	0	62
PCT9228	MV	740	208	0	0	58	150	0	150
PCT9228	TO	740	285	0	0	73	212	0	212
PCT9229	ED	574	80	0	0	18	62	0	62
PCT9229	MV	574	155	0	0	54	101	0	101
PCT9229	TO	574	235	0	0	72	163	0	163
PCT9231	ED	954	122	0	0	29	93	1	92
PCT9231	MV	954	237	0	0	70	167	0	167
PCT9231	TO	954	359	0	0	99	260	1	259
PCT9232	ED	716	74	0	0	14	60	0	60
PCT9232	MV	716	183	0	0	52	131	0	131
PCT9232	TO	716	257	0	0	66	191	0	191
PCT9233	ED	814	62	0	0	13	49	1	48
PCT9233	MV	814	231	0	0	66	165	0	165
PCT9233	TO	814	293	0	0	79	214	1	213
PCT9234	ED	747	56	0	0	16	40	0	40
PCT9234	MV	747	201	0	0	61	140	0	140
PCT9234	TO	747	257	0	0	77	180	0	180
PCT9235	ED	1439	127	0	0	32	95	0	95
PCT9235	MV	1439	360	0	0	102	258	0	258
PCT9235	TO	1439	487	0	0	134	353	0	353
PCT9236	ED	659	53	0	0	13	40	0	40
PCT9236	MV	659	179	0	0	69	110	0	110
PCT9236	TO	659	232	0	0	82	150	0	150
PCT9237	ED	874	60	0	0	15	45	0	45
PCT9237	MV	874	240	0	0	78	162	0	162
PCT9237	TO	874	300	0	0	93	207	0	207
PCT9238	ED	1769	122	0	0	28	94	0	94
PCT9238	MV	1769	364	0	0	104	260	0	260
PCT9238	TO	1769	486	0	0	132	354	0	354
PCT9239	ED	866	64	0	1	9	54	0	54
PCT9239	MV	866	244	0	0	76	168	0	168
PCT9239	TO	866	308	0	1	85	222	0	222
PCT9241	ED	968	78	0	0	18	60	0	60
PCT9241	MV	968	191	0	0	43	148	0	148
PCT9241	TO	968	269	0	0	61	208	0	208
PCT9242	ED	1845	121	0	0	25	96	2	94
PCT9242	MV	1845	339	0	0	97	242	0	242
PCT9242	TO	1845	460	0	0	122	338	2	336
PCT9244	ED	881	75	0	0	8	67	0	67
PCT9244	MV	881	173	0	0	47	126	0	126
PCT9244	TO	881	248	0	0	55	193	0	193
PCT9245	ED	1081	104	0	0	23	81	0	81
PCT9245	MV	1081	241	0	0	71	170	0	170
PCT9245	TO	1081	345	0	0	94	251	0	251
PCT9248	ED	870	67	0	0	14	53	1	52
PCT9248	MV	870	182	0	0	59	123	0	123
PCT9248	TO	870	249	0	0	73	176	1	175
PCT9251	ED	1887	220	0	0	50	170	3	167
PCT9251	MV	1887	475	0	0	128	347	0	347
PCT9251	TO	1887	695	0	0	178	517	3	514
PCT9252	ED	918	56	0	0	7	49	0	49
PCT9252	MV	918	248	0	0	79	169	0	169
PCT9252	TO	918	304	0	0	86	218	0	218
PCT9253	ED	752	64	0	0	18	46	0	46
PCT9253	MV	752	204	0	0	55	149	0	149
PCT9253	TO	752	268	0	0	73	195	0	195
PCT9255	ED	1236	119	0	0	20	99	2	97
PCT9255	MV	1236	266	0	0	54	212	0	212
PCT9255	TO	1236	385	0	0	74	311	2	309
PCT9256	ED	1373	112	0	0	12	100	3	97
PCT9256	MV	1373	352	0	0	96	256	0	256
PCT9256	TO	1373	464	0	0	108	356	3	353
PCT9257	MV	311	98	0	0	20	78	0	78
PCT9257	TO	311	98	0	0	20	78	0	78
PCT9401	ED	1015	120	0	0	20	100	2	98
PCT9401	MV	1015	202	0	0	45	157	0	157
PCT9401	TO	1015	322	0	0	65	257	2	255
PCT9402	ED	988	140	0	0	34	106	1	105
PCT9402	MV	988	244	0	0	66	178	0	178
PCT9402	TO	988	384	0	0	100	284	1	283
PCT9404	ED	1814	161	0	0	38	123	0	123
PCT9404	MV	1814	453	0	0	105	348	0	348
PCT9404	TO	1814	614	0	0	143	471	0	471
PCT9405	ED	770	88	0	0	16	72	1	71
PCT9405	MV	770	195	0	0	45	150	0	150
PCT9405	TO	770	283	0	0	61	222	1	221
PCT9406	ED	873	110	0	0	27	83	1	82
PCT9406	MV	873	193	0	0	45	148	0	148
PCT9406	TO	873	303	0	0	72	231	1	230
PCT9407	ED	887	96	0	0	20	76	2	74
PCT9407	MV	887	207	0	0	46	161	0	161
PCT9407	TO	887	303	0	0	66	237	2	235
PCT9408	ED	834	93	0	0	22	71	1	70
PCT9408	MV	834	178	0	1	31	146	0	146
PCT9408	TO	834	271	0	1	53	217	1	216
PCT9409	ED	591	89	0	0	20	69	0	69
PCT9409	MV	591	109	0	0	19	90	0	90
PCT9409	TO	591	198	0	0	39	159	0	159
PCT9411	ED	1842	167	0	0	27	140	4	136
PCT9411	MV	1842	447	0	0	120	327	0	327
PCT9411	TO	1842	614	0	0	147	467	4	463
PCT9413	ED	920	88	0	0	21	67	0	67
PCT9413	MV	920	242	0	0	84	158	0	158
PCT9413	TO	920	330	0	0	105	225	0	225
PCT9415	ED	779	56	0	0	8	48	0	48
PCT9415	MV	779	225	0	0	55	170	0	170
PCT9415	TO	779	281	0	0	63	218	0	218
PCT9416	ED	988	118	0	0	21	97	1	96
PCT9416	MV	988	249	0	0	59	190	0	190
PCT9416	TO	988	367	0	0	80	287	1	286
PCT9418	ED	1561	161	0	0	23	138	0	138
PCT9418	MV	1561	438	0	0	122	316	0	316
PCT9418	TO	1561	599	0	0	145	454	0	454
PCT9419	ED	1790	130	0	0	33	97	0	97
PCT9419	MV	1790	507	0	1	160	346	0	346
PCT9419	TO	1790	637	0	1	193	443	0	443
PCT9421	ED	917	65	0	0	28	37	0	37
PCT9421	MV	917	254	0	0	74	180	0	180
PCT9421	TO	917	319	0	0	102	217	0	217
PCT9422	ED	1068	99	0	0	19	80	4	76
PCT9422	MV	1068	220	0	0	43	177	0	177
PCT9422	TO	1068	319	0	0	62	257	4	253
PCT9423	ED	906	70	0	0	11	59	1	58
PCT9423	MV	906	195	0	1	34	160	0	160
PCT9423	TO	906	265	0	1	45	219	1	218
PCT9424	ED	1949	142	0	0	37	105	1	104
PCT9424	MV	1949	500	0	0	105	395	0	395
PCT9424	TO	1949	642	0	0	142	500	1	499
PCT9426	ED	832	61	0	0	11	50	1	49
PCT9426	MV	832	233	0	0	79	154	0	154
PCT9426	TO	832	294	0	0	90	204	1	203
PCT9427	ED	964	78	0	0	14	64	0	64
PCT9427	MV	964	260	0	0	60	200	0	200
PCT9427	TO	964	338	0	0	74	264	0	264
PCT9431	ED	1914	176	0	0	38	138	2	136
PCT9431	MV	1914	485	0	0	111	374	0	374
PCT9431	TO	1914	661	0	0	149	512	2	510
PCT9432	ED	943	76	0	0	14	62	1	61
PCT9432	MV	943	226	0	0	48	178	0	178
PCT9432	TO	943	302	0	0	62	240	1	239
PCT9433	ED	1923	120	0	0	27	93	2	91
PCT9433	MV	1923	432	0	1	103	328	0	328
PCT9433	TO	1923	552	0	1	130	421	2	419
PCT9434	ED	982	97	0	0	24	73	2	71
PCT9434	MV	982	252	0	0	73	179	0	179
PCT9434	TO	982	349	0	0	97	252	2	250
PCT9436	ED	1057	94	0	0	21	73	2	71
PCT9436	MV	1057	250	0	0	49	201	0	201
PCT9436	TO	1057	344	0	0	70	274	2	272
PCT9437	ED	908	76	0	0	13	63	1	62
PCT9437	MV	908	182	0	0	54	128	0	128
PCT9437	TO	908	258	0	0	67	191	1	190
PCT9439	ED	1863	125	0	0	31	94	0	94
PCT9439	MV	1863	482	0	0	130	352	0	352
PCT9439	TO	1863	607	0	0	161	446	0	446
PCT9441	ED	985	100	0	0	17	83	2	81
PCT9441	MV	985	276	0	0	81	195	0	195
PCT9441	TO	985	376	0	0	98	278	2	276
PCT9442	ED	2015	196	0	0	46	150	2	148
PCT9442	MV	2015	487	0	0	117	370	0	370
PCT9442	TO	2015	683	0	0	163	520	2	518
PCT9443	ED	1908	136	0	0	24	112	4	108
PCT9443	MV	1908	488	0	0	108	380	0	380
PCT9443	TO	1908	624	0	0	132	492	4	488
PCT9445	ED	971	72	0	0	23	49	1	48
PCT9445	MV	971	276	0	0	62	214	0	214
PCT9445	TO	971	348	0	0	85	263	1	262
PCT9446	ED	1940	185	0	0	43	142	1	141
PCT9446	MV	1940	428	0	0	136	292	0	292
PCT9446	TO	1940	613	0	0	179	434	1	433
PCT9447	ED	889	88	0	0	18	70	1	69
PCT9447	MV	889	176	0	0	46	130	0	130
PCT9447	TO	889	264	0	0	64	200	1	199
PCT9448	ED	936	76	0	0	16	60	1	59
PCT9448	MV	936	165	0	0	52	113	0	113
PCT9448	TO	936	241	0	0	68	173	1	172
PCT9449	ED	862	74	0	0	13	61	0	61
PCT9449	MV	862	239	0	2	65	172	0	172
PCT9449	TO	862	313	0	2	78	233	0	233
PCT9451	ED	437	32	0	0	5	27	0	27
PCT9451	MV	437	129	0	0	45	84	0	84
PCT9451	TO	437	161	0	0	50	111	0	111
PCT9453	ED	520	44	0	0	9	35	1	34
PCT9453	MV	520	141	0	0	29	112	0	112
PCT9453	TO	520	185	0	0	38	147	1	146
PCT9501	MV	147	58	0	0	15	43	0	43
PCT9501	TO	147	58	0	0	15	43	0	43
PCT9502	MV	253	70	0	0	14	56	0	56
PCT9502	TO	253	70	0	0	14	56	0	56
PCT9503	ED	667	60	0	0	7	53	0	53
PCT9503	MV	667	152	0	1	36	115	0	115
PCT9503	TO	667	212	0	1	43	168	0	168
PCT9505	ED	760	100	0	0	17	83	3	80
PCT9505	MV	760	213	0	0	38	175	0	175
PCT9505	TO	760	313	0	0	55	258	3	255
PCT9506	ED	750	73	0	0	17	56	0	56
PCT9506	MV	750	158	0	0	34	124	0	124
PCT9506	TO	750	231	0	0	51	180	0	180
PCT9507	ED	713	92	0	0	10	82	0	82
PCT9507	MV	713	153	0	0	38	115	0	115
PCT9507	TO	713	245	0	0	48	197	0	197
PCT9511	ED	1314	167	0	0	44	123	2	121
PCT9511	MV	1314	214	0	0	45	169	0	169
PCT9511	TO	1314	381	0	0	89	292	2	290
PCT9512	ED	1544	192	0	0	36	156	0	156
PCT9512	MV	1544	383	0	1	86	296	0	296
PCT9512	TO	1544	575	0	1	122	452	0	452
PCT9513	ED	872	125	0	0	23	102	1	101
PCT9513	MV	872	196	0	0	42	154	0	154
PCT9513	TO	872	321	0	0	65	256	1	255
PCT9514	ED	888	117	0	0	18	99	1	98
PCT9514	MV	888	203	0	0	53	150	0	150
PCT9514	TO	888	320	0	0	71	249	1	248
PCT9516	ED	1579	195	0	0	40	155	2	153
PCT9516	MV	1579	346	0	0	83	263	0	263
PCT9516	TO	1579	541	0	0	123	418	2	416
PCT9517	ED	1554	181	0	0	23	158	0	158
PCT9517	MV	1554	311	0	0	60	251	0	251
PCT9517	TO	1554	492	0	0	83	409	0	409
PCT9519	ED	882	112	0	0	30	82	0	82
PCT9519	MV	882	268	0	0	63	205	0	205
PCT9519	TO	882	380	0	0	93	287	0	287
PCT9521	ED	870	131	0	0	30	101	1	100
PCT9521	MV	870	264	0	0	68	196	0	196
PCT9521	TO	870	395	0	0	98	297	1	296
PCT9701	ED	652	100	0	0	17	83	1	82
PCT9701	MV	652	142	0	0	39	103	0	103
PCT9701	TO	652	242	0	0	56	186	1	185
PCT9702	ED	709	87	0	0	14	73	0	73
PCT9702	MV	709	150	0	0	38	112	0	112
PCT9702	TO	709	237	0	0	52	185	0	185
PCT9703	ED	981	94	0	0	12	82	0	82
PCT9703	MV	981	214	0	0	41	173	0	173
PCT9703	TO	981	308	0	0	53	255	0	255
PCT9704	ED	946	109	0	0	20	89	0	89
PCT9704	MV	946	235	0	0	57	178	0	178
PCT9704	TO	946	344	0	0	77	267	0	267
PCT9705	ED	1865	204	0	0	28	176	1	175
PCT9705	MV	1865	442	0	0	93	349	0	349
PCT9705	TO	1865	646	0	0	121	525	1	524
PCT9706	MV	48	18	0	0	3	15	0	15
PCT9706	TO	48	18	0	0	3	15	0	15
PCT9709	ED	1021	84	0	0	22	62	0	62
PCT9709	MV	1021	271	0	0	74	197	0	197
PCT9709	TO	1021	355	0	0	96	259	0	259
PCT9711	ED	1433	160	0	0	25	135	2	133
PCT9711	MV	1433	393	0	0	101	292	0	292
PCT9711	TO	1433	553	0	0	126	427	2	425
PCT9712	ED	1237	157	0	0	26	131	1	130
PCT9712	MV	1237	375	0	0	106	269	0	269
PCT9712	TO	1237	532	0	0	132	400	1	399
PCT9716	ED	951	110	0	0	29	81	0	81
PCT9716	MV	951	224	0	0	55	169	0	169
PCT9716	TO	951	334	0	0	84	250	0	250
PCT9717	ED	1917	177	0	0	35	142	2	140
PCT9717	MV	1917	529	0	0	123	406	0	406
PCT9717	TO	1917	706	0	0	158	548	2	546
PCT9718	ED	1833	225	0	0	47	178	0	178
PCT9718	MV	1833	609	0	0	168	441	0	441
PCT9718	TO	1833	834	0	0	215	619	0	619
PCT9719	ED	910	104	0	0	28	76	3	73
PCT9719	MV	910	233	0	0	68	165	0	165
PCT9719	TO	910	337	0	0	96	241	3	238
PCT9721	ED	660	114	0	0	20	94	1	93
PCT9721	MV	660	215	0	0	61	154	0	154
PCT9721	TO	660	329	0	0	81	248	1	247
PCT9722	ED	587	64	0	0	16	48	0	48
PCT9722	MV	587	206	0	0	48	158	0	158
PCT9722	TO	587	270	0	0	64	206	0	206
PCT9723	ED	505	34	0	0	7	27	0	27
PCT9723	MV	505	165	0	0	40	125	0	125
PCT9723	TO	505	199	0	0	47	152	0	152
PCT9724	ED	1003	72	0	0	15	57	1	56
PCT9724	MV	1003	322	0	0	99	223	0	223
PCT9724	TO	1003	394	0	0	114	280	1	279
PCT9725	ED	965	76	0	0	22	54	1	53
PCT9725	MV	965	276	0	0	77	199	0	199
PCT9725	TO	965	352	0	0	99	253	1	252
PCT9726	ED	621	53	0	0	10	43	0	43
PCT9726	MV	621	102	0	0	17	85	0	85
PCT9726	TO	621	155	0	0	27	128	0	128
PCT9727	ED	453	34	0	0	7	27	1	26
PCT9727	MV	453	140	0	0	35	105	0	105
PCT9727	TO	453	174	0	0	42	132	1	131
PCT9728	ED	1829	224	0	0	43	181	2	179
PCT9728	MV	1829	527	0	0	146	381	0	381
PCT9728	TO	1829	751	0	0	189	562	2	560
PCT9729	ED	809	86	0	0	18	68	2	66
PCT9729	MV	809	281	0	0	74	207	0	207
PCT9729	TO	809	367	0	0	92	275	2	273
PCT9731	ED	572	62	0	0	8	54	1	53
PCT9731	MV	572	169	0	0	50	119	0	119
PCT9731	TO	572	231	0	0	58	173	1	172
PCT9732	MV	71	25	0	0	7	18	0	18
PCT9732	TO	71	25	0	0	7	18	0	18
PCT9733	MV	235	93	0	0	21	72	0	72
PCT9733	TO	235	93	0	0	21	72	0	72
PCT9734	ED	1389	150	0	0	26	124	2	122
PCT9734	MV	1389	469	0	0	117	352	0	352
PCT9734	TO	1389	619	0	0	143	476	2	474
PCT9737	ED	1518	168	0	0	33	135	1	134
PCT9737	MV	1518	402	0	0	111	291	0	291
PCT9737	TO	1518	570	0	0	144	426	1	425
PCT9738	ED	813	34	0	0	6	28	0	28
PCT9738	MV	813	189	0	0	35	154	0	154
PCT9738	TO	813	223	0	0	41	182	0	182
PCT9739	ED	768	46	0	0	5	41	0	41
PCT9739	MV	768	145	0	0	28	117	0	117
PCT9739	TO	768	191	0	0	33	158	0	158
PCT9741	ED	497	7	0	0	1	6	0	6
PCT9741	MV	497	8	0	0	0	8	0	8
PCT9741	TO	497	15	0	0	1	14	0	14
PCT9742	ED	679	68	0	0	15	53	2	51
PCT9742	MV	679	134	0	0	37	97	0	97
PCT9742	TO	679	202	0	0	52	150	2	148
PCT9743	ED	1138	85	0	0	11	74	1	73
PCT9743	MV	1138	261	0	0	45	216	0	216
PCT9743	TO	1138	346	0	0	56	290	1	289
PCT9744	ED	907	97	0	0	25	72	1	71
PCT9744	MV	907	170	0	0	43	127	0	127
PCT9744	TO	907	267	0	0	68	199	1	198
PCT9745	ED	973	75	0	0	11	64	0	64
PCT9745	MV	973	172	0	2	31	139	0	139
PCT9745	TO	973	247	0	2	42	203	0	203
PCT9748	ED	910	80	0	0	20	60	1	59
PCT9748	MV	910	274	0	0	77	197	0	197
PCT9748	TO	910	354	0	0	97	257	1	256
PCT9749	ED	1871	160	0	0	22	138	1	137
PCT9749	MV	1871	405	0	0	98	307	0	307
PCT9749	TO	1871	565	0	0	120	445	1	444
PCT9751	ED	1038	101	0	0	23	78	2	76
PCT9751	MV	1038	312	0	1	73	238	0	238
PCT9751	TO	1038	413	0	1	96	316	2	314
PCT9752	ED	696	69	0	0	18	51	1	50
PCT9752	MV	696	230	0	0	66	164	0	164
PCT9752	TO	696	299	0	0	84	215	1	214
PCT9753	ED	764	81	0	0	9	72	0	72
PCT9753	MV	764	205	0	0	36	169	0	169
PCT9753	TO	764	286	0	0	45	241	0	241
PCT9754	ED	686	84	0	0	9	75	0	75
PCT9754	MV	686	174	0	0	25	149	0	149
PCT9754	TO	686	258	0	0	34	224	0	224
PCT9755	ED	567	58	0	0	8	50	0	50
PCT9755	MV	567	150	0	0	31	119	0	119
PCT9755	TO	567	208	0	0	39	169	0	169
PCT9756	ED	940	55	0	0	10	45	0	45
PCT9756	MV	940	233	0	0	61	172	0	172
PCT9756	TO	940	288	0	0	71	217	0	217
PCT9801	ED	404	38	0	0	5	33	1	32
PCT9801	MV	404	93	0	0	22	71	0	71
PCT9801	TO	404	131	0	0	27	104	1	103
CONG12	ED	437850	40985	0	7	7821	33157	329	32828
CONG12	MV	437850	103869	0	32	25382	78455	2	78453
CONG12	TO	437850	144854	0	39	33203	111612	331	111281
CONG14	ED	57200	4601	0	1	838	3762	54	3708
CONG14	MV	57200	14406	0	5	3336	11065	0	11065
CONG14	TO	57200	19007	0	6	4174	14827	54	14773
ASSM17	ED	287476	26749	0	6	4913	21830	211	21619
ASSM17	MV	287476	68431	0	22	16268	52141	2	52139
ASSM17	TO	287476	95180	0	28	21181	73971	213	73758
ASSM19	ED	207574	18837	0	2	3746	15089	172	14917
ASSM19	MV	207574	49844	0	15	12450	37379	0	37379
ASSM19	TO	207574	68681	0	17	16196	52468	172	52296
SUPV1	ED	42447	4299	0	0	821	3478	35	3443
SUPV1	MV	42447	9857	0	1	2369	7487	0	7487
SUPV1	TO	42447	14156	0	1	3190	10965	35	10930
SUPV2	ED	49361	3997	0	1	894	3102	30	3072
SUPV2	MV	49361	11399	0	2	3314	8083	0	8083
SUPV2	TO	49361	15396	0	3	4208	11185	30	11155
SUPV3	ED	38836	3040	0	0	623	2417	29	2388
SUPV3	MV	38836	8848	0	4	2159	6685	0	6685
SUPV3	TO	38836	11888	0	4	2782	9102	29	9073
SUPV4	ED	43341	3899	0	0	832	3067	43	3024
SUPV4	MV	43341	10665	0	6	2706	7953	0	7953
SUPV4	TO	43341	14564	0	6	3538	11020	43	10977
SUPV5	ED	51976	6299	0	0	1179	5120	47	5073
SUPV5	MV	51976	13167	0	6	3012	10149	0	10149
SUPV5	TO	51976	19466	0	6	4191	15269	47	15222
SUPV6	ED	42510	2395	0	0	472	1923	27	1896
SUPV6	MV	42510	9117	0	4	2154	6959	0	6959
SUPV6	TO	42510	11512	0	4	2626	8882	27	8855
SUPV7	ED	46757	4770	0	0	888	3882	37	3845
SUPV7	MV	46757	12555	0	3	3120	9432	0	9432
SUPV7	TO	46757	17325	0	3	4008	13314	37	13277
SUPV8	ED	57103	7221	0	2	1285	5934	53	5881
SUPV8	MV	57103	15551	0	1	3882	11668	0	11668
SUPV8	TO	57103	22772	0	3	5167	17602	53	17549
SUPV9	ED	42539	4535	0	3	754	3778	26	3752
SUPV9	MV	42539	9559	0	3	2126	7430	2	7428
SUPV9	TO	42539	14094	0	6	2880	11208	28	11180
SUPV10	ED	42195	2593	0	1	489	2103	20	2083
SUPV10	MV	42195	8722	0	3	1981	6738	0	6738
SUPV10	TO	42195	11315	0	4	2470	8841	20	8821
SUPV11	ED	37985	2538	0	1	422	2115	36	2079
SUPV11	MV	37985	8835	0	4	1895	6936	0	6936
SUPV11	TO	37985	11373	0	5	2317	9051	36	9015
NEIG1	ED	20194	1102	0	1	211	890	13	877
NEIG1	MV	20194	3785	0	2	805	2978	0	2978
NEIG1	TO	20194	4887	0	3	1016	3868	13	3855
NEIG2	ED	18045	1279	0	0	256	1023	9	1014
NEIG2	MV	18045	4011	0	2	952	3057	0	3057
NEIG2	TO	18045	5290	0	2	1208	4080	9	4071
NEIG3	ED	27613	2033	0	0	415	1618	31	1587
NEIG3	MV	27613	5737	0	2	1261	4474	0	4474
NEIG3	TO	27613	7770	0	2	1676	6092	31	6061
NEIG4	ED	7735	937	0	0	186	751	8	743
NEIG4	MV	7735	2114	0	0	463	1651	0	1651
NEIG4	TO	7735	3051	0	0	649	2402	8	2394
NEIG5	ED	28067	1842	0	0	305	1537	20	1517
NEIG5	MV	28067	6570	0	3	1420	5147	0	5147
NEIG5	TO	28067	8412	0	3	1725	6684	20	6664
NEIG6	ED	15102	2150	0	0	421	1729	15	1714
NEIG6	MV	15102	4008	0	2	911	3095	0	3095
NEIG6	TO	15102	6158	0	2	1332	4824	15	4809
NEIG7	ED	13133	949	0	1	154	794	18	776
NEIG7	MV	13133	2996	0	1	656	2339	0	2339
NEIG7	TO	13133	3945	0	2	810	3133	18	3115
NEIG8	ED	9501	1219	0	0	230	989	6	983
NEIG8	MV	9501	2326	0	0	573	1753	0	1753
NEIG8	TO	9501	3545	0	0	803	2742	6	2736
NEIG9	ED	8190	579	0	0	113	466	4	462
NEIG9	MV	8190	1810	0	2	415	1393	0	1393
NEIG9	TO	8190	2389	0	2	528	1859	4	1855
NEIG10	ED	10551	1035	0	0	207	828	11	817
NEIG10	MV	10551	2293	0	0	562	1731	0	1731
NEIG10	TO	10551	3328	0	0	769	2559	11	2548
NEIG11	ED	41063	3200	0	1	718	2481	26	2455
NEIG11	MV	41063	9182	0	3	2651	6528	0	6528
NEIG11	TO	41063	12382	0	4	3369	9009	26	8983
NEIG12	ED	32113	3669	0	2	611	3056	24	3032
NEIG12	MV	32113	6597	0	4	1476	5117	1	5116
NEIG12	TO	32113	10266	0	6	2087	8173	25	8148
NEIG13	ED	15730	2029	0	0	358	1671	17	1654
NEIG13	MV	15730	4188	0	0	1091	3097	0	3097
NEIG13	TO	15730	6217	0	0	1449	4768	17	4751
NEIG14	ED	9293	1330	0	0	244	1086	4	1082
NEIG14	MV	9293	2452	0	0	571	1881	0	1881
NEIG14	TO	9293	3782	0	0	815	2967	4	2963
NEIG15	ED	5953	537	0	0	110	427	4	423
NEIG15	MV	5953	1556	0	2	412	1142	0	1142
NEIG15	TO	5953	2093	0	2	522	1569	4	1565
NEIG26	ED	9927	616	0	1	94	521	5	516
NEIG26	MV	9927	2503	0	0	584	1919	1	1918
NEIG26	TO	9927	3119	0	1	678	2440	6	2434
NEIG16	ED	16717	1243	0	0	219	1024	6	1018
NEIG16	MV	16717	3991	0	1	1020	2970	0	2970
NEIG16	TO	16717	5234	0	1	1239	3994	6	3988
NEIG17	ED	37882	3873	0	0	749	3124	31	3093
NEIG17	MV	37882	8874	0	1	2151	6722	0	6722
NEIG17	TO	37882	12747	0	1	2900	9846	31	9815
NEIG18	ED	6193	652	0	0	137	515	2	513
NEIG18	MV	6193	1721	0	0	491	1230	0	1230
NEIG18	TO	6193	2373	0	0	628	1745	2	1743
NEIG19	ED	7872	873	0	1	138	734	9	725
NEIG19	MV	7872	2058	0	0	479	1579	0	1579
NEIG19	TO	7872	2931	0	1	617	2313	9	2304
NEIG20	ED	24361	1311	0	0	266	1045	10	1035
NEIG20	MV	24361	5386	0	1	1372	4013	0	4013
NEIG20	TO	24361	6697	0	1	1638	5058	10	5048
NEIG21	ED	42750	3810	0	0	812	2998	43	2955
NEIG21	MV	42750	10556	0	6	2687	7863	0	7863
NEIG21	TO	42750	14366	0	6	3499	10861	43	10818
NEIG22	ED	19329	2431	0	1	429	2001	12	1989
NEIG22	MV	19329	5705	0	0	1443	4262	0	4262
NEIG22	TO	19329	8136	0	1	1872	6263	12	6251
NEIG23	ED	7912	363	0	0	80	283	2	281
NEIG23	MV	7912	1609	0	1	338	1270	0	1270
NEIG23	TO	7912	1972	0	1	418	1553	2	1551
NEIG24	ED	33087	3644	0	0	684	2960	31	2929
NEIG24	MV	33087	9481	0	1	2387	7093	0	7093
NEIG24	TO	33087	13125	0	1	3071	10053	31	10022
NEIG25	ED	26737	2880	0	0	512	2368	22	2346
NEIG25	MV	26737	6766	0	3	1547	5216	0	5216
NEIG25	TO	26737	9646	0	3	2059	7584	22	7562
