area_id	subtotal_type	RSReg	RSCst	RSRej	RSOvr	RSUnd	RSTot	40:YES	41:NO
ALLPCTS	TO	495050	206235	0	60	7228	198947	151795	47152
ALLPCTS	ED	495050	59372	0	19	1866	57487	46041	11446
ALLPCTS	MV	495050	146835	0	41	5359	141435	105729	35706
PCT1101	ED	557	54	0	0	3	51	37	14
PCT1101	MV	557	166	0	0	4	162	115	47
PCT1101	TO	557	220	0	0	7	213	152	61
PCT1102	ED	994	145	0	0	3	142	106	36
PCT1102	MV	994	304	0	0	2	302	190	112
PCT1102	TO	994	449	0	0	5	444	296	148
PCT1103	ED	962	111	0	0	2	109	91	18
PCT1103	MV	962	282	0	0	8	274	191	83
PCT1103	TO	962	393	0	0	10	383	282	101
PCT1104	ED	1012	109	0	0	7	102	74	28
PCT1104	MV	1012	271	0	0	10	261	198	63
PCT1104	TO	1012	380	0	0	17	363	272	91
PCT1106	ED	1505	168	0	0	7	161	121	40
PCT1106	MV	1505	434	0	1	11	422	272	150
PCT1106	TO	1505	602	0	1	18	583	393	190
PCT1108	ED	908	95	0	0	2	93	77	16
PCT1108	MV	908	272	0	0	17	255	189	66
PCT1108	TO	908	367	0	0	19	348	266	82
PCT1109	ED	805	93	0	0	3	90	72	18
PCT1109	MV	805	233	0	0	15	218	146	72
PCT1109	TO	805	326	0	0	18	308	218	90
PCT1111	ED	1025	106	0	0	2	104	80	24
PCT1111	MV	1025	303	0	0	13	290	181	109
PCT1111	TO	1025	409	0	0	15	394	261	133
PCT1112	ED	770	64	0	0	3	61	49	12
PCT1112	MV	770	217	0	0	3	214	153	61
PCT1112	TO	770	281	0	0	6	275	202	73
PCT1114	ED	1741	129	0	0	4	125	101	24
PCT1114	MV	1741	500	0	1	12	487	352	135
PCT1114	TO	1741	629	0	1	16	612	453	159
PCT1115	ED	1838	165	0	0	7	158	121	37
PCT1115	MV	1838	467	0	0	14	453	306	147
PCT1115	TO	1838	632	0	0	21	611	427	184
PCT1117	ED	1771	155	0	0	6	149	119	30
PCT1117	MV	1771	443	0	0	18	425	280	145
PCT1117	TO	1771	598	0	0	24	574	399	175
PCT1118	ED	1057	99	0	0	1	98	74	24
PCT1118	MV	1057	319	0	0	11	308	207	101
PCT1118	TO	1057	418	0	0	12	406	281	125
PCT1119	ED	771	66	0	0	2	64	54	10
PCT1119	MV	771	226	0	0	9	217	160	57
PCT1119	TO	771	292	0	0	11	281	214	67
PCT1122	ED	638	48	0	0	2	46	29	17
PCT1122	MV	638	188	0	0	9	179	103	76
PCT1122	TO	638	236	0	0	11	225	132	93
PCT1124	ED	812	64	0	0	1	63	42	21
PCT1124	MV	812	188	0	0	5	183	128	55
PCT1124	TO	812	252	0	0	6	246	170	76
PCT1125	ED	1064	48	0	0	1	47	38	9
PCT1125	MV	1064	271	0	0	5	266	174	92
PCT1125	TO	1064	319	0	0	6	313	212	101
PCT1126	ED	1676	121	0	0	2	119	82	37
PCT1126	MV	1676	441	0	0	13	428	278	150
PCT1126	TO	1676	562	0	0	15	547	360	187
PCT1127	ED	1827	157	0	0	2	155	122	33
PCT1127	MV	1827	488	0	0	28	460	291	169
PCT1127	TO	1827	645	0	0	30	615	413	202
PCT1129	ED	1018	85	0	0	7	78	56	22
PCT1129	MV	1018	252	0	1	11	240	145	95
PCT1129	TO	1018	337	0	1	18	318	201	117
PCT1131	ED	836	49	0	0	1	48	41	7
PCT1131	MV	836	226	0	0	9	217	120	97
PCT1131	TO	836	275	0	0	10	265	161	104
PCT1132	ED	1010	47	0	0	0	47	36	11
PCT1132	MV	1010	312	0	0	12	300	190	110
PCT1132	TO	1010	359	0	0	12	347	226	121
PCT1133	ED	857	49	0	0	0	49	35	14
PCT1133	MV	857	255	0	0	10	245	147	98
PCT1133	TO	857	304	0	0	10	294	182	112
PCT1134	ED	762	70	0	0	4	66	49	17
PCT1134	MV	762	215	0	0	8	207	134	73
PCT1134	TO	762	285	0	0	12	273	183	90
PCT1135	ED	554	46	0	0	2	44	33	11
PCT1135	MV	554	195	0	0	12	183	113	70
PCT1135	TO	554	241	0	0	14	227	146	81
PCT1136	ED	847	53	0	0	2	51	34	17
PCT1136	MV	847	248	0	0	9	239	168	71
PCT1136	TO	847	301	0	0	11	290	202	88
PCT1141	ED	1042	103	0	0	4	99	72	27
PCT1141	MV	1042	306	0	0	13	293	194	99
PCT1141	TO	1042	409	0	0	17	392	266	126
PCT1143	ED	1024	109	0	0	1	108	95	13
PCT1143	MV	1024	253	0	0	13	240	166	74
PCT1143	TO	1024	362	0	0	14	348	261	87
PCT1144	ED	1804	177	0	0	10	167	136	31
PCT1144	MV	1804	513	0	0	19	494	353	141
PCT1144	TO	1804	690	0	0	29	661	489	172
PCT1145	ED	894	83	0	0	3	80	62	18
PCT1145	MV	894	297	0	1	6	290	207	83
PCT1145	TO	894	380	0	1	9	370	269	101
PCT1146	ED	1008	83	0	0	2	81	68	13
PCT1146	MV	1008	275	0	0	18	257	191	66
PCT1146	TO	1008	358	0	0	20	338	259	79
PCT1147	ED	868	89	0	0	4	85	68	17
PCT1147	MV	868	235	0	0	9	226	160	66
PCT1147	TO	868	324	0	0	13	311	228	83
PCT1148	ED	1002	100	0	0	6	94	71	23
PCT1148	MV	1002	266	0	0	12	254	154	100
PCT1148	TO	1002	366	0	0	18	348	225	123
PCT1149	ED	911	90	0	0	0	90	66	24
PCT1149	MV	911	237	0	0	11	226	147	79
PCT1149	TO	911	327	0	0	11	316	213	103
PCT1152	ED	1815	155	0	0	3	152	102	50
PCT1152	MV	1815	499	0	0	17	482	329	153
PCT1152	TO	1815	654	0	0	20	634	431	203
PCT7001	ED	752	59	0	0	0	59	51	8
PCT7001	MV	752	231	0	0	6	225	166	59
PCT7001	TO	752	290	0	0	6	284	217	67
PCT7002	ED	659	61	0	0	1	60	55	5
PCT7002	MV	659	151	0	0	4	147	99	48
PCT7002	TO	659	212	0	0	5	207	154	53
PCT7003	ED	1755	233	0	0	6	227	183	44
PCT7003	MV	1755	606	0	2	13	591	468	123
PCT7003	TO	1755	839	0	2	19	818	651	167
PCT7005	ED	850	124	0	0	2	122	105	17
PCT7005	MV	850	280	0	0	5	275	219	56
PCT7005	TO	850	404	0	0	7	397	324	73
PCT7006	ED	921	135	0	0	2	133	102	31
PCT7006	MV	921	263	0	0	5	258	211	47
PCT7006	TO	921	398	0	0	7	391	313	78
PCT7007	ED	1821	269	0	0	7	262	219	43
PCT7007	MV	1821	608	0	0	17	591	432	159
PCT7007	TO	1821	877	0	0	24	853	651	202
PCT7009	ED	874	74	0	0	4	70	55	15
PCT7009	MV	874	317	0	0	8	309	268	41
PCT7009	TO	874	391	0	0	12	379	323	56
PCT7011	ED	951	87	0	0	5	82	72	10
PCT7011	MV	951	168	0	0	2	166	139	27
PCT7011	TO	951	255	0	0	7	248	211	37
PCT7012	ED	1165	149	0	0	2	147	120	27
PCT7012	MV	1165	365	0	0	7	358	289	69
PCT7012	TO	1165	514	0	0	9	505	409	96
PCT7013	ED	1033	93	0	0	3	90	79	11
PCT7013	MV	1033	283	0	0	9	274	230	44
PCT7013	TO	1033	376	0	0	12	364	309	55
PCT7014	ED	1388	136	0	0	1	135	116	19
PCT7014	MV	1388	417	0	1	12	404	320	84
PCT7014	TO	1388	553	0	1	13	539	436	103
PCT7015	MV	104	25	0	0	0	25	22	3
PCT7015	TO	104	26	0	0	0	26	23	3
PCT7016	ED	912	75	0	0	1	74	64	10
PCT7016	MV	912	174	0	0	9	165	110	55
PCT7016	TO	912	249	0	0	10	239	174	65
PCT7017	ED	781	50	0	0	5	45	42	3
PCT7017	MV	781	143	0	0	9	134	116	18
PCT7017	TO	781	193	0	0	14	179	158	21
PCT7019	ED	1908	121	0	0	3	118	99	19
PCT7019	MV	1908	558	0	0	26	532	386	146
PCT7019	TO	1908	679	0	0	29	650	485	165
PCT7021	ED	955	96	0	0	5	91	82	9
PCT7021	MV	955	212	0	0	8	204	168	36
PCT7021	TO	955	308	0	0	13	295	250	45
PCT7022	ED	943	94	0	0	3	91	85	6
PCT7022	MV	943	215	0	0	12	203	156	47
PCT7022	TO	943	309	0	0	15	294	241	53
PCT7024	ED	448	39	0	0	3	36	31	5
PCT7024	MV	448	34	0	0	1	33	30	3
PCT7024	TO	448	73	0	0	4	69	61	8
PCT7025	ED	473	34	0	0	1	33	26	7
PCT7025	MV	473	58	0	0	0	58	48	10
PCT7025	TO	473	92	0	0	1	91	74	17
PCT7026	ED	1009	56	0	0	2	54	41	13
PCT7026	MV	1009	303	0	0	10	293	199	94
PCT7026	TO	1009	359	0	0	12	347	240	107
PCT7027	ED	883	86	0	0	3	83	66	17
PCT7027	MV	883	230	0	0	8	222	153	69
PCT7027	TO	883	316	0	0	11	305	219	86
PCT7028	ED	849	114	0	0	3	111	99	12
PCT7028	MV	849	168	0	0	3	165	134	31
PCT7028	TO	849	282	0	0	6	276	233	43
PCT7029	ED	1812	146	0	0	8	138	120	18
PCT7029	MV	1812	384	0	0	14	370	299	71
PCT7029	TO	1812	530	0	0	22	508	419	89
PCT7030	ED	787	54	0	0	1	53	34	19
PCT7030	MV	787	243	0	0	17	226	135	91
PCT7030	TO	787	297	0	0	18	279	169	110
PCT7031	ED	680	37	0	0	0	37	30	7
PCT7031	MV	680	210	0	0	8	202	148	54
PCT7031	TO	680	247	0	0	8	239	178	61
PCT7032	ED	876	70	0	0	4	66	47	19
PCT7032	MV	876	212	0	0	5	207	150	57
PCT7032	TO	876	282	0	0	9	273	197	76
PCT7033	ED	770	88	0	0	3	85	75	10
PCT7033	MV	770	164	0	0	5	159	130	29
PCT7033	TO	770	252	0	0	8	244	205	39
PCT7034	ED	954	61	0	0	3	58	49	9
PCT7034	MV	954	119	0	0	7	112	94	18
PCT7034	TO	954	180	0	0	10	170	143	27
PCT7035	ED	681	46	0	0	2	44	41	3
PCT7035	MV	681	181	0	1	6	174	124	50
PCT7035	TO	681	227	0	1	8	218	165	53
PCT7037	ED	1676	80	0	0	4	76	65	11
PCT7037	MV	1676	268	0	0	11	257	180	77
PCT7037	TO	1676	348	0	0	15	333	245	88
PCT7038	ED	924	49	0	0	2	47	40	7
PCT7038	MV	924	244	0	0	8	236	150	86
PCT7038	TO	924	293	0	0	10	283	190	93
PCT7039	ED	830	84	0	0	1	83	61	22
PCT7039	MV	830	197	0	0	9	188	132	56
PCT7039	TO	830	281	0	0	10	271	193	78
PCT7041	MV	60	13	0	0	0	13	9	4
PCT7041	TO	60	13	0	0	0	13	9	4
PCT7042	ED	1069	92	0	0	3	89	62	27
PCT7042	MV	1069	266	0	0	16	250	192	58
PCT7042	TO	1069	358	0	0	19	339	254	85
PCT7043	ED	961	61	0	0	1	60	54	6
PCT7043	MV	961	228	0	0	8	220	153	67
PCT7043	TO	961	289	0	0	9	280	207	73
PCT7044	ED	844	42	0	0	2	40	35	5
PCT7044	MV	844	114	0	0	4	110	85	25
PCT7044	TO	844	156	0	0	6	150	120	30
PCT7045	ED	783	49	0	0	4	45	31	14
PCT7045	MV	783	243	0	0	10	233	160	73
PCT7045	TO	783	292	0	0	14	278	191	87
PCT7047	ED	1727	102	0	0	7	95	74	21
PCT7047	MV	1727	509	0	0	23	486	292	194
PCT7047	TO	1727	611	0	0	30	581	366	215
PCT7048	ED	870	53	0	0	1	52	43	9
PCT7048	MV	870	209	0	0	7	202	147	55
PCT7048	TO	870	262	0	0	8	254	190	64
PCT7049	ED	815	68	0	0	3	65	47	18
PCT7049	MV	815	200	0	0	10	190	89	101
PCT7049	TO	815	268	0	0	13	255	136	119
PCT7052	ED	878	87	0	0	2	85	63	22
PCT7052	MV	878	245	0	0	9	236	160	76
PCT7052	TO	878	332	0	0	11	321	223	98
PCT7053	ED	568	38	0	0	0	38	29	9
PCT7053	MV	568	146	0	0	8	138	100	38
PCT7053	TO	568	184	0	0	8	176	129	47
PCT7054	ED	1111	87	0	0	5	82	67	15
PCT7054	MV	1111	243	0	0	5	238	191	47
PCT7054	TO	1111	330	0	0	10	320	258	62
PCT7055	ED	799	37	0	0	1	36	32	4
PCT7055	MV	799	228	0	0	8	220	165	55
PCT7055	TO	799	265	0	0	9	256	197	59
PCT7101	MV	152	77	0	1	0	76	69	7
PCT7101	TO	152	78	0	1	0	77	70	7
PCT7202	ED	1747	153	0	0	1	152	111	41
PCT7202	MV	1747	485	0	0	18	467	336	131
PCT7202	TO	1747	638	0	0	19	619	447	172
PCT7203	ED	867	103	0	0	4	99	85	14
PCT7203	MV	867	202	0	0	11	191	136	55
PCT7203	TO	867	305	0	0	15	290	221	69
PCT7204	ED	890	100	0	0	6	94	70	24
PCT7204	MV	890	296	0	0	8	288	220	68
PCT7204	TO	890	396	0	0	14	382	290	92
PCT7205	ED	862	108	0	0	3	105	78	27
PCT7205	MV	862	269	0	0	15	254	181	73
PCT7205	TO	862	377	0	0	18	359	259	100
PCT7207	ED	1483	126	0	0	2	124	107	17
PCT7207	MV	1483	551	0	1	21	529	414	115
PCT7207	TO	1483	677	0	1	23	653	521	132
PCT7208	ED	560	48	0	0	4	44	39	5
PCT7208	MV	560	159	0	0	7	152	109	43
PCT7208	TO	560	207	0	0	11	196	148	48
PCT7301	ED	1993	200	0	0	10	190	151	39
PCT7301	MV	1993	554	0	0	15	539	400	139
PCT7301	TO	1993	754	0	0	25	729	551	178
PCT7302	ED	838	98	0	0	7	91	67	24
PCT7302	MV	838	312	0	0	14	298	225	73
PCT7302	TO	838	410	0	0	21	389	292	97
PCT7305	ED	1633	223	0	1	4	218	169	49
PCT7305	MV	1633	493	0	2	23	468	324	144
PCT7305	TO	1633	716	0	3	27	686	493	193
PCT7306	ED	2083	208	0	0	10	198	157	41
PCT7306	MV	2083	531	0	0	25	506	373	133
PCT7306	TO	2083	739	0	0	35	704	530	174
PCT7308	ED	614	98	0	0	5	93	72	21
PCT7308	MV	614	180	0	0	7	173	133	40
PCT7308	TO	614	278	0	0	12	266	205	61
PCT7311	ED	866	124	0	0	4	120	102	18
PCT7311	MV	866	246	0	0	7	239	185	54
PCT7311	TO	866	370	0	0	11	359	287	72
PCT7312	ED	801	91	0	0	4	87	63	24
PCT7312	MV	801	289	0	0	26	263	207	56
PCT7312	TO	801	380	0	0	30	350	270	80
PCT7314	ED	1749	142	0	0	10	132	107	25
PCT7314	MV	1749	501	0	0	47	454	362	92
PCT7314	TO	1749	643	0	0	57	586	469	117
PCT7315	ED	1584	175	0	0	5	170	140	30
PCT7315	MV	1584	360	0	0	17	343	266	77
PCT7315	TO	1584	535	0	0	22	513	406	107
PCT7317	ED	875	83	0	0	4	79	64	15
PCT7317	MV	875	300	0	1	17	282	200	82
PCT7317	TO	875	383	0	1	21	361	264	97
PCT7318	ED	1567	142	0	0	4	138	103	35
PCT7318	MV	1567	433	0	0	29	404	310	94
PCT7318	TO	1567	575	0	0	33	542	413	129
PCT7321	ED	1533	86	0	0	4	82	61	21
PCT7321	MV	1533	456	0	0	26	430	331	99
PCT7321	TO	1533	542	0	0	30	512	392	120
PCT7323	ED	1967	190	0	0	9	181	141	40
PCT7323	MV	1967	498	0	0	22	476	350	126
PCT7323	TO	1967	688	0	0	31	657	491	166
PCT7325	ED	1588	145	0	0	6	139	105	34
PCT7325	MV	1588	427	0	0	17	410	309	101
PCT7325	TO	1588	572	0	0	23	549	414	135
PCT7326	ED	1709	164	0	0	9	155	120	35
PCT7326	MV	1709	527	0	0	24	503	375	128
PCT7326	TO	1709	691	0	0	33	658	495	163
PCT7327	ED	668	40	0	0	4	36	28	8
PCT7327	MV	668	217	0	0	14	203	158	45
PCT7327	TO	668	257	0	0	18	239	186	53
PCT7328	ED	985	42	0	0	4	38	31	7
PCT7328	MV	985	328	0	0	26	302	265	37
PCT7328	TO	985	370	0	0	30	340	296	44
PCT7329	ED	638	52	0	0	3	49	40	9
PCT7329	MV	638	196	0	0	12	184	136	48
PCT7329	TO	638	248	0	0	15	233	176	57
PCT7331	ED	850	113	0	0	1	112	76	36
PCT7331	MV	850	302	0	0	12	290	216	74
PCT7331	TO	850	415	0	0	13	402	292	110
PCT7332	ED	1601	185	0	0	6	179	157	22
PCT7332	MV	1601	440	0	0	12	428	347	81
PCT7332	TO	1601	625	0	0	18	607	504	103
PCT7333	ED	1930	190	0	0	10	180	149	31
PCT7333	MV	1930	541	0	0	20	521	396	125
PCT7333	TO	1930	731	0	0	30	701	545	156
PCT7336	ED	2021	214	0	0	6	208	167	41
PCT7336	MV	2021	558	0	0	14	544	417	127
PCT7336	TO	2021	772	0	0	20	752	584	168
PCT7338	ED	1783	150	0	0	12	138	110	28
PCT7338	MV	1783	543	0	0	32	511	393	118
PCT7338	TO	1783	693	0	0	44	649	503	146
PCT7339	ED	1588	158	0	0	5	153	131	22
PCT7339	MV	1588	412	0	0	20	392	312	80
PCT7339	TO	1588	570	0	0	25	545	443	102
PCT7342	ED	909	158	0	0	4	154	125	29
PCT7342	MV	909	234	0	0	11	223	183	40
PCT7342	TO	909	392	0	0	15	377	308	69
PCT7343	ED	706	89	0	0	2	87	72	15
PCT7343	MV	706	144	0	0	4	140	119	21
PCT7343	TO	706	233	0	0	6	227	191	36
PCT7344	ED	1052	113	0	0	3	110	94	16
PCT7344	MV	1052	290	0	0	7	283	212	71
PCT7344	TO	1052	403	0	0	10	393	306	87
PCT7346	ED	879	88	0	0	1	87	76	11
PCT7346	MV	879	170	0	0	9	161	134	27
PCT7346	TO	879	258	0	0	10	248	210	38
PCT7348	ED	1826	151	0	0	7	144	122	22
PCT7348	MV	1826	433	0	0	16	417	353	64
PCT7348	TO	1826	584	0	0	23	561	475	86
PCT7502	ED	779	70	0	0	1	69	51	18
PCT7502	MV	779	247	0	0	13	234	179	55
PCT7502	TO	779	317	0	0	14	303	230	73
PCT7503	ED	725	79	0	0	2	77	63	14
PCT7503	MV	725	204	0	0	6	198	160	38
PCT7503	TO	725	283	0	0	8	275	223	52
PCT7504	ED	1019	121	0	0	7	114	97	17
PCT7504	MV	1019	308	0	0	10	298	221	77
PCT7504	TO	1019	429	0	0	17	412	318	94
PCT7505	ED	851	101	0	0	5	96	87	9
PCT7505	MV	851	363	0	0	20	343	280	63
PCT7505	TO	851	464	0	0	25	439	367	72
PCT7506	ED	1913	188	0	1	11	176	158	18
PCT7506	MV	1913	516	0	0	19	497	407	90
PCT7506	TO	1913	704	0	1	30	673	565	108
PCT7508	ED	720	96	0	0	4	92	75	17
PCT7508	MV	720	288	0	0	16	272	221	51
PCT7508	TO	720	384	0	0	20	364	296	68
PCT7509	ED	914	128	0	0	6	122	106	16
PCT7509	MV	914	287	0	0	10	277	216	61
PCT7509	TO	914	415	0	0	16	399	322	77
PCT7512	ED	588	78	0	0	4	74	57	17
PCT7512	MV	588	207	0	0	9	198	162	36
PCT7512	TO	588	285	0	0	13	272	219	53
PCT7513	ED	784	101	0	0	9	92	79	13
PCT7513	MV	784	193	0	0	10	183	162	21
PCT7513	TO	784	294	0	0	19	275	241	34
PCT7514	ED	901	87	0	0	5	82	68	14
PCT7514	MV	901	235	0	0	14	221	182	39
PCT7514	TO	901	322	0	0	19	303	250	53
PCT7515	ED	852	97	0	0	4	93	82	11
PCT7515	MV	852	242	0	0	10	232	191	41
PCT7515	TO	852	339	0	0	14	325	273	52
PCT7516	ED	906	111	0	0	2	109	88	21
PCT7516	MV	906	359	0	1	16	342	268	74
PCT7516	TO	906	470	0	1	18	451	356	95
PCT7518	ED	1754	329	0	0	6	323	273	50
PCT7518	MV	1754	563	0	0	21	542	471	71
PCT7518	TO	1754	892	0	0	27	865	744	121
PCT7519	ED	709	116	0	1	4	111	98	13
PCT7519	MV	709	204	0	0	2	202	172	30
PCT7519	TO	709	320	0	1	6	313	270	43
PCT7521	ED	761	136	0	0	8	128	106	22
PCT7521	MV	761	248	0	0	6	242	222	20
PCT7521	TO	761	384	0	0	14	370	328	42
PCT7522	ED	1464	290	0	0	8	282	256	26
PCT7522	MV	1464	424	0	0	11	413	377	36
PCT7522	TO	1464	714	0	0	19	695	633	62
PCT7524	ED	606	97	0	0	1	96	87	9
PCT7524	MV	606	165	0	0	9	156	142	14
PCT7524	TO	606	262	0	0	10	252	229	23
PCT7525	ED	762	97	0	0	1	96	86	10
PCT7525	MV	762	191	0	0	6	185	158	27
PCT7525	TO	762	288	0	0	7	281	244	37
PCT7526	ED	974	125	0	0	6	119	101	18
PCT7526	MV	974	297	0	0	15	282	259	23
PCT7526	TO	974	422	0	0	21	401	360	41
PCT7527	ED	689	123	0	0	5	118	104	14
PCT7527	MV	689	212	0	0	11	201	185	16
PCT7527	TO	689	335	0	0	16	319	289	30
PCT7529	ED	906	171	0	0	5	166	152	14
PCT7529	MV	906	294	0	0	16	278	247	31
PCT7529	TO	906	465	0	0	21	444	399	45
PCT7531	ED	839	116	0	1	1	114	102	12
PCT7531	MV	839	275	0	0	10	265	245	20
PCT7531	TO	839	391	0	1	11	379	347	32
PCT7532	ED	792	114	0	0	4	110	95	15
PCT7532	MV	792	222	0	0	5	217	185	32
PCT7532	TO	792	336	0	0	9	327	280	47
PCT7533	ED	936	202	0	1	5	196	173	23
PCT7533	MV	936	275	0	0	7	268	227	41
PCT7533	TO	936	477	0	1	12	464	400	64
PCT7534	ED	881	153	0	0	7	146	136	10
PCT7534	MV	881	237	0	0	11	226	195	31
PCT7534	TO	881	390	0	0	18	372	331	41
PCT7536	ED	1594	319	0	0	8	311	288	23
PCT7536	MV	1594	496	0	1	11	484	426	58
PCT7536	TO	1594	815	0	1	19	795	714	81
PCT7537	ED	1472	302	0	0	7	295	266	29
PCT7537	MV	1472	438	0	0	9	429	366	63
PCT7537	TO	1472	740	0	0	16	724	632	92
PCT7539	ED	906	233	0	0	8	225	213	12
PCT7539	MV	906	279	0	0	2	277	249	28
PCT7539	TO	906	512	0	0	10	502	462	40
PCT7541	ED	769	136	0	0	2	134	125	9
PCT7541	MV	769	248	0	0	8	240	206	34
PCT7541	TO	769	384	0	0	10	374	331	43
PCT7543	ED	1718	252	0	0	8	244	216	28
PCT7543	MV	1718	549	0	0	20	529	465	64
PCT7543	TO	1718	801	0	0	28	773	681	92
PCT7544	ED	892	152	0	0	3	149	134	15
PCT7544	MV	892	283	0	0	9	274	244	30
PCT7544	TO	892	435	0	0	12	423	378	45
PCT7545	ED	877	139	0	0	3	136	118	18
PCT7545	MV	877	277	0	0	3	274	231	43
PCT7545	TO	877	416	0	0	6	410	349	61
PCT7546	ED	1900	340	0	0	10	330	304	26
PCT7546	MV	1900	672	0	0	17	655	572	83
PCT7546	TO	1900	1012	0	0	27	985	876	109
PCT7548	ED	1027	197	0	0	4	193	174	19
PCT7548	MV	1027	322	0	0	9	313	273	40
PCT7548	TO	1027	519	0	0	13	506	447	59
PCT7549	ED	799	135	0	0	7	128	116	12
PCT7549	MV	799	285	0	0	7	278	238	40
PCT7549	TO	799	420	0	0	14	406	354	52
PCT7552	ED	685	136	0	0	8	128	110	18
PCT7552	MV	685	213	0	1	8	204	176	28
PCT7552	TO	685	349	0	1	16	332	286	46
PCT7553	MV	182	81	0	0	4	77	68	9
PCT7553	TO	182	82	0	0	4	78	69	9
PCT7554	ED	795	135	0	0	2	133	109	24
PCT7554	MV	795	313	0	0	10	303	254	49
PCT7554	TO	795	448	0	0	12	436	363	73
PCT7555	ED	1584	340	0	0	8	332	294	38
PCT7555	MV	1584	565	0	0	15	550	445	105
PCT7555	TO	1584	905	0	0	23	882	739	143
PCT7556	ED	958	147	0	0	8	139	108	31
PCT7556	MV	958	400	0	0	10	390	324	66
PCT7556	TO	958	547	0	0	18	529	432	97
PCT7601	ED	677	81	0	0	5	76	64	12
PCT7601	MV	677	150	0	0	5	145	123	22
PCT7601	TO	677	231	0	0	10	221	187	34
PCT7602	ED	1659	174	0	0	6	168	145	23
PCT7602	MV	1659	381	0	0	14	367	325	42
PCT7602	TO	1659	555	0	0	20	535	470	65
PCT7605	ED	1508	115	0	0	2	113	103	10
PCT7605	MV	1508	443	0	1	13	429	372	57
PCT7605	TO	1508	558	0	1	15	542	475	67
PCT7606	ED	887	75	0	0	0	75	66	9
PCT7606	MV	887	179	0	0	6	173	145	28
PCT7606	TO	887	254	0	0	6	248	211	37
PCT7607	ED	900	86	0	0	4	82	70	12
PCT7607	MV	900	236	0	0	12	224	186	38
PCT7607	TO	900	322	0	0	16	306	256	50
PCT7608	ED	1300	102	0	0	4	98	87	11
PCT7608	MV	1300	278	0	1	12	265	227	38
PCT7608	TO	1300	380	0	1	16	363	314	49
PCT7611	ED	763	65	0	0	3	62	55	7
PCT7611	MV	763	189	0	0	8	181	158	23
PCT7611	TO	763	254	0	0	11	243	213	30
PCT7613	ED	1421	139	0	0	7	132	119	13
PCT7613	MV	1421	374	0	0	19	355	296	59
PCT7613	TO	1421	513	0	0	26	487	415	72
PCT7614	ED	932	83	0	0	2	81	71	10
PCT7614	MV	932	188	0	0	6	182	161	21
PCT7614	TO	932	271	0	0	8	263	232	31
PCT7615	ED	745	61	0	0	8	53	51	2
PCT7615	MV	745	153	0	0	8	145	112	33
PCT7615	TO	745	214	0	0	16	198	163	35
PCT7616	ED	1246	90	0	0	1	89	76	13
PCT7616	MV	1246	349	0	1	8	340	287	53
PCT7616	TO	1246	439	0	1	9	429	363	66
PCT7617	ED	737	49	0	0	4	45	36	9
PCT7617	MV	737	197	0	0	10	187	156	31
PCT7617	TO	737	246	0	0	14	232	192	40
PCT7618	ED	873	82	0	0	3	79	70	9
PCT7618	MV	873	239	0	0	3	236	191	45
PCT7618	TO	873	321	0	0	6	315	261	54
PCT7619	ED	1055	89	0	0	4	85	75	10
PCT7619	MV	1055	300	0	0	10	290	239	51
PCT7619	TO	1055	389	0	0	14	375	314	61
PCT7621	ED	1064	88	0	0	2	86	76	10
PCT7621	MV	1064	290	0	0	9	281	231	50
PCT7621	TO	1064	378	0	0	11	367	307	60
PCT7622	ED	923	68	0	0	2	66	56	10
PCT7622	MV	923	157	0	0	1	156	131	25
PCT7622	TO	923	225	0	0	3	222	187	35
PCT7623	ED	965	81	0	0	2	79	73	6
PCT7623	MV	965	188	0	0	6	182	164	18
PCT7623	TO	965	269	0	0	8	261	237	24
PCT7624	ED	835	55	0	0	1	54	48	6
PCT7624	MV	835	175	0	0	8	167	154	13
PCT7624	TO	835	230	0	0	9	221	202	19
PCT7625	ED	809	40	0	0	2	38	32	6
PCT7625	MV	809	400	0	0	49	351	298	53
PCT7625	TO	809	440	0	0	51	389	330	59
PCT7626	ED	1037	61	0	0	0	61	48	13
PCT7626	MV	1037	298	0	0	6	292	225	67
PCT7626	TO	1037	359	0	0	6	353	273	80
PCT7628	ED	933	98	0	0	4	94	87	7
PCT7628	MV	933	233	0	0	6	227	193	34
PCT7628	TO	933	331	0	0	10	321	280	41
PCT7629	ED	847	73	0	0	2	71	61	10
PCT7629	MV	847	187	0	0	6	181	154	27
PCT7629	TO	847	260	0	0	8	252	215	37
PCT7632	ED	1112	94	0	0	1	93	83	10
PCT7632	MV	1112	258	0	0	7	251	195	56
PCT7632	TO	1112	352	0	0	8	344	278	66
PCT7633	ED	1902	153	0	0	5	148	126	22
PCT7633	MV	1902	516	0	1	15	500	401	99
PCT7633	TO	1902	669	0	1	20	648	527	121
PCT7634	ED	864	86	0	0	12	74	60	14
PCT7634	MV	864	254	0	0	11	243	205	38
PCT7634	TO	864	340	0	0	23	317	265	52
PCT7635	ED	821	60	0	0	2	58	45	13
PCT7635	MV	821	218	0	0	4	214	174	40
PCT7635	TO	821	278	0	0	6	272	219	53
PCT7636	ED	945	79	0	0	2	77	58	19
PCT7636	MV	945	233	0	0	8	225	167	58
PCT7636	TO	945	312	0	0	10	302	225	77
PCT7637	ED	841	56	0	0	0	56	41	15
PCT7637	MV	841	235	0	0	5	230	163	67
PCT7637	TO	841	291	0	0	5	286	204	82
PCT7638	ED	1467	89	0	0	8	81	34	47
PCT7638	MV	1467	460	0	0	18	442	287	155
PCT7638	TO	1467	549	0	0	26	523	321	202
PCT7639	ED	1935	136	0	0	6	130	92	38
PCT7639	MV	1935	595	0	0	24	571	427	144
PCT7639	TO	1935	731	0	0	30	701	519	182
PCT7642	ED	946	68	0	0	5	63	48	15
PCT7642	MV	946	207	0	0	12	195	147	48
PCT7642	TO	946	275	0	0	17	258	195	63
PCT7643	ED	927	86	0	0	3	83	71	12
PCT7643	MV	927	308	0	0	9	299	239	60
PCT7643	TO	927	394	0	0	12	382	310	72
PCT7644	ED	1111	87	0	0	3	84	73	11
PCT7644	MV	1111	249	0	0	8	241	189	52
PCT7644	TO	1111	336	0	0	11	325	262	63
PCT7645	ED	626	42	0	1	3	38	26	12
PCT7645	MV	626	218	0	0	12	206	141	65
PCT7645	TO	626	260	0	1	15	244	167	77
PCT7646	ED	1090	60	0	0	4	56	47	9
PCT7646	MV	1090	347	0	0	4	343	268	75
PCT7646	TO	1090	407	0	0	8	399	315	84
PCT7647	ED	968	55	0	0	0	55	46	9
PCT7647	MV	968	136	0	0	3	133	114	19
PCT7647	TO	968	191	0	0	3	188	160	28
PCT7648	MV	2	0	0	0	0	0	0	0
PCT7648	TO	2	0	0	0	0	0	0	0
PCT7649	ED	888	58	0	0	1	57	48	9
PCT7649	MV	888	213	0	0	9	204	177	27
PCT7649	TO	888	271	0	0	10	261	225	36
PCT7651	ED	830	50	0	0	1	49	38	11
PCT7651	MV	830	207	0	0	6	201	153	48
PCT7651	TO	830	257	0	0	7	250	191	59
PCT7652	ED	596	48	0	0	3	45	32	13
PCT7652	MV	596	152	0	0	3	149	117	32
PCT7652	TO	596	200	0	0	6	194	149	45
PCT7653	ED	1373	79	0	0	2	77	67	10
PCT7653	MV	1373	366	0	0	11	355	260	95
PCT7653	TO	1373	445	0	0	13	432	327	105
PCT7655	ED	1150	62	0	0	2	60	46	14
PCT7655	MV	1150	270	0	0	8	262	194	68
PCT7655	TO	1150	332	0	0	10	322	240	82
PCT7701	ED	1035	139	0	0	0	139	110	29
PCT7701	MV	1035	372	0	0	12	360	268	92
PCT7701	TO	1035	511	0	0	12	499	378	121
PCT7703	MV	178	55	0	0	3	52	47	5
PCT7703	TO	178	56	0	0	3	53	48	5
PCT7704	ED	1723	249	0	0	11	238	155	83
PCT7704	MV	1723	632	0	0	17	615	372	243
PCT7704	TO	1723	881	0	0	28	853	527	326
PCT7705	ED	570	91	0	0	2	89	56	33
PCT7705	MV	570	219	0	0	8	211	124	87
PCT7705	TO	570	310	0	0	10	300	180	120
PCT7706	ED	839	151	0	0	5	146	93	53
PCT7706	MV	839	336	0	0	10	326	211	115
PCT7706	TO	839	487	0	0	15	472	304	168
PCT7707	ED	861	139	0	0	5	134	96	38
PCT7707	MV	861	345	0	0	13	332	237	95
PCT7707	TO	861	484	0	0	18	466	333	133
PCT7708	ED	881	116	0	0	1	115	86	29
PCT7708	MV	881	359	0	0	13	346	234	112
PCT7708	TO	881	475	0	0	14	461	320	141
PCT7709	ED	395	75	0	0	1	74	59	15
PCT7709	MV	395	150	0	0	5	145	100	45
PCT7709	TO	395	225	0	0	6	219	159	60
PCT7712	ED	1308	198	0	0	5	193	159	34
PCT7712	MV	1308	454	0	0	19	435	332	103
PCT7712	TO	1308	652	0	0	24	628	491	137
PCT7801	ED	968	138	0	0	4	134	114	20
PCT7801	MV	968	367	0	0	4	363	282	81
PCT7801	TO	968	505	0	0	8	497	396	101
PCT7802	ED	788	131	0	2	4	125	110	15
PCT7802	MV	788	275	0	1	15	259	205	54
PCT7802	TO	788	406	0	3	19	384	315	69
PCT7803	ED	822	85	0	0	4	81	71	10
PCT7803	MV	822	373	0	0	11	362	267	95
PCT7803	TO	822	458	0	0	15	443	338	105
PCT7805	ED	1683	283	0	0	5	278	248	30
PCT7805	MV	1683	630	0	0	21	609	498	111
PCT7805	TO	1683	913	0	0	26	887	746	141
PCT7807	ED	796	155	0	0	1	154	137	17
PCT7807	MV	796	243	0	0	6	237	209	28
PCT7807	TO	796	398	0	0	7	391	346	45
PCT7808	ED	1377	243	0	0	6	237	205	32
PCT7808	MV	1377	461	0	0	13	448	392	56
PCT7808	TO	1377	704	0	0	19	685	597	88
PCT7809	ED	770	112	0	0	6	106	95	11
PCT7809	MV	770	249	0	0	7	242	212	30
PCT7809	TO	770	361	0	0	13	348	307	41
PCT7811	ED	726	126	0	0	2	124	114	10
PCT7811	MV	726	199	0	0	6	193	178	15
PCT7811	TO	726	325	0	0	8	317	292	25
PCT7812	ED	871	132	0	0	10	122	104	18
PCT7812	MV	871	286	0	0	9	277	241	36
PCT7812	TO	871	418	0	0	19	399	345	54
PCT7813	ED	1037	179	0	0	1	178	154	24
PCT7813	MV	1037	348	0	0	6	342	298	44
PCT7813	TO	1037	527	0	0	7	520	452	68
PCT7814	ED	887	122	0	0	1	121	111	10
PCT7814	MV	887	215	0	1	5	209	187	22
PCT7814	TO	887	337	0	1	6	330	298	32
PCT7815	ED	1779	231	0	0	3	228	188	40
PCT7815	MV	1779	660	0	0	20	640	523	117
PCT7815	TO	1779	891	0	0	23	868	711	157
PCT7817	ED	1641	291	0	0	3	288	256	32
PCT7817	MV	1641	588	0	0	13	575	505	70
PCT7817	TO	1641	879	0	0	16	863	761	102
PCT7819	ED	1585	230	0	0	4	226	199	27
PCT7819	MV	1585	499	0	1	19	479	411	68
PCT7819	TO	1585	729	0	1	23	705	610	95
PCT7821	ED	965	168	0	0	3	165	136	29
PCT7821	MV	965	371	0	0	8	363	299	64
PCT7821	TO	965	539	0	0	11	528	435	93
PCT7822	ED	1748	322	0	0	3	319	283	36
PCT7822	MV	1748	628	0	0	16	612	523	89
PCT7822	TO	1748	950	0	0	19	931	806	125
PCT7824	ED	1353	243	0	0	8	235	207	28
PCT7824	MV	1353	417	0	0	10	407	361	46
PCT7824	TO	1353	660	0	0	18	642	568	74
PCT7826	ED	661	139	0	0	6	133	121	12
PCT7826	MV	661	175	0	0	7	168	146	22
PCT7826	TO	661	314	0	0	13	301	267	34
PCT7828	ED	997	132	0	0	2	130	103	27
PCT7828	MV	997	327	0	0	16	311	232	79
PCT7828	TO	997	459	0	0	18	441	335	106
PCT7829	ED	884	134	0	0	3	131	107	24
PCT7829	MV	884	345	0	0	11	334	252	82
PCT7829	TO	884	479	0	0	14	465	359	106
PCT7832	ED	773	103	0	0	5	98	85	13
PCT7832	MV	773	290	0	0	8	282	237	45
PCT7832	TO	773	393	0	0	13	380	322	58
PCT7834	ED	1593	279	0	0	9	270	239	31
PCT7834	MV	1593	473	0	0	11	462	404	58
PCT7834	TO	1593	752	0	0	20	732	643	89
PCT7835	ED	847	97	0	0	1	96	79	17
PCT7835	MV	847	289	0	0	6	283	216	67
PCT7835	TO	847	386	0	0	7	379	295	84
PCT7836	ED	1011	131	0	0	2	129	106	23
PCT7836	MV	1011	377	0	0	13	364	273	91
PCT7836	TO	1011	508	0	0	15	493	379	114
PCT7837	ED	1784	281	0	0	5	276	224	52
PCT7837	MV	1784	673	0	1	25	647	499	148
PCT7837	TO	1784	954	0	1	30	923	723	200
PCT7839	ED	1718	238	0	0	5	233	193	40
PCT7839	MV	1718	681	0	0	13	668	555	113
PCT7839	TO	1718	919	0	0	18	901	748	153
PCT7841	ED	1778	331	0	0	3	328	286	42
PCT7841	MV	1778	565	0	1	17	547	474	73
PCT7841	TO	1778	896	0	1	20	875	760	115
PCT7843	ED	719	148	0	0	7	141	127	14
PCT7843	MV	719	226	0	0	11	215	195	20
PCT7843	TO	719	374	0	0	18	356	322	34
PCT7844	ED	630	105	0	0	2	103	96	7
PCT7844	MV	630	199	0	0	7	192	175	17
PCT7844	TO	630	304	0	0	9	295	271	24
PCT7845	ED	870	137	0	0	3	134	99	35
PCT7845	MV	870	298	0	0	6	292	245	47
PCT7845	TO	870	435	0	0	9	426	344	82
PCT7846	ED	888	122	0	0	3	119	92	27
PCT7846	MV	888	307	0	0	9	298	245	53
PCT7846	TO	888	429	0	0	12	417	337	80
PCT7847	ED	1718	274	0	0	7	267	219	48
PCT7847	MV	1718	593	0	0	20	573	486	87
PCT7847	TO	1718	867	0	0	27	840	705	135
PCT7849	ED	887	165	0	0	6	159	134	25
PCT7849	MV	887	314	0	0	5	309	260	49
PCT7849	TO	887	479	0	0	11	468	394	74
PCT7852	ED	1153	158	0	0	6	152	106	46
PCT7852	MV	1153	479	0	0	10	469	344	125
PCT7852	TO	1153	637	0	0	16	621	450	171
PCT7853	ED	1736	229	0	0	4	225	176	49
PCT7853	MV	1736	605	0	0	16	589	466	123
PCT7853	TO	1736	834	0	0	20	814	642	172
PCT7854	ED	866	127	0	0	4	123	107	16
PCT7854	MV	866	314	0	0	6	308	253	55
PCT7854	TO	866	441	0	0	10	431	360	71
PCT7855	ED	1775	306	0	0	4	302	275	27
PCT7855	MV	1775	600	0	0	18	582	489	93
PCT7855	TO	1775	906	0	0	22	884	764	120
PCT7858	ED	1646	251	0	0	8	243	209	34
PCT7858	MV	1646	530	0	0	18	512	429	83
PCT7858	TO	1646	781	0	0	26	755	638	117
PCT7861	ED	854	131	0	0	5	126	104	22
PCT7861	MV	854	309	0	0	9	300	234	66
PCT7861	TO	854	440	0	0	14	426	338	88
PCT7862	ED	857	155	0	0	2	153	127	26
PCT7862	MV	857	275	0	0	9	266	219	47
PCT7862	TO	857	430	0	0	11	419	346	73
PCT7863	ED	881	155	0	0	3	152	123	29
PCT7863	MV	881	264	0	0	7	257	219	38
PCT7863	TO	881	419	0	0	10	409	342	67
PCT7864	ED	804	127	0	0	2	125	109	16
PCT7864	MV	804	267	0	0	10	257	203	54
PCT7864	TO	804	394	0	0	12	382	312	70
PCT7866	ED	822	129	0	0	6	123	93	30
PCT7866	MV	822	357	0	0	12	345	219	126
PCT7866	TO	822	486	0	0	18	468	312	156
PCT7867	ED	969	149	0	0	4	145	116	29
PCT7867	MV	969	365	0	0	11	354	296	58
PCT7867	TO	969	514	0	0	15	499	412	87
PCT7868	ED	870	151	0	0	2	149	118	31
PCT7868	MV	870	268	0	0	4	264	193	71
PCT7868	TO	870	419	0	0	6	413	311	102
PCT7869	ED	863	146	0	0	6	140	116	24
PCT7869	MV	863	355	0	0	12	343	277	66
PCT7869	TO	863	501	0	0	18	483	393	90
PCT7871	ED	877	151	0	0	3	148	114	34
PCT7871	MV	877	303	0	0	9	294	245	49
PCT7871	TO	877	454	0	0	12	442	359	83
PCT7872	ED	863	157	0	0	5	152	114	38
PCT7872	MV	863	333	0	0	9	324	256	68
PCT7872	TO	863	490	0	0	14	476	370	106
PCT7873	ED	1688	279	0	0	9	270	230	40
PCT7873	MV	1688	618	0	0	16	602	474	128
PCT7873	TO	1688	897	0	0	25	872	704	168
PCT7874	ED	474	68	0	0	2	66	57	9
PCT7874	MV	474	143	0	0	5	138	106	32
PCT7874	TO	474	211	0	0	7	204	163	41
PCT7875	ED	624	82	0	0	0	82	71	11
PCT7875	MV	624	182	0	0	6	176	139	37
PCT7875	TO	624	264	0	0	6	258	210	48
PCT7876	ED	523	68	0	0	3	65	59	6
PCT7876	MV	523	181	0	0	3	178	156	22
PCT7876	TO	523	249	0	0	6	243	215	28
PCT7902	ED	1729	212	0	0	2	210	188	22
PCT7902	MV	1729	392	0	0	6	386	337	49
PCT7902	TO	1729	604	0	0	8	596	525	71
PCT7903	ED	826	112	0	1	2	109	101	8
PCT7903	MV	826	219	0	0	10	209	185	24
PCT7903	TO	826	331	0	1	12	318	286	32
PCT7905	ED	880	135	0	0	4	131	107	24
PCT7905	MV	880	262	0	0	8	254	200	54
PCT7905	TO	880	397	0	0	12	385	307	78
PCT7906	ED	757	104	0	0	3	101	93	8
PCT7906	MV	757	175	0	0	4	171	148	23
PCT7906	TO	757	279	0	0	7	272	241	31
PCT7908	ED	1907	266	0	0	4	262	234	28
PCT7908	MV	1907	514	0	0	19	495	438	57
PCT7908	TO	1907	780	0	0	23	757	672	85
PCT7909	ED	718	120	0	0	2	118	106	12
PCT7909	MV	718	199	0	0	4	195	177	18
PCT7909	TO	718	319	0	0	6	313	283	30
PCT7911	ED	845	122	0	0	3	119	112	7
PCT7911	MV	845	197	0	0	4	193	162	31
PCT7911	TO	845	319	0	0	7	312	274	38
PCT7912	ED	1940	320	0	0	9	311	292	19
PCT7912	MV	1940	489	0	0	12	477	419	58
PCT7912	TO	1940	809	0	0	21	788	711	77
PCT7915	ED	1692	283	0	0	4	279	265	14
PCT7915	MV	1692	427	0	1	9	417	364	53
PCT7915	TO	1692	710	0	1	13	696	629	67
PCT7916	ED	842	145	0	0	1	144	125	19
PCT7916	MV	842	237	0	0	3	234	198	36
PCT7916	TO	842	382	0	0	4	378	323	55
PCT7917	ED	1823	298	0	1	4	293	272	21
PCT7917	MV	1823	460	0	0	11	449	404	45
PCT7917	TO	1823	758	0	1	15	742	676	66
PCT7918	ED	798	129	0	0	6	123	113	10
PCT7918	MV	798	193	0	0	5	188	171	17
PCT7918	TO	798	322	0	0	11	311	284	27
PCT7921	ED	1729	220	0	0	5	215	190	25
PCT7921	MV	1729	437	0	0	11	426	361	65
PCT7921	TO	1729	657	0	0	16	641	551	90
PCT7923	ED	1708	233	0	0	2	231	207	24
PCT7923	MV	1708	433	0	0	12	421	349	72
PCT7923	TO	1708	666	0	0	14	652	556	96
PCT7925	ED	530	74	0	0	2	72	66	6
PCT7925	MV	530	164	0	0	4	160	135	25
PCT7925	TO	530	238	0	0	6	232	201	31
PCT7926	ED	783	143	0	0	3	140	116	24
PCT7926	MV	783	233	0	0	4	229	192	37
PCT7926	TO	783	376	0	0	7	369	308	61
PCT7928	ED	1661	310	0	0	8	302	261	41
PCT7928	MV	1661	533	0	0	5	528	442	86
PCT7928	TO	1661	843	0	0	13	830	703	127
PCT7929	ED	830	151	0	0	1	150	128	22
PCT7929	MV	830	310	0	0	7	303	256	47
PCT7929	TO	830	461	0	0	8	453	384	69
PCT7931	ED	742	116	0	0	3	113	101	12
PCT7931	MV	742	284	0	1	4	279	240	39
PCT7931	TO	742	400	0	1	7	392	341	51
PCT7932	ED	547	84	0	0	1	83	68	15
PCT7932	MV	547	177	0	0	3	174	139	35
PCT7932	TO	547	261	0	0	4	257	207	50
PCT7933	MV	7	4	0	0	0	4	2	2
PCT7933	TO	7	4	0	0	0	4	2	2
PCT7934	ED	866	125	0	0	3	122	108	14
PCT7934	MV	866	304	0	0	7	297	270	27
PCT7934	TO	866	429	0	0	10	419	378	41
PCT7935	ED	927	173	0	0	3	170	149	21
PCT7935	MV	927	311	0	1	11	299	251	48
PCT7935	TO	927	484	0	1	14	469	400	69
PCT7936	ED	1508	340	0	1	6	333	309	24
PCT7936	MV	1508	452	0	0	12	440	391	49
PCT7936	TO	1508	792	0	1	18	773	700	73
PCT7937	ED	899	155	0	1	5	149	135	14
PCT7937	MV	899	300	0	1	8	291	252	39
PCT7937	TO	899	455	0	2	13	440	387	53
PCT7938	ED	758	114	0	0	5	109	103	6
PCT7938	MV	758	203	0	0	7	196	168	28
PCT7938	TO	758	317	0	0	12	305	271	34
PCT7941	ED	752	117	0	0	3	114	105	9
PCT7941	MV	752	224	0	0	5	219	184	35
PCT7941	TO	752	341	0	0	8	333	289	44
PCT7942	ED	923	93	0	0	3	90	76	14
PCT7942	MV	923	270	0	0	9	261	215	46
PCT7942	TO	923	363	0	0	12	351	291	60
PCT7943	ED	1675	262	0	0	10	252	207	45
PCT7943	MV	1675	514	0	0	21	493	402	91
PCT7943	TO	1675	776	0	0	31	745	609	136
PCT7945	ED	940	66	0	0	0	66	64	2
PCT7945	MV	940	264	0	0	10	254	206	48
PCT7945	TO	940	330	0	0	10	320	270	50
PCT7946	ED	1553	132	0	1	3	128	96	32
PCT7946	MV	1553	468	0	0	20	448	270	178
PCT7946	TO	1553	600	0	1	23	576	366	210
PCT7947	ED	960	71	0	0	5	66	49	17
PCT7947	MV	960	289	0	0	13	276	188	88
PCT7947	TO	960	360	0	0	18	342	237	105
PCT7948	ED	918	94	0	0	2	92	71	21
PCT7948	MV	918	291	0	1	11	279	177	102
PCT7948	TO	918	385	0	1	13	371	248	123
PCT7951	ED	1818	137	0	0	6	131	95	36
PCT7951	MV	1818	588	0	0	40	548	337	211
PCT7951	TO	1818	725	0	0	46	679	432	247
PCT7953	ED	824	83	0	0	0	83	57	26
PCT7953	MV	824	246	0	0	13	233	130	103
PCT7953	TO	824	329	0	0	13	316	187	129
PCT7954	MV	1	1	0	0	0	1	1	0
PCT7954	TO	1	1	0	0	0	1	1	0
PCT7956	ED	1759	120	0	0	8	112	71	41
PCT7956	MV	1759	463	0	0	25	438	296	142
PCT7956	TO	1759	583	0	0	33	550	367	183
PCT7957	ED	665	74	0	0	1	73	59	14
PCT7957	MV	665	209	0	0	8	201	147	54
PCT7957	TO	665	283	0	0	9	274	206	68
PCT7958	MV	301	91	0	0	1	90	60	30
PCT7958	TO	301	97	0	0	2	95	65	30
PCT7959	ED	1198	127	0	0	5	122	111	11
PCT7959	MV	1198	279	0	0	3	276	242	34
PCT7959	TO	1198	406	0	0	8	398	353	45
PCT9001	MV	286	90	0	0	0	90	75	15
PCT9001	TO	286	93	0	0	0	93	78	15
PCT9103	ED	946	125	0	0	7	118	79	39
PCT9103	MV	946	255	0	0	13	242	180	62
PCT9103	TO	946	380	0	0	20	360	259	101
PCT9104	ED	993	100	0	0	3	97	78	19
PCT9104	MV	993	293	0	0	14	279	210	69
PCT9104	TO	993	393	0	0	17	376	288	88
PCT9105	ED	1747	223	0	0	7	216	168	48
PCT9105	MV	1747	514	0	0	13	501	367	134
PCT9105	TO	1747	737	0	0	20	717	535	182
PCT9106	ED	935	135	0	0	7	128	104	24
PCT9106	MV	935	296	0	0	10	286	209	77
PCT9106	TO	935	431	0	0	17	414	313	101
PCT9109	ED	1651	244	0	0	10	234	170	64
PCT9109	MV	1651	438	0	0	23	415	333	82
PCT9109	TO	1651	682	0	0	33	649	503	146
PCT9111	ED	809	105	0	0	6	99	74	25
PCT9111	MV	809	209	0	0	10	199	153	46
PCT9111	TO	809	314	0	0	16	298	227	71
PCT9113	ED	997	164	0	0	7	157	119	38
PCT9113	MV	997	317	0	0	18	299	228	71
PCT9113	TO	997	481	0	0	25	456	347	109
PCT9114	ED	1806	237	0	0	11	226	188	38
PCT9114	MV	1806	521	0	0	21	500	385	115
PCT9114	TO	1806	758	0	0	32	726	573	153
PCT9116	ED	1822	251	0	0	9	242	209	33
PCT9116	MV	1822	509	0	1	11	497	365	132
PCT9116	TO	1822	760	0	1	20	739	574	165
PCT9117	ED	1691	254	0	0	10	244	184	60
PCT9117	MV	1691	533	0	0	21	512	355	157
PCT9117	TO	1691	787	0	0	31	756	539	217
PCT9118	ED	1938	229	0	0	9	220	168	52
PCT9118	MV	1938	535	0	0	19	516	369	147
PCT9118	TO	1938	764	0	0	28	736	537	199
PCT9119	ED	899	91	0	0	6	85	65	20
PCT9119	MV	899	302	0	0	13	289	193	96
PCT9119	TO	899	393	0	0	19	374	258	116
PCT9122	ED	1865	190	0	0	9	181	133	48
PCT9122	MV	1865	537	0	0	24	513	361	152
PCT9122	TO	1865	727	0	0	33	694	494	200
PCT9124	ED	1843	218	0	0	5	213	155	58
PCT9124	MV	1843	542	0	0	26	516	359	157
PCT9124	TO	1843	760	0	0	31	729	514	215
PCT9125	ED	879	97	0	0	3	94	76	18
PCT9125	MV	879	267	0	0	7	260	190	70
PCT9125	TO	879	364	0	0	10	354	266	88
PCT9127	ED	1974	273	0	0	7	266	194	72
PCT9127	MV	1974	633	0	0	31	602	434	168
PCT9127	TO	1974	906	0	0	38	868	628	240
PCT9128	ED	814	125	0	1	7	117	88	29
PCT9128	MV	814	267	0	0	14	253	177	76
PCT9128	TO	814	392	0	1	21	370	265	105
PCT9129	ED	1459	176	0	0	2	174	134	40
PCT9129	MV	1459	461	0	0	12	449	325	124
PCT9129	TO	1459	637	0	0	14	623	459	164
PCT9132	ED	805	105	0	0	3	102	85	17
PCT9132	MV	805	221	0	0	8	213	172	41
PCT9132	TO	805	326	0	0	11	315	257	58
PCT9133	ED	1984	271	0	0	11	260	222	38
PCT9133	MV	1984	595	0	0	29	566	428	138
PCT9133	TO	1984	866	0	0	40	826	650	176
PCT9134	ED	891	87	0	0	0	87	65	22
PCT9134	MV	891	246	0	0	14	232	174	58
PCT9134	TO	891	333	0	0	14	319	239	80
PCT9135	ED	802	114	0	0	4	110	73	37
PCT9135	MV	802	230	0	0	8	222	153	69
PCT9135	TO	802	344	0	0	12	332	226	106
PCT9136	ED	900	119	0	0	2	117	94	23
PCT9136	MV	900	251	0	0	13	238	168	70
PCT9136	TO	900	370	0	0	15	355	262	93
PCT9137	ED	999	115	0	0	7	108	76	32
PCT9137	MV	999	279	0	0	15	264	191	73
PCT9137	TO	999	394	0	0	22	372	267	105
PCT9138	ED	929	101	0	0	3	98	69	29
PCT9138	MV	929	283	0	0	11	272	186	86
PCT9138	TO	929	384	0	0	14	370	255	115
PCT9139	ED	986	105	0	0	1	104	72	32
PCT9139	MV	986	341	0	0	12	329	222	107
PCT9139	TO	986	446	0	0	13	433	294	139
PCT9141	ED	1803	231	0	0	6	225	168	57
PCT9141	MV	1803	547	0	0	11	536	373	163
PCT9141	TO	1803	778	0	0	17	761	541	220
PCT9143	ED	895	120	0	1	3	116	88	28
PCT9143	MV	895	281	0	0	7	274	176	98
PCT9143	TO	895	401	0	1	10	390	264	126
PCT9144	ED	958	141	0	0	1	140	111	29
PCT9144	MV	958	289	0	0	12	277	197	80
PCT9144	TO	958	430	0	0	13	417	308	109
PCT9145	ED	851	124	0	0	4	120	98	22
PCT9145	MV	851	275	0	0	7	268	201	67
PCT9145	TO	851	399	0	0	11	388	299	89
PCT9146	ED	1837	275	0	0	11	264	203	61
PCT9146	MV	1837	558	0	0	15	543	413	130
PCT9146	TO	1837	833	0	0	26	807	616	191
PCT9149	ED	957	150	0	0	3	147	124	23
PCT9149	MV	957	277	0	0	10	267	207	60
PCT9149	TO	957	427	0	0	13	414	331	83
PCT9152	ED	1630	167	0	0	4	163	138	25
PCT9152	MV	1630	400	0	0	10	390	295	95
PCT9152	TO	1630	567	0	0	14	553	433	120
PCT9201	ED	950	111	0	0	1	110	98	12
PCT9201	MV	950	209	0	0	7	202	166	36
PCT9201	TO	950	320	0	0	8	312	264	48
PCT9202	ED	977	116	0	0	6	110	95	15
PCT9202	MV	977	205	0	0	6	199	147	52
PCT9202	TO	977	321	0	0	12	309	242	67
PCT9203	ED	984	78	0	0	4	74	46	28
PCT9203	MV	984	250	0	0	17	233	149	84
PCT9203	TO	984	328	0	0	21	307	195	112
PCT9204	ED	855	109	0	0	8	101	62	39
PCT9204	MV	855	208	0	2	14	192	125	67
PCT9204	TO	855	317	0	2	22	293	187	106
PCT9205	ED	1484	141	0	0	7	134	98	36
PCT9205	MV	1484	355	0	1	18	336	231	105
PCT9205	TO	1484	496	0	1	25	470	329	141
PCT9208	ED	1935	178	0	0	5	173	128	45
PCT9208	MV	1935	484	0	0	31	453	296	157
PCT9208	TO	1935	662	0	0	36	626	424	202
PCT9209	ED	742	84	0	0	5	79	55	24
PCT9209	MV	742	178	0	0	9	169	116	53
PCT9209	TO	742	262	0	0	14	248	171	77
PCT9211	ED	1788	166	0	0	14	152	99	53
PCT9211	MV	1788	468	0	0	16	452	293	159
PCT9211	TO	1788	634	0	0	30	604	392	212
PCT9213	ED	927	85	0	0	0	85	60	25
PCT9213	MV	927	243	0	0	12	231	155	76
PCT9213	TO	927	328	0	0	12	316	215	101
PCT9214	ED	633	66	0	0	0	66	36	30
PCT9214	MV	633	178	0	0	9	169	107	62
PCT9214	TO	633	244	0	0	9	235	143	92
PCT9215	ED	641	79	0	0	2	77	49	28
PCT9215	MV	641	171	0	0	13	158	102	56
PCT9215	TO	641	250	0	0	15	235	151	84
PCT9216	ED	818	82	0	0	3	79	54	25
PCT9216	MV	818	171	0	0	8	163	112	51
PCT9216	TO	818	253	0	0	11	242	166	76
PCT9217	ED	704	65	0	0	1	64	48	16
PCT9217	MV	704	163	0	0	7	156	115	41
PCT9217	TO	704	228	0	0	8	220	163	57
PCT9218	ED	805	87	0	0	5	82	66	16
PCT9218	MV	805	200	0	0	10	190	120	70
PCT9218	TO	805	287	0	0	15	272	186	86
PCT9219	ED	1727	186	0	0	7	179	132	47
PCT9219	MV	1727	383	0	0	15	368	273	95
PCT9219	TO	1727	569	0	0	22	547	405	142
PCT9221	ED	638	73	0	0	1	72	51	21
PCT9221	MV	638	244	0	0	7	237	139	98
PCT9221	TO	638	317	0	0	8	309	190	119
PCT9222	ED	886	91	0	1	7	83	61	22
PCT9222	MV	886	262	0	0	15	247	159	88
PCT9222	TO	886	353	0	1	22	330	220	110
PCT9223	ED	651	53	0	0	3	50	36	14
PCT9223	MV	651	188	0	0	12	176	113	63
PCT9223	TO	651	241	0	0	15	226	149	77
PCT9224	ED	928	107	0	0	4	103	69	34
PCT9224	MV	928	270	0	0	5	265	188	77
PCT9224	TO	928	377	0	0	9	368	257	111
PCT9226	ED	892	85	0	0	3	82	50	32
PCT9226	MV	892	233	0	0	13	220	154	66
PCT9226	TO	892	318	0	0	16	302	204	98
PCT9227	ED	713	83	0	0	1	82	57	25
PCT9227	MV	713	292	0	0	10	282	184	98
PCT9227	TO	713	375	0	0	11	364	241	123
PCT9228	ED	740	89	0	0	5	84	59	25
PCT9228	MV	740	240	0	0	6	234	157	77
PCT9228	TO	740	329	0	0	11	318	216	102
PCT9229	ED	574	93	0	0	3	90	61	29
PCT9229	MV	574	190	0	0	10	180	134	46
PCT9229	TO	574	283	0	0	13	270	195	75
PCT9231	ED	954	157	0	0	7	150	127	23
PCT9231	MV	954	272	0	1	3	268	214	54
PCT9231	TO	954	429	0	1	10	418	341	77
PCT9232	ED	716	92	0	0	3	89	66	23
PCT9232	MV	716	238	0	0	5	233	165	68
PCT9232	TO	716	330	0	0	8	322	231	91
PCT9233	ED	814	77	0	0	5	72	53	19
PCT9233	MV	814	260	0	0	7	253	166	87
PCT9233	TO	814	337	0	0	12	325	219	106
PCT9234	ED	747	84	0	0	5	79	54	25
PCT9234	MV	747	216	0	0	11	205	131	74
PCT9234	TO	747	300	0	0	16	284	185	99
PCT9235	ED	1439	164	0	0	7	157	109	48
PCT9235	MV	1439	443	0	0	18	425	286	139
PCT9235	TO	1439	607	0	0	25	582	395	187
PCT9236	ED	659	65	0	0	1	64	45	19
PCT9236	MV	659	204	0	1	9	194	140	54
PCT9236	TO	659	269	0	1	10	258	185	73
PCT9237	ED	874	86	0	0	3	83	63	20
PCT9237	MV	874	266	0	0	15	251	181	70
PCT9237	TO	874	352	0	0	18	334	244	90
PCT9238	ED	1769	161	0	1	6	154	117	37
PCT9238	MV	1769	526	0	0	19	507	349	158
PCT9238	TO	1769	687	0	1	25	661	466	195
PCT9239	ED	866	78	0	0	4	74	55	19
PCT9239	MV	866	288	0	0	16	272	187	85
PCT9239	TO	866	366	0	0	20	346	242	104
PCT9241	ED	968	95	0	0	5	90	69	21
PCT9241	MV	968	282	0	0	5	277	189	88
PCT9241	TO	968	377	0	0	10	367	258	109
PCT9242	ED	1845	158	0	0	2	156	120	36
PCT9242	MV	1845	509	0	0	16	493	369	124
PCT9242	TO	1845	667	0	0	18	649	489	160
PCT9244	ED	881	99	0	0	4	95	77	18
PCT9244	MV	881	226	0	0	15	211	166	45
PCT9244	TO	881	325	0	0	19	306	243	63
PCT9245	ED	1081	131	0	0	6	125	102	23
PCT9245	MV	1081	278	0	0	7	271	183	88
PCT9245	TO	1081	409	0	0	13	396	285	111
PCT9248	ED	870	88	0	0	4	84	62	22
PCT9248	MV	870	242	0	0	9	233	173	60
PCT9248	TO	870	330	0	0	13	317	235	82
PCT9251	ED	1887	283	0	0	8	275	203	72
PCT9251	MV	1887	559	0	1	22	536	399	137
PCT9251	TO	1887	842	0	1	30	811	602	209
PCT9252	ED	918	83	0	0	1	82	59	23
PCT9252	MV	918	286	0	0	10	276	181	95
PCT9252	TO	918	369	0	0	11	358	240	118
PCT9253	ED	752	103	0	0	7	96	73	23
PCT9253	MV	752	238	0	0	11	227	173	54
PCT9253	TO	752	341	0	0	18	323	246	77
PCT9255	ED	1236	168	0	0	2	166	132	34
PCT9255	MV	1236	351	0	0	7	344	265	79
PCT9255	TO	1236	519	0	0	9	510	397	113
PCT9256	ED	1373	150	0	0	3	147	121	26
PCT9256	MV	1373	407	0	0	16	391	304	87
PCT9256	TO	1373	557	0	0	19	538	425	113
PCT9257	MV	311	124	0	0	5	119	98	21
PCT9257	TO	311	127	0	0	5	122	101	21
PCT9401	ED	1015	159	0	0	6	153	130	23
PCT9401	MV	1015	259	0	0	6	253	187	66
PCT9401	TO	1015	418	0	0	12	406	317	89
PCT9402	ED	988	148	0	0	6	142	100	42
PCT9402	MV	988	286	0	0	11	275	185	90
PCT9402	TO	988	434	0	0	17	417	285	132
PCT9404	ED	1814	207	0	0	8	199	150	49
PCT9404	MV	1814	502	0	0	29	473	305	168
PCT9404	TO	1814	709	0	0	37	672	455	217
PCT9405	ED	770	113	0	0	1	112	80	32
PCT9405	MV	770	224	0	0	11	213	140	73
PCT9405	TO	770	337	0	0	12	325	220	105
PCT9406	ED	873	133	0	0	5	128	80	48
PCT9406	MV	873	225	0	0	9	216	153	63
PCT9406	TO	873	358	0	0	14	344	233	111
PCT9407	ED	887	126	0	0	11	115	94	21
PCT9407	MV	887	242	0	0	10	232	162	70
PCT9407	TO	887	368	0	0	21	347	256	91
PCT9408	ED	834	129	0	0	6	123	96	27
PCT9408	MV	834	204	0	0	3	201	159	42
PCT9408	TO	834	333	0	0	9	324	255	69
PCT9409	ED	591	105	0	0	4	101	88	13
PCT9409	MV	591	133	0	0	5	128	94	34
PCT9409	TO	591	238	0	0	9	229	182	47
PCT9411	ED	1842	255	0	0	4	251	188	63
PCT9411	MV	1842	523	0	0	19	504	351	153
PCT9411	TO	1842	778	0	0	23	755	539	216
PCT9413	ED	920	102	0	1	1	100	66	34
PCT9413	MV	920	281	0	0	19	262	166	96
PCT9413	TO	920	383	0	1	20	362	232	130
PCT9415	ED	779	79	0	0	5	74	50	24
PCT9415	MV	779	255	0	0	13	242	155	87
PCT9415	TO	779	334	0	0	18	316	205	111
PCT9416	ED	988	152	0	0	5	147	121	26
PCT9416	MV	988	279	0	0	19	260	179	81
PCT9416	TO	988	431	0	0	24	407	300	107
PCT9418	ED	1561	201	0	0	6	195	126	69
PCT9418	MV	1561	512	0	0	26	486	288	198
PCT9418	TO	1561	713	0	0	32	681	414	267
PCT9419	ED	1790	174	0	0	1	173	113	60
PCT9419	MV	1790	586	0	0	20	566	341	225
PCT9419	TO	1790	760	0	0	21	739	454	285
PCT9421	ED	917	94	0	0	2	92	69	23
PCT9421	MV	917	283	0	0	11	272	173	99
PCT9421	TO	917	377	0	0	13	364	242	122
PCT9422	ED	1068	138	0	0	8	130	97	33
PCT9422	MV	1068	330	0	0	20	310	192	118
PCT9422	TO	1068	468	0	0	28	440	289	151
PCT9423	ED	906	88	0	0	3	85	64	21
PCT9423	MV	906	264	0	0	16	248	160	88
PCT9423	TO	906	352	0	0	19	333	224	109
PCT9424	ED	1949	182	0	0	13	169	113	56
PCT9424	MV	1949	637	0	0	17	620	402	218
PCT9424	TO	1949	819	0	0	30	789	515	274
PCT9426	ED	832	83	0	0	2	81	52	29
PCT9426	MV	832	264	0	0	13	251	145	106
PCT9426	TO	832	347	0	0	15	332	197	135
PCT9427	ED	964	116	0	0	4	112	78	34
PCT9427	MV	964	285	0	0	11	274	155	119
PCT9427	TO	964	401	0	0	15	386	233	153
PCT9431	ED	1914	218	0	0	5	213	140	73
PCT9431	MV	1914	588	0	1	30	557	290	267
PCT9431	TO	1914	806	0	1	35	770	430	340
PCT9432	ED	943	100	0	0	0	100	68	32
PCT9432	MV	943	268	0	0	15	253	155	98
PCT9432	TO	943	368	0	0	15	353	223	130
PCT9433	ED	1923	152	0	0	5	147	91	56
PCT9433	MV	1923	608	0	0	31	577	360	217
PCT9433	TO	1923	760	0	0	36	724	451	273
PCT9434	ED	982	118	0	0	3	115	76	39
PCT9434	MV	982	297	0	0	14	283	183	100
PCT9434	TO	982	415	0	0	17	398	259	139
PCT9436	ED	1057	123	0	0	6	117	73	44
PCT9436	MV	1057	325	0	0	8	317	194	123
PCT9436	TO	1057	448	0	0	14	434	267	167
PCT9437	ED	908	95	0	0	2	93	68	25
PCT9437	MV	908	281	0	0	15	266	155	111
PCT9437	TO	908	376	0	0	17	359	223	136
PCT9439	ED	1863	163	0	0	6	157	110	47
PCT9439	MV	1863	597	0	0	39	558	335	223
PCT9439	TO	1863	760	0	0	45	715	445	270
PCT9441	ED	985	118	0	0	2	116	85	31
PCT9441	MV	985	315	0	0	9	306	193	113
PCT9441	TO	985	433	0	0	11	422	278	144
PCT9442	ED	2015	249	0	0	9	240	167	73
PCT9442	MV	2015	564	0	0	16	548	323	225
PCT9442	TO	2015	813	0	0	25	788	490	298
PCT9443	ED	1908	176	0	0	2	174	124	50
PCT9443	MV	1908	559	0	0	30	529	357	172
PCT9443	TO	1908	735	0	0	32	703	481	222
PCT9445	ED	971	92	0	0	2	90	57	33
PCT9445	MV	971	305	0	0	13	292	177	115
PCT9445	TO	971	397	0	0	15	382	234	148
PCT9446	ED	1940	230	0	0	7	223	131	92
PCT9446	MV	1940	620	0	0	22	598	347	251
PCT9446	TO	1940	850	0	0	29	821	478	343
PCT9447	ED	889	122	0	0	4	118	85	33
PCT9447	MV	889	274	0	0	6	268	150	118
PCT9447	TO	889	396	0	0	10	386	235	151
PCT9448	ED	936	105	0	0	3	102	76	26
PCT9448	MV	936	265	0	0	17	248	152	96
PCT9448	TO	936	370	0	0	20	350	228	122
PCT9449	ED	862	86	0	0	0	86	58	28
PCT9449	MV	862	273	0	0	12	261	128	133
PCT9449	TO	862	359	0	0	12	347	186	161
PCT9451	ED	437	41	0	0	2	39	20	19
PCT9451	MV	437	144	0	0	5	139	69	70
PCT9451	TO	437	185	0	0	7	178	89	89
PCT9453	ED	520	57	0	0	3	54	26	28
PCT9453	MV	520	166	0	0	12	154	87	67
PCT9453	TO	520	223	0	0	15	208	113	95
PCT9501	MV	147	69	0	0	1	68	48	20
PCT9501	TO	147	71	0	0	1	70	50	20
PCT9502	MV	253	104	0	0	2	102	82	20
PCT9502	TO	253	109	0	0	2	107	87	20
PCT9503	ED	667	86	0	0	1	85	77	8
PCT9503	MV	667	175	0	0	11	164	138	26
PCT9503	TO	667	261	0	0	12	249	215	34
PCT9505	ED	760	115	0	0	3	112	94	18
PCT9505	MV	760	246	0	0	10	236	191	45
PCT9505	TO	760	361	0	0	13	348	285	63
PCT9506	ED	750	95	0	0	5	90	81	9
PCT9506	MV	750	185	0	0	6	179	150	29
PCT9506	TO	750	280	0	0	11	269	231	38
PCT9507	ED	713	122	0	0	3	119	109	10
PCT9507	MV	713	209	0	0	4	205	175	30
PCT9507	TO	713	331	0	0	7	324	284	40
PCT9511	ED	1314	228	0	0	8	220	201	19
PCT9511	MV	1314	382	0	0	9	373	314	59
PCT9511	TO	1314	610	0	0	17	593	515	78
PCT9512	ED	1544	231	0	0	6	225	205	20
PCT9512	MV	1544	489	0	0	11	478	418	60
PCT9512	TO	1544	720	0	0	17	703	623	80
PCT9513	ED	872	161	0	1	2	158	145	13
PCT9513	MV	872	242	0	0	8	234	213	21
PCT9513	TO	872	403	0	1	10	392	358	34
PCT9514	ED	888	157	0	0	4	153	128	25
PCT9514	MV	888	269	0	0	9	260	220	40
PCT9514	TO	888	426	0	0	13	413	348	65
PCT9516	ED	1579	275	0	0	5	270	212	58
PCT9516	MV	1579	485	0	0	14	471	387	84
PCT9516	TO	1579	760	0	0	19	741	599	142
PCT9517	ED	1554	252	0	0	8	244	209	35
PCT9517	MV	1554	484	0	0	15	469	407	62
PCT9517	TO	1554	736	0	0	23	713	616	97
PCT9519	ED	882	148	0	0	4	144	114	30
PCT9519	MV	882	305	0	0	12	293	252	41
PCT9519	TO	882	453	0	0	16	437	366	71
PCT9521	ED	870	182	0	0	5	177	156	21
PCT9521	MV	870	295	0	0	9	286	250	36
PCT9521	TO	870	477	0	0	14	463	406	57
PCT9701	ED	652	122	0	0	5	117	95	22
PCT9701	MV	652	183	0	0	5	178	131	47
PCT9701	TO	652	305	0	0	10	295	226	69
PCT9702	ED	709	121	0	0	2	119	103	16
PCT9702	MV	709	210	0	0	8	202	157	45
PCT9702	TO	709	331	0	0	10	321	260	61
PCT9703	ED	981	120	0	0	3	117	86	31
PCT9703	MV	981	330	0	0	16	314	212	102
PCT9703	TO	981	450	0	0	19	431	298	133
PCT9704	ED	946	133	0	0	3	130	99	31
PCT9704	MV	946	337	0	0	14	323	232	91
PCT9704	TO	946	470	0	0	17	453	331	122
PCT9705	ED	1865	274	0	0	10	264	218	46
PCT9705	MV	1865	610	0	0	19	591	437	154
PCT9705	TO	1865	884	0	0	29	855	655	200
PCT9706	MV	48	20	0	0	0	20	14	6
PCT9706	TO	48	20	0	0	0	20	14	6
PCT9709	ED	1021	108	0	0	3	105	73	32
PCT9709	MV	1021	338	0	0	14	324	207	117
PCT9709	TO	1021	446	0	0	17	429	280	149
PCT9711	ED	1433	222	0	0	9	213	137	76
PCT9711	MV	1433	529	0	1	21	507	357	150
PCT9711	TO	1433	751	0	1	30	720	494	226
PCT9712	ED	1237	190	0	0	6	184	120	64
PCT9712	MV	1237	463	0	0	20	443	252	191
PCT9712	TO	1237	653	0	0	26	627	372	255
PCT9716	ED	951	134	0	0	8	126	83	43
PCT9716	MV	951	324	0	0	19	305	182	123
PCT9716	TO	951	458	0	0	27	431	265	166
PCT9717	ED	1917	224	0	0	7	217	135	82
PCT9717	MV	1917	611	0	0	25	586	384	202
PCT9717	TO	1917	835	0	0	32	803	519	284
PCT9718	ED	1833	277	0	0	6	271	173	98
PCT9718	MV	1833	702	0	0	23	679	415	264
PCT9718	TO	1833	979	0	0	29	950	588	362
PCT9719	ED	910	135	0	0	1	134	88	46
PCT9719	MV	910	349	0	0	6	343	206	137
PCT9719	TO	910	484	0	0	7	477	294	183
PCT9721	ED	660	128	0	0	4	124	77	47
PCT9721	MV	660	250	0	0	11	239	141	98
PCT9721	TO	660	378	0	0	15	363	218	145
PCT9722	ED	587	70	0	0	5	65	42	23
PCT9722	MV	587	245	0	0	6	239	146	93
PCT9722	TO	587	315	0	0	11	304	188	116
PCT9723	ED	505	38	0	0	0	38	21	17
PCT9723	MV	505	186	0	0	7	179	84	95
PCT9723	TO	505	224	0	0	7	217	105	112
PCT9724	ED	1003	100	0	0	2	98	48	50
PCT9724	MV	1003	380	0	1	14	365	162	203
PCT9724	TO	1003	480	0	1	16	463	210	253
PCT9725	ED	965	88	0	0	3	85	43	42
PCT9725	MV	965	325	0	0	16	309	144	165
PCT9725	TO	965	413	0	0	19	394	187	207
PCT9726	ED	621	74	0	0	3	71	55	16
PCT9726	MV	621	127	0	0	11	116	87	29
PCT9726	TO	621	201	0	0	14	187	142	45
PCT9727	ED	453	51	0	0	1	50	29	21
PCT9727	MV	453	163	0	0	7	156	82	74
PCT9727	TO	453	214	0	0	8	206	111	95
PCT9728	ED	1829	272	0	0	8	264	152	112
PCT9728	MV	1829	616	0	0	13	603	367	236
PCT9728	TO	1829	888	0	0	21	867	519	348
PCT9729	ED	809	105	0	0	1	104	61	43
PCT9729	MV	809	316	0	0	7	309	180	129
PCT9729	TO	809	421	0	0	8	413	241	172
PCT9731	ED	572	77	0	0	3	74	47	27
PCT9731	MV	572	190	0	0	3	187	101	86
PCT9731	TO	572	267	0	0	6	261	148	113
PCT9732	MV	71	39	0	0	0	39	24	15
PCT9732	TO	71	39	0	0	0	39	24	15
PCT9733	MV	235	115	0	0	6	109	76	33
PCT9733	TO	235	120	0	0	8	112	79	33
PCT9734	ED	1389	188	0	0	7	181	124	57
PCT9734	MV	1389	534	0	0	18	516	311	205
PCT9734	TO	1389	722	0	0	25	697	435	262
PCT9737	ED	1518	204	0	0	7	197	145	52
PCT9737	MV	1518	574	0	0	22	552	364	188
PCT9737	TO	1518	778	0	0	29	749	509	240
PCT9738	ED	813	48	0	0	1	47	34	13
PCT9738	MV	813	229	0	0	6	223	175	48
PCT9738	TO	813	277	0	0	7	270	209	61
PCT9739	ED	768	69	0	0	3	66	58	8
PCT9739	MV	768	177	0	0	2	175	146	29
PCT9739	TO	768	246	0	0	5	241	204	37
PCT9741	ED	497	65	0	0	2	63	59	4
PCT9741	MV	497	25	0	0	0	25	24	1
PCT9741	TO	497	90	0	0	2	88	83	5
PCT9742	ED	679	95	0	0	5	90	43	47
PCT9742	MV	679	153	0	0	5	148	81	67
PCT9742	TO	679	248	0	0	10	238	124	114
PCT9743	ED	1138	122	0	0	5	117	97	20
PCT9743	MV	1138	297	0	0	7	290	217	73
PCT9743	TO	1138	419	0	0	12	407	314	93
PCT9744	ED	907	112	0	0	6	106	80	26
PCT9744	MV	907	205	0	0	14	191	138	53
PCT9744	TO	907	317	0	0	20	297	218	79
PCT9745	ED	973	109	0	0	3	106	83	23
PCT9745	MV	973	212	0	0	4	208	157	51
PCT9745	TO	973	321	0	0	7	314	240	74
PCT9748	ED	910	98	0	0	2	96	60	36
PCT9748	MV	910	313	0	0	12	301	196	105
PCT9748	TO	910	411	0	0	14	397	256	141
PCT9749	ED	1871	214	0	0	10	204	153	51
PCT9749	MV	1871	491	0	0	20	471	332	139
PCT9749	TO	1871	705	0	0	30	675	485	190
PCT9751	ED	1038	136	0	0	3	133	81	52
PCT9751	MV	1038	353	0	0	12	341	186	155
PCT9751	TO	1038	489	0	0	15	474	267	207
PCT9752	ED	696	90	0	0	1	89	58	31
PCT9752	MV	696	267	0	0	6	261	145	116
PCT9752	TO	696	357	0	0	7	350	203	147
PCT9753	ED	764	93	0	0	0	93	69	24
PCT9753	MV	764	239	0	0	9	230	160	70
PCT9753	TO	764	332	0	0	9	323	229	94
PCT9754	ED	686	111	0	0	2	109	86	23
PCT9754	MV	686	239	0	0	4	235	181	54
PCT9754	TO	686	350	0	0	6	344	267	77
PCT9755	ED	567	76	0	0	0	76	55	21
PCT9755	MV	567	170	0	0	6	164	127	37
PCT9755	TO	567	246	0	0	6	240	182	58
PCT9756	ED	940	69	0	0	1	68	48	20
PCT9756	MV	940	264	0	0	3	261	160	101
PCT9756	TO	940	333	0	0	4	329	208	121
PCT9801	ED	404	51	0	0	2	49	44	5
PCT9801	MV	404	135	0	1	4	130	93	37
PCT9801	TO	404	186	0	1	6	179	137	42
CONG12	ED	437850	53384	0	19	1685	51680	41928	9752
CONG12	MV	437850	129559	0	36	4765	124758	95000	29758
CONG12	TO	437850	182943	0	55	6450	176438	136928	39510
CONG14	ED	57200	6016	0	0	184	5832	4138	1694
CONG14	MV	57200	17276	0	5	594	16677	10729	5948
CONG14	TO	57200	23292	0	5	778	22509	14867	7642
ASSM17	ED	287476	34932	0	13	1062	33857	28527	5330
ASSM17	MV	287476	85008	0	27	2962	82019	65138	16881
ASSM17	TO	287476	119940	0	40	4024	115876	93665	22211
ASSM19	ED	207574	24468	0	6	807	23655	17539	6116
ASSM19	MV	207574	61827	0	14	2397	59416	40591	18825
ASSM19	TO	207574	86295	0	20	3204	83071	58130	24941
SUPV1	ED	42447	5463	0	2	188	5273	4073	1200
SUPV1	MV	42447	12579	0	2	482	12095	8818	3277
SUPV1	TO	42447	18042	0	4	670	17368	12891	4477
SUPV2	ED	49361	5270	0	2	198	5070	3770	1300
SUPV2	MV	49361	13962	0	7	576	13379	9450	3929
SUPV2	TO	49361	19232	0	9	774	18449	13220	5229
SUPV3	ED	38836	3912	0	1	163	3748	3000	748
SUPV3	MV	38836	10915	0	3	525	10387	7991	2396
SUPV3	TO	38836	14827	0	4	688	14135	10991	3144
SUPV4	ED	43341	5029	0	1	162	4866	3410	1456
SUPV4	MV	43341	13023	0	1	582	12440	7747	4693
SUPV4	TO	43341	18052	0	2	744	17306	11157	6149
SUPV5	ED	51976	8349	0	5	261	8083	7094	989
SUPV5	MV	51976	16416	0	3	546	15867	13516	2351
SUPV5	TO	51976	24765	0	8	807	23950	20610	3340
SUPV6	ED	42510	3303	0	1	131	3171	2650	521
SUPV6	MV	42510	11026	0	4	402	10620	8546	2074
SUPV6	TO	42510	14329	0	5	533	13791	11196	2595
SUPV7	ED	46757	6126	0	0	183	5943	4136	1807
SUPV7	MV	46757	15622	0	2	541	15079	9805	5274
SUPV7	TO	46757	21748	0	2	724	21022	13941	7081
SUPV8	ED	57103	9077	0	2	217	8858	7510	1348
SUPV8	MV	57103	19824	0	6	568	19250	15795	3455
SUPV8	TO	57103	28901	0	8	785	28108	23305	4803
SUPV9	ED	42539	5866	0	5	138	5723	5015	708
SUPV9	MV	42539	12106	0	5	369	11732	9506	2226
SUPV9	TO	42539	17972	0	10	507	17455	14521	2934
SUPV10	ED	42195	3620	0	0	119	3501	2895	606
SUPV10	MV	42195	10765	0	4	372	10389	7723	2666
SUPV10	TO	42195	14385	0	4	491	13890	10618	3272
SUPV11	ED	37985	3385	0	0	109	3276	2513	763
SUPV11	MV	37985	10597	0	4	396	10197	6832	3365
SUPV11	TO	37985	13982	0	4	505	13473	9345	4128
NEIG1	ED	20194	1583	0	0	60	1523	1280	243
NEIG1	MV	20194	4613	0	1	182	4430	3293	1137
NEIG1	TO	20194	6196	0	1	242	5953	4573	1380
NEIG2	ED	18045	1697	0	0	79	1618	1276	342
NEIG2	MV	18045	5026	0	0	274	4752	3622	1130
NEIG2	TO	18045	6723	0	0	353	6370	4898	1472
NEIG3	ED	27613	2633	0	0	100	2533	2144	389
NEIG3	MV	27613	7167	0	3	296	6868	5635	1233
NEIG3	TO	27613	9800	0	3	396	9401	7779	1622
NEIG4	ED	7735	1165	0	0	30	1135	882	253
NEIG4	MV	7735	2831	0	0	81	2750	2095	655
NEIG4	TO	7735	3996	0	0	111	3885	2977	908
NEIG5	ED	28067	2430	0	0	78	2352	1796	556
NEIG5	MV	28067	7894	0	4	287	7603	5063	2540
NEIG5	TO	28067	10324	0	4	365	9955	6859	3096
NEIG6	ED	15102	2841	0	2	88	2751	2435	316
NEIG6	MV	15102	4922	0	3	137	4782	4123	659
NEIG6	TO	15102	7763	0	5	225	7533	6558	975
NEIG7	ED	13133	1289	0	0	44	1245	962	283
NEIG7	MV	13133	3593	0	1	136	3456	2354	1102
NEIG7	TO	13133	4882	0	1	180	4701	3316	1385
NEIG8	ED	9501	1633	0	0	46	1587	1331	256
NEIG8	MV	9501	3043	0	0	98	2945	2458	487
NEIG8	TO	9501	4676	0	0	144	4532	3789	743
NEIG9	ED	8190	825	0	0	28	797	578	219
NEIG9	MV	8190	2163	0	1	81	2081	1334	747
NEIG9	TO	8190	2988	0	1	109	2878	1912	966
NEIG10	ED	10551	1396	0	0	36	1360	1109	251
NEIG10	MV	10551	3052	0	1	99	2952	2265	687
NEIG10	TO	10551	4448	0	1	135	4312	3374	938
NEIG11	ED	41063	4203	0	2	164	4037	3019	1018
NEIG11	MV	41063	11335	0	5	492	10838	7655	3183
NEIG11	TO	41063	15538	0	7	656	14875	10674	4201
NEIG12	ED	32113	4830	0	2	111	4717	4243	474
NEIG12	MV	32113	8750	0	4	240	8506	7352	1154
NEIG12	TO	32113	13580	0	6	351	13223	11595	1628
NEIG13	ED	15730	2487	0	0	56	2431	2028	403
NEIG13	MV	15730	5498	0	1	159	5338	4315	1023
NEIG13	TO	15730	7985	0	1	215	7769	6343	1426
NEIG14	ED	9293	1671	0	2	35	1634	1441	193
NEIG14	MV	9293	3068	0	3	65	3000	2568	432
NEIG14	TO	9293	4739	0	5	100	4634	4009	625
NEIG15	ED	5953	702	0	1	30	671	523	148
NEIG15	MV	5953	1839	0	3	76	1760	1282	478
NEIG15	TO	5953	2541	0	4	106	2431	1805	626
NEIG26	ED	9927	809	0	1	29	779	565	214
NEIG26	MV	9927	2924	0	1	147	2776	1806	970
NEIG26	TO	9927	3733	0	2	176	3555	2371	1184
NEIG16	ED	16717	1710	0	0	46	1664	1396	268
NEIG16	MV	16717	4956	0	3	122	4831	3796	1035
NEIG16	TO	16717	6666	0	3	168	6495	5192	1303
NEIG17	ED	37882	4923	0	2	174	4747	3641	1106
NEIG17	MV	37882	11283	0	1	438	10844	7864	2980
NEIG17	TO	37882	16206	0	3	612	15591	11505	4086
NEIG18	ED	6193	810	0	0	36	774	581	193
NEIG18	MV	6193	2004	0	1	62	1941	1360	581
NEIG18	TO	6193	2814	0	1	98	2715	1941	774
NEIG19	ED	7872	1105	0	0	34	1071	913	158
NEIG19	MV	7872	2488	0	0	84	2404	1953	451
NEIG19	TO	7872	3593	0	0	118	3475	2866	609
NEIG20	ED	24361	1789	0	1	70	1718	1379	339
NEIG20	MV	24361	6400	0	1	246	6153	4851	1302
NEIG20	TO	24361	8189	0	2	316	7871	6230	1641
NEIG21	ED	42750	4924	0	1	158	4765	3322	1443
NEIG21	MV	42750	12890	0	1	577	12312	7653	4659
NEIG21	TO	42750	17814	0	2	735	17077	10975	6102
NEIG22	ED	19329	3076	0	2	60	3014	2597	417
NEIG22	MV	19329	7004	0	1	191	6812	5638	1174
NEIG22	TO	19329	10080	0	3	251	9826	8235	1591
NEIG23	ED	7912	488	0	0	22	466	364	102
NEIG23	MV	7912	1961	0	0	78	1883	1226	657
NEIG23	TO	7912	2449	0	0	100	2349	1590	759
NEIG24	ED	33087	4577	0	0	132	4445	3000	1445
NEIG24	MV	33087	11857	0	1	405	11451	7359	4092
NEIG24	TO	33087	16434	0	1	537	15896	10359	5537
NEIG25	ED	26737	3804	0	3	123	3678	3261	417
NEIG25	MV	26737	8274	0	1	306	7967	6809	1158
NEIG25	TO	26737	12078	0	4	429	11645	10070	1575
