area_id	subtotal_type	RSReg	RSCst	RSRej	RSOvr	RSUnd	RSTot	40:YES	41:NO
ALLPCTS	TO	495050	115265	0	36	3802	111427	82979	28448
ALLPCTS	ED	495050	45586	0	13	1256	44317	35127	9190
ALLPCTS	MV	495050	69679	0	23	2546	67110	47852	19258
PCT1101	ED	557	39	0	0	2	37	28	9
PCT1101	MV	557	83	0	0	3	80	51	29
PCT1101	TO	557	122	0	0	5	117	79	38
PCT1102	ED	994	117	0	0	1	116	90	26
PCT1102	MV	994	137	0	0	2	135	81	54
PCT1102	TO	994	254	0	0	3	251	171	80
PCT1103	ED	962	88	0	0	1	87	72	15
PCT1103	MV	962	121	0	0	2	119	77	42
PCT1103	TO	962	209	0	0	3	206	149	57
PCT1104	ED	1012	76	0	0	3	73	53	20
PCT1104	MV	1012	130	0	0	5	125	97	28
PCT1104	TO	1012	206	0	0	8	198	150	48
PCT1106	ED	1505	127	0	0	5	122	89	33
PCT1106	MV	1505	209	0	1	8	200	123	77
PCT1106	TO	1505	336	0	1	13	322	212	110
PCT1108	ED	908	77	0	0	1	76	63	13
PCT1108	MV	908	126	0	0	6	120	85	35
PCT1108	TO	908	203	0	0	7	196	148	48
PCT1109	ED	805	73	0	0	2	71	56	15
PCT1109	MV	805	100	0	0	7	93	55	38
PCT1109	TO	805	173	0	0	9	164	111	53
PCT1111	ED	1025	73	0	0	0	73	57	16
PCT1111	MV	1025	160	0	0	6	154	93	61
PCT1111	TO	1025	233	0	0	6	227	150	77
PCT1112	ED	770	48	0	0	1	47	37	10
PCT1112	MV	770	92	0	0	2	90	53	37
PCT1112	TO	770	140	0	0	3	137	90	47
PCT1114	ED	1741	92	0	0	2	90	73	17
PCT1114	MV	1741	249	0	1	5	243	169	74
PCT1114	TO	1741	341	0	1	7	333	242	91
PCT1115	ED	1838	118	0	0	1	117	92	25
PCT1115	MV	1838	234	0	0	8	226	153	73
PCT1115	TO	1838	352	0	0	9	343	245	98
PCT1117	ED	1771	104	0	0	3	101	78	23
PCT1117	MV	1771	175	0	0	4	171	102	69
PCT1117	TO	1771	279	0	0	7	272	180	92
PCT1118	ED	1057	86	0	0	1	85	64	21
PCT1118	MV	1057	160	0	0	3	157	98	59
PCT1118	TO	1057	246	0	0	4	242	162	80
PCT1119	ED	771	32	0	0	1	31	23	8
PCT1119	MV	771	115	0	0	5	110	75	35
PCT1119	TO	771	147	0	0	6	141	98	43
PCT1122	ED	638	41	0	0	1	40	23	17
PCT1122	MV	638	82	0	0	3	79	42	37
PCT1122	TO	638	123	0	0	4	119	65	54
PCT1124	ED	812	51	0	0	1	50	31	19
PCT1124	MV	812	101	0	0	4	97	70	27
PCT1124	TO	812	152	0	0	5	147	101	46
PCT1125	ED	1064	37	0	0	1	36	28	8
PCT1125	MV	1064	163	0	0	3	160	102	58
PCT1125	TO	1064	200	0	0	4	196	130	66
PCT1126	ED	1676	91	0	0	2	89	59	30
PCT1126	MV	1676	240	0	0	10	230	144	86
PCT1126	TO	1676	331	0	0	12	319	203	116
PCT1127	ED	1827	107	0	0	2	105	83	22
PCT1127	MV	1827	249	0	0	8	241	147	94
PCT1127	TO	1827	356	0	0	10	346	230	116
PCT1129	ED	1018	62	0	0	3	59	42	17
PCT1129	MV	1018	136	0	0	7	129	81	48
PCT1129	TO	1018	198	0	0	10	188	123	65
PCT1131	ED	836	38	0	0	1	37	32	5
PCT1131	MV	836	105	0	0	6	99	45	54
PCT1131	TO	836	143	0	0	7	136	77	59
PCT1132	ED	1010	34	0	0	0	34	23	11
PCT1132	MV	1010	172	0	0	8	164	105	59
PCT1132	TO	1010	206	0	0	8	198	128	70
PCT1133	ED	857	40	0	0	0	40	27	13
PCT1133	MV	857	134	0	0	5	129	78	51
PCT1133	TO	857	174	0	0	5	169	105	64
PCT1134	ED	762	61	0	0	3	58	44	14
PCT1134	MV	762	114	0	0	2	112	74	38
PCT1134	TO	762	175	0	0	5	170	118	52
PCT1135	ED	554	37	0	0	2	35	27	8
PCT1135	MV	554	86	0	0	5	81	49	32
PCT1135	TO	554	123	0	0	7	116	76	40
PCT1136	ED	847	47	0	0	2	45	30	15
PCT1136	MV	847	135	0	0	6	129	83	46
PCT1136	TO	847	182	0	0	8	174	113	61
PCT1141	ED	1042	61	0	0	1	60	41	19
PCT1141	MV	1042	151	0	0	7	144	91	53
PCT1141	TO	1042	212	0	0	8	204	132	72
PCT1143	ED	1024	87	0	0	0	87	75	12
PCT1143	MV	1024	123	0	0	8	115	80	35
PCT1143	TO	1024	210	0	0	8	202	155	47
PCT1144	ED	1804	126	0	0	6	120	96	24
PCT1144	MV	1804	236	0	0	9	227	150	77
PCT1144	TO	1804	362	0	0	15	347	246	101
PCT1145	ED	894	57	0	0	2	55	45	10
PCT1145	MV	894	142	0	0	2	140	92	48
PCT1145	TO	894	199	0	0	4	195	137	58
PCT1146	ED	1008	71	0	0	1	70	59	11
PCT1146	MV	1008	130	0	0	7	123	87	36
PCT1146	TO	1008	201	0	0	8	193	146	47
PCT1147	ED	868	71	0	0	1	70	57	13
PCT1147	MV	868	108	0	0	5	103	72	31
PCT1147	TO	868	179	0	0	6	173	129	44
PCT1148	ED	1002	73	0	0	2	71	52	19
PCT1148	MV	1002	139	0	0	8	131	73	58
PCT1148	TO	1002	212	0	0	10	202	125	77
PCT1149	ED	911	70	0	0	0	70	51	19
PCT1149	MV	911	98	0	0	4	94	59	35
PCT1149	TO	911	168	0	0	4	164	110	54
PCT1152	ED	1815	126	0	0	2	124	82	42
PCT1152	MV	1815	236	0	0	8	228	159	69
PCT1152	TO	1815	362	0	0	10	352	241	111
PCT7001	ED	752	39	0	0	0	39	34	5
PCT7001	MV	752	113	0	0	4	109	74	35
PCT7001	TO	752	152	0	0	4	148	108	40
PCT7002	ED	659	43	0	0	1	42	37	5
PCT7002	MV	659	57	0	0	3	54	36	18
PCT7002	TO	659	100	0	0	4	96	73	23
PCT7003	ED	1755	179	0	0	4	175	138	37
PCT7003	MV	1755	279	0	2	6	271	207	64
PCT7003	TO	1755	458	0	2	10	446	345	101
PCT7005	ED	850	99	0	0	0	99	83	16
PCT7005	MV	850	108	0	0	2	106	78	28
PCT7005	TO	850	207	0	0	2	205	161	44
PCT7006	ED	921	87	0	0	2	85	64	21
PCT7006	MV	921	106	0	0	3	103	82	21
PCT7006	TO	921	193	0	0	5	188	146	42
PCT7007	ED	1821	211	0	0	4	207	171	36
PCT7007	MV	1821	286	0	0	8	278	204	74
PCT7007	TO	1821	497	0	0	12	485	375	110
PCT7009	ED	874	46	0	0	3	43	33	10
PCT7009	MV	874	135	0	0	3	132	109	23
PCT7009	TO	874	181	0	0	6	175	142	33
PCT7011	ED	951	66	0	0	2	64	55	9
PCT7011	MV	951	66	0	0	1	65	56	9
PCT7011	TO	951	132	0	0	3	129	111	18
PCT7012	ED	1165	113	0	0	1	112	92	20
PCT7012	MV	1165	143	0	0	4	139	105	34
PCT7012	TO	1165	256	0	0	5	251	197	54
PCT7013	ED	1033	60	0	0	0	60	51	9
PCT7013	MV	1033	124	0	0	3	121	102	19
PCT7013	TO	1033	184	0	0	3	181	153	28
PCT7014	ED	1388	97	0	0	1	96	81	15
PCT7014	MV	1388	173	0	0	6	167	124	43
PCT7014	TO	1388	270	0	0	7	263	205	58
PCT7015	MV	104	14	0	0	0	14	13	1
PCT7015	TO	104	14	0	0	0	14	13	1
PCT7016	ED	912	57	0	0	0	57	49	8
PCT7016	MV	912	84	0	0	4	80	48	32
PCT7016	TO	912	141	0	0	4	137	97	40
PCT7017	ED	781	32	0	0	4	28	26	2
PCT7017	MV	781	62	0	0	3	59	51	8
PCT7017	TO	781	94	0	0	7	87	77	10
PCT7019	ED	1908	90	0	0	2	88	72	16
PCT7019	MV	1908	308	0	0	16	292	212	80
PCT7019	TO	1908	398	0	0	18	380	284	96
PCT7021	ED	955	68	0	0	2	66	61	5
PCT7021	MV	955	95	0	0	0	95	78	17
PCT7021	TO	955	163	0	0	2	161	139	22
PCT7022	ED	943	78	0	0	2	76	70	6
PCT7022	MV	943	122	0	0	7	115	84	31
PCT7022	TO	943	200	0	0	9	191	154	37
PCT7024	ED	448	14	0	0	1	13	11	2
PCT7024	MV	448	24	0	0	0	24	21	3
PCT7024	TO	448	38	0	0	1	37	32	5
PCT7025	ED	473	23	0	0	0	23	17	6
PCT7025	MV	473	36	0	0	0	36	26	10
PCT7025	TO	473	59	0	0	0	59	43	16
PCT7026	ED	1009	46	0	0	2	44	34	10
PCT7026	MV	1009	164	0	0	6	158	112	46
PCT7026	TO	1009	210	0	0	8	202	146	56
PCT7027	ED	883	67	0	0	2	65	51	14
PCT7027	MV	883	127	0	0	3	124	82	42
PCT7027	TO	883	194	0	0	5	189	133	56
PCT7028	ED	849	77	0	0	3	74	64	10
PCT7028	MV	849	78	0	0	2	76	62	14
PCT7028	TO	849	155	0	0	5	150	126	24
PCT7029	ED	1812	100	0	0	1	99	86	13
PCT7029	MV	1812	207	0	0	6	201	154	47
PCT7029	TO	1812	307	0	0	7	300	240	60
PCT7030	ED	787	46	0	0	1	45	29	16
PCT7030	MV	787	133	0	0	11	122	68	54
PCT7030	TO	787	179	0	0	12	167	97	70
PCT7031	ED	680	24	0	0	0	24	17	7
PCT7031	MV	680	124	0	0	5	119	87	32
PCT7031	TO	680	148	0	0	5	143	104	39
PCT7032	ED	876	48	0	0	3	45	32	13
PCT7032	MV	876	106	0	0	3	103	73	30
PCT7032	TO	876	154	0	0	6	148	105	43
PCT7033	ED	770	61	0	0	2	59	52	7
PCT7033	MV	770	83	0	0	2	81	65	16
PCT7033	TO	770	144	0	0	4	140	117	23
PCT7034	ED	954	33	0	0	1	32	26	6
PCT7034	MV	954	57	0	0	3	54	48	6
PCT7034	TO	954	90	0	0	4	86	74	12
PCT7035	ED	681	26	0	0	2	24	23	1
PCT7035	MV	681	97	0	1	5	91	63	28
PCT7035	TO	681	123	0	1	7	115	86	29
PCT7037	ED	1676	59	0	0	3	56	49	7
PCT7037	MV	1676	144	0	0	9	135	91	44
PCT7037	TO	1676	203	0	0	12	191	140	51
PCT7038	ED	924	34	0	0	1	33	28	5
PCT7038	MV	924	130	0	0	4	126	80	46
PCT7038	TO	924	164	0	0	5	159	108	51
PCT7039	ED	830	71	0	0	1	70	53	17
PCT7039	MV	830	110	0	0	9	101	66	35
PCT7039	TO	830	181	0	0	10	171	119	52
PCT7041	MV	60	11	0	0	0	11	7	4
PCT7041	TO	60	11	0	0	0	11	7	4
PCT7042	ED	1069	67	0	0	1	66	45	21
PCT7042	MV	1069	110	0	0	4	106	81	25
PCT7042	TO	1069	177	0	0	5	172	126	46
PCT7043	ED	961	40	0	0	1	39	33	6
PCT7043	MV	961	106	0	0	1	105	72	33
PCT7043	TO	961	146	0	0	2	144	105	39
PCT7044	ED	844	23	0	0	1	22	20	2
PCT7044	MV	844	61	0	0	3	58	46	12
PCT7044	TO	844	84	0	0	4	80	66	14
PCT7045	ED	783	39	0	0	4	35	23	12
PCT7045	MV	783	143	0	0	5	138	98	40
PCT7045	TO	783	182	0	0	9	173	121	52
PCT7047	ED	1727	73	0	0	3	70	57	13
PCT7047	MV	1727	259	0	0	11	248	143	105
PCT7047	TO	1727	332	0	0	14	318	200	118
PCT7048	ED	870	37	0	0	1	36	31	5
PCT7048	MV	870	120	0	0	5	115	80	35
PCT7048	TO	870	157	0	0	6	151	111	40
PCT7049	ED	815	50	0	0	3	47	33	14
PCT7049	MV	815	123	0	0	6	117	61	56
PCT7049	TO	815	173	0	0	9	164	94	70
PCT7052	ED	878	67	0	0	0	67	50	17
PCT7052	MV	878	131	0	0	7	124	86	38
PCT7052	TO	878	198	0	0	7	191	136	55
PCT7053	ED	568	22	0	0	0	22	16	6
PCT7053	MV	568	85	0	0	4	81	58	23
PCT7053	TO	568	107	0	0	4	103	74	29
PCT7054	ED	1111	60	0	0	3	57	49	8
PCT7054	MV	1111	97	0	0	2	95	68	27
PCT7054	TO	1111	157	0	0	5	152	117	35
PCT7055	ED	799	21	0	0	1	20	17	3
PCT7055	MV	799	119	0	0	3	116	83	33
PCT7055	TO	799	140	0	0	4	136	100	36
PCT7101	MV	152	27	0	1	0	26	21	5
PCT7101	TO	152	27	0	1	0	26	21	5
PCT7202	ED	1747	117	0	0	1	116	87	29
PCT7202	MV	1747	266	0	0	9	257	170	87
PCT7202	TO	1747	383	0	0	10	373	257	116
PCT7203	ED	867	83	0	0	3	80	69	11
PCT7203	MV	867	85	0	0	6	79	54	25
PCT7203	TO	867	168	0	0	9	159	123	36
PCT7204	ED	890	73	0	0	6	67	50	17
PCT7204	MV	890	154	0	0	6	148	108	40
PCT7204	TO	890	227	0	0	12	215	158	57
PCT7205	ED	862	85	0	0	1	84	63	21
PCT7205	MV	862	135	0	0	10	125	83	42
PCT7205	TO	862	220	0	0	11	209	146	63
PCT7207	ED	1483	87	0	0	1	86	77	9
PCT7207	MV	1483	316	0	0	11	305	231	74
PCT7207	TO	1483	403	0	0	12	391	308	83
PCT7208	ED	560	36	0	0	3	33	28	5
PCT7208	MV	560	103	0	0	4	99	68	31
PCT7208	TO	560	139	0	0	7	132	96	36
PCT7301	ED	1993	161	0	0	4	157	123	34
PCT7301	MV	1993	297	0	0	6	291	209	82
PCT7301	TO	1993	458	0	0	10	448	332	116
PCT7302	ED	838	81	0	0	4	77	54	23
PCT7302	MV	838	200	0	0	9	191	144	47
PCT7302	TO	838	281	0	0	13	268	198	70
PCT7305	ED	1633	161	0	0	2	159	120	39
PCT7305	MV	1633	248	0	1	12	235	168	67
PCT7305	TO	1633	409	0	1	14	394	288	106
PCT7306	ED	2083	166	0	0	6	160	128	32
PCT7306	MV	2083	259	0	0	8	251	171	80
PCT7306	TO	2083	425	0	0	14	411	299	112
PCT7308	ED	614	75	0	0	4	71	54	17
PCT7308	MV	614	93	0	0	2	91	64	27
PCT7308	TO	614	168	0	0	6	162	118	44
PCT7311	ED	866	89	0	0	3	86	73	13
PCT7311	MV	866	123	0	0	4	119	87	32
PCT7311	TO	866	212	0	0	7	205	160	45
PCT7312	ED	801	69	0	0	3	66	50	16
PCT7312	MV	801	158	0	0	15	143	110	33
PCT7312	TO	801	227	0	0	18	209	160	49
PCT7314	ED	1749	106	0	0	8	98	77	21
PCT7314	MV	1749	286	0	0	24	262	209	53
PCT7314	TO	1749	392	0	0	32	360	286	74
PCT7315	ED	1584	130	0	0	4	126	103	23
PCT7315	MV	1584	200	0	0	9	191	153	38
PCT7315	TO	1584	330	0	0	13	317	256	61
PCT7317	ED	875	59	0	0	3	56	47	9
PCT7317	MV	875	188	0	1	10	177	122	55
PCT7317	TO	875	247	0	1	13	233	169	64
PCT7318	ED	1567	109	0	0	2	107	76	31
PCT7318	MV	1567	244	0	0	18	226	180	46
PCT7318	TO	1567	353	0	0	20	333	256	77
PCT7321	ED	1533	57	0	0	1	56	40	16
PCT7321	MV	1533	269	0	0	13	256	201	55
PCT7321	TO	1533	326	0	0	14	312	241	71
PCT7323	ED	1967	149	0	0	7	142	111	31
PCT7323	MV	1967	241	0	0	10	231	165	66
PCT7323	TO	1967	390	0	0	17	373	276	97
PCT7325	ED	1588	104	0	0	4	100	78	22
PCT7325	MV	1588	202	0	0	9	193	135	58
PCT7325	TO	1588	306	0	0	13	293	213	80
PCT7326	ED	1709	123	0	0	9	114	85	29
PCT7326	MV	1709	285	0	0	13	272	192	80
PCT7326	TO	1709	408	0	0	22	386	277	109
PCT7327	ED	668	26	0	0	2	24	18	6
PCT7327	MV	668	166	0	0	10	156	124	32
PCT7327	TO	668	192	0	0	12	180	142	38
PCT7328	ED	985	33	0	0	4	29	25	4
PCT7328	MV	985	234	0	0	20	214	190	24
PCT7328	TO	985	267	0	0	24	243	215	28
PCT7329	ED	638	31	0	0	2	29	23	6
PCT7329	MV	638	120	0	0	7	113	85	28
PCT7329	TO	638	151	0	0	9	142	108	34
PCT7331	ED	850	102	0	0	1	101	67	34
PCT7331	MV	850	181	0	0	9	172	126	46
PCT7331	TO	850	283	0	0	10	273	193	80
PCT7332	ED	1601	145	0	0	6	139	125	14
PCT7332	MV	1601	224	0	0	5	219	171	48
PCT7332	TO	1601	369	0	0	11	358	296	62
PCT7333	ED	1930	151	0	0	7	144	118	26
PCT7333	MV	1930	264	0	0	9	255	188	67
PCT7333	TO	1930	415	0	0	16	399	306	93
PCT7336	ED	2021	168	0	0	4	164	130	34
PCT7336	MV	2021	270	0	0	10	260	186	74
PCT7336	TO	2021	438	0	0	14	424	316	108
PCT7338	ED	1783	119	0	0	5	114	90	24
PCT7338	MV	1783	356	0	0	20	336	256	80
PCT7338	TO	1783	475	0	0	25	450	346	104
PCT7339	ED	1588	131	0	0	4	127	108	19
PCT7339	MV	1588	224	0	0	15	209	164	45
PCT7339	TO	1588	355	0	0	19	336	272	64
PCT7342	ED	909	133	0	0	3	130	105	25
PCT7342	MV	909	114	0	0	3	111	84	27
PCT7342	TO	909	247	0	0	6	241	189	52
PCT7343	ED	706	66	0	0	2	64	52	12
PCT7343	MV	706	64	0	0	0	64	47	17
PCT7343	TO	706	130	0	0	2	128	99	29
PCT7344	ED	1052	93	0	0	3	90	78	12
PCT7344	MV	1052	157	0	0	2	155	103	52
PCT7344	TO	1052	250	0	0	5	245	181	64
PCT7346	ED	879	82	0	0	1	81	70	11
PCT7346	MV	879	89	0	0	3	86	66	20
PCT7346	TO	879	171	0	0	4	167	136	31
PCT7348	ED	1826	121	0	0	4	117	99	18
PCT7348	MV	1826	258	0	0	12	246	202	44
PCT7348	TO	1826	379	0	0	16	363	301	62
PCT7502	ED	779	66	0	0	1	65	48	17
PCT7502	MV	779	124	0	0	8	116	80	36
PCT7502	TO	779	190	0	0	9	181	128	53
PCT7503	ED	725	56	0	0	2	54	49	5
PCT7503	MV	725	96	0	0	4	92	75	17
PCT7503	TO	725	152	0	0	6	146	124	22
PCT7504	ED	1019	95	0	0	7	88	72	16
PCT7504	MV	1019	142	0	0	7	135	96	39
PCT7504	TO	1019	237	0	0	14	223	168	55
PCT7505	ED	851	78	0	0	4	74	67	7
PCT7505	MV	851	250	0	0	10	240	198	42
PCT7505	TO	851	328	0	0	14	314	265	49
PCT7506	ED	1913	135	0	1	7	127	116	11
PCT7506	MV	1913	286	0	0	9	277	221	56
PCT7506	TO	1913	421	0	1	16	404	337	67
PCT7508	ED	720	75	0	0	2	73	57	16
PCT7508	MV	720	161	0	0	13	148	116	32
PCT7508	TO	720	236	0	0	15	221	173	48
PCT7509	ED	914	100	0	0	4	96	85	11
PCT7509	MV	914	164	0	0	6	158	119	39
PCT7509	TO	914	264	0	0	10	254	204	50
PCT7512	ED	588	58	0	0	2	56	43	13
PCT7512	MV	588	117	0	0	6	111	93	18
PCT7512	TO	588	175	0	0	8	167	136	31
PCT7513	ED	784	78	0	0	6	72	60	12
PCT7513	MV	784	108	0	0	5	103	94	9
PCT7513	TO	784	186	0	0	11	175	154	21
PCT7514	ED	901	54	0	0	4	50	45	5
PCT7514	MV	901	142	0	0	6	136	116	20
PCT7514	TO	901	196	0	0	10	186	161	25
PCT7515	ED	852	70	0	0	4	66	60	6
PCT7515	MV	852	102	0	0	4	98	83	15
PCT7515	TO	852	172	0	0	8	164	143	21
PCT7516	ED	906	89	0	0	2	87	69	18
PCT7516	MV	906	189	0	1	9	179	142	37
PCT7516	TO	906	278	0	1	11	266	211	55
PCT7518	ED	1754	221	0	0	5	216	174	42
PCT7518	MV	1754	218	0	0	8	210	173	37
PCT7518	TO	1754	439	0	0	13	426	347	79
PCT7519	ED	709	88	0	0	3	85	74	11
PCT7519	MV	709	76	0	0	2	74	58	16
PCT7519	TO	709	164	0	0	5	159	132	27
PCT7521	ED	761	99	0	0	5	94	78	16
PCT7521	MV	761	95	0	0	3	92	82	10
PCT7521	TO	761	194	0	0	8	186	160	26
PCT7522	ED	1464	203	0	0	6	197	178	19
PCT7522	MV	1464	158	0	0	5	153	133	20
PCT7522	TO	1464	361	0	0	11	350	311	39
PCT7524	ED	606	74	0	0	1	73	67	6
PCT7524	MV	606	58	0	0	7	51	46	5
PCT7524	TO	606	132	0	0	8	124	113	11
PCT7525	ED	762	67	0	0	1	66	60	6
PCT7525	MV	762	79	0	0	1	78	66	12
PCT7525	TO	762	146	0	0	2	144	126	18
PCT7526	ED	974	93	0	0	4	89	76	13
PCT7526	MV	974	127	0	0	6	121	109	12
PCT7526	TO	974	220	0	0	10	210	185	25
PCT7527	ED	689	95	0	0	4	91	82	9
PCT7527	MV	689	95	0	0	8	87	75	12
PCT7527	TO	689	190	0	0	12	178	157	21
PCT7529	ED	906	136	0	0	5	131	120	11
PCT7529	MV	906	121	0	0	2	119	97	22
PCT7529	TO	906	257	0	0	7	250	217	33
PCT7531	ED	839	74	0	1	1	72	66	6
PCT7531	MV	839	86	0	0	3	83	77	6
PCT7531	TO	839	160	0	1	4	155	143	12
PCT7532	ED	792	90	0	0	4	86	73	13
PCT7532	MV	792	109	0	0	1	108	88	20
PCT7532	TO	792	199	0	0	5	194	161	33
PCT7533	ED	936	169	0	0	4	165	144	21
PCT7533	MV	936	100	0	0	1	99	83	16
PCT7533	TO	936	269	0	0	5	264	227	37
PCT7534	ED	881	116	0	0	5	111	102	9
PCT7534	MV	881	85	0	0	5	80	60	20
PCT7534	TO	881	201	0	0	10	191	162	29
PCT7536	ED	1594	243	0	0	6	237	220	17
PCT7536	MV	1594	229	0	1	8	220	187	33
PCT7536	TO	1594	472	0	1	14	457	407	50
PCT7537	ED	1472	218	0	0	3	215	190	25
PCT7537	MV	1472	179	0	0	4	175	137	38
PCT7537	TO	1472	397	0	0	7	390	327	63
PCT7539	ED	906	180	0	0	6	174	168	6
PCT7539	MV	906	84	0	0	1	83	74	9
PCT7539	TO	906	264	0	0	7	257	242	15
PCT7541	ED	769	100	0	0	2	98	89	9
PCT7541	MV	769	100	0	0	3	97	78	19
PCT7541	TO	769	200	0	0	5	195	167	28
PCT7543	ED	1718	204	0	0	5	199	173	26
PCT7543	MV	1718	201	0	0	5	196	169	27
PCT7543	TO	1718	405	0	0	10	395	342	53
PCT7544	ED	892	112	0	0	1	111	98	13
PCT7544	MV	892	120	0	0	3	117	108	9
PCT7544	TO	892	232	0	0	4	228	206	22
PCT7545	ED	877	110	0	0	2	108	93	15
PCT7545	MV	877	116	0	0	3	113	96	17
PCT7545	TO	877	226	0	0	5	221	189	32
PCT7546	ED	1900	271	0	0	7	264	240	24
PCT7546	MV	1900	248	0	0	6	242	205	37
PCT7546	TO	1900	519	0	0	13	506	445	61
PCT7548	ED	1027	149	0	0	3	146	129	17
PCT7548	MV	1027	140	0	0	5	135	111	24
PCT7548	TO	1027	289	0	0	8	281	240	41
PCT7549	ED	799	99	0	0	5	94	84	10
PCT7549	MV	799	133	0	0	2	131	112	19
PCT7549	TO	799	232	0	0	7	225	196	29
PCT7552	ED	685	97	0	0	4	93	83	10
PCT7552	MV	685	86	0	0	2	84	71	13
PCT7552	TO	685	183	0	0	6	177	154	23
PCT7553	MV	182	33	0	0	3	30	28	2
PCT7553	TO	182	33	0	0	3	30	28	2
PCT7554	ED	795	108	0	0	2	106	86	20
PCT7554	MV	795	129	0	0	5	124	97	27
PCT7554	TO	795	237	0	0	7	230	183	47
PCT7555	ED	1584	271	0	0	5	266	235	31
PCT7555	MV	1584	228	0	0	3	225	183	42
PCT7555	TO	1584	499	0	0	8	491	418	73
PCT7556	ED	958	113	0	0	2	111	89	22
PCT7556	MV	958	151	0	0	1	150	127	23
PCT7556	TO	958	264	0	0	3	261	216	45
PCT7601	ED	677	61	0	0	3	58	49	9
PCT7601	MV	677	81	0	0	2	79	68	11
PCT7601	TO	677	142	0	0	5	137	117	20
PCT7602	ED	1659	136	0	0	5	131	114	17
PCT7602	MV	1659	186	0	0	6	180	154	26
PCT7602	TO	1659	322	0	0	11	311	268	43
PCT7605	ED	1508	77	0	0	1	76	70	6
PCT7605	MV	1508	317	0	0	10	307	263	44
PCT7605	TO	1508	394	0	0	11	383	333	50
PCT7606	ED	887	63	0	0	0	63	55	8
PCT7606	MV	887	76	0	0	1	75	65	10
PCT7606	TO	887	139	0	0	1	138	120	18
PCT7607	ED	900	65	0	0	4	61	53	8
PCT7607	MV	900	131	0	0	4	127	103	24
PCT7607	TO	900	196	0	0	8	188	156	32
PCT7608	ED	1300	81	0	0	3	78	68	10
PCT7608	MV	1300	173	0	0	9	164	139	25
PCT7608	TO	1300	254	0	0	12	242	207	35
PCT7611	ED	763	38	0	0	2	36	31	5
PCT7611	MV	763	135	0	0	5	130	113	17
PCT7611	TO	763	173	0	0	7	166	144	22
PCT7613	ED	1421	101	0	0	6	95	84	11
PCT7613	MV	1421	210	0	0	12	198	161	37
PCT7613	TO	1421	311	0	0	18	293	245	48
PCT7614	ED	932	56	0	0	1	55	49	6
PCT7614	MV	932	94	0	0	3	91	80	11
PCT7614	TO	932	150	0	0	4	146	129	17
PCT7615	ED	745	41	0	0	5	36	35	1
PCT7615	MV	745	108	0	0	6	102	83	19
PCT7615	TO	745	149	0	0	11	138	118	20
PCT7616	ED	1246	58	0	0	0	58	49	9
PCT7616	MV	1246	145	0	0	2	143	121	22
PCT7616	TO	1246	203	0	0	2	201	170	31
PCT7617	ED	737	32	0	0	2	30	24	6
PCT7617	MV	737	122	0	0	9	113	94	19
PCT7617	TO	737	154	0	0	11	143	118	25
PCT7618	ED	873	54	0	0	2	52	44	8
PCT7618	MV	873	116	0	0	3	113	89	24
PCT7618	TO	873	170	0	0	5	165	133	32
PCT7619	ED	1055	64	0	0	1	63	55	8
PCT7619	MV	1055	142	0	0	6	136	105	31
PCT7619	TO	1055	206	0	0	7	199	160	39
PCT7621	ED	1064	60	0	0	1	59	51	8
PCT7621	MV	1064	133	0	0	3	130	100	30
PCT7621	TO	1064	193	0	0	4	189	151	38
PCT7622	ED	923	44	0	0	2	42	35	7
PCT7622	MV	923	88	0	0	1	87	77	10
PCT7622	TO	923	132	0	0	3	129	112	17
PCT7623	ED	965	68	0	0	2	66	61	5
PCT7623	MV	965	97	0	0	5	92	82	10
PCT7623	TO	965	165	0	0	7	158	143	15
PCT7624	ED	835	46	0	0	1	45	40	5
PCT7624	MV	835	105	0	0	6	99	90	9
PCT7624	TO	835	151	0	0	7	144	130	14
PCT7625	ED	809	23	0	0	0	23	20	3
PCT7625	MV	809	322	0	0	42	280	237	43
PCT7625	TO	809	345	0	0	42	303	257	46
PCT7626	ED	1037	47	0	0	0	47	38	9
PCT7626	MV	1037	160	0	0	3	157	114	43
PCT7626	TO	1037	207	0	0	3	204	152	52
PCT7628	ED	933	69	0	0	2	67	62	5
PCT7628	MV	933	83	0	0	3	80	65	15
PCT7628	TO	933	152	0	0	5	147	127	20
PCT7629	ED	847	61	0	0	2	59	50	9
PCT7629	MV	847	79	0	0	5	74	58	16
PCT7629	TO	847	140	0	0	7	133	108	25
PCT7632	ED	1112	60	0	0	1	59	52	7
PCT7632	MV	1112	124	0	0	4	120	93	27
PCT7632	TO	1112	184	0	0	5	179	145	34
PCT7633	ED	1902	109	0	0	3	106	91	15
PCT7633	MV	1902	289	0	1	9	279	215	64
PCT7633	TO	1902	398	0	1	12	385	306	79
PCT7634	ED	864	63	0	0	9	54	44	10
PCT7634	MV	864	169	0	0	7	162	143	19
PCT7634	TO	864	232	0	0	16	216	187	29
PCT7635	ED	821	41	0	0	1	40	30	10
PCT7635	MV	821	79	0	0	0	79	62	17
PCT7635	TO	821	120	0	0	1	119	92	27
PCT7636	ED	945	59	0	0	1	58	42	16
PCT7636	MV	945	116	0	0	5	111	83	28
PCT7636	TO	945	175	0	0	6	169	125	44
PCT7637	ED	841	44	0	0	0	44	32	12
PCT7637	MV	841	133	0	0	3	130	90	40
PCT7637	TO	841	177	0	0	3	174	122	52
PCT7638	ED	1467	67	0	0	4	63	28	35
PCT7638	MV	1467	239	0	0	10	229	144	85
PCT7638	TO	1467	306	0	0	14	292	172	120
PCT7639	ED	1935	103	0	0	5	98	70	28
PCT7639	MV	1935	314	0	0	10	304	221	83
PCT7639	TO	1935	417	0	0	15	402	291	111
PCT7642	ED	946	60	0	0	5	55	42	13
PCT7642	MV	946	80	0	0	7	73	45	28
PCT7642	TO	946	140	0	0	12	128	87	41
PCT7643	ED	927	68	0	0	2	66	56	10
PCT7643	MV	927	180	0	0	7	173	144	29
PCT7643	TO	927	248	0	0	9	239	200	39
PCT7644	ED	1111	60	0	0	0	60	52	8
PCT7644	MV	1111	110	0	0	3	107	78	29
PCT7644	TO	1111	170	0	0	3	167	130	37
PCT7645	ED	626	28	0	1	1	26	18	8
PCT7645	MV	626	119	0	0	4	115	73	42
PCT7645	TO	626	147	0	1	5	141	91	50
PCT7646	ED	1090	41	0	0	3	38	32	6
PCT7646	MV	1090	172	0	0	2	170	129	41
PCT7646	TO	1090	213	0	0	5	208	161	47
PCT7647	ED	968	46	0	0	0	46	41	5
PCT7647	MV	968	58	0	0	1	57	50	7
PCT7647	TO	968	104	0	0	1	103	91	12
PCT7648	MV	2	0	0	0	0	0	0	0
PCT7648	TO	2	0	0	0	0	0	0	0
PCT7649	ED	888	44	0	0	1	43	34	9
PCT7649	MV	888	114	0	0	6	108	91	17
PCT7649	TO	888	158	0	0	7	151	125	26
PCT7651	ED	830	29	0	0	1	28	21	7
PCT7651	MV	830	113	0	0	4	109	83	26
PCT7651	TO	830	142	0	0	5	137	104	33
PCT7652	ED	596	38	0	0	3	35	25	10
PCT7652	MV	596	78	0	0	3	75	57	18
PCT7652	TO	596	116	0	0	6	110	82	28
PCT7653	ED	1373	52	0	0	2	50	43	7
PCT7653	MV	1373	149	0	0	2	147	103	44
PCT7653	TO	1373	201	0	0	4	197	146	51
PCT7655	ED	1150	38	0	0	1	37	28	9
PCT7655	MV	1150	150	0	0	4	146	102	44
PCT7655	TO	1150	188	0	0	5	183	130	53
PCT7701	ED	1035	113	0	0	0	113	92	21
PCT7701	MV	1035	155	0	0	2	153	99	54
PCT7701	TO	1035	268	0	0	2	266	191	75
PCT7703	MV	178	32	0	0	1	31	28	3
PCT7703	TO	178	32	0	0	1	31	28	3
PCT7704	ED	1723	201	0	0	8	193	120	73
PCT7704	MV	1723	300	0	0	7	293	161	132
PCT7704	TO	1723	501	0	0	15	486	281	205
PCT7705	ED	570	67	0	0	1	66	42	24
PCT7705	MV	570	120	0	0	4	116	66	50
PCT7705	TO	570	187	0	0	5	182	108	74
PCT7706	ED	839	120	0	0	4	116	69	47
PCT7706	MV	839	146	0	0	5	141	80	61
PCT7706	TO	839	266	0	0	9	257	149	108
PCT7707	ED	861	119	0	0	5	114	80	34
PCT7707	MV	861	170	0	0	5	165	105	60
PCT7707	TO	861	289	0	0	10	279	185	94
PCT7708	ED	881	92	0	0	1	91	68	23
PCT7708	MV	881	181	0	0	9	172	108	64
PCT7708	TO	881	273	0	0	10	263	176	87
PCT7709	ED	395	65	0	0	1	64	51	13
PCT7709	MV	395	68	0	0	1	67	44	23
PCT7709	TO	395	133	0	0	2	131	95	36
PCT7712	ED	1308	145	0	0	4	141	116	25
PCT7712	MV	1308	185	0	0	12	173	119	54
PCT7712	TO	1308	330	0	0	16	314	235	79
PCT7801	ED	968	110	0	0	3	107	92	15
PCT7801	MV	968	170	0	0	3	167	127	40
PCT7801	TO	968	280	0	0	6	274	219	55
PCT7802	ED	788	107	0	0	3	104	91	13
PCT7802	MV	788	137	0	0	8	129	97	32
PCT7802	TO	788	244	0	0	11	233	188	45
PCT7803	ED	822	67	0	0	4	63	56	7
PCT7803	MV	822	198	0	0	4	194	136	58
PCT7803	TO	822	265	0	0	8	257	192	65
PCT7805	ED	1683	205	0	0	4	201	179	22
PCT7805	MV	1683	303	0	0	6	297	228	69
PCT7805	TO	1683	508	0	0	10	498	407	91
PCT7807	ED	796	125	0	0	1	124	112	12
PCT7807	MV	796	106	0	0	4	102	89	13
PCT7807	TO	796	231	0	0	5	226	201	25
PCT7808	ED	1377	206	0	0	4	202	174	28
PCT7808	MV	1377	169	0	0	6	163	137	26
PCT7808	TO	1377	375	0	0	10	365	311	54
PCT7809	ED	770	89	0	0	4	85	76	9
PCT7809	MV	770	115	0	0	4	111	89	22
PCT7809	TO	770	204	0	0	8	196	165	31
PCT7811	ED	726	97	0	0	0	97	88	9
PCT7811	MV	726	61	0	0	3	58	53	5
PCT7811	TO	726	158	0	0	3	155	141	14
PCT7812	ED	871	107	0	0	7	100	83	17
PCT7812	MV	871	120	0	0	3	117	102	15
PCT7812	TO	871	227	0	0	10	217	185	32
PCT7813	ED	1037	153	0	0	1	152	129	23
PCT7813	MV	1037	156	0	0	3	153	129	24
PCT7813	TO	1037	309	0	0	4	305	258	47
PCT7814	ED	887	80	0	0	1	79	70	9
PCT7814	MV	887	91	0	1	1	89	76	13
PCT7814	TO	887	171	0	1	2	168	146	22
PCT7815	ED	1779	190	0	0	2	188	154	34
PCT7815	MV	1779	316	0	0	11	305	242	63
PCT7815	TO	1779	506	0	0	13	493	396	97
PCT7817	ED	1641	225	0	0	2	223	198	25
PCT7817	MV	1641	267	0	0	3	264	225	39
PCT7817	TO	1641	492	0	0	5	487	423	64
PCT7819	ED	1585	181	0	0	0	181	161	20
PCT7819	MV	1585	221	0	1	9	211	169	42
PCT7819	TO	1585	402	0	1	9	392	330	62
PCT7821	ED	965	134	0	0	2	132	107	25
PCT7821	MV	965	156	0	0	3	153	124	29
PCT7821	TO	965	290	0	0	5	285	231	54
PCT7822	ED	1748	263	0	0	2	261	229	32
PCT7822	MV	1748	289	0	0	10	279	236	43
PCT7822	TO	1748	552	0	0	12	540	465	75
PCT7824	ED	1353	175	0	0	5	170	147	23
PCT7824	MV	1353	169	0	0	7	162	142	20
PCT7824	TO	1353	344	0	0	12	332	289	43
PCT7826	ED	661	107	0	0	6	101	94	7
PCT7826	MV	661	60	0	0	1	59	54	5
PCT7826	TO	661	167	0	0	7	160	148	12
PCT7828	ED	997	105	0	0	1	104	79	25
PCT7828	MV	997	138	0	0	4	134	92	42
PCT7828	TO	997	243	0	0	5	238	171	67
PCT7829	ED	884	113	0	0	2	111	89	22
PCT7829	MV	884	155	0	0	6	149	112	37
PCT7829	TO	884	268	0	0	8	260	201	59
PCT7832	ED	773	77	0	0	5	72	62	10
PCT7832	MV	773	153	0	0	4	149	124	25
PCT7832	TO	773	230	0	0	9	221	186	35
PCT7834	ED	1593	199	0	0	7	192	169	23
PCT7834	MV	1593	197	0	0	2	195	159	36
PCT7834	TO	1593	396	0	0	9	387	328	59
PCT7835	ED	847	77	0	0	0	77	63	14
PCT7835	MV	847	141	0	0	3	138	93	45
PCT7835	TO	847	218	0	0	3	215	156	59
PCT7836	ED	1011	108	0	0	1	107	89	18
PCT7836	MV	1011	179	0	0	4	175	122	53
PCT7836	TO	1011	287	0	0	5	282	211	71
PCT7837	ED	1784	238	0	0	4	234	190	44
PCT7837	MV	1784	305	0	0	12	293	218	75
PCT7837	TO	1784	543	0	0	16	527	408	119
PCT7839	ED	1718	176	0	0	5	171	137	34
PCT7839	MV	1718	330	0	0	7	323	264	59
PCT7839	TO	1718	506	0	0	12	494	401	93
PCT7841	ED	1778	277	0	0	3	274	240	34
PCT7841	MV	1778	218	0	0	8	210	176	34
PCT7841	TO	1778	495	0	0	11	484	416	68
PCT7843	ED	719	108	0	0	4	104	96	8
PCT7843	MV	719	92	0	0	5	87	73	14
PCT7843	TO	719	200	0	0	9	191	169	22
PCT7844	ED	630	77	0	0	1	76	72	4
PCT7844	MV	630	84	0	0	5	79	71	8
PCT7844	TO	630	161	0	0	6	155	143	12
PCT7845	ED	870	107	0	0	1	106	77	29
PCT7845	MV	870	142	0	0	4	138	108	30
PCT7845	TO	870	249	0	0	5	244	185	59
PCT7846	ED	888	103	0	0	3	100	75	25
PCT7846	MV	888	124	0	0	4	120	97	23
PCT7846	TO	888	227	0	0	7	220	172	48
PCT7847	ED	1718	225	0	0	6	219	179	40
PCT7847	MV	1718	259	0	0	5	254	208	46
PCT7847	TO	1718	484	0	0	11	473	387	86
PCT7849	ED	887	126	0	0	3	123	102	21
PCT7849	MV	887	143	0	0	0	143	109	34
PCT7849	TO	887	269	0	0	3	266	211	55
PCT7852	ED	1153	130	0	0	2	128	87	41
PCT7852	MV	1153	235	0	0	7	228	167	61
PCT7852	TO	1153	365	0	0	9	356	254	102
PCT7853	ED	1736	183	0	0	2	181	143	38
PCT7853	MV	1736	281	0	0	7	274	206	68
PCT7853	TO	1736	464	0	0	9	455	349	106
PCT7854	ED	866	109	0	0	3	106	94	12
PCT7854	MV	866	129	0	0	3	126	99	27
PCT7854	TO	866	238	0	0	6	232	193	39
PCT7855	ED	1775	243	0	0	3	240	216	24
PCT7855	MV	1775	241	0	0	5	236	192	44
PCT7855	TO	1775	484	0	0	8	476	408	68
PCT7858	ED	1646	199	0	0	5	194	168	26
PCT7858	MV	1646	205	0	0	8	197	163	34
PCT7858	TO	1646	404	0	0	13	391	331	60
PCT7861	ED	854	111	0	0	2	109	87	22
PCT7861	MV	854	138	0	0	3	135	108	27
PCT7861	TO	854	249	0	0	5	244	195	49
PCT7862	ED	857	132	0	0	2	130	108	22
PCT7862	MV	857	120	0	0	7	113	88	25
PCT7862	TO	857	252	0	0	9	243	196	47
PCT7863	ED	881	127	0	0	2	125	104	21
PCT7863	MV	881	98	0	0	4	94	75	19
PCT7863	TO	881	225	0	0	6	219	179	40
PCT7864	ED	804	96	0	0	1	95	84	11
PCT7864	MV	804	111	0	0	4	107	77	30
PCT7864	TO	804	207	0	0	5	202	161	41
PCT7866	ED	822	113	0	0	4	109	82	27
PCT7866	MV	822	193	0	0	5	188	112	76
PCT7866	TO	822	306	0	0	9	297	194	103
PCT7867	ED	969	124	0	0	3	121	96	25
PCT7867	MV	969	145	0	0	5	140	109	31
PCT7867	TO	969	269	0	0	8	261	205	56
PCT7868	ED	870	117	0	0	1	116	93	23
PCT7868	MV	870	127	0	0	3	124	96	28
PCT7868	TO	870	244	0	0	4	240	189	51
PCT7869	ED	863	109	0	0	4	105	88	17
PCT7869	MV	863	147	0	0	4	143	116	27
PCT7869	TO	863	256	0	0	8	248	204	44
PCT7871	ED	877	125	0	0	2	123	94	29
PCT7871	MV	877	133	0	0	6	127	103	24
PCT7871	TO	877	258	0	0	8	250	197	53
PCT7872	ED	863	134	0	0	2	132	97	35
PCT7872	MV	863	144	0	0	4	140	107	33
PCT7872	TO	863	278	0	0	6	272	204	68
PCT7873	ED	1688	227	0	0	8	219	188	31
PCT7873	MV	1688	278	0	0	6	272	206	66
PCT7873	TO	1688	505	0	0	14	491	394	97
PCT7874	ED	474	55	0	0	2	53	45	8
PCT7874	MV	474	56	0	0	3	53	36	17
PCT7874	TO	474	111	0	0	5	106	81	25
PCT7875	ED	624	63	0	0	0	63	54	9
PCT7875	MV	624	84	0	0	2	82	59	23
PCT7875	TO	624	147	0	0	2	145	113	32
PCT7876	ED	523	49	0	0	2	47	41	6
PCT7876	MV	523	93	0	0	1	92	74	18
PCT7876	TO	523	142	0	0	3	139	115	24
PCT7902	ED	1729	159	0	0	1	158	140	18
PCT7902	MV	1729	184	0	0	3	181	151	30
PCT7902	TO	1729	343	0	0	4	339	291	48
PCT7903	ED	826	102	0	1	1	100	93	7
PCT7903	MV	826	83	0	0	4	79	68	11
PCT7903	TO	826	185	0	1	5	179	161	18
PCT7905	ED	880	115	0	0	3	112	91	21
PCT7905	MV	880	114	0	0	5	109	83	26
PCT7905	TO	880	229	0	0	8	221	174	47
PCT7906	ED	757	75	0	0	2	73	69	4
PCT7906	MV	757	67	0	0	2	65	54	11
PCT7906	TO	757	142	0	0	4	138	123	15
PCT7908	ED	1907	203	0	0	3	200	179	21
PCT7908	MV	1907	223	0	0	8	215	188	27
PCT7908	TO	1907	426	0	0	11	415	367	48
PCT7909	ED	718	96	0	0	1	95	84	11
PCT7909	MV	718	68	0	0	2	66	55	11
PCT7909	TO	718	164	0	0	3	161	139	22
PCT7911	ED	845	91	0	0	2	89	82	7
PCT7911	MV	845	82	0	0	2	80	60	20
PCT7911	TO	845	173	0	0	4	169	142	27
PCT7912	ED	1940	230	0	0	7	223	206	17
PCT7912	MV	1940	197	0	0	7	190	161	29
PCT7912	TO	1940	427	0	0	14	413	367	46
PCT7915	ED	1692	201	0	0	3	198	185	13
PCT7915	MV	1692	142	0	0	2	140	115	25
PCT7915	TO	1692	343	0	0	5	338	300	38
PCT7916	ED	842	119	0	0	1	118	104	14
PCT7916	MV	842	85	0	0	2	83	74	9
PCT7916	TO	842	204	0	0	3	201	178	23
PCT7917	ED	1823	232	0	1	4	227	209	18
PCT7917	MV	1823	178	0	0	5	173	152	21
PCT7917	TO	1823	410	0	1	9	400	361	39
PCT7918	ED	798	96	0	0	2	94	84	10
PCT7918	MV	798	61	0	0	2	59	50	9
PCT7918	TO	798	157	0	0	4	153	134	19
PCT7921	ED	1729	158	0	0	3	155	137	18
PCT7921	MV	1729	191	0	0	7	184	148	36
PCT7921	TO	1729	349	0	0	10	339	285	54
PCT7923	ED	1708	173	0	0	1	172	151	21
PCT7923	MV	1708	196	0	0	6	190	141	49
PCT7923	TO	1708	369	0	0	7	362	292	70
PCT7925	ED	530	58	0	0	2	56	51	5
PCT7925	MV	530	66	0	0	2	64	51	13
PCT7925	TO	530	124	0	0	4	120	102	18
PCT7926	ED	783	114	0	0	1	113	92	21
PCT7926	MV	783	85	0	0	2	83	64	19
PCT7926	TO	783	199	0	0	3	196	156	40
PCT7928	ED	1661	261	0	0	6	255	224	31
PCT7928	MV	1661	205	0	0	3	202	155	47
PCT7928	TO	1661	466	0	0	9	457	379	78
PCT7929	ED	830	117	0	0	1	116	98	18
PCT7929	MV	830	139	0	0	4	135	109	26
PCT7929	TO	830	256	0	0	5	251	207	44
PCT7931	ED	742	96	0	0	1	95	83	12
PCT7931	MV	742	122	0	1	2	119	98	21
PCT7931	TO	742	218	0	1	3	214	181	33
PCT7932	ED	547	68	0	0	1	67	53	14
PCT7932	MV	547	79	0	0	2	77	59	18
PCT7932	TO	547	147	0	0	3	144	112	32
PCT7933	MV	7	2	0	0	0	2	1	1
PCT7933	TO	7	2	0	0	0	2	1	1
PCT7934	ED	866	92	0	0	3	89	77	12
PCT7934	MV	866	124	0	0	3	121	105	16
PCT7934	TO	866	216	0	0	6	210	182	28
PCT7935	ED	927	131	0	0	3	128	115	13
PCT7935	MV	927	143	0	1	6	136	106	30
PCT7935	TO	927	274	0	1	9	264	221	43
PCT7936	ED	1508	285	0	1	4	280	259	21
PCT7936	MV	1508	190	0	0	5	185	164	21
PCT7936	TO	1508	475	0	1	9	465	423	42
PCT7937	ED	899	108	0	0	4	104	92	12
PCT7937	MV	899	97	0	1	3	93	82	11
PCT7937	TO	899	205	0	1	7	197	174	23
PCT7938	ED	758	80	0	0	1	79	75	4
PCT7938	MV	758	91	0	0	3	88	72	16
PCT7938	TO	758	171	0	0	4	167	147	20
PCT7941	ED	752	95	0	0	2	93	85	8
PCT7941	MV	752	100	0	0	4	96	74	22
PCT7941	TO	752	195	0	0	6	189	159	30
PCT7942	ED	923	72	0	0	2	70	58	12
PCT7942	MV	923	124	0	0	6	118	94	24
PCT7942	TO	923	196	0	0	8	188	152	36
PCT7943	ED	1675	215	0	0	5	210	173	37
PCT7943	MV	1675	215	0	0	9	206	158	48
PCT7943	TO	1675	430	0	0	14	416	331	85
PCT7945	ED	940	50	0	0	0	50	48	2
PCT7945	MV	940	115	0	0	4	111	92	19
PCT7945	TO	940	165	0	0	4	161	140	21
PCT7946	ED	1553	111	0	1	2	108	80	28
PCT7946	MV	1553	267	0	0	8	259	154	105
PCT7946	TO	1553	378	0	1	10	367	234	133
PCT7947	ED	960	51	0	0	3	48	34	14
PCT7947	MV	960	157	0	0	3	154	99	55
PCT7947	TO	960	208	0	0	6	202	133	69
PCT7948	ED	918	75	0	0	1	74	55	19
PCT7948	MV	918	146	0	1	5	140	76	64
PCT7948	TO	918	221	0	1	6	214	131	83
PCT7951	ED	1818	98	0	0	4	94	65	29
PCT7951	MV	1818	311	0	0	22	289	168	121
PCT7951	TO	1818	409	0	0	26	383	233	150
PCT7953	ED	824	69	0	0	0	69	48	21
PCT7953	MV	824	132	0	0	9	123	53	70
PCT7953	TO	824	201	0	0	9	192	101	91
PCT7954	MV	1	1	0	0	0	1	1	0
PCT7954	TO	1	1	0	0	0	1	1	0
PCT7956	ED	1759	85	0	0	4	81	53	28
PCT7956	MV	1759	246	0	0	11	235	149	86
PCT7956	TO	1759	331	0	0	15	316	202	114
PCT7957	ED	665	60	0	0	1	59	45	14
PCT7957	MV	665	103	0	0	4	99	66	33
PCT7957	TO	665	163	0	0	5	158	111	47
PCT7958	MV	301	53	0	0	0	53	38	15
PCT7958	TO	301	53	0	0	0	53	38	15
PCT7959	ED	1198	94	0	0	2	92	82	10
PCT7959	MV	1198	147	0	0	1	146	125	21
PCT7959	TO	1198	241	0	0	3	238	207	31
PCT9001	MV	286	50	0	0	0	50	44	6
PCT9001	TO	286	50	0	0	0	50	44	6
PCT9103	ED	946	98	0	0	6	92	60	32
PCT9103	MV	946	124	0	0	6	118	91	27
PCT9103	TO	946	222	0	0	12	210	151	59
PCT9104	ED	993	83	0	0	1	82	65	17
PCT9104	MV	993	141	0	0	8	133	96	37
PCT9104	TO	993	224	0	0	9	215	161	54
PCT9105	ED	1747	185	0	0	7	178	135	43
PCT9105	MV	1747	234	0	0	3	231	167	64
PCT9105	TO	1747	419	0	0	10	409	302	107
PCT9106	ED	935	109	0	0	5	104	81	23
PCT9106	MV	935	112	0	0	4	108	76	32
PCT9106	TO	935	221	0	0	9	212	157	55
PCT9109	ED	1651	202	0	0	9	193	141	52
PCT9109	MV	1651	175	0	0	10	165	133	32
PCT9109	TO	1651	377	0	0	19	358	274	84
PCT9111	ED	809	82	0	0	3	79	59	20
PCT9111	MV	809	98	0	0	5	93	68	25
PCT9111	TO	809	180	0	0	8	172	127	45
PCT9113	ED	997	132	0	0	6	126	96	30
PCT9113	MV	997	127	0	0	4	123	92	31
PCT9113	TO	997	259	0	0	10	249	188	61
PCT9114	ED	1806	173	0	0	6	167	137	30
PCT9114	MV	1806	209	0	0	11	198	146	52
PCT9114	TO	1806	382	0	0	17	365	283	82
PCT9116	ED	1822	194	0	0	6	188	160	28
PCT9116	MV	1822	222	0	0	4	218	135	83
PCT9116	TO	1822	416	0	0	10	406	295	111
PCT9117	ED	1691	202	0	0	7	195	141	54
PCT9117	MV	1691	277	0	0	14	263	170	93
PCT9117	TO	1691	479	0	0	21	458	311	147
PCT9118	ED	1938	171	0	0	6	165	123	42
PCT9118	MV	1938	255	0	0	9	246	154	92
PCT9118	TO	1938	426	0	0	15	411	277	134
PCT9119	ED	899	77	0	0	6	71	52	19
PCT9119	MV	899	139	0	0	5	134	87	47
PCT9119	TO	899	216	0	0	11	205	139	66
PCT9122	ED	1865	148	0	0	7	141	104	37
PCT9122	MV	1865	271	0	0	9	262	170	92
PCT9122	TO	1865	419	0	0	16	403	274	129
PCT9124	ED	1843	179	0	0	4	175	126	49
PCT9124	MV	1843	258	0	0	11	247	168	79
PCT9124	TO	1843	437	0	0	15	422	294	128
PCT9125	ED	879	83	0	0	2	81	64	17
PCT9125	MV	879	114	0	0	3	111	77	34
PCT9125	TO	879	197	0	0	5	192	141	51
PCT9127	ED	1974	213	0	0	5	208	151	57
PCT9127	MV	1974	298	0	0	14	284	187	97
PCT9127	TO	1974	511	0	0	19	492	338	154
PCT9128	ED	814	102	0	1	6	95	69	26
PCT9128	MV	814	111	0	0	6	105	70	35
PCT9128	TO	814	213	0	1	12	200	139	61
PCT9129	ED	1459	128	0	0	2	126	97	29
PCT9129	MV	1459	192	0	0	2	190	130	60
PCT9129	TO	1459	320	0	0	4	316	227	89
PCT9132	ED	805	80	0	0	2	78	64	14
PCT9132	MV	805	86	0	0	2	84	64	20
PCT9132	TO	805	166	0	0	4	162	128	34
PCT9133	ED	1984	203	0	0	6	197	168	29
PCT9133	MV	1984	262	0	0	11	251	195	56
PCT9133	TO	1984	465	0	0	17	448	363	85
PCT9134	ED	891	60	0	0	0	60	46	14
PCT9134	MV	891	117	0	0	5	112	75	37
PCT9134	TO	891	177	0	0	5	172	121	51
PCT9135	ED	802	90	0	0	2	88	58	30
PCT9135	MV	802	127	0	0	4	123	84	39
PCT9135	TO	802	217	0	0	6	211	142	69
PCT9136	ED	900	97	0	0	1	96	75	21
PCT9136	MV	900	106	0	0	7	99	58	41
PCT9136	TO	900	203	0	0	8	195	133	62
PCT9137	ED	999	90	0	0	5	85	58	27
PCT9137	MV	999	131	0	0	9	122	88	34
PCT9137	TO	999	221	0	0	14	207	146	61
PCT9138	ED	929	69	0	0	2	67	44	23
PCT9138	MV	929	126	0	0	3	123	79	44
PCT9138	TO	929	195	0	0	5	190	123	67
PCT9139	ED	986	83	0	0	1	82	53	29
PCT9139	MV	986	150	0	0	6	144	94	50
PCT9139	TO	986	233	0	0	7	226	147	79
PCT9141	ED	1803	187	0	0	4	183	130	53
PCT9141	MV	1803	269	0	0	5	264	172	92
PCT9141	TO	1803	456	0	0	9	447	302	145
PCT9143	ED	895	103	0	1	1	101	74	27
PCT9143	MV	895	141	0	0	2	139	75	64
PCT9143	TO	895	244	0	1	3	240	149	91
PCT9144	ED	958	121	0	0	1	120	93	27
PCT9144	MV	958	140	0	0	7	133	91	42
PCT9144	TO	958	261	0	0	8	253	184	69
PCT9145	ED	851	89	0	0	2	87	70	17
PCT9145	MV	851	101	0	0	1	100	65	35
PCT9145	TO	851	190	0	0	3	187	135	52
PCT9146	ED	1837	209	0	0	9	200	155	45
PCT9146	MV	1837	208	0	0	5	203	147	56
PCT9146	TO	1837	417	0	0	14	403	302	101
PCT9149	ED	957	134	0	0	3	131	110	21
PCT9149	MV	957	108	0	0	3	105	73	32
PCT9149	TO	957	242	0	0	6	236	183	53
PCT9152	ED	1630	123	0	0	2	121	100	21
PCT9152	MV	1630	178	0	0	4	174	134	40
PCT9152	TO	1630	301	0	0	6	295	234	61
PCT9201	ED	950	76	0	0	1	75	67	8
PCT9201	MV	950	74	0	0	1	73	59	14
PCT9201	TO	950	150	0	0	2	148	126	22
PCT9202	ED	977	78	0	0	3	75	65	10
PCT9202	MV	977	75	0	0	0	75	55	20
PCT9202	TO	977	153	0	0	3	150	120	30
PCT9203	ED	984	51	0	0	2	49	29	20
PCT9203	MV	984	118	0	0	3	115	61	54
PCT9203	TO	984	169	0	0	5	164	90	74
PCT9204	ED	855	83	0	0	6	77	47	30
PCT9204	MV	855	99	0	2	7	90	53	37
PCT9204	TO	855	182	0	2	13	167	100	67
PCT9205	ED	1484	103	0	0	2	101	71	30
PCT9205	MV	1484	166	0	0	7	159	110	49
PCT9205	TO	1484	269	0	0	9	260	181	79
PCT9208	ED	1935	136	0	0	3	133	94	39
PCT9208	MV	1935	217	0	0	6	211	133	78
PCT9208	TO	1935	353	0	0	9	344	227	117
PCT9209	ED	742	64	0	0	3	61	43	18
PCT9209	MV	742	93	0	0	5	88	63	25
PCT9209	TO	742	157	0	0	8	149	106	43
PCT9211	ED	1788	140	0	0	11	129	80	49
PCT9211	MV	1788	229	0	0	6	223	142	81
PCT9211	TO	1788	369	0	0	17	352	222	130
PCT9213	ED	927	67	0	0	0	67	45	22
PCT9213	MV	927	129	0	0	1	128	80	48
PCT9213	TO	927	196	0	0	1	195	125	70
PCT9214	ED	633	52	0	0	0	52	31	21
PCT9214	MV	633	90	0	0	3	87	48	39
PCT9214	TO	633	142	0	0	3	139	79	60
PCT9215	ED	641	58	0	0	2	56	34	22
PCT9215	MV	641	94	0	0	5	89	54	35
PCT9215	TO	641	152	0	0	7	145	88	57
PCT9216	ED	818	58	0	0	3	55	40	15
PCT9216	MV	818	81	0	0	3	78	53	25
PCT9216	TO	818	139	0	0	6	133	93	40
PCT9217	ED	704	48	0	0	0	48	34	14
PCT9217	MV	704	88	0	0	5	83	59	24
PCT9217	TO	704	136	0	0	5	131	93	38
PCT9218	ED	805	66	0	0	5	61	52	9
PCT9218	MV	805	98	0	0	2	96	59	37
PCT9218	TO	805	164	0	0	7	157	111	46
PCT9219	ED	1727	142	0	0	4	138	104	34
PCT9219	MV	1727	171	0	0	9	162	113	49
PCT9219	TO	1727	313	0	0	13	300	217	83
PCT9221	ED	638	60	0	0	1	59	43	16
PCT9221	MV	638	136	0	0	1	135	75	60
PCT9221	TO	638	196	0	0	2	194	118	76
PCT9222	ED	886	63	0	1	5	57	39	18
PCT9222	MV	886	145	0	0	9	136	83	53
PCT9222	TO	886	208	0	1	14	193	122	71
PCT9223	ED	651	39	0	0	2	37	26	11
PCT9223	MV	651	108	0	0	6	102	64	38
PCT9223	TO	651	147	0	0	8	139	90	49
PCT9224	ED	928	77	0	0	2	75	47	28
PCT9224	MV	928	151	0	0	1	150	107	43
PCT9224	TO	928	228	0	0	3	225	154	71
PCT9226	ED	892	70	0	0	2	68	38	30
PCT9226	MV	892	129	0	0	8	121	81	40
PCT9226	TO	892	199	0	0	10	189	119	70
PCT9227	ED	713	72	0	0	1	71	50	21
PCT9227	MV	713	117	0	0	4	113	64	49
PCT9227	TO	713	189	0	0	5	184	114	70
PCT9228	ED	740	77	0	0	4	73	51	22
PCT9228	MV	740	105	0	0	1	104	64	40
PCT9228	TO	740	182	0	0	5	177	115	62
PCT9229	ED	574	80	0	0	1	79	53	26
PCT9229	MV	574	82	0	0	2	80	54	26
PCT9229	TO	574	162	0	0	3	159	107	52
PCT9231	ED	954	122	0	0	6	116	96	20
PCT9231	MV	954	115	0	0	1	114	84	30
PCT9231	TO	954	237	0	0	7	230	180	50
PCT9232	ED	716	74	0	0	3	71	52	19
PCT9232	MV	716	101	0	0	3	98	59	39
PCT9232	TO	716	175	0	0	6	169	111	58
PCT9233	ED	814	62	0	0	2	60	43	17
PCT9233	MV	814	126	0	0	4	122	76	46
PCT9233	TO	814	188	0	0	6	182	119	63
PCT9234	ED	747	56	0	0	2	54	38	16
PCT9234	MV	747	105	0	0	5	100	63	37
PCT9234	TO	747	161	0	0	7	154	101	53
PCT9235	ED	1439	127	0	0	4	123	83	40
PCT9235	MV	1439	213	0	0	8	205	125	80
PCT9235	TO	1439	340	0	0	12	328	208	120
PCT9236	ED	659	53	0	0	0	53	37	16
PCT9236	MV	659	110	0	1	3	106	73	33
PCT9236	TO	659	163	0	1	3	159	110	49
PCT9237	ED	874	60	0	0	3	57	43	14
PCT9237	MV	874	126	0	0	9	117	92	25
PCT9237	TO	874	186	0	0	12	174	135	39
PCT9238	ED	1769	122	0	1	6	115	92	23
PCT9238	MV	1769	274	0	0	8	266	181	85
PCT9238	TO	1769	396	0	1	14	381	273	108
PCT9239	ED	866	64	0	0	4	60	46	14
PCT9239	MV	866	156	0	0	10	146	98	48
PCT9239	TO	866	220	0	0	14	206	144	62
PCT9241	ED	968	78	0	0	4	74	57	17
PCT9241	MV	968	141	0	0	3	138	92	46
PCT9241	TO	968	219	0	0	7	212	149	63
PCT9242	ED	1845	121	0	0	2	119	90	29
PCT9242	MV	1845	257	0	0	9	248	172	76
PCT9242	TO	1845	378	0	0	11	367	262	105
PCT9244	ED	881	75	0	0	1	74	60	14
PCT9244	MV	881	96	0	0	7	89	67	22
PCT9244	TO	881	171	0	0	8	163	127	36
PCT9245	ED	1081	104	0	0	5	99	82	17
PCT9245	MV	1081	142	0	0	2	140	93	47
PCT9245	TO	1081	246	0	0	7	239	175	64
PCT9248	ED	870	67	0	0	0	67	49	18
PCT9248	MV	870	99	0	0	2	97	68	29
PCT9248	TO	870	166	0	0	2	164	117	47
PCT9251	ED	1887	220	0	0	4	216	159	57
PCT9251	MV	1887	260	0	1	9	250	185	65
PCT9251	TO	1887	480	0	1	13	466	344	122
PCT9252	ED	918	56	0	0	1	55	39	16
PCT9252	MV	918	113	0	0	1	112	66	46
PCT9252	TO	918	169	0	0	2	167	105	62
PCT9253	ED	752	64	0	0	4	60	44	16
PCT9253	MV	752	124	0	0	5	119	86	33
PCT9253	TO	752	188	0	0	9	179	130	49
PCT9255	ED	1236	119	0	0	0	119	91	28
PCT9255	MV	1236	144	0	0	5	139	103	36
PCT9255	TO	1236	263	0	0	5	258	194	64
PCT9256	ED	1373	112	0	0	1	111	92	19
PCT9256	MV	1373	216	0	0	6	210	157	53
PCT9256	TO	1373	328	0	0	7	321	249	72
PCT9257	MV	311	39	0	0	1	38	31	7
PCT9257	TO	311	39	0	0	1	38	31	7
PCT9401	ED	1015	120	0	0	5	115	95	20
PCT9401	MV	1015	113	0	0	4	109	68	41
PCT9401	TO	1015	233	0	0	9	224	163	61
PCT9402	ED	988	140	0	0	6	134	95	39
PCT9402	MV	988	102	0	0	5	97	53	44
PCT9402	TO	988	242	0	0	11	231	148	83
PCT9404	ED	1814	161	0	0	4	157	116	41
PCT9404	MV	1814	230	0	0	11	219	140	79
PCT9404	TO	1814	391	0	0	15	376	256	120
PCT9405	ED	770	88	0	0	0	88	63	25
PCT9405	MV	770	108	0	0	7	101	61	40
PCT9405	TO	770	196	0	0	7	189	124	65
PCT9406	ED	873	110	0	0	3	107	65	42
PCT9406	MV	873	109	0	0	8	101	68	33
PCT9406	TO	873	219	0	0	11	208	133	75
PCT9407	ED	887	96	0	0	9	87	70	17
PCT9407	MV	887	100	0	0	4	96	63	33
PCT9407	TO	887	196	0	0	13	183	133	50
PCT9408	ED	834	93	0	0	4	89	69	20
PCT9408	MV	834	77	0	0	0	77	56	21
PCT9408	TO	834	170	0	0	4	166	125	41
PCT9409	ED	591	89	0	0	2	87	76	11
PCT9409	MV	591	59	0	0	1	58	37	21
PCT9409	TO	591	148	0	0	3	145	113	32
PCT9411	ED	1842	167	0	0	1	166	123	43
PCT9411	MV	1842	234	0	0	6	228	146	82
PCT9411	TO	1842	401	0	0	7	394	269	125
PCT9413	ED	920	88	0	1	1	86	56	30
PCT9413	MV	920	126	0	0	8	118	68	50
PCT9413	TO	920	214	0	1	9	204	124	80
PCT9415	ED	779	56	0	0	2	54	35	19
PCT9415	MV	779	128	0	0	4	124	89	35
PCT9415	TO	779	184	0	0	6	178	124	54
PCT9416	ED	988	118	0	0	4	114	94	20
PCT9416	MV	988	139	0	0	7	132	77	55
PCT9416	TO	988	257	0	0	11	246	171	75
PCT9418	ED	1561	161	0	0	5	156	98	58
PCT9418	MV	1561	249	0	0	12	237	137	100
PCT9418	TO	1561	410	0	0	17	393	235	158
PCT9419	ED	1790	130	0	0	1	129	82	47
PCT9419	MV	1790	283	0	0	11	272	154	118
PCT9419	TO	1790	413	0	0	12	401	236	165
PCT9421	ED	917	65	0	0	2	63	45	18
PCT9421	MV	917	128	0	0	6	122	72	50
PCT9421	TO	917	193	0	0	8	185	117	68
PCT9422	ED	1068	99	0	0	4	95	69	26
PCT9422	MV	1068	169	0	0	6	163	100	63
PCT9422	TO	1068	268	0	0	10	258	169	89
PCT9423	ED	906	70	0	0	3	67	48	19
PCT9423	MV	906	93	0	0	6	87	52	35
PCT9423	TO	906	163	0	0	9	154	100	54
PCT9424	ED	1949	142	0	0	9	133	86	47
PCT9424	MV	1949	323	0	0	11	312	209	103
PCT9424	TO	1949	465	0	0	20	445	295	150
PCT9426	ED	832	61	0	0	2	59	35	24
PCT9426	MV	832	117	0	0	3	114	67	47
PCT9426	TO	832	178	0	0	5	173	102	71
PCT9427	ED	964	78	0	0	3	75	48	27
PCT9427	MV	964	144	0	0	4	140	63	77
PCT9427	TO	964	222	0	0	7	215	111	104
PCT9431	ED	1914	176	0	0	4	172	108	64
PCT9431	MV	1914	284	0	1	17	266	132	134
PCT9431	TO	1914	460	0	1	21	438	240	198
PCT9432	ED	943	76	0	0	0	76	51	25
PCT9432	MV	943	142	0	0	9	133	73	60
PCT9432	TO	943	218	0	0	9	209	124	85
PCT9433	ED	1923	120	0	0	5	115	72	43
PCT9433	MV	1923	289	0	0	14	275	153	122
PCT9433	TO	1923	409	0	0	19	390	225	165
PCT9434	ED	982	97	0	0	3	94	62	32
PCT9434	MV	982	120	0	0	2	118	62	56
PCT9434	TO	982	217	0	0	5	212	124	88
PCT9436	ED	1057	94	0	0	5	89	56	33
PCT9436	MV	1057	160	0	0	4	156	88	68
PCT9436	TO	1057	254	0	0	9	245	144	101
PCT9437	ED	908	76	0	0	2	74	52	22
PCT9437	MV	908	127	0	0	8	119	70	49
PCT9437	TO	908	203	0	0	10	193	122	71
PCT9439	ED	1863	125	0	0	2	123	81	42
PCT9439	MV	1863	310	0	0	14	296	175	121
PCT9439	TO	1863	435	0	0	16	419	256	163
PCT9441	ED	985	100	0	0	2	98	71	27
PCT9441	MV	985	170	0	0	0	170	103	67
PCT9441	TO	985	270	0	0	2	268	174	94
PCT9442	ED	2015	196	0	0	9	187	129	58
PCT9442	MV	2015	280	0	0	7	273	151	122
PCT9442	TO	2015	476	0	0	16	460	280	180
PCT9443	ED	1908	136	0	0	1	135	95	40
PCT9443	MV	1908	256	0	0	16	240	149	91
PCT9443	TO	1908	392	0	0	17	375	244	131
PCT9445	ED	971	72	0	0	2	70	43	27
PCT9445	MV	971	146	0	0	4	142	72	70
PCT9445	TO	971	218	0	0	6	212	115	97
PCT9446	ED	1940	185	0	0	7	178	106	72
PCT9446	MV	1940	263	0	0	10	253	120	133
PCT9446	TO	1940	448	0	0	17	431	226	205
PCT9447	ED	889	88	0	0	4	84	57	27
PCT9447	MV	889	131	0	0	5	126	55	71
PCT9447	TO	889	219	0	0	9	210	112	98
PCT9448	ED	936	76	0	0	2	74	52	22
PCT9448	MV	936	123	0	0	6	117	58	59
PCT9448	TO	936	199	0	0	8	191	110	81
PCT9449	ED	862	74	0	0	0	74	47	27
PCT9449	MV	862	147	0	0	5	142	67	75
PCT9449	TO	862	221	0	0	5	216	114	102
PCT9451	ED	437	32	0	0	1	31	15	16
PCT9451	MV	437	58	0	0	3	55	30	25
PCT9451	TO	437	90	0	0	4	86	45	41
PCT9453	ED	520	44	0	0	2	42	20	22
PCT9453	MV	520	83	0	0	8	75	47	28
PCT9453	TO	520	127	0	0	10	117	67	50
PCT9501	MV	147	41	0	0	1	40	31	9
PCT9501	TO	147	41	0	0	1	40	31	9
PCT9502	MV	253	46	0	0	0	46	34	12
PCT9502	TO	253	46	0	0	0	46	34	12
PCT9503	ED	667	60	0	0	0	60	56	4
PCT9503	MV	667	95	0	0	5	90	74	16
PCT9503	TO	667	155	0	0	5	150	130	20
PCT9505	ED	760	100	0	0	2	98	82	16
PCT9505	MV	760	114	0	0	6	108	94	14
PCT9505	TO	760	214	0	0	8	206	176	30
PCT9506	ED	750	73	0	0	4	69	62	7
PCT9506	MV	750	76	0	0	1	75	60	15
PCT9506	TO	750	149	0	0	5	144	122	22
PCT9507	ED	713	92	0	0	1	91	84	7
PCT9507	MV	713	83	0	0	1	82	66	16
PCT9507	TO	713	175	0	0	2	173	150	23
PCT9511	ED	1314	167	0	0	6	161	146	15
PCT9511	MV	1314	151	0	0	2	149	108	41
PCT9511	TO	1314	318	0	0	8	310	254	56
PCT9512	ED	1544	192	0	0	5	187	171	16
PCT9512	MV	1544	197	0	0	6	191	167	24
PCT9512	TO	1544	389	0	0	11	378	338	40
PCT9513	ED	872	125	0	1	1	123	112	11
PCT9513	MV	872	94	0	0	3	91	82	9
PCT9513	TO	872	219	0	1	4	214	194	20
PCT9514	ED	888	117	0	0	4	113	94	19
PCT9514	MV	888	102	0	0	6	96	76	20
PCT9514	TO	888	219	0	0	10	209	170	39
PCT9516	ED	1579	195	0	0	3	192	148	44
PCT9516	MV	1579	186	0	0	5	181	142	39
PCT9516	TO	1579	381	0	0	8	373	290	83
PCT9517	ED	1554	181	0	0	5	176	146	30
PCT9517	MV	1554	218	0	0	4	214	175	39
PCT9517	TO	1554	399	0	0	9	390	321	69
PCT9519	ED	882	112	0	0	4	108	85	23
PCT9519	MV	882	113	0	0	7	106	81	25
PCT9519	TO	882	225	0	0	11	214	166	48
PCT9521	ED	870	131	0	0	3	128	112	16
PCT9521	MV	870	122	0	0	3	119	101	18
PCT9521	TO	870	253	0	0	6	247	213	34
PCT9701	ED	652	100	0	0	3	97	79	18
PCT9701	MV	652	79	0	0	2	77	53	24
PCT9701	TO	652	179	0	0	5	174	132	42
PCT9702	ED	709	87	0	0	2	85	73	12
PCT9702	MV	709	80	0	0	2	78	61	17
PCT9702	TO	709	167	0	0	4	163	134	29
PCT9703	ED	981	94	0	0	2	92	65	27
PCT9703	MV	981	155	0	0	7	148	95	53
PCT9703	TO	981	249	0	0	9	240	160	80
PCT9704	ED	946	109	0	0	2	107	79	28
PCT9704	MV	946	143	0	0	10	133	89	44
PCT9704	TO	946	252	0	0	12	240	168	72
PCT9705	ED	1865	204	0	0	6	198	163	35
PCT9705	MV	1865	258	0	0	7	251	186	65
PCT9705	TO	1865	462	0	0	13	449	349	100
PCT9706	MV	48	6	0	0	0	6	5	1
PCT9706	TO	48	6	0	0	0	6	5	1
PCT9709	ED	1021	84	0	0	1	83	60	23
PCT9709	MV	1021	156	0	0	5	151	92	59
PCT9709	TO	1021	240	0	0	6	234	152	82
PCT9711	ED	1433	160	0	0	4	156	101	55
PCT9711	MV	1433	223	0	0	8	215	148	67
PCT9711	TO	1433	383	0	0	12	371	249	122
PCT9712	ED	1237	157	0	0	3	154	101	53
PCT9712	MV	1237	218	0	0	10	208	107	101
PCT9712	TO	1237	375	0	0	13	362	208	154
PCT9716	ED	951	110	0	0	6	104	64	40
PCT9716	MV	951	168	0	0	7	161	93	68
PCT9716	TO	951	278	0	0	13	265	157	108
PCT9717	ED	1917	177	0	0	4	173	110	63
PCT9717	MV	1917	316	0	0	12	304	179	125
PCT9717	TO	1917	493	0	0	16	477	289	188
PCT9718	ED	1833	225	0	0	5	220	140	80
PCT9718	MV	1833	365	0	0	11	354	200	154
PCT9718	TO	1833	590	0	0	16	574	340	234
PCT9719	ED	910	104	0	0	1	103	66	37
PCT9719	MV	910	161	0	0	3	158	91	67
PCT9719	TO	910	265	0	0	4	261	157	104
PCT9721	ED	660	114	0	0	3	111	68	43
PCT9721	MV	660	116	0	0	3	113	65	48
PCT9721	TO	660	230	0	0	6	224	133	91
PCT9722	ED	587	64	0	0	5	59	39	20
PCT9722	MV	587	131	0	0	6	125	79	46
PCT9722	TO	587	195	0	0	11	184	118	66
PCT9723	ED	505	34	0	0	0	34	18	16
PCT9723	MV	505	109	0	0	5	104	47	57
PCT9723	TO	505	143	0	0	5	138	65	73
PCT9724	ED	1003	72	0	0	2	70	40	30
PCT9724	MV	1003	209	0	1	5	203	77	126
PCT9724	TO	1003	281	0	1	7	273	117	156
PCT9725	ED	965	76	0	0	2	74	36	38
PCT9725	MV	965	164	0	0	8	156	67	89
PCT9725	TO	965	240	0	0	10	230	103	127
PCT9726	ED	621	53	0	0	1	52	37	15
PCT9726	MV	621	51	0	0	6	45	32	13
PCT9726	TO	621	104	0	0	7	97	69	28
PCT9727	ED	453	34	0	0	1	33	18	15
PCT9727	MV	453	89	0	0	1	88	40	48
PCT9727	TO	453	123	0	0	2	121	58	63
PCT9728	ED	1829	224	0	0	6	218	123	95
PCT9728	MV	1829	296	0	0	9	287	153	134
PCT9728	TO	1829	520	0	0	15	505	276	229
PCT9729	ED	809	86	0	0	1	85	50	35
PCT9729	MV	809	164	0	0	3	161	91	70
PCT9729	TO	809	250	0	0	4	246	141	105
PCT9731	ED	572	62	0	0	3	59	37	22
PCT9731	MV	572	94	0	0	1	93	45	48
PCT9731	TO	572	156	0	0	4	152	82	70
PCT9732	MV	71	10	0	0	0	10	6	4
PCT9732	TO	71	10	0	0	0	10	6	4
PCT9733	MV	235	51	0	0	3	48	33	15
PCT9733	TO	235	51	0	0	3	48	33	15
PCT9734	ED	1389	150	0	0	2	148	100	48
PCT9734	MV	1389	256	0	0	7	249	148	101
PCT9734	TO	1389	406	0	0	9	397	248	149
PCT9737	ED	1518	168	0	0	5	163	122	41
PCT9737	MV	1518	281	0	0	12	269	161	108
PCT9737	TO	1518	449	0	0	17	432	283	149
PCT9738	ED	813	34	0	0	1	33	25	8
PCT9738	MV	813	125	0	0	2	123	92	31
PCT9738	TO	813	159	0	0	3	156	117	39
PCT9739	ED	768	46	0	0	1	45	37	8
PCT9739	MV	768	72	0	0	1	71	58	13
PCT9739	TO	768	118	0	0	2	116	95	21
PCT9741	ED	497	7	0	0	0	7	7	0
PCT9741	MV	497	3	0	0	0	3	3	0
PCT9741	TO	497	10	0	0	0	10	10	0
PCT9742	ED	679	68	0	0	5	63	28	35
PCT9742	MV	679	82	0	0	4	78	38	40
PCT9742	TO	679	150	0	0	9	141	66	75
PCT9743	ED	1138	85	0	0	4	81	66	15
PCT9743	MV	1138	164	0	0	5	159	118	41
PCT9743	TO	1138	249	0	0	9	240	184	56
PCT9744	ED	907	97	0	0	6	91	68	23
PCT9744	MV	907	99	0	0	6	93	57	36
PCT9744	TO	907	196	0	0	12	184	125	59
PCT9745	ED	973	75	0	0	2	73	54	19
PCT9745	MV	973	115	0	0	1	114	85	29
PCT9745	TO	973	190	0	0	3	187	139	48
PCT9748	ED	910	80	0	0	1	79	47	32
PCT9748	MV	910	152	0	0	7	145	93	52
PCT9748	TO	910	232	0	0	8	224	140	84
PCT9749	ED	1871	160	0	0	5	155	116	39
PCT9749	MV	1871	223	0	0	14	209	139	70
PCT9749	TO	1871	383	0	0	19	364	255	109
PCT9751	ED	1038	101	0	0	3	98	63	35
PCT9751	MV	1038	184	0	0	7	177	85	92
PCT9751	TO	1038	285	0	0	10	275	148	127
PCT9752	ED	696	69	0	0	1	68	42	26
PCT9752	MV	696	132	0	0	5	127	61	66
PCT9752	TO	696	201	0	0	6	195	103	92
PCT9753	ED	764	81	0	0	0	81	59	22
PCT9753	MV	764	115	0	0	6	109	69	40
PCT9753	TO	764	196	0	0	6	190	128	62
PCT9754	ED	686	84	0	0	1	83	67	16
PCT9754	MV	686	114	0	0	3	111	85	26
PCT9754	TO	686	198	0	0	4	194	152	42
PCT9755	ED	567	58	0	0	0	58	40	18
PCT9755	MV	567	85	0	0	4	81	58	23
PCT9755	TO	567	143	0	0	4	139	98	41
PCT9756	ED	940	55	0	0	0	55	37	18
PCT9756	MV	940	136	0	0	2	134	78	56
PCT9756	TO	940	191	0	0	2	189	115	74
PCT9801	ED	404	38	0	0	2	36	33	3
PCT9801	MV	404	67	0	0	3	64	51	13
PCT9801	TO	404	105	0	0	5	100	84	16
