area_id	subtotal_type	RSReg	RSCst	RSRej	RSOvr	RSUnd	RSTot	40:YES	41:NO
ALLPCTS	TO	495050	163861	0	43	5495	158323	119087	39236
ALLPCTS	ED	495050	45586	0	13	1256	44317	35127	9190
ALLPCTS	MV	495050	118275	0	30	4239	114006	83960	30046
PCT1101	ED	557	39	0	0	2	37	28	9
PCT1101	MV	557	138	0	0	4	134	93	41
PCT1101	TO	557	177	0	0	6	171	121	50
PCT1102	ED	994	117	0	0	1	116	90	26
PCT1102	MV	994	263	0	0	2	261	158	103
PCT1102	TO	994	380	0	0	3	377	248	129
PCT1103	ED	962	88	0	0	1	87	72	15
PCT1103	MV	962	209	0	0	6	203	139	64
PCT1103	TO	962	297	0	0	7	290	211	79
PCT1104	ED	1012	76	0	0	3	73	53	20
PCT1104	MV	1012	198	0	0	8	190	140	50
PCT1104	TO	1012	274	0	0	11	263	193	70
PCT1106	ED	1505	127	0	0	5	122	89	33
PCT1106	MV	1505	343	0	1	8	334	205	129
PCT1106	TO	1505	470	0	1	13	456	294	162
PCT1108	ED	908	77	0	0	1	76	63	13
PCT1108	MV	908	202	0	0	13	189	137	52
PCT1108	TO	908	279	0	0	14	265	200	65
PCT1109	ED	805	73	0	0	2	71	56	15
PCT1109	MV	805	216	0	0	11	205	135	70
PCT1109	TO	805	289	0	0	13	276	191	85
PCT1111	ED	1025	73	0	0	0	73	57	16
PCT1111	MV	1025	262	0	0	10	252	161	91
PCT1111	TO	1025	335	0	0	10	325	218	107
PCT1112	ED	770	48	0	0	1	47	37	10
PCT1112	MV	770	171	0	0	3	168	113	55
PCT1112	TO	770	219	0	0	4	215	150	65
PCT1114	ED	1741	92	0	0	2	90	73	17
PCT1114	MV	1741	366	0	1	7	358	253	105
PCT1114	TO	1741	458	0	1	9	448	326	122
PCT1115	ED	1838	118	0	0	1	117	92	25
PCT1115	MV	1838	396	0	0	10	386	256	130
PCT1115	TO	1838	514	0	0	11	503	348	155
PCT1117	ED	1771	104	0	0	3	101	78	23
PCT1117	MV	1771	353	0	0	15	338	215	123
PCT1117	TO	1771	457	0	0	18	439	293	146
PCT1118	ED	1057	86	0	0	1	85	64	21
PCT1118	MV	1057	281	0	0	9	272	180	92
PCT1118	TO	1057	367	0	0	10	357	244	113
PCT1119	ED	771	32	0	0	1	31	23	8
PCT1119	MV	771	201	0	0	7	194	144	50
PCT1119	TO	771	233	0	0	8	225	167	58
PCT1122	ED	638	41	0	0	1	40	23	17
PCT1122	MV	638	167	0	0	6	161	88	73
PCT1122	TO	638	208	0	0	7	201	111	90
PCT1124	ED	812	51	0	0	1	50	31	19
PCT1124	MV	812	166	0	0	5	161	112	49
PCT1124	TO	812	217	0	0	6	211	143	68
PCT1125	ED	1064	37	0	0	1	36	28	8
PCT1125	MV	1064	233	0	0	4	229	148	81
PCT1125	TO	1064	270	0	0	5	265	176	89
PCT1126	ED	1676	91	0	0	2	89	59	30
PCT1126	MV	1676	399	0	0	11	388	251	137
PCT1126	TO	1676	490	0	0	13	477	310	167
PCT1127	ED	1827	107	0	0	2	105	83	22
PCT1127	MV	1827	425	0	0	22	403	254	149
PCT1127	TO	1827	532	0	0	24	508	337	171
PCT1129	ED	1018	62	0	0	3	59	42	17
PCT1129	MV	1018	220	0	1	10	209	124	85
PCT1129	TO	1018	282	0	1	13	268	166	102
PCT1131	ED	836	38	0	0	1	37	32	5
PCT1131	MV	836	207	0	0	9	198	108	90
PCT1131	TO	836	245	0	0	10	235	140	95
PCT1132	ED	1010	34	0	0	0	34	23	11
PCT1132	MV	1010	263	0	0	10	253	158	95
PCT1132	TO	1010	297	0	0	10	287	181	106
PCT1133	ED	857	40	0	0	0	40	27	13
PCT1133	MV	857	220	0	0	8	212	129	83
PCT1133	TO	857	260	0	0	8	252	156	96
PCT1134	ED	762	61	0	0	3	58	44	14
PCT1134	MV	762	195	0	0	5	190	123	67
PCT1134	TO	762	256	0	0	8	248	167	81
PCT1135	ED	554	37	0	0	2	35	27	8
PCT1135	MV	554	146	0	0	6	140	89	51
PCT1135	TO	554	183	0	0	8	175	116	59
PCT1136	ED	847	47	0	0	2	45	30	15
PCT1136	MV	847	217	0	0	8	209	142	67
PCT1136	TO	847	264	0	0	10	254	172	82
PCT1141	ED	1042	61	0	0	1	60	41	19
PCT1141	MV	1042	267	0	0	12	255	167	88
PCT1141	TO	1042	328	0	0	13	315	208	107
PCT1143	ED	1024	87	0	0	0	87	75	12
PCT1143	MV	1024	207	0	0	12	195	135	60
PCT1143	TO	1024	294	0	0	12	282	210	72
PCT1144	ED	1804	126	0	0	6	120	96	24
PCT1144	MV	1804	372	0	0	14	358	234	124
PCT1144	TO	1804	498	0	0	20	478	330	148
PCT1145	ED	894	57	0	0	2	55	45	10
PCT1145	MV	894	254	0	0	5	249	169	80
PCT1145	TO	894	311	0	0	7	304	214	90
PCT1146	ED	1008	71	0	0	1	70	59	11
PCT1146	MV	1008	206	0	0	17	189	135	54
PCT1146	TO	1008	277	0	0	18	259	194	65
PCT1147	ED	868	71	0	0	1	70	57	13
PCT1147	MV	868	196	0	0	5	191	136	55
PCT1147	TO	868	267	0	0	6	261	193	68
PCT1148	ED	1002	73	0	0	2	71	52	19
PCT1148	MV	1002	238	0	0	9	229	134	95
PCT1148	TO	1002	311	0	0	11	300	186	114
PCT1149	ED	911	70	0	0	0	70	51	19
PCT1149	MV	911	205	0	0	10	195	121	74
PCT1149	TO	911	275	0	0	10	265	172	93
PCT1152	ED	1815	126	0	0	2	124	82	42
PCT1152	MV	1815	433	0	0	13	420	291	129
PCT1152	TO	1815	559	0	0	15	544	373	171
PCT7001	ED	752	39	0	0	0	39	34	5
PCT7001	MV	752	184	0	0	6	178	128	50
PCT7001	TO	752	223	0	0	6	217	162	55
PCT7002	ED	659	43	0	0	1	42	37	5
PCT7002	MV	659	123	0	0	4	119	77	42
PCT7002	TO	659	166	0	0	5	161	114	47
PCT7003	ED	1755	179	0	0	4	175	138	37
PCT7003	MV	1755	431	0	2	7	422	333	89
PCT7003	TO	1755	610	0	2	11	597	471	126
PCT7005	ED	850	99	0	0	0	99	83	16
PCT7005	MV	850	241	0	0	4	237	189	48
PCT7005	TO	850	340	0	0	4	336	272	64
PCT7006	ED	921	87	0	0	2	85	64	21
PCT7006	MV	921	157	0	0	3	154	121	33
PCT7006	TO	921	244	0	0	5	239	185	54
PCT7007	ED	1821	211	0	0	4	207	171	36
PCT7007	MV	1821	538	0	0	16	522	380	142
PCT7007	TO	1821	749	0	0	20	729	551	178
PCT7009	ED	874	46	0	0	3	43	33	10
PCT7009	MV	874	230	0	0	5	225	193	32
PCT7009	TO	874	276	0	0	8	268	226	42
PCT7011	ED	951	66	0	0	2	64	55	9
PCT7011	MV	951	134	0	0	2	132	109	23
PCT7011	TO	951	200	0	0	4	196	164	32
PCT7012	ED	1165	113	0	0	1	112	92	20
PCT7012	MV	1165	289	0	0	5	284	226	58
PCT7012	TO	1165	402	0	0	6	396	318	78
PCT7013	ED	1033	60	0	0	0	60	51	9
PCT7013	MV	1033	237	0	0	8	229	191	38
PCT7013	TO	1033	297	0	0	8	289	242	47
PCT7014	ED	1388	97	0	0	1	96	81	15
PCT7014	MV	1388	354	0	1	11	342	273	69
PCT7014	TO	1388	451	0	1	12	438	354	84
PCT7015	MV	104	21	0	0	0	21	19	2
PCT7015	TO	104	21	0	0	0	21	19	2
PCT7016	ED	912	57	0	0	0	57	49	8
PCT7016	MV	912	149	0	0	8	141	92	49
PCT7016	TO	912	206	0	0	8	198	141	57
PCT7017	ED	781	32	0	0	4	28	26	2
PCT7017	MV	781	110	0	0	6	104	92	12
PCT7017	TO	781	142	0	0	10	132	118	14
PCT7019	ED	1908	90	0	0	2	88	72	16
PCT7019	MV	1908	472	0	0	25	447	323	124
PCT7019	TO	1908	562	0	0	27	535	395	140
PCT7021	ED	955	68	0	0	2	66	61	5
PCT7021	MV	955	136	0	0	4	132	105	27
PCT7021	TO	955	204	0	0	6	198	166	32
PCT7022	ED	943	78	0	0	2	76	70	6
PCT7022	MV	943	166	0	0	9	157	119	38
PCT7022	TO	943	244	0	0	11	233	189	44
PCT7024	ED	448	14	0	0	1	13	11	2
PCT7024	MV	448	30	0	0	1	29	26	3
PCT7024	TO	448	44	0	0	2	42	37	5
PCT7025	ED	473	23	0	0	0	23	17	6
PCT7025	MV	473	47	0	0	0	47	37	10
PCT7025	TO	473	70	0	0	0	70	54	16
PCT7026	ED	1009	46	0	0	2	44	34	10
PCT7026	MV	1009	270	0	0	9	261	177	84
PCT7026	TO	1009	316	0	0	11	305	211	94
PCT7027	ED	883	67	0	0	2	65	51	14
PCT7027	MV	883	205	0	0	8	197	135	62
PCT7027	TO	883	272	0	0	10	262	186	76
PCT7028	ED	849	77	0	0	3	74	64	10
PCT7028	MV	849	126	0	0	2	124	100	24
PCT7028	TO	849	203	0	0	5	198	164	34
PCT7029	ED	1812	100	0	0	1	99	86	13
PCT7029	MV	1812	323	0	0	10	313	250	63
PCT7029	TO	1812	423	0	0	11	412	336	76
PCT7030	ED	787	46	0	0	1	45	29	16
PCT7030	MV	787	216	0	0	16	200	123	77
PCT7030	TO	787	262	0	0	17	245	152	93
PCT7031	ED	680	24	0	0	0	24	17	7
PCT7031	MV	680	149	0	0	6	143	102	41
PCT7031	TO	680	173	0	0	6	167	119	48
PCT7032	ED	876	48	0	0	3	45	32	13
PCT7032	MV	876	172	0	0	3	169	118	51
PCT7032	TO	876	220	0	0	6	214	150	64
PCT7033	ED	770	61	0	0	2	59	52	7
PCT7033	MV	770	134	0	0	4	130	105	25
PCT7033	TO	770	195	0	0	6	189	157	32
PCT7034	ED	954	33	0	0	1	32	26	6
PCT7034	MV	954	110	0	0	7	103	86	17
PCT7034	TO	954	143	0	0	8	135	112	23
PCT7035	ED	681	26	0	0	2	24	23	1
PCT7035	MV	681	154	0	1	5	148	103	45
PCT7035	TO	681	180	0	1	7	172	126	46
PCT7037	ED	1676	59	0	0	3	56	49	7
PCT7037	MV	1676	217	0	0	10	207	149	58
PCT7037	TO	1676	276	0	0	13	263	198	65
PCT7038	ED	924	34	0	0	1	33	28	5
PCT7038	MV	924	217	0	0	7	210	135	75
PCT7038	TO	924	251	0	0	8	243	163	80
PCT7039	ED	830	71	0	0	1	70	53	17
PCT7039	MV	830	171	0	0	9	162	115	47
PCT7039	TO	830	242	0	0	10	232	168	64
PCT7041	MV	60	12	0	0	0	12	8	4
PCT7041	TO	60	12	0	0	0	12	8	4
PCT7042	ED	1069	67	0	0	1	66	45	21
PCT7042	MV	1069	224	0	0	15	209	159	50
PCT7042	TO	1069	291	0	0	16	275	204	71
PCT7043	ED	961	40	0	0	1	39	33	6
PCT7043	MV	961	180	0	0	5	175	124	51
PCT7043	TO	961	220	0	0	6	214	157	57
PCT7044	ED	844	23	0	0	1	22	20	2
PCT7044	MV	844	94	0	0	3	91	71	20
PCT7044	TO	844	117	0	0	4	113	91	22
PCT7045	ED	783	39	0	0	4	35	23	12
PCT7045	MV	783	214	0	0	5	209	141	68
PCT7045	TO	783	253	0	0	9	244	164	80
PCT7047	ED	1727	73	0	0	3	70	57	13
PCT7047	MV	1727	376	0	0	14	362	214	148
PCT7047	TO	1727	449	0	0	17	432	271	161
PCT7048	ED	870	37	0	0	1	36	31	5
PCT7048	MV	870	162	0	0	6	156	107	49
PCT7048	TO	870	199	0	0	7	192	138	54
PCT7049	ED	815	50	0	0	3	47	33	14
PCT7049	MV	815	182	0	0	9	173	81	92
PCT7049	TO	815	232	0	0	12	220	114	106
PCT7052	ED	878	67	0	0	0	67	50	17
PCT7052	MV	878	218	0	0	8	210	144	66
PCT7052	TO	878	285	0	0	8	277	194	83
PCT7053	ED	568	22	0	0	0	22	16	6
PCT7053	MV	568	108	0	0	5	103	75	28
PCT7053	TO	568	130	0	0	5	125	91	34
PCT7054	ED	1111	60	0	0	3	57	49	8
PCT7054	MV	1111	191	0	0	4	187	147	40
PCT7054	TO	1111	251	0	0	7	244	196	48
PCT7055	ED	799	21	0	0	1	20	17	3
PCT7055	MV	799	179	0	0	7	172	125	47
PCT7055	TO	799	200	0	0	8	192	142	50
PCT7101	MV	152	64	0	1	0	63	57	6
PCT7101	TO	152	64	0	1	0	63	57	6
PCT7202	ED	1747	117	0	0	1	116	87	29
PCT7202	MV	1747	413	0	0	14	399	281	118
PCT7202	TO	1747	530	0	0	15	515	368	147
PCT7203	ED	867	83	0	0	3	80	69	11
PCT7203	MV	867	172	0	0	10	162	115	47
PCT7203	TO	867	255	0	0	13	242	184	58
PCT7204	ED	890	73	0	0	6	67	50	17
PCT7204	MV	890	268	0	0	8	260	196	64
PCT7204	TO	890	341	0	0	14	327	246	81
PCT7205	ED	862	85	0	0	1	84	63	21
PCT7205	MV	862	235	0	0	14	221	159	62
PCT7205	TO	862	320	0	0	15	305	222	83
PCT7207	ED	1483	87	0	0	1	86	77	9
PCT7207	MV	1483	454	0	0	14	440	337	103
PCT7207	TO	1483	541	0	0	15	526	414	112
PCT7208	ED	560	36	0	0	3	33	28	5
PCT7208	MV	560	127	0	0	5	122	87	35
PCT7208	TO	560	163	0	0	8	155	115	40
PCT7301	ED	1993	161	0	0	4	157	123	34
PCT7301	MV	1993	486	0	0	14	472	350	122
PCT7301	TO	1993	647	0	0	18	629	473	156
PCT7302	ED	838	81	0	0	4	77	54	23
PCT7302	MV	838	278	0	0	11	267	200	67
PCT7302	TO	838	359	0	0	15	344	254	90
PCT7305	ED	1633	161	0	0	2	159	120	39
PCT7305	MV	1633	422	0	1	21	400	277	123
PCT7305	TO	1633	583	0	1	23	559	397	162
PCT7306	ED	2083	166	0	0	6	160	128	32
PCT7306	MV	2083	338	0	0	11	327	228	99
PCT7306	TO	2083	504	0	0	17	487	356	131
PCT7308	ED	614	75	0	0	4	71	54	17
PCT7308	MV	614	135	0	0	3	132	98	34
PCT7308	TO	614	210	0	0	7	203	152	51
PCT7311	ED	866	89	0	0	3	86	73	13
PCT7311	MV	866	208	0	0	5	203	155	48
PCT7311	TO	866	297	0	0	8	289	228	61
PCT7312	ED	801	69	0	0	3	66	50	16
PCT7312	MV	801	266	0	0	24	242	193	49
PCT7312	TO	801	335	0	0	27	308	243	65
PCT7314	ED	1749	106	0	0	8	98	77	21
PCT7314	MV	1749	429	0	0	39	390	312	78
PCT7314	TO	1749	535	0	0	47	488	389	99
PCT7315	ED	1584	130	0	0	4	126	103	23
PCT7315	MV	1584	269	0	0	12	257	199	58
PCT7315	TO	1584	399	0	0	16	383	302	81
PCT7317	ED	875	59	0	0	3	56	47	9
PCT7317	MV	875	235	0	1	14	220	155	65
PCT7317	TO	875	294	0	1	17	276	202	74
PCT7318	ED	1567	109	0	0	2	107	76	31
PCT7318	MV	1567	298	0	0	21	277	220	57
PCT7318	TO	1567	407	0	0	23	384	296	88
PCT7321	ED	1533	57	0	0	1	56	40	16
PCT7321	MV	1533	402	0	0	24	378	292	86
PCT7321	TO	1533	459	0	0	25	434	332	102
PCT7323	ED	1967	149	0	0	7	142	111	31
PCT7323	MV	1967	382	0	0	17	365	265	100
PCT7323	TO	1967	531	0	0	24	507	376	131
PCT7325	ED	1588	104	0	0	4	100	78	22
PCT7325	MV	1588	352	0	0	15	337	252	85
PCT7325	TO	1588	456	0	0	19	437	330	107
PCT7326	ED	1709	123	0	0	9	114	85	29
PCT7326	MV	1709	434	0	0	18	416	306	110
PCT7326	TO	1709	557	0	0	27	530	391	139
PCT7327	ED	668	26	0	0	2	24	18	6
PCT7327	MV	668	197	0	0	13	184	147	37
PCT7327	TO	668	223	0	0	15	208	165	43
PCT7328	ED	985	33	0	0	4	29	25	4
PCT7328	MV	985	286	0	0	23	263	230	33
PCT7328	TO	985	319	0	0	27	292	255	37
PCT7329	ED	638	31	0	0	2	29	23	6
PCT7329	MV	638	152	0	0	11	141	105	36
PCT7329	TO	638	183	0	0	13	170	128	42
PCT7331	ED	850	102	0	0	1	101	67	34
PCT7331	MV	850	238	0	0	11	227	169	58
PCT7331	TO	850	340	0	0	12	328	236	92
PCT7332	ED	1601	145	0	0	6	139	125	14
PCT7332	MV	1601	357	0	0	7	350	284	66
PCT7332	TO	1601	502	0	0	13	489	409	80
PCT7333	ED	1930	151	0	0	7	144	118	26
PCT7333	MV	1930	436	0	0	17	419	314	105
PCT7333	TO	1930	587	0	0	24	563	432	131
PCT7336	ED	2021	168	0	0	4	164	130	34
PCT7336	MV	2021	463	0	0	12	451	346	105
PCT7336	TO	2021	631	0	0	16	615	476	139
PCT7338	ED	1783	119	0	0	5	114	90	24
PCT7338	MV	1783	480	0	0	30	450	343	107
PCT7338	TO	1783	599	0	0	35	564	433	131
PCT7339	ED	1588	131	0	0	4	127	108	19
PCT7339	MV	1588	329	0	0	18	311	252	59
PCT7339	TO	1588	460	0	0	22	438	360	78
PCT7342	ED	909	133	0	0	3	130	105	25
PCT7342	MV	909	168	0	0	7	161	128	33
PCT7342	TO	909	301	0	0	10	291	233	58
PCT7343	ED	706	66	0	0	2	64	52	12
PCT7343	MV	706	81	0	0	0	81	64	17
PCT7343	TO	706	147	0	0	2	145	116	29
PCT7344	ED	1052	93	0	0	3	90	78	12
PCT7344	MV	1052	248	0	0	6	242	178	64
PCT7344	TO	1052	341	0	0	9	332	256	76
PCT7346	ED	879	82	0	0	1	81	70	11
PCT7346	MV	879	152	0	0	7	145	118	27
PCT7346	TO	879	234	0	0	8	226	188	38
PCT7348	ED	1826	121	0	0	4	117	99	18
PCT7348	MV	1826	327	0	0	13	314	262	52
PCT7348	TO	1826	448	0	0	17	431	361	70
PCT7502	ED	779	66	0	0	1	65	48	17
PCT7502	MV	779	211	0	0	9	202	153	49
PCT7502	TO	779	277	0	0	10	267	201	66
PCT7503	ED	725	56	0	0	2	54	49	5
PCT7503	MV	725	181	0	0	5	176	142	34
PCT7503	TO	725	237	0	0	7	230	191	39
PCT7504	ED	1019	95	0	0	7	88	72	16
PCT7504	MV	1019	263	0	0	9	254	184	70
PCT7504	TO	1019	358	0	0	16	342	256	86
PCT7505	ED	851	78	0	0	4	74	67	7
PCT7505	MV	851	338	0	0	19	319	264	55
PCT7505	TO	851	416	0	0	23	393	331	62
PCT7506	ED	1913	135	0	1	7	127	116	11
PCT7506	MV	1913	458	0	0	16	442	361	81
PCT7506	TO	1913	593	0	1	23	569	477	92
PCT7508	ED	720	75	0	0	2	73	57	16
PCT7508	MV	720	229	0	0	14	215	171	44
PCT7508	TO	720	304	0	0	16	288	228	60
PCT7509	ED	914	100	0	0	4	96	85	11
PCT7509	MV	914	236	0	0	9	227	174	53
PCT7509	TO	914	336	0	0	13	323	259	64
PCT7512	ED	588	58	0	0	2	56	43	13
PCT7512	MV	588	177	0	0	7	170	139	31
PCT7512	TO	588	235	0	0	9	226	182	44
PCT7513	ED	784	78	0	0	6	72	60	12
PCT7513	MV	784	173	0	0	7	166	147	19
PCT7513	TO	784	251	0	0	13	238	207	31
PCT7514	ED	901	54	0	0	4	50	45	5
PCT7514	MV	901	196	0	0	9	187	153	34
PCT7514	TO	901	250	0	0	13	237	198	39
PCT7515	ED	852	70	0	0	4	66	60	6
PCT7515	MV	852	197	0	0	9	188	157	31
PCT7515	TO	852	267	0	0	13	254	217	37
PCT7516	ED	906	89	0	0	2	87	69	18
PCT7516	MV	906	307	0	1	14	292	229	63
PCT7516	TO	906	396	0	1	16	379	298	81
PCT7518	ED	1754	221	0	0	5	216	174	42
PCT7518	MV	1754	466	0	0	15	451	389	62
PCT7518	TO	1754	687	0	0	20	667	563	104
PCT7519	ED	709	88	0	0	3	85	74	11
PCT7519	MV	709	168	0	0	2	166	139	27
PCT7519	TO	709	256	0	0	5	251	213	38
PCT7521	ED	761	99	0	0	5	94	78	16
PCT7521	MV	761	177	0	0	4	173	156	17
PCT7521	TO	761	276	0	0	9	267	234	33
PCT7522	ED	1464	203	0	0	6	197	178	19
PCT7522	MV	1464	322	0	0	7	315	285	30
PCT7522	TO	1464	525	0	0	13	512	463	49
PCT7524	ED	606	74	0	0	1	73	67	6
PCT7524	MV	606	128	0	0	8	120	110	10
PCT7524	TO	606	202	0	0	9	193	177	16
PCT7525	ED	762	67	0	0	1	66	60	6
PCT7525	MV	762	159	0	0	3	156	130	26
PCT7525	TO	762	226	0	0	4	222	190	32
PCT7526	ED	974	93	0	0	4	89	76	13
PCT7526	MV	974	234	0	0	10	224	206	18
PCT7526	TO	974	327	0	0	14	313	282	31
PCT7527	ED	689	95	0	0	4	91	82	9
PCT7527	MV	689	185	0	0	10	175	160	15
PCT7527	TO	689	280	0	0	14	266	242	24
PCT7529	ED	906	136	0	0	5	131	120	11
PCT7529	MV	906	210	0	0	10	200	172	28
PCT7529	TO	906	346	0	0	15	331	292	39
PCT7531	ED	839	74	0	1	1	72	66	6
PCT7531	MV	839	220	0	0	7	213	198	15
PCT7531	TO	839	294	0	1	8	285	264	21
PCT7532	ED	792	90	0	0	4	86	73	13
PCT7532	MV	792	195	0	0	4	191	162	29
PCT7532	TO	792	285	0	0	8	277	235	42
PCT7533	ED	936	169	0	0	4	165	144	21
PCT7533	MV	936	230	0	0	6	224	188	36
PCT7533	TO	936	399	0	0	10	389	332	57
PCT7534	ED	881	116	0	0	5	111	102	9
PCT7534	MV	881	151	0	0	6	145	122	23
PCT7534	TO	881	267	0	0	11	256	224	32
PCT7536	ED	1594	243	0	0	6	237	220	17
PCT7536	MV	1594	419	0	1	10	408	358	50
PCT7536	TO	1594	662	0	1	16	645	578	67
PCT7537	ED	1472	218	0	0	3	215	190	25
PCT7537	MV	1472	371	0	0	9	362	308	54
PCT7537	TO	1472	589	0	0	12	577	498	79
PCT7539	ED	906	180	0	0	6	174	168	6
PCT7539	MV	906	169	0	0	2	167	152	15
PCT7539	TO	906	349	0	0	8	341	320	21
PCT7541	ED	769	100	0	0	2	98	89	9
PCT7541	MV	769	198	0	0	6	192	162	30
PCT7541	TO	769	298	0	0	8	290	251	39
PCT7543	ED	1718	204	0	0	5	199	173	26
PCT7543	MV	1718	462	0	0	18	444	393	51
PCT7543	TO	1718	666	0	0	23	643	566	77
PCT7544	ED	892	112	0	0	1	111	98	13
PCT7544	MV	892	233	0	0	8	225	205	20
PCT7544	TO	892	345	0	0	9	336	303	33
PCT7545	ED	877	110	0	0	2	108	93	15
PCT7545	MV	877	205	0	0	3	202	172	30
PCT7545	TO	877	315	0	0	5	310	265	45
PCT7546	ED	1900	271	0	0	7	264	240	24
PCT7546	MV	1900	546	0	0	14	532	463	69
PCT7546	TO	1900	817	0	0	21	796	703	93
PCT7548	ED	1027	149	0	0	3	146	129	17
PCT7548	MV	1027	219	0	0	6	213	180	33
PCT7548	TO	1027	368	0	0	9	359	309	50
PCT7549	ED	799	99	0	0	5	94	84	10
PCT7549	MV	799	247	0	0	7	240	207	33
PCT7549	TO	799	346	0	0	12	334	291	43
PCT7552	ED	685	97	0	0	4	93	83	10
PCT7552	MV	685	176	0	0	5	171	145	26
PCT7552	TO	685	273	0	0	9	264	228	36
PCT7553	MV	182	66	0	0	4	62	56	6
PCT7553	TO	182	66	0	0	4	62	56	6
PCT7554	ED	795	108	0	0	2	106	86	20
PCT7554	MV	795	220	0	0	9	211	176	35
PCT7554	TO	795	328	0	0	11	317	262	55
PCT7555	ED	1584	271	0	0	5	266	235	31
PCT7555	MV	1584	481	0	0	8	473	376	97
PCT7555	TO	1584	752	0	0	13	739	611	128
PCT7556	ED	958	113	0	0	2	111	89	22
PCT7556	MV	958	355	0	0	7	348	287	61
PCT7556	TO	958	468	0	0	9	459	376	83
PCT7601	ED	677	61	0	0	3	58	49	9
PCT7601	MV	677	127	0	0	3	124	103	21
PCT7601	TO	677	188	0	0	6	182	152	30
PCT7602	ED	1659	136	0	0	5	131	114	17
PCT7602	MV	1659	289	0	0	11	278	247	31
PCT7602	TO	1659	425	0	0	16	409	361	48
PCT7605	ED	1508	77	0	0	1	76	70	6
PCT7605	MV	1508	390	0	0	12	378	328	50
PCT7605	TO	1508	467	0	0	13	454	398	56
PCT7606	ED	887	63	0	0	0	63	55	8
PCT7606	MV	887	117	0	0	2	115	97	18
PCT7606	TO	887	180	0	0	2	178	152	26
PCT7607	ED	900	65	0	0	4	61	53	8
PCT7607	MV	900	175	0	0	7	168	141	27
PCT7607	TO	900	240	0	0	11	229	194	35
PCT7608	ED	1300	81	0	0	3	78	68	10
PCT7608	MV	1300	214	0	1	10	203	171	32
PCT7608	TO	1300	295	0	1	13	281	239	42
PCT7611	ED	763	38	0	0	2	36	31	5
PCT7611	MV	763	158	0	0	7	151	129	22
PCT7611	TO	763	196	0	0	9	187	160	27
PCT7613	ED	1421	101	0	0	6	95	84	11
PCT7613	MV	1421	291	0	0	16	275	229	46
PCT7613	TO	1421	392	0	0	22	370	313	57
PCT7614	ED	932	56	0	0	1	55	49	6
PCT7614	MV	932	134	0	0	5	129	113	16
PCT7614	TO	932	190	0	0	6	184	162	22
PCT7615	ED	745	41	0	0	5	36	35	1
PCT7615	MV	745	132	0	0	7	125	97	28
PCT7615	TO	745	173	0	0	12	161	132	29
PCT7616	ED	1246	58	0	0	0	58	49	9
PCT7616	MV	1246	262	0	0	8	254	215	39
PCT7616	TO	1246	320	0	0	8	312	264	48
PCT7617	ED	737	32	0	0	2	30	24	6
PCT7617	MV	737	167	0	0	10	157	132	25
PCT7617	TO	737	199	0	0	12	187	156	31
PCT7618	ED	873	54	0	0	2	52	44	8
PCT7618	MV	873	197	0	0	3	194	157	37
PCT7618	TO	873	251	0	0	5	246	201	45
PCT7619	ED	1055	64	0	0	1	63	55	8
PCT7619	MV	1055	241	0	0	10	231	188	43
PCT7619	TO	1055	305	0	0	11	294	243	51
PCT7621	ED	1064	60	0	0	1	59	51	8
PCT7621	MV	1064	214	0	0	9	205	163	42
PCT7621	TO	1064	274	0	0	10	264	214	50
PCT7622	ED	923	44	0	0	2	42	35	7
PCT7622	MV	923	130	0	0	1	129	112	17
PCT7622	TO	923	174	0	0	3	171	147	24
PCT7623	ED	965	68	0	0	2	66	61	5
PCT7623	MV	965	148	0	0	6	142	127	15
PCT7623	TO	965	216	0	0	8	208	188	20
PCT7624	ED	835	46	0	0	1	45	40	5
PCT7624	MV	835	144	0	0	8	136	125	11
PCT7624	TO	835	190	0	0	9	181	165	16
PCT7625	ED	809	23	0	0	0	23	20	3
PCT7625	MV	809	371	0	0	46	325	276	49
PCT7625	TO	809	394	0	0	46	348	296	52
PCT7626	ED	1037	47	0	0	0	47	38	9
PCT7626	MV	1037	262	0	0	4	258	197	61
PCT7626	TO	1037	309	0	0	4	305	235	70
PCT7628	ED	933	69	0	0	2	67	62	5
PCT7628	MV	933	192	0	0	6	186	156	30
PCT7628	TO	933	261	0	0	8	253	218	35
PCT7629	ED	847	61	0	0	2	59	50	9
PCT7629	MV	847	151	0	0	6	145	121	24
PCT7629	TO	847	212	0	0	8	204	171	33
PCT7632	ED	1112	60	0	0	1	59	52	7
PCT7632	MV	1112	210	0	0	4	206	158	48
PCT7632	TO	1112	270	0	0	5	265	210	55
PCT7633	ED	1902	109	0	0	3	106	91	15
PCT7633	MV	1902	441	0	1	13	427	341	86
PCT7633	TO	1902	550	0	1	16	533	432	101
PCT7634	ED	864	63	0	0	9	54	44	10
PCT7634	MV	864	228	0	0	7	221	190	31
PCT7634	TO	864	291	0	0	16	275	234	41
PCT7635	ED	821	41	0	0	1	40	30	10
PCT7635	MV	821	174	0	0	2	172	143	29
PCT7635	TO	821	215	0	0	3	212	173	39
PCT7636	ED	945	59	0	0	1	58	42	16
PCT7636	MV	945	181	0	0	8	173	125	48
PCT7636	TO	945	240	0	0	9	231	167	64
PCT7637	ED	841	44	0	0	0	44	32	12
PCT7637	MV	841	216	0	0	5	211	149	62
PCT7637	TO	841	260	0	0	5	255	181	74
PCT7638	ED	1467	67	0	0	4	63	28	35
PCT7638	MV	1467	412	0	0	14	398	255	143
PCT7638	TO	1467	479	0	0	18	461	283	178
PCT7639	ED	1935	103	0	0	5	98	70	28
PCT7639	MV	1935	516	0	0	18	498	374	124
PCT7639	TO	1935	619	0	0	23	596	444	152
PCT7642	ED	946	60	0	0	5	55	42	13
PCT7642	MV	946	186	0	0	12	174	130	44
PCT7642	TO	946	246	0	0	17	229	172	57
PCT7643	ED	927	68	0	0	2	66	56	10
PCT7643	MV	927	283	0	0	8	275	222	53
PCT7643	TO	927	351	0	0	10	341	278	63
PCT7644	ED	1111	60	0	0	0	60	52	8
PCT7644	MV	1111	212	0	0	6	206	157	49
PCT7644	TO	1111	272	0	0	6	266	209	57
PCT7645	ED	626	28	0	1	1	26	18	8
PCT7645	MV	626	189	0	0	11	178	119	59
PCT7645	TO	626	217	0	1	12	204	137	67
PCT7646	ED	1090	41	0	0	3	38	32	6
PCT7646	MV	1090	284	0	0	3	281	218	63
PCT7646	TO	1090	325	0	0	6	319	250	69
PCT7647	ED	968	46	0	0	0	46	41	5
PCT7647	MV	968	81	0	0	1	80	67	13
PCT7647	TO	968	127	0	0	1	126	108	18
PCT7648	MV	2	0	0	0	0	0	0	0
PCT7648	TO	2	0	0	0	0	0	0	0
PCT7649	ED	888	44	0	0	1	43	34	9
PCT7649	MV	888	171	0	0	8	163	139	24
PCT7649	TO	888	215	0	0	9	206	173	33
PCT7651	ED	830	29	0	0	1	28	21	7
PCT7651	MV	830	174	0	0	4	170	132	38
PCT7651	TO	830	203	0	0	5	198	153	45
PCT7652	ED	596	38	0	0	3	35	25	10
PCT7652	MV	596	124	0	0	3	121	98	23
PCT7652	TO	596	162	0	0	6	156	123	33
PCT7653	ED	1373	52	0	0	2	50	43	7
PCT7653	MV	1373	299	0	0	8	291	206	85
PCT7653	TO	1373	351	0	0	10	341	249	92
PCT7655	ED	1150	38	0	0	1	37	28	9
PCT7655	MV	1150	230	0	0	8	222	159	63
PCT7655	TO	1150	268	0	0	9	259	187	72
PCT7701	ED	1035	113	0	0	0	113	92	21
PCT7701	MV	1035	319	0	0	8	311	227	84
PCT7701	TO	1035	432	0	0	8	424	319	105
PCT7703	MV	178	36	0	0	1	35	32	3
PCT7703	TO	178	36	0	0	1	35	32	3
PCT7704	ED	1723	201	0	0	8	193	120	73
PCT7704	MV	1723	443	0	0	12	431	247	184
PCT7704	TO	1723	644	0	0	20	624	367	257
PCT7705	ED	570	67	0	0	1	66	42	24
PCT7705	MV	570	176	0	0	8	168	96	72
PCT7705	TO	570	243	0	0	9	234	138	96
PCT7706	ED	839	120	0	0	4	116	69	47
PCT7706	MV	839	267	0	0	8	259	165	94
PCT7706	TO	839	387	0	0	12	375	234	141
PCT7707	ED	861	119	0	0	5	114	80	34
PCT7707	MV	861	265	0	0	10	255	175	80
PCT7707	TO	861	384	0	0	15	369	255	114
PCT7708	ED	881	92	0	0	1	91	68	23
PCT7708	MV	881	306	0	0	12	294	197	97
PCT7708	TO	881	398	0	0	13	385	265	120
PCT7709	ED	395	65	0	0	1	64	51	13
PCT7709	MV	395	120	0	0	4	116	81	35
PCT7709	TO	395	185	0	0	5	180	132	48
PCT7712	ED	1308	145	0	0	4	141	116	25
PCT7712	MV	1308	334	0	0	12	322	238	84
PCT7712	TO	1308	479	0	0	16	463	354	109
PCT7801	ED	968	110	0	0	3	107	92	15
PCT7801	MV	968	272	0	0	4	268	204	64
PCT7801	TO	968	382	0	0	7	375	296	79
PCT7802	ED	788	107	0	0	3	104	91	13
PCT7802	MV	788	231	0	1	13	217	171	46
PCT7802	TO	788	338	0	1	16	321	262	59
PCT7803	ED	822	67	0	0	4	63	56	7
PCT7803	MV	822	314	0	0	8	306	230	76
PCT7803	TO	822	381	0	0	12	369	286	83
PCT7805	ED	1683	205	0	0	4	201	179	22
PCT7805	MV	1683	531	0	0	17	514	420	94
PCT7805	TO	1683	736	0	0	21	715	599	116
PCT7807	ED	796	125	0	0	1	124	112	12
PCT7807	MV	796	215	0	0	5	210	183	27
PCT7807	TO	796	340	0	0	6	334	295	39
PCT7808	ED	1377	206	0	0	4	202	174	28
PCT7808	MV	1377	317	0	0	11	306	266	40
PCT7808	TO	1377	523	0	0	15	508	440	68
PCT7809	ED	770	89	0	0	4	85	76	9
PCT7809	MV	770	203	0	0	6	197	169	28
PCT7809	TO	770	292	0	0	10	282	245	37
PCT7811	ED	726	97	0	0	0	97	88	9
PCT7811	MV	726	164	0	0	6	158	146	12
PCT7811	TO	726	261	0	0	6	255	234	21
PCT7812	ED	871	107	0	0	7	100	83	17
PCT7812	MV	871	175	0	0	3	172	150	22
PCT7812	TO	871	282	0	0	10	272	233	39
PCT7813	ED	1037	153	0	0	1	152	129	23
PCT7813	MV	1037	274	0	0	4	270	234	36
PCT7813	TO	1037	427	0	0	5	422	363	59
PCT7814	ED	887	80	0	0	1	79	70	9
PCT7814	MV	887	183	0	1	5	177	159	18
PCT7814	TO	887	263	0	1	6	256	229	27
PCT7815	ED	1779	190	0	0	2	188	154	34
PCT7815	MV	1779	513	0	0	16	497	393	104
PCT7815	TO	1779	703	0	0	18	685	547	138
PCT7817	ED	1641	225	0	0	2	223	198	25
PCT7817	MV	1641	519	0	0	10	509	445	64
PCT7817	TO	1641	744	0	0	12	732	643	89
PCT7819	ED	1585	181	0	0	0	181	161	20
PCT7819	MV	1585	418	0	1	16	401	340	61
PCT7819	TO	1585	599	0	1	16	582	501	81
PCT7821	ED	965	134	0	0	2	132	107	25
PCT7821	MV	965	327	0	0	5	322	262	60
PCT7821	TO	965	461	0	0	7	454	369	85
PCT7822	ED	1748	263	0	0	2	261	229	32
PCT7822	MV	1748	525	0	0	14	511	435	76
PCT7822	TO	1748	788	0	0	16	772	664	108
PCT7824	ED	1353	175	0	0	5	170	147	23
PCT7824	MV	1353	337	0	0	9	328	289	39
PCT7824	TO	1353	512	0	0	14	498	436	62
PCT7826	ED	661	107	0	0	6	101	94	7
PCT7826	MV	661	118	0	0	4	114	100	14
PCT7826	TO	661	225	0	0	10	215	194	21
PCT7828	ED	997	105	0	0	1	104	79	25
PCT7828	MV	997	232	0	0	10	222	160	62
PCT7828	TO	997	337	0	0	11	326	239	87
PCT7829	ED	884	113	0	0	2	111	89	22
PCT7829	MV	884	298	0	0	8	290	219	71
PCT7829	TO	884	411	0	0	10	401	308	93
PCT7832	ED	773	77	0	0	5	72	62	10
PCT7832	MV	773	234	0	0	5	229	192	37
PCT7832	TO	773	311	0	0	10	301	254	47
PCT7834	ED	1593	199	0	0	7	192	169	23
PCT7834	MV	1593	403	0	0	8	395	344	51
PCT7834	TO	1593	602	0	0	15	587	513	74
PCT7835	ED	847	77	0	0	0	77	63	14
PCT7835	MV	847	193	0	0	4	189	139	50
PCT7835	TO	847	270	0	0	4	266	202	64
PCT7836	ED	1011	108	0	0	1	107	89	18
PCT7836	MV	1011	275	0	0	4	271	194	77
PCT7836	TO	1011	383	0	0	5	378	283	95
PCT7837	ED	1784	238	0	0	4	234	190	44
PCT7837	MV	1784	555	0	1	20	534	409	125
PCT7837	TO	1784	793	0	1	24	768	599	169
PCT7839	ED	1718	176	0	0	5	171	137	34
PCT7839	MV	1718	566	0	0	9	557	462	95
PCT7839	TO	1718	742	0	0	14	728	599	129
PCT7841	ED	1778	277	0	0	3	274	240	34
PCT7841	MV	1778	393	0	1	14	378	327	51
PCT7841	TO	1778	670	0	1	17	652	567	85
PCT7843	ED	719	108	0	0	4	104	96	8
PCT7843	MV	719	184	0	0	9	175	157	18
PCT7843	TO	719	292	0	0	13	279	253	26
PCT7844	ED	630	77	0	0	1	76	72	4
PCT7844	MV	630	157	0	0	6	151	137	14
PCT7844	TO	630	234	0	0	7	227	209	18
PCT7845	ED	870	107	0	0	1	106	77	29
PCT7845	MV	870	252	0	0	6	246	206	40
PCT7845	TO	870	359	0	0	7	352	283	69
PCT7846	ED	888	103	0	0	3	100	75	25
PCT7846	MV	888	233	0	0	8	225	183	42
PCT7846	TO	888	336	0	0	11	325	258	67
PCT7847	ED	1718	225	0	0	6	219	179	40
PCT7847	MV	1718	400	0	0	13	387	321	66
PCT7847	TO	1718	625	0	0	19	606	500	106
PCT7849	ED	887	126	0	0	3	123	102	21
PCT7849	MV	887	218	0	0	2	216	174	42
PCT7849	TO	887	344	0	0	5	339	276	63
PCT7852	ED	1153	130	0	0	2	128	87	41
PCT7852	MV	1153	371	0	0	10	361	262	99
PCT7852	TO	1153	501	0	0	12	489	349	140
PCT7853	ED	1736	183	0	0	2	181	143	38
PCT7853	MV	1736	432	0	0	8	424	331	93
PCT7853	TO	1736	615	0	0	10	605	474	131
PCT7854	ED	866	109	0	0	3	106	94	12
PCT7854	MV	866	269	0	0	6	263	216	47
PCT7854	TO	866	378	0	0	9	369	310	59
PCT7855	ED	1775	243	0	0	3	240	216	24
PCT7855	MV	1775	396	0	0	12	384	316	68
PCT7855	TO	1775	639	0	0	15	624	532	92
PCT7858	ED	1646	199	0	0	5	194	168	26
PCT7858	MV	1646	398	0	0	13	385	319	66
PCT7858	TO	1646	597	0	0	18	579	487	92
PCT7861	ED	854	111	0	0	2	109	87	22
PCT7861	MV	854	215	0	0	7	208	167	41
PCT7861	TO	854	326	0	0	9	317	254	63
PCT7862	ED	857	132	0	0	2	130	108	22
PCT7862	MV	857	242	0	0	9	233	195	38
PCT7862	TO	857	374	0	0	11	363	303	60
PCT7863	ED	881	127	0	0	2	125	104	21
PCT7863	MV	881	189	0	0	4	185	156	29
PCT7863	TO	881	316	0	0	6	310	260	50
PCT7864	ED	804	96	0	0	1	95	84	11
PCT7864	MV	804	228	0	0	10	218	171	47
PCT7864	TO	804	324	0	0	11	313	255	58
PCT7866	ED	822	113	0	0	4	109	82	27
PCT7866	MV	822	267	0	0	9	258	160	98
PCT7866	TO	822	380	0	0	13	367	242	125
PCT7867	ED	969	124	0	0	3	121	96	25
PCT7867	MV	969	287	0	0	10	277	228	49
PCT7867	TO	969	411	0	0	13	398	324	74
PCT7868	ED	870	117	0	0	1	116	93	23
PCT7868	MV	870	233	0	0	3	230	169	61
PCT7868	TO	870	350	0	0	4	346	262	84
PCT7869	ED	863	109	0	0	4	105	88	17
PCT7869	MV	863	290	0	0	10	280	224	56
PCT7869	TO	863	399	0	0	14	385	312	73
PCT7871	ED	877	125	0	0	2	123	94	29
PCT7871	MV	877	190	0	0	7	183	149	34
PCT7871	TO	877	315	0	0	9	306	243	63
PCT7872	ED	863	134	0	0	2	132	97	35
PCT7872	MV	863	289	0	0	7	282	221	61
PCT7872	TO	863	423	0	0	9	414	318	96
PCT7873	ED	1688	227	0	0	8	219	188	31
PCT7873	MV	1688	523	0	0	14	509	398	111
PCT7873	TO	1688	750	0	0	22	728	586	142
PCT7874	ED	474	55	0	0	2	53	45	8
PCT7874	MV	474	118	0	0	4	114	83	31
PCT7874	TO	474	173	0	0	6	167	128	39
PCT7875	ED	624	63	0	0	0	63	54	9
PCT7875	MV	624	149	0	0	5	144	112	32
PCT7875	TO	624	212	0	0	5	207	166	41
PCT7876	ED	523	49	0	0	2	47	41	6
PCT7876	MV	523	143	0	0	1	142	123	19
PCT7876	TO	523	192	0	0	3	189	164	25
PCT7902	ED	1729	159	0	0	1	158	140	18
PCT7902	MV	1729	310	0	0	5	305	263	42
PCT7902	TO	1729	469	0	0	6	463	403	60
PCT7903	ED	826	102	0	1	1	100	93	7
PCT7903	MV	826	168	0	0	6	162	143	19
PCT7903	TO	826	270	0	1	7	262	236	26
PCT7905	ED	880	115	0	0	3	112	91	21
PCT7905	MV	880	216	0	0	8	208	160	48
PCT7905	TO	880	331	0	0	11	320	251	69
PCT7906	ED	757	75	0	0	2	73	69	4
PCT7906	MV	757	93	0	0	3	90	78	12
PCT7906	TO	757	168	0	0	5	163	147	16
PCT7908	ED	1907	203	0	0	3	200	179	21
PCT7908	MV	1907	301	0	0	10	291	256	35
PCT7908	TO	1907	504	0	0	13	491	435	56
PCT7909	ED	718	96	0	0	1	95	84	11
PCT7909	MV	718	165	0	0	4	161	145	16
PCT7909	TO	718	261	0	0	5	256	229	27
PCT7911	ED	845	91	0	0	2	89	82	7
PCT7911	MV	845	177	0	0	3	174	145	29
PCT7911	TO	845	268	0	0	5	263	227	36
PCT7912	ED	1940	230	0	0	7	223	206	17
PCT7912	MV	1940	398	0	0	11	387	334	53
PCT7912	TO	1940	628	0	0	18	610	540	70
PCT7915	ED	1692	201	0	0	3	198	185	13
PCT7915	MV	1692	339	0	1	6	332	284	48
PCT7915	TO	1692	540	0	1	9	530	469	61
PCT7916	ED	842	119	0	0	1	118	104	14
PCT7916	MV	842	186	0	0	2	184	154	30
PCT7916	TO	842	305	0	0	3	302	258	44
PCT7917	ED	1823	232	0	1	4	227	209	18
PCT7917	MV	1823	268	0	0	6	262	231	31
PCT7917	TO	1823	500	0	1	10	489	440	49
PCT7918	ED	798	96	0	0	2	94	84	10
PCT7918	MV	798	156	0	0	5	151	136	15
PCT7918	TO	798	252	0	0	7	245	220	25
PCT7921	ED	1729	158	0	0	3	155	137	18
PCT7921	MV	1729	348	0	0	10	338	281	57
PCT7921	TO	1729	506	0	0	13	493	418	75
PCT7923	ED	1708	173	0	0	1	172	151	21
PCT7923	MV	1708	258	0	0	8	250	194	56
PCT7923	TO	1708	431	0	0	9	422	345	77
PCT7925	ED	530	58	0	0	2	56	51	5
PCT7925	MV	530	128	0	0	2	126	105	21
PCT7925	TO	530	186	0	0	4	182	156	26
PCT7926	ED	783	114	0	0	1	113	92	21
PCT7926	MV	783	137	0	0	4	133	109	24
PCT7926	TO	783	251	0	0	5	246	201	45
PCT7928	ED	1661	261	0	0	6	255	224	31
PCT7928	MV	1661	440	0	0	4	436	362	74
PCT7928	TO	1661	701	0	0	10	691	586	105
PCT7929	ED	830	117	0	0	1	116	98	18
PCT7929	MV	830	270	0	0	6	264	222	42
PCT7929	TO	830	387	0	0	7	380	320	60
PCT7931	ED	742	96	0	0	1	95	83	12
PCT7931	MV	742	249	0	1	4	244	208	36
PCT7931	TO	742	345	0	1	5	339	291	48
PCT7932	ED	547	68	0	0	1	67	53	14
PCT7932	MV	547	154	0	0	2	152	118	34
PCT7932	TO	547	222	0	0	3	219	171	48
PCT7933	MV	7	4	0	0	0	4	2	2
PCT7933	TO	7	4	0	0	0	4	2	2
PCT7934	ED	866	92	0	0	3	89	77	12
PCT7934	MV	866	250	0	0	7	243	220	23
PCT7934	TO	866	342	0	0	10	332	297	35
PCT7935	ED	927	131	0	0	3	128	115	13
PCT7935	MV	927	254	0	1	8	245	206	39
PCT7935	TO	927	385	0	1	11	373	321	52
PCT7936	ED	1508	285	0	1	4	280	259	21
PCT7936	MV	1508	318	0	0	7	311	272	39
PCT7936	TO	1508	603	0	1	11	591	531	60
PCT7937	ED	899	108	0	0	4	104	92	12
PCT7937	MV	899	252	0	1	6	245	211	34
PCT7937	TO	899	360	0	1	10	349	303	46
PCT7938	ED	758	80	0	0	1	79	75	4
PCT7938	MV	758	177	0	0	7	170	143	27
PCT7938	TO	758	257	0	0	8	249	218	31
PCT7941	ED	752	95	0	0	2	93	85	8
PCT7941	MV	752	176	0	0	4	172	143	29
PCT7941	TO	752	271	0	0	6	265	228	37
PCT7942	ED	923	72	0	0	2	70	58	12
PCT7942	MV	923	213	0	0	9	204	167	37
PCT7942	TO	923	285	0	0	11	274	225	49
PCT7943	ED	1675	215	0	0	5	210	173	37
PCT7943	MV	1675	436	0	0	20	416	338	78
PCT7943	TO	1675	651	0	0	25	626	511	115
PCT7945	ED	940	50	0	0	0	50	48	2
PCT7945	MV	940	210	0	0	8	202	166	36
PCT7945	TO	940	260	0	0	8	252	214	38
PCT7946	ED	1553	111	0	1	2	108	80	28
PCT7946	MV	1553	411	0	0	14	397	242	155
PCT7946	TO	1553	522	0	1	16	505	322	183
PCT7947	ED	960	51	0	0	3	48	34	14
PCT7947	MV	960	262	0	0	12	250	168	82
PCT7947	TO	960	313	0	0	15	298	202	96
PCT7948	ED	918	75	0	0	1	74	55	19
PCT7948	MV	918	261	0	1	10	250	157	93
PCT7948	TO	918	336	0	1	11	324	212	112
PCT7951	ED	1818	98	0	0	4	94	65	29
PCT7951	MV	1818	518	0	0	36	482	291	191
PCT7951	TO	1818	616	0	0	40	576	356	220
PCT7953	ED	824	69	0	0	0	69	48	21
PCT7953	MV	824	204	0	0	11	193	96	97
PCT7953	TO	824	273	0	0	11	262	144	118
PCT7954	MV	1	1	0	0	0	1	1	0
PCT7954	TO	1	1	0	0	0	1	1	0
PCT7956	ED	1759	85	0	0	4	81	53	28
PCT7956	MV	1759	358	0	0	20	338	219	119
PCT7956	TO	1759	443	0	0	24	419	272	147
PCT7957	ED	665	60	0	0	1	59	45	14
PCT7957	MV	665	180	0	0	8	172	125	47
PCT7957	TO	665	240	0	0	9	231	170	61
PCT7958	MV	301	73	0	0	0	73	46	27
PCT7958	TO	301	73	0	0	0	73	46	27
PCT7959	ED	1198	94	0	0	2	92	82	10
PCT7959	MV	1198	240	0	0	2	238	207	31
PCT7959	TO	1198	334	0	0	4	330	289	41
PCT9001	MV	286	69	0	0	0	69	61	8
PCT9001	TO	286	69	0	0	0	69	61	8
PCT9103	ED	946	98	0	0	6	92	60	32
PCT9103	MV	946	221	0	0	9	212	155	57
PCT9103	TO	946	319	0	0	15	304	215	89
PCT9104	ED	993	83	0	0	1	82	65	17
PCT9104	MV	993	225	0	0	12	213	160	53
PCT9104	TO	993	308	0	0	13	295	225	70
PCT9105	ED	1747	185	0	0	7	178	135	43
PCT9105	MV	1747	369	0	0	6	363	263	100
PCT9105	TO	1747	554	0	0	13	541	398	143
PCT9106	ED	935	109	0	0	5	104	81	23
PCT9106	MV	935	256	0	0	8	248	182	66
PCT9106	TO	935	365	0	0	13	352	263	89
PCT9109	ED	1651	202	0	0	9	193	141	52
PCT9109	MV	1651	376	0	0	22	354	284	70
PCT9109	TO	1651	578	0	0	31	547	425	122
PCT9111	ED	809	82	0	0	3	79	59	20
PCT9111	MV	809	151	0	0	9	142	107	35
PCT9111	TO	809	233	0	0	12	221	166	55
PCT9113	ED	997	132	0	0	6	126	96	30
PCT9113	MV	997	241	0	0	12	229	171	58
PCT9113	TO	997	373	0	0	18	355	267	88
PCT9114	ED	1806	173	0	0	6	167	137	30
PCT9114	MV	1806	448	0	0	19	429	325	104
PCT9114	TO	1806	621	0	0	25	596	462	134
PCT9116	ED	1822	194	0	0	6	188	160	28
PCT9116	MV	1822	335	0	0	9	326	220	106
PCT9116	TO	1822	529	0	0	15	514	380	134
PCT9117	ED	1691	202	0	0	7	195	141	54
PCT9117	MV	1691	464	0	0	17	447	310	137
PCT9117	TO	1691	666	0	0	24	642	451	191
PCT9118	ED	1938	171	0	0	6	165	123	42
PCT9118	MV	1938	433	0	0	14	419	284	135
PCT9118	TO	1938	604	0	0	20	584	407	177
PCT9119	ED	899	77	0	0	6	71	52	19
PCT9119	MV	899	267	0	0	8	259	170	89
PCT9119	TO	899	344	0	0	14	330	222	108
PCT9122	ED	1865	148	0	0	7	141	104	37
PCT9122	MV	1865	461	0	0	21	440	305	135
PCT9122	TO	1865	609	0	0	28	581	409	172
PCT9124	ED	1843	179	0	0	4	175	126	49
PCT9124	MV	1843	454	0	0	22	432	299	133
PCT9124	TO	1843	633	0	0	26	607	425	182
PCT9125	ED	879	83	0	0	2	81	64	17
PCT9125	MV	879	219	0	0	5	214	151	63
PCT9125	TO	879	302	0	0	7	295	215	80
PCT9127	ED	1974	213	0	0	5	208	151	57
PCT9127	MV	1974	549	0	0	28	521	374	147
PCT9127	TO	1974	762	0	0	33	729	525	204
PCT9128	ED	814	102	0	1	6	95	69	26
PCT9128	MV	814	161	0	0	7	154	98	56
PCT9128	TO	814	263	0	1	13	249	167	82
PCT9129	ED	1459	128	0	0	2	126	97	29
PCT9129	MV	1459	366	0	0	8	358	256	102
PCT9129	TO	1459	494	0	0	10	484	353	131
PCT9132	ED	805	80	0	0	2	78	64	14
PCT9132	MV	805	141	0	0	3	138	105	33
PCT9132	TO	805	221	0	0	5	216	169	47
PCT9133	ED	1984	203	0	0	6	197	168	29
PCT9133	MV	1984	437	0	0	19	418	323	95
PCT9133	TO	1984	640	0	0	25	615	491	124
PCT9134	ED	891	60	0	0	0	60	46	14
PCT9134	MV	891	224	0	0	14	210	158	52
PCT9134	TO	891	284	0	0	14	270	204	66
PCT9135	ED	802	90	0	0	2	88	58	30
PCT9135	MV	802	202	0	0	8	194	134	60
PCT9135	TO	802	292	0	0	10	282	192	90
PCT9136	ED	900	97	0	0	1	96	75	21
PCT9136	MV	900	212	0	0	12	200	138	62
PCT9136	TO	900	309	0	0	13	296	213	83
PCT9137	ED	999	90	0	0	5	85	58	27
PCT9137	MV	999	237	0	0	13	224	159	65
PCT9137	TO	999	327	0	0	18	309	217	92
PCT9138	ED	929	69	0	0	2	67	44	23
PCT9138	MV	929	255	0	0	7	248	168	80
PCT9138	TO	929	324	0	0	9	315	212	103
PCT9139	ED	986	83	0	0	1	82	53	29
PCT9139	MV	986	214	0	0	7	207	139	68
PCT9139	TO	986	297	0	0	8	289	192	97
PCT9141	ED	1803	187	0	0	4	183	130	53
PCT9141	MV	1803	439	0	0	9	430	290	140
PCT9141	TO	1803	626	0	0	13	613	420	193
PCT9143	ED	895	103	0	1	1	101	74	27
PCT9143	MV	895	199	0	0	4	195	115	80
PCT9143	TO	895	302	0	1	5	296	189	107
PCT9144	ED	958	121	0	0	1	120	93	27
PCT9144	MV	958	255	0	0	12	243	172	71
PCT9144	TO	958	376	0	0	13	363	265	98
PCT9145	ED	851	89	0	0	2	87	70	17
PCT9145	MV	851	217	0	0	2	215	156	59
PCT9145	TO	851	306	0	0	4	302	226	76
PCT9146	ED	1837	209	0	0	9	200	155	45
PCT9146	MV	1837	326	0	0	9	317	236	81
PCT9146	TO	1837	535	0	0	18	517	391	126
PCT9149	ED	957	134	0	0	3	131	110	21
PCT9149	MV	957	163	0	0	6	157	118	39
PCT9149	TO	957	297	0	0	9	288	228	60
PCT9152	ED	1630	123	0	0	2	121	100	21
PCT9152	MV	1630	276	0	0	4	272	206	66
PCT9152	TO	1630	399	0	0	6	393	306	87
PCT9201	ED	950	76	0	0	1	75	67	8
PCT9201	MV	950	158	0	0	4	154	128	26
PCT9201	TO	950	234	0	0	5	229	195	34
PCT9202	ED	977	78	0	0	3	75	65	10
PCT9202	MV	977	168	0	0	2	166	124	42
PCT9202	TO	977	246	0	0	5	241	189	52
PCT9203	ED	984	51	0	0	2	49	29	20
PCT9203	MV	984	198	0	0	10	188	117	71
PCT9203	TO	984	249	0	0	12	237	146	91
PCT9204	ED	855	83	0	0	6	77	47	30
PCT9204	MV	855	175	0	2	12	161	102	59
PCT9204	TO	855	258	0	2	18	238	149	89
PCT9205	ED	1484	103	0	0	2	101	71	30
PCT9205	MV	1484	271	0	0	15	256	178	78
PCT9205	TO	1484	374	0	0	17	357	249	108
PCT9208	ED	1935	136	0	0	3	133	94	39
PCT9208	MV	1935	398	0	0	18	380	247	133
PCT9208	TO	1935	534	0	0	21	513	341	172
PCT9209	ED	742	64	0	0	3	61	43	18
PCT9209	MV	742	160	0	0	8	152	107	45
PCT9209	TO	742	224	0	0	11	213	150	63
PCT9211	ED	1788	140	0	0	11	129	80	49
PCT9211	MV	1788	402	0	0	11	391	254	137
PCT9211	TO	1788	542	0	0	22	520	334	186
PCT9213	ED	927	67	0	0	0	67	45	22
PCT9213	MV	927	212	0	0	9	203	137	66
PCT9213	TO	927	279	0	0	9	270	182	88
PCT9214	ED	633	52	0	0	0	52	31	21
PCT9214	MV	633	156	0	0	7	149	94	55
PCT9214	TO	633	208	0	0	7	201	125	76
PCT9215	ED	641	58	0	0	2	56	34	22
PCT9215	MV	641	138	0	0	9	129	80	49
PCT9215	TO	641	196	0	0	11	185	114	71
PCT9216	ED	818	58	0	0	3	55	40	15
PCT9216	MV	818	149	0	0	5	144	102	42
PCT9216	TO	818	207	0	0	8	199	142	57
PCT9217	ED	704	48	0	0	0	48	34	14
PCT9217	MV	704	127	0	0	6	121	89	32
PCT9217	TO	704	175	0	0	6	169	123	46
PCT9218	ED	805	66	0	0	5	61	52	9
PCT9218	MV	805	126	0	0	5	121	72	49
PCT9218	TO	805	192	0	0	10	182	124	58
PCT9219	ED	1727	142	0	0	4	138	104	34
PCT9219	MV	1727	235	0	0	10	225	162	63
PCT9219	TO	1727	377	0	0	14	363	266	97
PCT9221	ED	638	60	0	0	1	59	43	16
PCT9221	MV	638	211	0	0	4	207	122	85
PCT9221	TO	638	271	0	0	5	266	165	101
PCT9222	ED	886	63	0	1	5	57	39	18
PCT9222	MV	886	235	0	0	12	223	144	79
PCT9222	TO	886	298	0	1	17	280	183	97
PCT9223	ED	651	39	0	0	2	37	26	11
PCT9223	MV	651	139	0	0	10	129	83	46
PCT9223	TO	651	178	0	0	12	166	109	57
PCT9224	ED	928	77	0	0	2	75	47	28
PCT9224	MV	928	241	0	0	5	236	169	67
PCT9224	TO	928	318	0	0	7	311	216	95
PCT9226	ED	892	70	0	0	2	68	38	30
PCT9226	MV	892	210	0	0	12	198	139	59
PCT9226	TO	892	280	0	0	14	266	177	89
PCT9227	ED	713	72	0	0	1	71	50	21
PCT9227	MV	713	250	0	0	8	242	157	85
PCT9227	TO	713	322	0	0	9	313	207	106
PCT9228	ED	740	77	0	0	4	73	51	22
PCT9228	MV	740	208	0	0	6	202	129	73
PCT9228	TO	740	285	0	0	10	275	180	95
PCT9229	ED	574	80	0	0	1	79	53	26
PCT9229	MV	574	155	0	0	7	148	104	44
PCT9229	TO	574	235	0	0	8	227	157	70
PCT9231	ED	954	122	0	0	6	116	96	20
PCT9231	MV	954	237	0	0	3	234	186	48
PCT9231	TO	954	359	0	0	9	350	282	68
PCT9232	ED	716	74	0	0	3	71	52	19
PCT9232	MV	716	183	0	0	5	178	119	59
PCT9232	TO	716	257	0	0	8	249	171	78
PCT9233	ED	814	62	0	0	2	60	43	17
PCT9233	MV	814	231	0	0	6	225	145	80
PCT9233	TO	814	293	0	0	8	285	188	97
PCT9234	ED	747	56	0	0	2	54	38	16
PCT9234	MV	747	201	0	0	11	190	117	73
PCT9234	TO	747	257	0	0	13	244	155	89
PCT9235	ED	1439	127	0	0	4	123	83	40
PCT9235	MV	1439	360	0	0	16	344	222	122
PCT9235	TO	1439	487	0	0	20	467	305	162
PCT9236	ED	659	53	0	0	0	53	37	16
PCT9236	MV	659	179	0	1	8	170	120	50
PCT9236	TO	659	232	0	1	8	223	157	66
PCT9237	ED	874	60	0	0	3	57	43	14
PCT9237	MV	874	240	0	0	14	226	164	62
PCT9237	TO	874	300	0	0	17	283	207	76
PCT9238	ED	1769	122	0	1	6	115	92	23
PCT9238	MV	1769	364	0	0	12	352	237	115
PCT9238	TO	1769	486	0	1	18	467	329	138
PCT9239	ED	866	64	0	0	4	60	46	14
PCT9239	MV	866	244	0	0	11	233	157	76
PCT9239	TO	866	308	0	0	15	293	203	90
PCT9241	ED	968	78	0	0	4	74	57	17
PCT9241	MV	968	191	0	0	4	187	133	54
PCT9241	TO	968	269	0	0	8	261	190	71
PCT9242	ED	1845	121	0	0	2	119	90	29
PCT9242	MV	1845	339	0	0	14	325	234	91
PCT9242	TO	1845	460	0	0	16	444	324	120
PCT9244	ED	881	75	0	0	1	74	60	14
PCT9244	MV	881	173	0	0	10	163	125	38
PCT9244	TO	881	248	0	0	11	237	185	52
PCT9245	ED	1081	104	0	0	5	99	82	17
PCT9245	MV	1081	241	0	0	4	237	157	80
PCT9245	TO	1081	345	0	0	9	336	239	97
PCT9248	ED	870	67	0	0	0	67	49	18
PCT9248	MV	870	182	0	0	2	180	133	47
PCT9248	TO	870	249	0	0	2	247	182	65
PCT9251	ED	1887	220	0	0	4	216	159	57
PCT9251	MV	1887	475	0	1	21	453	337	116
PCT9251	TO	1887	695	0	1	25	669	496	173
PCT9252	ED	918	56	0	0	1	55	39	16
PCT9252	MV	918	248	0	0	8	240	156	84
PCT9252	TO	918	304	0	0	9	295	195	100
PCT9253	ED	752	64	0	0	4	60	44	16
PCT9253	MV	752	204	0	0	11	193	145	48
PCT9253	TO	752	268	0	0	15	253	189	64
PCT9255	ED	1236	119	0	0	0	119	91	28
PCT9255	MV	1236	266	0	0	6	260	200	60
PCT9255	TO	1236	385	0	0	6	379	291	88
PCT9256	ED	1373	112	0	0	1	111	92	19
PCT9256	MV	1373	352	0	0	14	338	263	75
PCT9256	TO	1373	464	0	0	15	449	355	94
PCT9257	MV	311	98	0	0	1	97	81	16
PCT9257	TO	311	98	0	0	1	97	81	16
PCT9401	ED	1015	120	0	0	5	115	95	20
PCT9401	MV	1015	202	0	0	4	198	144	54
PCT9401	TO	1015	322	0	0	9	313	239	74
PCT9402	ED	988	140	0	0	6	134	95	39
PCT9402	MV	988	244	0	0	9	235	152	83
PCT9402	TO	988	384	0	0	15	369	247	122
PCT9404	ED	1814	161	0	0	4	157	116	41
PCT9404	MV	1814	453	0	0	26	427	275	152
PCT9404	TO	1814	614	0	0	30	584	391	193
PCT9405	ED	770	88	0	0	0	88	63	25
PCT9405	MV	770	195	0	0	9	186	120	66
PCT9405	TO	770	283	0	0	9	274	183	91
PCT9406	ED	873	110	0	0	3	107	65	42
PCT9406	MV	873	193	0	0	9	184	129	55
PCT9406	TO	873	303	0	0	12	291	194	97
PCT9407	ED	887	96	0	0	9	87	70	17
PCT9407	MV	887	207	0	0	8	199	139	60
PCT9407	TO	887	303	0	0	17	286	209	77
PCT9408	ED	834	93	0	0	4	89	69	20
PCT9408	MV	834	178	0	0	3	175	138	37
PCT9408	TO	834	271	0	0	7	264	207	57
PCT9409	ED	591	89	0	0	2	87	76	11
PCT9409	MV	591	109	0	0	3	106	76	30
PCT9409	TO	591	198	0	0	5	193	152	41
PCT9411	ED	1842	167	0	0	1	166	123	43
PCT9411	MV	1842	447	0	0	12	435	301	134
PCT9411	TO	1842	614	0	0	13	601	424	177
PCT9413	ED	920	88	0	1	1	86	56	30
PCT9413	MV	920	242	0	0	16	226	146	80
PCT9413	TO	920	330	0	1	17	312	202	110
PCT9415	ED	779	56	0	0	2	54	35	19
PCT9415	MV	779	225	0	0	10	215	135	80
PCT9415	TO	779	281	0	0	12	269	170	99
PCT9416	ED	988	118	0	0	4	114	94	20
PCT9416	MV	988	249	0	0	18	231	156	75
PCT9416	TO	988	367	0	0	22	345	250	95
PCT9418	ED	1561	161	0	0	5	156	98	58
PCT9418	MV	1561	438	0	0	19	419	242	177
PCT9418	TO	1561	599	0	0	24	575	340	235
PCT9419	ED	1790	130	0	0	1	129	82	47
PCT9419	MV	1790	507	0	0	19	488	290	198
PCT9419	TO	1790	637	0	0	20	617	372	245
PCT9421	ED	917	65	0	0	2	63	45	18
PCT9421	MV	917	254	0	0	11	243	155	88
PCT9421	TO	917	319	0	0	13	306	200	106
PCT9422	ED	1068	99	0	0	4	95	69	26
PCT9422	MV	1068	220	0	0	10	210	128	82
PCT9422	TO	1068	319	0	0	14	305	197	108
PCT9423	ED	906	70	0	0	3	67	48	19
PCT9423	MV	906	195	0	0	14	181	113	68
PCT9423	TO	906	265	0	0	17	248	161	87
PCT9424	ED	1949	142	0	0	9	133	86	47
PCT9424	MV	1949	500	0	0	14	486	315	171
PCT9424	TO	1949	642	0	0	23	619	401	218
PCT9426	ED	832	61	0	0	2	59	35	24
PCT9426	MV	832	233	0	0	11	222	130	92
PCT9426	TO	832	294	0	0	13	281	165	116
PCT9427	ED	964	78	0	0	3	75	48	27
PCT9427	MV	964	260	0	0	10	250	139	111
PCT9427	TO	964	338	0	0	13	325	187	138
PCT9431	ED	1914	176	0	0	4	172	108	64
PCT9431	MV	1914	485	0	1	27	457	228	229
PCT9431	TO	1914	661	0	1	31	629	336	293
PCT9432	ED	943	76	0	0	0	76	51	25
PCT9432	MV	943	226	0	0	14	212	125	87
PCT9432	TO	943	302	0	0	14	288	176	112
PCT9433	ED	1923	120	0	0	5	115	72	43
PCT9433	MV	1923	432	0	0	21	411	243	168
PCT9433	TO	1923	552	0	0	26	526	315	211
PCT9434	ED	982	97	0	0	3	94	62	32
PCT9434	MV	982	252	0	0	11	241	153	88
PCT9434	TO	982	349	0	0	14	335	215	120
PCT9436	ED	1057	94	0	0	5	89	56	33
PCT9436	MV	1057	250	0	0	7	243	152	91
PCT9436	TO	1057	344	0	0	12	332	208	124
PCT9437	ED	908	76	0	0	2	74	52	22
PCT9437	MV	908	182	0	0	12	170	103	67
PCT9437	TO	908	258	0	0	14	244	155	89
PCT9439	ED	1863	125	0	0	2	123	81	42
PCT9439	MV	1863	482	0	0	32	450	267	183
PCT9439	TO	1863	607	0	0	34	573	348	225
PCT9441	ED	985	100	0	0	2	98	71	27
PCT9441	MV	985	276	0	0	9	267	166	101
PCT9441	TO	985	376	0	0	11	365	237	128
PCT9442	ED	2015	196	0	0	9	187	129	58
PCT9442	MV	2015	487	0	0	14	473	281	192
PCT9442	TO	2015	683	0	0	23	660	410	250
PCT9443	ED	1908	136	0	0	1	135	95	40
PCT9443	MV	1908	488	0	0	29	459	304	155
PCT9443	TO	1908	624	0	0	30	594	399	195
PCT9445	ED	971	72	0	0	2	70	43	27
PCT9445	MV	971	276	0	0	13	263	156	107
PCT9445	TO	971	348	0	0	15	333	199	134
PCT9446	ED	1940	185	0	0	7	178	106	72
PCT9446	MV	1940	428	0	0	14	414	218	196
PCT9446	TO	1940	613	0	0	21	592	324	268
PCT9447	ED	889	88	0	0	4	84	57	27
PCT9447	MV	889	176	0	0	5	171	86	85
PCT9447	TO	889	264	0	0	9	255	143	112
PCT9448	ED	936	76	0	0	2	74	52	22
PCT9448	MV	936	165	0	0	8	157	83	74
PCT9448	TO	936	241	0	0	10	231	135	96
PCT9449	ED	862	74	0	0	0	74	47	27
PCT9449	MV	862	239	0	0	10	229	112	117
PCT9449	TO	862	313	0	0	10	303	159	144
PCT9451	ED	437	32	0	0	1	31	15	16
PCT9451	MV	437	129	0	0	5	124	60	64
PCT9451	TO	437	161	0	0	6	155	75	80
PCT9453	ED	520	44	0	0	2	42	20	22
PCT9453	MV	520	141	0	0	11	130	71	59
PCT9453	TO	520	185	0	0	13	172	91	81
PCT9501	MV	147	58	0	0	1	57	42	15
PCT9501	TO	147	58	0	0	1	57	42	15
PCT9502	MV	253	70	0	0	2	68	51	17
PCT9502	TO	253	70	0	0	2	68	51	17
PCT9503	ED	667	60	0	0	0	60	56	4
PCT9503	MV	667	152	0	0	9	143	119	24
PCT9503	TO	667	212	0	0	9	203	175	28
PCT9505	ED	760	100	0	0	2	98	82	16
PCT9505	MV	760	213	0	0	8	205	169	36
PCT9505	TO	760	313	0	0	10	303	251	52
PCT9506	ED	750	73	0	0	4	69	62	7
PCT9506	MV	750	158	0	0	6	152	125	27
PCT9506	TO	750	231	0	0	10	221	187	34
PCT9507	ED	713	92	0	0	1	91	84	7
PCT9507	MV	713	153	0	0	3	150	127	23
PCT9507	TO	713	245	0	0	4	241	211	30
PCT9511	ED	1314	167	0	0	6	161	146	15
PCT9511	MV	1314	214	0	0	2	212	165	47
PCT9511	TO	1314	381	0	0	8	373	311	62
PCT9512	ED	1544	192	0	0	5	187	171	16
PCT9512	MV	1544	383	0	0	8	375	323	52
PCT9512	TO	1544	575	0	0	13	562	494	68
PCT9513	ED	872	125	0	1	1	123	112	11
PCT9513	MV	872	196	0	0	7	189	174	15
PCT9513	TO	872	321	0	1	8	312	286	26
PCT9514	ED	888	117	0	0	4	113	94	19
PCT9514	MV	888	203	0	0	8	195	160	35
PCT9514	TO	888	320	0	0	12	308	254	54
PCT9516	ED	1579	195	0	0	3	192	148	44
PCT9516	MV	1579	346	0	0	9	337	273	64
PCT9516	TO	1579	541	0	0	12	529	421	108
PCT9517	ED	1554	181	0	0	5	176	146	30
PCT9517	MV	1554	311	0	0	7	304	260	44
PCT9517	TO	1554	492	0	0	12	480	406	74
PCT9519	ED	882	112	0	0	4	108	85	23
PCT9519	MV	882	268	0	0	9	259	221	38
PCT9519	TO	882	380	0	0	13	367	306	61
PCT9521	ED	870	131	0	0	3	128	112	16
PCT9521	MV	870	264	0	0	7	257	222	35
PCT9521	TO	870	395	0	0	10	385	334	51
PCT9701	ED	652	100	0	0	3	97	79	18
PCT9701	MV	652	142	0	0	3	139	104	35
PCT9701	TO	652	242	0	0	6	236	183	53
PCT9702	ED	709	87	0	0	2	85	73	12
PCT9702	MV	709	150	0	0	7	143	109	34
PCT9702	TO	709	237	0	0	9	228	182	46
PCT9703	ED	981	94	0	0	2	92	65	27
PCT9703	MV	981	214	0	0	9	205	133	72
PCT9703	TO	981	308	0	0	11	297	198	99
PCT9704	ED	946	109	0	0	2	107	79	28
PCT9704	MV	946	235	0	0	11	224	158	66
PCT9704	TO	946	344	0	0	13	331	237	94
PCT9705	ED	1865	204	0	0	6	198	163	35
PCT9705	MV	1865	442	0	0	14	428	310	118
PCT9705	TO	1865	646	0	0	20	626	473	153
PCT9706	MV	48	18	0	0	0	18	13	5
PCT9706	TO	48	18	0	0	0	18	13	5
PCT9709	ED	1021	84	0	0	1	83	60	23
PCT9709	MV	1021	271	0	0	10	261	152	109
PCT9709	TO	1021	355	0	0	11	344	212	132
PCT9711	ED	1433	160	0	0	4	156	101	55
PCT9711	MV	1433	393	0	0	14	379	266	113
PCT9711	TO	1433	553	0	0	18	535	367	168
PCT9712	ED	1237	157	0	0	3	154	101	53
PCT9712	MV	1237	375	0	0	14	361	210	151
PCT9712	TO	1237	532	0	0	17	515	311	204
PCT9716	ED	951	110	0	0	6	104	64	40
PCT9716	MV	951	224	0	0	16	208	123	85
PCT9716	TO	951	334	0	0	22	312	187	125
PCT9717	ED	1917	177	0	0	4	173	110	63
PCT9717	MV	1917	529	0	0	20	509	324	185
PCT9717	TO	1917	706	0	0	24	682	434	248
PCT9718	ED	1833	225	0	0	5	220	140	80
PCT9718	MV	1833	609	0	0	20	589	357	232
PCT9718	TO	1833	834	0	0	25	809	497	312
PCT9719	ED	910	104	0	0	1	103	66	37
PCT9719	MV	910	233	0	0	3	230	135	95
PCT9719	TO	910	337	0	0	4	333	201	132
PCT9721	ED	660	114	0	0	3	111	68	43
PCT9721	MV	660	215	0	0	10	205	117	88
PCT9721	TO	660	329	0	0	13	316	185	131
PCT9722	ED	587	64	0	0	5	59	39	20
PCT9722	MV	587	206	0	0	6	200	124	76
PCT9722	TO	587	270	0	0	11	259	163	96
PCT9723	ED	505	34	0	0	0	34	18	16
PCT9723	MV	505	165	0	0	5	160	76	84
PCT9723	TO	505	199	0	0	5	194	94	100
PCT9724	ED	1003	72	0	0	2	70	40	30
PCT9724	MV	1003	322	0	1	11	310	125	185
PCT9724	TO	1003	394	0	1	13	380	165	215
PCT9725	ED	965	76	0	0	2	74	36	38
PCT9725	MV	965	276	0	0	15	261	113	148
PCT9725	TO	965	352	0	0	17	335	149	186
PCT9726	ED	621	53	0	0	1	52	37	15
PCT9726	MV	621	102	0	0	10	92	64	28
PCT9726	TO	621	155	0	0	11	144	101	43
PCT9727	ED	453	34	0	0	1	33	18	15
PCT9727	MV	453	140	0	0	5	135	66	69
PCT9727	TO	453	174	0	0	6	168	84	84
PCT9728	ED	1829	224	0	0	6	218	123	95
PCT9728	MV	1829	527	0	0	11	516	304	212
PCT9728	TO	1829	751	0	0	17	734	427	307
PCT9729	ED	809	86	0	0	1	85	50	35
PCT9729	MV	809	281	0	0	4	277	162	115
PCT9729	TO	809	367	0	0	5	362	212	150
PCT9731	ED	572	62	0	0	3	59	37	22
PCT9731	MV	572	169	0	0	1	168	93	75
PCT9731	TO	572	231	0	0	4	227	130	97
PCT9732	MV	71	25	0	0	0	25	13	12
PCT9732	TO	71	25	0	0	0	25	13	12
PCT9733	MV	235	93	0	0	4	89	62	27
PCT9733	TO	235	93	0	0	4	89	62	27
PCT9734	ED	1389	150	0	0	2	148	100	48
PCT9734	MV	1389	469	0	0	13	456	275	181
PCT9734	TO	1389	619	0	0	15	604	375	229
PCT9737	ED	1518	168	0	0	5	163	122	41
PCT9737	MV	1518	402	0	0	16	386	241	145
PCT9737	TO	1518	570	0	0	21	549	363	186
PCT9738	ED	813	34	0	0	1	33	25	8
PCT9738	MV	813	189	0	0	6	183	144	39
PCT9738	TO	813	223	0	0	7	216	169	47
PCT9739	ED	768	46	0	0	1	45	37	8
PCT9739	MV	768	145	0	0	2	143	120	23
PCT9739	TO	768	191	0	0	3	188	157	31
PCT9741	ED	497	7	0	0	0	7	7	0
PCT9741	MV	497	8	0	0	0	8	8	0
PCT9741	TO	497	15	0	0	0	15	15	0
PCT9742	ED	679	68	0	0	5	63	28	35
PCT9742	MV	679	134	0	0	5	129	67	62
PCT9742	TO	679	202	0	0	10	192	95	97
PCT9743	ED	1138	85	0	0	4	81	66	15
PCT9743	MV	1138	261	0	0	6	255	187	68
PCT9743	TO	1138	346	0	0	10	336	253	83
PCT9744	ED	907	97	0	0	6	91	68	23
PCT9744	MV	907	170	0	0	12	158	111	47
PCT9744	TO	907	267	0	0	18	249	179	70
PCT9745	ED	973	75	0	0	2	73	54	19
PCT9745	MV	973	172	0	0	3	169	120	49
PCT9745	TO	973	247	0	0	5	242	174	68
PCT9748	ED	910	80	0	0	1	79	47	32
PCT9748	MV	910	274	0	0	9	265	173	92
PCT9748	TO	910	354	0	0	10	344	220	124
PCT9749	ED	1871	160	0	0	5	155	116	39
PCT9749	MV	1871	405	0	0	19	386	271	115
PCT9749	TO	1871	565	0	0	24	541	387	154
PCT9751	ED	1038	101	0	0	3	98	63	35
PCT9751	MV	1038	312	0	0	8	304	158	146
PCT9751	TO	1038	413	0	0	11	402	221	181
PCT9752	ED	696	69	0	0	1	68	42	26
PCT9752	MV	696	230	0	0	6	224	119	105
PCT9752	TO	696	299	0	0	7	292	161	131
PCT9753	ED	764	81	0	0	0	81	59	22
PCT9753	MV	764	205	0	0	8	197	139	58
PCT9753	TO	764	286	0	0	8	278	198	80
PCT9754	ED	686	84	0	0	1	83	67	16
PCT9754	MV	686	174	0	0	4	170	130	40
PCT9754	TO	686	258	0	0	5	253	197	56
PCT9755	ED	567	58	0	0	0	58	40	18
PCT9755	MV	567	150	0	0	5	145	111	34
PCT9755	TO	567	208	0	0	5	203	151	52
PCT9756	ED	940	55	0	0	0	55	37	18
PCT9756	MV	940	233	0	0	3	230	144	86
PCT9756	TO	940	288	0	0	3	285	181	104
PCT9801	ED	404	38	0	0	2	36	33	3
PCT9801	MV	404	93	0	0	4	89	63	26
PCT9801	TO	404	131	0	0	6	125	96	29
CONG12	ED	437850	40985	0	13	1140	39832	31999	7833
CONG12	MV	437850	103869	0	26	3763	100080	75184	24896
CONG12	TO	437850	144854	0	39	4903	139912	107183	32729
CONG14	ED	57200	4601	0	0	116	4485	3128	1357
CONG14	MV	57200	14406	0	4	476	13926	8776	5150
CONG14	TO	57200	19007	0	4	592	18411	11904	6507
ASSM17	ED	287476	26749	0	7	708	26034	21789	4245
ASSM17	MV	287476	68431	0	21	2370	66040	51843	14197
ASSM17	TO	287476	95180	0	28	3078	92074	73632	18442
ASSM19	ED	207574	18837	0	6	548	18283	13338	4945
ASSM19	MV	207574	49844	0	9	1869	47966	32117	15849
ASSM19	TO	207574	68681	0	15	2417	66249	45455	20794
SUPV1	ED	42447	4299	0	2	135	4162	3159	1003
SUPV1	MV	42447	9857	0	1	365	9491	6788	2703
SUPV1	TO	42447	14156	0	3	500	13653	9947	3706
SUPV2	ED	49361	3997	0	2	130	3865	2850	1015
SUPV2	MV	49361	11399	0	4	441	10954	7646	3308
SUPV2	TO	49361	15396	0	6	571	14819	10496	4323
SUPV3	ED	38836	3040	0	0	112	2928	2327	601
SUPV3	MV	38836	8848	0	2	424	8422	6442	1980
SUPV3	TO	38836	11888	0	2	536	11350	8769	2581
SUPV4	ED	43341	3899	0	1	121	3777	2585	1192
SUPV4	MV	43341	10665	0	1	477	10187	6231	3956
SUPV4	TO	43341	14564	0	2	598	13964	8816	5148
SUPV5	ED	51976	6299	0	3	184	6112	5340	772
SUPV5	MV	51976	13167	0	2	421	12744	10762	1982
SUPV5	TO	51976	19466	0	5	605	18856	16102	2754
SUPV6	ED	42510	2395	0	1	88	2306	1918	388
SUPV6	MV	42510	9117	0	2	340	8775	7006	1769
SUPV6	TO	42510	11512	0	3	428	11081	8924	2157
SUPV7	ED	46757	4770	0	0	124	4646	3183	1463
SUPV7	MV	46757	12555	0	1	423	12131	7689	4442
SUPV7	TO	46757	17325	0	1	547	16777	10872	5905
SUPV8	ED	57103	7221	0	0	149	7072	5961	1111
SUPV8	MV	57103	15551	0	5	435	15111	12283	2828
SUPV8	TO	57103	22772	0	5	584	22183	18244	3939
SUPV9	ED	42539	4535	0	4	87	4444	3859	585
SUPV9	MV	42539	9559	0	5	298	9256	7348	1908
SUPV9	TO	42539	14094	0	9	385	13700	11207	2493
SUPV10	ED	42195	2593	0	0	69	2524	2063	461
SUPV10	MV	42195	8722	0	4	301	8417	6188	2229
SUPV10	TO	42195	11315	0	4	370	10941	8251	2690
SUPV11	ED	37985	2538	0	0	57	2481	1882	599
SUPV11	MV	37985	8835	0	3	314	8518	5577	2941
SUPV11	TO	37985	11373	0	3	371	10999	7459	3540
NEIG1	ED	20194	1102	0	0	33	1069	888	181
NEIG1	MV	20194	3785	0	1	148	3636	2675	961
NEIG1	TO	20194	4887	0	1	181	4705	3563	1142
NEIG2	ED	18045	1279	0	0	56	1223	957	266
NEIG2	MV	18045	4011	0	0	216	3795	2883	912
NEIG2	TO	18045	5290	0	0	272	5018	3840	1178
NEIG3	ED	27613	2033	0	0	71	1962	1653	309
NEIG3	MV	27613	5737	0	1	243	5493	4481	1012
NEIG3	TO	27613	7770	0	1	314	7455	6134	1321
NEIG4	ED	7735	937	0	0	18	919	711	208
NEIG4	MV	7735	2114	0	0	59	2055	1537	518
NEIG4	TO	7735	3051	0	0	77	2974	2248	726
NEIG5	ED	28067	1842	0	0	43	1799	1362	437
NEIG5	MV	28067	6570	0	2	230	6338	4126	2212
NEIG5	TO	28067	8412	0	2	273	8137	5488	2649
NEIG6	ED	15102	2150	0	0	56	2094	1840	254
NEIG6	MV	15102	4008	0	2	102	3904	3328	576
NEIG6	TO	15102	6158	0	2	158	5998	5168	830
NEIG7	ED	13133	949	0	0	21	928	706	222
NEIG7	MV	13133	2996	0	1	110	2885	1929	956
NEIG7	TO	13133	3945	0	1	131	3813	2635	1178
NEIG8	ED	9501	1219	0	0	33	1186	983	203
NEIG8	MV	9501	2326	0	0	73	2253	1864	389
NEIG8	TO	9501	3545	0	0	106	3439	2847	592
NEIG9	ED	8190	579	0	0	19	560	388	172
NEIG9	MV	8190	1810	0	1	70	1739	1068	671
NEIG9	TO	8190	2389	0	1	89	2299	1456	843
NEIG10	ED	10551	1035	0	0	21	1014	819	195
NEIG10	MV	10551	2293	0	1	77	2215	1663	552
NEIG10	TO	10551	3328	0	1	98	3229	2482	747
NEIG11	ED	41063	3200	0	2	115	3083	2296	787
NEIG11	MV	41063	9182	0	3	366	8813	6160	2653
NEIG11	TO	41063	12382	0	5	481	11896	8456	3440
NEIG12	ED	32113	3669	0	2	72	3595	3215	380
NEIG12	MV	32113	6597	0	4	182	6411	5475	936
NEIG12	TO	32113	10266	0	6	254	10006	8690	1316
NEIG13	ED	15730	2029	0	0	39	1990	1656	334
NEIG13	MV	15730	4188	0	1	119	4068	3245	823
NEIG13	TO	15730	6217	0	1	158	6058	4901	1157
NEIG14	ED	9293	1330	0	1	26	1303	1144	159
NEIG14	MV	9293	2452	0	3	50	2399	2033	366
NEIG14	TO	9293	3782	0	4	76	3702	3177	525
NEIG15	ED	5953	537	0	0	17	520	398	122
NEIG15	MV	5953	1556	0	2	63	1491	1080	411
NEIG15	TO	5953	2093	0	2	80	2011	1478	533
NEIG26	ED	9927	616	0	1	16	599	425	174
NEIG26	MV	9927	2503	0	1	126	2376	1511	865
NEIG26	TO	9927	3119	0	2	142	2975	1936	1039
NEIG16	ED	16717	1243	0	0	26	1217	1005	212
NEIG16	MV	16717	3991	0	3	97	3891	3020	871
NEIG16	TO	16717	5234	0	3	123	5108	4025	1083
NEIG17	ED	37882	3873	0	2	125	3746	2822	924
NEIG17	MV	37882	8874	0	0	333	8541	6067	2474
NEIG17	TO	37882	12747	0	2	458	12287	8889	3398
NEIG18	ED	6193	652	0	0	24	628	464	164
NEIG18	MV	6193	1721	0	0	54	1667	1139	528
NEIG18	TO	6193	2373	0	0	78	2295	1603	692
NEIG19	ED	7872	873	0	0	18	855	723	132
NEIG19	MV	7872	2058	0	0	74	1984	1597	387
NEIG19	TO	7872	2931	0	0	92	2839	2320	519
NEIG20	ED	24361	1311	0	1	47	1263	1010	253
NEIG20	MV	24361	5386	0	1	214	5171	4044	1127
NEIG20	TO	24361	6697	0	2	261	6434	5054	1380
NEIG21	ED	42750	3810	0	1	119	3690	2509	1181
NEIG21	MV	42750	10556	0	1	474	10081	6155	3926
NEIG21	TO	42750	14366	0	2	593	13771	8664	5107
NEIG22	ED	19329	2431	0	0	46	2385	2035	350
NEIG22	MV	19329	5705	0	1	148	5556	4565	991
NEIG22	TO	19329	8136	0	1	194	7941	6600	1341
NEIG23	ED	7912	363	0	0	16	347	274	73
NEIG23	MV	7912	1609	0	0	60	1549	1004	545
NEIG23	TO	7912	1972	0	0	76	1896	1278	618
NEIG24	ED	33087	3644	0	0	91	3553	2374	1179
NEIG24	MV	33087	9481	0	0	309	9172	5755	3417
NEIG24	TO	33087	13125	0	0	400	12725	8129	4596
NEIG25	ED	26737	2880	0	3	88	2789	2470	319
NEIG25	MV	26737	6766	0	1	242	6523	5556	967
NEIG25	TO	26737	9646	0	4	330	9312	8026	1286
