area_id	subtotal_type	RSReg	RSCst	RSRej	RSOvr	RSUnd	RSTot	36:YES	37:NO
ALLPCTS	TO	495050	163861	0	89	3559	160213	29157	131056
ALLPCTS	ED	495050	45586	0	24	878	44684	7329	37355
ALLPCTS	MV	495050	118275	0	65	2681	115529	21828	93701
PCT1101	ED	557	39	0	0	1	38	9	29
PCT1101	MV	557	138	0	0	1	137	35	102
PCT1101	TO	557	177	0	0	2	175	44	131
PCT1102	ED	994	117	0	0	0	117	22	95
PCT1102	MV	994	263	0	0	5	258	58	200
PCT1102	TO	994	380	0	0	5	375	80	295
PCT1103	ED	962	88	0	0	0	88	15	73
PCT1103	MV	962	209	0	0	2	207	59	148
PCT1103	TO	962	297	0	0	2	295	74	221
PCT1104	ED	1012	76	0	0	1	75	14	61
PCT1104	MV	1012	198	0	0	3	195	46	149
PCT1104	TO	1012	274	0	0	4	270	60	210
PCT1106	ED	1505	127	0	0	2	125	29	96
PCT1106	MV	1505	343	0	0	7	336	78	258
PCT1106	TO	1505	470	0	0	9	461	107	354
PCT1108	ED	908	77	0	0	0	77	8	69
PCT1108	MV	908	202	0	0	7	195	25	170
PCT1108	TO	908	279	0	0	7	272	33	239
PCT1109	ED	805	73	0	0	1	72	16	56
PCT1109	MV	805	216	0	0	4	212	40	172
PCT1109	TO	805	289	0	0	5	284	56	228
PCT1111	ED	1025	73	0	0	0	73	17	56
PCT1111	MV	1025	262	0	0	5	257	78	179
PCT1111	TO	1025	335	0	0	5	330	95	235
PCT1112	ED	770	48	0	0	1	47	12	35
PCT1112	MV	770	171	0	1	2	168	42	126
PCT1112	TO	770	219	0	1	3	215	54	161
PCT1114	ED	1741	92	0	0	3	89	20	69
PCT1114	MV	1741	366	0	1	12	353	83	270
PCT1114	TO	1741	458	0	1	15	442	103	339
PCT1115	ED	1838	118	0	0	0	118	23	95
PCT1115	MV	1838	396	0	0	5	391	120	271
PCT1115	TO	1838	514	0	0	5	509	143	366
PCT1117	ED	1771	104	0	0	3	101	27	74
PCT1117	MV	1771	353	0	0	11	342	79	263
PCT1117	TO	1771	457	0	0	14	443	106	337
PCT1118	ED	1057	86	0	0	2	84	12	72
PCT1118	MV	1057	281	0	0	10	271	52	219
PCT1118	TO	1057	367	0	0	12	355	64	291
PCT1119	ED	771	32	0	1	0	31	4	27
PCT1119	MV	771	201	0	0	7	194	35	159
PCT1119	TO	771	233	0	1	7	225	39	186
PCT1122	ED	638	41	0	0	2	39	9	30
PCT1122	MV	638	167	0	0	2	165	39	126
PCT1122	TO	638	208	0	0	4	204	48	156
PCT1124	ED	812	51	0	0	1	50	12	38
PCT1124	MV	812	166	0	0	3	163	51	112
PCT1124	TO	812	217	0	0	4	213	63	150
PCT1125	ED	1064	37	0	0	0	37	10	27
PCT1125	MV	1064	233	0	0	4	229	60	169
PCT1125	TO	1064	270	0	0	4	266	70	196
PCT1126	ED	1676	91	0	0	1	90	17	73
PCT1126	MV	1676	399	0	0	6	393	100	293
PCT1126	TO	1676	490	0	0	7	483	117	366
PCT1127	ED	1827	107	0	0	1	106	20	86
PCT1127	MV	1827	425	0	0	12	413	100	313
PCT1127	TO	1827	532	0	0	13	519	120	399
PCT1129	ED	1018	62	0	1	1	60	21	39
PCT1129	MV	1018	220	0	0	4	216	53	163
PCT1129	TO	1018	282	0	1	5	276	74	202
PCT1131	ED	836	38	0	0	1	37	10	27
PCT1131	MV	836	207	0	0	3	204	55	149
PCT1131	TO	836	245	0	0	4	241	65	176
PCT1132	ED	1010	34	0	0	0	34	5	29
PCT1132	MV	1010	263	0	0	7	256	75	181
PCT1132	TO	1010	297	0	0	7	290	80	210
PCT1133	ED	857	40	0	0	0	40	7	33
PCT1133	MV	857	220	0	0	5	215	42	173
PCT1133	TO	857	260	0	0	5	255	49	206
PCT1134	ED	762	61	0	0	1	60	9	51
PCT1134	MV	762	195	0	0	4	191	37	154
PCT1134	TO	762	256	0	0	5	251	46	205
PCT1135	ED	554	37	0	0	1	36	7	29
PCT1135	MV	554	146	0	0	5	141	37	104
PCT1135	TO	554	183	0	0	6	177	44	133
PCT1136	ED	847	47	0	0	1	46	12	34
PCT1136	MV	847	217	0	0	1	216	57	159
PCT1136	TO	847	264	0	0	2	262	69	193
PCT1141	ED	1042	61	0	0	0	61	15	46
PCT1141	MV	1042	267	0	0	6	261	60	201
PCT1141	TO	1042	328	0	0	6	322	75	247
PCT1143	ED	1024	87	0	0	1	86	19	67
PCT1143	MV	1024	207	0	0	7	200	50	150
PCT1143	TO	1024	294	0	0	8	286	69	217
PCT1144	ED	1804	126	0	0	1	125	24	101
PCT1144	MV	1804	372	0	0	8	364	77	287
PCT1144	TO	1804	498	0	0	9	489	101	388
PCT1145	ED	894	57	0	0	1	56	5	51
PCT1145	MV	894	254	0	0	5	249	48	201
PCT1145	TO	894	311	0	0	6	305	53	252
PCT1146	ED	1008	71	0	0	1	70	13	57
PCT1146	MV	1008	206	0	0	4	202	49	153
PCT1146	TO	1008	277	0	0	5	272	62	210
PCT1147	ED	868	71	0	0	0	71	16	55
PCT1147	MV	868	196	0	0	1	195	59	136
PCT1147	TO	868	267	0	0	1	266	75	191
PCT1148	ED	1002	73	0	0	4	69	11	58
PCT1148	MV	1002	238	0	0	6	232	83	149
PCT1148	TO	1002	311	0	0	10	301	94	207
PCT1149	ED	911	70	0	0	1	69	12	57
PCT1149	MV	911	205	0	1	4	200	42	158
PCT1149	TO	911	275	0	1	5	269	54	215
PCT1152	ED	1815	126	0	0	2	124	28	96
PCT1152	MV	1815	433	0	1	8	424	111	313
PCT1152	TO	1815	559	0	1	10	548	139	409
PCT7001	ED	752	39	0	0	1	38	3	35
PCT7001	MV	752	184	0	0	1	183	31	152
PCT7001	TO	752	223	0	0	2	221	34	187
PCT7002	ED	659	43	0	0	0	43	7	36
PCT7002	MV	659	123	0	0	2	121	30	91
PCT7002	TO	659	166	0	0	2	164	37	127
PCT7003	ED	1755	179	0	0	1	178	36	142
PCT7003	MV	1755	431	0	0	6	425	48	377
PCT7003	TO	1755	610	0	0	7	603	84	519
PCT7005	ED	850	99	0	0	1	98	8	90
PCT7005	MV	850	241	0	0	1	240	26	214
PCT7005	TO	850	340	0	0	2	338	34	304
PCT7006	ED	921	87	0	0	0	87	7	80
PCT7006	MV	921	157	0	0	4	153	19	134
PCT7006	TO	921	244	0	0	4	240	26	214
PCT7007	ED	1821	211	0	0	3	208	24	184
PCT7007	MV	1821	538	0	0	7	531	71	460
PCT7007	TO	1821	749	0	0	10	739	95	644
PCT7009	ED	874	46	0	0	2	44	6	38
PCT7009	MV	874	230	0	0	3	227	49	178
PCT7009	TO	874	276	0	0	5	271	55	216
PCT7011	ED	951	66	0	0	0	66	8	58
PCT7011	MV	951	134	0	0	1	133	19	114
PCT7011	TO	951	200	0	0	1	199	27	172
PCT7012	ED	1165	113	0	0	0	113	29	84
PCT7012	MV	1165	289	0	0	2	287	52	235
PCT7012	TO	1165	402	0	0	2	400	81	319
PCT7013	ED	1033	60	0	0	0	60	9	51
PCT7013	MV	1033	237	0	0	7	230	41	189
PCT7013	TO	1033	297	0	0	7	290	50	240
PCT7014	ED	1388	97	0	0	0	97	12	85
PCT7014	MV	1388	354	0	1	9	344	50	294
PCT7014	TO	1388	451	0	1	9	441	62	379
PCT7015	MV	104	21	0	0	1	20	6	14
PCT7015	TO	104	21	0	0	1	20	6	14
PCT7016	ED	912	57	0	0	0	57	16	41
PCT7016	MV	912	149	0	0	8	141	42	99
PCT7016	TO	912	206	0	0	8	198	58	140
PCT7017	ED	781	32	0	0	1	31	8	23
PCT7017	MV	781	110	0	1	4	105	17	88
PCT7017	TO	781	142	0	1	5	136	25	111
PCT7019	ED	1908	90	0	1	2	87	20	67
PCT7019	MV	1908	472	0	0	16	456	135	321
PCT7019	TO	1908	562	0	1	18	543	155	388
PCT7021	ED	955	68	0	0	2	66	21	45
PCT7021	MV	955	136	0	0	5	131	26	105
PCT7021	TO	955	204	0	0	7	197	47	150
PCT7022	ED	943	78	0	0	3	75	14	61
PCT7022	MV	943	166	0	0	7	159	38	121
PCT7022	TO	943	244	0	0	10	234	52	182
PCT7024	ED	448	14	0	1	0	13	6	7
PCT7024	MV	448	30	0	0	0	30	15	15
PCT7024	TO	448	44	0	1	0	43	21	22
PCT7025	ED	473	23	0	0	0	23	4	19
PCT7025	MV	473	47	0	0	0	47	17	30
PCT7025	TO	473	70	0	0	0	70	21	49
PCT7026	ED	1009	46	0	0	1	45	10	35
PCT7026	MV	1009	270	0	1	7	262	75	187
PCT7026	TO	1009	316	0	1	8	307	85	222
PCT7027	ED	883	67	0	0	2	65	14	51
PCT7027	MV	883	205	0	0	8	197	52	145
PCT7027	TO	883	272	0	0	10	262	66	196
PCT7028	ED	849	77	0	0	2	75	15	60
PCT7028	MV	849	126	0	1	1	124	30	94
PCT7028	TO	849	203	0	1	3	199	45	154
PCT7029	ED	1812	100	0	0	3	97	22	75
PCT7029	MV	1812	323	0	0	7	316	85	231
PCT7029	TO	1812	423	0	0	10	413	107	306
PCT7030	ED	787	46	0	0	0	46	11	35
PCT7030	MV	787	216	0	0	9	207	47	160
PCT7030	TO	787	262	0	0	9	253	58	195
PCT7031	ED	680	24	0	0	0	24	4	20
PCT7031	MV	680	149	0	0	3	146	45	101
PCT7031	TO	680	173	0	0	3	170	49	121
PCT7032	ED	876	48	0	0	3	45	15	30
PCT7032	MV	876	172	0	0	2	170	63	107
PCT7032	TO	876	220	0	0	5	215	78	137
PCT7033	ED	770	61	0	0	2	59	16	43
PCT7033	MV	770	134	0	0	5	129	33	96
PCT7033	TO	770	195	0	0	7	188	49	139
PCT7034	ED	954	33	0	0	1	32	9	23
PCT7034	MV	954	110	0	0	6	104	38	66
PCT7034	TO	954	143	0	0	7	136	47	89
PCT7035	ED	681	26	0	0	1	25	3	22
PCT7035	MV	681	154	0	0	4	150	27	123
PCT7035	TO	681	180	0	0	5	175	30	145
PCT7037	ED	1676	59	0	1	3	55	21	34
PCT7037	MV	1676	217	0	0	7	210	64	146
PCT7037	TO	1676	276	0	1	10	265	85	180
PCT7038	ED	924	34	0	0	1	33	11	22
PCT7038	MV	924	217	0	0	3	214	54	160
PCT7038	TO	924	251	0	0	4	247	65	182
PCT7039	ED	830	71	0	0	3	68	11	57
PCT7039	MV	830	171	0	0	3	168	43	125
PCT7039	TO	830	242	0	0	6	236	54	182
PCT7041	MV	60	12	0	0	0	12	3	9
PCT7041	TO	60	12	0	0	0	12	3	9
PCT7042	ED	1069	67	0	0	2	65	18	47
PCT7042	MV	1069	224	0	0	4	220	60	160
PCT7042	TO	1069	291	0	0	6	285	78	207
PCT7043	ED	961	40	0	0	1	39	10	29
PCT7043	MV	961	180	0	0	4	176	43	133
PCT7043	TO	961	220	0	0	5	215	53	162
PCT7044	ED	844	23	0	0	0	23	6	17
PCT7044	MV	844	94	0	0	2	92	31	61
PCT7044	TO	844	117	0	0	2	115	37	78
PCT7045	ED	783	39	0	0	1	38	6	32
PCT7045	MV	783	214	0	0	9	205	46	159
PCT7045	TO	783	253	0	0	10	243	52	191
PCT7047	ED	1727	73	0	0	3	70	10	60
PCT7047	MV	1727	376	0	0	17	359	118	241
PCT7047	TO	1727	449	0	0	20	429	128	301
PCT7048	ED	870	37	0	0	0	37	10	27
PCT7048	MV	870	162	0	0	3	159	51	108
PCT7048	TO	870	199	0	0	3	196	61	135
PCT7049	ED	815	50	0	0	2	48	14	34
PCT7049	MV	815	182	0	0	8	174	43	131
PCT7049	TO	815	232	0	0	10	222	57	165
PCT7052	ED	878	67	0	0	2	65	10	55
PCT7052	MV	878	218	0	0	6	212	31	181
PCT7052	TO	878	285	0	0	8	277	41	236
PCT7053	ED	568	22	0	0	0	22	4	18
PCT7053	MV	568	108	0	0	5	103	24	79
PCT7053	TO	568	130	0	0	5	125	28	97
PCT7054	ED	1111	60	0	0	4	56	15	41
PCT7054	MV	1111	191	0	0	4	187	45	142
PCT7054	TO	1111	251	0	0	8	243	60	183
PCT7055	ED	799	21	0	0	0	21	1	20
PCT7055	MV	799	179	0	0	3	176	34	142
PCT7055	TO	799	200	0	0	3	197	35	162
PCT7101	MV	152	64	0	0	1	63	10	53
PCT7101	TO	152	64	0	0	1	63	10	53
PCT7202	ED	1747	117	0	0	2	115	13	102
PCT7202	MV	1747	413	0	0	12	401	56	345
PCT7202	TO	1747	530	0	0	14	516	69	447
PCT7203	ED	867	83	0	0	2	81	10	71
PCT7203	MV	867	172	0	0	6	166	32	134
PCT7203	TO	867	255	0	0	8	247	42	205
PCT7204	ED	890	73	0	0	3	70	8	62
PCT7204	MV	890	268	0	0	5	263	32	231
PCT7204	TO	890	341	0	0	8	333	40	293
PCT7205	ED	862	85	0	0	0	85	17	68
PCT7205	MV	862	235	0	0	9	226	25	201
PCT7205	TO	862	320	0	0	9	311	42	269
PCT7207	ED	1483	87	0	0	2	85	19	66
PCT7207	MV	1483	454	0	1	12	441	62	379
PCT7207	TO	1483	541	0	1	14	526	81	445
PCT7208	ED	560	36	0	0	2	34	6	28
PCT7208	MV	560	127	0	0	5	122	26	96
PCT7208	TO	560	163	0	0	7	156	32	124
PCT7301	ED	1993	161	0	0	3	158	28	130
PCT7301	MV	1993	486	0	0	15	471	109	362
PCT7301	TO	1993	647	0	0	18	629	137	492
PCT7302	ED	838	81	0	1	1	79	17	62
PCT7302	MV	838	278	0	0	6	272	58	214
PCT7302	TO	838	359	0	1	7	351	75	276
PCT7305	ED	1633	161	0	0	2	159	20	139
PCT7305	MV	1633	422	0	0	10	412	79	333
PCT7305	TO	1633	583	0	0	12	571	99	472
PCT7306	ED	2083	166	0	0	6	160	33	127
PCT7306	MV	2083	338	0	0	7	331	75	256
PCT7306	TO	2083	504	0	0	13	491	108	383
PCT7308	ED	614	75	0	0	2	73	8	65
PCT7308	MV	614	135	0	0	4	131	20	111
PCT7308	TO	614	210	0	0	6	204	28	176
PCT7311	ED	866	89	0	0	1	88	8	80
PCT7311	MV	866	208	0	0	3	205	35	170
PCT7311	TO	866	297	0	0	4	293	43	250
PCT7312	ED	801	69	0	0	2	67	11	56
PCT7312	MV	801	266	0	1	8	257	22	235
PCT7312	TO	801	335	0	1	10	324	33	291
PCT7314	ED	1749	106	0	0	7	99	19	80
PCT7314	MV	1749	429	0	0	15	414	82	332
PCT7314	TO	1749	535	0	0	22	513	101	412
PCT7315	ED	1584	130	0	0	2	128	25	103
PCT7315	MV	1584	269	0	0	9	260	78	182
PCT7315	TO	1584	399	0	0	11	388	103	285
PCT7317	ED	875	59	0	0	2	57	13	44
PCT7317	MV	875	235	0	0	4	231	51	180
PCT7317	TO	875	294	0	0	6	288	64	224
PCT7318	ED	1567	109	0	1	2	106	20	86
PCT7318	MV	1567	298	0	0	9	289	76	213
PCT7318	TO	1567	407	0	1	11	395	96	299
PCT7321	ED	1533	57	0	0	0	57	16	41
PCT7321	MV	1533	402	0	1	16	385	118	267
PCT7321	TO	1533	459	0	1	16	442	134	308
PCT7323	ED	1967	149	0	0	4	145	31	114
PCT7323	MV	1967	382	0	1	13	368	57	311
PCT7323	TO	1967	531	0	1	17	513	88	425
PCT7325	ED	1588	104	0	0	2	102	16	86
PCT7325	MV	1588	352	0	0	14	338	64	274
PCT7325	TO	1588	456	0	0	16	440	80	360
PCT7326	ED	1709	123	0	0	5	118	18	100
PCT7326	MV	1709	434	0	1	14	419	89	330
PCT7326	TO	1709	557	0	1	19	537	107	430
PCT7327	ED	668	26	0	0	3	23	4	19
PCT7327	MV	668	197	0	1	6	190	42	148
PCT7327	TO	668	223	0	1	9	213	46	167
PCT7328	ED	985	33	0	0	3	30	7	23
PCT7328	MV	985	286	0	0	12	274	70	204
PCT7328	TO	985	319	0	0	15	304	77	227
PCT7329	ED	638	31	0	0	0	31	7	24
PCT7329	MV	638	152	0	0	9	143	28	115
PCT7329	TO	638	183	0	0	9	174	35	139
PCT7331	ED	850	102	0	0	0	102	27	75
PCT7331	MV	850	238	0	0	6	232	40	192
PCT7331	TO	850	340	0	0	6	334	67	267
PCT7332	ED	1601	145	0	0	9	136	27	109
PCT7332	MV	1601	357	0	0	5	352	66	286
PCT7332	TO	1601	502	0	0	14	488	93	395
PCT7333	ED	1930	151	0	0	5	146	31	115
PCT7333	MV	1930	436	0	0	8	428	87	341
PCT7333	TO	1930	587	0	0	13	574	118	456
PCT7336	ED	2021	168	0	0	1	167	40	127
PCT7336	MV	2021	463	0	0	9	454	98	356
PCT7336	TO	2021	631	0	0	10	621	138	483
PCT7338	ED	1783	119	0	0	2	117	25	92
PCT7338	MV	1783	480	0	0	20	460	109	351
PCT7338	TO	1783	599	0	0	22	577	134	443
PCT7339	ED	1588	131	0	0	2	129	27	102
PCT7339	MV	1588	329	0	0	5	324	89	235
PCT7339	TO	1588	460	0	0	7	453	116	337
PCT7342	ED	909	133	0	0	4	129	26	103
PCT7342	MV	909	168	0	0	2	166	28	138
PCT7342	TO	909	301	0	0	6	295	54	241
PCT7343	ED	706	66	0	0	3	63	15	48
PCT7343	MV	706	81	0	0	2	79	17	62
PCT7343	TO	706	147	0	0	5	142	32	110
PCT7344	ED	1052	93	0	0	0	93	20	73
PCT7344	MV	1052	248	0	0	3	245	56	189
PCT7344	TO	1052	341	0	0	3	338	76	262
PCT7346	ED	879	82	0	0	0	82	17	65
PCT7346	MV	879	152	0	0	7	145	40	105
PCT7346	TO	879	234	0	0	7	227	57	170
PCT7348	ED	1826	121	0	0	2	119	23	96
PCT7348	MV	1826	327	0	0	8	319	87	232
PCT7348	TO	1826	448	0	0	10	438	110	328
PCT7502	ED	779	66	0	0	0	66	11	55
PCT7502	MV	779	211	0	1	9	201	32	169
PCT7502	TO	779	277	0	1	9	267	43	224
PCT7503	ED	725	56	0	0	2	54	7	47
PCT7503	MV	725	181	0	0	0	181	35	146
PCT7503	TO	725	237	0	0	2	235	42	193
PCT7504	ED	1019	95	0	0	3	92	12	80
PCT7504	MV	1019	263	0	2	8	253	46	207
PCT7504	TO	1019	358	0	2	11	345	58	287
PCT7505	ED	851	78	0	0	2	76	9	67
PCT7505	MV	851	338	0	0	11	327	47	280
PCT7505	TO	851	416	0	0	13	403	56	347
PCT7506	ED	1913	135	0	0	2	133	25	108
PCT7506	MV	1913	458	0	0	13	445	95	350
PCT7506	TO	1913	593	0	0	15	578	120	458
PCT7508	ED	720	75	0	0	2	73	13	60
PCT7508	MV	720	229	0	0	9	220	50	170
PCT7508	TO	720	304	0	0	11	293	63	230
PCT7509	ED	914	100	0	0	2	98	15	83
PCT7509	MV	914	236	0	0	3	233	39	194
PCT7509	TO	914	336	0	0	5	331	54	277
PCT7512	ED	588	58	0	0	4	54	11	43
PCT7512	MV	588	177	0	0	4	173	40	133
PCT7512	TO	588	235	0	0	8	227	51	176
PCT7513	ED	784	78	0	0	5	73	16	57
PCT7513	MV	784	173	0	0	5	168	48	120
PCT7513	TO	784	251	0	0	10	241	64	177
PCT7514	ED	901	54	0	0	4	50	12	38
PCT7514	MV	901	196	0	0	10	186	61	125
PCT7514	TO	901	250	0	0	14	236	73	163
PCT7515	ED	852	70	0	0	2	68	10	58
PCT7515	MV	852	197	0	0	5	192	31	161
PCT7515	TO	852	267	0	0	7	260	41	219
PCT7516	ED	906	89	0	0	1	88	17	71
PCT7516	MV	906	307	0	0	10	297	60	237
PCT7516	TO	906	396	0	0	11	385	77	308
PCT7518	ED	1754	221	0	1	3	217	31	186
PCT7518	MV	1754	466	0	0	10	456	61	395
PCT7518	TO	1754	687	0	1	13	673	92	581
PCT7519	ED	709	88	0	0	2	86	13	73
PCT7519	MV	709	168	0	0	3	165	28	137
PCT7519	TO	709	256	0	0	5	251	41	210
PCT7521	ED	761	99	0	0	3	96	12	84
PCT7521	MV	761	177	0	0	4	173	16	157
PCT7521	TO	761	276	0	0	7	269	28	241
PCT7522	ED	1464	203	0	0	4	199	32	167
PCT7522	MV	1464	322	0	0	6	316	37	279
PCT7522	TO	1464	525	0	0	10	515	69	446
PCT7524	ED	606	74	0	0	2	72	12	60
PCT7524	MV	606	128	0	0	7	121	29	92
PCT7524	TO	606	202	0	0	9	193	41	152
PCT7525	ED	762	67	0	0	1	66	11	55
PCT7525	MV	762	159	0	0	2	157	36	121
PCT7525	TO	762	226	0	0	3	223	47	176
PCT7526	ED	974	93	0	0	4	89	12	77
PCT7526	MV	974	234	0	0	9	225	32	193
PCT7526	TO	974	327	0	0	13	314	44	270
PCT7527	ED	689	95	0	0	5	90	9	81
PCT7527	MV	689	185	0	0	10	175	30	145
PCT7527	TO	689	280	0	0	15	265	39	226
PCT7529	ED	906	136	0	0	5	131	24	107
PCT7529	MV	906	210	0	0	8	202	37	165
PCT7529	TO	906	346	0	0	13	333	61	272
PCT7531	ED	839	74	0	0	2	72	10	62
PCT7531	MV	839	220	0	0	4	216	19	197
PCT7531	TO	839	294	0	0	6	288	29	259
PCT7532	ED	792	90	0	0	1	89	19	70
PCT7532	MV	792	195	0	0	3	192	42	150
PCT7532	TO	792	285	0	0	4	281	61	220
PCT7533	ED	936	169	0	0	3	166	28	138
PCT7533	MV	936	230	0	0	4	226	34	192
PCT7533	TO	936	399	0	0	7	392	62	330
PCT7534	ED	881	116	0	0	3	113	15	98
PCT7534	MV	881	151	0	0	5	146	21	125
PCT7534	TO	881	267	0	0	8	259	36	223
PCT7536	ED	1594	243	0	0	7	236	28	208
PCT7536	MV	1594	419	0	1	12	406	54	352
PCT7536	TO	1594	662	0	1	19	642	82	560
PCT7537	ED	1472	218	0	0	4	214	27	187
PCT7537	MV	1472	371	0	0	6	365	42	323
PCT7537	TO	1472	589	0	0	10	579	69	510
PCT7539	ED	906	180	0	0	8	172	16	156
PCT7539	MV	906	169	0	0	2	167	21	146
PCT7539	TO	906	349	0	0	10	339	37	302
PCT7541	ED	769	100	0	0	1	99	17	82
PCT7541	MV	769	198	0	1	3	194	31	163
PCT7541	TO	769	298	0	1	4	293	48	245
PCT7543	ED	1718	204	0	0	5	199	37	162
PCT7543	MV	1718	462	0	0	11	451	73	378
PCT7543	TO	1718	666	0	0	16	650	110	540
PCT7544	ED	892	112	0	0	2	110	21	89
PCT7544	MV	892	233	0	0	7	226	33	193
PCT7544	TO	892	345	0	0	9	336	54	282
PCT7545	ED	877	110	0	0	3	107	15	92
PCT7545	MV	877	205	0	0	1	204	28	176
PCT7545	TO	877	315	0	0	4	311	43	268
PCT7546	ED	1900	271	0	1	4	266	37	229
PCT7546	MV	1900	546	0	0	15	531	59	472
PCT7546	TO	1900	817	0	1	19	797	96	701
PCT7548	ED	1027	149	0	0	3	146	25	121
PCT7548	MV	1027	219	0	0	4	215	36	179
PCT7548	TO	1027	368	0	0	7	361	61	300
PCT7549	ED	799	99	0	0	3	96	9	87
PCT7549	MV	799	247	0	0	0	247	33	214
PCT7549	TO	799	346	0	0	3	343	42	301
PCT7552	ED	685	97	0	0	2	95	12	83
PCT7552	MV	685	176	0	0	3	173	17	156
PCT7552	TO	685	273	0	0	5	268	29	239
PCT7553	MV	182	66	0	0	4	62	6	56
PCT7553	TO	182	66	0	0	4	62	6	56
PCT7554	ED	795	108	0	0	2	106	14	92
PCT7554	MV	795	220	0	0	7	213	29	184
PCT7554	TO	795	328	0	0	9	319	43	276
PCT7555	ED	1584	271	0	0	6	265	26	239
PCT7555	MV	1584	481	0	0	4	477	49	428
PCT7555	TO	1584	752	0	0	10	742	75	667
PCT7556	ED	958	113	0	0	3	110	10	100
PCT7556	MV	958	355	0	0	3	352	36	316
PCT7556	TO	958	468	0	0	6	462	46	416
PCT7601	ED	677	61	0	0	3	58	24	34
PCT7601	MV	677	127	0	1	1	125	40	85
PCT7601	TO	677	188	0	1	4	183	64	119
PCT7602	ED	1659	136	0	0	5	131	28	103
PCT7602	MV	1659	289	0	0	10	279	73	206
PCT7602	TO	1659	425	0	0	15	410	101	309
PCT7605	ED	1508	77	0	1	2	74	15	59
PCT7605	MV	1508	390	0	0	19	371	106	265
PCT7605	TO	1508	467	0	1	21	445	121	324
PCT7606	ED	887	63	0	0	1	62	21	41
PCT7606	MV	887	117	0	0	2	115	33	82
PCT7606	TO	887	180	0	0	3	177	54	123
PCT7607	ED	900	65	0	0	1	64	16	48
PCT7607	MV	900	175	0	0	6	169	50	119
PCT7607	TO	900	240	0	0	7	233	66	167
PCT7608	ED	1300	81	0	0	2	79	21	58
PCT7608	MV	1300	214	0	0	8	206	64	142
PCT7608	TO	1300	295	0	0	10	285	85	200
PCT7611	ED	763	38	0	0	2	36	8	28
PCT7611	MV	763	158	0	0	15	143	62	81
PCT7611	TO	763	196	0	0	17	179	70	109
PCT7613	ED	1421	101	0	0	2	99	28	71
PCT7613	MV	1421	291	0	1	6	284	79	205
PCT7613	TO	1421	392	0	1	8	383	107	276
PCT7614	ED	932	56	0	0	2	54	21	33
PCT7614	MV	932	134	0	0	3	131	46	85
PCT7614	TO	932	190	0	0	5	185	67	118
PCT7615	ED	745	41	0	0	4	37	15	22
PCT7615	MV	745	132	0	1	9	122	40	82
PCT7615	TO	745	173	0	1	13	159	55	104
PCT7616	ED	1246	58	0	0	1	57	10	47
PCT7616	MV	1246	262	0	0	3	259	66	193
PCT7616	TO	1246	320	0	0	4	316	76	240
PCT7617	ED	737	32	0	0	2	30	11	19
PCT7617	MV	737	167	0	1	13	153	55	98
PCT7617	TO	737	199	0	1	15	183	66	117
PCT7618	ED	873	54	0	0	1	53	13	40
PCT7618	MV	873	197	0	1	2	194	37	157
PCT7618	TO	873	251	0	1	3	247	50	197
PCT7619	ED	1055	64	0	0	1	63	9	54
PCT7619	MV	1055	241	0	0	6	235	59	176
PCT7619	TO	1055	305	0	0	7	298	68	230
PCT7621	ED	1064	60	0	0	1	59	13	46
PCT7621	MV	1064	214	0	0	7	207	50	157
PCT7621	TO	1064	274	0	0	8	266	63	203
PCT7622	ED	923	44	0	0	1	43	9	34
PCT7622	MV	923	130	0	0	2	128	40	88
PCT7622	TO	923	174	0	0	3	171	49	122
PCT7623	ED	965	68	0	0	1	67	19	48
PCT7623	MV	965	148	0	0	5	143	30	113
PCT7623	TO	965	216	0	0	6	210	49	161
PCT7624	ED	835	46	0	0	0	46	20	26
PCT7624	MV	835	144	0	0	9	135	45	90
PCT7624	TO	835	190	0	0	9	181	65	116
PCT7625	ED	809	23	0	0	1	22	6	16
PCT7625	MV	809	371	0	1	15	355	118	237
PCT7625	TO	809	394	0	1	16	377	124	253
PCT7626	ED	1037	47	0	0	0	47	9	38
PCT7626	MV	1037	262	0	0	5	257	59	198
PCT7626	TO	1037	309	0	0	5	304	68	236
PCT7628	ED	933	69	0	0	2	67	19	48
PCT7628	MV	933	192	0	0	1	191	48	143
PCT7628	TO	933	261	0	0	3	258	67	191
PCT7629	ED	847	61	0	0	3	58	9	49
PCT7629	MV	847	151	0	0	8	143	34	109
PCT7629	TO	847	212	0	0	11	201	43	158
PCT7632	ED	1112	60	0	0	0	60	16	44
PCT7632	MV	1112	210	0	0	4	206	54	152
PCT7632	TO	1112	270	0	0	4	266	70	196
PCT7633	ED	1902	109	0	0	3	106	25	81
PCT7633	MV	1902	441	0	0	10	431	100	331
PCT7633	TO	1902	550	0	0	13	537	125	412
PCT7634	ED	864	63	0	0	7	56	23	33
PCT7634	MV	864	228	0	0	6	222	58	164
PCT7634	TO	864	291	0	0	13	278	81	197
PCT7635	ED	821	41	0	0	0	41	5	36
PCT7635	MV	821	174	0	0	3	171	49	122
PCT7635	TO	821	215	0	0	3	212	54	158
PCT7636	ED	945	59	0	0	1	58	17	41
PCT7636	MV	945	181	0	0	4	177	37	140
PCT7636	TO	945	240	0	0	5	235	54	181
PCT7637	ED	841	44	0	0	0	44	12	32
PCT7637	MV	841	216	0	0	2	214	44	170
PCT7637	TO	841	260	0	0	2	258	56	202
PCT7638	ED	1467	67	0	0	2	65	24	41
PCT7638	MV	1467	412	0	0	9	403	69	334
PCT7638	TO	1467	479	0	0	11	468	93	375
PCT7639	ED	1935	103	0	0	2	101	15	86
PCT7639	MV	1935	516	0	0	11	505	100	405
PCT7639	TO	1935	619	0	0	13	606	115	491
PCT7642	ED	946	60	0	0	2	58	16	42
PCT7642	MV	946	186	0	0	6	180	55	125
PCT7642	TO	946	246	0	0	8	238	71	167
PCT7643	ED	927	68	0	0	3	65	15	50
PCT7643	MV	927	283	0	0	8	275	59	216
PCT7643	TO	927	351	0	0	11	340	74	266
PCT7644	ED	1111	60	0	0	0	60	14	46
PCT7644	MV	1111	212	0	0	2	210	30	180
PCT7644	TO	1111	272	0	0	2	270	44	226
PCT7645	ED	626	28	0	0	0	28	10	18
PCT7645	MV	626	189	0	0	6	183	40	143
PCT7645	TO	626	217	0	0	6	211	50	161
PCT7646	ED	1090	41	0	0	1	40	5	35
PCT7646	MV	1090	284	0	0	5	279	39	240
PCT7646	TO	1090	325	0	0	6	319	44	275
PCT7647	ED	968	46	0	0	0	46	11	35
PCT7647	MV	968	81	0	0	0	81	23	58
PCT7647	TO	968	127	0	0	0	127	34	93
PCT7648	MV	2	0	0	0	0	0	0	0
PCT7648	TO	2	0	0	0	0	0	0	0
PCT7649	ED	888	44	0	0	2	42	8	34
PCT7649	MV	888	171	0	0	9	162	55	107
PCT7649	TO	888	215	0	0	11	204	63	141
PCT7651	ED	830	29	0	0	1	28	6	22
PCT7651	MV	830	174	0	0	3	171	41	130
PCT7651	TO	830	203	0	0	4	199	47	152
PCT7652	ED	596	38	0	0	1	37	9	28
PCT7652	MV	596	124	0	0	4	120	20	100
PCT7652	TO	596	162	0	0	5	157	29	128
PCT7653	ED	1373	52	0	0	0	52	13	39
PCT7653	MV	1373	299	0	0	4	295	53	242
PCT7653	TO	1373	351	0	0	4	347	66	281
PCT7655	ED	1150	38	0	0	1	37	5	32
PCT7655	MV	1150	230	0	0	9	221	45	176
PCT7655	TO	1150	268	0	0	10	258	50	208
PCT7701	ED	1035	113	0	0	0	113	8	105
PCT7701	MV	1035	319	0	0	4	315	47	268
PCT7701	TO	1035	432	0	0	4	428	55	373
PCT7703	MV	178	36	0	0	2	34	11	23
PCT7703	TO	178	36	0	0	2	34	11	23
PCT7704	ED	1723	201	0	0	9	192	37	155
PCT7704	MV	1723	443	0	0	4	439	67	372
PCT7704	TO	1723	644	0	0	13	631	104	527
PCT7705	ED	570	67	0	0	0	67	5	62
PCT7705	MV	570	176	0	0	6	170	16	154
PCT7705	TO	570	243	0	0	6	237	21	216
PCT7706	ED	839	120	0	1	1	118	10	108
PCT7706	MV	839	267	0	0	6	261	42	219
PCT7706	TO	839	387	0	1	7	379	52	327
PCT7707	ED	861	119	0	0	1	118	25	93
PCT7707	MV	861	265	0	1	2	262	31	231
PCT7707	TO	861	384	0	1	3	380	56	324
PCT7708	ED	881	92	0	0	2	90	11	79
PCT7708	MV	881	306	0	0	6	300	47	253
PCT7708	TO	881	398	0	0	8	390	58	332
PCT7709	ED	395	65	0	0	1	64	4	60
PCT7709	MV	395	120	0	0	5	115	16	99
PCT7709	TO	395	185	0	0	6	179	20	159
PCT7712	ED	1308	145	0	0	3	142	5	137
PCT7712	MV	1308	334	0	1	7	326	60	266
PCT7712	TO	1308	479	0	1	10	468	65	403
PCT7801	ED	968	110	0	0	2	108	13	95
PCT7801	MV	968	272	0	0	4	268	51	217
PCT7801	TO	968	382	0	0	6	376	64	312
PCT7802	ED	788	107	0	0	0	107	9	98
PCT7802	MV	788	231	0	0	11	220	34	186
PCT7802	TO	788	338	0	0	11	327	43	284
PCT7803	ED	822	67	0	0	3	64	8	56
PCT7803	MV	822	314	0	0	6	308	48	260
PCT7803	TO	822	381	0	0	9	372	56	316
PCT7805	ED	1683	205	0	0	0	205	26	179
PCT7805	MV	1683	531	0	0	11	520	74	446
PCT7805	TO	1683	736	0	0	11	725	100	625
PCT7807	ED	796	125	0	0	1	124	19	105
PCT7807	MV	796	215	0	0	1	214	36	178
PCT7807	TO	796	340	0	0	2	338	55	283
PCT7808	ED	1377	206	0	0	7	199	29	170
PCT7808	MV	1377	317	0	0	5	312	40	272
PCT7808	TO	1377	523	0	0	12	511	69	442
PCT7809	ED	770	89	0	0	4	85	10	75
PCT7809	MV	770	203	0	1	2	200	29	171
PCT7809	TO	770	292	0	1	6	285	39	246
PCT7811	ED	726	97	0	0	0	97	15	82
PCT7811	MV	726	164	0	1	6	157	23	134
PCT7811	TO	726	261	0	1	6	254	38	216
PCT7812	ED	871	107	0	0	5	102	15	87
PCT7812	MV	871	175	0	0	1	174	35	139
PCT7812	TO	871	282	0	0	6	276	50	226
PCT7813	ED	1037	153	0	0	0	153	25	128
PCT7813	MV	1037	274	0	0	4	270	44	226
PCT7813	TO	1037	427	0	0	4	423	69	354
PCT7814	ED	887	80	0	0	1	79	20	59
PCT7814	MV	887	183	0	0	5	178	48	130
PCT7814	TO	887	263	0	0	6	257	68	189
PCT7815	ED	1779	190	0	0	1	189	25	164
PCT7815	MV	1779	513	0	0	6	507	80	427
PCT7815	TO	1779	703	0	0	7	696	105	591
PCT7817	ED	1641	225	0	0	6	219	27	192
PCT7817	MV	1641	519	0	0	7	512	65	447
PCT7817	TO	1641	744	0	0	13	731	92	639
PCT7819	ED	1585	181	0	0	2	179	27	152
PCT7819	MV	1585	418	0	0	18	400	72	328
PCT7819	TO	1585	599	0	0	20	579	99	480
PCT7821	ED	965	134	0	0	0	134	15	119
PCT7821	MV	965	327	0	0	4	323	34	289
PCT7821	TO	965	461	0	0	4	457	49	408
PCT7822	ED	1748	263	0	0	3	260	41	219
PCT7822	MV	1748	525	0	1	6	518	87	431
PCT7822	TO	1748	788	0	1	9	778	128	650
PCT7824	ED	1353	175	0	1	6	168	25	143
PCT7824	MV	1353	337	0	0	3	334	49	285
PCT7824	TO	1353	512	0	1	9	502	74	428
PCT7826	ED	661	107	0	0	1	106	13	93
PCT7826	MV	661	118	0	0	1	117	16	101
PCT7826	TO	661	225	0	0	2	223	29	194
PCT7828	ED	997	105	0	0	0	105	21	84
PCT7828	MV	997	232	0	0	3	229	46	183
PCT7828	TO	997	337	0	0	3	334	67	267
PCT7829	ED	884	113	0	0	2	111	19	92
PCT7829	MV	884	298	0	0	5	293	42	251
PCT7829	TO	884	411	0	0	7	404	61	343
PCT7832	ED	773	77	0	0	2	75	13	62
PCT7832	MV	773	234	0	0	5	229	44	185
PCT7832	TO	773	311	0	0	7	304	57	247
PCT7834	ED	1593	199	0	0	7	192	30	162
PCT7834	MV	1593	403	0	0	8	395	49	346
PCT7834	TO	1593	602	0	0	15	587	79	508
PCT7835	ED	847	77	0	0	0	77	10	67
PCT7835	MV	847	193	0	0	1	192	34	158
PCT7835	TO	847	270	0	0	1	269	44	225
PCT7836	ED	1011	108	0	0	3	105	15	90
PCT7836	MV	1011	275	0	0	5	270	56	214
PCT7836	TO	1011	383	0	0	8	375	71	304
PCT7837	ED	1784	238	0	0	1	237	23	214
PCT7837	MV	1784	555	0	0	8	547	70	477
PCT7837	TO	1784	793	0	0	9	784	93	691
PCT7839	ED	1718	176	0	0	3	173	26	147
PCT7839	MV	1718	566	0	0	9	557	67	490
PCT7839	TO	1718	742	0	0	12	730	93	637
PCT7841	ED	1778	277	0	0	3	274	34	240
PCT7841	MV	1778	393	0	0	8	385	55	330
PCT7841	TO	1778	670	0	0	11	659	89	570
PCT7843	ED	719	108	0	0	3	105	10	95
PCT7843	MV	719	184	0	0	9	175	24	151
PCT7843	TO	719	292	0	0	12	280	34	246
PCT7844	ED	630	77	0	0	3	74	15	59
PCT7844	MV	630	157	0	0	5	152	16	136
PCT7844	TO	630	234	0	0	8	226	31	195
PCT7845	ED	870	107	0	0	1	106	15	91
PCT7845	MV	870	252	0	0	6	246	31	215
PCT7845	TO	870	359	0	0	7	352	46	306
PCT7846	ED	888	103	0	0	2	101	13	88
PCT7846	MV	888	233	0	0	7	226	25	201
PCT7846	TO	888	336	0	0	9	327	38	289
PCT7847	ED	1718	225	0	0	2	223	29	194
PCT7847	MV	1718	400	0	0	4	396	49	347
PCT7847	TO	1718	625	0	0	6	619	78	541
PCT7849	ED	887	126	0	0	3	123	13	110
PCT7849	MV	887	218	0	1	1	216	32	184
PCT7849	TO	887	344	0	1	4	339	45	294
PCT7852	ED	1153	130	0	0	1	129	23	106
PCT7852	MV	1153	371	0	1	6	364	46	318
PCT7852	TO	1153	501	0	1	7	493	69	424
PCT7853	ED	1736	183	0	0	4	179	24	155
PCT7853	MV	1736	432	0	0	6	426	54	372
PCT7853	TO	1736	615	0	0	10	605	78	527
PCT7854	ED	866	109	0	0	0	109	8	101
PCT7854	MV	866	269	0	0	0	269	35	234
PCT7854	TO	866	378	0	0	0	378	43	335
PCT7855	ED	1775	243	0	0	2	241	20	221
PCT7855	MV	1775	396	0	0	5	391	53	338
PCT7855	TO	1775	639	0	0	7	632	73	559
PCT7858	ED	1646	199	0	0	6	193	24	169
PCT7858	MV	1646	398	0	0	11	387	71	316
PCT7858	TO	1646	597	0	0	17	580	95	485
PCT7861	ED	854	111	0	0	0	111	12	99
PCT7861	MV	854	215	0	0	6	209	32	177
PCT7861	TO	854	326	0	0	6	320	44	276
PCT7862	ED	857	132	0	0	0	132	16	116
PCT7862	MV	857	242	0	0	2	240	34	206
PCT7862	TO	857	374	0	0	2	372	50	322
PCT7863	ED	881	127	0	0	2	125	14	111
PCT7863	MV	881	189	0	0	4	185	24	161
PCT7863	TO	881	316	0	0	6	310	38	272
PCT7864	ED	804	96	0	0	0	96	6	90
PCT7864	MV	804	228	0	1	3	224	32	192
PCT7864	TO	804	324	0	1	3	320	38	282
PCT7866	ED	822	113	0	0	4	109	15	94
PCT7866	MV	822	267	0	1	5	261	42	219
PCT7866	TO	822	380	0	1	9	370	57	313
PCT7867	ED	969	124	0	0	5	119	18	101
PCT7867	MV	969	287	0	0	4	283	36	247
PCT7867	TO	969	411	0	0	9	402	54	348
PCT7868	ED	870	117	0	0	2	115	13	102
PCT7868	MV	870	233	0	0	4	229	35	194
PCT7868	TO	870	350	0	0	6	344	48	296
PCT7869	ED	863	109	0	0	0	109	13	96
PCT7869	MV	863	290	0	0	0	290	30	260
PCT7869	TO	863	399	0	0	0	399	43	356
PCT7871	ED	877	125	0	0	0	125	15	110
PCT7871	MV	877	190	0	0	4	186	20	166
PCT7871	TO	877	315	0	0	4	311	35	276
PCT7872	ED	863	134	0	0	0	134	17	117
PCT7872	MV	863	289	0	0	3	286	35	251
PCT7872	TO	863	423	0	0	3	420	52	368
PCT7873	ED	1688	227	0	1	4	222	17	205
PCT7873	MV	1688	523	0	0	11	512	61	451
PCT7873	TO	1688	750	0	1	15	734	78	656
PCT7874	ED	474	55	0	0	2	53	12	41
PCT7874	MV	474	118	0	0	1	117	20	97
PCT7874	TO	474	173	0	0	3	170	32	138
PCT7875	ED	624	63	0	0	1	62	7	55
PCT7875	MV	624	149	0	1	3	145	23	122
PCT7875	TO	624	212	0	1	4	207	30	177
PCT7876	ED	523	49	0	0	2	47	9	38
PCT7876	MV	523	143	0	0	3	140	27	113
PCT7876	TO	523	192	0	0	5	187	36	151
PCT7902	ED	1729	159	0	0	2	157	23	134
PCT7902	MV	1729	310	0	0	8	302	61	241
PCT7902	TO	1729	469	0	0	10	459	84	375
PCT7903	ED	826	102	0	0	3	99	29	70
PCT7903	MV	826	168	0	0	10	158	33	125
PCT7903	TO	826	270	0	0	13	257	62	195
PCT7905	ED	880	115	0	0	2	113	15	98
PCT7905	MV	880	216	0	0	6	210	45	165
PCT7905	TO	880	331	0	0	8	323	60	263
PCT7906	ED	757	75	0	0	1	74	16	58
PCT7906	MV	757	93	0	0	1	92	16	76
PCT7906	TO	757	168	0	0	2	166	32	134
PCT7908	ED	1907	203	0	0	0	203	35	168
PCT7908	MV	1907	301	0	0	11	290	55	235
PCT7908	TO	1907	504	0	0	11	493	90	403
PCT7909	ED	718	96	0	0	2	94	16	78
PCT7909	MV	718	165	0	0	1	164	15	149
PCT7909	TO	718	261	0	0	3	258	31	227
PCT7911	ED	845	91	0	0	2	89	14	75
PCT7911	MV	845	177	0	0	4	173	33	140
PCT7911	TO	845	268	0	0	6	262	47	215
PCT7912	ED	1940	230	0	0	5	225	38	187
PCT7912	MV	1940	398	0	0	7	391	75	316
PCT7912	TO	1940	628	0	0	12	616	113	503
PCT7915	ED	1692	201	0	0	4	197	34	163
PCT7915	MV	1692	339	0	0	3	336	53	283
PCT7915	TO	1692	540	0	0	7	533	87	446
PCT7916	ED	842	119	0	0	1	118	15	103
PCT7916	MV	842	186	0	0	4	182	29	153
PCT7916	TO	842	305	0	0	5	300	44	256
PCT7917	ED	1823	232	0	1	9	222	25	197
PCT7917	MV	1823	268	0	0	2	266	58	208
PCT7917	TO	1823	500	0	1	11	488	83	405
PCT7918	ED	798	96	0	0	2	94	9	85
PCT7918	MV	798	156	0	0	1	155	24	131
PCT7918	TO	798	252	0	0	3	249	33	216
PCT7921	ED	1729	158	0	0	4	154	24	130
PCT7921	MV	1729	348	0	0	5	343	70	273
PCT7921	TO	1729	506	0	0	9	497	94	403
PCT7923	ED	1708	173	0	0	1	172	20	152
PCT7923	MV	1708	258	0	0	7	251	52	199
PCT7923	TO	1708	431	0	0	8	423	72	351
PCT7925	ED	530	58	0	0	3	55	10	45
PCT7925	MV	530	128	0	0	3	125	21	104
PCT7925	TO	530	186	0	0	6	180	31	149
PCT7926	ED	783	114	0	0	0	114	13	101
PCT7926	MV	783	137	0	0	1	136	28	108
PCT7926	TO	783	251	0	0	1	250	41	209
PCT7928	ED	1661	261	0	1	6	254	26	228
PCT7928	MV	1661	440	0	2	7	431	43	388
PCT7928	TO	1661	701	0	3	13	685	69	616
PCT7929	ED	830	117	0	0	6	111	13	98
PCT7929	MV	830	270	0	0	4	266	29	237
PCT7929	TO	830	387	0	0	10	377	42	335
PCT7931	ED	742	96	0	0	0	96	8	88
PCT7931	MV	742	249	0	0	4	245	22	223
PCT7931	TO	742	345	0	0	4	341	30	311
PCT7932	ED	547	68	0	0	1	67	4	63
PCT7932	MV	547	154	0	0	2	152	23	129
PCT7932	TO	547	222	0	0	3	219	27	192
PCT7933	MV	7	4	0	0	0	4	0	4
PCT7933	TO	7	4	0	0	0	4	0	4
PCT7934	ED	866	92	0	0	2	90	13	77
PCT7934	MV	866	250	0	1	5	244	27	217
PCT7934	TO	866	342	0	1	7	334	40	294
PCT7935	ED	927	131	0	0	2	129	11	118
PCT7935	MV	927	254	0	0	5	249	13	236
PCT7935	TO	927	385	0	0	7	378	24	354
PCT7936	ED	1508	285	0	0	4	281	24	257
PCT7936	MV	1508	318	0	0	5	313	42	271
PCT7936	TO	1508	603	0	0	9	594	66	528
PCT7937	ED	899	108	0	0	0	108	18	90
PCT7937	MV	899	252	0	0	3	249	35	214
PCT7937	TO	899	360	0	0	3	357	53	304
PCT7938	ED	758	80	0	0	0	80	16	64
PCT7938	MV	758	177	0	0	3	174	44	130
PCT7938	TO	758	257	0	0	3	254	60	194
PCT7941	ED	752	95	0	0	0	95	13	82
PCT7941	MV	752	176	0	0	4	172	29	143
PCT7941	TO	752	271	0	0	4	267	42	225
PCT7942	ED	923	72	0	0	3	69	15	54
PCT7942	MV	923	213	0	0	5	208	38	170
PCT7942	TO	923	285	0	0	8	277	53	224
PCT7943	ED	1675	215	0	1	4	210	21	189
PCT7943	MV	1675	436	0	0	7	429	68	361
PCT7943	TO	1675	651	0	1	11	639	89	550
PCT7945	ED	940	50	0	0	0	50	8	42
PCT7945	MV	940	210	0	0	6	204	43	161
PCT7945	TO	940	260	0	0	6	254	51	203
PCT7946	ED	1553	111	0	0	1	110	24	86
PCT7946	MV	1553	411	0	0	12	399	112	287
PCT7946	TO	1553	522	0	0	13	509	136	373
PCT7947	ED	960	51	0	0	3	48	13	35
PCT7947	MV	960	262	0	0	3	259	91	168
PCT7947	TO	960	313	0	0	6	307	104	203
PCT7948	ED	918	75	0	1	1	73	15	58
PCT7948	MV	918	261	0	0	8	253	46	207
PCT7948	TO	918	336	0	1	9	326	61	265
PCT7951	ED	1818	98	0	0	2	96	19	77
PCT7951	MV	1818	518	0	1	17	500	117	383
PCT7951	TO	1818	616	0	1	19	596	136	460
PCT7953	ED	824	69	0	0	0	69	13	56
PCT7953	MV	824	204	0	0	2	202	51	151
PCT7953	TO	824	273	0	0	2	271	64	207
PCT7954	MV	1	1	0	0	0	1	0	1
PCT7954	TO	1	1	0	0	0	1	0	1
PCT7956	ED	1759	85	0	0	2	83	26	57
PCT7956	MV	1759	358	0	1	15	342	102	240
PCT7956	TO	1759	443	0	1	17	425	128	297
PCT7957	ED	665	60	0	0	2	58	15	43
PCT7957	MV	665	180	0	0	4	176	45	131
PCT7957	TO	665	240	0	0	6	234	60	174
PCT7958	MV	301	73	0	0	1	72	14	58
PCT7958	TO	301	73	0	0	1	72	14	58
PCT7959	ED	1198	94	0	0	2	92	26	66
PCT7959	MV	1198	240	0	0	4	236	51	185
PCT7959	TO	1198	334	0	0	6	328	77	251
PCT9001	MV	286	69	0	0	0	69	23	46
PCT9001	TO	286	69	0	0	0	69	23	46
PCT9103	ED	946	98	0	0	2	96	17	79
PCT9103	MV	946	221	0	0	7	214	45	169
PCT9103	TO	946	319	0	0	9	310	62	248
PCT9104	ED	993	83	0	0	2	81	11	70
PCT9104	MV	993	225	0	0	8	217	49	168
PCT9104	TO	993	308	0	0	10	298	60	238
PCT9105	ED	1747	185	0	1	1	183	31	152
PCT9105	MV	1747	369	0	0	5	364	68	296
PCT9105	TO	1747	554	0	1	6	547	99	448
PCT9106	ED	935	109	0	0	3	106	15	91
PCT9106	MV	935	256	0	0	8	248	22	226
PCT9106	TO	935	365	0	0	11	354	37	317
PCT9109	ED	1651	202	0	0	4	198	32	166
PCT9109	MV	1651	376	0	0	11	365	53	312
PCT9109	TO	1651	578	0	0	15	563	85	478
PCT9111	ED	809	82	0	0	3	79	20	59
PCT9111	MV	809	151	0	0	4	147	33	114
PCT9111	TO	809	233	0	0	7	226	53	173
PCT9113	ED	997	132	0	0	3	129	16	113
PCT9113	MV	997	241	0	0	5	236	41	195
PCT9113	TO	997	373	0	0	8	365	57	308
PCT9114	ED	1806	173	0	0	1	172	26	146
PCT9114	MV	1806	448	0	0	7	441	92	349
PCT9114	TO	1806	621	0	0	8	613	118	495
PCT9116	ED	1822	194	0	0	7	187	21	166
PCT9116	MV	1822	335	0	0	6	329	69	260
PCT9116	TO	1822	529	0	0	13	516	90	426
PCT9117	ED	1691	202	0	0	4	198	29	169
PCT9117	MV	1691	464	0	0	12	452	92	360
PCT9117	TO	1691	666	0	0	16	650	121	529
PCT9118	ED	1938	171	0	0	4	167	25	142
PCT9118	MV	1938	433	0	1	9	423	95	328
PCT9118	TO	1938	604	0	1	13	590	120	470
PCT9119	ED	899	77	0	0	1	76	16	60
PCT9119	MV	899	267	0	1	4	262	46	216
PCT9119	TO	899	344	0	1	5	338	62	276
PCT9122	ED	1865	148	0	0	7	141	30	111
PCT9122	MV	1865	461	0	0	10	451	89	362
PCT9122	TO	1865	609	0	0	17	592	119	473
PCT9124	ED	1843	179	0	0	2	177	22	155
PCT9124	MV	1843	454	0	0	3	451	93	358
PCT9124	TO	1843	633	0	0	5	628	115	513
PCT9125	ED	879	83	0	0	1	82	10	72
PCT9125	MV	879	219	0	0	3	216	32	184
PCT9125	TO	879	302	0	0	4	298	42	256
PCT9127	ED	1974	213	0	0	2	211	30	181
PCT9127	MV	1974	549	0	0	8	541	125	416
PCT9127	TO	1974	762	0	0	10	752	155	597
PCT9128	ED	814	102	0	0	4	98	14	84
PCT9128	MV	814	161	0	0	0	161	38	123
PCT9128	TO	814	263	0	0	4	259	52	207
PCT9129	ED	1459	128	0	0	4	124	17	107
PCT9129	MV	1459	366	0	1	6	359	66	293
PCT9129	TO	1459	494	0	1	10	483	83	400
PCT9132	ED	805	80	0	1	3	76	12	64
PCT9132	MV	805	141	0	0	2	139	34	105
PCT9132	TO	805	221	0	1	5	215	46	169
PCT9133	ED	1984	203	0	0	1	202	33	169
PCT9133	MV	1984	437	0	0	11	426	66	360
PCT9133	TO	1984	640	0	0	12	628	99	529
PCT9134	ED	891	60	0	0	1	59	10	49
PCT9134	MV	891	224	0	0	6	218	39	179
PCT9134	TO	891	284	0	0	7	277	49	228
PCT9135	ED	802	90	0	0	1	89	25	64
PCT9135	MV	802	202	0	0	5	197	44	153
PCT9135	TO	802	292	0	0	6	286	69	217
PCT9136	ED	900	97	0	0	0	97	26	71
PCT9136	MV	900	212	0	1	8	203	42	161
PCT9136	TO	900	309	0	1	8	300	68	232
PCT9137	ED	999	90	0	0	2	88	13	75
PCT9137	MV	999	237	0	0	1	236	60	176
PCT9137	TO	999	327	0	0	3	324	73	251
PCT9138	ED	929	69	0	0	0	69	10	59
PCT9138	MV	929	255	0	0	6	249	40	209
PCT9138	TO	929	324	0	0	6	318	50	268
PCT9139	ED	986	83	0	0	4	79	7	72
PCT9139	MV	986	214	0	0	5	209	53	156
PCT9139	TO	986	297	0	0	9	288	60	228
PCT9141	ED	1803	187	0	0	4	183	29	154
PCT9141	MV	1803	439	0	0	12	427	85	342
PCT9141	TO	1803	626	0	0	16	610	114	496
PCT9143	ED	895	103	0	0	2	101	17	84
PCT9143	MV	895	199	0	0	4	195	45	150
PCT9143	TO	895	302	0	0	6	296	62	234
PCT9144	ED	958	121	0	0	1	120	12	108
PCT9144	MV	958	255	0	0	8	247	38	209
PCT9144	TO	958	376	0	0	9	367	50	317
PCT9145	ED	851	89	0	0	2	87	9	78
PCT9145	MV	851	217	0	0	2	215	28	187
PCT9145	TO	851	306	0	0	4	302	37	265
PCT9146	ED	1837	209	0	0	2	207	24	183
PCT9146	MV	1837	326	0	0	10	316	60	256
PCT9146	TO	1837	535	0	0	12	523	84	439
PCT9149	ED	957	134	0	0	3	131	22	109
PCT9149	MV	957	163	0	0	1	162	31	131
PCT9149	TO	957	297	0	0	4	293	53	240
PCT9152	ED	1630	123	0	0	3	120	17	103
PCT9152	MV	1630	276	0	0	4	272	51	221
PCT9152	TO	1630	399	0	0	7	392	68	324
PCT9201	ED	950	76	0	0	1	75	6	69
PCT9201	MV	950	158	0	0	2	156	24	132
PCT9201	TO	950	234	0	0	3	231	30	201
PCT9202	ED	977	78	0	0	1	77	12	65
PCT9202	MV	977	168	0	0	1	167	21	146
PCT9202	TO	977	246	0	0	2	244	33	211
PCT9203	ED	984	51	0	0	0	51	5	46
PCT9203	MV	984	198	0	0	8	190	29	161
PCT9203	TO	984	249	0	0	8	241	34	207
PCT9204	ED	855	83	0	0	3	80	14	66
PCT9204	MV	855	175	0	0	7	168	27	141
PCT9204	TO	855	258	0	0	10	248	41	207
PCT9205	ED	1484	103	0	0	1	102	24	78
PCT9205	MV	1484	271	0	2	8	261	48	213
PCT9205	TO	1484	374	0	2	9	363	72	291
PCT9208	ED	1935	136	0	0	1	135	23	112
PCT9208	MV	1935	398	0	0	9	389	67	322
PCT9208	TO	1935	534	0	0	10	524	90	434
PCT9209	ED	742	64	0	0	0	64	9	55
PCT9209	MV	742	160	0	0	3	157	30	127
PCT9209	TO	742	224	0	0	3	221	39	182
PCT9211	ED	1788	140	0	0	4	136	26	110
PCT9211	MV	1788	402	0	1	10	391	80	311
PCT9211	TO	1788	542	0	1	14	527	106	421
PCT9213	ED	927	67	0	0	0	67	12	55
PCT9213	MV	927	212	0	0	5	207	38	169
PCT9213	TO	927	279	0	0	5	274	50	224
PCT9214	ED	633	52	0	0	0	52	11	41
PCT9214	MV	633	156	0	0	1	155	24	131
PCT9214	TO	633	208	0	0	1	207	35	172
PCT9215	ED	641	58	0	0	0	58	14	44
PCT9215	MV	641	138	0	0	5	133	11	122
PCT9215	TO	641	196	0	0	5	191	25	166
PCT9216	ED	818	58	0	0	0	58	10	48
PCT9216	MV	818	149	0	0	3	146	22	124
PCT9216	TO	818	207	0	0	3	204	32	172
PCT9217	ED	704	48	0	0	0	48	8	40
PCT9217	MV	704	127	0	0	0	127	33	94
PCT9217	TO	704	175	0	0	0	175	41	134
PCT9218	ED	805	66	0	0	2	64	11	53
PCT9218	MV	805	126	0	0	2	124	25	99
PCT9218	TO	805	192	0	0	4	188	36	152
PCT9219	ED	1727	142	0	0	1	141	28	113
PCT9219	MV	1727	235	0	0	4	231	42	189
PCT9219	TO	1727	377	0	0	5	372	70	302
PCT9221	ED	638	60	0	0	1	59	2	57
PCT9221	MV	638	211	0	0	3	208	33	175
PCT9221	TO	638	271	0	0	4	267	35	232
PCT9222	ED	886	63	0	0	2	61	11	50
PCT9222	MV	886	235	0	0	17	218	33	185
PCT9222	TO	886	298	0	0	19	279	44	235
PCT9223	ED	651	39	0	0	0	39	9	30
PCT9223	MV	651	139	0	0	8	131	16	115
PCT9223	TO	651	178	0	0	8	170	25	145
PCT9224	ED	928	77	0	0	1	76	16	60
PCT9224	MV	928	241	0	0	1	240	45	195
PCT9224	TO	928	318	0	0	2	316	61	255
PCT9226	ED	892	70	0	0	0	70	15	55
PCT9226	MV	892	210	0	0	4	206	35	171
PCT9226	TO	892	280	0	0	4	276	50	226
PCT9227	ED	713	72	0	0	1	71	6	65
PCT9227	MV	713	250	0	0	4	246	28	218
PCT9227	TO	713	322	0	0	5	317	34	283
PCT9228	ED	740	77	0	0	0	77	7	70
PCT9228	MV	740	208	0	1	3	204	26	178
PCT9228	TO	740	285	0	1	3	281	33	248
PCT9229	ED	574	80	0	0	0	80	10	70
PCT9229	MV	574	155	0	0	1	154	12	142
PCT9229	TO	574	235	0	0	1	234	22	212
PCT9231	ED	954	122	0	0	5	117	10	107
PCT9231	MV	954	237	0	0	0	237	36	201
PCT9231	TO	954	359	0	0	5	354	46	308
PCT9232	ED	716	74	0	0	1	73	8	65
PCT9232	MV	716	183	0	0	2	181	24	157
PCT9232	TO	716	257	0	0	3	254	32	222
PCT9233	ED	814	62	0	0	0	62	6	56
PCT9233	MV	814	231	0	1	4	226	30	196
PCT9233	TO	814	293	0	1	4	288	36	252
PCT9234	ED	747	56	0	0	2	54	7	47
PCT9234	MV	747	201	0	0	5	196	20	176
PCT9234	TO	747	257	0	0	7	250	27	223
PCT9235	ED	1439	127	0	0	1	126	10	116
PCT9235	MV	1439	360	0	0	8	352	38	314
PCT9235	TO	1439	487	0	0	9	478	48	430
PCT9236	ED	659	53	0	0	0	53	6	47
PCT9236	MV	659	179	0	0	4	175	24	151
PCT9236	TO	659	232	0	0	4	228	30	198
PCT9237	ED	874	60	0	0	0	60	15	45
PCT9237	MV	874	240	0	0	9	231	26	205
PCT9237	TO	874	300	0	0	9	291	41	250
PCT9238	ED	1769	122	0	0	3	119	20	99
PCT9238	MV	1769	364	0	1	6	357	58	299
PCT9238	TO	1769	486	0	1	9	476	78	398
PCT9239	ED	866	64	0	0	2	62	12	50
PCT9239	MV	866	244	0	1	7	236	41	195
PCT9239	TO	866	308	0	1	9	298	53	245
PCT9241	ED	968	78	0	0	1	77	12	65
PCT9241	MV	968	191	0	0	4	187	37	150
PCT9241	TO	968	269	0	0	5	264	49	215
PCT9242	ED	1845	121	0	0	0	121	25	96
PCT9242	MV	1845	339	0	1	5	333	61	272
PCT9242	TO	1845	460	0	1	5	454	86	368
PCT9244	ED	881	75	0	0	2	73	11	62
PCT9244	MV	881	173	0	0	7	166	24	142
PCT9244	TO	881	248	0	0	9	239	35	204
PCT9245	ED	1081	104	0	0	4	100	18	82
PCT9245	MV	1081	241	0	0	2	239	34	205
PCT9245	TO	1081	345	0	0	6	339	52	287
PCT9248	ED	870	67	0	0	0	67	16	51
PCT9248	MV	870	182	0	0	2	180	33	147
PCT9248	TO	870	249	0	0	2	247	49	198
PCT9251	ED	1887	220	0	1	3	216	31	185
PCT9251	MV	1887	475	0	0	11	464	64	400
PCT9251	TO	1887	695	0	1	14	680	95	585
PCT9252	ED	918	56	0	0	1	55	7	48
PCT9252	MV	918	248	0	0	1	247	43	204
PCT9252	TO	918	304	0	0	2	302	50	252
PCT9253	ED	752	64	0	0	2	62	9	53
PCT9253	MV	752	204	0	0	7	197	37	160
PCT9253	TO	752	268	0	0	9	259	46	213
PCT9255	ED	1236	119	0	0	3	116	19	97
PCT9255	MV	1236	266	0	0	0	266	36	230
PCT9255	TO	1236	385	0	0	3	382	55	327
PCT9256	ED	1373	112	0	0	0	112	11	101
PCT9256	MV	1373	352	0	0	8	344	46	298
PCT9256	TO	1373	464	0	0	8	456	57	399
PCT9257	MV	311	98	0	0	2	96	19	77
PCT9257	TO	311	98	0	0	2	96	19	77
PCT9401	ED	1015	120	0	0	3	117	20	97
PCT9401	MV	1015	202	0	0	2	200	25	175
PCT9401	TO	1015	322	0	0	5	317	45	272
PCT9402	ED	988	140	0	1	4	135	26	109
PCT9402	MV	988	244	0	0	11	233	46	187
PCT9402	TO	988	384	0	1	15	368	72	296
PCT9404	ED	1814	161	0	0	2	159	24	135
PCT9404	MV	1814	453	0	0	9	444	84	360
PCT9404	TO	1814	614	0	0	11	603	108	495
PCT9405	ED	770	88	0	0	0	88	13	75
PCT9405	MV	770	195	0	0	6	189	46	143
PCT9405	TO	770	283	0	0	6	277	59	218
PCT9406	ED	873	110	0	0	3	107	16	91
PCT9406	MV	873	193	0	0	7	186	34	152
PCT9406	TO	873	303	0	0	10	293	50	243
PCT9407	ED	887	96	0	0	8	88	11	77
PCT9407	MV	887	207	0	0	10	197	35	162
PCT9407	TO	887	303	0	0	18	285	46	239
PCT9408	ED	834	93	0	0	4	89	17	72
PCT9408	MV	834	178	0	0	4	174	30	144
PCT9408	TO	834	271	0	0	8	263	47	216
PCT9409	ED	591	89	0	0	2	87	12	75
PCT9409	MV	591	109	0	0	5	104	22	82
PCT9409	TO	591	198	0	0	7	191	34	157
PCT9411	ED	1842	167	0	0	3	164	28	136
PCT9411	MV	1842	447	0	0	9	438	99	339
PCT9411	TO	1842	614	0	0	12	602	127	475
PCT9413	ED	920	88	0	0	1	87	10	77
PCT9413	MV	920	242	0	0	10	232	40	192
PCT9413	TO	920	330	0	0	11	319	50	269
PCT9415	ED	779	56	0	0	0	56	8	48
PCT9415	MV	779	225	0	0	2	223	45	178
PCT9415	TO	779	281	0	0	2	279	53	226
PCT9416	ED	988	118	0	0	3	115	19	96
PCT9416	MV	988	249	0	0	7	242	56	186
PCT9416	TO	988	367	0	0	10	357	75	282
PCT9418	ED	1561	161	0	0	4	157	31	126
PCT9418	MV	1561	438	0	0	5	433	89	344
PCT9418	TO	1561	599	0	0	9	590	120	470
PCT9419	ED	1790	130	0	0	1	129	23	106
PCT9419	MV	1790	507	0	0	19	488	95	393
PCT9419	TO	1790	637	0	0	20	617	118	499
PCT9421	ED	917	65	0	0	2	63	16	47
PCT9421	MV	917	254	0	0	4	250	47	203
PCT9421	TO	917	319	0	0	6	313	63	250
PCT9422	ED	1068	99	0	0	2	97	20	77
PCT9422	MV	1068	220	0	0	7	213	40	173
PCT9422	TO	1068	319	0	0	9	310	60	250
PCT9423	ED	906	70	0	0	3	67	5	62
PCT9423	MV	906	195	0	0	9	186	38	148
PCT9423	TO	906	265	0	0	12	253	43	210
PCT9424	ED	1949	142	0	0	3	139	27	112
PCT9424	MV	1949	500	0	0	10	490	89	401
PCT9424	TO	1949	642	0	0	13	629	116	513
PCT9426	ED	832	61	0	0	3	58	9	49
PCT9426	MV	832	233	0	1	3	229	37	192
PCT9426	TO	832	294	0	1	6	287	46	241
PCT9427	ED	964	78	0	0	1	77	15	62
PCT9427	MV	964	260	0	0	11	249	50	199
PCT9427	TO	964	338	0	0	12	326	65	261
PCT9431	ED	1914	176	0	0	2	174	23	151
PCT9431	MV	1914	485	0	1	6	478	104	374
PCT9431	TO	1914	661	0	1	8	652	127	525
PCT9432	ED	943	76	0	0	0	76	10	66
PCT9432	MV	943	226	0	0	3	223	39	184
PCT9432	TO	943	302	0	0	3	299	49	250
PCT9433	ED	1923	120	0	0	2	118	22	96
PCT9433	MV	1923	432	0	0	14	418	87	331
PCT9433	TO	1923	552	0	0	16	536	109	427
PCT9434	ED	982	97	0	0	0	97	17	80
PCT9434	MV	982	252	0	0	8	244	37	207
PCT9434	TO	982	349	0	0	8	341	54	287
PCT9436	ED	1057	94	0	0	3	91	24	67
PCT9436	MV	1057	250	0	0	2	248	45	203
PCT9436	TO	1057	344	0	0	5	339	69	270
PCT9437	ED	908	76	0	0	1	75	13	62
PCT9437	MV	908	182	0	0	8	174	32	142
PCT9437	TO	908	258	0	0	9	249	45	204
PCT9439	ED	1863	125	0	0	1	124	26	98
PCT9439	MV	1863	482	0	1	13	468	96	372
PCT9439	TO	1863	607	0	1	14	592	122	470
PCT9441	ED	985	100	0	0	3	97	13	84
PCT9441	MV	985	276	0	0	8	268	61	207
PCT9441	TO	985	376	0	0	11	365	74	291
PCT9442	ED	2015	196	0	0	7	189	41	148
PCT9442	MV	2015	487	0	0	6	481	104	377
PCT9442	TO	2015	683	0	0	13	670	145	525
PCT9443	ED	1908	136	0	0	4	132	26	106
PCT9443	MV	1908	488	0	0	17	471	97	374
PCT9443	TO	1908	624	0	0	21	603	123	480
PCT9445	ED	971	72	0	0	2	70	18	52
PCT9445	MV	971	276	0	0	8	268	50	218
PCT9445	TO	971	348	0	0	10	338	68	270
PCT9446	ED	1940	185	0	0	4	181	37	144
PCT9446	MV	1940	428	0	1	8	419	73	346
PCT9446	TO	1940	613	0	1	12	600	110	490
PCT9447	ED	889	88	0	0	3	85	19	66
PCT9447	MV	889	176	0	0	3	173	31	142
PCT9447	TO	889	264	0	0	6	258	50	208
PCT9448	ED	936	76	0	0	0	76	16	60
PCT9448	MV	936	165	0	0	3	162	35	127
PCT9448	TO	936	241	0	0	3	238	51	187
PCT9449	ED	862	74	0	0	0	74	12	62
PCT9449	MV	862	239	0	0	6	233	49	184
PCT9449	TO	862	313	0	0	6	307	61	246
PCT9451	ED	437	32	0	0	0	32	9	23
PCT9451	MV	437	129	0	0	2	127	27	100
PCT9451	TO	437	161	0	0	2	159	36	123
PCT9453	ED	520	44	0	0	0	44	2	42
PCT9453	MV	520	141	0	0	6	135	22	113
PCT9453	TO	520	185	0	0	6	179	24	155
PCT9501	MV	147	58	0	0	1	57	12	45
PCT9501	TO	147	58	0	0	1	57	12	45
PCT9502	MV	253	70	0	0	1	69	17	52
PCT9502	TO	253	70	0	0	1	69	17	52
PCT9503	ED	667	60	0	0	2	58	13	45
PCT9503	MV	667	152	0	0	4	148	27	121
PCT9503	TO	667	212	0	0	6	206	40	166
PCT9505	ED	760	100	0	0	2	98	26	72
PCT9505	MV	760	213	0	0	4	209	39	170
PCT9505	TO	760	313	0	0	6	307	65	242
PCT9506	ED	750	73	0	0	3	70	13	57
PCT9506	MV	750	158	0	0	3	155	24	131
PCT9506	TO	750	231	0	0	6	225	37	188
PCT9507	ED	713	92	0	0	2	90	10	80
PCT9507	MV	713	153	0	0	5	148	16	132
PCT9507	TO	713	245	0	0	7	238	26	212
PCT9511	ED	1314	167	0	0	7	160	20	140
PCT9511	MV	1314	214	0	0	6	208	29	179
PCT9511	TO	1314	381	0	0	13	368	49	319
PCT9512	ED	1544	192	0	0	2	190	31	159
PCT9512	MV	1544	383	0	1	7	375	54	321
PCT9512	TO	1544	575	0	1	9	565	85	480
PCT9513	ED	872	125	0	0	1	124	18	106
PCT9513	MV	872	196	0	0	3	193	32	161
PCT9513	TO	872	321	0	0	4	317	50	267
PCT9514	ED	888	117	0	0	2	115	12	103
PCT9514	MV	888	203	0	1	5	197	25	172
PCT9514	TO	888	320	0	1	7	312	37	275
PCT9516	ED	1579	195	0	0	5	190	21	169
PCT9516	MV	1579	346	0	0	8	338	60	278
PCT9516	TO	1579	541	0	0	13	528	81	447
PCT9517	ED	1554	181	0	0	4	177	24	153
PCT9517	MV	1554	311	0	0	7	304	41	263
PCT9517	TO	1554	492	0	0	11	481	65	416
PCT9519	ED	882	112	0	0	0	112	12	100
PCT9519	MV	882	268	0	1	5	262	31	231
PCT9519	TO	882	380	0	1	5	374	43	331
PCT9521	ED	870	131	0	0	2	129	9	120
PCT9521	MV	870	264	0	0	4	260	35	225
PCT9521	TO	870	395	0	0	6	389	44	345
PCT9701	ED	652	100	0	0	1	99	14	85
PCT9701	MV	652	142	0	0	2	140	31	109
PCT9701	TO	652	242	0	0	3	239	45	194
PCT9702	ED	709	87	0	0	2	85	5	80
PCT9702	MV	709	150	0	0	6	144	12	132
PCT9702	TO	709	237	0	0	8	229	17	212
PCT9703	ED	981	94	0	0	1	93	21	72
PCT9703	MV	981	214	0	0	4	210	37	173
PCT9703	TO	981	308	0	0	5	303	58	245
PCT9704	ED	946	109	0	0	0	109	7	102
PCT9704	MV	946	235	0	0	3	232	32	200
PCT9704	TO	946	344	0	0	3	341	39	302
PCT9705	ED	1865	204	0	0	3	201	13	188
PCT9705	MV	1865	442	0	0	5	437	69	368
PCT9705	TO	1865	646	0	0	8	638	82	556
PCT9706	MV	48	18	0	0	0	18	2	16
PCT9706	TO	48	18	0	0	0	18	2	16
PCT9709	ED	1021	84	0	0	1	83	12	71
PCT9709	MV	1021	271	0	0	5	266	47	219
PCT9709	TO	1021	355	0	0	6	349	59	290
PCT9711	ED	1433	160	0	0	3	157	26	131
PCT9711	MV	1433	393	0	0	7	386	59	327
PCT9711	TO	1433	553	0	0	10	543	85	458
PCT9712	ED	1237	157	0	0	3	154	11	143
PCT9712	MV	1237	375	0	0	10	365	55	310
PCT9712	TO	1237	532	0	0	13	519	66	453
PCT9716	ED	951	110	0	0	3	107	13	94
PCT9716	MV	951	224	0	0	6	218	42	176
PCT9716	TO	951	334	0	0	9	325	55	270
PCT9717	ED	1917	177	0	0	3	174	26	148
PCT9717	MV	1917	529	0	0	3	526	74	452
PCT9717	TO	1917	706	0	0	6	700	100	600
PCT9718	ED	1833	225	0	0	4	221	34	187
PCT9718	MV	1833	609	0	2	15	592	102	490
PCT9718	TO	1833	834	0	2	19	813	136	677
PCT9719	ED	910	104	0	0	2	102	13	89
PCT9719	MV	910	233	0	0	7	226	40	186
PCT9719	TO	910	337	0	0	9	328	53	275
PCT9721	ED	660	114	0	0	1	113	25	88
PCT9721	MV	660	215	0	0	6	209	34	175
PCT9721	TO	660	329	0	0	7	322	59	263
PCT9722	ED	587	64	0	0	1	63	9	54
PCT9722	MV	587	206	0	0	3	203	31	172
PCT9722	TO	587	270	0	0	4	266	40	226
PCT9723	ED	505	34	0	0	0	34	4	30
PCT9723	MV	505	165	0	0	4	161	23	138
PCT9723	TO	505	199	0	0	4	195	27	168
PCT9724	ED	1003	72	0	0	0	72	10	62
PCT9724	MV	1003	322	0	0	6	316	77	239
PCT9724	TO	1003	394	0	0	6	388	87	301
PCT9725	ED	965	76	0	0	5	71	12	59
PCT9725	MV	965	276	0	0	14	262	54	208
PCT9725	TO	965	352	0	0	19	333	66	267
PCT9726	ED	621	53	0	0	0	53	11	42
PCT9726	MV	621	102	0	0	6	96	18	78
PCT9726	TO	621	155	0	0	6	149	29	120
PCT9727	ED	453	34	0	0	1	33	6	27
PCT9727	MV	453	140	0	1	4	135	23	112
PCT9727	TO	453	174	0	1	5	168	29	139
PCT9728	ED	1829	224	0	0	4	220	43	177
PCT9728	MV	1829	527	0	1	10	516	92	424
PCT9728	TO	1829	751	0	1	14	736	135	601
PCT9729	ED	809	86	0	0	0	86	13	73
PCT9729	MV	809	281	0	0	4	277	39	238
PCT9729	TO	809	367	0	0	4	363	52	311
PCT9731	ED	572	62	0	0	1	61	5	56
PCT9731	MV	572	169	0	0	3	166	31	135
PCT9731	TO	572	231	0	0	4	227	36	191
PCT9732	MV	71	25	0	0	1	24	6	18
PCT9732	TO	71	25	0	0	1	24	6	18
PCT9733	MV	235	93	0	0	3	90	19	71
PCT9733	TO	235	93	0	0	3	90	19	71
PCT9734	ED	1389	150	0	1	0	149	27	122
PCT9734	MV	1389	469	0	0	8	461	71	390
PCT9734	TO	1389	619	0	1	8	610	98	512
PCT9737	ED	1518	168	0	1	1	166	27	139
PCT9737	MV	1518	402	0	0	9	393	59	334
PCT9737	TO	1518	570	0	1	10	559	86	473
PCT9738	ED	813	34	0	0	1	33	5	28
PCT9738	MV	813	189	0	0	7	182	35	147
PCT9738	TO	813	223	0	0	8	215	40	175
PCT9739	ED	768	46	0	0	1	45	14	31
PCT9739	MV	768	145	0	0	2	143	36	107
PCT9739	TO	768	191	0	0	3	188	50	138
PCT9741	ED	497	7	0	0	1	6	1	5
PCT9741	MV	497	8	0	0	0	8	3	5
PCT9741	TO	497	15	0	0	1	14	4	10
PCT9742	ED	679	68	0	0	1	67	18	49
PCT9742	MV	679	134	0	0	4	130	20	110
PCT9742	TO	679	202	0	0	5	197	38	159
PCT9743	ED	1138	85	0	0	2	83	19	64
PCT9743	MV	1138	261	0	0	5	256	69	187
PCT9743	TO	1138	346	0	0	7	339	88	251
PCT9744	ED	907	97	0	0	8	89	27	62
PCT9744	MV	907	170	0	0	6	164	35	129
PCT9744	TO	907	267	0	0	14	253	62	191
PCT9745	ED	973	75	0	0	0	75	13	62
PCT9745	MV	973	172	0	0	5	167	39	128
PCT9745	TO	973	247	0	0	5	242	52	190
PCT9748	ED	910	80	0	0	0	80	16	64
PCT9748	MV	910	274	0	0	5	269	49	220
PCT9748	TO	910	354	0	0	5	349	65	284
PCT9749	ED	1871	160	0	1	2	157	27	130
PCT9749	MV	1871	405	0	0	4	401	76	325
PCT9749	TO	1871	565	0	1	6	558	103	455
PCT9751	ED	1038	101	0	0	1	100	15	85
PCT9751	MV	1038	312	0	0	12	300	63	237
PCT9751	TO	1038	413	0	0	13	400	78	322
PCT9752	ED	696	69	0	0	0	69	6	63
PCT9752	MV	696	230	0	0	8	222	40	182
PCT9752	TO	696	299	0	0	8	291	46	245
PCT9753	ED	764	81	0	0	2	79	15	64
PCT9753	MV	764	205	0	0	1	204	31	173
PCT9753	TO	764	286	0	0	3	283	46	237
PCT9754	ED	686	84	0	0	0	84	9	75
PCT9754	MV	686	174	0	0	6	168	20	148
PCT9754	TO	686	258	0	0	6	252	29	223
PCT9755	ED	567	58	0	0	0	58	7	51
PCT9755	MV	567	150	0	0	6	144	21	123
PCT9755	TO	567	208	0	0	6	202	28	174
PCT9756	ED	940	55	0	0	0	55	14	41
PCT9756	MV	940	233	0	2	4	227	39	188
PCT9756	TO	940	288	0	2	4	282	53	229
PCT9801	ED	404	38	0	0	1	37	7	30
PCT9801	MV	404	93	0	0	3	90	20	70
PCT9801	TO	404	131	0	0	4	127	27	100
CONG12	ED	437850	40985	0	19	811	40155	6497	33658
CONG12	MV	437850	103869	0	57	2348	101464	18883	82581
CONG12	TO	437850	144854	0	76	3159	141619	25380	116239
CONG14	ED	57200	4601	0	5	67	4529	832	3697
CONG14	MV	57200	14406	0	8	333	14065	2945	11120
CONG14	TO	57200	19007	0	13	400	18594	3777	14817
ASSM17	ED	287476	26749	0	15	549	26185	4303	21882
ASSM17	MV	287476	68431	0	38	1576	66817	12706	54111
ASSM17	TO	287476	95180	0	53	2125	93002	17009	75993
ASSM19	ED	207574	18837	0	9	329	18499	3026	15473
ASSM19	MV	207574	49844	0	27	1105	48712	9122	39590
ASSM19	TO	207574	68681	0	36	1434	67211	12148	55063
SUPV1	ED	42447	4299	0	2	84	4213	648	3565
SUPV1	MV	42447	9857	0	4	202	9651	1874	7777
SUPV1	TO	42447	14156	0	6	286	13864	2522	11342
SUPV2	ED	49361	3997	0	1	60	3936	615	3321
SUPV2	MV	49361	11399	0	9	252	11138	1713	9425
SUPV2	TO	49361	15396	0	10	312	15074	2328	12746
SUPV3	ED	38836	3040	0	2	75	2963	579	2384
SUPV3	MV	38836	8848	0	5	249	8594	1870	6724
SUPV3	TO	38836	11888	0	7	324	11557	2449	9108
SUPV4	ED	43341	3899	0	1	84	3814	678	3136
SUPV4	MV	43341	10665	0	4	271	10390	2036	8354
SUPV4	TO	43341	14564	0	5	355	14204	2714	11490
SUPV5	ED	51976	6299	0	2	152	6145	889	5256
SUPV5	MV	51976	13167	0	8	307	12852	1995	10857
SUPV5	TO	51976	19466	0	10	459	18997	2884	16113
SUPV6	ED	42510	2395	0	1	64	2330	593	1737
SUPV6	MV	42510	9117	0	6	260	8851	2205	6646
SUPV6	TO	42510	11512	0	7	324	11181	2798	8383
SUPV7	ED	46757	4770	0	4	76	4690	698	3992
SUPV7	MV	46757	12555	0	8	271	12276	2092	10184
SUPV7	TO	46757	17325	0	12	347	16966	2790	14176
SUPV8	ED	57103	7221	0	2	113	7106	938	6168
SUPV8	MV	57103	15551	0	8	269	15274	2235	13039
SUPV8	TO	57103	22772	0	10	382	22380	3173	19207
SUPV9	ED	42539	4535	0	4	82	4449	677	3772
SUPV9	MV	42539	9559	0	5	200	9354	1753	7601
SUPV9	TO	42539	14094	0	9	282	13803	2430	11373
SUPV10	ED	42195	2593	0	3	53	2537	504	2033
SUPV10	MV	42195	8722	0	4	214	8504	1940	6564
SUPV10	TO	42195	11315	0	7	267	11041	2444	8597
SUPV11	ED	37985	2538	0	2	35	2501	510	1991
SUPV11	MV	37985	8835	0	4	186	8645	2115	6530
SUPV11	TO	37985	11373	0	6	221	11146	2625	8521
NEIG1	ED	20194	1102	0	2	30	1070	253	817
NEIG1	MV	20194	3785	0	3	114	3668	965	2703
NEIG1	TO	20194	4887	0	5	144	4738	1218	3520
NEIG2	ED	18045	1279	0	1	39	1239	232	1007
NEIG2	MV	18045	4011	0	5	122	3884	825	3059
NEIG2	TO	18045	5290	0	6	161	5123	1057	4066
NEIG3	ED	27613	2033	0	1	53	1979	479	1500
NEIG3	MV	27613	5737	0	4	183	5550	1442	4108
NEIG3	TO	27613	7770	0	5	236	7529	1921	5608
NEIG4	ED	7735	937	0	0	19	918	113	805
NEIG4	MV	7735	2114	0	3	36	2075	293	1782
NEIG4	TO	7735	3051	0	3	55	2993	406	2587
NEIG5	ED	28067	1842	0	1	26	1815	371	1444
NEIG5	MV	28067	6570	0	5	132	6433	1574	4859
NEIG5	TO	28067	8412	0	6	158	8248	1945	6303
NEIG6	ED	15102	2150	0	2	48	2100	273	1827
NEIG6	MV	15102	4008	0	1	84	3923	493	3430
NEIG6	TO	15102	6158	0	3	132	6023	766	5257
NEIG7	ED	13133	949	0	2	12	935	187	748
NEIG7	MV	13133	2996	0	1	65	2930	676	2254
NEIG7	TO	13133	3945	0	3	77	3865	863	3002
NEIG8	ED	9501	1219	0	0	23	1196	132	1064
NEIG8	MV	9501	2326	0	2	53	2271	325	1946
NEIG8	TO	9501	3545	0	2	76	3467	457	3010
NEIG9	ED	8190	579	0	0	18	561	116	445
NEIG9	MV	8190	1810	0	0	55	1755	389	1366
NEIG9	TO	8190	2389	0	0	73	2316	505	1811
NEIG10	ED	10551	1035	0	1	25	1009	145	864
NEIG10	MV	10551	2293	0	0	42	2251	363	1888
NEIG10	TO	10551	3328	0	1	67	3260	508	2752
NEIG11	ED	41063	3200	0	0	49	3151	529	2622
NEIG11	MV	41063	9182	0	10	224	8948	1444	7504
NEIG11	TO	41063	12382	0	10	273	12099	1973	10126
NEIG12	ED	32113	3669	0	1	73	3595	558	3037
NEIG12	MV	32113	6597	0	2	149	6446	1147	5299
NEIG12	TO	32113	10266	0	3	222	10041	1705	8336
NEIG13	ED	15730	2029	0	1	20	2008	211	1797
NEIG13	MV	15730	4188	0	2	63	4123	568	3555
NEIG13	TO	15730	6217	0	3	83	6131	779	5352
NEIG14	ED	9293	1330	0	1	24	1305	140	1165
NEIG14	MV	9293	2452	0	3	39	2410	283	2127
NEIG14	TO	9293	3782	0	4	63	3715	423	3292
NEIG15	ED	5953	537	0	1	10	526	86	440
NEIG15	MV	5953	1556	0	0	39	1517	317	1200
NEIG15	TO	5953	2093	0	1	49	2043	403	1640
NEIG26	ED	9927	616	0	1	13	602	143	459
NEIG26	MV	9927	2503	0	2	66	2435	641	1794
NEIG26	TO	9927	3119	0	3	79	3037	784	2253
NEIG16	ED	16717	1243	0	0	11	1232	194	1038
NEIG16	MV	16717	3991	0	1	64	3926	620	3306
NEIG16	TO	16717	5234	0	1	75	5158	814	4344
NEIG17	ED	37882	3873	0	2	74	3797	584	3213
NEIG17	MV	37882	8874	0	4	182	8688	1721	6967
NEIG17	TO	37882	12747	0	6	256	12485	2305	10180
NEIG18	ED	6193	652	0	0	12	640	69	571
NEIG18	MV	6193	1721	0	2	27	1692	198	1494
NEIG18	TO	6193	2373	0	2	39	2332	267	2065
NEIG19	ED	7872	873	0	1	10	862	122	740
NEIG19	MV	7872	2058	0	1	32	2025	330	1695
NEIG19	TO	7872	2931	0	2	42	2887	452	2435
NEIG20	ED	24361	1311	0	0	32	1279	315	964
NEIG20	MV	24361	5386	0	1	144	5241	1273	3968
NEIG20	TO	24361	6697	0	1	176	6520	1588	4932
NEIG21	ED	42750	3810	0	1	82	3727	666	3061
NEIG21	MV	42750	10556	0	4	266	10286	2014	8272
NEIG21	TO	42750	14366	0	5	348	14013	2680	11333
NEIG22	ED	19329	2431	0	1	36	2394	341	2053
NEIG22	MV	19329	5705	0	1	90	5614	841	4773
NEIG22	TO	19329	8136	0	2	126	8008	1182	6826
NEIG23	ED	7912	363	0	1	13	349	83	266
NEIG23	MV	7912	1609	0	0	50	1559	442	1117
NEIG23	TO	7912	1972	0	1	63	1908	525	1383
NEIG24	ED	33087	3644	0	3	50	3591	517	3074
NEIG24	MV	33087	9481	0	5	193	9283	1485	7798
NEIG24	TO	33087	13125	0	8	243	12874	2002	10872
NEIG25	ED	26737	2880	0	0	76	2804	470	2334
NEIG25	MV	26737	6766	0	3	167	6596	1159	5437
NEIG25	TO	26737	9646	0	3	243	9400	1629	7771
