area_id	subtotal_type	RSReg	RSCst	RSRej	RSOvr	RSUnd	RSTot	34:YES	35:NO
ALLPCTS	TO	495050	206340	0	35	12074	194231	152456	41775
ALLPCTS	ED	495050	59414	0	7	3393	56014	45329	10685
ALLPCTS	MV	495050	146926	0	28	8681	138217	107127	31090
PCT1101	ED	557	54	0	0	6	48	35	13
PCT1101	MV	557	166	0	0	6	160	123	37
PCT1101	TO	557	220	0	0	12	208	158	50
PCT1102	ED	994	145	0	0	8	137	105	32
PCT1102	MV	994	304	0	0	6	298	212	86
PCT1102	TO	994	449	0	0	14	435	317	118
PCT1103	ED	962	111	0	0	5	106	79	27
PCT1103	MV	962	283	0	0	7	276	190	86
PCT1103	TO	962	394	0	0	12	382	269	113
PCT1104	ED	1012	109	0	0	8	101	76	25
PCT1104	MV	1012	271	0	0	10	261	200	61
PCT1104	TO	1012	380	0	0	18	362	276	86
PCT1106	ED	1505	168	0	0	6	162	116	46
PCT1106	MV	1505	435	0	0	28	407	283	124
PCT1106	TO	1505	603	0	0	34	569	399	170
PCT1108	ED	908	95	0	0	6	89	74	15
PCT1108	MV	908	272	0	0	23	249	187	62
PCT1108	TO	908	367	0	0	29	338	261	77
PCT1109	ED	805	93	0	0	7	86	70	16
PCT1109	MV	805	233	0	0	20	213	149	64
PCT1109	TO	805	326	0	0	27	299	219	80
PCT1111	ED	1025	106	0	0	5	101	76	25
PCT1111	MV	1025	303	0	0	20	283	199	84
PCT1111	TO	1025	409	0	0	25	384	275	109
PCT1112	ED	770	65	0	0	7	58	46	12
PCT1112	MV	770	217	0	0	5	212	150	62
PCT1112	TO	770	282	0	0	12	270	196	74
PCT1114	ED	1741	129	0	0	12	117	87	30
PCT1114	MV	1741	501	0	0	27	474	344	130
PCT1114	TO	1741	630	0	0	39	591	431	160
PCT1115	ED	1838	165	0	0	10	155	120	35
PCT1115	MV	1838	467	0	0	26	441	295	146
PCT1115	TO	1838	632	0	0	36	596	415	181
PCT1117	ED	1771	155	0	0	13	142	99	43
PCT1117	MV	1771	443	0	0	25	418	283	135
PCT1117	TO	1771	598	0	0	38	560	382	178
PCT1118	ED	1057	99	0	0	4	95	68	27
PCT1118	MV	1057	319	0	0	18	301	204	97
PCT1118	TO	1057	418	0	0	22	396	272	124
PCT1119	ED	771	66	0	0	5	61	52	9
PCT1119	MV	771	226	0	0	15	211	146	65
PCT1119	TO	771	292	0	0	20	272	198	74
PCT1122	ED	638	48	0	0	0	48	37	11
PCT1122	MV	638	188	0	0	17	171	105	66
PCT1122	TO	638	236	0	0	17	219	142	77
PCT1124	ED	812	64	0	0	2	62	48	14
PCT1124	MV	812	188	0	0	5	183	133	50
PCT1124	TO	812	252	0	0	7	245	181	64
PCT1125	ED	1064	48	0	0	1	47	30	17
PCT1125	MV	1064	271	0	0	17	254	169	85
PCT1125	TO	1064	319	0	0	18	301	199	102
PCT1126	ED	1676	121	0	0	5	116	76	40
PCT1126	MV	1676	442	0	0	18	424	274	150
PCT1126	TO	1676	563	0	0	23	540	350	190
PCT1127	ED	1827	157	0	0	7	150	113	37
PCT1127	MV	1827	488	0	0	33	455	299	156
PCT1127	TO	1827	645	0	0	40	605	412	193
PCT1129	ED	1018	85	0	0	7	78	50	28
PCT1129	MV	1018	253	0	0	9	244	160	84
PCT1129	TO	1018	338	0	0	16	322	210	112
PCT1131	ED	836	49	0	0	3	46	32	14
PCT1131	MV	836	226	0	0	16	210	125	85
PCT1131	TO	836	275	0	0	19	256	157	99
PCT1132	ED	1010	47	0	0	1	46	36	10
PCT1132	MV	1010	312	0	0	21	291	193	98
PCT1132	TO	1010	359	0	0	22	337	229	108
PCT1133	ED	857	49	0	0	2	47	34	13
PCT1133	MV	857	255	0	0	15	240	178	62
PCT1133	TO	857	304	0	0	17	287	212	75
PCT1134	ED	762	70	0	0	4	66	53	13
PCT1134	MV	762	215	0	0	12	203	147	56
PCT1134	TO	762	285	0	0	16	269	200	69
PCT1135	ED	554	46	0	0	4	42	24	18
PCT1135	MV	554	195	0	0	14	181	114	67
PCT1135	TO	554	241	0	0	18	223	138	85
PCT1136	ED	847	53	0	0	2	51	32	19
PCT1136	MV	847	248	0	0	14	234	153	81
PCT1136	TO	847	301	0	0	16	285	185	100
PCT1141	ED	1042	103	0	0	8	95	69	26
PCT1141	MV	1042	306	0	0	11	295	202	93
PCT1141	TO	1042	409	0	0	19	390	271	119
PCT1143	ED	1024	109	0	0	9	100	85	15
PCT1143	MV	1024	254	0	1	20	233	150	83
PCT1143	TO	1024	363	0	1	29	333	235	98
PCT1144	ED	1804	177	0	0	9	168	119	49
PCT1144	MV	1804	514	0	0	32	482	359	123
PCT1144	TO	1804	691	0	0	41	650	478	172
PCT1145	ED	894	83	0	0	5	78	65	13
PCT1145	MV	894	297	0	0	17	280	198	82
PCT1145	TO	894	380	0	0	22	358	263	95
PCT1146	ED	1008	83	0	0	0	83	66	17
PCT1146	MV	1008	275	0	1	18	256	184	72
PCT1146	TO	1008	358	0	1	18	339	250	89
PCT1147	ED	868	89	0	0	3	86	65	21
PCT1147	MV	868	235	0	0	17	218	167	51
PCT1147	TO	868	324	0	0	20	304	232	72
PCT1148	ED	1002	100	0	0	13	87	68	19
PCT1148	MV	1002	269	0	0	16	253	167	86
PCT1148	TO	1002	369	0	0	29	340	235	105
PCT1149	ED	911	90	0	0	3	87	69	18
PCT1149	MV	911	237	0	0	14	223	154	69
PCT1149	TO	911	327	0	0	17	310	223	87
PCT1152	ED	1815	155	0	0	5	150	93	57
PCT1152	MV	1815	499	0	1	28	470	334	136
PCT1152	TO	1815	654	0	1	33	620	427	193
PCT7001	ED	752	59	0	0	1	58	53	5
PCT7001	MV	752	232	0	0	5	227	190	37
PCT7001	TO	752	291	0	0	6	285	243	42
PCT7002	ED	659	61	0	0	2	59	54	5
PCT7002	MV	659	151	0	0	7	144	112	32
PCT7002	TO	659	212	0	0	9	203	166	37
PCT7003	ED	1755	233	0	0	11	222	182	40
PCT7003	MV	1755	606	0	0	39	567	479	88
PCT7003	TO	1755	839	0	0	50	789	661	128
PCT7005	ED	850	124	0	0	3	121	109	12
PCT7005	MV	850	280	0	0	17	263	225	38
PCT7005	TO	850	404	0	0	20	384	334	50
PCT7006	ED	921	135	0	0	6	129	103	26
PCT7006	MV	921	263	0	0	18	245	211	34
PCT7006	TO	921	398	0	0	24	374	314	60
PCT7007	ED	1821	269	0	0	16	253	218	35
PCT7007	MV	1821	608	0	0	34	574	458	116
PCT7007	TO	1821	877	0	0	50	827	676	151
PCT7009	ED	874	74	0	0	6	68	54	14
PCT7009	MV	874	317	0	0	17	300	260	40
PCT7009	TO	874	391	0	0	23	368	314	54
PCT7011	ED	951	87	0	0	5	82	72	10
PCT7011	MV	951	168	0	0	12	156	127	29
PCT7011	TO	951	255	0	0	17	238	199	39
PCT7012	ED	1165	149	0	0	9	140	110	30
PCT7012	MV	1165	366	0	0	19	347	286	61
PCT7012	TO	1165	515	0	0	28	487	396	91
PCT7013	ED	1033	93	0	0	8	85	71	14
PCT7013	MV	1033	283	0	0	17	266	235	31
PCT7013	TO	1033	376	0	0	25	351	306	45
PCT7014	ED	1388	136	0	0	5	131	122	9
PCT7014	MV	1388	417	0	1	23	393	342	51
PCT7014	TO	1388	553	0	1	28	524	464	60
PCT7015	ED	104	1	0	0	0	1	1	0
PCT7015	MV	104	25	0	0	1	24	15	9
PCT7015	TO	104	26	0	0	1	25	16	9
PCT7016	ED	912	75	0	0	4	71	55	16
PCT7016	MV	912	174	0	0	10	164	111	53
PCT7016	TO	912	249	0	0	14	235	166	69
PCT7017	ED	781	50	0	0	9	41	33	8
PCT7017	MV	781	143	0	0	7	136	111	25
PCT7017	TO	781	193	0	0	16	177	144	33
PCT7019	ED	1908	121	0	0	5	116	88	28
PCT7019	MV	1908	558	0	0	30	528	367	161
PCT7019	TO	1908	679	0	0	35	644	455	189
PCT7021	ED	955	96	0	0	7	89	76	13
PCT7021	MV	955	212	0	0	16	196	137	59
PCT7021	TO	955	308	0	0	23	285	213	72
PCT7022	ED	943	94	0	0	6	88	65	23
PCT7022	MV	943	215	0	0	14	201	137	64
PCT7022	TO	943	309	0	0	20	289	202	87
PCT7024	ED	448	39	0	0	2	37	26	11
PCT7024	MV	448	34	0	0	2	32	22	10
PCT7024	TO	448	73	0	0	4	69	48	21
PCT7025	ED	473	34	0	0	2	32	19	13
PCT7025	MV	473	58	0	0	5	53	40	13
PCT7025	TO	473	92	0	0	7	85	59	26
PCT7026	ED	1009	56	0	0	5	51	38	13
PCT7026	MV	1009	303	0	0	24	279	176	103
PCT7026	TO	1009	359	0	0	29	330	214	116
PCT7027	ED	883	86	0	0	3	83	65	18
PCT7027	MV	883	230	0	0	16	214	153	61
PCT7027	TO	883	316	0	0	19	297	218	79
PCT7028	ED	849	114	0	0	6	108	84	24
PCT7028	MV	849	168	0	1	8	159	128	31
PCT7028	TO	849	282	0	1	14	267	212	55
PCT7029	ED	1812	146	0	0	11	135	105	30
PCT7029	MV	1812	385	0	1	18	366	277	89
PCT7029	TO	1812	531	0	1	29	501	382	119
PCT7030	ED	787	54	0	0	3	51	30	21
PCT7030	MV	787	243	0	0	16	227	151	76
PCT7030	TO	787	297	0	0	19	278	181	97
PCT7031	ED	680	37	0	0	0	37	32	5
PCT7031	MV	680	210	0	0	22	188	126	62
PCT7031	TO	680	247	0	0	22	225	158	67
PCT7032	ED	876	70	0	0	4	66	40	26
PCT7032	MV	876	212	0	0	11	201	144	57
PCT7032	TO	876	282	0	0	15	267	184	83
PCT7033	ED	770	88	0	0	6	82	59	23
PCT7033	MV	770	164	0	0	11	153	115	38
PCT7033	TO	770	252	0	0	17	235	174	61
PCT7034	ED	954	61	0	0	3	58	31	27
PCT7034	MV	954	119	0	0	8	111	72	39
PCT7034	TO	954	180	0	0	11	169	103	66
PCT7035	ED	681	46	0	0	2	44	30	14
PCT7035	MV	681	181	0	1	8	172	133	39
PCT7035	TO	681	227	0	1	10	216	163	53
PCT7037	ED	1676	80	0	0	7	73	45	28
PCT7037	MV	1676	268	0	0	17	251	171	80
PCT7037	TO	1676	348	0	0	24	324	216	108
PCT7038	ED	924	49	0	0	2	47	33	14
PCT7038	MV	924	244	0	0	16	228	151	77
PCT7038	TO	924	293	0	0	18	275	184	91
PCT7039	ED	830	84	0	0	3	81	55	26
PCT7039	MV	830	197	0	0	12	185	130	55
PCT7039	TO	830	281	0	0	15	266	185	81
PCT7041	ED	60	0	0	0	0	0	0	0
PCT7041	MV	60	13	0	0	0	13	12	1
PCT7041	TO	60	13	0	0	0	13	12	1
PCT7042	ED	1069	92	0	0	4	88	64	24
PCT7042	MV	1069	266	0	0	20	246	176	70
PCT7042	TO	1069	358	0	0	24	334	240	94
PCT7043	ED	961	61	0	0	2	59	46	13
PCT7043	MV	961	228	0	0	13	215	166	49
PCT7043	TO	961	289	0	0	15	274	212	62
PCT7044	ED	844	42	0	0	4	38	28	10
PCT7044	MV	844	115	0	0	7	108	63	45
PCT7044	TO	844	157	0	0	11	146	91	55
PCT7045	ED	783	49	0	0	3	46	29	17
PCT7045	MV	783	243	0	0	16	227	158	69
PCT7045	TO	783	292	0	0	19	273	187	86
PCT7047	ED	1727	102	0	0	8	94	75	19
PCT7047	MV	1727	509	0	0	36	473	276	197
PCT7047	TO	1727	611	0	0	44	567	351	216
PCT7048	ED	870	53	0	0	3	50	26	24
PCT7048	MV	870	209	0	0	10	199	129	70
PCT7048	TO	870	262	0	0	13	249	155	94
PCT7049	ED	815	68	0	0	5	63	48	15
PCT7049	MV	815	200	0	0	15	185	112	73
PCT7049	TO	815	268	0	0	20	248	160	88
PCT7052	ED	878	87	0	0	6	81	69	12
PCT7052	MV	878	247	0	0	14	233	161	72
PCT7052	TO	878	334	0	0	20	314	230	84
PCT7053	ED	568	38	0	0	2	36	26	10
PCT7053	MV	568	146	0	0	14	132	112	20
PCT7053	TO	568	184	0	0	16	168	138	30
PCT7054	ED	1111	87	0	0	10	77	56	21
PCT7054	MV	1111	243	0	0	14	229	180	49
PCT7054	TO	1111	330	0	0	24	306	236	70
PCT7055	ED	799	37	0	0	3	34	28	6
PCT7055	MV	799	228	0	0	13	215	165	50
PCT7055	TO	799	265	0	0	16	249	193	56
PCT7101	ED	152	1	0	0	0	1	1	0
PCT7101	MV	152	77	0	1	4	72	64	8
PCT7101	TO	152	78	0	1	4	73	65	8
PCT7202	ED	1747	156	0	0	10	146	119	27
PCT7202	MV	1747	485	0	0	37	448	349	99
PCT7202	TO	1747	641	0	0	47	594	468	126
PCT7203	ED	867	103	0	0	6	97	74	23
PCT7203	MV	867	203	0	0	20	183	149	34
PCT7203	TO	867	306	0	0	26	280	223	57
PCT7204	ED	890	100	0	0	9	91	74	17
PCT7204	MV	890	296	0	1	15	280	230	50
PCT7204	TO	890	396	0	1	24	371	304	67
PCT7205	ED	862	108	0	0	5	103	80	23
PCT7205	MV	862	269	0	0	19	250	186	64
PCT7205	TO	862	377	0	0	24	353	266	87
PCT7207	ED	1483	126	0	0	6	120	102	18
PCT7207	MV	1483	552	0	0	31	521	425	96
PCT7207	TO	1483	678	0	0	37	641	527	114
PCT7208	ED	560	48	0	0	6	42	36	6
PCT7208	MV	560	159	0	0	7	152	116	36
PCT7208	TO	560	207	0	0	13	194	152	42
PCT7301	ED	1993	200	0	0	14	186	156	30
PCT7301	MV	1993	554	0	0	35	519	385	134
PCT7301	TO	1993	754	0	0	49	705	541	164
PCT7302	ED	838	98	0	0	7	91	78	13
PCT7302	MV	838	312	0	0	19	293	229	64
PCT7302	TO	838	410	0	0	26	384	307	77
PCT7305	ED	1633	223	0	0	6	217	173	44
PCT7305	MV	1633	493	0	0	31	462	341	121
PCT7305	TO	1633	716	0	0	37	679	514	165
PCT7306	ED	2083	208	0	0	12	196	165	31
PCT7306	MV	2083	532	0	1	31	500	376	124
PCT7306	TO	2083	740	0	1	43	696	541	155
PCT7308	ED	614	98	0	0	4	94	80	14
PCT7308	MV	614	180	0	0	6	174	118	56
PCT7308	TO	614	278	0	0	10	268	198	70
PCT7311	ED	866	124	0	0	7	117	102	15
PCT7311	MV	866	247	0	0	12	235	187	48
PCT7311	TO	866	371	0	0	19	352	289	63
PCT7312	ED	801	91	0	0	8	83	65	18
PCT7312	MV	801	289	0	0	25	264	200	64
PCT7312	TO	801	380	0	0	33	347	265	82
PCT7314	ED	1749	142	0	0	16	126	106	20
PCT7314	MV	1749	501	0	0	68	433	343	90
PCT7314	TO	1749	643	0	0	84	559	449	110
PCT7315	ED	1584	175	0	0	12	163	139	24
PCT7315	MV	1584	360	0	0	23	337	252	85
PCT7315	TO	1584	535	0	0	35	500	391	109
PCT7317	ED	875	83	0	0	6	77	67	10
PCT7317	MV	875	301	0	0	23	278	221	57
PCT7317	TO	875	384	0	0	29	355	288	67
PCT7318	ED	1567	142	0	0	12	130	94	36
PCT7318	MV	1567	433	0	1	39	393	299	94
PCT7318	TO	1567	575	0	1	51	523	393	130
PCT7321	ED	1533	86	0	0	6	80	64	16
PCT7321	MV	1533	456	0	0	53	403	286	117
PCT7321	TO	1533	542	0	0	59	483	350	133
PCT7323	ED	1967	190	0	0	7	183	151	32
PCT7323	MV	1967	498	0	0	39	459	362	97
PCT7323	TO	1967	688	0	0	46	642	513	129
PCT7325	ED	1588	145	0	0	4	141	108	33
PCT7325	MV	1588	427	0	0	34	393	308	85
PCT7325	TO	1588	572	0	0	38	534	416	118
PCT7326	ED	1709	164	0	0	10	154	121	33
PCT7326	MV	1709	527	0	1	34	492	373	119
PCT7326	TO	1709	691	0	1	44	646	494	152
PCT7327	ED	668	40	0	0	6	34	28	6
PCT7327	MV	668	217	0	0	34	183	118	65
PCT7327	TO	668	257	0	0	40	217	146	71
PCT7328	ED	985	42	0	0	4	38	30	8
PCT7328	MV	985	328	0	0	47	281	210	71
PCT7328	TO	985	370	0	0	51	319	240	79
PCT7329	ED	638	52	0	0	5	47	33	14
PCT7329	MV	638	196	0	0	17	179	131	48
PCT7329	TO	638	248	0	0	22	226	164	62
PCT7331	ED	850	113	0	0	4	109	84	25
PCT7331	MV	850	302	0	0	26	276	214	62
PCT7331	TO	850	415	0	0	30	385	298	87
PCT7332	ED	1601	185	0	0	11	174	144	30
PCT7332	MV	1601	441	0	0	26	415	338	77
PCT7332	TO	1601	626	0	0	37	589	482	107
PCT7333	ED	1930	190	0	0	8	182	154	28
PCT7333	MV	1930	541	0	0	31	510	397	113
PCT7333	TO	1930	731	0	0	39	692	551	141
PCT7336	ED	2021	214	0	0	5	209	173	36
PCT7336	MV	2021	559	0	0	24	535	410	125
PCT7336	TO	2021	773	0	0	29	744	583	161
PCT7338	ED	1783	150	0	0	14	136	115	21
PCT7338	MV	1783	543	0	1	56	486	362	124
PCT7338	TO	1783	693	0	1	70	622	477	145
PCT7339	ED	1588	158	0	0	9	149	124	25
PCT7339	MV	1588	412	0	0	25	387	312	75
PCT7339	TO	1588	570	0	0	34	536	436	100
PCT7342	ED	909	158	0	0	6	152	128	24
PCT7342	MV	909	234	0	0	8	226	172	54
PCT7342	TO	909	392	0	0	14	378	300	78
PCT7343	ED	706	89	0	0	10	79	61	18
PCT7343	MV	706	144	0	0	10	134	120	14
PCT7343	TO	706	233	0	0	20	213	181	32
PCT7344	ED	1052	113	0	0	7	106	94	12
PCT7344	MV	1052	290	0	0	11	279	211	68
PCT7344	TO	1052	403	0	0	18	385	305	80
PCT7346	ED	879	88	0	0	3	85	64	21
PCT7346	MV	879	170	0	0	16	154	124	30
PCT7346	TO	879	258	0	0	19	239	188	51
PCT7348	ED	1826	152	0	0	11	141	123	18
PCT7348	MV	1826	433	0	0	27	406	332	74
PCT7348	TO	1826	585	0	0	38	547	455	92
PCT7502	ED	779	70	0	0	0	70	56	14
PCT7502	MV	779	247	0	0	19	228	171	57
PCT7502	TO	779	317	0	0	19	298	227	71
PCT7503	ED	725	79	0	0	5	74	55	19
PCT7503	MV	725	204	0	0	7	197	149	48
PCT7503	TO	725	283	0	0	12	271	204	67
PCT7504	ED	1019	121	0	0	9	112	94	18
PCT7504	MV	1019	308	0	0	14	294	239	55
PCT7504	TO	1019	429	0	0	23	406	333	73
PCT7505	ED	851	101	0	0	9	92	81	11
PCT7505	MV	851	363	0	0	26	337	284	53
PCT7505	TO	851	464	0	0	35	429	365	64
PCT7506	ED	1913	188	0	0	16	172	148	24
PCT7506	MV	1913	516	0	0	24	492	410	82
PCT7506	TO	1913	704	0	0	40	664	558	106
PCT7508	ED	720	96	0	0	8	88	68	20
PCT7508	MV	720	288	0	0	16	272	223	49
PCT7508	TO	720	384	0	0	24	360	291	69
PCT7509	ED	914	128	0	0	9	119	99	20
PCT7509	MV	914	287	0	0	14	273	213	60
PCT7509	TO	914	415	0	0	23	392	312	80
PCT7512	ED	588	78	0	0	10	68	56	12
PCT7512	MV	588	208	0	0	11	197	152	45
PCT7512	TO	588	286	0	0	21	265	208	57
PCT7513	ED	784	101	0	0	9	92	80	12
PCT7513	MV	784	193	0	0	13	180	149	31
PCT7513	TO	784	294	0	0	22	272	229	43
PCT7514	ED	901	87	0	0	7	80	64	16
PCT7514	MV	901	235	0	0	28	207	153	54
PCT7514	TO	901	322	0	0	35	287	217	70
PCT7515	ED	852	97	0	0	8	89	76	13
PCT7515	MV	852	242	0	0	11	231	190	41
PCT7515	TO	852	339	0	0	19	320	266	54
PCT7516	ED	906	111	0	0	6	105	88	17
PCT7516	MV	906	359	0	0	29	330	249	81
PCT7516	TO	906	470	0	0	35	435	337	98
PCT7518	ED	1754	329	0	0	24	305	270	35
PCT7518	MV	1754	563	0	0	32	531	475	56
PCT7518	TO	1754	892	0	0	56	836	745	91
PCT7519	ED	709	116	0	0	4	112	105	7
PCT7519	MV	709	204	0	0	13	191	167	24
PCT7519	TO	709	320	0	0	17	303	272	31
PCT7521	ED	761	136	0	0	10	126	106	20
PCT7521	MV	761	248	0	0	9	239	212	27
PCT7521	TO	761	384	0	0	19	365	318	47
PCT7522	ED	1464	290	0	0	21	269	244	25
PCT7522	MV	1464	424	0	0	32	392	356	36
PCT7522	TO	1464	714	0	0	53	661	600	61
PCT7524	ED	606	97	0	0	3	94	84	10
PCT7524	MV	606	165	0	0	11	154	133	21
PCT7524	TO	606	262	0	0	14	248	217	31
PCT7525	ED	762	97	0	0	7	90	74	16
PCT7525	MV	762	191	0	0	16	175	151	24
PCT7525	TO	762	288	0	0	23	265	225	40
PCT7526	ED	974	125	0	0	4	121	103	18
PCT7526	MV	974	297	0	0	20	277	251	26
PCT7526	TO	974	422	0	0	24	398	354	44
PCT7527	ED	689	123	0	0	8	115	99	16
PCT7527	MV	689	212	0	0	21	191	163	28
PCT7527	TO	689	335	0	0	29	306	262	44
PCT7529	ED	906	172	0	0	12	160	138	22
PCT7529	MV	906	295	0	0	17	278	244	34
PCT7529	TO	906	467	0	0	29	438	382	56
PCT7531	ED	839	116	0	0	5	111	103	8
PCT7531	MV	839	275	0	0	19	256	234	22
PCT7531	TO	839	391	0	0	24	367	337	30
PCT7532	ED	792	114	0	0	6	108	89	19
PCT7532	MV	792	222	0	0	8	214	185	29
PCT7532	TO	792	336	0	0	14	322	274	48
PCT7533	ED	936	202	0	0	12	190	164	26
PCT7533	MV	936	275	0	0	13	262	232	30
PCT7533	TO	936	477	0	0	25	452	396	56
PCT7534	ED	881	153	0	0	14	139	127	12
PCT7534	MV	881	237	0	0	16	221	194	27
PCT7534	TO	881	390	0	0	30	360	321	39
PCT7536	ED	1594	319	0	0	17	302	269	33
PCT7536	MV	1594	496	0	0	30	466	410	56
PCT7536	TO	1594	815	0	0	47	768	679	89
PCT7537	ED	1472	302	0	0	17	285	262	23
PCT7537	MV	1472	438	0	0	14	424	381	43
PCT7537	TO	1472	740	0	0	31	709	643	66
PCT7539	ED	906	233	0	0	17	216	199	17
PCT7539	MV	906	279	0	0	13	266	240	26
PCT7539	TO	906	512	0	0	30	482	439	43
PCT7541	ED	769	136	0	0	10	126	107	19
PCT7541	MV	769	248	0	0	14	234	202	32
PCT7541	TO	769	384	0	0	24	360	309	51
PCT7543	ED	1718	252	0	0	20	232	202	30
PCT7543	MV	1718	549	0	0	30	519	449	70
PCT7543	TO	1718	801	0	0	50	751	651	100
PCT7544	ED	892	152	0	0	6	146	131	15
PCT7544	MV	892	283	0	0	12	271	235	36
PCT7544	TO	892	435	0	0	18	417	366	51
PCT7545	ED	877	139	0	0	7	132	111	21
PCT7545	MV	877	277	0	0	10	267	237	30
PCT7545	TO	877	416	0	0	17	399	348	51
PCT7546	ED	1900	340	0	0	17	323	292	31
PCT7546	MV	1900	672	0	0	37	635	562	73
PCT7546	TO	1900	1012	0	0	54	958	854	104
PCT7548	ED	1027	197	0	0	10	187	161	26
PCT7548	MV	1027	322	0	0	14	308	274	34
PCT7548	TO	1027	519	0	0	24	495	435	60
PCT7549	ED	799	135	0	0	7	128	108	20
PCT7549	MV	799	285	0	0	18	267	224	43
PCT7549	TO	799	420	0	0	25	395	332	63
PCT7552	ED	685	136	0	0	10	126	108	18
PCT7552	MV	685	213	0	0	7	206	175	31
PCT7552	TO	685	349	0	0	17	332	283	49
PCT7553	ED	182	1	0	0	0	1	1	0
PCT7553	MV	182	81	0	0	9	72	59	13
PCT7553	TO	182	82	0	0	9	73	60	13
PCT7554	ED	795	135	0	0	8	127	106	21
PCT7554	MV	795	313	0	0	16	297	264	33
PCT7554	TO	795	448	0	0	24	424	370	54
PCT7555	ED	1584	340	0	0	13	327	276	51
PCT7555	MV	1584	565	0	0	27	538	469	69
PCT7555	TO	1584	905	0	0	40	865	745	120
PCT7556	ED	958	147	0	0	12	135	111	24
PCT7556	MV	958	400	0	0	16	384	333	51
PCT7556	TO	958	547	0	0	28	519	444	75
PCT7601	ED	677	81	0	0	7	74	57	17
PCT7601	MV	677	150	0	0	9	141	100	41
PCT7601	TO	677	231	0	0	16	215	157	58
PCT7602	ED	1659	174	0	0	15	159	134	25
PCT7602	MV	1659	381	0	0	23	358	296	62
PCT7602	TO	1659	555	0	0	38	517	430	87
PCT7605	ED	1508	115	0	0	4	111	91	20
PCT7605	MV	1508	444	0	1	35	408	326	82
PCT7605	TO	1508	559	0	1	39	519	417	102
PCT7606	ED	887	75	0	0	0	75	59	16
PCT7606	MV	887	179	0	0	9	170	132	38
PCT7606	TO	887	254	0	0	9	245	191	54
PCT7607	ED	900	86	0	0	5	81	66	15
PCT7607	MV	900	236	0	0	19	217	172	45
PCT7607	TO	900	322	0	0	24	298	238	60
PCT7608	ED	1300	102	0	0	5	97	86	11
PCT7608	MV	1300	278	0	0	15	263	206	57
PCT7608	TO	1300	380	0	0	20	360	292	68
PCT7611	ED	763	65	0	0	5	60	47	13
PCT7611	MV	763	189	0	0	24	165	129	36
PCT7611	TO	763	254	0	0	29	225	176	49
PCT7613	ED	1421	139	0	0	12	127	102	25
PCT7613	MV	1421	374	0	0	28	346	263	83
PCT7613	TO	1421	513	0	0	40	473	365	108
PCT7614	ED	932	83	0	0	9	74	55	19
PCT7614	MV	932	188	0	0	7	181	140	41
PCT7614	TO	932	271	0	0	16	255	195	60
PCT7615	ED	745	61	0	0	4	57	49	8
PCT7615	MV	745	153	0	0	20	133	99	34
PCT7615	TO	745	214	0	0	24	190	148	42
PCT7616	ED	1246	90	0	0	4	86	75	11
PCT7616	MV	1246	350	0	0	18	332	290	42
PCT7616	TO	1246	440	0	0	22	418	365	53
PCT7617	ED	737	49	0	0	8	41	31	10
PCT7617	MV	737	197	0	0	18	179	142	37
PCT7617	TO	737	246	0	0	26	220	173	47
PCT7618	ED	873	82	0	0	7	75	64	11
PCT7618	MV	873	239	0	0	6	233	197	36
PCT7618	TO	873	321	0	0	13	308	261	47
PCT7619	ED	1055	89	0	0	10	79	70	9
PCT7619	MV	1055	300	0	0	11	289	236	53
PCT7619	TO	1055	389	0	0	21	368	306	62
PCT7621	ED	1064	89	0	0	4	85	72	13
PCT7621	MV	1064	290	0	0	13	277	231	46
PCT7621	TO	1064	379	0	0	17	362	303	59
PCT7622	ED	923	68	0	0	5	63	52	11
PCT7622	MV	923	157	0	0	8	149	109	40
PCT7622	TO	923	225	0	0	13	212	161	51
PCT7623	ED	965	81	0	0	2	79	65	14
PCT7623	MV	965	188	0	0	14	174	142	32
PCT7623	TO	965	269	0	0	16	253	207	46
PCT7624	ED	835	60	0	1	1	58	41	17
PCT7624	MV	835	175	0	0	6	169	129	40
PCT7624	TO	835	235	0	1	7	227	170	57
PCT7625	ED	809	40	0	0	4	36	22	14
PCT7625	MV	809	401	0	0	55	346	276	70
PCT7625	TO	809	441	0	0	59	382	298	84
PCT7626	ED	1037	61	0	0	2	59	50	9
PCT7626	MV	1037	298	0	0	17	281	227	54
PCT7626	TO	1037	359	0	0	19	340	277	63
PCT7628	ED	933	98	0	0	4	94	82	12
PCT7628	MV	933	233	0	0	10	223	171	52
PCT7628	TO	933	331	0	0	14	317	253	64
PCT7629	ED	847	73	0	0	4	69	60	9
PCT7629	MV	847	188	0	0	11	177	136	41
PCT7629	TO	847	261	0	0	15	246	196	50
PCT7632	ED	1112	94	0	0	1	93	79	14
PCT7632	MV	1112	258	0	0	12	246	200	46
PCT7632	TO	1112	352	0	0	13	339	279	60
PCT7633	ED	1902	153	0	0	7	146	118	28
PCT7633	MV	1902	516	0	0	30	486	388	98
PCT7633	TO	1902	669	0	0	37	632	506	126
PCT7634	ED	864	86	0	0	12	74	61	13
PCT7634	MV	864	254	0	0	22	232	175	57
PCT7634	TO	864	340	0	0	34	306	236	70
PCT7635	ED	821	60	0	0	3	57	48	9
PCT7635	MV	821	219	0	0	7	212	172	40
PCT7635	TO	821	279	0	0	10	269	220	49
PCT7636	ED	945	79	0	0	5	74	54	20
PCT7636	MV	945	233	0	0	18	215	166	49
PCT7636	TO	945	312	0	0	23	289	220	69
PCT7637	ED	841	56	0	0	4	52	40	12
PCT7637	MV	841	235	0	0	11	224	171	53
PCT7637	TO	841	291	0	0	15	276	211	65
PCT7638	ED	1467	89	0	0	11	78	45	33
PCT7638	MV	1467	461	0	0	32	429	311	118
PCT7638	TO	1467	550	0	0	43	507	356	151
PCT7639	ED	1935	136	0	0	10	126	97	29
PCT7639	MV	1935	596	0	1	29	566	449	117
PCT7639	TO	1935	732	0	1	39	692	546	146
PCT7642	ED	946	68	0	0	10	58	40	18
PCT7642	MV	946	207	0	0	16	191	140	51
PCT7642	TO	946	275	0	0	26	249	180	69
PCT7643	ED	927	86	0	0	5	81	66	15
PCT7643	MV	927	308	0	0	18	290	227	63
PCT7643	TO	927	394	0	0	23	371	293	78
PCT7644	ED	1111	87	0	0	5	82	64	18
PCT7644	MV	1111	249	0	0	13	236	197	39
PCT7644	TO	1111	336	0	0	18	318	261	57
PCT7645	ED	626	42	0	0	3	39	28	11
PCT7645	MV	626	218	0	0	21	197	145	52
PCT7645	TO	626	260	0	0	24	236	173	63
PCT7646	ED	1090	60	0	0	3	57	52	5
PCT7646	MV	1090	347	0	1	19	327	270	57
PCT7646	TO	1090	407	0	1	22	384	322	62
PCT7647	ED	968	55	0	0	3	52	38	14
PCT7647	MV	968	136	0	0	5	131	95	36
PCT7647	TO	968	191	0	0	8	183	133	50
PCT7648	ED	2	0	0	0	0	0	0	0
PCT7648	MV	2	0	0	0	0	0	0	0
PCT7648	TO	2	0	0	0	0	0	0	0
PCT7649	ED	888	58	0	0	3	55	44	11
PCT7649	MV	888	213	0	0	11	202	164	38
PCT7649	TO	888	271	0	0	14	257	208	49
PCT7651	ED	830	50	0	0	4	46	38	8
PCT7651	MV	830	207	0	0	14	193	157	36
PCT7651	TO	830	257	0	0	18	239	195	44
PCT7652	ED	596	48	0	0	5	43	35	8
PCT7652	MV	596	152	0	0	6	146	117	29
PCT7652	TO	596	200	0	0	11	189	152	37
PCT7653	ED	1373	79	0	0	4	75	60	15
PCT7653	MV	1373	367	0	0	16	351	284	67
PCT7653	TO	1373	446	0	0	20	426	344	82
PCT7655	ED	1150	62	0	0	7	55	43	12
PCT7655	MV	1150	270	0	0	18	252	190	62
PCT7655	TO	1150	332	0	0	25	307	233	74
PCT7701	ED	1035	139	0	0	3	136	107	29
PCT7701	MV	1035	372	0	0	13	359	292	67
PCT7701	TO	1035	511	0	0	16	495	399	96
PCT7703	ED	178	1	0	0	0	1	1	0
PCT7703	MV	178	55	0	0	3	52	40	12
PCT7703	TO	178	56	0	0	3	53	41	12
PCT7704	ED	1723	249	0	0	10	239	182	57
PCT7704	MV	1723	632	0	0	24	608	416	192
PCT7704	TO	1723	881	0	0	34	847	598	249
PCT7705	ED	570	91	0	0	6	85	60	25
PCT7705	MV	570	219	0	0	10	209	146	63
PCT7705	TO	570	310	0	0	16	294	206	88
PCT7706	ED	839	151	0	0	8	143	114	29
PCT7706	MV	839	337	0	0	18	319	241	78
PCT7706	TO	839	488	0	0	26	462	355	107
PCT7707	ED	861	139	0	0	8	131	103	28
PCT7707	MV	861	345	0	0	19	326	245	81
PCT7707	TO	861	484	0	0	27	457	348	109
PCT7708	ED	881	116	0	0	4	112	89	23
PCT7708	MV	881	359	0	0	19	340	267	73
PCT7708	TO	881	475	0	0	23	452	356	96
PCT7709	ED	395	75	0	0	3	72	59	13
PCT7709	MV	395	150	0	0	8	142	111	31
PCT7709	TO	395	225	0	0	11	214	170	44
PCT7712	ED	1308	198	0	0	9	189	163	26
PCT7712	MV	1308	454	0	0	20	434	353	81
PCT7712	TO	1308	652	0	0	29	623	516	107
PCT7801	ED	968	138	0	0	10	128	106	22
PCT7801	MV	968	367	0	0	20	347	282	65
PCT7801	TO	968	505	0	0	30	475	388	87
PCT7802	ED	788	131	0	0	8	123	106	17
PCT7802	MV	788	275	0	0	26	249	207	42
PCT7802	TO	788	406	0	0	34	372	313	59
PCT7803	ED	822	85	0	0	4	81	71	10
PCT7803	MV	822	373	0	0	15	358	285	73
PCT7803	TO	822	458	0	0	19	439	356	83
PCT7805	ED	1683	283	0	0	14	269	239	30
PCT7805	MV	1683	631	0	0	47	584	488	96
PCT7805	TO	1683	914	0	0	61	853	727	126
PCT7807	ED	796	155	0	0	7	148	130	18
PCT7807	MV	796	243	0	0	13	230	205	25
PCT7807	TO	796	398	0	0	20	378	335	43
PCT7808	ED	1377	243	0	0	13	230	212	18
PCT7808	MV	1377	462	0	0	20	442	379	63
PCT7808	TO	1377	705	0	0	33	672	591	81
PCT7809	ED	770	112	0	0	8	104	97	7
PCT7809	MV	770	249	0	0	16	233	199	34
PCT7809	TO	770	361	0	0	24	337	296	41
PCT7811	ED	726	126	0	0	7	119	110	9
PCT7811	MV	726	199	0	0	11	188	165	23
PCT7811	TO	726	325	0	0	18	307	275	32
PCT7812	ED	871	132	0	0	10	122	108	14
PCT7812	MV	871	286	0	0	11	275	239	36
PCT7812	TO	871	418	0	0	21	397	347	50
PCT7813	ED	1037	179	0	0	4	175	156	19
PCT7813	MV	1037	348	0	0	15	333	301	32
PCT7813	TO	1037	527	0	0	19	508	457	51
PCT7814	ED	887	122	0	0	4	118	101	17
PCT7814	MV	887	215	0	1	11	203	167	36
PCT7814	TO	887	337	0	1	15	321	268	53
PCT7815	ED	1779	231	0	0	7	224	189	35
PCT7815	MV	1779	661	0	0	33	628	540	88
PCT7815	TO	1779	892	0	0	40	852	729	123
PCT7817	ED	1641	291	0	0	10	281	254	27
PCT7817	MV	1641	588	0	0	24	564	494	70
PCT7817	TO	1641	879	0	0	34	845	748	97
PCT7819	ED	1585	230	0	0	10	220	184	36
PCT7819	MV	1585	499	0	0	32	467	399	68
PCT7819	TO	1585	729	0	0	42	687	583	104
PCT7821	ED	965	168	0	0	7	161	128	33
PCT7821	MV	965	371	0	0	17	354	302	52
PCT7821	TO	965	539	0	0	24	515	430	85
PCT7822	ED	1748	322	0	0	6	316	271	45
PCT7822	MV	1748	629	0	0	27	602	515	87
PCT7822	TO	1748	951	0	0	33	918	786	132
PCT7824	ED	1353	243	0	0	9	234	202	32
PCT7824	MV	1353	418	0	0	16	402	350	52
PCT7824	TO	1353	661	0	0	25	636	552	84
PCT7826	ED	661	139	0	0	8	131	120	11
PCT7826	MV	661	175	0	0	9	166	141	25
PCT7826	TO	661	314	0	0	17	297	261	36
PCT7828	ED	997	132	0	0	5	127	110	17
PCT7828	MV	997	327	0	0	19	308	253	55
PCT7828	TO	997	459	0	0	24	435	363	72
PCT7829	ED	884	134	0	0	6	128	109	19
PCT7829	MV	884	346	0	0	16	330	270	60
PCT7829	TO	884	480	0	0	22	458	379	79
PCT7832	ED	773	103	0	0	6	97	87	10
PCT7832	MV	773	290	0	0	22	268	226	42
PCT7832	TO	773	393	0	0	28	365	313	52
PCT7834	ED	1593	279	0	0	18	261	228	33
PCT7834	MV	1593	474	0	0	25	449	392	57
PCT7834	TO	1593	753	0	0	43	710	620	90
PCT7835	ED	847	97	0	0	0	97	77	20
PCT7835	MV	847	289	0	0	13	276	215	61
PCT7835	TO	847	386	0	0	13	373	292	81
PCT7836	ED	1011	131	0	0	3	128	103	25
PCT7836	MV	1011	378	0	0	23	355	289	66
PCT7836	TO	1011	509	0	0	26	483	392	91
PCT7837	ED	1784	281	0	0	13	268	224	44
PCT7837	MV	1784	675	0	0	47	628	513	115
PCT7837	TO	1784	956	0	0	60	896	737	159
PCT7839	ED	1718	238	0	0	11	227	193	34
PCT7839	MV	1718	681	0	0	32	649	541	108
PCT7839	TO	1718	919	0	0	43	876	734	142
PCT7841	ED	1778	331	0	0	13	318	277	41
PCT7841	MV	1778	566	0	0	27	539	464	75
PCT7841	TO	1778	897	0	0	40	857	741	116
PCT7843	ED	719	148	0	0	5	143	126	17
PCT7843	MV	719	226	0	0	12	214	192	22
PCT7843	TO	719	374	0	0	17	357	318	39
PCT7844	ED	630	105	0	0	5	100	89	11
PCT7844	MV	630	199	0	0	9	190	164	26
PCT7844	TO	630	304	0	0	14	290	253	37
PCT7845	ED	870	137	0	1	5	131	108	23
PCT7845	MV	870	298	0	0	17	281	242	39
PCT7845	TO	870	435	0	1	22	412	350	62
PCT7846	ED	888	122	0	0	8	114	94	20
PCT7846	MV	888	308	0	0	16	292	248	44
PCT7846	TO	888	430	0	0	24	406	342	64
PCT7847	ED	1718	274	0	0	13	261	212	49
PCT7847	MV	1718	593	0	0	42	551	462	89
PCT7847	TO	1718	867	0	0	55	812	674	138
PCT7849	ED	887	165	0	0	14	151	127	24
PCT7849	MV	887	314	0	0	3	311	263	48
PCT7849	TO	887	479	0	0	17	462	390	72
PCT7852	ED	1153	158	0	0	12	146	113	33
PCT7852	MV	1153	479	0	0	14	465	372	93
PCT7852	TO	1153	637	0	0	26	611	485	126
PCT7853	ED	1736	229	0	0	10	219	167	52
PCT7853	MV	1736	606	0	0	27	579	475	104
PCT7853	TO	1736	835	0	0	37	798	642	156
PCT7854	ED	866	127	0	0	8	119	107	12
PCT7854	MV	866	314	0	0	20	294	249	45
PCT7854	TO	866	441	0	0	28	413	356	57
PCT7855	ED	1775	307	0	0	7	300	268	32
PCT7855	MV	1775	600	0	0	24	576	489	87
PCT7855	TO	1775	907	0	0	31	876	757	119
PCT7858	ED	1646	251	0	0	20	231	204	27
PCT7858	MV	1646	530	0	0	27	503	429	74
PCT7858	TO	1646	781	0	0	47	734	633	101
PCT7861	ED	854	131	0	0	4	127	106	21
PCT7861	MV	854	310	0	0	16	294	238	56
PCT7861	TO	854	441	0	0	20	421	344	77
PCT7862	ED	857	155	0	0	12	143	118	25
PCT7862	MV	857	275	0	0	11	264	214	50
PCT7862	TO	857	430	0	0	23	407	332	75
PCT7863	ED	881	155	0	0	9	146	115	31
PCT7863	MV	881	264	0	0	9	255	227	28
PCT7863	TO	881	419	0	0	18	401	342	59
PCT7864	ED	804	127	0	0	4	123	108	15
PCT7864	MV	804	267	0	0	18	249	214	35
PCT7864	TO	804	394	0	0	22	372	322	50
PCT7866	ED	822	129	0	0	11	118	96	22
PCT7866	MV	822	357	0	0	23	334	255	79
PCT7866	TO	822	486	0	0	34	452	351	101
PCT7867	ED	969	149	0	0	14	135	112	23
PCT7867	MV	969	366	0	0	18	348	297	51
PCT7867	TO	969	515	0	0	32	483	409	74
PCT7868	ED	870	151	0	0	7	144	114	30
PCT7868	MV	870	268	0	0	17	251	197	54
PCT7868	TO	870	419	0	0	24	395	311	84
PCT7869	ED	863	146	0	0	12	134	113	21
PCT7869	MV	863	355	0	0	26	329	265	64
PCT7869	TO	863	501	0	0	38	463	378	85
PCT7871	ED	877	151	0	0	9	142	112	30
PCT7871	MV	877	303	0	1	13	289	263	26
PCT7871	TO	877	454	0	1	22	431	375	56
PCT7872	ED	863	157	0	0	11	146	124	22
PCT7872	MV	863	333	0	0	13	320	258	62
PCT7872	TO	863	490	0	0	24	466	382	84
PCT7873	ED	1688	279	0	0	14	265	228	37
PCT7873	MV	1688	618	0	1	37	580	475	105
PCT7873	TO	1688	897	0	1	51	845	703	142
PCT7874	ED	474	68	0	0	4	64	50	14
PCT7874	MV	474	143	0	0	3	140	118	22
PCT7874	TO	474	211	0	0	7	204	168	36
PCT7875	ED	624	82	0	0	9	73	61	12
PCT7875	MV	624	182	0	0	12	170	137	33
PCT7875	TO	624	264	0	0	21	243	198	45
PCT7876	ED	523	68	0	0	6	62	53	9
PCT7876	MV	523	182	0	0	11	171	144	27
PCT7876	TO	523	250	0	0	17	233	197	36
PCT7902	ED	1729	212	0	0	12	200	171	29
PCT7902	MV	1729	392	0	0	16	376	314	62
PCT7902	TO	1729	604	0	0	28	576	485	91
PCT7903	ED	826	112	0	0	7	105	93	12
PCT7903	MV	826	219	0	0	19	200	167	33
PCT7903	TO	826	331	0	0	26	305	260	45
PCT7905	ED	880	135	0	0	6	129	105	24
PCT7905	MV	880	262	0	0	16	246	209	37
PCT7905	TO	880	397	0	0	22	375	314	61
PCT7906	ED	757	104	0	0	4	100	91	9
PCT7906	MV	757	175	0	0	6	169	154	15
PCT7906	TO	757	279	0	0	10	269	245	24
PCT7908	ED	1907	266	0	0	9	257	227	30
PCT7908	MV	1907	515	0	0	42	473	391	82
PCT7908	TO	1907	781	0	0	51	730	618	112
PCT7909	ED	718	120	0	0	6	114	98	16
PCT7909	MV	718	199	0	0	7	192	176	16
PCT7909	TO	718	319	0	0	13	306	274	32
PCT7911	ED	845	122	0	0	5	117	102	15
PCT7911	MV	845	197	0	0	8	189	159	30
PCT7911	TO	845	319	0	0	13	306	261	45
PCT7912	ED	1940	320	0	0	19	301	267	34
PCT7912	MV	1940	489	0	0	14	475	404	71
PCT7912	TO	1940	809	0	0	33	776	671	105
PCT7915	ED	1692	283	0	0	15	268	237	31
PCT7915	MV	1692	427	0	0	12	415	358	57
PCT7915	TO	1692	710	0	0	27	683	595	88
PCT7916	ED	842	145	0	0	9	136	117	19
PCT7916	MV	842	238	0	1	12	225	189	36
PCT7916	TO	842	383	0	1	21	361	306	55
PCT7917	ED	1823	298	0	1	7	290	258	32
PCT7917	MV	1823	460	0	0	22	438	383	55
PCT7917	TO	1823	758	0	1	29	728	641	87
PCT7918	ED	798	129	0	0	8	121	110	11
PCT7918	MV	798	194	0	0	7	187	160	27
PCT7918	TO	798	323	0	0	15	308	270	38
PCT7921	ED	1729	220	0	0	11	209	180	29
PCT7921	MV	1729	437	0	0	18	419	357	62
PCT7921	TO	1729	657	0	0	29	628	537	91
PCT7923	ED	1708	233	0	0	6	227	200	27
PCT7923	MV	1708	433	0	0	27	406	332	74
PCT7923	TO	1708	666	0	0	33	633	532	101
PCT7925	ED	530	74	0	0	1	73	65	8
PCT7925	MV	530	165	0	0	10	155	132	23
PCT7925	TO	530	239	0	0	11	228	197	31
PCT7926	ED	783	143	0	0	6	137	120	17
PCT7926	MV	783	233	0	0	7	226	199	27
PCT7926	TO	783	376	0	0	13	363	319	44
PCT7928	ED	1661	310	0	0	19	291	259	32
PCT7928	MV	1661	533	0	0	14	519	453	66
PCT7928	TO	1661	843	0	0	33	810	712	98
PCT7929	ED	830	151	0	0	7	144	122	22
PCT7929	MV	830	311	0	0	12	299	262	37
PCT7929	TO	830	462	0	0	19	443	384	59
PCT7931	ED	742	116	0	0	5	111	98	13
PCT7931	MV	742	284	0	0	17	267	240	27
PCT7931	TO	742	400	0	0	22	378	338	40
PCT7932	ED	547	84	0	0	4	80	65	15
PCT7932	MV	547	177	0	0	6	171	145	26
PCT7932	TO	547	261	0	0	10	251	210	41
PCT7933	ED	7	0	0	0	0	0	0	0
PCT7933	MV	7	4	0	0	0	4	2	2
PCT7933	TO	7	4	0	0	0	4	2	2
PCT7934	ED	866	125	0	0	3	122	105	17
PCT7934	MV	866	304	0	0	17	287	258	29
PCT7934	TO	866	429	0	0	20	409	363	46
PCT7935	ED	927	173	0	0	7	166	139	27
PCT7935	MV	927	311	0	0	17	294	256	38
PCT7935	TO	927	484	0	0	24	460	395	65
PCT7936	ED	1508	340	0	0	14	326	293	33
PCT7936	MV	1508	452	0	0	13	439	383	56
PCT7936	TO	1508	792	0	0	27	765	676	89
PCT7937	ED	899	155	0	0	7	148	139	9
PCT7937	MV	899	300	0	0	13	287	247	40
PCT7937	TO	899	455	0	0	20	435	386	49
PCT7938	ED	758	114	0	0	9	105	90	15
PCT7938	MV	758	203	0	0	7	196	156	40
PCT7938	TO	758	317	0	0	16	301	246	55
PCT7941	ED	752	117	0	0	6	111	101	10
PCT7941	MV	752	224	0	0	7	217	186	31
PCT7941	TO	752	341	0	0	13	328	287	41
PCT7942	ED	923	93	0	0	4	89	73	16
PCT7942	MV	923	270	0	0	13	257	208	49
PCT7942	TO	923	363	0	0	17	346	281	65
PCT7943	ED	1675	262	0	0	12	250	215	35
PCT7943	MV	1675	514	0	1	26	487	401	86
PCT7943	TO	1675	776	0	1	38	737	616	121
PCT7945	ED	940	66	0	0	1	65	52	13
PCT7945	MV	940	264	0	0	21	243	210	33
PCT7945	TO	940	330	0	0	22	308	262	46
PCT7946	ED	1553	132	0	1	7	124	101	23
PCT7946	MV	1553	468	0	0	19	449	306	143
PCT7946	TO	1553	600	0	1	26	573	407	166
PCT7947	ED	960	71	0	0	9	62	43	19
PCT7947	MV	960	290	0	0	25	265	173	92
PCT7947	TO	960	361	0	0	34	327	216	111
PCT7948	ED	918	94	0	0	2	92	78	14
PCT7948	MV	918	291	0	0	15	276	187	89
PCT7948	TO	918	385	0	0	17	368	265	103
PCT7951	ED	1818	137	0	0	6	131	106	25
PCT7951	MV	1818	588	0	0	44	544	341	203
PCT7951	TO	1818	725	0	0	50	675	447	228
PCT7953	ED	824	83	0	0	1	82	50	32
PCT7953	MV	824	246	0	0	17	229	155	74
PCT7953	TO	824	329	0	0	18	311	205	106
PCT7954	ED	1	0	0	0	0	0	0	0
PCT7954	MV	1	1	0	0	0	1	0	1
PCT7954	TO	1	1	0	0	0	1	0	1
PCT7956	ED	1759	120	0	0	8	112	72	40
PCT7956	MV	1759	463	0	2	33	428	279	149
PCT7956	TO	1759	583	0	2	41	540	351	189
PCT7957	ED	665	74	0	0	7	67	55	12
PCT7957	MV	665	209	0	0	18	191	146	45
PCT7957	TO	665	283	0	0	25	258	201	57
PCT7958	ED	301	6	0	0	1	5	5	0
PCT7958	MV	301	91	0	0	2	89	64	25
PCT7958	TO	301	97	0	0	3	94	69	25
PCT7959	ED	1198	127	0	0	11	116	102	14
PCT7959	MV	1198	280	0	0	6	274	230	44
PCT7959	TO	1198	407	0	0	17	390	332	58
PCT9001	ED	286	3	0	0	0	3	3	0
PCT9001	MV	286	91	0	0	2	89	67	22
PCT9001	TO	286	94	0	0	2	92	70	22
PCT9103	ED	946	125	0	0	10	115	88	27
PCT9103	MV	946	255	0	0	17	238	180	58
PCT9103	TO	946	380	0	0	27	353	268	85
PCT9104	ED	993	100	0	0	7	93	75	18
PCT9104	MV	993	293	0	0	18	275	210	65
PCT9104	TO	993	393	0	0	25	368	285	83
PCT9105	ED	1747	223	0	0	10	213	161	52
PCT9105	MV	1747	514	0	0	29	485	377	108
PCT9105	TO	1747	737	0	0	39	698	538	160
PCT9106	ED	935	135	0	0	5	130	106	24
PCT9106	MV	935	296	0	0	16	280	215	65
PCT9106	TO	935	431	0	0	21	410	321	89
PCT9109	ED	1651	245	0	0	11	234	170	64
PCT9109	MV	1651	438	0	0	38	400	324	76
PCT9109	TO	1651	683	0	0	49	634	494	140
PCT9111	ED	809	105	0	0	7	98	85	13
PCT9111	MV	809	210	0	0	19	191	135	56
PCT9111	TO	809	315	0	0	26	289	220	69
PCT9113	ED	997	164	0	0	12	152	110	42
PCT9113	MV	997	317	0	0	22	295	232	63
PCT9113	TO	997	481	0	0	34	447	342	105
PCT9114	ED	1806	237	0	0	18	219	187	32
PCT9114	MV	1806	521	0	0	28	493	396	97
PCT9114	TO	1806	758	0	0	46	712	583	129
PCT9116	ED	1822	251	0	0	14	237	193	44
PCT9116	MV	1822	509	0	0	21	488	366	122
PCT9116	TO	1822	760	0	0	35	725	559	166
PCT9117	ED	1691	254	0	0	20	234	185	49
PCT9117	MV	1691	533	0	0	45	488	358	130
PCT9117	TO	1691	787	0	0	65	722	543	179
PCT9118	ED	1938	229	0	0	8	221	168	53
PCT9118	MV	1938	535	0	0	28	507	372	135
PCT9118	TO	1938	764	0	0	36	728	540	188
PCT9119	ED	899	91	0	0	5	86	65	21
PCT9119	MV	899	302	0	0	22	280	194	86
PCT9119	TO	899	393	0	0	27	366	259	107
PCT9122	ED	1865	190	0	0	19	171	132	39
PCT9122	MV	1865	537	0	1	33	503	363	140
PCT9122	TO	1865	727	0	1	52	674	495	179
PCT9124	ED	1843	218	0	1	11	206	161	45
PCT9124	MV	1843	542	0	0	31	511	381	130
PCT9124	TO	1843	760	0	1	42	717	542	175
PCT9125	ED	879	97	0	0	4	93	78	15
PCT9125	MV	879	267	0	0	10	257	181	76
PCT9125	TO	879	364	0	0	14	350	259	91
PCT9127	ED	1974	273	0	0	12	261	207	54
PCT9127	MV	1974	633	0	0	32	601	447	154
PCT9127	TO	1974	906	0	0	44	862	654	208
PCT9128	ED	814	125	0	0	9	116	92	24
PCT9128	MV	814	267	0	0	10	257	194	63
PCT9128	TO	814	392	0	0	19	373	286	87
PCT9129	ED	1459	176	0	0	7	169	128	41
PCT9129	MV	1459	461	0	0	26	435	314	121
PCT9129	TO	1459	637	0	0	33	604	442	162
PCT9132	ED	805	105	0	0	10	95	79	16
PCT9132	MV	805	221	0	0	18	203	171	32
PCT9132	TO	805	326	0	0	28	298	250	48
PCT9133	ED	1984	271	0	0	19	252	206	46
PCT9133	MV	1984	596	0	1	51	544	425	119
PCT9133	TO	1984	867	0	1	70	796	631	165
PCT9134	ED	891	87	0	0	5	82	63	19
PCT9134	MV	891	246	0	0	20	226	178	48
PCT9134	TO	891	333	0	0	25	308	241	67
PCT9135	ED	802	114	0	0	6	108	75	33
PCT9135	MV	802	231	0	0	9	222	149	73
PCT9135	TO	802	345	0	0	15	330	224	106
PCT9136	ED	900	119	0	0	9	110	88	22
PCT9136	MV	900	251	0	0	20	231	163	68
PCT9136	TO	900	370	0	0	29	341	251	90
PCT9137	ED	999	115	0	0	9	106	88	18
PCT9137	MV	999	279	0	0	23	256	180	76
PCT9137	TO	999	394	0	0	32	362	268	94
PCT9138	ED	929	101	0	0	7	94	62	32
PCT9138	MV	929	283	0	0	22	261	198	63
PCT9138	TO	929	384	0	0	29	355	260	95
PCT9139	ED	986	105	0	0	2	103	79	24
PCT9139	MV	986	341	0	0	15	326	227	99
PCT9139	TO	986	446	0	0	17	429	306	123
PCT9141	ED	1803	231	0	0	10	221	161	60
PCT9141	MV	1803	549	0	0	26	523	375	148
PCT9141	TO	1803	780	0	0	36	744	536	208
PCT9143	ED	895	120	0	0	7	113	98	15
PCT9143	MV	895	281	0	0	17	264	182	82
PCT9143	TO	895	401	0	0	24	377	280	97
PCT9144	ED	958	141	0	0	3	138	115	23
PCT9144	MV	958	289	0	0	16	273	195	78
PCT9144	TO	958	430	0	0	19	411	310	101
PCT9145	ED	851	124	0	0	8	116	97	19
PCT9145	MV	851	275	0	0	13	262	208	54
PCT9145	TO	851	399	0	0	21	378	305	73
PCT9146	ED	1837	275	0	0	19	256	195	61
PCT9146	MV	1837	558	0	0	34	524	418	106
PCT9146	TO	1837	833	0	0	53	780	613	167
PCT9149	ED	957	150	0	0	10	140	111	29
PCT9149	MV	957	277	0	0	12	265	214	51
PCT9149	TO	957	427	0	0	22	405	325	80
PCT9152	ED	1630	167	0	0	6	161	132	29
PCT9152	MV	1630	400	0	0	21	379	309	70
PCT9152	TO	1630	567	0	0	27	540	441	99
PCT9201	ED	950	111	0	0	6	105	94	11
PCT9201	MV	950	209	0	0	9	200	172	28
PCT9201	TO	950	320	0	0	15	305	266	39
PCT9202	ED	977	116	0	0	10	106	87	19
PCT9202	MV	977	205	0	0	11	194	160	34
PCT9202	TO	977	321	0	0	21	300	247	53
PCT9203	ED	984	78	0	0	9	69	49	20
PCT9203	MV	984	250	0	0	21	229	164	65
PCT9203	TO	984	328	0	0	30	298	213	85
PCT9204	ED	855	109	0	0	12	97	65	32
PCT9204	MV	855	208	0	0	16	192	134	58
PCT9204	TO	855	317	0	0	28	289	199	90
PCT9205	ED	1484	141	0	0	14	127	102	25
PCT9205	MV	1484	355	0	0	20	335	257	78
PCT9205	TO	1484	496	0	0	34	462	359	103
PCT9208	ED	1935	178	0	0	10	168	126	42
PCT9208	MV	1935	484	0	0	39	445	328	117
PCT9208	TO	1935	662	0	0	49	613	454	159
PCT9209	ED	742	84	0	0	4	80	60	20
PCT9209	MV	742	178	0	0	10	168	130	38
PCT9209	TO	742	262	0	0	14	248	190	58
PCT9211	ED	1788	166	0	0	23	143	95	48
PCT9211	MV	1788	468	0	0	34	434	313	121
PCT9211	TO	1788	634	0	0	57	577	408	169
PCT9213	ED	927	85	0	0	3	82	60	22
PCT9213	MV	927	244	0	0	18	226	176	50
PCT9213	TO	927	329	0	0	21	308	236	72
PCT9214	ED	633	66	0	0	1	65	45	20
PCT9214	MV	633	178	0	0	11	167	123	44
PCT9214	TO	633	244	0	0	12	232	168	64
PCT9215	ED	641	79	0	0	8	71	55	16
PCT9215	MV	641	171	0	0	19	152	108	44
PCT9215	TO	641	250	0	0	27	223	163	60
PCT9216	ED	818	82	0	0	4	78	64	14
PCT9216	MV	818	171	0	0	13	158	117	41
PCT9216	TO	818	253	0	0	17	236	181	55
PCT9217	ED	704	65	0	0	2	63	44	19
PCT9217	MV	704	163	0	0	9	154	113	41
PCT9217	TO	704	228	0	0	11	217	157	60
PCT9218	ED	805	87	0	0	10	77	65	12
PCT9218	MV	805	200	0	0	13	187	130	57
PCT9218	TO	805	287	0	0	23	264	195	69
PCT9219	ED	1727	186	0	0	7	179	134	45
PCT9219	MV	1727	383	0	0	20	363	271	92
PCT9219	TO	1727	569	0	0	27	542	405	137
PCT9221	ED	638	73	0	0	4	69	54	15
PCT9221	MV	638	244	0	0	19	225	148	77
PCT9221	TO	638	317	0	0	23	294	202	92
PCT9222	ED	886	91	0	0	7	84	66	18
PCT9222	MV	886	262	0	0	27	235	175	60
PCT9222	TO	886	353	0	0	34	319	241	78
PCT9223	ED	651	53	0	0	6	47	36	11
PCT9223	MV	651	188	0	0	20	168	121	47
PCT9223	TO	651	241	0	0	26	215	157	58
PCT9224	ED	928	107	0	0	7	100	79	21
PCT9224	MV	928	270	0	0	9	261	201	60
PCT9224	TO	928	377	0	0	16	361	280	81
PCT9226	ED	892	85	0	0	5	80	61	19
PCT9226	MV	892	233	0	0	15	218	165	53
PCT9226	TO	892	318	0	0	20	298	226	72
PCT9227	ED	713	83	0	0	2	81	55	26
PCT9227	MV	713	292	0	0	17	275	194	81
PCT9227	TO	713	375	0	0	19	356	249	107
PCT9228	ED	740	89	0	0	7	82	57	25
PCT9228	MV	740	240	0	0	14	226	161	65
PCT9228	TO	740	329	0	0	21	308	218	90
PCT9229	ED	574	93	0	0	5	88	70	18
PCT9229	MV	574	190	0	0	9	181	139	42
PCT9229	TO	574	283	0	0	14	269	209	60
PCT9231	ED	954	157	0	0	12	145	117	28
PCT9231	MV	954	272	0	0	19	253	198	55
PCT9231	TO	954	429	0	0	31	398	315	83
PCT9232	ED	716	92	0	0	4	88	66	22
PCT9232	MV	716	238	0	0	16	222	175	47
PCT9232	TO	716	330	0	0	20	310	241	69
PCT9233	ED	814	77	0	0	7	70	50	20
PCT9233	MV	814	260	0	0	23	237	168	69
PCT9233	TO	814	337	0	0	30	307	218	89
PCT9234	ED	747	84	0	0	5	79	56	23
PCT9234	MV	747	216	0	0	16	200	150	50
PCT9234	TO	747	300	0	0	21	279	206	73
PCT9235	ED	1439	164	0	0	9	155	116	39
PCT9235	MV	1439	443	0	0	33	410	313	97
PCT9235	TO	1439	607	0	0	42	565	429	136
PCT9236	ED	659	65	0	0	1	64	53	11
PCT9236	MV	659	204	0	0	17	187	125	62
PCT9236	TO	659	269	0	0	18	251	178	73
PCT9237	ED	874	86	0	0	4	82	63	19
PCT9237	MV	874	266	0	0	25	241	188	53
PCT9237	TO	874	352	0	0	29	323	251	72
PCT9238	ED	1769	161	0	0	15	146	107	39
PCT9238	MV	1769	526	0	0	35	491	371	120
PCT9238	TO	1769	687	0	0	50	637	478	159
PCT9239	ED	866	78	0	0	3	75	58	17
PCT9239	MV	866	288	0	0	15	273	207	66
PCT9239	TO	866	366	0	0	18	348	265	83
PCT9241	ED	968	95	0	0	4	91	74	17
PCT9241	MV	968	282	0	0	11	271	224	47
PCT9241	TO	968	377	0	0	15	362	298	64
PCT9242	ED	1845	158	0	0	9	149	122	27
PCT9242	MV	1845	509	0	0	18	491	389	102
PCT9242	TO	1845	667	0	0	27	640	511	129
PCT9244	ED	881	99	0	0	3	96	84	12
PCT9244	MV	881	226	0	0	19	207	170	37
PCT9244	TO	881	325	0	0	22	303	254	49
PCT9245	ED	1081	131	0	0	8	123	99	24
PCT9245	MV	1081	278	0	0	20	258	199	59
PCT9245	TO	1081	409	0	0	28	381	298	83
PCT9248	ED	870	88	0	0	8	80	63	17
PCT9248	MV	870	243	0	0	19	224	186	38
PCT9248	TO	870	331	0	0	27	304	249	55
PCT9251	ED	1887	283	0	0	15	268	202	66
PCT9251	MV	1887	559	0	0	35	524	424	100
PCT9251	TO	1887	842	0	0	50	792	626	166
PCT9252	ED	918	83	0	0	5	78	64	14
PCT9252	MV	918	286	0	0	18	268	189	79
PCT9252	TO	918	369	0	0	23	346	253	93
PCT9253	ED	752	103	0	0	8	95	76	19
PCT9253	MV	752	238	0	0	19	219	175	44
PCT9253	TO	752	341	0	0	27	314	251	63
PCT9255	ED	1236	168	0	0	9	159	129	30
PCT9255	MV	1236	351	0	0	10	341	259	82
PCT9255	TO	1236	519	0	0	19	500	388	112
PCT9256	ED	1373	150	0	0	4	146	125	21
PCT9256	MV	1373	408	0	0	24	384	315	69
PCT9256	TO	1373	558	0	0	28	530	440	90
PCT9257	ED	311	3	0	0	0	3	2	1
PCT9257	MV	311	124	0	0	9	115	98	17
PCT9257	TO	311	127	0	0	9	118	100	18
PCT9401	ED	1015	159	0	0	6	153	126	27
PCT9401	MV	1015	259	0	0	13	246	199	47
PCT9401	TO	1015	418	0	0	19	399	325	74
PCT9402	ED	988	148	0	0	8	140	115	25
PCT9402	MV	988	287	0	0	19	268	209	59
PCT9402	TO	988	435	0	0	27	408	324	84
PCT9404	ED	1814	207	0	0	13	194	150	44
PCT9404	MV	1814	502	0	0	45	457	313	144
PCT9404	TO	1814	709	0	0	58	651	463	188
PCT9405	ED	770	113	0	0	5	108	86	22
PCT9405	MV	770	224	0	0	17	207	150	57
PCT9405	TO	770	337	0	0	22	315	236	79
PCT9406	ED	873	133	0	0	7	126	91	35
PCT9406	MV	873	225	0	0	11	214	164	50
PCT9406	TO	873	358	0	0	18	340	255	85
PCT9407	ED	887	126	0	0	11	115	93	22
PCT9407	MV	887	242	0	0	16	226	162	64
PCT9407	TO	887	368	0	0	27	341	255	86
PCT9408	ED	834	129	0	0	10	119	85	34
PCT9408	MV	834	204	0	0	8	196	172	24
PCT9408	TO	834	333	0	0	18	315	257	58
PCT9409	ED	591	105	0	0	4	101	81	20
PCT9409	MV	591	133	0	0	7	126	99	27
PCT9409	TO	591	238	0	0	11	227	180	47
PCT9411	ED	1842	255	0	0	14	241	196	45
PCT9411	MV	1842	523	0	0	28	495	359	136
PCT9411	TO	1842	778	0	0	42	736	555	181
PCT9413	ED	920	102	0	0	5	97	70	27
PCT9413	MV	920	281	0	0	26	255	188	67
PCT9413	TO	920	383	0	0	31	352	258	94
PCT9415	ED	779	79	0	0	7	72	51	21
PCT9415	MV	779	255	0	0	16	239	173	66
PCT9415	TO	779	334	0	0	23	311	224	87
PCT9416	ED	988	152	0	0	6	146	116	30
PCT9416	MV	988	279	0	0	28	251	186	65
PCT9416	TO	988	431	0	0	34	397	302	95
PCT9418	ED	1561	201	0	0	17	184	140	44
PCT9418	MV	1561	514	0	0	45	469	338	131
PCT9418	TO	1561	715	0	0	62	653	478	175
PCT9419	ED	1790	174	0	0	5	169	126	43
PCT9419	MV	1790	586	0	1	38	547	391	156
PCT9419	TO	1790	760	0	1	43	716	517	199
PCT9421	ED	917	94	0	0	6	88	67	21
PCT9421	MV	917	283	0	0	18	265	203	62
PCT9421	TO	917	377	0	0	24	353	270	83
PCT9422	ED	1068	138	0	0	10	128	90	38
PCT9422	MV	1068	330	0	0	18	312	226	86
PCT9422	TO	1068	468	0	0	28	440	316	124
PCT9423	ED	906	88	0	0	7	81	64	17
PCT9423	MV	906	264	0	0	22	242	190	52
PCT9423	TO	906	352	0	0	29	323	254	69
PCT9424	ED	1949	182	0	0	23	159	114	45
PCT9424	MV	1949	637	0	0	22	615	415	200
PCT9424	TO	1949	819	0	0	45	774	529	245
PCT9426	ED	832	83	0	1	4	78	50	28
PCT9426	MV	832	264	0	0	14	250	178	72
PCT9426	TO	832	347	0	1	18	328	228	100
PCT9427	ED	964	116	0	0	7	109	77	32
PCT9427	MV	964	285	0	0	21	264	173	91
PCT9427	TO	964	401	0	0	28	373	250	123
PCT9431	ED	1914	218	0	0	12	206	158	48
PCT9431	MV	1914	588	0	0	31	557	354	203
PCT9431	TO	1914	806	0	0	43	763	512	251
PCT9432	ED	943	100	0	0	3	97	75	22
PCT9432	MV	943	268	0	0	15	253	173	80
PCT9432	TO	943	368	0	0	18	350	248	102
PCT9433	ED	1923	152	0	0	8	144	104	40
PCT9433	MV	1923	609	0	0	41	568	395	173
PCT9433	TO	1923	761	0	0	49	712	499	213
PCT9434	ED	982	118	0	0	2	116	91	25
PCT9434	MV	982	297	0	0	34	263	186	77
PCT9434	TO	982	415	0	0	36	379	277	102
PCT9436	ED	1057	123	0	0	14	109	77	32
PCT9436	MV	1057	325	0	0	23	302	199	103
PCT9436	TO	1057	448	0	0	37	411	276	135
PCT9437	ED	908	95	0	0	6	89	66	23
PCT9437	MV	908	281	0	0	23	258	170	88
PCT9437	TO	908	376	0	0	29	347	236	111
PCT9439	ED	1863	163	0	0	10	153	104	49
PCT9439	MV	1863	598	0	0	46	552	366	186
PCT9439	TO	1863	761	0	0	56	705	470	235
PCT9441	ED	985	118	0	0	6	112	89	23
PCT9441	MV	985	316	0	0	15	301	208	93
PCT9441	TO	985	434	0	0	21	413	297	116
PCT9442	ED	2015	249	0	0	17	232	171	61
PCT9442	MV	2015	565	0	0	29	536	366	170
PCT9442	TO	2015	814	0	0	46	768	537	231
PCT9443	ED	1908	176	0	0	5	171	129	42
PCT9443	MV	1908	561	0	1	35	525	365	160
PCT9443	TO	1908	737	0	1	40	696	494	202
PCT9445	ED	971	92	0	0	5	87	57	30
PCT9445	MV	971	306	0	0	17	289	204	85
PCT9445	TO	971	398	0	0	22	376	261	115
PCT9446	ED	1940	230	0	0	16	214	160	54
PCT9446	MV	1940	621	0	0	38	583	375	208
PCT9446	TO	1940	851	0	0	54	797	535	262
PCT9447	ED	889	122	0	0	8	114	84	30
PCT9447	MV	889	275	0	0	12	263	188	75
PCT9447	TO	889	397	0	0	20	377	272	105
PCT9448	ED	936	105	0	0	3	102	76	26
PCT9448	MV	936	265	0	0	18	247	179	68
PCT9448	TO	936	370	0	0	21	349	255	94
PCT9449	ED	862	86	0	0	3	83	60	23
PCT9449	MV	862	274	0	0	14	260	164	96
PCT9449	TO	862	360	0	0	17	343	224	119
PCT9451	ED	437	41	0	0	1	40	28	12
PCT9451	MV	437	144	0	0	5	139	81	58
PCT9451	TO	437	185	0	0	6	179	109	70
PCT9453	ED	520	57	0	0	2	55	35	20
PCT9453	MV	520	166	0	0	12	154	102	52
PCT9453	TO	520	223	0	0	14	209	137	72
PCT9501	ED	147	2	0	0	0	2	2	0
PCT9501	MV	147	69	0	0	3	66	44	22
PCT9501	TO	147	71	0	0	3	68	46	22
PCT9502	ED	253	5	0	0	0	5	5	0
PCT9502	MV	253	104	0	0	5	99	84	15
PCT9502	TO	253	109	0	0	5	104	89	15
PCT9503	ED	667	86	0	0	3	83	71	12
PCT9503	MV	667	175	0	0	12	163	125	38
PCT9503	TO	667	261	0	0	15	246	196	50
PCT9505	ED	760	115	0	0	11	104	76	28
PCT9505	MV	760	246	0	0	13	233	178	55
PCT9505	TO	760	361	0	0	24	337	254	83
PCT9506	ED	750	95	0	0	5	90	69	21
PCT9506	MV	750	186	0	0	10	176	145	31
PCT9506	TO	750	281	0	0	15	266	214	52
PCT9507	ED	713	122	0	0	4	118	102	16
PCT9507	MV	713	210	0	0	19	191	165	26
PCT9507	TO	713	332	0	0	23	309	267	42
PCT9511	ED	1314	228	0	0	14	214	190	24
PCT9511	MV	1314	382	0	0	21	361	317	44
PCT9511	TO	1314	610	0	0	35	575	507	68
PCT9512	ED	1544	231	0	0	16	215	196	19
PCT9512	MV	1544	489	0	0	19	470	418	52
PCT9512	TO	1544	720	0	0	35	685	614	71
PCT9513	ED	872	161	0	0	13	148	136	12
PCT9513	MV	872	243	0	0	11	232	203	29
PCT9513	TO	872	404	0	0	24	380	339	41
PCT9514	ED	888	157	0	0	8	149	136	13
PCT9514	MV	888	270	0	0	17	253	221	32
PCT9514	TO	888	427	0	0	25	402	357	45
PCT9516	ED	1579	275	0	1	15	259	228	31
PCT9516	MV	1579	486	0	1	23	462	388	74
PCT9516	TO	1579	761	0	2	38	721	616	105
PCT9517	ED	1554	252	0	0	11	241	209	32
PCT9517	MV	1554	484	0	0	25	459	401	58
PCT9517	TO	1554	736	0	0	36	700	610	90
PCT9519	ED	882	148	0	0	5	143	117	26
PCT9519	MV	882	305	0	0	10	295	259	36
PCT9519	TO	882	453	0	0	15	438	376	62
PCT9521	ED	870	182	0	0	15	167	146	21
PCT9521	MV	870	295	0	0	20	275	240	35
PCT9521	TO	870	477	0	0	35	442	386	56
PCT9701	ED	652	122	0	0	5	117	97	20
PCT9701	MV	652	183	0	0	11	172	141	31
PCT9701	TO	652	305	0	0	16	289	238	51
PCT9702	ED	709	121	0	0	5	116	108	8
PCT9702	MV	709	210	0	0	18	192	168	24
PCT9702	TO	709	331	0	0	23	308	276	32
PCT9703	ED	981	120	0	0	4	116	91	25
PCT9703	MV	981	330	0	0	20	310	245	65
PCT9703	TO	981	450	0	0	24	426	336	90
PCT9704	ED	946	133	0	0	10	123	101	22
PCT9704	MV	946	337	0	0	24	313	240	73
PCT9704	TO	946	470	0	0	34	436	341	95
PCT9705	ED	1865	274	0	0	14	260	224	36
PCT9705	MV	1865	610	0	0	31	579	462	117
PCT9705	TO	1865	884	0	0	45	839	686	153
PCT9706	ED	48	0	0	0	0	0	0	0
PCT9706	MV	48	20	0	0	0	20	16	4
PCT9706	TO	48	20	0	0	0	20	16	4
PCT9709	ED	1021	108	0	0	7	101	77	24
PCT9709	MV	1021	338	0	0	23	315	237	78
PCT9709	TO	1021	446	0	0	30	416	314	102
PCT9711	ED	1433	222	0	0	14	208	154	54
PCT9711	MV	1433	529	0	0	31	498	375	123
PCT9711	TO	1433	751	0	0	45	706	529	177
PCT9712	ED	1237	190	0	0	10	180	133	47
PCT9712	MV	1237	463	0	0	29	434	292	142
PCT9712	TO	1237	653	0	0	39	614	425	189
PCT9716	ED	951	134	0	0	14	120	89	31
PCT9716	MV	951	324	0	0	19	305	219	86
PCT9716	TO	951	458	0	0	33	425	308	117
PCT9717	ED	1917	224	0	0	21	203	133	70
PCT9717	MV	1917	611	0	0	34	577	400	177
PCT9717	TO	1917	835	0	0	55	780	533	247
PCT9718	ED	1833	277	0	0	16	261	192	69
PCT9718	MV	1833	703	0	0	34	669	461	208
PCT9718	TO	1833	980	0	0	50	930	653	277
PCT9719	ED	910	135	0	0	5	130	92	38
PCT9719	MV	910	349	0	0	16	333	220	113
PCT9719	TO	910	484	0	0	21	463	312	151
PCT9721	ED	660	128	0	0	6	122	87	35
PCT9721	MV	660	251	0	0	10	241	168	73
PCT9721	TO	660	379	0	0	16	363	255	108
PCT9722	ED	587	70	0	0	5	65	53	12
PCT9722	MV	587	245	0	0	8	237	164	73
PCT9722	TO	587	315	0	0	13	302	217	85
PCT9723	ED	505	38	0	0	1	37	21	16
PCT9723	MV	505	186	0	0	14	172	117	55
PCT9723	TO	505	224	0	0	15	209	138	71
PCT9724	ED	1003	100	0	0	6	94	59	35
PCT9724	MV	1003	380	0	0	22	358	199	159
PCT9724	TO	1003	480	0	0	28	452	258	194
PCT9725	ED	965	88	0	0	8	80	48	32
PCT9725	MV	965	325	0	0	25	300	194	106
PCT9725	TO	965	413	0	0	33	380	242	138
PCT9726	ED	621	74	0	0	2	72	59	13
PCT9726	MV	621	127	0	0	10	117	91	26
PCT9726	TO	621	201	0	0	12	189	150	39
PCT9727	ED	453	51	0	0	1	50	39	11
PCT9727	MV	453	163	0	0	16	147	89	58
PCT9727	TO	453	214	0	0	17	197	128	69
PCT9728	ED	1829	272	0	0	11	261	178	83
PCT9728	MV	1829	616	0	0	23	593	388	205
PCT9728	TO	1829	888	0	0	34	854	566	288
PCT9729	ED	809	105	0	0	4	101	70	31
PCT9729	MV	809	316	0	0	15	301	213	88
PCT9729	TO	809	421	0	0	19	402	283	119
PCT9731	ED	572	77	0	0	3	74	55	19
PCT9731	MV	572	190	0	0	5	185	135	50
PCT9731	TO	572	267	0	0	8	259	190	69
PCT9732	ED	71	0	0	0	0	0	0	0
PCT9732	MV	71	39	0	0	0	39	27	12
PCT9732	TO	71	39	0	0	0	39	27	12
PCT9733	ED	235	5	0	0	2	3	3	0
PCT9733	MV	235	115	0	0	9	106	77	29
PCT9733	TO	235	120	0	0	11	109	80	29
PCT9734	ED	1389	188	0	0	9	179	132	47
PCT9734	MV	1389	534	0	0	36	498	371	127
PCT9734	TO	1389	722	0	0	45	677	503	174
PCT9737	ED	1518	204	0	0	10	194	144	50
PCT9737	MV	1518	574	0	0	32	542	415	127
PCT9737	TO	1518	778	0	0	42	736	559	177
PCT9738	ED	813	48	0	0	2	46	33	13
PCT9738	MV	813	229	0	0	12	217	167	50
PCT9738	TO	813	277	0	0	14	263	200	63
PCT9739	ED	768	69	0	0	8	61	49	12
PCT9739	MV	768	177	0	0	5	172	135	37
PCT9739	TO	768	246	0	0	13	233	184	49
PCT9741	ED	497	65	0	0	5	60	55	5
PCT9741	MV	497	25	0	0	0	25	20	5
PCT9741	TO	497	90	0	0	5	85	75	10
PCT9742	ED	679	95	0	0	3	92	69	23
PCT9742	MV	679	153	0	0	2	151	100	51
PCT9742	TO	679	248	0	0	5	243	169	74
PCT9743	ED	1138	122	0	0	5	117	90	27
PCT9743	MV	1138	297	0	0	12	285	219	66
PCT9743	TO	1138	419	0	0	17	402	309	93
PCT9744	ED	907	112	0	0	8	104	73	31
PCT9744	MV	907	205	0	0	12	193	143	50
PCT9744	TO	907	317	0	0	20	297	216	81
PCT9745	ED	973	109	0	0	6	103	85	18
PCT9745	MV	973	212	0	0	9	203	169	34
PCT9745	TO	973	321	0	0	15	306	254	52
PCT9748	ED	910	98	0	0	4	94	64	30
PCT9748	MV	910	313	0	0	19	294	243	51
PCT9748	TO	910	411	0	0	23	388	307	81
PCT9749	ED	1871	214	0	0	10	204	164	40
PCT9749	MV	1871	491	0	0	26	465	350	115
PCT9749	TO	1871	705	0	0	36	669	514	155
PCT9751	ED	1038	136	0	0	4	132	96	36
PCT9751	MV	1038	353	0	0	16	337	232	105
PCT9751	TO	1038	489	0	0	20	469	328	141
PCT9752	ED	696	90	0	0	4	86	53	33
PCT9752	MV	696	267	0	0	13	254	174	80
PCT9752	TO	696	357	0	0	17	340	227	113
PCT9753	ED	764	93	0	0	4	89	70	19
PCT9753	MV	764	239	0	0	15	224	170	54
PCT9753	TO	764	332	0	0	19	313	240	73
PCT9754	ED	686	111	0	0	3	108	91	17
PCT9754	MV	686	241	0	0	7	234	188	46
PCT9754	TO	686	352	0	0	10	342	279	63
PCT9755	ED	567	76	0	0	2	74	59	15
PCT9755	MV	567	170	0	0	12	158	121	37
PCT9755	TO	567	246	0	0	14	232	180	52
PCT9756	ED	940	69	0	0	1	68	51	17
PCT9756	MV	940	267	0	0	14	253	169	84
PCT9756	TO	940	336	0	0	15	321	220	101
PCT9801	ED	404	51	0	0	5	46	37	9
PCT9801	MV	404	135	0	0	7	128	98	30
PCT9801	TO	404	186	0	0	12	174	135	39
CONG12	ED	437850	53397	0	7	3078	50312	41119	9193
CONG12	MV	437850	129637	0	28	7755	121854	95651	26203
CONG12	TO	437850	183034	0	35	10833	172166	136770	35396
CONG14	ED	57200	6017	0	0	315	5702	4210	1492
CONG14	MV	57200	17289	0	0	926	16363	11476	4887
CONG14	TO	57200	23306	0	0	1241	22065	15686	6379
ASSM17	ED	287476	34944	0	4	1960	32980	27555	5425
ASSM17	MV	287476	85060	0	23	4972	80065	64317	15748
ASSM17	TO	287476	120004	0	27	6932	113045	91872	21173
ASSM19	ED	207574	24470	0	3	1433	23034	17774	5260
ASSM19	MV	207574	61866	0	5	3709	58152	42810	15342
ASSM19	TO	207574	86336	0	8	5142	81186	60584	20602
SUPV1	ED	42447	5464	0	1	319	5144	4041	1103
SUPV1	MV	42447	12584	0	3	766	11815	8895	2920
SUPV1	TO	42447	18048	0	4	1085	16959	12936	4023
SUPV2	ED	49361	5273	0	0	341	4932	3834	1098
SUPV2	MV	49361	13967	0	1	923	13043	9978	3065
SUPV2	TO	49361	19240	0	1	1264	17975	13812	4163
SUPV3	ED	38836	3913	0	0	234	3679	3024	655
SUPV3	MV	38836	10920	0	4	830	10086	7731	2355
SUPV3	TO	38836	14833	0	4	1064	13765	10755	3010
SUPV4	ED	43341	5029	0	1	296	4732	3552	1180
SUPV4	MV	43341	13036	0	2	840	12194	8563	3631
SUPV4	TO	43341	18065	0	3	1136	16926	12115	4811
SUPV5	ED	51976	8350	0	1	517	7832	6798	1034
SUPV5	MV	51976	16423	0	1	914	15508	13281	2227
SUPV5	TO	51976	24773	0	2	1431	23340	20079	3261
SUPV6	ED	42510	3309	0	1	226	3082	2480	602
SUPV6	MV	42510	11034	0	3	694	10337	8167	2170
SUPV6	TO	42510	14343	0	4	920	13419	10647	2772
SUPV7	ED	46757	6126	0	0	313	5813	4419	1394
SUPV7	MV	46757	15630	0	0	823	14807	10835	3972
SUPV7	TO	46757	21756	0	0	1136	20620	15254	5366
SUPV8	ED	57103	9078	0	1	459	8618	7354	1264
SUPV8	MV	57103	19840	0	3	1032	18805	15806	2999
SUPV8	TO	57103	28918	0	4	1491	27423	23160	4263
SUPV9	ED	42539	5866	0	2	281	5583	4804	779
SUPV9	MV	42539	12113	0	4	605	11504	9372	2132
SUPV9	TO	42539	17979	0	6	886	17087	14176	2911
SUPV10	ED	42195	3620	0	0	212	3408	2656	752
SUPV10	MV	42195	10772	0	4	654	10114	7569	2545
SUPV10	TO	42195	14392	0	4	866	13522	10225	3297
SUPV11	ED	37985	3386	0	0	195	3191	2367	824
SUPV11	MV	37985	10607	0	3	600	10004	6930	3074
SUPV11	TO	37985	13993	0	3	795	13195	9297	3898
NEIG1	ED	20194	1583	0	0	102	1481	1102	379
NEIG1	MV	20194	4617	0	3	289	4325	3099	1226
NEIG1	TO	20194	6200	0	3	391	5806	4201	1605
NEIG2	ED	18045	1697	0	0	108	1589	1297	292
NEIG2	MV	18045	5028	0	3	423	4602	3501	1101
NEIG2	TO	18045	6725	0	3	531	6191	4798	1393
NEIG3	ED	27613	2634	0	0	167	2467	2025	442
NEIG3	MV	27613	7171	0	2	518	6651	5231	1420
NEIG3	TO	27613	9805	0	2	685	9118	7256	1862
NEIG4	ED	7735	1165	0	0	72	1093	877	216
NEIG4	MV	7735	2833	0	1	132	2700	2212	488
NEIG4	TO	7735	3998	0	1	204	3793	3089	704
NEIG5	ED	28067	2430	0	0	136	2294	1686	608
NEIG5	MV	28067	7906	0	3	436	7467	5168	2299
NEIG5	TO	28067	10336	0	3	572	9761	6854	2907
NEIG6	ED	15102	2841	0	0	168	2673	2351	322
NEIG6	MV	15102	4922	0	1	253	4668	4111	557
NEIG6	TO	15102	7763	0	1	421	7341	6462	879
NEIG7	ED	13133	1290	0	0	75	1215	933	282
NEIG7	MV	13133	3594	0	0	211	3383	2379	1004
NEIG7	TO	13133	4884	0	0	286	4598	3312	1286
NEIG8	ED	9501	1633	0	1	83	1549	1337	212
NEIG8	MV	9501	3045	0	1	174	2870	2464	406
NEIG8	TO	9501	4678	0	2	257	4419	3801	618
NEIG9	ED	8190	825	0	0	51	774	572	202
NEIG9	MV	8190	2163	0	0	121	2042	1454	588
NEIG9	TO	8190	2988	0	0	172	2816	2026	790
NEIG10	ED	10551	1396	0	0	76	1320	1074	246
NEIG10	MV	10551	3053	0	0	180	2873	2314	559
NEIG10	TO	10551	4449	0	0	256	4193	3388	805
NEIG11	ED	41063	4206	0	0	281	3925	3069	856
NEIG11	MV	41063	11339	0	1	748	10590	8105	2485
NEIG11	TO	41063	15545	0	1	1029	14515	11174	3341
NEIG12	ED	32113	4830	0	1	243	4586	4022	564
NEIG12	MV	32113	8757	0	2	417	8338	7122	1216
NEIG12	TO	32113	13587	0	3	660	12924	11144	1780
NEIG13	ED	15730	2488	0	1	114	2373	1995	378
NEIG13	MV	15730	5503	0	1	296	5206	4338	868
NEIG13	TO	15730	7991	0	2	410	7579	6333	1246
NEIG14	ED	9293	1671	0	0	73	1598	1405	193
NEIG14	MV	9293	3070	0	0	126	2944	2575	369
NEIG14	TO	9293	4741	0	0	199	4542	3980	562
NEIG15	ED	5953	702	0	0	37	665	554	111
NEIG15	MV	5953	1840	0	0	114	1726	1294	432
NEIG15	TO	5953	2542	0	0	151	2391	1848	543
NEIG26	ED	9927	809	0	1	45	763	574	189
NEIG26	MV	9927	2925	0	2	193	2730	1839	891
NEIG26	TO	9927	3734	0	3	238	3493	2413	1080
NEIG16	ED	16717	1710	0	0	91	1619	1365	254
NEIG16	MV	16717	4958	0	2	282	4674	3878	796
NEIG16	TO	16717	6668	0	2	373	6293	5243	1050
NEIG17	ED	37882	4924	0	1	293	4630	3628	1002
NEIG17	MV	37882	11288	0	2	693	10593	7915	2678
NEIG17	TO	37882	16212	0	3	986	15223	11543	3680
NEIG18	ED	6193	810	0	0	47	763	577	186
NEIG18	MV	6193	2004	0	0	130	1874	1400	474
NEIG18	TO	6193	2814	0	0	177	2637	1977	660
NEIG19	ED	7872	1105	0	0	68	1037	879	158
NEIG19	MV	7872	2488	0	1	128	2359	1939	420
NEIG19	TO	7872	3593	0	1	196	3396	2818	578
NEIG20	ED	24361	1795	0	1	124	1670	1322	348
NEIG20	MV	24361	6405	0	1	397	6007	4697	1310
NEIG20	TO	24361	8200	0	2	521	7677	6019	1658
NEIG21	ED	42750	4924	0	1	292	4631	3471	1160
NEIG21	MV	42750	12903	0	2	833	12068	8464	3604
NEIG21	TO	42750	17827	0	3	1125	16699	11935	4764
NEIG22	ED	19329	3076	0	0	127	2949	2563	386
NEIG22	MV	19329	7010	0	0	362	6648	5638	1010
NEIG22	TO	19329	10086	0	0	489	9597	8201	1396
NEIG23	ED	7912	488	0	0	31	457	314	143
NEIG23	MV	7912	1962	0	0	124	1838	1194	644
NEIG23	TO	7912	2450	0	0	155	2295	1508	787
NEIG24	ED	33087	4577	0	0	232	4345	3264	1081
NEIG24	MV	33087	11862	0	0	613	11249	8200	3049
NEIG24	TO	33087	16439	0	0	845	15594	11464	4130
NEIG25	ED	26737	3805	0	0	257	3548	3073	475
NEIG25	MV	26737	8280	0	0	488	7792	6596	1196
NEIG25	TO	26737	12085	0	0	745	11340	9669	1671
